0.000291277043 0.000566189759 0.0
0.000271482073 0.000465298101 0.0
-0.000711807166 0.000501164061 0.0
-0.000626199588 0.000485560275 0.0
-0.000653123774 0.000557262159 0.0
0.000666585576 0.000485560275 0.0
0.000580977998 0.000501164061 0.0
-0.000805800606 0.000830201316 0.0
-0.000826703326 0.000732651912 0.0
-0.000737924536 0.0007685296 0.0
0.000148599691 -5.31542973e-05 0.0
0.000169502382 4.43951394e-05 0.0
-0.000504217343 0.000789550482 0.0
-0.000521145295 0.000727445527 0.0
-0.000435596099 0.000744369288 0.0
0.000454157736 -5.83606452e-05 0.0
0.000471085659 3.74429692e-06 0.0
0.00107900647 0.000129536362 0.0
0.00105804857 3.5136909e-05 0.0
0.000363314175 0.000704572944 0.0
0.000302417058 0.000716602197 0.0
0.000312433403 0.000625242363 0.0
-0.000990368193 0.000716602197 0.0
-0.000929471047 0.000704572944 0.0
-0.000454227731 0.000685187289 0.0
-0.000476209214 0.000570879958 0.0
4.63372889e-05 0.000700049219 0.0
2.72968646e-05 0.000601483858 0.0
0.000360240723 0.000309469207 0.0
0.000339583319 0.000213351974 0.0
-0.000131210603 0.000106136817 0.0
-6.42692103e-05 9.63890998e-05 0.0
-7.88338803e-05 0.000197432411 0.0
0.00122851599 9.63890998e-05 0.0
0.00116157462 0.000106136817 0.0
-0.000287413917 0.000410331209 0.0
-0.00030776512 0.000279769185 0.0
0.00014375108 0.000231405618 0.0
0.000121985824 0.000135144903 0.0
0.000234290565 0.000383757229 0.0
0.000215002467 0.000298305327 0.0
0.000618672057 0.00045037875 0.0
0.000597198028 0.00036117126 0.0
-0.000162570941 0.000504128169 0.0
-0.000183197306 0.000394411647 0.0
0.000651232898 0.00033208754 0.0
0.000628589594 0.00023940859 0.0
-0.000975303003 0.000785806216 0.0
0.0 0.0 0.0
0.00129278516 0.0 0.0
0.00031748219 0.000785806216 0.0
0.000277457555 0.000567018869 0.0
0.000263924187 0.000564449816 0.0
0.000251116144 0.000558997388 0.0
0.000240020046 0.000550477358 0.0
0.000231603146 0.000539263594 0.0
0.000226589444 0.000525846321 0.0
0.000226194665 0.000511945749 0.0
0.000229504658 0.000498625333 0.0
0.000236014559 0.000486442295 0.0
0.000245781936 0.000476257585 0.0
0.00025788456 0.000469168765 0.0
0.000285535032 0.000464789046 0.0
0.00029961206 0.000467422738 0.0
0.000312582299 0.000473348482 0.0
0.000323900429 0.000482199684 0.0
0.000332484662 0.000493929198 0.0
0.000337837817 0.000507617835 0.0
0.000338385405 0.000522134709 0.0
0.000334593235 0.000535650062 0.0
0.000327114598 0.000547236588 0.0
0.000316857419 0.000556460698 0.0
0.000304540154 0.000562888221 0.0
-0.000618752907 0.000494776585 0.0
-0.000614723191 0.00050667196 0.0
-0.00061499892 0.000518390792 0.0
-0.000618113379 0.000529367768 0.0
-0.000623963715 0.000539266679 0.0
-0.000631982111 0.000547407661 0.0
-0.000641944353 0.000553722959 0.0
-0.000665027299 0.000557902211 0.0
-0.00067665003 0.000555700099 0.0
-0.000687704189 0.000551401288 0.0
-0.00069791032 0.000544613868 0.0
-0.000706107123 0.000535464438 0.0
-0.000711921894 0.000524501316 0.0
-0.000713650545 0.000512396917 0.0
0.000585981994 0.000490558275 0.0
0.000593512144 0.000481583033 0.0
0.000602772983 0.000474264962 0.0
0.000613481214 0.000469252991 0.0
0.000625261106 0.000466345955 0.0
0.000637187622 0.000466497731 0.0
0.00064846623 0.000470384315 0.0
0.000658386212 0.000477102352 0.0
-0.000814654049 0.00072691642 0.0
-0.000801395799 0.000724151614 0.0
-0.000787722354 0.000724872109 0.0
-0.000774559448 0.000728498271 0.0
-0.000762212963 0.000734826375 0.0
-0.000751161308 0.000743712648 0.0
-0.000742513395 0.000755127519 0.0
-0.000737334311 0.000782118412 0.0
-0.000740603544 0.000794919964 0.0
-0.00074677699 0.000806515629 0.0
-0.000755605346 0.00081624731 0.0
-0.000766524696 0.000824045332 0.0
-0.000779214199 0.000828864228 0.0
-0.00079240452 0.000830665522 0.0
0.000156376525 4.11004912e-05 0.0
0.000144270452 3.51755298e-05 0.0
0.000134048503 2.63876391e-05 0.0
0.000125963372 1.56396254e-05 0.0
0.000121609468 2.6586124e-06 0.0
0.000121148048 -1.04952487e-05 0.0
0.000124006794 -2.31461345e-05 0.0
0.000129864813 -3.49025504e-05 0.0
0.00013810111 -4.50828666e-05 0.0
-0.000512954721 0.000719113275 0.0
-0.000502845331 0.000713218993 0.0
-0.000491702929 0.000709871587 0.0
-0.000480105606 0.000708864187 0.0
-0.000468177081 0.000710050866 0.0
-0.000457235787 0.000715262198 0.0
-0.000448137143 0.000723250734 0.0
-0.000440889096 0.000733024674 0.0
-0.000433801935 0.000756337016 0.0
-0.000436028873 0.000767962774 0.0
-0.00044136247 0.00077813532 0.0
-0.000449462561 0.000786336081 0.0
-0.000459586707 0.000791987404 0.0
-0.000470749248 0.000794909371 0.0
-0.000482371397 0.000795190106 0.0
-0.000493532803 0.000793312618 0.0
0.000460708747 -3.00877377e-06 0.0
0.000452129956 -1.21613812e-05 0.0
0.000446931139 -2.33799583e-05 0.0
0.000445577083 -3.57776698e-05 0.0
0.000448393286 -4.76883397e-05 0.0
0.00106544257 0.000129849504 0.0
0.00105233362 0.000126421175 0.0
0.00104042666 0.000120380966 0.0
0.00102906185 0.000112488444 0.0
0.00102014118 0.000101816899 0.0
0.00101575418 8.89892544e-05 0.0
0.00101570354 7.68132595e-05 0.0
0.00101910322 6.48606219e-05 0.0
0.00102561095 5.41994668e-05 0.0
0.00103458622 4.53440734e-05 0.0
0.00104566407 3.88798144e-05 0.0
0.00107103446 3.45103217e-05 0.0
0.00108391128 3.63594263e-05 0.0
0.00109625596 4.10539324e-05 0.0
0.00110699295 4.87453144e-05 0.0
0.00111509091 5.93317964e-05 0.0
0.00111927255 7.15829374e-05 0.0
0.0011198615 8.42800946e-05 0.0
0.00111717195 9.66663138e-05 0.0
0.001111335 0.000108301872 0.0
0.00110262225 0.000118086551 0.0
0.00109170109 0.000125311111 0.0
0.000291150587 0.000710479333 0.0
0.000281488581 0.000701987476 0.0
0.000274370308 0.000691490655 0.0
0.000270930497 0.000679353834 0.0
0.000270961929 0.000667044544 0.0
0.000273957587 0.000654845673 0.0
0.000280191918 0.000643470848 0.0
0.000289159216 0.000634421944 0.0
0.000300214742 0.000628285285 0.0
0.000324887893 0.000624822685 0.0
0.000337169738 0.000626853202 0.0
0.000349107344 0.000631179078 0.0
0.000360124162 0.000638255442 0.0
0.000368758105 0.000647643406 0.0
0.000375087722 0.000659048499 0.0
0.000377370947 0.000671787595 0.0
0.000375597854 0.000683796534 0.0
0.000370754598 0.000694979564 0.0
-0.000937671983 0.000711617991 0.0
-0.000947078224 0.000716850511 0.0
-0.000957442215 0.000720362528 0.0
-0.000968610868 0.00072154589 0.0
-0.000979715027 0.0007200049 0.0
-0.000468789134 0.000686086714 0.0
-0.000483076437 0.000684236933 0.0
-0.000496450346 0.000678659126 0.0
-0.000507500372 0.000669687637 0.0
-0.000516490953 0.000658511301 0.0
-0.000523801718 0.000645497406 0.0
-0.000526926713 0.000630886934 0.0
-0.000525548938 0.000616544508 0.0
-0.000520698319 0.000603320776 0.0
-0.000512642961 0.000591810036 0.0
-0.000502376701 0.000582263165 0.0
-0.000490043603 0.000574908045 0.0
-0.000461691612 0.00057017291 0.0
-0.000447412924 0.000573077705 0.0
-0.000434053538 0.000578614534 0.0
-0.000421705103 0.000586851442 0.0
-0.000411566463 0.000597934588 0.0
-0.000404676335 0.000611278287 0.0
-0.00040273476 0.000625375018 0.0
-0.000404318271 0.000639293983 0.0
-0.000409106433 0.00065262476 0.0
-0.00041705175 0.000664572464 0.0
-0.000427604275 0.000674381619 0.0
-0.000440231262 0.000681309612 0.0
3.14136632e-05 0.000699641299 0.0
1.69540399e-05 0.00069623458 0.0
3.36333414e-06 0.000689368113 0.0
-7.98499241e-06 0.000679147546 0.0
-1.56550741e-05 0.000665858621 0.0
-1.85658701e-05 0.000650976901 0.0
-1.67115686e-05 0.000636273762 0.0
-1.03196007e-05 0.000623030995 0.0
-3.55440818e-07 0.000612242729 0.0
1.26333271e-05 0.000604853034 0.0
4.23251586e-05 0.000602244749 0.0
5.63955e-05 0.000605932262 0.0
6.94454866e-05 0.000612654607 0.0
8.09850244e-05 0.000622002524 0.0
8.8869434e-05 0.000635034463 0.0
9.13339463e-05 0.000649420253 0.0
8.9362351e-05 0.000663655228 0.0
8.36842737e-05 0.000677099801 0.0
7.38000745e-05 0.000688614906 0.0
6.09758463e-05 0.000696396979 0.0
0.000347247085 0.000309608033 0.0
0.000334305718 0.000306715927 0.0
0.000322608714 0.000301474734 0.0
0.000311478536 0.000293536548 0.0
0.000303841894 0.000282935915 0.0
0.000300073734 0.000270753982 0.0
0.000299267267 0.000257822248 0.0
0.000301332417 0.000244654511 0.0
0.000306992006 0.000233055209 0.0
0.000315829209 0.000223558163 0.0
0.000326966197 0.000216764427 0.0
0.000352663366 0.000213557476 0.0
0.000365307438 0.000216960208 0.0
0.000376658456 0.000222929433 0.0
0.000386679632 0.000230938749 0.0
0.000394972623 0.000240949783 0.0
0.000400457007 0.00025284104 0.0
0.000401708734 0.00026597557 0.0
0.000399018638 0.000278696301 0.0
0.000392970658 0.000290103519 0.0
0.000384000508 0.000299316802 0.0
0.000372864102 0.000305956433 0.0
-5.21290858e-05 0.000103974613 0.0
-4.15491268e-05 0.000113474394 0.0
-3.40886945e-05 0.000125644816 0.0
-3.08962008e-05 0.000139169337 0.0
-3.16030055e-05 0.000152625551 0.0
-3.57490026e-05 0.000165473175 0.0
-4.27554223e-05 0.000177223075 0.0
-5.27496341e-05 0.000187246987 0.0
-6.51222945e-05 0.0001940847 0.0
-9.29172966e-05 0.000197380476 0.0
-0.00010651919 0.000194391076 0.0
-0.000119386044 0.000189308223 0.0
-0.000130936154 0.000181558149 0.0
-0.00013999881 0.00017059462 0.0
-0.00014503648 0.000157711853 0.0
-0.000146742372 0.000143983081 0.0
-0.000144953112 0.00013007113 0.0
-0.000139667405 0.000117171236 0.0
0.00117278052 9.73369679e-05 0.0
0.00118583348 9.13396652e-05 0.0
0.00120039785 8.9135523e-05 0.0
0.00121496152 9.10385716e-05 0.0
-0.000305470487 0.000410120992 0.0
-0.000322923821 0.000405205792 0.0
-0.000338668295 0.000396787131 0.0
-0.000352799194 0.000385053165 0.0
-0.00036347282 0.00037011216 0.0
-0.000368850277 0.000352699426 0.0
-0.000368521985 0.000335049815 0.0
-0.000363335828 0.000318496837 0.0
-0.00035401163 0.000303737557 0.0
-0.000341039879 0.000291901408 0.0
-0.000325176428 0.000283668109 0.0
-0.00029017395 0.000280201202 0.0
-0.000273201003 0.000284062815 0.0
-0.000257241627 0.00029143042 0.0
-0.000243788963 0.000302751898 0.0
-0.000234199761 0.000317370985 0.0
-0.000229358178 0.00033407117 0.0
-0.000229134894 0.000351523835 0.0
-0.000233633691 0.000368614448 0.0
-0.00024247641 0.000383897743 0.0
-0.000255042658 0.000396326068 0.0
-0.000270319259 0.000405367027 0.0
0.00013036473 0.000231468672 0.0
0.000117509342 0.000228027246 0.0
0.000105763713 0.000222460832 0.0
9.52524206e-05 0.00021460322 0.0
8.68087736e-05 0.00020441685 0.0
8.13852384e-05 0.000192199732 0.0
7.99853224e-05 0.000178988776 0.0
8.25098759e-05 0.000166072961 0.0
8.86008711e-05 0.000154541485 0.0
9.76477968e-05 0.000145054626 0.0
0.0001091882 0.000138436619 0.0
0.000135114475 0.000135313589 0.0
0.000147616636 0.000138107556 0.0
0.00015936463 0.000143128738 0.0
0.000170243467 0.000150795633 0.0
0.000178640155 0.000161189135 0.0
0.000183516211 0.000173310575 0.0
0.000184866542 0.0001862012 0.0
0.000182189047 0.000198867725 0.0
0.000176319925 0.000210430502 0.0
0.000167706428 0.000220295275 0.0
0.000156626338 0.00022763529 0.0
0.000221430557 0.000384201412 0.0
0.000208617857 0.000381614256 0.0
0.000196473164 0.00037593962 0.0
0.000186323465 0.000367128639 0.0
0.000178922404 0.000355663797 0.0
0.000175657216 0.000342609332 0.0
0.000176622882 0.000329300092 0.0
0.000181971976 0.000317411585 0.0
0.00019085157 0.000307795097 0.0
0.000202178795 0.000301273074 0.0
0.000228088014 0.000298796804 0.0
0.000240589594 0.000301725289 0.0
0.000252446858 0.000306578149 0.0
0.000262566085 0.000314863457 0.0
0.000268549979 0.000325784989 0.0
0.000270884833 0.000338170794 0.0
0.000270122575 0.000351102208 0.0
0.000265867042 0.000363355211 0.0
0.000257495325 0.000373175251 0.0
0.000246667943 0.000380068203 0.0
0.000606470625 0.000451802218 0.0
0.000593941309 0.000449650339 0.0
0.000582721201 0.000444003119 0.0
0.00057281612 0.000435832597 0.0
0.000564561051 0.00042609431 0.0
0.000558783708 0.000414019974 0.0
0.000557324092 0.000401464175 0.0
0.000560266199 0.000389351713 0.0
0.000566554139 0.000379019795 0.0
0.000575245766 0.000370711699 0.0
0.00058581715 0.000364646403 0.0
0.000609262439 0.000359662256 0.0
0.00062201632 0.000360576145 0.0
0.000633257034 0.000365234009 0.0
0.000642616011 0.000373340969 0.0
0.000649460708 0.000383754901 0.0
0.000654287869 0.000395513343 0.0
0.000656438351 0.000407693587 0.0
0.000654792122 0.000420173601 0.0
0.000649331196 0.000431262364 0.0
0.00064078765 0.000440072035 0.0
0.000630251423 0.000446536578 0.0
-0.000177679263 0.000503402494 0.0
-0.000192118314 0.000500070513 0.0
-0.00020545609 0.000493985077 0.0
-0.000217760782 0.000485315424 0.0
-0.000226788092 0.000473269261 0.0
-0.000231380705 0.000459184288 0.0
-0.000231501748 0.000444699632 0.0
-0.000227764889 0.000430682907 0.0
-0.000220645146 0.00041777367 0.0
-0.000210514147 0.000406975567 0.0
-0.000197830945 0.000398901379 0.0
-0.000167914797 0.000394314702 0.0
-0.000153018569 0.000398282631 0.0
-0.000139424039 0.000405421713 0.0
-0.000127176303 0.00041441698 0.0
-0.000117494266 0.000426594459 0.0
-0.000112042784 0.000441353477 0.0
-0.000111638838 0.000456590962 0.0
-0.000115420051 0.000471070962 0.0
-0.000123019039 0.000483993761 0.0
-0.000134165777 0.000494213193 0.0
-0.000147644125 0.000501091883 0.0
0.000639448175 0.000333709177 0.0
0.000627340109 0.000333069474 0.0
0.000616007601 0.000329255505 0.0
0.000606316375 0.00032243476 0.0
0.000598680461 0.000313184602 0.0
0.000593097182 0.000302216067 0.0
0.000589266128 0.000290390366 0.0
0.000588669383 0.000278129941 0.0
0.000591891469 0.000266458403 0.0
0.000598006241 0.000256239582 0.0
0.00060675462 0.000248254539 0.0
0.000617014884 0.000242554583 0.0
0.00064074347 0.000238961409 0.0
0.000652763469 0.000241460206 0.0
0.000663890445 0.000246013282 0.0
0.000673991104 0.000252236059 0.0
0.000683756545 0.000260508095 0.0
0.000689946639 0.000271693803 0.0
0.000692388508 0.000283206638 0.0
0.00069128687 0.000294457452 0.0
0.00068736705 0.000305157184 0.0
0.000681064557 0.000314644509 0.0
0.000672607566 0.000322691485 0.0
0.00066243764 0.000328549882 0.0
-0.000953292241 0.000756924041 0.0
-0.000954092946 0.000730958651 0.0
-0.000633419433 0.000437871873 0.0
-0.000615412078 0.000417246076 0.0
-0.000531009748 0.000390822242 0.0
-0.000439156225 0.000366871303 0.0
-0.000386172062 0.000344716595 0.0
-0.000365564134 0.000314586912 0.0
-0.000348326052 0.000286710565 0.0
-0.000321208034 0.000244041017 0.0
-0.000274367747 0.000200268565 0.0
-0.000213274092 0.000154196794 0.0
-0.000115481627 0.000104901206 0.0
-0.00010552055 8.60122018e-05 0.0
-7.18705342e-05 5.92316392e-05 0.0
-3.39138533e-05 2.95965674e-05 0.0
6.22469161e-05 -1.44681389e-05 0.0
0.000269793061 1.08215681e-05 0.0
0.000345868146 -1.13404876e-05 0.0
0.000568219635 -1.13230581e-05 0.0
0.000655487413 -4.96463035e-05 0.0
0.000736160437 -7.13369809e-05 0.0
0.000812411192 -8.20295318e-05 0.0
0.00088040618 -8.5846259e-05 0.0
0.000921479543 -8.0421305e-05 0.0
0.000952942821 -6.19854763e-05 0.0
0.00099547056 -4.54529763e-05 0.0
0.00104798947 -3.89001762e-05 0.0
0.00109671429 -3.36161793e-05 0.0
0.00113409536 -1.48342451e-05 0.0
0.00115465827 5.1224979e-06 0.0
0.00116672309 1.09446828e-05 0.0
0.00117409276 6.40923054e-06 0.0
0.0011940616 5.43957594e-06 0.0
0.001235615 6.32801903e-06 0.0
0.0012588714 2.95965674e-05 0.0
0.00122091465 5.92316392e-05 0.0
0.00118726469 8.60122018e-05 0.0
0.00117730361 0.000104901206 0.0
0.00107951113 0.000154196794 0.0
0.00101841742 0.000200268565 0.0
0.00097157713 0.000244041017 0.0
0.000944459171 0.000286710565 0.0
0.000927221088 0.000314586912 0.0
0.000906613132 0.000344716595 0.0
0.000853628968 0.000366871303 0.0
0.000761775416 0.000390822242 0.0
0.000677373086 0.000417246076 0.0
0.000659365789 0.000437871873 0.0
0.000338692276 0.000730958651 0.0
0.000339492923 0.000756924041 0.0
0.000260312023 0.000792134204 0.0
0.000218758651 0.00079124578 0.0
0.000198789814 0.000792215404 0.0
0.00019142004 0.000796750886 0.0
0.000179355295 0.000790928723 0.0
0.000158792405 0.000770971936 0.0
0.000121411329 0.000752190012 0.0
7.26864673e-05 0.000746906037 0.0
2.01675866e-05 0.000740353251 0.0
-2.23601546e-05 0.000723820704 0.0
-5.38234526e-05 0.000705384882 0.0
-9.48968154e-05 0.000699959928 0.0
-0.000162891782 0.000703776663 0.0
-0.000239142566 0.000714469235 0.0
-0.00031981559 0.000736159913 0.0
-0.000407083367 0.000774483138 0.0
-0.000629434828 0.000774465734 0.0
-0.000705509912 0.000796627777 0.0
-0.000913056079 0.000771338062 0.0
-8.26286414e-05 0.000563611975 0.0
0.000730241649 0.000112955007 0.0
-8.88922295e-05 0.000633268675 0.0
0.000619198894 8.48308046e-05 0.0
-0.000168391474 0.000544818176 0.0
7.74160872e-05 0.000476387155 0.0
-0.000246737065 0.000652104267 0.0
0.00046533125 0.00011306494 0.0
0.000612490519 0.000458906899 0.0
0.000671367045 0.000185431301 0.0
0.000416281167 0.000373767049 0.0
-0.000412438181 0.000490329461 0.0
0.00093980215 0.000199306131 0.0
0.000116753334 0.000312023418 0.0
0.000823984563 0.000286701135 0.0
0.000902285392 3.75663585e-05 0.0
3.2373795e-05 0.000552054436 0.0
0.00034910778 0.000120720011 0.0
-9.29467933e-05 0.000312335265 0.0
-0.000802917988 0.000651221955 0.0
0.000278722553 0.000314342731 0.0
-2.45170486e-05 0.000457292539 0.0
-0.000207859732 0.000598941988 0.0
0.000826701464 0.000132777073 0.0
0.00043330749 0.000522720336 0.0
0.000601497886 0.000167256439 0.0
0.000751378713 2.07290559e-05 0.0
5.30117577e-05 0.000563935493 0.0
-0.00067047216 0.000635047152 0.0
0.000577985542 4.30379368e-05 0.0
-1.84482633e-05 0.000304016721 0.0
-9.47564622e-05 0.000249357632 0.0
-0.000137429437 0.000700773089 0.0
0.00050994585 0.000149939777 0.0
0.000189656188 0.000447094586 0.0
0.000151347209 0.000331089221 0.0
-9.87722888e-05 0.000279566448 0.0
-0.000229366269 0.000693424314 0.0
0.000110763809 0.000508794736 0.0
-0.000256865256 0.000566237781 0.0
0.000324698602 0.000400339573 0.0
-0.000113009461 0.000484404096 0.0
-0.000122465703 0.000613625627 0.0
0.000292399083 5.8763304e-05 0.0
-7.77573732e-05 0.000523575582 0.0
0.000789794605 0.000181783005 0.0
0.000321431988 9.09182709e-05 0.0
0.000814290601 0.00034553287 0.0
0.000386158586 0.000156642389 0.0
-0.00045243054 0.000464171724 0.0
-0.000364144158 0.000678053126 0.0
-0.000494501146 0.000538753869 0.0
0.000847068382 6.30821114e-06 0.0
0.0004076396 0.000322988868 0.0
0.000588606636 0.000237356639 0.0
1.03326902e-05 4.14035239e-05 0.0
0.000291508826 0.000282986555 0.0
-0.000321029685 0.00043967471 0.0
0.000993462163 1.44921769e-05 0.0
0.000917226891 0.000230410442 0.0
0.000544455019 0.00016808974 0.0
0.000687723223 3.96359383e-06 0.0
2.27601122e-05 0.000351546332 0.0
0.000167500213 0.000254504732 0.0
0.000808958081 0.000250071549 0.0
0.000674293959 9.4933428e-05 0.0
0.000309327675 0.000193806511 0.0
0.000222943258 7.63339704e-05 0.0
0.000137594674 0.000686794345 0.0
0.000730265689 0.00034102393 0.0
0.00030397877 8.17209366e-05 0.0
-0.000273969781 0.00059844926 0.0
0.00104404357 0.000153042653 0.0
0.000923195272 8.52063386e-05 0.0
-0.000348081667 0.000499622023 0.0
0.000882323715 0.000184023811 0.0
0.000571411918 0.000212852494 0.0
-2.5862053e-05 0.000623223081 0.0
-0.000605620968 0.000588077994 0.0
-0.0003179833 0.000643568521 0.0
0.000459056755 0.000424656959 0.0
1.11870577e-05 0.000521776674 0.0
-0.00023392358 0.000212470608 0.0
0.000527585158 0.000358531805 0.0
0.000424186728 7.83508513e-05 0.0
0.000215672757 0.000632033392 0.0
7.65502409e-05 0.000429042411 0.0
-0.000838659296 0.00069405156 0.0
0.000500309223 0.000554388273 0.0
0.00035773922 0.000572224497 0.0
0.000518935209 5.28488818e-05 0.0
0.000234464416 0.000430226239 0.0
7.07030631e-05 0.000105219573 0.0
0.000160273208 0.000479673181 0.0
-0.000164639117 0.000372761278 0.0
0.000274300459 0.000410706882 0.0
-1.20970726e-05 0.000397291296 0.0
-0.000177146474 0.000605997106 0.0
0.000687592546 0.000148233725 0.0
0.00011213289 0.00053096842 0.0
8.28933844e-05 0.000285749702 0.0
0.000450797961 0.000175526904 0.0
0.000597575097 0.000448777806 0.0
8.98860817e-05 0.000360765902 0.0
-0.000822560396 0.000619228929 0.0
0.000529355602 0.000489027938 0.0
0.000207766672 0.000269205077 0.0
0.000669259054 0.000205008619 0.0
0.00011539799 0.000556172279 0.0
0.00115575758 0.000101606056 0.0
0.000835128012 8.70889344e-05 0.0
-0.00057792326 0.000716117851 0.0
-0.000630694791 0.000667703978 0.0
-0.000734840462 0.000675800315 0.0
-0.000714813126 0.000609916577 0.0
-0.000300711021 0.000690190936 0.0
-2.18492223e-05 0.000267406169 0.0
-9.56572512e-06 0.000586117094 0.0
0.000630920578 0.000469325576 0.0
0.000425153703 0.000476227317 0.0
-0.000492481515 0.000500453461 0.0
-0.000148945575 0.000263040449 0.0
0.000127500491 0.000373340677 0.0
-0.000126881569 0.000559815555 0.0
0.00101330539 0.00017521609 0.0
0.000338976912 0.000358395337 0.0
0.000394962175 0.000320717256 0.0
-0.000236019972 0.000725277583 0.0
-0.000156427952 0.000723409466 0.0
0.000621610088 0.000461888267 0.0
0.000281071523 0.000305505557 0.0
-4.74721855e-05 0.000572058721 0.0
-0.000183683616 0.000528495351 0.0
0.000898375642 0.000279935542 0.0
-8.30295248e-05 0.00034950042 0.0
-1.61201169e-05 0.000487172802 0.0
0.000125083767 0.000518213608 0.0
-0.000157765593 0.000331973075 0.0
0.000749358558 0.000291159871 0.0
-0.000316289079 0.000705268059 0.0
0.000943610095 -3.17060039e-06 0.0
0.000875628961 0.000144844249 0.0
0.000373926654 0.000433209731 0.0
-3.1794174e-05 0.000247773743 0.0
0.000782034069 5.07320729e-05 0.0
0.00027512596 0.000157204515 0.0
-4.61061354e-05 0.000194107706 0.0
0.00082687079 0.00019803895 0.0
0.000980518642 4.93324806e-05 0.0
0.000560035813 9.72164053e-05 0.0
0.00113010721 0.000120191384 0.0
0.000659075798 -1.38586911e-05 0.0
0.000732537475 0.000155382513 0.0
0.000835237268 0.000368101581 0.0
0.000387084146 6.25882531e-05 0.0
0.000394134229 0.000303562323 0.0
-0.000147928717 0.000301390653 0.0
-0.000433326844 0.000537490472 0.0
0.000180269039 9.70754991e-05 0.0
-5.35124018e-05 0.000236621083 0.0
-0.000647864246 0.000762927346 0.0
-0.000296901475 0.000552986807 0.0
-0.000310356932 0.000458864961 0.0
-9.78634489e-05 0.000498372712 0.0
0.00118372077 6.43892563e-05 0.0
4.53669163e-05 0.000405195402 0.0
0.00017465424 0.000711626257 0.0
-0.000487993675 0.000440582138 0.0
-5.1489591e-05 0.000684996252 0.0
0.000268699805 0.000611507916 0.0
5.29127501e-05 0.000265270326 0.0
-0.000211962979 0.000170392144 0.0
0.000314095261 0.000592313241 0.0
-0.000864820264 0.000717768911 0.0
-0.000334816199 0.000631883973 0.0
0.000527556927 0.000215575652 0.0
3.2037653e-05 0.000533871877 0.0
0.000988016371 0.000165359437 0.0
-0.000186403355 0.000652423769 0.0
0.000274547318 3.74808405e-05 0.0
-0.000522945949 0.000560147979 0.0
-0.000887447502 0.000720442331 0.0
0.000141889977 0.000417878298 0.0
2.62226331e-05 1.55139096e-05 0.0
-0.000422621932 0.000700291479 0.0
0.000120849676 9.78659882e-05 0.0
-0.000894272409 0.000738512084 0.0
0.0004139636 0.000575527782 0.0
6.35609176e-05 0.000709350803 0.0
-0.000589768926 0.000562972215 0.0
0.000817665015 -2.52258196e-05 0.0
-0.000474002067 0.000701577053 0.0
0.000813415099 0.000225846554 0.0
-0.00055222353 0.000437824143 0.0
0.00073988142 0.000365467771 0.0
5.33577149e-05 0.0005843658 0.0
0.000362228981 0.000536382489 0.0
0.000483983051 0.000328440976 0.0
-0.000859812601 0.00066745776 0.0
-0.000373013783 0.000435789349 0.0
-0.000203279633 0.000575343904 0.0
0.000606908696 0.000126764862 0.0
0.00105334551 -5.85750229e-07 0.0
0.000295304955 0.000316884281 0.0
0.000682958809 5.19418027e-05 0.0
-0.000154386056 0.000681799487 0.0
-0.000667346118 0.000589059258 0.0
0.000227584329 0.000282412104 0.0
-0.000326568348 0.000518989575 0.0
0.000558216707 2.01626517e-05 0.0
-0.000262027082 0.00068502652 0.0
0.000765410601 -2.85711867e-05 0.0
-6.36770201e-05 0.000412201218 0.0
0.000567623647 0.000262648449 0.0
-0.000784346601 0.000691686699 0.0
0.000526864431 0.000379976904 0.0
-6.13182492e-05 0.000598222832 0.0
0.000514945132 8.76951817e-05 0.0
0.000623375468 4.45921687e-05 0.0
0.000667224405 0.000131411463 0.0
0.000408343622 0.000120857796 0.0
-0.000207500882 0.000230449092 0.0
-0.000318347971 0.000606030109 0.0
-0.000750248553 0.000600257423 0.0
0.000166929793 0.000652532151 0.0
0.000542397902 0.000242732625 0.0
0.000732763147 0.000173195571 0.0
-4.50759107e-05 6.65115076e-05 0.0
-0.000173302469 0.000258909655 0.0
0.000301625027 0.00074210891 0.0
-0.000592134951 0.000619605125 0.0
0.000150523221 0.00052512245 0.0
0.000228784018 0.000462782802 0.0
0.00109996402 0.000117816278 0.0
0.000406269741 0.000323343498 0.0
-0.00038165861 0.000662515173 0.0
0.000561816618 0.0001313127 0.0
-0.00019687711 0.000724614831 0.0
-4.33917157e-05 0.000364802603 0.0
5.2419673e-05 4.26532824e-05 0.0
-9.31397153e-05 0.000446184189 0.0
0.000290554046 0.000289834308 0.0
0.000922809995 0.000108960427 0.0
-0.000871454133 0.00072179432 0.0
0.000356817647 1.8154451e-05 0.0
0.000264992617 0.000277096551 0.0
-0.000595969264 0.000741727417 0.0
0.000847841555 5.15902429e-05 0.0
-3.04167806e-05 0.000610559189 0.0
0.000220708593 4.36201335e-05 0.0
0.000173400389 0.000600587169 0.0
0.000460777897 0.000202390453 0.0
0.000781153271 0.000117375326 0.0
0.00082856504 0.000191395302 0.0
-0.000521433831 0.000697052979 0.0
1.78716164e-05 0.000395182462 0.0
-4.30116597e-05 0.000648745918 0.0
0.000325531902 0.000440339267 0.0
0.000150270163 8.69541254e-05 0.0
-0.000284688111 0.000408925873 0.0
-2.91361794e-05 0.000696448027 0.0
2.34808158e-05 0.000174188084 0.0
0.000904173532 -2.55970317e-05 0.0
0.000510411744 0.000576031918 0.0
0.00047988657 0.000446127233 0.0
0.000582187029 0.00033843983 0.0
-0.000242975235 0.000740969612 0.0
0.000332216179 0.000161127318 0.0
-0.000105053019 0.000221276059 0.0
0.0002072028 0.000211045844 0.0
-0.000692473492 0.000687929802 0.0
-0.000233937375 0.000705517537 0.0
0.000994745642 0.000196329725 0.0
-4.15234754e-05 0.000528338365 0.0
-0.000274838036 0.000245867297 0.0
-6.63061001e-05 0.000672911934 0.0
-0.000602349697 0.00074810785 0.0
0.000183002208 0.000407615531 0.0
-0.000247590768 0.000630290888 0.0
0.000368637586 0.000323252636 0.0
0.000361519895 0.000190513427 0.0
1.22932115e-05 0.000161850243 0.0
-0.000614565855 0.000684204511 0.0
0.00109233172 0.000135419235 0.0
0.00018732727 0.000486320263 0.0
-0.000198180176 0.00054871029 0.0
-0.000842377543 0.000611199415 0.0
0.000125535793 0.00025495977 0.0
0.000284483132 0.000311816693 0.0
0.000230793972 0.00021654577 0.0
0.000594095211 0.00045373122 0.0
0.000571209297 0.000475138222 0.0
0.000277920917 0.000222939881 0.0
0.00117936428 4.67700265e-05 0.0
-8.09225312e-05 8.8362227e-05 0.0
0.000120135715 0.000453455694 0.0
5.38083987e-05 8.59741558e-05 0.0
0.00066494284 0.000353376032 0.0
0.000273851008 0.000438439427 0.0
-0.000314970879 0.000725011982 0.0
0.000790222781 0.000325958506 0.0
0.00113683299 9.87746025e-05 0.0
-0.000219887035 0.000679218676 0.0
0.000879970787 0.00032009097 0.0
-0.000485692086 0.00068363914 0.0
0.000639269827 0.000367298577 0.0
0.000282491645 0.000112846123 0.0
0.000219525842 0.000274125807 0.0
0.000488012243 0.000132070869 0.0
0.000146191276 0.000560421264 0.0
0.000193840257 0.000664521125 0.0
0.000213384716 0.00072305405 0.0
0.000144629259 0.000316178484 0.0
0.000276508683 0.000384092273 0.0
0.00046497336 4.43326135e-05 0.0
0.000243662871 0.000104200182 0.0
0.000418396347 0.000296003389 0.0
-0.000312242744 0.000658778648 0.0
0.000345670793 5.38960012e-05 0.0
0.000191526313 0.000310869247 0.0
-0.00040214436 0.000467383506 0.0
0.000878409424 0.000224811447 0.0
0.000269736745 0.000102954997 0.0
0.000785940851 0.000393650524 0.0
-5.20698195e-05 0.000444921083 0.0
-0.000553719641 0.000566263043 0.0
7.32471381e-05 0.000500440423 0.0
0.000941062754 0.00023926924 0.0
-0.00017862441 0.000239617875 0.0
-0.0003857392 0.000750046864 0.0
-0.000312675431 0.000549317687 0.0
-0.000129056323 0.000539130997 0.0
-0.000156041438 0.000660496065 0.0
0.00114208448 4.66842357e-05 0.0
-0.000531607191 0.000489277241 0.0
-0.000201942821 0.000394789386 0.0
5.22895534e-05 0.000163383869 0.0
-0.00057618483 0.000563381996 0.0
-0.00016796487 0.000326419307 0.0
-8.16648608e-05 0.000653564581 0.0
-0.000165682592 0.000300565851 0.0
-0.000380405021 0.000706833729 0.0
0.00113938493 3.40829174e-05 0.0
-0.000238934794 0.000532297418 0.0
-0.000148712221 0.000676990254 0.0
0.000403764396 0.00047629996 0.0
-0.000539985311 0.00039668259 0.0
-0.000254140177 0.000676440191 0.0
0.00026177126 0.000227537035 0.0
-0.000183921351 0.000628407346 0.0
-9.81282064e-05 0.000294190017 0.0
0.000407737854 0.000187618833 0.0
0.000727629114 8.53203237e-05 0.0
0.00115002401 3.77297256e-05 0.0
0.000730681466 0.000219445923 0.0
-0.000468438695 0.000710795866 0.0
-1.49836387e-05 0.000170831991 0.0
-3.80056044e-05 0.000679730903 0.0
-0.000116642535 0.000591808697 0.0
0.000373810501 0.000392021786 0.0
0.000375038508 4.39545838e-05 0.0
0.000497080968 0.000479170616 0.0
-2.13165822e-05 0.000694337592 0.0
0.000544928771 0.000513315841 0.0
-0.000129426306 0.000367193075 0.0
0.000487496349 0.000300509768 0.0
6.11785144e-05 0.000141222932 0.0
0.000888315088 1.39380436e-05 0.0
0.000505832373 2.11499064e-05 0.0
0.00074139639 0.00027849825 0.0
-2.3669767e-05 0.000546502532 0.0
0.000258280081 0.000194895154 0.0
0.000260832079 0.000233024606 0.0
0.000843998627 0.000256651459 0.0
-0.000372669398 0.00065138191 0.0
0.000431881781 0.000143092358 0.0
0.000622747408 0.000240013062 0.0
-0.000265010836 0.000423429563 0.0
0.000329789473 0.000344868342 0.0
2.46033269e-05 0.000317677739 0.0
0.000607123889 -6.13651173e-06 0.0
-0.000539872504 0.000529123354 0.0
-0.00012129829 0.000631643401 0.0
-1.55309517e-05 0.000200807714 0.0
0.000330905197 0.000101889062 0.0
-0.000200536713 0.000371177564 0.0
0.000110715089 0.000720018055 0.0
0.000161340227 0.000652421673 0.0
-0.000187998186 0.000178030226 0.0
0.000860030821 0.00010477881 0.0
0.000265544833 0.00014070225 0.0
0.000623705622 0.000469666207 0.0
0.000194554115 0.000671469606 0.0
4.22742869e-06 0.000160926065 0.0
-0.000237241853 0.00057524303 0.0
-0.00046415822 0.000557864201 0.0
0.000747094338 0.00038510951 0.0
6.28957569e-05 1.11952495e-05 0.0
0.000884884386 0.000258355314 0.0
0.000468000304 7.99158588e-05 0.0
-6.49633148e-05 0.000498647802 0.0
0.000442896737 0.000603454362 0.0
0.000489568687 0.000214122949 0.0
0.000792371109 0.000157704606 0.0
0.000950990594 0.000204708165 0.0
-0.000152941997 0.000496870838 0.0
-1.25451224e-05 6.94649207e-05 0.0
0.00100687146 -1.52466873e-05 0.0
0.000179193215 0.00050260179 0.0
-0.000148457868 0.00052015431 0.0
0.00109319645 6.47795878e-06 0.0
0.000113169408 0.000379009609 0.0
0.00060793286 0.000212744781 0.0
7.5900869e-05 0.000321284839 0.0
0.00114826881 2.70129058e-05 0.0
0.000613838492 0.00017832192 0.0
-0.000598854502 0.000702798017 0.0
0.000159049989 0.000574130856 0.0
0.000191863684 0.000491896877 0.0
0.000234567371 0.00040664323 0.0
-3.81509562e-05 0.000398310658 0.0
-2.27814053e-05 4.31716544e-05 0.0
0.000223764466 0.000248170079 0.0
0.000499661197 0.000245966221 0.0
0.00032177192 2.12200539e-05 0.0
-0.000473588705 0.000417336996 0.0
-5.57603198e-05 0.000307685958 0.0
4.67607024e-05 0.000555828854 0.0
-5.49726683e-05 0.000660285936 0.0
-0.000889744493 0.000698666321 0.0
-1.37042589e-05 0.000223409734 0.0
0.000165380377 0.000277620187 0.0
0.00073171081 -3.93944247e-05 0.0
0.00052147219 0.000264846894 0.0
-0.000650595175 0.000570849981 0.0
0.000689802575 0.000418200565 0.0
0.000426474755 0.000346828456 0.0
1.54534409e-05 0.000369160058 0.0
0.00098756759 6.78305732e-05 0.0
-0.000459099159 0.000515797641 0.0
-0.000320769876 0.000536004896 0.0
0.000191950006 6.34613752e-05 0.0
0.000871335447 -3.73981893e-05 0.0
0.00103559694 2.49083969e-05 0.0
0.000463301054 0.000375864503 0.0
-0.000339832739 0.000306195667 0.0
0.000229584737 0.000589113566 0.0
-0.000698058808 0.00057756016 0.0
0.000222208255 0.000229800891 0.0
2.56056665e-05 0.00049582572 0.0
0.000604668574 0.000335669989 0.0
3.12311822e-05 0.000243413742 0.0
0.000782474526 0.000233045736 0.0
0.0002503086 0.000452878478 0.0
-0.000287812698 0.000465312158 0.0
0.000636721961 0.000183965414 0.0
0.000514613988 0.000172881075 0.0
-0.000413052854 0.000417488627 0.0
0.00122951658 2.93157409e-05 0.0
-0.000357364712 0.000310102012 0.0
0.000461095216 0.000440418255 0.0
-0.00062833546 0.000695745752 0.0
-0.000915677752 0.000758171722 0.0
0.000873472251 0.000171479667 0.0
0.00054455403 0.00032339117 0.0
0.000797972316 1.35053751e-05 0.0
-0.000747721759 0.00064370333 0.0
0.000151702552 0.000234471067 0.0
-0.000361359271 0.000468678103 0.0
-0.000880977546 0.000661990896 0.0
-0.000521960726 0.000439698924 0.0
0.00116471027 8.5925305e-05 0.0
0.000392648333 0.000548920769 0.0
-0.000178753733 0.000219031761 0.0
0.000563561043 0.000174999572 0.0
0.000203491247 0.000121597732 0.0
0.000262758345 0.000758881913 0.0
5.04293312e-05 0.000461846241 0.0
0.000336320954 0.000328271999 0.0
0.000949533773 3.41020786e-05 0.0
0.001125462 0.000108687163 0.0
-0.000345245702 0.000309115741 0.0
0.000909332652 0.000139026859 0.0
1.36342478e-05 0.000609962852 0.0
0.00089991634 6.67941422e-05 0.0
0.000418020383 0.000401428901 0.0
0.000546565512 0.000274031045 0.0
-0.000246835145 0.000254185812 0.0
0.000431638968 0.000477502763 0.0
0.000977632939 0.000180217758 0.0
-0.000391124282 0.000536439242 0.0
0.000157926406 0.000586108596 0.0
4.75328925e-05 0.000405597879 0.0
-0.000904773304 0.000725188002 0.0
0.000125148988 0.000396009447 0.0
0.000248678145 0.000133201538 0.0
-0.000305660011 0.000677921227 0.0
-0.000336091965 0.000625113142 0.0
0.000787236611 8.29753481e-05 0.0
-0.000328903814 0.00041961731 0.0
0.000334879733 0.000208585581 0.0
0.000948553381 0.000146122329 0.0
1.1576517e-05 0.000709394983 0.0
0.000487459591 0.000525096897 0.0
0.000286673167 0.00059454079 0.0
0.000761434319 0.000312106684 0.0
-0.000813351071 0.000713138201 0.0
-0.000560704328 0.000547388627 0.0
9.01431558e-05 0.000684846367 0.0
0.000551816367 0.000525463314 0.0
0.000697518524 0.000326646055 0.0
-0.000389364228 0.000499544141 0.0
0.000195532804 0.000673278759 0.0
0.000300394604 0.000773053209 0.0
0.000118562566 0.000373998453 0.0
-0.000699049095 0.00078505039 0.0
0.000631697534 0.000133945214 0.0
0.00031373516 0.000565176888 0.0
5.04757045e-05 5.87949762e-05 0.0
-0.000146121034 0.000341011473 0.0
0.000357955141 0.000608215691 0.0
-0.000289442862 0.00062575459 0.0
0.000902012049 0.000199445843 0.0
0.000363994361 2.61800815e-05 0.0
-0.000627267815 0.000699625933 0.0
0.000842010253 0.000312357733 0.0
-0.000272022269 0.000218234563 0.0
-0.000332753931 0.000595569494 0.0
0.00113195414 1.65849106e-05 0.0
-0.000547841366 0.000581979402 0.0
-0.000642176834 0.000715404516 0.0
-0.000138152376 0.000581357628 0.0
0.000431605935 0.000305290479 0.0
0.00040851612 0.000464241137 0.0
0.000720378186 1.26272926e-05 0.0
1.36151857e-05 7.67508664e-06 0.0
7.51521511e-05 0.000529496116 0.0
0.000266835938 0.000635708217 0.0
0.00104541623 0.000141410957 0.0
-0.000423332182 0.000681319623 0.0
-0.000302886358 0.000268040574 0.0
0.000723461795 6.02948749e-05 0.0
9.36061479e-05 0.000247143354 0.0
0.000635025499 0.000350146671 0.0
0.000654659292 4.57166643e-05 0.0
8.57067062e-06 0.000596436963 0.0
0.000118930635 0.000286975148 0.0
-0.000658278528 0.000723625009 0.0
2.4212266e-05 0.000448047882 0.0
-0.00048129991 0.000694652495 0.0
-5.07451332e-05 0.000419008662 0.0
0.000429059553 4.21896984e-05 0.0
6.5023909e-05 0.000413359696 0.0
-0.000689442561 0.000711827131 0.0
0.000646164932 8.99455481e-05 0.0
-0.000271586468 0.000397959579 0.0
-0.000269879238 0.000606795715 0.0
7.9722915e-05 0.000348978065 0.0
8.19168781e-05 -1.22327583e-05 0.0
0.000316406513 5.9051541e-05 0.0
