-0.000513774459 0.000323041633 0.0
-0.000498057925 0.000335617107 0.0
-2.040662e-05 0.00032432322 0.0
-3.28140959e-06 0.000311728945 0.0
-3.0410145e-05 0.000323875574 0.0
-0.00064394623 0.000311728945 0.0
-0.000661071448 0.00032432322 0.0
-0.000141971876 0.000498170266 0.0
-0.000122402838 0.000474424829 0.0
-0.000111718728 0.000474060216 0.0
-4.58260365e-05 1.47123535e-06 0.0
-6.53950701e-05 2.52166737e-05 0.0
-0.000297874387 0.000481913885 0.0
-0.000282269117 0.00048136455 0.0
-0.000286865921 0.000470808009 0.0
-0.000205692311 8.41095243e-06 0.0
-0.000221297596 8.96028814e-06 0.0
-0.000607080758 2.77040072e-05 0.0
-0.000581504602 2.33191786e-05 0.0
-0.000595043821 0.000387078675 0.0
-0.000613807584 0.000399874378 0.0
-0.000575336802 0.000377829303 0.0
2.68571875e-05 0.000399874378 0.0
4.56209564e-05 0.000387078675 0.0
-0.00017915864 0.000400001649 0.0
-0.000156390786 0.000373336981 0.0
-0.000489089231 0.000386583852 0.0
-0.000455599802 0.000415455026 0.0
-0.000300549145 0.000179230497 0.0
-0.000266557123 0.000159342962 0.0
-4.87408361e-05 6.48004498e-05 0.0
-2.12278137e-05 5.77725223e-05 0.0
-7.14633861e-05 9.0983136e-05 0.0
-0.000661892642 5.77725223e-05 0.0
-0.000689405657 6.48004498e-05 0.0
-0.000111127636 0.000213051389 0.0
-8.16828033e-05 0.000194034452 0.0
-0.000167375503 0.000133847658 0.0
-0.000124858852 8.62724337e-05 0.0
-0.000305042893 0.000206107492 0.0
-0.000279446365 0.000217919398 0.0
-0.000591171905 0.000282363995 0.0
-0.000570799748 0.000258572749 0.0
-0.000232139733 0.000253676903 0.0
-0.000198302383 0.000272125297 0.0
-0.000419275078 0.000152529028 0.0
-0.0003900663 0.000171535692 0.0
-7.65767982e-05 0.000472953601 0.0
0.0 0.0 0.0
-0.000640664774 0.0 0.0
-0.000717241608 0.000472953601 0.0
-0.000511241669 0.00032549203 0.0
-0.000509217149 0.000327675778 0.0
-0.000507469289 0.000329834176 0.0
-0.000505646924 0.000332004449 0.0
-0.000503759133 0.000335128309 0.0
-0.000501877686 0.000338682905 0.0
-0.000500727561 0.000340878963 0.0
-0.000499667833 0.000341078936 0.0
-0.000498434179 0.000340111932 0.0
-0.000497901347 0.000338620303 0.0
-0.000497758447 0.000337201491 0.0
-0.000498756883 0.000333851174 0.0
-0.000499722955 0.000332540832 0.0
-0.000501337927 0.000331417017 0.0
-0.000503732299 0.000330483861 0.0
-0.000507132441 0.000329406437 0.0
-0.000511566002 0.000327884103 0.0
-0.000515438907 0.00032541214 0.0
-0.000518927351 0.000322976412 0.0
-0.000520155649 0.000321914355 0.0
-0.000519887195 0.000320821011 0.0
-0.000516999455 0.000321495667 0.0
-6.58594081e-06 0.000311910117 0.0
-9.86061423e-06 0.000311193115 0.0
-1.24923126e-05 0.000311514421 0.0
-1.5597343e-05 0.000313322991 0.0
-1.88630438e-05 0.000316542311 0.0
-2.24846772e-05 0.000319540821 0.0
-2.62703979e-05 0.000322271051 0.0
-3.40330407e-05 0.000324939698 0.0
-3.51293675e-05 0.000325428613 0.0
-3.37635101e-05 0.000325978879 0.0
-3.10499672e-05 0.000326170499 0.0
-2.84332818e-05 0.000325778004 0.0
-2.55403011e-05 0.000324943161 0.0
-2.3046432e-05 0.000324783294 0.0
-0.000659391459 0.000322750304 0.0
-0.000657936034 0.000320220832 0.0
-0.000655991142 0.000316518883 0.0
-0.000653359573 0.000313395984 0.0
-0.000649727823 0.000310664152 0.0
-0.000645583787 0.000309555384 0.0
-0.000641673803 0.000310392847 0.0
-0.000642279221 0.000311066629 0.0
-0.000116647461 0.000471692736 0.0
-0.000110701047 0.000470316561 0.0
-0.000105791849 0.000469767459 0.0
-0.000103832492 0.000469843246 0.0
-0.000104743056 0.000470503001 0.0
-0.000106818385 0.000471589738 0.0
-0.000109467197 0.000472950283 0.0
-0.000113946997 0.000475302688 0.0
-0.000116767806 0.000478149392 0.0
-0.000121477744 0.00048227972 0.0
-0.000127761668 0.000486662524 0.0
-0.000135025024 0.000491209154 0.0
-0.000139694544 0.000494860229 0.0
-0.000141957833 0.000496858149 0.0
-6.49527428e-05 2.56696312e-05 0.0
-6.48239948e-05 2.53178732e-05 0.0
-6.46552071e-05 2.4049441e-05 0.0
-6.40801736e-05 2.2190834e-05 0.0
-6.28953057e-05 2.11407787e-05 0.0
-6.11938376e-05 1.96047768e-05 0.0
-5.87374961e-05 1.57132781e-05 0.0
-5.54202124e-05 1.06088764e-05 0.0
-5.09398451e-05 5.45251214e-06 0.0
-0.000279075786 0.000478904665 0.0
-0.000276888459 0.000476163113 0.0
-0.000276431325 0.000473518536 0.0
-0.000278428925 0.000470493891 0.0
-0.000279168802 0.000469286169 0.0
-0.000280550972 0.000468539743 0.0
-0.000281936518 0.000468302431 0.0
-0.000283561036 0.000469119434 0.0
-0.000291127246 0.000472128682 0.0
-0.000295812322 0.000472973508 0.0
-0.000300742802 0.000473675085 0.0
-0.000305470196 0.000474390457 0.0
-0.000308207964 0.000475364388 0.0
-0.000307840295 0.00047653864 0.0
-0.000304686575 0.000478505768 0.0
-0.000301050139 0.000479957613 0.0
-0.000218435787 1.06323223e-05 0.0
-0.000215944572 1.18043872e-05 0.0
-0.000213701118 1.21130088e-05 0.0
-0.000211495309 1.1733051e-05 0.0
-0.000209091304 1.04862211e-05 0.0
-0.000611185969 2.74618342e-05 0.0
-0.00061057118 2.67631203e-05 0.0
-0.000605989888 2.70751098e-05 0.0
-0.000599985535 2.75488019e-05 0.0
-0.000594594225 2.87405219e-05 0.0
-0.000591112825 3.04124314e-05 0.0
-0.000587379152 3.16617843e-05 0.0
-0.000585565518 3.16418409e-05 0.0
-0.000584194669 3.07009977e-05 0.0
-0.000582934765 2.88613592e-05 0.0
-0.000582229986 2.62954727e-05 0.0
-0.000581276312 2.08943766e-05 0.0
-0.00058097986 1.85755325e-05 0.0
-0.000580767577 1.68635343e-05 0.0
-0.000581064494 1.5521231e-05 0.0
-0.000582254084 1.4028773e-05 0.0
-0.000583616609 1.30747521e-05 0.0
-0.000585349568 1.41210721e-05 0.0
-0.000588485738 1.71268202e-05 0.0
-0.000591682561 2.08764686e-05 0.0
-0.000595658552 2.44057428e-05 0.0
-0.000600494735 2.67450669e-05 0.0
-0.000612949196 0.000400164223 0.0
-0.000611539464 0.000400257995 0.0
-0.000610009476 0.000399689859 0.0
-0.000607255264 0.000398130302 0.0
-0.000603060063 0.000394592702 0.0
-0.000597914215 0.000390133326 0.0
-0.000591381511 0.000385447434 0.0
-0.000583951885 0.000381551916 0.0
-0.000577320228 0.000378948869 0.0
-0.000576865918 0.000377264601 0.0
-0.00057859876 0.000377362943 0.0
-0.000579553482 0.000377556193 0.0
-0.000580665364 0.000378217897 0.0
-0.000582365901 0.000379042001 0.0
-0.000585101894 0.000380064768 0.0
-0.000587697315 0.000381076097 0.0
-0.000590567593 0.000381760648 0.0
-0.000592775585 0.000383956241 0.0
4.29777683e-05 0.000390609843 0.0
3.92798684e-05 0.000393966329 0.0
3.49650327e-05 0.000396470627 0.0
3.06335132e-05 0.000398320699 0.0
2.76053743e-05 0.000399263517 0.0
-0.000183251177 0.00040215053 0.0
-0.000187017329 0.000402984151 0.0
-0.000189668892 0.000402247737 0.0
-0.000190795603 0.000400675723 0.0
-0.000190887804 0.000398206437 0.0
-0.000189176499 0.000394759292 0.0
-0.000186159596 0.000393076363 0.0
-0.000183584998 0.000391193171 0.0
-0.000179857438 0.000387969398 0.0
-0.000174941859 0.000383869745 0.0
-0.00016931651 0.00037960062 0.0
-0.000162902783 0.000375536329 0.0
-0.000150575041 0.000372059993 0.0
-0.000147353698 0.000371662056 0.0
-0.000147170591 0.000371561706 0.0
-0.000148545994 0.00037196654 0.0
-0.000150358392 0.00037269824 0.0
-0.000152409368 0.000373366784 0.0
-0.000154190842 0.000375081698 0.0
-0.000156942988 0.000378510565 0.0
-0.000160667812 0.000383347768 0.0
-0.000164937519 0.000388594082 0.0
-0.00016986359 0.000393178314 0.0
-0.000174568922 0.000396999822 0.0
-0.000482358766 0.00038847368 0.0
-0.000475241308 0.000391205162 0.0
-0.000469610939 0.000394892675 0.0
-0.000465332385 0.000399023207 0.0
-0.000461350457 0.000403523532 0.0
-0.00045817814 0.000407870859 0.0
-0.000455444242 0.000411581597 0.0
-0.000453244371 0.000414388778 0.0
-0.000451555272 0.000416036783 0.0
-0.000451774307 0.000416339899 0.0
-0.00046242564 0.0004128617 0.0
-0.000469507126 0.000409514527 0.0
-0.000475827168 0.000404821243 0.0
-0.000480807474 0.000399086101 0.0
-0.000484765798 0.00039278905 0.0
-0.000486676319 0.000387627922 0.0
-0.000488064135 0.000384976855 0.0
-0.00048991025 0.00038422097 0.0
-0.000491269806 0.000384644489 0.0
-0.000492135936 0.000385211053 0.0
-0.000305190624 0.000179121576 0.0
-0.000306141563 0.000180137868 0.0
-0.000303999754 0.000180769828 0.0
-0.00030094356 0.000182296688 0.0
-0.000298995379 0.000183864788 0.0
-0.000298545172 0.000183209151 0.0
-0.000296921906 0.000179069422 0.0
-0.000294292753 0.000173660723 0.0
-0.000289973861 0.000168594182 0.0
-0.000284095004 0.000164423924 0.0
-0.000275976548 0.00016096374 0.0
-0.00025954697 0.000159265415 0.0
-0.000258269836 0.000159185292 0.0
-0.000261106878 0.000159483636 0.0
-0.000264337606 0.000159890522 0.0
-0.000267442985 0.00016127761 0.0
-0.000270499091 0.000163578807 0.0
-0.000274058053 0.000166277794 0.0
-0.000277904182 0.000169486244 0.0
-0.000282596739 0.000172845117 0.0
-0.000287887058 0.000175753026 0.0
-0.000293724152 0.000177791342 0.0
-2.31583999e-05 5.89674783e-05 0.0
-2.51487927e-05 6.06001959e-05 0.0
-2.71161116e-05 6.24600871e-05 0.0
-2.90794833e-05 6.45575055e-05 0.0
-3.20945765e-05 6.79785371e-05 0.0
-3.63415056e-05 7.33589404e-05 0.0
-4.27396481e-05 7.95616652e-05 0.0
-5.1615214e-05 8.57817649e-05 0.0
-6.26398978e-05 8.96442361e-05 0.0
-7.3459436e-05 9.15858764e-05 0.0
-7.06631618e-05 9.25119311e-05 0.0
-6.8343601e-05 9.35211428e-05 0.0
-6.72123278e-05 9.37208533e-05 0.0
-6.59224097e-05 9.25318964e-05 0.0
-6.47237975e-05 8.90061347e-05 0.0
-6.23624292e-05 8.34902748e-05 0.0
-5.89117299e-05 7.67928359e-05 0.0
-5.41867084e-05 7.04564882e-05 0.0
-0.000682644022 5.98024708e-05 0.0
-0.000674166484 5.70077973e-05 0.0
-0.000665880623 5.58521133e-05 0.0
-0.000661618193 5.69359217e-05 0.0
-0.000117171803 0.000214460626 0.0
-0.000118128657 0.00021434373 0.0
-0.00011505252 0.000213410443 0.0
-0.000111048226 0.000212844941 0.0
-0.000107703192 0.000212414991 0.0
-0.000104588304 0.000211624822 0.0
-0.000101583384 0.000210058977 0.0
-9.76385418e-05 0.00020677154 0.0
-9.2056056e-05 0.000202659488 0.0
-8.66772898e-05 0.000199198796 0.0
-8.31134821e-05 0.000196089852 0.0
-8.14123268e-05 0.000192311083 0.0
-8.13486477e-05 0.000190414838 0.0
-8.18861299e-05 0.000188792823 0.0
-8.30405988e-05 0.000187630823 0.0
-8.42107402e-05 0.000187478407 0.0
-8.5712265e-05 0.000189345723 0.0
-8.74581965e-05 0.000193281754 0.0
-8.95771809e-05 0.000197914909 0.0
-9.29199014e-05 0.000202436247 0.0
-9.73860078e-05 0.000206691679 0.0
-0.000103534047 0.000210428421 0.0
-0.000177395865 0.00013416147 0.0
-0.000180752875 0.000133203561 0.0
-0.000180186253 0.000131554567 0.0
-0.000179495124 0.00012891076 0.0
-0.000178301023 0.000124951897 0.0
-0.000175981666 0.000119455326 0.0
-0.000172591303 0.000112656096 0.0
-0.000167229926 0.000105715444 0.0
-0.000159913441 9.88010579e-05 0.0
-0.000149265572 9.26797802e-05 0.0
-0.000135869748 8.81803207e-05 0.0
-0.000121421115 8.64947579e-05 0.0
-0.000122486701 8.64971007e-05 0.0
-0.000122645055 8.76131744e-05 0.0
-0.000122358513 9.09119917e-05 0.0
-0.000122271551 9.57511947e-05 0.0
-0.000123007383 0.000101600293 0.0
-0.000125636128 0.000107549669 0.0
-0.00012986135 0.000113915296 0.0
-0.000136308343 0.000120325203 0.0
-0.000144642167 0.000126504441 0.0
-0.000155231392 0.000131257068 0.0
-0.000303988083 0.000208037105 0.0
-0.000303044828 0.000209672566 0.0
-0.00030158367 0.000211266422 0.0
-0.000299436506 0.000212390063 0.0
-0.000296462793 0.000213162552 0.0
-0.000292847282 0.000214017331 0.0
-0.000288444455 0.000214801723 0.0
-0.000283622881 0.000215759763 0.0
-0.000279346103 0.000216286106 0.0
-0.000276090315 0.000217351131 0.0
-0.000286591327 0.000215858177 0.0
-0.000292980432 0.00021178645 0.0
-0.000297356979 0.000207139892 0.0
-0.00029997743 0.000202335359 0.0
-0.000301505759 0.000198841444 0.0
-0.000301932654 0.000199064816 0.0
-0.00030365659 0.000201751842 0.0
-0.000306366273 0.000203685602 0.0
-0.00030716398 0.000204155658 0.0
-0.000306368747 0.000204887358 0.0
-0.000595093472 0.000283196976 0.0
-0.000599225634 0.000282557507 0.0
-0.000601235719 0.000280566834 0.0
-0.000599061488 0.000278885069 0.0
-0.000596162863 0.0002761902 0.0
-0.000591530174 0.000274237129 0.0
-0.000586729671 0.000271464902 0.0
-0.000581915257 0.000269608368 0.0
-0.000578696723 0.000266855932 0.0
-0.000575711892 0.000264625211 0.0
-0.000573721598 0.000261910522 0.0
-0.000567051349 0.000255370716 0.0
-0.000562567497 0.0002540079 0.0
-0.000560883491 0.00025389911 0.0
-0.000560337387 0.000255128543 0.0
-0.000559986162 0.00025786701 0.0
-0.00056189188 0.000261752575 0.0
-0.000566724862 0.000266682327 0.0
-0.000573060766 0.000270745251 0.0
-0.000579952088 0.000274211023 0.0
-0.000585713831 0.000277442101 0.0
-0.000589349715 0.000280346663 0.0
-0.000224795833 0.000255883177 0.0
-0.000218626941 0.000259630207 0.0
-0.000213763735 0.000264272123 0.0
-0.000210066646 0.000269733544 0.0
-0.000207500547 0.000275316095 0.0
-0.000205608085 0.000280011445 0.0
-0.000204495416 0.000282640947 0.0
-0.000203914067 0.000282237015 0.0
-0.000203153424 0.00027998368 0.0
-0.000202415322 0.000277149782 0.0
-0.000201146191 0.000274544233 0.0
-0.000196788329 0.000270482822 0.0
-0.000199466071 0.000269007403 0.0
-0.000206091441 0.00026662185 0.0
-0.000211770181 0.000263395254 0.0
-0.000216627712 0.000260681321 0.0
-0.000220844697 0.000258304179 0.0
-0.000223812283 0.000256796513 0.0
-0.000226806311 0.00025583012 0.0
-0.000230485181 0.000254947896 0.0
-0.00023360741 0.000254644459 0.0
-0.000236056279 0.000253814098 0.0
-0.000417318282 0.000156155584 0.0
-0.000415326183 0.000159134477 0.0
-0.000413247646 0.000161681543 0.0
-0.00041085569 0.000164773344 0.0
-0.000409468805 0.000166909318 0.0
-0.000407676911 0.000168058061 0.0
-0.00040441379 0.00016847509 0.0
-0.000400386663 0.000168268525 0.0
-0.000396451447 0.000168512794 0.0
-0.000393261609 0.000168967948 0.0
-0.000391709094 0.000169650404 0.0
-0.000391252106 0.000170683445 0.0
-0.000389738852 0.000171754145 0.0
-0.000393953524 0.000170090105 0.0
-0.000400107587 0.000167107399 0.0
-0.000407063053 0.000163389705 0.0
-0.00041356447 0.000159191914 0.0
-0.000417784875 0.000154508889 0.0
-0.000420866854 0.000150242078 0.0
-0.0004225054 0.000147516941 0.0
-0.000422966084 0.000146294551 0.0
-0.000422852725 0.000146350721 0.0
-0.000422155077 0.000147772182 0.0
-0.000420871336 0.000149828673 0.0
-6.43275489e-05 0.000459983567 0.0
-3.33091448e-05 0.000439465628 0.0
3.61393359e-05 0.000295105361 0.0
3.33104654e-05 0.000281354383 0.0
-1.08035219e-05 0.000244497816 0.0
-5.00258975e-05 0.000211501479 0.0
-6.06378344e-05 0.000194820328 0.0
-5.23190465e-05 0.000180156494 0.0
-2.24017185e-05 0.000160107084 0.0
8.06006028e-06 0.00013653659 0.0
1.19522829e-05 0.000115272756 0.0
-1.15543562e-05 9.34445634e-05 0.0
1.2925766e-05 3.46239685e-05 0.0
1.87998739e-05 2.52947593e-05 0.0
1.35792861e-05 1.72400014e-05 0.0
3.33374715e-06 8.89759758e-06 0.0
-2.10237213e-05 1.00165089e-05 0.0
-0.000109424582 5.93396544e-05 0.0
-0.000152047563 5.0490944e-05 0.0
-0.000258011394 3.4106939e-05 0.0
-0.000287727598 3.33980242e-05 0.0
-0.000320061459 4.22670746e-06 0.0
-0.000353092328 -3.02675999e-05 0.0
-0.000382243859 -5.50040568e-05 0.0
-0.000402001286 -6.08875853e-05 0.0
-0.000425176608 -5.72875033e-05 0.0
-0.000451328582 -4.66532765e-05 0.0
-0.000475589506 -3.32956843e-05 0.0
-0.000496785622 -2.14983429e-05 0.0
-0.000516306493 -1.47988194e-05 0.0
-0.000540617446 -1.09289713e-05 0.0
-0.000561843684 -1.49281959e-05 0.0
-0.000584514462 -1.85109784e-05 0.0
-0.000604240166 -2.15127802e-05 0.0
-0.000621142972 -1.45410613e-05 0.0
-0.000637331046 8.89759758e-06 0.0
-0.000627085508 1.72400014e-05 0.0
-0.000621864921 2.52947593e-05 0.0
-0.000627739006 3.46239685e-05 0.0
-0.000652219169 9.34445634e-05 0.0
-0.000628712529 0.000115272756 0.0
-0.000632604759 0.00013653659 0.0
-0.000663066516 0.000160107084 0.0
-0.000692983856 0.000180156494 0.0
-0.000701302662 0.000194820328 0.0
-0.000690690707 0.000211501479 0.0
-0.000651468348 0.000244497816 0.0
-0.000607354334 0.000281354383 0.0
-0.000604525441 0.000295105361 0.0
-0.000673973933 0.000439465628 0.0
-0.00070499233 0.000459983567 0.0
-0.000697719748 0.000458412542 0.0
-0.000680816942 0.000451440807 0.0
-0.000661091239 0.000454442634 0.0
-0.000638420519 0.000458025403 0.0
-0.00061719428 0.000462024618 0.0
-0.000592883269 0.000458154769 0.0
-0.000573362457 0.000451455271 0.0
-0.000552166312 0.000439657917 0.0
-0.000527905358 0.000426300336 0.0
-0.000501753413 0.000415666087 0.0
-0.000478578091 0.000412066001 0.0
-0.000458820665 0.000417949544 0.0
-0.000429669133 0.000442685996 0.0
-0.000396638265 0.000477180321 0.0
-0.000364304404 0.000506351644 0.0
-0.0003345882 0.000507060555 0.0
-0.000228624354 0.000523444556 0.0
-0.000186001387 0.000532293285 0.0
-9.76005249e-05 0.000482970121 0.0
-0.000347424357 0.000331080344 0.0
-0.000420762313 5.67577736e-05 0.0
-0.0003885896 0.000381167018 0.0
-0.000335327786 7.68540121e-05 0.0
-0.000273447309 0.000299649779 0.0
-0.000385618507 0.000277233921 0.0
-0.000295450242 0.000398719712 0.0
-0.000258616259 8.65496695e-05 0.0
-0.00061612064 0.00029341827 0.0
-0.000395277253 0.000110464345 0.0
-0.000427321036 0.000249264587 0.0
-0.000111369933 0.000292221841 0.0
-0.000574645062 9.27259025e-05 0.0
-0.000254508894 0.000201191768 0.0
-0.000548734912 0.000170825544 0.0
-0.000485176366 -1.08499889e-05 0.0
-0.000419456599 0.000351567403 0.0
-0.000206111887 6.50673901e-05 0.0
-0.000144064397 0.000170719475 0.0
-1.88881895e-05 0.000377793884 0.0
-0.000301538908 0.000193906686 0.0
-0.000302895234 0.000261318492 0.0
-0.000280574226 0.000342507847 0.0
-0.000487503945 6.43993626e-05 0.0
-0.000566251634 0.000328217808 0.0
-0.00036037041 0.00010195221 0.0
-0.000384295301 1.43238476e-05 0.0
-0.000432894536 0.000373506831 0.0
-8.79947547e-05 0.000412663387 0.0
-0.000289210817 6.47632914e-05 0.0
-0.000182986478 0.000176778864 0.0
-0.000124105078 0.000153389585 0.0
-0.000394601404 0.000398789736 0.0
-0.000295892358 0.000117452619 0.0
-0.000414146198 0.000267524942 0.0
-0.000271679921 0.00020113487 0.0
-0.000130385117 0.000154598456 0.0
-0.000340806466 0.000420637458 0.0
-0.000440374861 0.000322008593 0.0
-0.000243729082 0.000307834562 0.0
-0.000399492943 0.000273350859 0.0
-0.000261583074 0.000277651445 0.0
-0.000354139192 0.000369529502 0.0
-0.000135705617 7.97321918e-05 0.0
-0.000320271676 0.000296156039 0.0
-0.000461352378 0.000114265233 0.0
-0.000181159296 5.76403363e-05 0.0
-0.000620042265 0.000205295801 0.0
-0.00022925892 0.000104705112 0.0
-0.000101926948 0.000257564359 0.0
-0.000247636315 0.000436228176 0.0
-7.68057143e-05 0.000314660429 0.0
-0.000432257599 -2.06791756e-05 0.0
-0.000359710946 0.000203163785 0.0
-0.000352790434 0.000133588634 0.0
-9.18248134e-06 3.42300664e-05 0.0
-0.000297430088 0.000187962738 0.0
-0.00015773467 0.000272749952 0.0
-0.000512153376 -1.90203464e-05 0.0
-0.000575894141 0.000125004022 0.0
-0.000325604226 0.000117943695 0.0
-0.000332874595 3.51179733e-05 0.0
-0.000233065235 0.00021629504 0.0
-0.000249108765 0.000182582924 0.0
-0.000497418456 0.000135625727 0.0
-0.000377672055 6.28507987e-05 0.0
-0.000199448084 0.000106810316 0.0
-0.00010843818 8.05019881e-05 0.0
-0.00053241261 0.00043105302 0.0
-0.000537385175 0.000227099881 0.0
-0.000158149865 6.82803147e-05 0.0
-0.000238202847 0.000331893214 0.0
-0.000630229013 6.61862578e-05 0.0
-0.000531103404 2.10844228e-05 0.0
-0.00013482722 0.000325623376 0.0
-0.000528675737 7.02801699e-05 0.0
-0.000349124661 0.000121418765 0.0
-0.000423392165 0.000383588485 0.0
-0.000114347757 0.000386595784 0.0
-0.000233095721 0.000388051063 0.0
-0.000510691141 0.000292275741 0.0
-0.000383803417 0.000311507698 0.0
-1.9146024e-05 0.000124921746 0.0
-0.000485834375 0.000218416812 0.0
-0.000231866507 4.85586934e-05 0.0
-0.0005404189 0.000345874607 0.0
-0.00033428357 0.000241110189 0.0
-1.37298575e-05 0.000400520483 0.0
-0.000614863762 0.000342863379 0.0
-0.000544970331 0.0003509284 0.0
-0.000264554867 5.63218855e-05 0.0
-0.000409195549 0.000269004231 0.0
-8.31428042e-05 4.01757788e-05 0.0
-0.000440890231 0.000294880447 0.0
-0.000139139302 0.000199521877 0.0
-0.000383694802 0.000265638315 0.0
-0.000264465518 0.000244027091 0.0
-0.000308352755 0.00035564354 0.0
-0.000404039834 8.1972772e-05 0.0
-0.000453252229 0.000358995923 0.0
-0.00022756125 0.000175852882 0.0
-0.00026856194 0.000129103151 0.0
-0.0006152938 0.000289669202 0.0
-0.000259480148 0.000216769738 0.0
-7.91876232e-07 0.000354744523 0.0
-0.000612501346 0.00030355691 0.0
-0.000270582648 0.000189601516 0.0
-0.000389540248 0.0001360694 0.0
-0.000453480083 0.000375388598 0.0
-0.000645926106 4.69351689e-05 0.0
-0.000476149638 2.58949331e-05 0.0
-0.00021425655 0.000414304493 0.0
-0.0001127184 0.000439985277 0.0
-6.82542668e-05 0.000430972083 0.0
-5.53560276e-05 0.000370186521 0.0
-0.000361329498 0.000490048493 0.0
-0.000161300952 0.00014978493 0.0
-0.000410270994 0.000369034678 0.0
-0.000617368787 0.000297730585 0.0
-0.000549742661 0.000304695364 0.0
-7.72374842e-05 0.00028451017 0.0
-0.000112613248 0.000154945636 0.0
-0.000270265387 0.000211743158 0.0
-0.000312630815 0.000317993894 0.0
-0.000616651261 8.94602927e-05 0.0
-0.000356009958 0.000232885315 0.0
-0.000352160336 0.000191907748 0.0
-0.000355179771 0.000428240193 0.0
-0.000396446092 0.000408119144 0.0
-0.000619211234 0.000295682607 0.0
-0.000301136955 0.000191753206 0.0
-0.000378737226 0.000347594643 0.0
-0.000247513963 0.000287587027 0.0
-0.000611412048 0.000155165209 0.0
-0.000172326269 0.000204702126 0.0
-0.000334389159 0.000277546176 0.0
-0.000456745503 0.000345248962 0.0
-0.000122785175 0.000173917506 0.0
-0.000471898471 0.000170676285 0.0
-0.000301081804 0.000443932542 0.0
-0.000472461281 -3.32344607e-05 0.0
-0.000522226968 6.88426007e-05 0.0
-0.000471965934 0.000310110074 0.0
-0.000148470019 0.000137417272 0.0
-0.000422615209 1.58478651e-05 0.0
-0.000176041314 8.30616555e-05 0.0
-0.000113344431 0.00013146759 0.0
-0.000484225544 0.000112160109 0.0
-0.000542003487 9.20165746e-07 0.0
-0.000303695357 9.00135055e-05 0.0
-0.000627584755 3.72918439e-05 0.0
-0.000306292175 4.1089148e-05 0.0
-0.000429660751 8.88954673e-05 0.0
-0.000658350473 0.000203290081 0.0
-0.000212219136 3.77917095e-05 0.0
-0.000341471692 0.000195497036 0.0
-0.000117734678 0.000169447187 0.0
-0.000105213207 0.000327168265 0.0
-0.000103708691 7.58692186e-05 0.0
-0.000134468457 0.000140960517 0.0
-0.000212691186 0.000515376334 0.0
-0.000224470728 0.000312637101 0.0
-0.000156370108 0.000298673753 0.0
-0.000285842485 0.000281447923 0.0
-0.00061690138 8.48793024e-06 0.0
-0.00029734589 0.000233619241 0.0
-0.000556974381 0.000439425843 0.0
-8.42738082e-05 0.000251683057 0.0
-0.000464173878 0.000410346634 0.0
-0.000547384727 0.000351207738 0.0
-0.000198058988 0.0001511382 0.0
-1.46609182e-05 0.000102205318 0.0
-0.000539677625 0.000352313626 0.0
-9.10735798e-06 0.000409806846 0.0
-0.000213125444 0.00036719878 0.0
-0.000327733316 0.000133212146 0.0
-0.000408523541 0.000331381685 0.0
-0.000597607228 4.6502606e-05 0.0
-0.000337664183 0.000394673436 0.0
-0.000118587748 7.6971628e-05 0.0
-7.60280964e-05 0.00032531959 0.0
-5.04310556e-05 0.000444203528 0.0
-0.000353801355 0.000237579632 0.0
-1.26118148e-05 1.9634228e-05 0.0
-0.000248439115 0.000454335415 0.0
-8.91331947e-05 5.04468808e-05 0.0
-8.45535687e-05 0.00046868046 0.0
-0.000572697783 0.000361924263 0.0
-0.000512283819 0.000421867997 0.0
-0.000109662949 0.000370628171 0.0
-0.00039311123 -2.27044366e-05 0.0
-0.000244647905 0.000442510674 0.0
-0.000487353245 0.000112470887 0.0
-5.51793164e-06 0.00028862225 0.0
-0.000583930465 0.000244004696 0.0
-0.000447957602 0.000385324354 0.0
-0.000531295314 0.000331896939 0.0
-0.000406754261 0.000195799395 0.0
7.75538865e-06 0.000376225711 0.0
-0.000131613488 0.000241929476 0.0
-0.000270683493 0.000318134727 0.0
-0.000348525646 9.11351308e-05 0.0
-0.000517483568 -1.74050401e-05 0.0
-0.000309004943 0.000192114603 0.0
-0.000359432743 4.73863074e-05 0.0
-0.000376177457 0.000400296383 0.0
-7.65654258e-05 0.000374412892 0.0
-0.000280179811 0.000191589643 0.0
-0.000143227211 0.000338317594 0.0
-0.000269147597 4.82365249e-05 0.0
-0.000368643756 0.000470241939 0.0
-0.000360527047 -3.73117678e-06 0.0
-0.000244828931 0.000255309104 0.0
-0.000343651773 0.000144890597 0.0
-4.87093348e-05 0.000421772595 0.0
-0.000533912273 0.00025435834 0.0
-0.000385451684 0.000366578723 0.0
-0.000275731494 7.87772369e-05 0.0
-0.000317001803 6.33295131e-05 0.0
-0.000388376269 7.65659061e-05 0.0
-0.000232478458 7.78356043e-05 0.0
-4.10286048e-05 0.000136215647 0.0
-0.000216549801 0.000340043189 0.0
-3.06669463e-05 0.000347136578 0.0
-0.000537015731 0.000417872187 0.0
-0.000332880853 0.000136405768 0.0
-0.000428109488 0.00010683859 0.0
2.85207034e-06 3.39222097e-05 0.0
-9.66000953e-05 0.000148234976 0.0
-0.000669713074 0.000436447037 0.0
-0.000130095024 0.00041031072 0.0
-0.000467371749 0.000361202052 0.0
-0.000461279531 0.000302175293 0.0
-0.000653920695 6.2148094e-05 0.0
-0.000352589734 0.000187721365 0.0
-0.00020940695 0.000408844033 0.0
-0.000320573454 0.000103369093 0.0
-0.000391525537 0.000425014703 0.0
-0.000209408128 0.000227828059 0.0
-2.35840689e-05 3.77991892e-05 0.0
-0.000249945762 0.000266285671 0.0
-0.000297855237 0.000189387865 0.0
-0.000544942857 4.00652934e-05 0.0
-3.40020961e-05 0.000429825333 0.0
-0.000166776736 4.66112469e-05 0.0
-0.000289643212 0.000189869563 0.0
-0.000215754233 0.000448886625 0.0
-0.000463702047 1.82130111e-06 0.0
-0.000411662215 0.000377236516 0.0
-9.40237733e-05 6.08900737e-05 0.0
-0.000516515691 0.000353259005 0.0
-0.000286281342 0.000145588841 0.0
-0.000454909983 5.45856965e-05 0.0
-0.000494508131 8.41916553e-05 0.0
-0.000232650025 0.000423028774 0.0
-0.000245453557 0.000235286236 0.0
-0.00042599329 0.000389792607 0.0
-0.000452830049 0.000305352325 0.0
-8.92211392e-05 5.1612893e-05 0.0
-0.000169479914 0.000264340721 0.0
-0.000476295041 0.000407976215 0.0
-9.45856445e-05 8.51264849e-05 0.0
-0.00043629689 -4.23494203e-05 0.0
-0.000625911227 0.000349589653 0.0
-0.000542095513 0.000299294945 0.0
-0.000504134456 0.00020359362 0.0
-0.000359742291 0.000428084808 0.0
-0.000202281153 8.76556878e-05 0.0
-0.000103443119 0.000132310844 0.0
-0.000237031883 0.000165535777 0.0
-9.05836132e-05 0.000443941826 0.0
-0.000379162229 0.000447957049 0.0
-0.000610132294 0.000108873275 0.0
-0.000351074501 0.000306562142 0.0
-2.34197068e-05 0.000145014128 0.0
-0.000452875858 0.000415759423 0.0
-0.00022539495 0.000474414235 0.0
-0.000355331402 0.000234838313 0.0
-0.000274644379 0.000376279291 0.0
-0.000338421873 0.000193756554 0.0
-0.000225968572 0.000125371254 0.0
-0.000102197511 9.16180143e-05 0.0
-0.000128978878 0.000443897239 0.0
-0.000655691139 7.52734268e-05 0.0
-0.000470593397 0.000321798056 0.0
-0.000258577231 0.000299425767 0.0
1.30592716e-05 0.000351138879 0.0
-0.000231034617 0.000170972431 0.0
-0.000300822314 0.000192278792 0.0
-0.000222872506 0.000148374107 0.0
-0.000628254842 0.000293028104 0.0
-0.000632162963 0.000303881097 0.0
-0.000193007028 0.000114580856 0.0
-0.00061421335 -2.10257667e-06 0.0
3.46925026e-06 3.97124786e-05 0.0
-0.000386732543 0.00026207426 0.0
-6.72758542e-05 4.09521708e-05 0.0
-0.00051532127 0.000241274916 0.0
-0.000433659297 0.000290761731 0.0
-0.000320505758 0.000450208929 0.0
-0.000571595854 0.000207546313 0.0
-0.000649124268 4.65829762e-05 0.0
-0.000394167844 0.000466747326 0.0
-0.000648501329 0.000176596121 0.0
-0.000235505257 0.0004264038 0.0
-0.000523131108 0.000244647556 0.0
-0.000160481286 7.62617492e-05 0.0
-0.000275632599 0.000187769241 0.0
-0.000275568978 0.00010418379 0.0
-0.000470925646 0.000373239454 0.0
-0.000533934042 0.000358200283 0.0
-0.000585059111 0.000426914921 0.0
-0.000265798823 0.000201904943 0.0
-0.000341405655 0.000237192216 0.0
-0.000238930152 3.40319675e-05 0.0
-0.000124165526 9.40396058e-05 0.0
-0.000349021255 0.000186218007 0.0
-0.00025572686 0.000410544046 0.0
-0.000181729469 4.53689318e-05 0.0
-0.000282163819 0.000201427683 0.0
-0.000122329453 0.000270583201 0.0
-0.000539625646 0.000112823218 0.0
-0.000138029383 8.74210673e-05 0.0
-0.000651617127 0.000226252232 0.0
-0.000275912025 0.000261259731 0.0
-7.66052399e-05 0.000334313809 0.0
-0.000407985994 0.000302012108 0.0
-0.000602661399 0.000133298265 0.0
-7.84403746e-05 0.000136784001 0.0
-0.000334005745 0.000497575151 0.0
-0.000204289507 0.000318494422 0.0
-0.000295475562 0.000300517946 0.0
-0.00036355693 0.00039530106 0.0
-0.000578186475 1.5198184e-06 0.0
-6.09836388e-05 0.000282295223 0.0
-0.000135072798 0.000212166313 0.0
-8.7991175e-05 7.09699743e-05 0.0
-8.79975851e-05 0.000348634698 0.0
-0.000114991111 0.000175333553 0.0
-0.000403443235 0.000385800231 0.0
-0.000112166796 0.000171992186 0.0
-0.000276971114 0.000460220268 0.0
-0.000564423157 2.3708717e-06 0.0
-0.00023319223 0.000292368204 0.0
-0.000423527847 0.000440038391 0.0
-0.000539001485 0.000302459492 0.0
-2.68537724e-06 0.000271821744 0.0
-0.000312408025 0.000417183444 0.0
-0.000217432113 0.000146416307 0.0
-0.000321005238 0.000377068762 0.0
-0.000134808273 0.000158426774 0.0
-0.000249891018 0.000135099603 0.0
-0.000406857376 4.42809396e-05 0.0
-0.000579348183 -3.14696581e-06 0.0
-0.000428714964 0.000143855345 0.0
-0.000238089255 0.000446848047 0.0
-9.15005221e-05 9.20426028e-05 0.0
-0.00046456221 0.000407825399 0.0
-0.000342914253 0.00035162727 0.0
-0.000419773511 0.000271757715 0.0
-0.000199567585 3.23236272e-05 0.0
-0.000584758294 0.000287402509 0.0
-0.000475831243 0.000406208768 0.0
-0.000628603331 0.000320113671 0.0
-0.000161726377 0.00021716427 0.0
-0.000376101001 0.000182938486 0.0
-8.56214392e-05 5.74866826e-05 0.0
-0.000459675386 -2.26164975e-05 0.0
-0.000246134878 3.28528586e-05 0.0
-0.000451174215 0.00014279467 0.0
-0.000377409684 0.000327779533 0.0
-0.000175859663 9.97758543e-05 0.0
-0.000197303219 0.000127491279 0.0
-0.000533527869 0.000142125777 0.0
-0.00019917186 0.000387885375 0.0
-0.00024881342 0.000103486542 0.0
-0.000373102288 0.00014920102 0.0
-0.000183053853 0.000281749322 0.0
-0.000331899762 0.000212350729 0.0
-0.00021562996 0.000192107065 0.0
-0.000282747176 4.6176996e-05 0.0
-5.27315169e-05 0.000304125715 0.0
-0.000367315457 0.000380963 0.0
-0.000134165617 0.000128372412 0.0
-0.000192605818 5.59381442e-05 0.0
-0.000116925374 0.000191146493 0.0
-0.000542565831 0.000438775751 0.0
-0.00053023349 0.000398651842 0.0
-3.31106421e-05 0.000103689395 0.0
-0.00050153269 3.75796262e-05 0.0
-0.000165822086 8.381917e-05 0.0
-0.00061429129 0.000297697814 0.0
-0.00053632498 0.000367705157 0.0
-0.0001148722 0.000108953835 0.0
-0.000252369151 0.000312933844 0.0
-0.000107668435 0.000341335661 0.0
-0.000608858711 0.000242059134 0.0
-2.38475131e-05 2.42486622e-05 0.0
-0.000574706879 0.000144537218 0.0
-0.000251898833 6.06648064e-05 0.0
-0.000309123483 0.000281080487 0.0
-0.000597096863 0.000366607623 0.0
-0.000306406902 0.000143811951 0.0
-0.000464244047 9.14798366e-05 0.0
-0.000584169466 0.00010534349 0.0
-0.000238572437 0.000274857914 0.0
-1.3636879e-05 4.86051613e-05 0.0
-0.000486621546 -3.0999141e-05 0.0
-0.00047711801 0.000348576694 0.0
-0.000267888419 0.000289117714 0.0
-0.000538524182 -4.86226645e-06 0.0
-0.000267651543 0.000217691006 0.0
-0.000362705439 0.000121494617 0.0
-0.000242358292 0.000200984519 0.0
-0.000562258414 -2.25739586e-06 0.0
-0.00036947336 0.000102943362 0.0
-0.000191201412 0.000411093555 0.0
-0.000484814809 0.00036816849 0.0
-0.00047825923 0.000334545446 0.0
-0.00036833834 0.000248351251 0.0
-0.00022815034 0.000242394075 0.0
2.23412442e-07 2.44595903e-05 0.0
-0.000267072639 0.000183449636 0.0
-0.000316336169 0.000146495731 0.0
-0.000142553181 6.56984048e-05 0.0
-7.70478364e-05 0.00024539305 0.0
-0.00016443606 0.000175478752 0.0
-0.000429200329 0.000362201623 0.0
-0.000429917913 0.000398637465 0.0
1.69965006e-05 0.000390427856 0.0
-0.000147170693 0.000129232358 0.0
-0.000258592074 0.000191990475 0.0
-0.000333975942 1.00582201e-05 0.0
-0.000324942404 0.000148037157 0.0
-7.81438939e-05 0.000360598235 0.0
-0.000616058707 0.000268732227 0.0
-0.000393244089 0.000218281319 0.0
-0.000251385674 0.000241134621 0.0
-0.000562296482 2.21028113e-05 0.0
-8.96801721e-05 0.000302030792 0.0
-0.0001624695 0.000338788843 0.0
-9.14231205e-05 5.94461308e-05 0.0
-0.000412317051 -4.16508956e-05 0.0
-0.000544855313 -3.81067593e-06 0.0
-0.000463560631 0.000244729192 0.0
-7.13458721e-05 0.000192122243 0.0
-0.000525740674 0.000338720682 0.0
-4.86081371e-05 0.00034536724 0.0
-0.000258356798 0.000178549279 0.0
-0.000370397349 0.000288239797 0.0
-0.000524819596 0.00022942583 0.0
-0.000176037705 0.000138332587 0.0
-0.000466714147 0.000110412286 0.0
-0.000456583279 0.000298699684 0.0
-0.000166461876 0.000306923466 0.0
-0.000380667945 0.000105180421 0.0
-0.000308542425 0.000126555111 0.0
-0.000109518238 0.000231617814 0.0
-0.000628121488 -8.44970145e-07 0.0
-7.16077193e-05 0.000200541763 0.0
-0.000556892366 0.000286680384 0.0
-0.000152080582 0.00042994041 0.0
-8.6870401e-05 0.000474693341 0.0
-0.000508974423 9.98850519e-05 0.0
-0.000430138607 0.000179120325 0.0
-0.000409124972 -3.16503542e-06 0.0
-4.77673275e-05 0.000393179682 0.0
-0.000225766649 0.000164919125 0.0
-0.000136282237 0.000287615141 0.0
2.24018822e-05 0.000372200564 0.0
-3.5584806e-05 0.000274141261 0.0
-0.000612228527 1.82581934e-05 0.0
-0.00055142038 0.000344217056 0.0
-5.93190598e-05 0.000119760014 0.0
-0.000340342289 0.000114496514 0.0
-0.000116511095 9.24924025e-05 0.0
-0.000669007772 0.000436208822 0.0
-0.000356106728 0.000263678958 0.0
-0.000327844085 0.000192856503 0.0
-0.000508095662 -1.31310644e-05 0.0
-0.000636491459 4.11375331e-05 0.0
-6.67916465e-05 0.000189400045 0.0
-0.000538666965 6.81852616e-05 0.0
-0.000444420788 0.000391097914 0.0
-0.000504825439 6.38771417e-06 0.0
-0.000458990136 0.000276751816 0.0
-0.00034588424 0.000157691466 0.0
-4.46571357e-05 0.000154020701 0.0
-0.000534890336 0.000307289796 0.0
-0.00059613405 7.2217219e-05 0.0
-0.00012570346 0.000343558408 0.0
-0.000498598267 0.000362049497 0.0
-0.000254172541 0.000229735044 0.0
-5.82540997e-05 0.00045204669 0.0
-0.000317912665 0.000224124218 0.0
-0.00014170444 9.34451673e-05 0.0
-0.000280865293 0.00042806784 0.0
-0.000207074612 0.000357200799 0.0
-0.000443929312 3.09935931e-05 0.0
-0.000145128535 0.000245930831 0.0
-0.000221679977 0.000129898574 0.0
-0.000567012175 4.32885645e-05 0.0
-0.00049464911 0.000409935281 0.0
-0.000598326907 0.000325093715 0.0
-0.000535689294 0.00034660133 0.0
-0.000514894025 0.00019623735 0.0
-4.77764552e-05 0.00042926785 0.0
-5.0474915e-05 0.000314146979 0.0
-0.000507970341 0.000416116673 0.0
-0.000639085309 0.00032954014 0.0
-0.000469973864 0.000198197362 0.0
-0.000117651245 0.000310290983 0.0
-0.000555336359 0.000419476361 0.0
-0.000699844852 0.00045853763 0.0
-0.000267946481 0.000223295676 0.0
-0.000174806002 0.000498809735 0.0
-0.00036691525 8.53358069e-05 0.0
-0.000523073482 0.000336969562 0.0
-3.31481715e-05 4.42269411e-05 0.0
-0.00013099362 0.000178041257 0.0
-0.000563208596 0.000367936533 0.0
-0.000240048845 0.000364579842 0.0
-0.000548353011 8.3960942e-05 0.0
-0.000179197639 3.85404746e-05 0.0
-0.000170544081 0.000420543103 0.0
-0.000602993881 0.000182752061 0.0
-1.15445505e-06 0.000126207946 0.0
-0.000208761267 0.000339629332 0.0
-0.000548596727 -2.06816026e-06 0.0
-0.000143076919 0.000385748252 0.0
-0.000140374541 0.00044483153 0.0
-0.000319769228 0.000337703532 0.0
-0.000354998978 0.000185783516 0.0
-0.000512502505 0.000316309743 0.0
-0.000358945719 2.38943358e-05 0.0
-7.59337672e-06 1.020538e-05 0.0
-0.000431293302 0.000337394216 0.0
-0.000559086155 0.000358763413 0.0
-0.000622147869 4.60889605e-05 0.0
-0.000211006118 0.000423630059 0.0
-4.14225287e-05 0.000160934069 0.0
-0.000390816305 3.64469342e-05 0.0
-0.00020559007 0.000148157807 0.0
-0.000450412597 0.000196262044 0.0
-0.000337519799 5.5608929e-05 0.0
-0.000429876003 0.000381907099 0.0
-0.000244860741 0.000188996346 0.0
-0.000144645557 0.000442999735 0.0
-0.000325356144 0.000254014798 0.0
-0.000227384036 0.000429980777 0.0
-0.000245854986 0.00024630464 0.0
-0.000224115443 2.94401707e-05 0.0
-0.000262665999 0.000228270888 0.0
-0.000106763735 0.000462393655 0.0
-0.000355609402 6.91436944e-05 0.0
-0.000167689184 0.000254436949 0.0
-0.00024309018 0.000342633604 0.0
-0.00025275143 0.000214380532 0.0
-3.02395092e-05 1.43809266e-05 0.0
-0.000154125213 6.45598266e-05 0.0
