0.00167866074 -8.89860166e-06 0.0
0.00165608025 1.18909793e-05 0.0
0.000528296805 -1.87837832e-05 0.0
0.0004978262 -1.89577167e-05 0.0
0.000531557132 -3.46894158e-05 0.0
0.00200681412 -1.89577167e-05 0.0
0.0020372849 -1.87837832e-05 0.0
0.00096295157 -9.37189179e-05 0.0
0.000938013894 -3.37923047e-05 0.0
0.000902100524 -6.59328143e-05 0.0
0.000156982875 2.05090964e-05 0.0
0.00018192055 -3.94175149e-05 0.0
0.00129296107 -0.000134076574 0.0
0.00127473287 -8.37669068e-05 0.0
0.00121617131 -0.000113779432 0.0
0.000493701897 -2.94655092e-05 0.0
0.000511930033 -7.97751709e-05 0.0
0.00141645037 2.42572842e-05 0.0
0.00139280746 7.43140772e-05 0.0
0.00200122688 -4.07766129e-05 0.0
0.00206087087 -4.29339816e-05 0.0
0.00200659013 3.40741426e-05 0.0
0.00055188284 -4.29339816e-05 0.0
0.000492238905 -4.07766129e-05 0.0
0.000945767737 -9.642433e-05 0.0
0.000920738326 -3.85843305e-05 0.0
0.00173674116 -1.61334792e-05 0.0
0.00171359803 4.18001036e-05 0.0
0.00100507354 -6.5395725e-05 0.0
0.000983732869 4.32591078e-05 0.0
0.000253972568 5.51174417e-05 0.0
0.000181398224 5.18941233e-05 0.0
0.000240296664 -4.90131824e-05 0.0
0.00169038621 5.18941233e-05 0.0
0.00176296057 5.51174417e-05 0.0
0.00048045718 -6.62629463e-05 0.0
0.000455753267 4.66763086e-05 0.0
0.000508366618 -0.000102759674 0.0
0.000484033808 1.49485686e-05 0.0
0.00114916859 -4.54286746e-05 0.0
0.00112753664 4.15764771e-05 0.0
0.00173780683 -3.56294331e-05 0.0
0.00171480316 4.12064837e-05 0.0
0.000867667026 -0.000112736852 0.0
0.000842723122 -5.16634464e-05 0.0
0.00140625855 4.21896475e-05 0.0
0.00138085335 8.1888058e-05 0.0
0.000781030976 -5.43013994e-05 0.0
0.0 0.0 0.0
0.00150898797 0.0 0.0
0.00229001907 -5.43013994e-05 0.0
0.00168237137 -7.98042311e-06 0.0
0.00168517674 -6.28147473e-06 0.0
0.00168700225 -4.23976098e-06 0.0
0.00168763229 -2.03053651e-06 0.0
0.00168693962 -1.31659704e-07 0.0
0.00168449711 1.6718584e-06 0.0
0.00168127124 4.25230837e-06 0.0
0.00167681486 7.57558882e-06 0.0
0.00167098315 1.04205155e-05 0.0
0.00166551536 1.20490695e-05 0.0
0.00166045374 1.24417165e-05 0.0
0.00165249035 1.03681723e-05 0.0
0.00164992339 8.35641004e-06 0.0
0.00164841302 6.08566324e-06 0.0
0.00164793117 3.8383987e-06 0.0
0.00164902909 1.25173381e-06 0.0
0.00165244238 -1.75505068e-06 0.0
0.0016571458 -3.64896641e-06 0.0
0.00166198972 -4.76421565e-06 0.0
0.00166628591 -7.03490332e-06 0.0
0.00167064613 -8.54680911e-06 0.0
0.00167473836 -9.31986324e-06 0.0
0.000499385525 -2.10773687e-05 0.0
0.000502407143 -2.20032089e-05 0.0
0.000506138895 -2.37184504e-05 0.0
0.000510845974 -2.68486965e-05 0.0
0.000516340602 -3.05456815e-05 0.0
0.000521834998 -3.3154025e-05 0.0
0.000527011871 -3.46132801e-05 0.0
0.00053526659 -3.38335667e-05 0.0
0.000538020977 -3.23340064e-05 0.0
0.000539735542 -3.03120978e-05 0.0
0.000540497655 -2.76519295e-05 0.0
0.00053990481 -2.42054739e-05 0.0
0.000537297921 -2.05936212e-05 0.0
0.00053299556 -1.90860483e-05 0.0
0.00203341432 -1.66277805e-05 0.0
0.00202932605 -1.44093246e-05 0.0
0.00202447502 -1.24062681e-05 0.0
0.0020193134 -1.16436713e-05 0.0
0.00201457785 -1.1842716e-05 0.0
0.00201096293 -1.31819515e-05 0.0
0.00200859434 -1.52180874e-05 0.0
0.00200732658 -1.72741184e-05 0.0
0.000928509631 -3.26898626e-05 0.0
0.00091991137 -3.35048098e-05 0.0
0.000912237039 -3.58396501e-05 0.0
0.000905966153 -3.96607102e-05 0.0
0.000901361695 -4.50525913e-05 0.0
0.00089905737 -5.1970499e-05 0.0
0.000899538281 -5.95437086e-05 0.0
0.00090690155 -7.10864115e-05 0.0
0.000912229531 -7.62800046e-05 0.0
0.000918947975 -8.24721574e-05 0.0
0.000927026675 -8.83723333e-05 0.0
0.0009365101 -9.32402618e-05 0.0
0.000945911335 -9.61235928e-05 0.0
0.000954976189 -9.61373589e-05 0.0
0.000188396458 -3.48467838e-05 0.0
0.000193136148 -2.86100676e-05 0.0
0.00019564676 -2.18628702e-05 0.0
0.00019561642 -1.49795887e-05 0.0
0.000193128522 -9.27237852e-06 0.0
0.000188669525 -4.02138494e-06 0.0
0.000183150245 3.4860509e-06 0.0
0.000175791589 1.09127759e-05 0.0
0.000166495331 1.69100222e-05 0.0
0.00126506924 -7.81772978e-05 0.0
0.00125457125 -7.47737504e-05 0.0
0.00124398235 -7.41436816e-05 0.0
0.00123412954 -7.64014185e-05 0.0
0.00122586126 -8.12655708e-05 0.0
0.00121966179 -8.78034698e-05 0.0
0.0012156117 -9.55175346e-05 0.0
0.001213938 -0.000104228922 0.0
0.00122188078 -0.000122803758 0.0
0.00122949388 -0.000129836073 0.0
0.00123807811 -0.000135685346 0.0
0.00124732195 -0.000140862991 0.0
0.00125739747 -0.000144643389 0.0
0.00126778276 -0.000145716418 0.0
0.00127755571 -0.000144254213 0.0
0.00128618954 -0.000140200325 0.0
0.00051664433 -7.1421935e-05 0.0
0.000518075423 -6.18922932e-05 0.0
0.000516110333 -5.22879709e-05 0.0
0.000510735263 -4.36908012e-05 0.0
0.000503022282 -3.62602877e-05 0.0
0.00142350572 2.60845809e-05 0.0
0.00142920623 2.94013207e-05 0.0
0.00143341662 3.32944401e-05 0.0
0.00143544073 3.92064903e-05 0.0
0.00143457833 4.57155948e-05 0.0
0.0014316669 5.20438589e-05 0.0
0.00142639736 5.61754787e-05 0.0
0.00142145122 6.14302553e-05 0.0
0.00141611532 6.59940561e-05 0.0
0.00140918419 7.02005491e-05 0.0
0.0014010974 7.32516492e-05 0.0
0.00138528913 7.32627668e-05 0.0
0.00137884659 7.03905534e-05 0.0
0.00137400371 6.63650571e-05 0.0
0.00137098331 6.15885583e-05 0.0
0.00137010415 5.63852882e-05 0.0
0.00137131941 5.04017189e-05 0.0
0.00137544668 4.29808606e-05 0.0
0.00138282927 3.51635317e-05 0.0
0.00139121676 2.92966033e-05 0.0
0.0013999514 2.56423536e-05 0.0
0.00140847755 2.40465142e-05 0.0
0.00206767023 -3.58481084e-05 0.0
0.00207196642 -2.73737569e-05 0.0
0.00207336363 -1.77892507e-05 0.0
0.00207072753 -7.3529809e-06 0.0
0.00206389278 4.16344164e-06 0.0
0.0020546196 1.44433352e-05 0.0
0.00204373104 2.28297213e-05 0.0
0.00203170907 2.92903187e-05 0.0
0.00201902771 3.33990465e-05 0.0
0.00199509738 3.15664329e-05 0.0
0.0019853136 2.62879203e-05 0.0
0.00197773939 1.9143401e-05 0.0
0.0019727489 1.06478919e-05 0.0
0.0019705086 8.9115548e-07 0.0
0.00197269209 -9.74360591e-06 0.0
0.00197733101 -1.92958996e-05 0.0
0.00198436249 -2.657394e-05 0.0
0.00199196581 -3.40949045e-05 0.0
0.000502149633 -4.61928103e-05 0.0
0.000513120613 -5.00050046e-05 0.0
0.000524197472 -5.14604653e-05 0.0
0.000534660125 -5.05623211e-05 0.0
0.000544010894 -4.75574452e-05 0.0
0.000953827577 -9.45791035e-05 0.0
0.000960669538 -9.08321163e-05 0.0
0.00096572499 -8.58792628e-05 0.0
0.00096908299 -8.00742637e-05 0.0
0.000970405526 -7.37949595e-05 0.0
0.000969037239 -6.69410729e-05 0.0
0.000964889186 -6.18944978e-05 0.0
0.00095987774 -5.77089959e-05 0.0
0.000954018091 -5.27615193e-05 0.0
0.000946989632 -4.7378202e-05 0.0
0.00093858788 -4.30000982e-05 0.0
0.000929508184 -3.97249423e-05 0.0
0.00091274298 -3.94260096e-05 0.0
0.000905815221 -4.20722463e-05 0.0
0.000900426705 -4.60432311e-05 0.0
0.000896718644 -5.15777974e-05 0.0
0.000895300123 -5.79337466e-05 0.0
0.000896502752 -6.41121733e-05 0.0
0.0008991207 -7.05264756e-05 0.0
0.000903985696 -7.75027511e-05 0.0
0.000910806295 -8.44093884e-05 0.0
0.000918987207 -9.03395558e-05 0.0
0.000927962246 -9.42692859e-05 0.0
0.000936997763 -9.63115235e-05 0.0
0.00174550281 -1.41919027e-05 0.0
0.00175253022 -9.81650646e-06 0.0
0.00175742886 -3.76741514e-06 0.0
0.00175993692 3.56455166e-06 0.0
0.00175917149 1.16150122e-05 0.0
0.00175514433 1.95973953e-05 0.0
0.00174871623 2.63964539e-05 0.0
0.00174128113 3.22901542e-05 0.0
0.00173238653 3.73194271e-05 0.0
0.00172299996 4.09498462e-05 0.0
0.00170501007 4.01362413e-05 0.0
0.00169791363 3.61957391e-05 0.0
0.00169297413 3.0601419e-05 0.0
0.00169069378 2.38874436e-05 0.0
0.00169153616 1.7068438e-05 0.0
0.00169426971 9.65144955e-06 0.0
0.00169992133 1.61136268e-06 0.0
0.00170844456 -5.68863788e-06 0.0
0.00171752437 -1.14217437e-05 0.0
0.00172719557 -1.52562452e-05 0.0
0.00102035061 -6.29962015e-05 0.0
0.00103392836 -5.73552497e-05 0.0
0.00104510365 -4.84361408e-05 0.0
0.00105238683 -3.6604848e-05 0.0
0.00105632585 -2.26507982e-05 0.0
0.00105638197 -8.21166032e-06 0.0
0.00105140056 5.92787364e-06 0.0
0.00104150549 1.93355154e-05 0.0
0.00102898711 2.89251802e-05 0.0
0.00101526338 3.62216997e-05 0.0
0.000999779208 4.16040566e-05 0.0
0.000968128385 4.10302891e-05 0.0
0.000954349991 3.50514019e-05 0.0
0.000943108345 2.58818854e-05 0.0
0.000935119228 1.40006878e-05 0.0
0.000931369024 4.07227141e-08 0.0
0.000932667754 -1.50247042e-05 0.0
0.000938371173 -2.89991276e-05 0.0
0.000947971304 -4.10960893e-05 0.0
0.000960174366 -5.05676871e-05 0.0
0.000973754853 -5.85187699e-05 0.0
0.000989061897 -6.36092955e-05 0.0
0.000172722299 4.19953139e-05 0.0
0.000167566206 3.00332304e-05 0.0
0.000166407161 1.73542612e-05 0.0
0.00016903611 5.00712576e-06 0.0
0.000174454384 -7.06124001e-06 0.0
0.000182991804 -1.94581899e-05 0.0
0.000194969558 -3.0982872e-05 0.0
0.000209169695 -4.07835287e-05 0.0
0.000224656702 -4.70389023e-05 0.0
0.000255091232 -4.72197207e-05 0.0
0.000268129777 -4.2165364e-05 0.0
0.000278813299 -3.42111052e-05 0.0
0.000286786963 -2.3642031e-05 0.0
0.000290985365 -1.06113548e-05 0.0
0.000291319069 4.23944357e-06 0.0
0.000287119736 1.95267894e-05 0.0
0.00027900745 3.37523234e-05 0.0
0.000267514464 4.57866336e-05 0.0
0.00174776511 6.1607876e-05 0.0
0.00173193915 6.44855245e-05 0.0
0.0017163856 6.38790734e-05 0.0
0.0017022728 5.93584155e-05 0.0
0.000496077468 -6.40741055e-05 0.0
0.000509620761 -5.81237837e-05 0.0
0.000520423288 -4.90026832e-05 0.0
0.000527539814 -3.71311071e-05 0.0
0.000530269113 -2.40034769e-05 0.0
0.000529036857 -1.11132194e-05 0.0
0.000523920753 1.26527641e-06 0.0
0.000515089021 1.44560927e-05 0.0
0.000502429786 2.77939653e-05 0.0
0.000487683428 3.82464532e-05 0.0
0.000471874664 4.48035207e-05 0.0
0.000440579897 4.43441277e-05 0.0
0.000427193096 3.86462962e-05 0.0
0.000416425144 2.98511859e-05 0.0
0.000408811815 1.83922148e-05 0.0
0.000404888036 4.56809403e-06 0.0
0.000405637315 -1.09730026e-05 0.0
0.000411491259 -2.70941782e-05 0.0
0.000420923752 -4.07580337e-05 0.0
0.000433492387 -5.16055188e-05 0.0
0.000448274543 -5.95798156e-05 0.0
0.000464163226 -6.47312336e-05 0.0
0.00052459666 -0.000100431767 0.0
0.000538932974 -9.42465194e-05 0.0
0.000550625147 -8.49221833e-05 0.0
0.000558875152 -7.31825712e-05 0.0
0.000563280133 -5.91219759e-05 0.0
0.000561991532 -4.29371539e-05 0.0
0.000555807201 -2.69503435e-05 0.0
0.000545907533 -1.33405165e-05 0.0
0.000532901671 -2.15451951e-06 0.0
0.000517823268 6.60666001e-06 0.0
0.000501198228 1.30960507e-05 0.0
0.000467703532 1.22044903e-05 0.0
0.000453250221 5.44131763e-06 0.0
0.000441641867 -4.75350589e-06 0.0
0.000433868583 -1.8120978e-05 0.0
0.000430638291 -3.30168077e-05 0.0
0.00043193865 -4.82189425e-05 0.0
0.000438112038 -6.2525578e-05 0.0
0.000447793078 -7.5090109e-05 0.0
0.000460332958 -8.59354259e-05 0.0
0.000475165783 -9.48180605e-05 0.0
0.000491496059 -0.000100821177 0.0
0.00116188498 -4.25345424e-05 0.0
0.00117304875 -3.64633524e-05 0.0
0.00118178979 -2.78834777e-05 0.0
0.00118719472 -1.71545471e-05 0.0
0.00118814642 -4.72590546e-06 0.0
0.00118440203 7.68834343e-06 0.0
0.00117599266 1.84893706e-05 0.0
0.00116581225 2.69621814e-05 0.0
0.0011541741 3.51428171e-05 0.0
0.00114114932 4.02884034e-05 0.0
0.00111464062 3.91073154e-05 0.0
0.00110349082 3.37503407e-05 0.0
0.00109501299 2.57587926e-05 0.0
0.00108973496 1.47557912e-05 0.0
0.00108780037 1.49117659e-06 0.0
0.00109026593 -1.21053417e-05 0.0
0.00109830534 -2.4757559e-05 0.0
0.00111016713 -3.49133988e-05 0.0
0.00112243136 -4.11860965e-05 0.0
0.00113576616 -4.5013312e-05 0.0
0.00174852984 -3.29689683e-05 0.0
0.00175757078 -2.79346805e-05 0.0
0.00176462031 -2.10349572e-05 0.0
0.00176899706 -1.27763869e-05 0.0
0.00177060382 -3.50960454e-06 0.0
0.00176764384 6.40971075e-06 0.0
0.00176131597 1.65152051e-05 0.0
0.00175376015 2.39495657e-05 0.0
0.00174549664 3.13413111e-05 0.0
0.00173600437 3.65514024e-05 0.0
0.00172583794 3.98437332e-05 0.0
0.00170376257 4.02180158e-05 0.0
0.00169335934 3.6573696e-05 0.0
0.00168545172 3.06647125e-05 0.0
0.00168017985 2.21835453e-05 0.0
0.00167753687 1.23214832e-05 0.0
0.00167824456 1.61431785e-06 0.0
0.001684107 -9.62811737e-06 0.0
0.00169328123 -1.8542587e-05 0.0
0.00170349563 -2.58852324e-05 0.0
0.0017144857 -3.19114843e-05 0.0
0.00172621396 -3.53554824e-05 0.0
0.000876069942 -0.000110917965 0.0
0.000883130531 -0.000107464919 0.0
0.000888316601 -0.000102372003 0.0
0.000891139091 -9.63667408e-05 0.0
0.00089186721 -8.98719736e-05 0.0
0.000890167139 -8.28182092e-05 0.0
0.000886261289 -7.52620326e-05 0.0
0.000879816827 -6.70944719e-05 0.0
0.000871010532 -6.01346619e-05 0.0
0.0008614955 -5.51068479e-05 0.0
0.000852002413 -5.22310511e-05 0.0
0.000834254432 -5.34249448e-05 0.0
0.000827151118 -5.68492542e-05 0.0
0.000821959693 -6.11116848e-05 0.0
0.000818211993 -6.68554712e-05 0.0
0.000817802735 -7.54743596e-05 0.0
0.000820495305 -8.42158697e-05 0.0
0.000825584051 -9.26335852e-05 0.0
0.000832577643 -9.91434936e-05 0.0
0.000840497902 -0.000104423983 0.0
0.000849238888 -0.000109362838 0.0
0.000858443091 -0.000112308357 0.0
0.00141205138 4.29366446e-05 0.0
0.001416874 4.54026485e-05 0.0
0.00142039021 4.87293764e-05 0.0
0.00142252166 5.2423009e-05 0.0
0.0014235666 5.684598e-05 0.0
0.00142281782 6.24177192e-05 0.0
0.00141896715 6.83067701e-05 0.0
0.00141260203 7.33707202e-05 0.0
0.00140603038 7.68339523e-05 0.0
0.0013992982 7.92606879e-05 0.0
0.0013930588 8.13559527e-05 0.0
0.00138671428 8.21750655e-05 0.0
0.00137562922 8.040393e-05 0.0
0.00137151801 7.84041913e-05 0.0
0.00136841193 7.5445947e-05 0.0
0.00136663148 7.16843642e-05 0.0
0.00136725395 6.70361042e-05 0.0
0.00136949425 6.26594992e-05 0.0
0.00137344736 5.93272998e-05 0.0
0.00137809978 5.61388915e-05 0.0
0.00138234417 5.22175797e-05 0.0
0.00138736574 4.86206045e-05 0.0
0.00139328034 4.51860105e-05 0.0
0.00139989203 4.29510692e-05 0.0
0.000754327106 -6.48792484e-05 0.0
0.000697902578 -6.48764835e-05 0.0
0.000316117832 -2.38306911e-05 0.0
0.000289454998 -2.4207071e-05 0.0
0.000339249906 3.79448284e-06 0.0
0.000391799927 3.27277849e-05 0.0
0.000397206866 4.49722429e-05 0.0
0.000369844725 4.82935866e-05 0.0
0.000316664518 4.87968136e-05 0.0
0.000260838511 4.59329895e-05 0.0
0.000223691415 3.96557371e-05 0.0
0.000215606182 3.41937885e-05 0.0
3.73108487e-05 6.7186018e-05 0.0
1.16909869e-05 5.96679456e-05 0.0
5.0967642e-06 4.01494653e-05 0.0
7.20814387e-06 1.9965084e-05 0.0
6.55418989e-05 -3.25163955e-06 0.0
0.000290931173 -7.82831848e-05 0.0
0.000382017955 -7.28539017e-05 0.0
0.000631822099 -9.20440216e-05 0.0
0.000726984814 -6.70023946e-05 0.0
0.000838507432 1.13032302e-05 0.0
0.000923243701 6.60726e-05 0.0
0.000977844698 8.29379642e-05 0.0
0.00101194507 7.45947691e-05 0.0
0.00105998316 6.21937288e-05 0.0
0.00111755822 5.10986974e-05 0.0
0.0011747661 4.78606926e-05 0.0
0.00122716429 5.298205e-05 0.0
0.00127499271 6.09316448e-05 0.0
0.00131885696 5.61692977e-05 0.0
0.00134284177 5.06607394e-05 0.0
0.0013652544 3.81498285e-05 0.0
0.00139879761 2.86554041e-05 0.0
0.00144781393 1.52597586e-05 0.0
0.00151619618 1.9965084e-05 0.0
0.00151408475 4.01494653e-05 0.0
0.00152067898 5.96679456e-05 0.0
0.00154629885 6.7186018e-05 0.0
0.00172459416 3.41937885e-05 0.0
0.00173267943 3.96557371e-05 0.0
0.00176982651 4.59329895e-05 0.0
0.00182565255 4.87968136e-05 0.0
0.0018788327 4.82935866e-05 0.0
0.00190619484 4.49722429e-05 0.0
0.00190078793 3.27277849e-05 0.0
0.00184823794 3.79448284e-06 0.0
0.00179844303 -2.4207071e-05 0.0
0.00182510586 -2.38306911e-05 0.0
0.00220689061 -6.48764835e-05 0.0
0.00226331502 -6.48792484e-05 0.0
0.00222884491 -3.90416426e-05 0.0
0.00217982847 -2.56459953e-05 0.0
0.00214628549 -1.61515727e-05 0.0
0.00212387275 -3.64066204e-06 0.0
0.00209988793 1.86789907e-06 0.0
0.0020560238 6.63024503e-06 0.0
0.00200819527 -1.31935155e-06 0.0
0.0019557972 -6.44070633e-06 0.0
0.00189858919 -3.20270283e-06 0.0
0.00184101413 7.89232581e-06 0.0
0.00179297605 2.02933697e-05 0.0
0.00175887567 2.86365666e-05 0.0
0.00170427468 1.17711998e-05 0.0
0.00161953841 -4.29981701e-05 0.0
0.00150801579 -0.000121303798 0.0
0.00141285313 -0.000146345425 0.0
0.00116304902 -0.000127155305 0.0
0.00107196218 -0.000132584595 0.0
0.000846572919 -5.75530394e-05 0.0
0.00129380194 -3.27088128e-05 0.0
0.00111774018 5.41380505e-05 0.0
0.00144305825 -1.78250975e-05 0.0
0.000897293678 -3.05539252e-05 0.0
0.00107380038 -6.05992427e-05 0.0
0.00135214056 4.06045001e-06 0.0
0.00121786911 -9.36726647e-05 0.0
0.000729821797 -3.93550108e-05 0.0
0.00184207235 -2.15869059e-05 0.0
0.00118416408 6.7107103e-05 0.0
0.00142344658 3.03425768e-05 0.0
0.000702178048 -3.20314102e-05 0.0
0.00158727122 2.73126625e-05 0.0
0.000855202205 -9.69453322e-05 0.0
0.00164035428 9.91111483e-06 0.0
0.00118246197 6.82314203e-05 0.0
0.00148222398 -1.76432095e-05 0.0
0.000628605834 -7.09409917e-08 0.0
0.000587099348 -4.93992502e-06 0.0
0.000661317783 -3.75342279e-06 0.0
0.00107748166 -9.69111261e-06 0.0
0.00116158219 -5.9257095e-06 0.0
0.00113898865 -5.66537201e-05 0.0
0.00125220558 5.88912262e-05 0.0
0.00182735955 1.00475308e-05 0.0
0.00103769999 6.92815092e-06 0.0
0.000998034608 5.25432806e-05 0.0
0.00155284256 7.93600429e-06 0.0
0.000769097474 -7.69041872e-05 0.0
0.000743463985 -6.96046554e-05 0.0
0.000665085157 -4.34525973e-05 0.0
0.000435472553 -6.15085009e-05 0.0
0.00146508799 -8.43768433e-09 0.0
0.000850676151 -5.04947966e-05 0.0
0.00140751619 -1.83518046e-06 0.0
0.000958773424 -7.89861497e-06 0.0
0.000505738077 -1.74392353e-05 0.0
0.00131593482 -9.44698768e-05 0.0
0.00149561942 -1.56977676e-05 0.0
0.000990112079 -8.24721283e-05 0.0
0.00137845823 3.19517494e-06 0.0
0.00104037346 -7.63762e-05 0.0
0.00134818861 -4.89118975e-05 0.0
0.000399173558 -7.95556116e-05 0.0
0.00119716267 -2.26670909e-05 0.0
0.00129698508 5.36589469e-05 0.0
0.000537494256 -3.28328351e-05 0.0
0.00174514833 6.22866128e-06 0.0
0.000736104557 -5.52732615e-07 0.0
0.000616888341 -1.19652032e-05 0.0
0.00112570636 -0.000120528777 0.0
0.00069810386 -6.51827168e-06 0.0
0.00108088145 7.37650334e-05 0.0
0.00131463411 4.25519975e-05 0.0
0.00118064217 8.00175767e-05 0.0
8.50567521e-05 1.76861358e-05 0.0
0.00106812571 3.79072662e-06 0.0
0.000700537814 -6.94666305e-05 0.0
0.00123279402 6.52222079e-05 0.0
0.0016479512 2.53011749e-05 0.0
0.000940652564 -3.90513451e-05 0.0
0.000867867027 -3.46936713e-06 0.0
0.000798461784 -0.000103724778 0.0
0.000829909462 -0.000101149519 0.0
0.00153521693 3.32935342e-05 0.0
0.0010149501 2.22880972e-05 0.0
0.00070256053 3.24564644e-05 0.0
0.000327646296 -6.63471947e-05 0.0
0.00192681211 -2.48724155e-05 0.0
0.00162923837 -1.20687118e-05 0.0
0.000470603118 -5.52473612e-05 0.0
0.00102947478 -6.74808034e-05 0.0
0.00159505452 1.27091935e-05 0.0
0.00128334539 6.41241058e-05 0.0
0.000791170052 -6.51697264e-05 0.0
0.00148134329 5.64093134e-05 0.0
0.00108190242 2.95691934e-05 0.0
0.001544895 2.65488507e-05 0.0
0.000780692382 -8.4881307e-05 0.0
0.00107022503 -8.36397739e-05 0.0
0.00160545262 -7.24907977e-06 0.0
0.00136525917 -1.30931221e-05 0.0
0.000297910592 4.39898358e-05 0.0
0.00152047072 6.4315238e-05 0.0
0.000630332797 -3.0782674e-05 0.0
0.00180860574 2.64694845e-05 0.0
0.00124517153 1.99708011e-05 0.0
0.00068534672 1.20804384e-06 0.0
0.00194284332 -2.88859974e-05 0.0
0.0018131932 1.13461183e-05 0.0
0.000675429008 -6.92194517e-05 0.0
0.00139956013 -1.01948153e-05 0.0
0.000288633688 1.47503342e-05 0.0
0.00147784268 -7.30759166e-06 0.0
0.000604289875 -4.11836618e-06 0.0
0.00133683032 -1.71383072e-05 0.0
0.00109522359 -1.66811242e-05 0.0
0.00121952628 -5.89173578e-05 0.0
0.001127303 5.27706652e-05 0.0
0.00156720437 -5.11989265e-06 0.0
0.000749026949 -9.83825958e-05 0.0
0.000828226912 -3.077359e-05 0.0
0.00184819452 -1.56643091e-05 0.0
0.000894649012 -7.96572713e-05 0.0
0.000586665003 -3.16250089e-06 0.0
0.00188156718 -1.15279736e-05 0.0
0.000942985003 -3.37373385e-05 0.0
0.0012503115 7.31228647e-05 0.0
0.001613901 1.26808309e-05 0.0
0.00160813611 4.47738239e-05 0.0
0.0011900044 6.53087263e-05 0.0
0.00105025584 -4.13639209e-05 0.0
0.0008543398 -8.77206185e-05 0.0
0.000786032004 -5.46336778e-05 0.0
0.000673460716 -3.87272958e-05 0.0
0.00148353376 -0.000118944459 0.0
0.00059420109 -1.64684079e-05 0.0
0.0014869211 -8.40531175e-06 0.0
0.00187167991 -2.44164057e-05 0.0
0.00175826519 2.18894711e-05 0.0
0.000637508405 -4.75544675e-06 0.0
0.00039466357 -5.13193663e-05 0.0
0.000969717687 -4.67543759e-06 0.0
0.00119105086 -3.74121992e-05 0.0
0.0016364709 1.69328268e-05 0.0
0.00129004556 1.32276891e-05 0.0
0.00117906474 -4.39594114e-05 0.0
0.00134441711 -8.375982e-05 0.0
0.00148740399 4.3008863e-06 0.0
0.00186900573 -2.22645613e-05 0.0
0.00107272202 -7.46563819e-06 0.0
0.00138792139 -3.04639925e-05 0.0
0.000988154789 -9.42865008e-05 0.0
0.00173561287 3.10579271e-05 0.0
0.00068239239 -3.48121976e-05 0.0
0.00123109575 -1.70388421e-06 0.0
0.00155198819 -1.57492304e-05 0.0
0.000521649839 -7.72665499e-06 0.0
0.00152156746 2.01423227e-05 0.0
0.00123205537 -0.000122575933 0.0
0.00115289446 6.52598537e-05 0.0
0.00131988688 5.44056202e-05 0.0
0.00155502663 -6.46294075e-06 0.0
0.000545680639 -3.65795063e-06 0.0
0.00108141417 6.24422319e-05 0.0
0.00058301707 -1.08546956e-05 0.0
0.000398884906 -7.30999091e-05 0.0
0.00134999433 5.22761329e-05 0.0
0.0012936237 6.78172073e-05 0.0
0.000818638189 -5.642428e-05 0.0
0.00153354974 5.08954472e-05 0.0
0.000786863151 -4.51979031e-05 0.0
0.00119564915 6.31249422e-05 0.0
0.00180944311 2.66224833e-05 0.0
0.000583131507 -2.56661078e-05 0.0
0.00127469527 2.77645668e-05 0.0
0.000459306961 -4.81551906e-05 0.0
0.000766853685 -2.92279565e-05 0.0
0.000329310016 -4.17326264e-05 0.0
0.000483062118 -3.2752956e-05 0.0
0.00111133803 -0.000125316103 0.0
0.000942743616 -8.55983089e-05 0.0
0.000762344862 -7.34416826e-05 0.0
0.001103168 -4.40278636e-05 0.0
0.00146630988 3.42010753e-05 0.0
0.00117386598 2.0743857e-05 0.0
0.0019939912 -5.72345107e-06 0.0
0.000565324037 -9.88831198e-06 0.0
0.00176644558 2.30985552e-05 0.0
0.00183608686 1.83197535e-05 0.0
0.000653008989 -5.72962963e-05 0.0
0.000252713973 4.3020882e-05 0.0
0.00180095597 1.07429723e-05 0.0
0.000663565297 -1.11220425e-05 0.0
0.00100966403 -7.3844938e-05 0.0
0.00100608054 -2.46491272e-05 0.0
0.00143723341 -2.01344374e-05 0.0
0.00151709432 4.30781838e-05 0.0
0.00131506124 -7.51783955e-05 0.0
0.000337318663 -8.31875732e-05 0.0
0.000695452269 -4.05601395e-06 0.0
0.000758615963 -5.68420219e-05 0.0
0.00128616136 7.54357416e-06 0.0
6.19133134e-05 1.02883478e-05 0.0
0.0011312376 -0.000119919241 0.0
0.000304420246 -2.8894417e-06 0.0
0.000819780456 -6.84023762e-05 0.0
0.00189292373 -1.18991538e-05 0.0
0.00187563978 -2.07480261e-05 0.0
0.00077709934 -7.76055022e-05 0.0
0.00100413826 7.24308484e-05 0.0
0.00111505494 -8.82190798e-05 0.0
0.00149015163 4.94031046e-05 0.0
0.000447718543 -1.86452962e-05 0.0
0.00169571931 -2.0584248e-05 0.0
0.00160970085 2.57360898e-05 0.0
0.00174978306 1.16047468e-05 0.0
0.00140431419 6.82348764e-05 0.0
0.000609066745 1.91247682e-06 0.0
0.000623179018 -3.12310658e-05 0.0
0.00108931854 -5.55926781e-05 0.0
0.000962320133 -1.96560177e-05 0.0
0.00125057145 6.3063424e-05 0.0
0.00108029624 -2.92771292e-05 0.0
0.000948132772 1.27364938e-05 0.0
0.00141135952 -3.63923718e-05 0.0
0.000694279966 -6.65793923e-05 0.0
0.00101668329 2.28086265e-05 0.0
0.000837332977 -6.8752779e-05 0.0
0.000672065944 -8.08055484e-05 0.0
0.0014605266 -9.63127895e-05 0.0
0.000940244528 5.56794621e-05 0.0
0.00100509741 -7.78086251e-05 0.0
0.00118856411 8.21498907e-05 0.0
0.000764835859 -2.37963977e-05 0.0
0.00163404271 3.07051232e-05 0.0
0.00142261363 -2.74610884e-05 0.0
0.000737376395 -5.72351128e-05 0.0
0.000826016127 -4.40658368e-05 0.0
0.00106979709 3.39980943e-05 0.0
0.000688322762 -1.41675628e-05 0.0
0.000333654578 2.59771878e-05 0.0
0.000982435304 -7.72651329e-05 0.0
0.000613898155 -1.25389906e-05 0.0
0.00192293606 -2.66022016e-05 0.0
0.00109874061 4.07007828e-05 0.0
0.00123357109 6.3903608e-05 0.0
6.36540353e-05 4.17836527e-05 0.0
0.000369109592 -2.66858988e-05 0.0
0.00218349299 -5.05902499e-05 0.0
0.00084295345 -8.64747853e-05 0.0
0.00161065022 4.39709538e-06 0.0
0.00153603323 -9.39096125e-08 0.0
0.00162729516 6.45443197e-06 0.0
0.00120702246 -1.44182068e-05 0.0
0.00102510618 -9.45307474e-05 0.0
0.000892219134 -4.58735558e-05 0.0
0.00150187069 -1.62329925e-05 0.0
0.000764475495 -8.70825388e-05 0.0
0.000126553001 8.43359339e-06 0.0
0.00101977179 -8.17885884e-05 0.0
0.00107256044 1.10131839e-06 0.0
0.00132303999 5.94336707e-05 0.0
0.000721149379 -3.35065051e-05 0.0
0.000447296217 -5.28987475e-05 0.0
0.00105369883 2.35351963e-05 0.0
0.00108864927 -5.89360097e-05 0.0
0.00115016988 6.8973517e-05 0.0
0.00150633033 8.87252281e-06 0.0
0.000267959607 -6.46022963e-05 0.0
0.00172995543 3.6415247e-06 0.0
0.000895263976 -4.2426549e-05 0.0
0.00118203496 6.20951396e-05 0.0
0.00143353967 5.60533517e-05 0.0
0.00107820658 -6.0252416e-05 0.0
0.000852317025 -0.000102135389 0.0
0.00155634503 3.57303979e-05 0.0
0.001517987 1.17072273e-06 0.0
0.000288134353 -1.77484835e-05 0.0
0.00069845235 -8.82470413e-05 0.0
0.00178699254 1.30934468e-05 0.0
0.000362241961 -6.26062456e-06 0.0
0.00108141603 7.24769998e-05 0.0
0.00198170566 -2.53374565e-05 0.0
0.00166753551 -1.36842561e-06 0.0
0.00153663615 7.0694623e-05 0.0
0.00137065304 -6.12668809e-05 0.0
0.000672599126 2.06340883e-05 0.0
0.000367830478 -5.76814382e-05 0.0
0.000805017422 -9.55969808e-05 0.0
0.000828307122 -7.12630863e-05 0.0
0.00147712324 -5.78089566e-05 0.0
0.00167956378 2.64863302e-05 0.0
0.00128170778 -1.68044808e-05 0.0
0.000320375577 4.68147737e-05 0.0
0.00174590829 2.7278933e-05 0.0
0.00111993344 -8.02176728e-05 0.0
0.00129090843 -3.44921523e-06 0.0
0.00115725049 -7.80075643e-05 0.0
0.00123246829 -1.0263135e-06 0.0
0.000777826761 1.6043572e-05 0.0
0.000361586455 -2.68214462e-05 0.0
0.00089836691 -7.3678646e-05 0.0
0.00166986708 1.81160576e-05 0.0
0.00156493217 -7.42687689e-06 0.0
0.00102827523 -7.801842e-05 0.0
0.000538207183 -1.34592801e-05 0.0
0.000765084929 -0.000111107365 0.0
0.0010746913 -1.48158697e-05 0.0
0.000739523151 -4.452344e-05 0.0
0.00191338197 -1.76652557e-05 0.0
0.00193587481 -2.89758809e-05 0.0
0.00069985172 4.53855428e-05 0.0
0.00143468182 2.78007701e-05 0.0
7.28473678e-05 5.32527702e-05 0.0
0.00134886871 5.96141535e-06 0.0
0.000229122335 -7.14882663e-06 0.0
0.00160589488 -1.20645846e-05 0.0
0.00146501267 -6.74558032e-06 0.0
0.00127031596 -0.000121028483 0.0
0.00167588936 -5.59037062e-06 0.0
0.00160989398 3.90061577e-05 0.0
0.001606356 -4.4136068e-05 0.0
0.00179500936 3.48398717e-05 0.0
0.00109384081 -7.59744216e-05 0.0
0.00162143691 3.34677657e-06 0.0
0.000496418157 -4.92438667e-05 0.0
0.000977384974 6.92027106e-06 0.0
0.000786894292 -4.52951608e-05 0.0
0.00165291887 1.03983466e-05 0.0
0.00182517001 2.70252858e-05 0.0
0.00204675016 1.10130468e-05 0.0
0.000915691897 -5.84024892e-05 0.0
0.00125065376 -1.92660136e-05 0.0
0.000602883229 -5.66592244e-05 0.0
0.000392950693 -7.43529599e-05 0.0
0.00117155618 -3.73912408e-05 0.0
0.00113370363 -0.000104507446 0.0
0.00051065936 -3.90753485e-05 0.0
0.00102333818 2.24596479e-05 0.0
0.0006685853 -3.15729303e-05 0.0
0.00157408882 3.10776377e-05 0.0
0.000429190957 -7.0088674e-05 0.0
0.00181575131 1.40901557e-05 0.0
0.0010969874 -2.92768291e-05 0.0
0.000686558255 -1.49079597e-05 0.0
0.00141220156 -7.6817314e-06 0.0
0.0017083399 3.20438558e-05 0.0
0.000348493661 -6.5029717e-06 0.0
0.00140279881 -0.000144505539 0.0
0.000915099692 -8.30115459e-05 0.0
0.00113442005 -4.10413195e-05 0.0
0.0013783105 -5.15845059e-05 0.0
0.00136343366 4.59176372e-05 0.0
0.000576334307 -1.35048349e-05 0.0
0.000592329423 -1.25443712e-05 0.0
0.000347340829 1.45485565e-05 0.0
0.00072020595 -4.11540823e-05 0.0
0.000480439456 -3.34041615e-05 0.0
0.0014885813 8.70723761e-06 0.0
0.000427934428 -5.17765438e-05 0.0
0.00118928042 -0.000132358953 0.0
0.00134925451 5.35812796e-05 0.0
0.000949294597 -9.00322266e-05 0.0
0.00168824731 5.85373755e-06 0.0
0.0017247994 1.23922118e-05 0.0
0.000388460263 -1.1174403e-05 0.0
0.00125599571 -0.000102709659 0.0
0.000774003624 -8.4095409e-06 0.0
0.00126902619 -7.04974736e-05 0.0
0.000540445326 -3.21172274e-06 0.0
0.000820193032 -1.24641219e-05 0.0
0.00107007031 4.87019424e-05 0.0
0.00136362156 4.3501037e-05 0.0
0.00132635504 5.6406494e-05 0.0
0.00109945738 -0.000101275939 0.0
0.000316071557 -3.74704323e-05 0.0
0.00176627014 1.98217094e-05 0.0
0.00130379375 -4.52012791e-05 0.0
0.0014160882 1.03584516e-05 0.0
0.000542649766 -2.92338864e-05 0.0
0.00180236669 2.33374067e-05 0.0
0.00178513199 1.02375316e-05 0.0
0.00194578688 -2.84840371e-05 0.0
0.000671764661 -3.17266931e-05 0.0
0.0013599518 6.74231414e-05 0.0
0.000324823108 1.73526223e-05 0.0
0.00113108777 7.07038271e-05 0.0
0.00060310791 -7.95482993e-05 0.0
0.00146191183 4.1829102e-05 0.0
0.00136411586 -2.23631268e-05 0.0
0.000622544962 1.08855029e-05 0.0
0.000710214721 2.61855203e-05 0.0
0.00160028355 2.39577566e-05 0.0
0.000995711889 -8.37187617e-05 0.0
0.000751695305 -2.26480315e-05 0.0
0.00126530556 8.13334191e-05 0.0
0.000771605119 -7.70904517e-05 0.0
0.00124216999 4.1676376e-06 0.0
0.000738864997 -8.7140681e-05 0.0
0.000711327477 -7.57352536e-05 0.0
0.000619579223 -5.04990658e-06 0.0
0.00138610601 -4.26732695e-05 0.0
0.000465731457 -3.7638245e-05 0.0
0.000576599559 -1.52040993e-05 0.0
0.000531416852 -1.13697424e-05 0.0
0.00194739946 -1.52399298e-05 0.0
0.0018705643 -1.66392729e-05 0.0
0.000287602452 3.7265123e-05 0.0
0.00124343694 6.25022294e-05 0.0
0.000528451987 -4.4120603e-05 0.0
0.0018616399 -2.27934543e-05 0.0
0.00186069007 2.72978414e-05 0.0
0.000405635277 -4.80839153e-05 0.0
0.00103236036 -6.96794741e-05 0.0
0.000788845296 -2.53094931e-05 0.0
0.00173509505 -1.19418655e-05 0.0
0.000106372667 8.4617177e-06 0.0
0.00166818022 2.37742042e-05 0.0
0.000671844056 -4.73440159e-05 0.0
0.00116585754 -2.03906475e-05 0.0
0.00195209589 -2.63161674e-05 0.0
0.000946561981 -4.39845862e-05 0.0
0.00125907781 5.837957e-05 0.0
0.00162636954 2.3444838e-05 0.0
0.000970822992 -9.80150216e-05 0.0
0.000117637384 1.71586471e-05 0.0
0.00118642219 5.72084718e-05 0.0
0.0016101225 -3.48040146e-07 0.0
0.00105108577 -7.17665898e-05 0.0
0.00129560207 6.2341489e-05 0.0
0.00100970303 8.41584369e-06 0.0
0.00115504873 6.92405956e-05 0.0
0.000809237885 -0.000106987216 0.0
0.00134621095 5.2412699e-05 0.0
0.00108249846 3.22326559e-05 0.0
0.00098654395 -4.76490495e-05 0.0
0.00167697202 8.73424233e-06 0.0
0.00159463484 -5.36942343e-06 0.0
0.00131251221 -1.82605963e-05 0.0
0.000814647821 -0.000100167847 0.0
4.60890515e-05 2.75956008e-05 0.0
0.000915082113 -4.59538824e-05 0.0
0.00102651713 -1.36605649e-05 0.0
0.000388711051 -7.89185578e-05 0.0
0.000531951839 -8.15156454e-06 0.0
0.000630731112 -2.42277183e-05 0.0
0.00151748105 -1.02800177e-05 0.0
0.00157954264 3.59634687e-05 0.0
0.000593342585 -1.31919369e-05 0.0
0.000520840404 -1.13817468e-05 0.0
0.00087227003 -8.35795217e-05 0.0
0.000874498626 2.09353093e-05 0.0
0.00111133407 3.90241221e-05 0.0
0.000677754055 -6.50526708e-05 0.0
0.0017909673 -1.85885765e-05 0.0
0.00137160637 4.6570618e-05 0.0
0.00102047983 -4.61707205e-05 0.0
0.00134442456 6.66803389e-05 0.0
0.000698626915 -1.37672096e-05 0.0
0.000879303494 -7.00936289e-05 0.0
0.000271303492 -4.9062226e-05 0.0
0.00103635632 7.90614649e-05 0.0
0.00130059745 6.82297468e-05 0.0
0.00148174784 3.78628429e-05 0.0
0.000421590375 4.61945092e-05 0.0
0.00175684574 1.21102157e-05 0.0
0.000613336044 -3.2320957e-05 0.0
0.00087256782 -7.39952084e-05 0.0
0.0013214224 -7.84088286e-07 0.0
0.00159402285 4.3368218e-05 0.0
0.000600932282 -3.03483212e-05 0.0
0.0014422728 5.43095448e-05 0.0
0.00152346957 -2.69012503e-06 0.0
0.000812700891 -6.77492644e-05 0.0
0.00113167264 5.55738516e-05 0.0
0.000906063127 -4.85476303e-05 0.0
0.00057544827 -1.4085882e-05 0.0
0.00147808925 1.96172441e-05 0.0
0.000439810014 4.14026654e-05 0.0
0.00172886252 1.90210321e-05 0.0
0.000936251541 -6.52815579e-05 0.0
0.000816821295 -6.71923626e-05 0.0
0.00137917057 5.65867194e-05 0.0
0.00144305441 8.03537914e-05 0.0
0.00104297663 6.67686836e-05 0.0
0.000709417625 -3.46992492e-05 0.0
0.000762547075 -0.000110142784 0.0
0.000715566508 -5.23761992e-05 0.0
0.000556495914 -1.46347666e-05 0.0
0.000499350892 -1.19344413e-05 0.0
0.00147200003 4.31685294e-05 0.0
0.00181739859 4.72188094e-06 0.0
0.000328542228 1.3908837e-05 0.0
0.000989131746 -2.49313616e-05 0.0
0.000382374245 -5.57985295e-05 0.0
0.00216819439 -3.32838645e-05 0.0
0.00128498324 1.22396659e-05 0.0
0.00111850491 -4.24798782e-05 0.0
0.00122410688 6.85543928e-05 0.0
0.0015568824 3.93351365e-05 0.0
0.000408030697 4.65024241e-05 0.0
0.00135724363 5.71457167e-05 0.0
0.0016056326 3.58403668e-05 0.0
0.00122591201 6.69108849e-05 0.0
0.00149541872 1.28462698e-05 0.0
0.0012023818 6.51662122e-05 0.0
0.000353486714 3.65002925e-05 0.0
0.00167619274 -1.32674506e-06 0.0
0.00157045224 2.7020531e-05 0.0
0.000815202948 -5.52690217e-05 0.0
0.00169430918 4.57524402e-06 0.0
0.000891479256 -7.63795542e-05 0.0
0.000767347461 -6.79374498e-05 0.0
0.00122144062 1.84683358e-05 0.0
0.000456578273 -7.02074831e-05 0.0
0.00119187625 -0.000117625306 0.0
0.000990179367 -7.51290572e-05 0.0
0.00113522634 6.24258755e-05 0.0
0.000634155585 -5.84006048e-05 0.0
0.000787233585 3.08961316e-05 0.0
0.00146055827 5.81367858e-05 0.0
0.0018294797 -3.88058879e-06 0.0
0.00188649027 -1.35056725e-05 0.0
0.00178899791 9.58041437e-06 0.0
0.00159796502 2.05261176e-06 0.0
0.000772104948 -1.2423031e-05 0.0
0.000618384802 -7.17565672e-06 0.0
0.00185598712 -2.87313087e-05 0.0
0.0019823336 -2.53471044e-05 0.0
0.00152854389 5.43459919e-06 0.0
0.000744563702 -4.496568e-05 0.0
0.00197720993 -5.69208851e-06 0.0
0.00224271836 -5.27838929e-05 0.0
0.00105626963 1.6918375e-05 0.0
0.00102421269 -0.000105587489 0.0
0.001018496 8.20990044e-06 0.0
0.00173269422 4.60093725e-06 0.0
0.000159611882 4.43460476e-06 0.0
0.000565384806 3.16876867e-06 0.0
0.00189660501 7.82839379e-06 0.0
0.00106858287 -6.93969123e-05 0.0
0.00153455336 4.28224121e-05 0.0
0.000483032316 -4.16988405e-05 0.0
0.000956372998 -6.18802515e-05 0.0
0.00172150601 1.44229962e-05 0.0
0.000266667135 4.55600129e-05 0.0
0.000952538627 -8.38330016e-05 0.0
0.00132610823 5.88300645e-05 0.0
0.000863513618 -6.99943557e-05 0.0
0.00092752272 -6.64346662e-05 0.0
0.00123067526 -4.54780056e-05 0.0
0.00124837493 1.1565091e-05 0.0
0.00162990659 -1.26505129e-05 0.0
0.000937142759 2.98758241e-05 0.0
3.28108654e-05 5.31834394e-06 0.0
0.00149144931 -1.70395397e-05 0.0
0.00189407694 3.11345684e-05 0.0
0.00152962527 2.3481125e-05 0.0
0.00103245361 -0.000101966674 0.0
0.000349458656 4.67861355e-05 0.0
0.00102407241 4.30235705e-05 0.0
0.000659545069 -7.98649926e-05 0.0
0.00149482256 2.66931693e-05 0.0
0.000886329915 -1.57440572e-05 0.0
0.00156012166 2.24403866e-05 0.0
0.000810223748 -0.000108431384 0.0
0.000932161114 -6.97771029e-05 0.0
0.00121923187 1.39637423e-05 0.0
0.00106757751 -8.77331331e-05 0.0
0.00095385313 -8.10846177e-05 0.0
0.000580596039 -4.08968226e-05 0.0
0.00100415584 -1.21278936e-05 0.0
0.0008721716 -7.83943178e-05 0.0
0.000955525669 -3.53442988e-06 0.0
0.000689803332 -8.38584019e-05 0.0
0.00105570129 -6.30448485e-05 0.0
0.00085850223 -9.97963798e-05 0.0
0.000104905404 7.04164722e-06 0.0
0.000443952915 -5.8553549e-05 0.0
