-0.000154571127 -0.000442530931 0.0
-0.000160491691 -0.000516680942 0.0
-0.000383238366 -0.000455423084 0.0
-0.000334783253 -0.000431400113 0.0
-0.000352934294 -0.000420534256 0.0
-4.66266501e-05 -0.000431400113 0.0
-9.5081763e-05 -0.000455423084 0.0
-0.00049798179 -0.000643763167 0.0
-0.000505766773 -0.000727957115 0.0
-0.000428983738 -0.000668507768 0.0
1.4535829e-05 -5.24935895e-05 0.0
2.2320819e-05 3.17003069e-05 0.0
-0.000393027731 -0.000617524609 0.0
-0.000400411634 -0.00064517092 0.0
-0.000351790572 -0.000611464377 0.0
0.000119890974 3.02925691e-05 0.0
0.000127274878 5.79388616e-05 0.0
0.000169795676 -5.52361525e-05 0.0
0.000161078962 -0.000139963042 0.0
-0.000189275001 -0.000549916818 0.0
-0.000235639687 -0.00057073799 0.0
-0.000226668868 -0.000616014702 0.0
-0.000523796305 -0.00057073799 0.0
-0.000477431604 -0.000549916818 0.0
-0.000337146048 -0.00051103218 0.0
-0.000342214538 -0.000571851735 0.0
-0.000287550763 -0.000577324477 0.0
-0.000303463137 -0.00062804058 0.0
-4.53356224e-05 -0.000241541915 0.0
-5.2657273e-05 -0.000245215953 0.0
-0.000129603999 -0.000153959336 0.0
-9.73629139e-05 -0.000141727971 0.0
-0.000100398764 -0.000109964429 0.0
0.000190793682 -0.000141727971 0.0
0.000158552604 -0.000153959336 0.0
-0.000224618911 -0.000275037775 0.0
-0.000240538284 -0.000316972903 0.0
-7.24948404e-05 -0.000144241159 0.0
-8.37742118e-05 -0.000136521994 0.0
-0.000125298975 -0.000289219606 0.0
-0.000138316871 -0.000337106001 0.0
-5.03759693e-05 -0.000367381901 0.0
-5.84061418e-05 -0.000380310317 0.0
-0.000168782994 -0.000347353693 0.0
-0.000186035701 -0.000407677464 0.0
-3.49756956e-05 -0.000261862064 0.0
-4.56690796e-05 -0.000301834487 0.0
-0.000520302623 -0.000675463525 0.0
0.0 0.0 0.0
0.000288156589 0.0 0.0
-0.000232146005 -0.000675463525 0.0
-0.000167633465 -0.000448271952 0.0
-0.000179603259 -0.000455648697 0.0
-0.000189319995 -0.000463952281 0.0
-0.00019641906 -0.000472598214 0.0
-0.000200792245 -0.00048332446 0.0
-0.000202692085 -0.000495142129 0.0
-0.000201616087 -0.000505421311 0.0
-0.000197586094 -0.000512341037 0.0
-0.000190923514 -0.00051658455 0.0
-0.000182052361 -0.0005184646 0.0
-0.000171789507 -0.00051870686 0.0
-0.000148801191 -0.000511926366 0.0
-0.00013773657 -0.000505609845 0.0
-0.00012817877 -0.000497940462 0.0
-0.000120690747 -0.000490023405 0.0
-0.000115622111 -0.000481454481 0.0
-0.000112810536 -0.000472261105 0.0
-0.000112724825 -0.000462307828 0.0
-0.000115036506 -0.000453095825 0.0
-0.000120641562 -0.000446400343 0.0
-0.000128867687 -0.000441448588 0.0
-0.000140653865 -0.000440306845 0.0
-0.000333167234 -0.000427905907 0.0
-0.000332019466 -0.000422350597 0.0
-0.000332372059 -0.000416918221 0.0
-0.000334438868 -0.000413899077 0.0
-0.000337972218 -0.000413966656 0.0
-0.000342472631 -0.00041514085 0.0
-0.000347496709 -0.000417807169 0.0
-0.00035850922 -0.000423644844 0.0
-0.000364201929 -0.000426906423 0.0
-0.000370000431 -0.000430951011 0.0
-0.000375270349 -0.000435276888 0.0
-0.000379594712 -0.000439920172 0.0
-0.000382741244 -0.000444515346 0.0
-0.000383794104 -0.000450171035 0.0
-9.17161524e-05 -0.000459375966 0.0
-8.6329499e-05 -0.000461162505 0.0
-7.91863204e-05 -0.000459388481 0.0
-7.15144997e-05 -0.000456020061 0.0
-6.42268642e-05 -0.000450293039 0.0
-5.72236131e-05 -0.000443736237 0.0
-5.16142572e-05 -0.000438194285 0.0
-4.81912721e-05 -0.000433549896 0.0
-0.000493727683 -0.000726509665 0.0
-0.000481796713 -0.00072334276 0.0
-0.000469907856 -0.000718317984 0.0
-0.000458461989 -0.00071120396 0.0
-0.000447883183 -0.000702117977 0.0
-0.000438859657 -0.000691763475 0.0
-0.000432064495 -0.000680427998 0.0
-0.000429504376 -0.000656133518 0.0
-0.000433136622 -0.00064593897 0.0
-0.000438912859 -0.000638567552 0.0
-0.000447003695 -0.000633920252 0.0
-0.000456650479 -0.000632498239 0.0
-0.000468493206 -0.000633682648 0.0
-0.00048260871 -0.000637064979 0.0
7.70294355e-06 2.24253308e-05 0.0
-4.37862855e-06 1.1494998e-05 0.0
-1.3087697e-05 1.52692408e-07 0.0
-1.80786847e-05 -1.07570459e-05 0.0
-1.94685799e-05 -2.34357885e-05 0.0
-1.80896586e-05 -3.53537362e-05 0.0
-1.3497649e-05 -4.40305121e-05 0.0
-5.91661774e-06 -4.91787796e-05 0.0
3.71108626e-06 -5.17378248e-05 0.0
-0.000395872048 -0.000644923013 0.0
-0.000390178117 -0.000643024454 0.0
-0.000382923317 -0.000639497128 0.0
-0.0003738011 -0.000633728865 0.0
-0.00036515377 -0.000626615947 0.0
-0.000357957557 -0.000619456405 0.0
-0.000353884127 -0.000614136807 0.0
-0.000352344156 -0.000612356584 0.0
-0.000351548719 -0.000609624956 0.0
-0.000352228613 -0.000607513299 0.0
-0.000354131946 -0.000605843088 0.0
-0.000357076235 -0.000604794419 0.0
-0.000361603539 -0.000604744651 0.0
-0.000368310779 -0.000605744543 0.0
-0.000376643264 -0.000608493458 0.0
-0.000385227555 -0.000612220669 0.0
0.000120789526 5.19381756e-05 0.0
0.000116174153 4.58998002e-05 0.0
0.000113808906 4.04752973e-05 0.0
0.000114003429 3.55349548e-05 0.0
0.000116317096 3.20396211e-05 0.0
0.00015823805 -5.81142631e-05 0.0
0.000146635139 -6.31663061e-05 0.0
0.000135798415 -7.06072751e-05 0.0
0.000125761901 -8.02118448e-05 0.0
0.000117992378 -9.22738473e-05 0.0
0.000114325958 -0.00010556529 0.0
0.000112661291 -0.000120716293 0.0
0.000116585252 -0.000131659734 0.0
0.000124023718 -0.000139492025 0.0
0.000134756454 -0.000143159545 0.0
0.000147714367 -0.000143371974 0.0
0.000174726156 -0.000134357571 0.0
0.000187207595 -0.000125986277 0.0
0.000197736721 -0.000115827708 0.0
0.000205610108 -0.000103949969 0.0
0.00021064344 -9.05231718e-05 0.0
0.000212527972 -7.69195467e-05 0.0
0.000211251856 -6.61934391e-05 0.0
0.000207327641 -5.91109711e-05 0.0
0.000200225069 -5.53628925e-05 0.0
0.000191169893 -5.36981461e-05 0.0
0.000180659117 -5.35695508e-05 0.0
-0.000242688853 -0.000578566745 0.0
-0.000248220138 -0.000587886665 0.0
-0.000251741672 -0.00059837976 0.0
-0.000253357925 -0.000608220347 0.0
-0.000253124075 -0.000614967139 0.0
-0.000250390527 -0.000618484977 0.0
-0.000246476382 -0.00061920943 0.0
-0.000241846923 -0.000618928345 0.0
-0.000235915184 -0.000617835438 0.0
-0.000214804764 -0.000612139993 0.0
-0.000202719864 -0.000606507703 0.0
-0.000192681488 -0.000599443272 0.0
-0.000185135141 -0.000592247117 0.0
-0.00018015191 -0.000584634312 0.0
-0.000176839239 -0.000576586695 0.0
-0.000176118483 -0.000568132615 0.0
-0.000177405047 -0.000559138949 0.0
-0.000182049218 -0.000553236285 0.0
-0.000485618424 -0.0005498135 0.0
-0.000493971049 -0.00055176625 0.0
-0.0005019292 -0.000555189385 0.0
-0.000509371283 -0.000560014159 0.0
-0.000516662607 -0.000564991089 0.0
-0.000347154506 -0.000516608998 0.0
-0.000356947101 -0.000524759467 0.0
-0.000365977088 -0.000532879552 0.0
-0.000372135575 -0.000540210865 0.0
-0.000375736068 -0.000545303454 0.0
-0.000377648626 -0.000549611519 0.0
-0.000378661643 -0.000557277177 0.0
-0.000377024815 -0.000565963506 0.0
-0.000372991926 -0.000572527235 0.0
-0.000366750523 -0.000576611259 0.0
-0.000358515244 -0.00057722046 0.0
-0.000350383867 -0.000574691279 0.0
-0.000334222976 -0.000567589013 0.0
-0.000326528418 -0.000562790257 0.0
-0.000318828243 -0.000557378051 0.0
-0.000311638141 -0.000550160126 0.0
-0.000305831811 -0.00054136297 0.0
-0.000301960914 -0.000530934078 0.0
-0.000300974963 -0.000520843198 0.0
-0.000302118569 -0.00051318371 0.0
-0.00030579709 -0.000509170641 0.0
-0.000311686919 -0.000507306249 0.0
-0.000318975799 -0.000506836106 0.0
-0.000327692309 -0.000507934368 0.0
-0.000298140396 -0.000581126253 0.0
-0.000308844959 -0.000586696144 0.0
-0.000317415048 -0.000593708013 0.0
-0.000322993059 -0.000601043168 0.0
-0.000326215319 -0.000608579081 0.0
-0.00032688753 -0.000615721103 0.0
-0.000325519854 -0.000621746469 0.0
-0.000322407053 -0.000626121473 0.0
-0.000317732658 -0.000628659094 0.0
-0.000311692944 -0.000628930633 0.0
-0.000293593563 -0.000625122804 0.0
-0.000283627625 -0.000620393024 0.0
-0.000274837483 -0.000613444834 0.0
-0.00026809136 -0.000604653382 0.0
-0.00026368245 -0.000594009703 0.0
-0.000262846996 -0.000583802117 0.0
-0.000264707895 -0.000577010389 0.0
-0.000268447155 -0.000574132602 0.0
-0.00027326282 -0.000574086444 0.0
-0.000279044325 -0.000575161714 0.0
-4.82585929e-05 -0.000243519986 0.0
-5.11136568e-05 -0.000245242845 0.0
-5.48421885e-05 -0.000247463264 0.0
-5.944226e-05 -0.000252444093 0.0
-6.28246271e-05 -0.000259945489 0.0
-6.26815672e-05 -0.000264142931 0.0
-6.13308293e-05 -0.000263072521 0.0
-5.87595532e-05 -0.000259563676 0.0
-5.63020585e-05 -0.000255734514 0.0
-5.44061986e-05 -0.000251987018 0.0
-5.32522063e-05 -0.000248361524 0.0
-5.1120307e-05 -0.000243270901 0.0
-4.86903882e-05 -0.000241102141 0.0
-4.60644005e-05 -0.000239400048 0.0
-4.29383872e-05 -0.0002374131 0.0
-4.01500547e-05 -0.000235799947 0.0
-3.80454076e-05 -0.000234687832 0.0
-3.7313599e-05 -0.000233924322 0.0
-3.78154436e-05 -0.000233999541 0.0
-3.92118127e-05 -0.000235208019 0.0
-4.1154799e-05 -0.000236818465 0.0
-4.34567919e-05 -0.000238997178 0.0
-9.12332034e-05 -0.000137264127 0.0
-8.56294646e-05 -0.00013172008 0.0
-8.17885666e-05 -0.000124646787 0.0
-8.01134738e-05 -0.000116244199 0.0
-8.07508331e-05 -0.000108969703 0.0
-8.40858702e-05 -0.000104520303 0.0
-8.86807538e-05 -0.000103807972 0.0
-9.28745067e-05 -0.000106053252 0.0
-9.61271944e-05 -0.00010813406 0.0
-0.000107231179 -0.000112729213 0.0
-0.000115812087 -0.000117282616 0.0
-0.000124141763 -0.000124308397 0.0
-0.000130750108 -0.000132725094 0.0
-0.000136115108 -0.000141499942 0.0
-0.000138594842 -0.000147783066 0.0
-0.000138961797 -0.000151311353 0.0
-0.000137301089 -0.000152934706 0.0
-0.000134145492 -0.000153872097 0.0
0.000163922727 -0.000152840978 0.0
0.000169495281 -0.000150798893 0.0
0.000175976194 -0.000148577295 0.0
0.00018342516 -0.000145859492 0.0
-0.000230468198 -0.000277924788 0.0
-0.000237316097 -0.000281632354 0.0
-0.000244541763 -0.000286475522 0.0
-0.000251458376 -0.000292483834 0.0
-0.000256565079 -0.000299439387 0.0
-0.00025939531 -0.000306964066 0.0
-0.000260076311 -0.000314045115 0.0
-0.000259026448 -0.000318319187 0.0
-0.000257050007 -0.000319551735 0.0
-0.000253580103 -0.000319842133 0.0
-0.000248114695 -0.000318745064 0.0
-0.000231809143 -0.00031350262 0.0
-0.00022326599 -0.000307612208 0.0
-0.000215306107 -0.000299933919 0.0
-0.000208745303 -0.000290765747 0.0
-0.000204330208 -0.000281573884 0.0
-0.00020199304 -0.000274637365 0.0
-0.00020254706 -0.000271243422 0.0
-0.000205645018 -0.00026986422 0.0
-0.000209935388 -0.000269368582 0.0
-0.000215199718 -0.000269999407 0.0
-0.000219942463 -0.000271985715 0.0
-7.28750674e-05 -0.000146825405 0.0
-7.4084106e-05 -0.000148746432 0.0
-7.53607164e-05 -0.000149847576 0.0
-7.69655744e-05 -0.000150861713 0.0
-7.86710516e-05 -0.000151451924 0.0
-8.04162555e-05 -0.000150934342 0.0
-8.16321335e-05 -0.000149400512 0.0
-8.20728892e-05 -0.000147204963 0.0
-8.20143541e-05 -0.000144760706 0.0
-8.27007534e-05 -0.000141807875 0.0
-8.40952634e-05 -0.000138766132 0.0
-8.04569136e-05 -0.000134758477 0.0
-7.5617012e-05 -0.000131782363 0.0
-7.10328168e-05 -0.000128184518 0.0
-6.77329226e-05 -0.000126630228 0.0
-6.6237204e-05 -0.000126579995 0.0
-6.61961822e-05 -0.000127272331 0.0
-6.69505534e-05 -0.000127824882 0.0
-6.8260335e-05 -0.000128890766 0.0
-6.99678058e-05 -0.000131347377 0.0
-7.18765514e-05 -0.00013536858 0.0
-7.27885999e-05 -0.000140256496 0.0
-0.000134761038 -0.000293221441 0.0
-0.000143475583 -0.000298546482 0.0
-0.000150823602 -0.000304520479 0.0
-0.000156061782 -0.000310125964 0.0
-0.000159085015 -0.000315697922 0.0
-0.000160165699 -0.000321364001 0.0
-0.000159389645 -0.000326503214 0.0
-0.000157212256 -0.000330796494 0.0
-0.000153520756 -0.00033390522 0.0
-0.000148120816 -0.000336298021 0.0
-0.000125776933 -0.000334093347 0.0
-0.000113789101 -0.000327315705 0.0
-0.000103885177 -0.000318079576 0.0
-9.67881497e-05 -0.000305793743 0.0
-9.33816336e-05 -0.000294674683 0.0
-9.44337298e-05 -0.000289397605 0.0
-9.75115618e-05 -0.000288845098 0.0
-0.000101427635 -0.000288135489 0.0
-0.000107506072 -0.00028745865 0.0
-0.000115759838 -0.000287523202 0.0
-5.64061957e-05 -0.000371671631 0.0
-6.24517197e-05 -0.000376253243 0.0
-6.6168519e-05 -0.000380101323 0.0
-6.82129539e-05 -0.000381096674 0.0
-6.92605827e-05 -0.00038035959 0.0
-7.19591699e-05 -0.000381364545 0.0
-7.397234e-05 -0.000381736929 0.0
-7.46032019e-05 -0.00038317393 0.0
-7.30790271e-05 -0.000384417304 0.0
-6.98379445e-05 -0.000385707477 0.0
-6.44820684e-05 -0.000384278479 0.0
-5.31346923e-05 -0.000373874762 0.0
-4.85923047e-05 -0.00036570066 0.0
-4.41766751e-05 -0.000356521079 0.0
-4.19981843e-05 -0.000349290553 0.0
-4.27527702e-05 -0.000351252151 0.0
-4.23467318e-05 -0.000355894066 0.0
-4.12171576e-05 -0.000358731137 0.0
-4.00022836e-05 -0.00036043959 0.0
-3.94503695e-05 -0.000361469603 0.0
-4.0695897e-05 -0.000362688617 0.0
-4.43149765e-05 -0.000364779029 0.0
-0.000180892894 -0.00035010741 0.0
-0.000192245439 -0.000355929194 0.0
-0.000202066978 -0.000364004722 0.0
-0.000209563834 -0.000374316587 0.0
-0.000214185915 -0.000386228814 0.0
-0.000216211876 -0.000398013508 0.0
-0.000215599415 -0.000407506683 0.0
-0.000211859733 -0.000412212656 0.0
-0.000206469471 -0.000413348287 0.0
-0.000199829286 -0.000412637048 0.0
-0.000192865133 -0.000410644221 0.0
-0.000177878159 -0.000403664744 0.0
-0.000169450432 -0.000398231525 0.0
-0.000161126023 -0.000391833106 0.0
-0.000154107387 -0.000383881183 0.0
-0.000148706778 -0.000375857606 0.0
-0.000145315949 -0.000367849279 0.0
-0.000144742648 -0.000361403741 0.0
-0.000146269231 -0.000356204342 0.0
-0.000149161118 -0.000352289731 0.0
-0.000153430054 -0.00034971119 0.0
-0.000159100964 -0.00034776883 0.0
-4.31291191e-05 -0.000268473377 0.0
-5.12318766e-05 -0.00027730412 0.0
-5.82545254e-05 -0.000287039467 0.0
-6.30350187e-05 -0.000298525614 0.0
-6.30491195e-05 -0.000302121072 0.0
-6.34163662e-05 -0.000300237443 0.0
-6.37287449e-05 -0.000299788546 0.0
-6.43902167e-05 -0.000300084153 0.0
-6.409661e-05 -0.000300582207 0.0
-6.20769642e-05 -0.00030097994 0.0
-5.81501699e-05 -0.000301612105 0.0
-5.20349859e-05 -0.000302021916 0.0
-3.89998822e-05 -0.000300183223 0.0
-3.24372049e-05 -0.000298213039 0.0
-2.54975694e-05 -0.000294510683 0.0
-1.86108537e-05 -0.000289291609 0.0
-1.24812832e-05 -0.000283223024 0.0
-8.69772157e-06 -0.000276132894 0.0
-6.80924995e-06 -0.000268162112 0.0
-7.16056593e-06 -0.000261026114 0.0
-1.00157231e-05 -0.000256186293 0.0
-1.43392299e-05 -0.000253898761 0.0
-2.04130029e-05 -0.000255185994 0.0
-2.72980524e-05 -0.000257748412 0.0
-0.000507749326 -0.000648791087 0.0
-0.000510814541 -0.000615504163 0.0
-0.000339077786 -0.000399083394 0.0
-0.000327869464 -0.000376743759 0.0
-0.000294398546 -0.000348112371 0.0
-0.000264199771 -0.000324255438 0.0
-0.000248438475 -0.000307810144 0.0
-0.000242349022 -0.000289669959 0.0
-0.000245648349 -0.000265652256 0.0
-0.000241746966 -0.00024022373 0.0
-0.000216057771 -0.000214769563 0.0
-0.000172186163 -0.000186100689 0.0
-0.000105767904 -0.000101274687 0.0
-9.26803696e-05 -7.9748148e-05 0.0
-6.56198026e-05 -5.4200922e-05 0.0
-2.93427693e-05 -2.76482333e-05 0.0
1.23708096e-05 -3.31008487e-05 0.0
5.36305452e-05 -2.67134801e-05 0.0
8.08171462e-05 -1.93192263e-05 0.0
0.000141563462 1.05788322e-05 0.0
0.000148491716 -1.28102311e-05 0.0
0.000155409201 -5.33166576e-06 0.0
0.000165193007 1.70492312e-05 0.0
0.000175675261 3.82441649e-05 0.0
0.00018338181 4.83498079e-05 0.0
0.000189423445 4.36443552e-05 0.0
0.000196197187 1.97681293e-05 0.0
0.000199791844 -1.54901936e-05 0.0
0.00020075505 -4.50991574e-05 0.0
0.000202668802 -5.78194304e-05 0.0
0.000211840204 -5.25858959e-05 0.0
0.000228308316 -3.28666683e-05 0.0
0.000249018456 -5.54672033e-06 0.0
0.000265644281 1.56810001e-05 0.0
0.000276321254 1.88958347e-05 0.0
0.000258813845 -2.76482333e-05 0.0
0.000222536793 -5.4200922e-05 0.0
0.000195476227 -7.9748148e-05 0.0
0.0001823887 -0.000101274687 0.0
0.000115970441 -0.000186100689 0.0
7.20988246e-05 -0.000214769563 0.0
4.64096374e-05 -0.00024022373 0.0
4.25082617e-05 -0.000265652256 0.0
4.5807581e-05 -0.000289669959 0.0
3.97181138e-05 -0.000307810144 0.0
2.39568199e-05 -0.000324255438 0.0
-6.24195036e-06 -0.000348112371 0.0
-3.97128679e-05 -0.000376743759 0.0
-5.0921175e-05 -0.000399083394 0.0
-0.000222657938 -0.000615504163 0.0
-0.000219592694 -0.000648791087 0.0
-0.00024398134 -0.000656567689 0.0
-0.000254658313 -0.000659782498 0.0
-0.000271284167 -0.000681010191 0.0
-0.000291994278 -0.00070833019 0.0
-0.00030846239 -0.000728049374 0.0
-0.000317633792 -0.000733282941 0.0
-0.000319547544 -0.000720562646 0.0
-0.000320510764 -0.00069095369 0.0
-0.000324105407 -0.000655695389 0.0
-0.000330879149 -0.00063181913 0.0
-0.000336920784 -0.000627113681 0.0
-0.000344627333 -0.000637219346 0.0
-0.000355109602 -0.000658414268 0.0
-0.000364893407 -0.000680795172 0.0
-0.000371810893 -0.000688273751 0.0
-0.000378739147 -0.00066488469 0.0
-0.000439485448 -0.000694782706 0.0
-0.000466672063 -0.000702177 0.0
-0.000507931807 -0.000708564359 0.0
-0.000240824986 -0.000466979283 0.0
9.72993148e-05 -0.000108287662 0.0
-0.000273485522 -0.000542790687 0.0
9.36218494e-05 -9.78632306e-05 0.0
-0.00023468853 -0.00042094168 0.0
-0.000192214473 -0.000404615101 0.0
-0.000297269376 -0.000533305691 0.0
5.20728754e-05 -9.61914047e-05 0.0
-5.46613664e-05 -0.000414575275 0.0
2.83376867e-05 -0.000197469373 0.0
-9.47182416e-05 -0.000384725339 0.0
-0.000287991221 -0.000430525775 0.0
7.51281113e-05 -0.000184975754 0.0
-7.31978289e-05 -0.000264558534 0.0
1.0936099e-05 -0.000268397067 0.0
0.000161280157 -4.17871634e-05 0.0
-0.000220344693 -0.000506168697 0.0
-4.92988988e-07 -6.76123382e-05 0.0
-0.000172190485 -0.000248262164 0.0
-0.000460473879 -0.000548546785 0.0
-7.96341847e-05 -0.000279584725 0.0
-0.000205072574 -0.000385652151 0.0
-0.000275030296 -0.000475232868 0.0
0.000113238595 -0.000146030899 0.0
-0.000135836308 -0.000483104086 0.0
4.69553124e-05 -0.000150366919 0.0
0.000130779445 -4.20371362e-05 0.0
-0.000249279576 -0.000557078281 0.0
-0.000382738217 -0.000574914971 0.0
0.000114290502 -5.56331725e-05 0.0
-0.000131509019 -0.000247309363 0.0
-0.000119568642 -0.000197562578 0.0
-0.000307437207 -0.000571952551 0.0
4.66056663e-05 -0.000148249484 0.0
-0.000167199963 -0.000391301641 0.0
-9.52793707e-05 -0.000294181198 0.0
-0.000154313995 -0.000213399413 0.0
-0.000302244589 -0.000560442044 0.0
-0.000185088647 -0.000465158257 0.0
-0.000236602398 -0.000422404672 0.0
-0.000113670692 -0.000408396299 0.0
-0.000205045988 -0.000390575966 0.0
-0.000264927221 -0.000512974919 0.0
2.53495982e-05 -6.75284464e-05 0.0
-0.000227168188 -0.000425216451 0.0
6.43445746e-05 -0.000216561981 0.0
9.8589353e-06 -4.54282381e-05 0.0
1.34750835e-05 -0.000297307532 0.0
-1.31816223e-05 -0.000144185396 0.0
-0.000284500624 -0.000361619663 0.0
-0.000326563168 -0.000564612274 0.0
-0.000335330144 -0.000470915082 0.0
0.000154374458 -1.42941453e-05 0.0
-0.000106583335 -0.000339767954 0.0
-2.39528599e-05 -0.000236672626 0.0
-4.84245793e-05 -8.69672294e-05 0.0
-7.90771446e-05 -0.000280448177 0.0
-0.000228725505 -0.000385336694 0.0
0.000180092582 -4.52395943e-05 0.0
4.75989e-05 -0.000224993331 0.0
4.37323288e-05 -0.000156474096 0.0
0.000128423562 -4.64174591e-05 0.0
-0.000101435893 -0.000290889497 0.0
-5.4136206e-05 -0.000226446035 0.0
7.52104552e-06 -0.000237196888 0.0
9.5134259e-05 -9.7210519e-05 0.0
-5.69844779e-05 -0.000156625189 0.0
6.76256286e-06 -7.6220007e-05 0.0
-0.000294466998 -0.000670587469 0.0
-1.2779713e-05 -0.00031618643 0.0
1.33477051e-05 -5.64738111e-05 0.0
-0.000276140665 -0.000454851135 0.0
0.000134114467 -0.000143690821 0.0
0.000155275222 -0.00010207537 0.0
-0.000277421437 -0.000481071533 0.0
5.81685199e-05 -0.000156498209 0.0
5.55159795e-06 -0.000189131883 0.0
-0.000283216476 -0.000572476245 0.0
-0.000348595378 -0.000533892366 0.0
-0.000314845791 -0.000516711792 0.0
-7.87367899e-05 -0.000415629096 0.0
-0.000211658044 -0.000445525046 0.0
-0.000218038869 -0.000224955569 0.0
-7.21817851e-05 -0.000349267444 0.0
6.12037838e-05 -2.58961099e-05 0.0
-0.000217505309 -0.000518518558 0.0
-0.000188871432 -0.000363898725 0.0
-0.000485765544 -0.000596037891 0.0
-0.000106234838 -0.000499453046 0.0
-0.000168075247 -0.000525638054 0.0
0.000107458261 -3.16597871e-05 0.0
-0.000151227374 -0.000390996836 0.0
-6.60518272e-05 -5.4207143e-05 0.0
-0.000173276727 -0.000428453495 0.0
-0.000198212205 -0.000291795179 0.0
-0.000127834865 -0.000393808528 0.0
-0.000185425466 -0.000360945764 0.0
-0.000271782221 -0.000491973362 0.0
6.6696346e-05 -0.000142351273 0.0
-0.000210659811 -0.000532657723 0.0
-7.59000177e-05 -0.000222520102 0.0
1.18130247e-05 -0.000172244516 0.0
-6.38683487e-05 -0.000401645026 0.0
-9.59917888e-05 -0.000299119623 0.0
-0.00045420957 -0.000506218465 0.0
-8.5444226e-05 -0.000433196488 0.0
-6.47061024e-05 -0.000266209157 0.0
-6.70082841e-07 -0.000245780102 0.0
-0.000248132012 -0.000567837502 0.0
0.0001706326 -0.000111142435 0.0
0.000134019996 -8.6176653e-05 0.0
-0.00040756588 -0.000573588128 0.0
-0.000385846914 -0.000618543942 0.0
-0.00042920484 -0.000625280722 0.0
-0.000397898868 -0.000510598009 0.0
-0.000357132754 -0.000661588623 0.0
-0.000135847862 -0.000212009574 0.0
-0.000249297649 -0.000535076892 0.0
-5.26386066e-05 -0.000407099404 0.0
-0.000132372224 -0.000441349257 0.0
-0.000315431622 -0.000405826431 0.0
-0.000129689011 -0.000204012715 0.0
-0.000114079994 -0.000311511423 0.0
-0.000246285606 -0.000449996558 0.0
0.000106363332 -0.000180091636 0.0
-0.000113779177 -0.000364732521 0.0
-5.47880591e-05 -0.000270830031 0.0
-0.000317095255 -0.000574858568 0.0
-0.000318814651 -0.000586518727 0.0
-5.51005505e-05 -0.000408129767 0.0
-7.54576176e-05 -0.000276914099 0.0
-0.000238020628 -0.000490407052 0.0
-0.000209866848 -0.000395256589 0.0
3.12398843e-05 -0.000255931052 0.0
-0.000162056269 -0.000297998136 0.0
-0.000210622049 -0.000404898397 0.0
-0.000190132196 -0.00050609454 0.0
-0.000188585778 -0.000244546245 0.0
-1.80309908e-05 -0.000274712802 0.0
-0.000317978498 -0.0005756428 0.0
0.000177415131 -7.53357108e-06 0.0
0.000119586628 -0.000169080406 0.0
-9.9658042e-05 -0.000444097444 0.0
-0.000133195164 -0.000196303983 0.0
0.000130020693 -5.48986573e-05 0.0
-4.41234806e-05 -9.26533248e-05 0.0
-0.000101006241 -0.000164059311 0.0
6.45155451e-05 -0.000224670948 0.0
0.000172027183 -8.10203273e-05 0.0
8.36493855e-05 -0.000104012797 0.0
0.000170344269 -9.85006627e-05 0.0
0.000134634276 -3.66714085e-05 0.0
6.79703953e-05 -0.000166404381 0.0
2.11486567e-05 -0.000303094974 0.0
5.0642655e-05 -1.03209659e-05 0.0
-0.00010633815 -0.000320439081 0.0
-0.000161034564 -0.00022379744 0.0
-0.000315705955 -0.000496954541 0.0
-2.11388924e-05 -8.45862014e-05 0.0
-0.000119992801 -0.000189155748 0.0
-0.000435535068 -0.000677557196 0.0
-0.000237824293 -0.000427996711 0.0
-0.000241397138 -0.000439188589 0.0
-0.00021610556 -0.000402643753 0.0
0.00022359853 -2.99188468e-05 0.0
-0.000188381935 -0.000356933131 0.0
-0.000304643239 -0.000695409253 0.0
-0.000289134361 -0.000351640512 0.0
-0.000334578013 -0.000623744912 0.0
-0.000206803801 -0.000527074619 0.0
-9.26298817e-05 -0.00019667657 0.0
-0.000190559091 -0.000196067427 0.0
-0.000183536438 -0.000529285171 0.0
-0.000495308021 -0.000608396658 0.0
-0.000308283634 -0.000490061997 0.0
6.74172543e-06 -0.000187269354 0.0
-0.000209753693 -0.000473227119 0.0
0.00011139275 -0.000121251265 0.0
-0.000285434828 -0.000535677536 0.0
3.67324828e-05 -5.94223675e-05 0.0
-0.000340385333 -0.000484328513 0.0
-0.000493877102 -0.000639938808 0.0
-0.000175771784 -0.00035308575 0.0
-1.83824777e-05 -5.48983116e-05 0.0
-0.000337935606 -0.000586486829 0.0
-5.44004688e-05 -5.86919741e-05 0.0
-0.000494291948 -0.00067570922 0.0
-0.000151326516 -0.000539934204 0.0
-0.000307373295 -0.000645642867 0.0
-0.000343579595 -0.00051140599 0.0
0.000152306966 -2.61026776e-06 0.0
-0.000361092592 -0.000587375602 0.0
1.57338145e-05 -0.000209880061 0.0
-0.000318482693 -0.000395415205 0.0
-1.04053279e-05 -0.000326510926 0.0
-0.000270026241 -0.00058458827 0.0
-0.000160589756 -0.00048236968 0.0
-8.91646341e-05 -0.00033944755 0.0
-0.000481834402 -0.000547701609 0.0
-0.00025121012 -0.0003360353 0.0
-0.000258708926 -0.000445068057 0.0
7.25497885e-05 -0.000123924474 0.0
0.000190577994 -5.55897241e-05 0.0
-6.93134498e-05 -0.000268936303 0.0
0.000112597125 -7.11459506e-05 0.0
-0.000295348931 -0.000557545456 0.0
-0.000371202914 -0.000502993993 0.0
-9.21705869e-05 -0.000290256226 0.0
-0.00027961249 -0.000491789659 0.0
0.000127982596 -1.74275447e-05 0.0
-0.000346123648 -0.000638851314 0.0
0.000143936981 -1.62857759e-05 0.0
-0.000183011201 -0.000361751358 0.0
-3.61465172e-05 -0.000252750702 0.0
-0.000459457951 -0.00063025509 0.0
-6.18414488e-05 -0.000377748394 0.0
-0.000253000646 -0.000519058201 0.0
8.38155465e-05 -7.85045559e-05 0.0
0.000112533256 -7.09730302e-05 0.0
7.61264164e-05 -0.000122987694 0.0
2.22174986e-05 -8.75402693e-05 0.0
-0.000208794096 -0.000230930324 0.0
-0.000280445995 -0.000459019706 0.0
-0.000414010196 -0.000482963922 0.0
-0.000272840611 -0.000649715483 0.0
-2.1470918e-05 -0.000217605455 0.0
5.02199291e-05 -0.000199634247 0.0
-7.45163416e-05 -9.41536709e-05 0.0
-0.000146000384 -0.000206466648 0.0
-0.00023062907 -0.000615730009 0.0
-0.000356837147 -0.000581242202 0.0
-0.000212758823 -0.000544183888 0.0
-0.000157089496 -0.000447351078 0.0
0.000157662173 -0.000136988383 0.0
-6.91662572e-05 -0.000283119996 0.0
-0.000332649885 -0.000533892657 0.0
6.57967612e-05 -0.000130904402 0.0
-0.000328390714 -0.000601659529 0.0
-0.000131572466 -0.000318268256 0.0
-3.95167663e-05 -9.05455963e-05 0.0
-0.000193736938 -0.000375949079 0.0
-8.25853713e-05 -0.00028242619 0.0
0.000149589978 -0.00013559642 0.0
-0.000492080231 -0.000631906849 0.0
6.62065286e-05 -2.24959167e-05 0.0
-8.86877242e-05 -0.000290358352 0.0
-0.00041462775 -0.000605389243 0.0
0.000146124745 -5.06626966e-05 0.0
-0.000270441902 -0.000554378261 0.0
2.76293413e-05 -3.70643393e-05 0.0
-0.000221895127 -0.000520198664 0.0
5.76664615e-06 -0.000195023546 0.0
0.000107637301 -0.000118000171 0.0
3.88998014e-05 -0.00017169035 0.0
-0.000386910891 -0.000577203464 0.0
-0.00011206491 -0.000322950771 0.0
-0.000294933619 -0.000582790002 0.0
-0.00011423156 -0.000450750231 0.0
-2.92455879e-05 -4.72397805e-05 0.0
-0.000212065512 -0.000367062312 0.0
-0.000329979579 -0.000617952028 0.0
-9.19913073e-05 -0.000120192381 0.0
0.000172276181 1.48242016e-05 0.0
-0.000110029949 -0.000511933351 0.0
-7.57057642e-05 -0.000424297818 0.0
-6.19650818e-05 -0.000328016788 0.0
-0.000327607471 -0.000583405723 0.0
-3.58256329e-05 -0.000118261101 0.0
-0.000114543058 -0.000169171151 0.0
-5.44982431e-05 -0.000201449002 0.0
-0.0004106735 -0.000629954331 0.0
-0.000337292469 -0.000618942257 0.0
7.78336689e-05 -0.000205739561 0.0
-0.000223510084 -0.000438227435 0.0
-0.000233062703 -0.000251355261 0.0
-0.0003364234 -0.000631336297 0.0
-0.000416778785 -0.000630276336 0.0
-0.000163699297 -0.000344448257 0.0
-0.000294577971 -0.000510120357 0.0
-9.83539794e-05 -0.000299773819 0.0
-4.21588593e-05 -0.000188176244 0.0
-9.34200943e-05 -0.000125557402 0.0
-0.000391271169 -0.000628789479 0.0
0.000144231948 -0.000161812117 0.0
-0.000165784528 -0.000477325608 0.0
-0.00022891628 -0.000414574402 0.0
-0.000449415587 -0.000496972352 0.0
-6.18672348e-05 -0.000204982935 0.0
-7.89643163e-05 -0.000276309322 0.0
-6.03770459e-05 -0.000190694234 0.0
-6.38170895e-05 -0.000406268169 0.0
-6.86845742e-05 -0.000426346698 0.0
-6.61123486e-05 -0.000169968713 0.0
0.000244498602 -1.12387788e-05 0.0
-9.40635509e-05 -0.000108579763 0.0
-0.000181438372 -0.000385002553 0.0
-5.48209391e-05 -5.25904106e-05 0.0
-3.02738226e-05 -0.000330999144 0.0
-0.000135036287 -0.000431897992 0.0
-0.000324483874 -0.000584066962 0.0
4.20061315e-06 -0.000296770682 0.0
0.000166152575 -0.00011160638 0.0
-0.000350803282 -0.000662545324 0.0
3.04617824e-05 -0.000277597836 0.0
-0.000369745394 -0.000570095784 0.0
-3.87781147e-05 -0.00033606388 0.0
-1.15932817e-05 -7.15970891e-05 0.0
-7.4675394e-05 -0.000277982181 0.0
4.89027771e-05 -0.000125953899 0.0
-0.000242673021 -0.000564729853 0.0
-0.0002428773 -0.000546180643 0.0
-0.000291761564 -0.000679906632 0.0
-7.80465416e-05 -0.000279126922 0.0
-0.000125393359 -0.000353538926 0.0
0.000101335245 9.35548633e-06 0.0
-9.39478196e-06 -9.69429238e-05 0.0
-4.88856422e-05 -0.000268531439 0.0
-0.000314208417 -0.000540626643 0.0
3.95175812e-05 -2.42330843e-05 0.0
-0.000103979131 -0.000305139925 0.0
-0.000270261633 -0.000386413827 0.0
4.10917164e-05 -0.000210323633 0.0
-4.69742326e-06 -8.52381127e-05 0.0
4.49142908e-06 -0.000326455367 0.0
-0.000199959526 -0.000380803744 0.0
-0.000346320012 -0.000489215367 0.0
-0.000193849744 -0.000434962858 0.0
4.56030211e-05 -0.000234026797 0.0
-0.000161748205 -0.000205303761 0.0
-0.000371669332 -0.000652380812 0.0
-0.000245350151 -0.000438638817 0.0
-0.000235979605 -0.000427167281 0.0
-0.000285080052 -0.000545093731 0.0
0.000222330709 -5.13075574e-05 0.0
-0.000316471764 -0.000384205952 0.0
-0.000208547921 -0.000306657807 0.0
-8.88479335e-05 -0.000105031388 0.0
-0.000347038673 -0.000496105233 0.0
-0.000182695847 -0.000236615204 0.0
-0.000288719224 -0.000561808993 0.0
-0.000155633519 -0.000227791883 0.0
-0.000331535499 -0.000589189585 0.0
0.000212116283 -6.80377707e-05 0.0
-0.000218843634 -0.000401989295 0.0
-0.000344537577 -0.000649881666 0.0
-0.00013255504 -0.000424715632 0.0
-0.000310563948 -0.000375482807 0.0
-0.000301808061 -0.00055253238 0.0
-6.23142914e-05 -0.000203651929 0.0
-0.000279384811 -0.000515399966 0.0
-0.00016568297 -0.000225712545 0.0
-1.76231006e-05 -0.000190667532 0.0
0.000108270302 -8.5079475e-05 0.0
0.00022829113 -3.99652236e-05 0.0
1.80155712e-05 -0.00025725126 0.0
-0.000356140139 -0.000586259179 0.0
-9.58252131e-05 -0.000120709337 0.0
-0.000331362651 -0.000618627586 0.0
-0.000256150932 -0.000490624574 0.0
-0.000103539445 -0.000404922524 0.0
5.48464632e-05 -3.77560423e-06 0.0
-9.91332563e-05 -0.000415817427 0.0
-0.000327828282 -0.000614484481 0.0
-8.44036258e-05 -0.000459144678 0.0
-0.000181072566 -0.00032032936 0.0
-8.90399242e-05 -0.000321885338 0.0
-8.35647152e-05 -8.50647994e-05 0.0
0.000162775294 -1.8283914e-05 0.0
0.000124519051 1.65354995e-05 0.0
-1.74453362e-05 -0.000247532182 0.0
-0.000224644522 -0.000465210702 0.0
-6.35423057e-05 -0.000128176995 0.0
-7.03821715e-05 -0.000182928867 0.0
1.884218e-05 -0.000243153467 0.0
-0.000325825706 -0.000508587749 0.0
1.83942539e-05 -0.000132439076 0.0
-2.66488805e-05 -0.000267552416 0.0
-0.000206449651 -0.000410777051 0.0
-0.000119448072 -0.000330483483 0.0
-0.000102577927 -0.000257040258 0.0
0.000136398303 -2.39086839e-05 0.0
-0.000342079613 -0.000427994499 0.0
-0.000271687866 -0.000530692574 0.0
-9.91505367e-05 -0.000171572552 0.0
5.36871448e-06 -4.56814269e-05 0.0
-0.000210569619 -0.000267997209 0.0
-0.000309991592 -0.000687927124 0.0
-0.00026772829 -0.000617966638 0.0
-0.000186010031 -0.000192409745 0.0
0.000135632552 -0.000111239096 0.0
-3.14766585e-05 -8.48619384e-05 0.0
-5.40554356e-05 -0.000412824185 0.0
-0.000247466814 -0.00057247415 0.0
-9.32257099e-05 -0.000144035002 0.0
-0.00025134653 -0.000433072739 0.0
-0.000326275476 -0.000517691602 0.0
-7.78575486e-06 -0.000329499424 0.0
-1.97799072e-05 -6.99904558e-05 0.0
3.07579103e-05 -0.00024536057 0.0
7.77582027e-05 -4.4214954e-05 0.0
-0.00021771621 -0.000407224899 0.0
-0.000141715107 -0.000542401685 0.0
7.4994341e-06 -0.000193658023 0.0
8.24996096e-05 -0.000181826035 0.0
7.04201666e-05 -0.000201103408 0.0
-0.000200697134 -0.000379723118 0.0
-6.78256911e-05 -0.000109877787 0.0
0.000189654209 -1.89606235e-05 0.0
-0.000187562953 -0.000524320814 0.0
-0.000217887689 -0.000405032537 0.0
0.000197646441 -7.87671452e-05 0.0
-0.000127263324 -0.000324664405 0.0
-2.34957361e-06 -0.000211120743 0.0
-8.137228e-05 -0.000262431364 0.0
0.000215619002 -5.8075515e-05 0.0
3.70552771e-05 -0.000161520773 0.0
-0.00040063975 -0.000578798703 0.0
-0.000237839035 -0.000553759281 0.0
-0.000170421801 -0.000500256137 0.0
-0.000143997488 -0.000360370788 0.0
-0.000125495106 -0.000335268851 0.0
-4.99967391e-05 -6.88519431e-05 0.0
-5.36907937e-05 -0.00025136664 0.0
-2.04091266e-05 -0.000210972023 0.0
5.57065905e-05 -4.33641617e-05 0.0
-0.000285245624 -0.000348895323 0.0
-0.000151582935 -0.00025197721 0.0
-0.000227321492 -0.000528806704 0.0
-0.000301873632 -0.000594658661 0.0
-0.000496595749 -0.000566330331 0.0
-0.000115234056 -0.000181500742 0.0
-6.08500777e-05 -0.000251159072 0.0
0.000143909172 -1.98409707e-05 0.0
-3.63128202e-05 -0.000234936742 0.0
-0.00035838777 -0.00048037665 0.0
-3.0089157e-05 -0.000363211351 0.0
-9.91243433e-05 -0.000359158847 0.0
-0.000170331681 -0.000348401954 0.0
0.000165316393 -0.000121060162 0.0
-0.00031644103 -0.00045023585 0.0
-0.000272353849 -0.00048262265 0.0
8.40495886e-06 -4.36964547e-05 0.0
0.000165833277 1.62389679e-05 0.0
0.000183822121 -8.04772135e-05 0.0
-8.25009265e-05 -0.000377261546 0.0
-0.000240676629 -0.000309201074 0.0
-0.00020617785 -0.000494077569 0.0
-0.000382197584 -0.000467540696 0.0
-4.97528818e-05 -0.000232895545 0.0
-0.000204839991 -0.000417617732 0.0
-5.34640458e-05 -0.000335481309 0.0
-0.000107814143 -0.000187791971 0.0
9.82595066e-06 -0.000206069264 0.0
-0.000150454638 -0.000440675853 0.0
-0.0002403283 -0.000453201326 0.0
3.00671345e-05 -0.000177721042 0.0
3.5661702e-05 -0.000164527097 0.0
-0.000266441552 -0.000327288348 0.0
0.000259576133 -6.54168844e-06 0.0
-0.000250950718 -0.000319991086 0.0
-0.000104131657 -0.000404151826 0.0
-0.00040214858 -0.000602209417 0.0
-0.000503383693 -0.000682471204 0.0
7.22265031e-05 -0.000213774692 0.0
-7.41352269e-05 -0.00032064112 0.0
0.000141911092 -2.87475377e-05 0.0
-0.000429131469 -0.000561177963 0.0
-5.8800375e-05 -0.000191631552 0.0
-0.000259576278 -0.000418701355 0.0
-0.000480436545 -0.000530636695 0.0
-0.000306864502 -0.000378498633 0.0
0.000199793751 -5.24491224e-05 0.0
-0.000155502494 -0.000508672558 0.0
-0.000175171954 -0.000196786743 0.0
3.94853414e-05 -0.000157718154 0.0
-3.01330656e-05 -0.000106768173 0.0
-0.000240605863 -0.000627645408 0.0
-0.000195860208 -0.000389541499 0.0
-6.17460973e-05 -0.000265911891 0.0
0.000171013366 -4.91956307e-05 0.0
0.000163863297 -9.60078542e-05 0.0
-0.000240456269 -0.00030449187 0.0
0.000118317483 -0.00017856434 0.0
-0.000283354457 -0.000591949502 0.0
0.000155128786 -7.11569664e-05 0.0
-9.0944297e-05 -0.000408005144 0.0
-4.20795477e-05 -0.000267091847 0.0
-0.000222255796 -0.000259650988 0.0
-9.49386304e-05 -0.000433540932 0.0
0.000101967635 -0.000157361719 0.0
-0.000301721797 -0.000510215235 0.0
-0.000230940379 -0.000538966793 0.0
-0.000118969467 -0.000322743697 0.0
-0.000499485817 -0.000643989944 0.0
-0.000175780791 -0.000340690167 0.0
-2.90513308e-05 -9.39433521e-05 0.0
-0.000313004828 -0.000558197382 0.0
-0.000301584252 -0.000477287947 0.0
0.000122748344 -8.09154808e-05 0.0
-0.000233573664 -0.000336790865 0.0
-5.41586305e-05 -0.000198473834 0.0
9.20331368e-05 -0.000121605735 0.0
-0.000319308456 -0.000620494771 0.0
-0.000108607856 -0.000471636828 0.0
-0.000194069347 -0.000511493767 0.0
-8.70908025e-06 -0.000292799697 0.0
-0.00047408184 -0.000648108195 0.0
-0.000347956026 -0.000442331657 0.0
-0.000294367521 -0.000635093194 0.0
-8.4149433e-05 -0.000478548609 0.0
-2.74686445e-05 -0.000301026972 0.0
-0.000288429466 -0.000464737503 0.0
-0.000278571068 -0.000661009748 0.0
-0.000230829581 -0.000649512513 0.0
-0.000137753173 -0.000336750847 0.0
-0.00045596261 -0.000647329492 0.0
7.07432118e-05 -0.000125613602 0.0
-0.00017202564 -0.000486831414 0.0
-4.90384737e-05 -9.22995532e-05 0.0
-0.00019300048 -0.000257568114 0.0
-0.000176858826 -0.000564264425 0.0
-0.000301559194 -0.000493812375 0.0
6.4188258e-05 -0.000173891007 0.0
6.23153173e-05 -1.31089619e-05 0.0
-0.000406028441 -0.000588322757 0.0
1.88995509e-05 -0.000278572261 0.0
-0.000226986929 -0.000228043908 0.0
-0.000270318589 -0.000457960472 0.0
0.000205748584 -7.2957766e-05 0.0
-0.000342062704 -0.000559351582 0.0
-0.000407423766 -0.000625494285 0.0
-0.000256550586 -0.000472885586 0.0
-7.70868064e-05 -0.000294958678 0.0
-9.18823716e-05 -0.000445629965 0.0
0.000128595741 -4.46628765e-05 0.0
-7.76217439e-06 -2.88453448e-05 0.0
-0.000200987561 -0.000486878591 0.0
-0.000216446293 -0.000556600571 0.0
0.000135362527 -0.000110091474 0.0
-0.000341192965 -0.000550125551 0.0
-0.000234416322 -0.000270657416 0.0
0.00011577562 -6.9444257e-05 0.0
-7.35720969e-05 -0.00018090778 0.0
-4.6427609e-05 -0.000309105148 0.0
0.000112835631 -7.18596493e-05 0.0
-0.000273286103 -0.000572381774 0.0
-6.62290331e-05 -0.000238293811 0.0
-0.000411451008 -0.000610601914 0.0
-0.000198531154 -0.000379458768 0.0
-0.000362763676 -0.000571100682 0.0
-0.000168873084 -0.00034663055 0.0
8.29028722e-05 1.05228009e-05 0.0
-0.000137402007 -0.000335208519 0.0
-0.000411408109 -0.000652512826 0.0
9.40026221e-05 -9.73049173e-05 0.0
-0.000205689779 -0.000351354654 0.0
-0.000286197959 -0.000469766353 0.0
-8.88603972e-05 -0.000287995761 0.0
2.32394973e-06 -5.50048899e-05 0.0
3.21126172e-05 -5.02095827e-05 0.0
