0.000519533525 -0.000481709285 0.0
0.000510213082 -0.000468419632 0.0
0.000517283392 -0.000479632872 0.0
0.000513165141 -0.000476521091 0.0
0.00022010853 -0.00049682206 0.0
0.000210435683 -0.000481568219 0.0
0.000195386383 -0.000470402796 0.0
0.000219690599 -0.000489054539 0.0
0.000616672798 -0.000470402796 0.0
0.000631722098 -0.000481568219 0.0
0.00064139493 -0.00049682206 0.0
0.000358996709 -0.000742284115 0.0
0.000352956762 -0.000729097635 0.0
0.000347178226 -0.00070991856 0.0
0.000320306484 -0.000704445236 0.0
1.14953209e-05 1.10768478e-05 0.0
1.72738655e-05 -8.10226175e-06 0.0
2.33138217e-05 -2.1288688e-05 0.0
0.000461467542 -0.000721168355 0.0
0.000458725466 -0.000712411886 0.0
0.000454301306 -0.000700644916 0.0
0.000426024664 -0.000694442424 0.0
0.000118618402 2.03504751e-05 0.0
0.000123042555 8.58350631e-06 0.0
0.000125784645 -1.72977792e-07 0.0
0.000425798236 -6.49691719e-05 0.0
0.000410513487 -6.41392762e-05 0.0
0.000417079165 -6.92745234e-05 0.0
0.000418316253 -5.76437087e-05 0.0
0.00061099889 -0.000591780641 0.0
0.000628273236 -0.000605125446 0.0
0.00064613123 -0.000615514291 0.0
0.000610918971 -0.000571815239 0.0
0.000224844844 -0.000615514291 0.0
0.00020698685 -0.000605125446 0.0
0.000189712489 -0.000591780641 0.0
0.000335222663 -0.000601180072 0.0
0.000319841987 -0.000558169209 0.0
0.000332455005 -0.000574811653 0.0
0.000324588909 -0.000582342793 0.0
0.000559203268 -0.000591668824 0.0
0.000540676818 -0.000593254284 0.0
0.000550959085 -0.000595040852 0.0
0.000547737058 -0.000581656641 0.0
0.000286134193 -0.000261617621 0.0
0.000265335751 -0.000224988529 0.0
0.000290294382 -0.000257305539 0.0
0.000261885667 -0.000236021937 0.0
7.2040064e-05 -9.7460892e-05 0.0
4.94921114e-05 -9.15154742e-05 0.0
3.30181974e-05 -8.62410889e-05 0.0
7.4829295e-05 -0.000139436117 0.0
6.92050671e-05 -0.000115751573 0.0
4.83811236e-05 -0.000108046726 0.0
0.000454304594 -8.62410889e-05 0.0
0.000470778497 -9.15154742e-05 0.0
0.000493326457 -9.7460892e-05 0.0
0.000206503159 -0.000351143244 0.0
0.000188369901 -0.000294579222 0.0
0.000211037244 -0.000324424618 0.0
0.000182986085 -0.000316584599 0.0
0.000163232602 -0.000197336267 0.0
0.000137633382 -0.000122267724 0.0
0.000174328146 -0.000171856402 0.0
0.000128882457 -0.000149200976 0.0
0.000332225609 -0.000306910108 0.0
0.000323636254 -0.000305627036 0.0
0.000330868497 -0.000304916117 0.0
0.000327307032 -0.000297222316 0.0
0.000550469675 -0.000421368604 0.0
0.000539727684 -0.000363114872 0.0
0.000550419674 -0.000405840721 0.0
0.00054137659 -0.000375452539 0.0
0.000291563978 -0.0004083557 0.0
0.000274418533 -0.000417185191 0.0
0.000284203736 -0.000429792562 0.0
0.000285207847 -0.000411948829 0.0
0.000362950261 -0.000210880564 0.0
0.000346857298 -0.000224950621 0.0
0.000353015319 -0.000221770446 0.0
0.000355956319 -0.000204888653 0.0
0.000335682911 -0.00072099542 0.0
0.0 0.0 0.0
0.000421286386 0.0 0.0
0.000756969326 -0.00072099542 0.0
0.000522261485 -0.000485517725 0.0
0.000524830946 -0.000487591664 0.0
0.000527078635 -0.000488906633 0.0
0.000528500183 -0.000489411934 0.0
0.000529066892 -0.000490676553 0.0
0.000528851466 -0.000492237741 0.0
0.000527833006 -0.000491177489 0.0
0.000525431882 -0.000486585312 0.0
0.000521839014 -0.000480822287 0.0
0.000518116343 -0.00047558223 0.0
0.000514088082 -0.000471573498 0.0
0.000506688724 -0.000465998164 0.0
0.000503621763 -0.000464999146 0.0
0.000501560105 -0.000464975368 0.0
0.00050079322 -0.000465972436 0.0
0.000501620991 -0.00046745548 0.0
0.000504149997 -0.000468826678 0.0
0.000506647339 -0.000469040475 0.0
0.000509216392 -0.00046915948 0.0
0.000511385733 -0.000470821164 0.0
0.00051412388 -0.000473447697 0.0
0.000517184671 -0.000477824127 0.0
0.000515032036 -0.000478833099 0.0
0.000219381953 -0.000492515101 0.0
0.000216435423 -0.000487518206 0.0
0.000203461852 -0.000476316462 0.0
0.000198540205 -0.000472688669 0.0
0.000196526176 -0.000469333841 0.0
0.00019825784 -0.000467666512 0.0
0.000200275739 -0.000467551756 0.0
0.000203086689 -0.000470396655 0.0
0.000206434925 -0.000476168789 0.0
0.000210481012 -0.000481366878 0.0
0.000214996602 -0.000486027915 0.0
0.000223732117 -0.000491102226 0.0
0.000225788332 -0.000492359046 0.0
0.000226069169 -0.000493808882 0.0
0.000225105847 -0.00049470528 0.0
0.000224100557 -0.000494837179 0.0
0.000222784118 -0.000494582928 0.0
0.000221580282 -0.000495398534 0.0
0.000619826606 -0.000472688669 0.0
0.000624748238 -0.000476316462 0.0
0.000637721852 -0.000487518206 0.0
0.000640668382 -0.000492515101 0.0
0.000640138227 -0.000494889915 0.0
0.000637932855 -0.000490340812 0.0
0.000634719094 -0.000483011361 0.0
0.000630851544 -0.000477406255 0.0
0.000626043649 -0.000472643907 0.0
0.0006215545 -0.000470062339 0.0
0.000618073042 -0.000470429804 0.0
0.000617002894 -0.000470587634 0.0
0.000357487123 -0.000738392235 0.0
0.000355615543 -0.000733770488 0.0
0.000350024231 -0.000723678793 0.0
0.000348047179 -0.000716708717 0.0
0.000339460472 -0.000705351355 0.0
0.000331666786 -0.000702743942 0.0
0.00032514584 -0.000701461919 0.0
0.000321074127 -0.000700944045 0.0
0.000319480896 -0.000701193349 0.0
0.000319138955 -0.000702164136 0.0
0.00031965485 -0.00070361438 0.0
0.000321002793 -0.000704858918 0.0
0.000323033135 -0.000707780186 0.0
0.000328108727 -0.000714460795 0.0
0.000335199147 -0.000722480763 0.0
0.000343457039 -0.000730463013 0.0
0.000350384362 -0.000736273651 0.0
0.000355447584 -0.000739687646 0.0
1.23642776e-05 4.28670546e-06 0.0
1.4341319e-05 -2.6833743e-06 0.0
1.9932635e-05 -1.27750664e-05 0.0
2.18042078e-05 -1.73968438e-05 0.0
2.62627836e-05 -2.24104406e-05 0.0
2.89522741e-05 -2.22265389e-05 0.0
3.10193027e-05 -2.08056736e-05 0.0
3.21392981e-05 -1.90016635e-05 0.0
3.21228508e-05 -1.90499522e-05 0.0
3.12733609e-05 -1.91190557e-05 0.0
2.86406976e-05 -1.331574e-05 0.0
2.441166e-05 -4.16839339e-06 0.0
1.84559103e-05 4.57546548e-06 0.0
0.000460479932 -0.000717957737 0.0
0.000456465437 -0.000705969229 0.0
0.00044873546 -0.000694519316 0.0
0.000443104596 -0.000689191918 0.0
0.000438348303 -0.000685110572 0.0
0.000434837886 -0.000681595411 0.0
0.000430484448 -0.000680606987 0.0
0.000427552819 -0.000681655016 0.0
0.000425586157 -0.000684171973 0.0
0.000424728263 -0.000688793953 0.0
0.000429282081 -0.000699419819 0.0
0.000433849345 -0.00070366537 0.0
0.000439291995 -0.000707500323 0.0
0.000445137062 -0.000711059663 0.0
0.000450464606 -0.000714092574 0.0
0.000454457826 -0.000716355164 0.0
0.000457126123 -0.000718666997 0.0
0.000459381699 -0.000720113167 0.0
0.000120782541 1.50261967e-05 0.0
0.000124797036 3.03769207e-06 0.0
0.000127626379 2.73153972e-07 0.0
0.000128682106 2.07453991e-06 0.0
0.000128612563 5.18329216e-06 0.0
0.000127030391 9.16392037e-06 0.0
0.000123726335 1.42228064e-05 0.0
0.000429289561 -6.56747798e-05 0.0
0.000429566659 -6.57983765e-05 0.0
0.00042725727 -6.7578796e-05 0.0
0.000423928112 -6.97614232e-05 0.0
0.000420927856 -7.28289742e-05 0.0
0.00041920066 -7.64907309e-05 0.0
0.000416886993 -8.22383154e-05 0.0
0.000416300172 -8.32684382e-05 0.0
0.000415553775 -8.0952057e-05 0.0
0.000414188951 -7.53218046e-05 0.0
0.000412570778 -6.95272538e-05 0.0
0.000408912747 -5.98630868e-05 0.0
0.000407160842 -5.59549735e-05 0.0
0.000405714294 -5.28061901e-05 0.0
0.000404901017 -5.00947572e-05 0.0
0.000405170809 -4.71088279e-05 0.0
0.000405565806 -4.46876184e-05 0.0
0.000406427338 -4.54533401e-05 0.0
0.000409407541 -4.98994705e-05 0.0
0.000412303751 -5.52484089e-05 0.0
0.000416103576 -5.99035193e-05 0.0
0.000420536817 -6.31393923e-05 0.0
0.000418402429 -6.199989e-05 0.0
0.000617566868 -0.000598082319 0.0
0.000639187172 -0.000611384283 0.0
0.000648910296 -0.000615636876 0.0
0.00065071584 -0.000615365454 0.0
0.000651916489 -0.000614231627 0.0
0.00065052032 -0.000610656105 0.0
0.000646217668 -0.000603654131 0.0
0.000640809536 -0.000595344289 0.0
0.000633557967 -0.000586595153 0.0
0.000625083165 -0.000579425367 0.0
0.000616812205 -0.000574482488 0.0
0.000607258175 -0.000570412842 0.0
0.000604186847 -0.00057056261 0.0
0.000601199223 -0.000571596785 0.0
0.000599183433 -0.000573689584 0.0
0.000598820217 -0.000576171209 0.0
0.000600037456 -0.000578647072 0.0
0.00060155266 -0.000580675667 0.0
0.000603794702 -0.000581060769 0.0
0.000606464338 -0.000585141766 0.0
0.000217900786 -0.000611384283 0.0
0.000196280438 -0.000598082319 0.0
0.000195034241 -0.000599416555 0.0
0.000201688148 -0.000605612411 0.0
0.000208783997 -0.000610038289 0.0
0.000215621258 -0.000613132317 0.0
0.000221125141 -0.000614545133 0.0
0.000342241518 -0.000604431669 0.0
0.000348788541 -0.000605991285 0.0
0.000353800715 -0.000604927249 0.0
0.000356933335 -0.000602352258 0.0
0.00035884502 -0.000598652696 0.0
0.000358933758 -0.000594153651 0.0
0.000357261597 -0.000592208293 0.0
0.000355588301 -0.000590283249 0.0
0.000351626746 -0.000585678674 0.0
0.000345093315 -0.000578360923 0.0
0.000337482692 -0.000570184202 0.0
0.000328691822 -0.000562631234 0.0
0.000311931595 -0.000555342704 0.0
0.000306069123 -0.000554369413 0.0
0.000302630971 -0.00055389211 0.0
0.000300620595 -0.000554247294 0.0
0.000299333682 -0.000555186358 0.0
0.000298774743 -0.000555764942 0.0
0.000299369276 -0.000558100757 0.0
0.000302394415 -0.000564047892 0.0
0.000307097129 -0.000573091384 0.0
0.000313001598 -0.000582573004 0.0
0.000320188206 -0.000590423646 0.0
0.000327653339 -0.000596579805 0.0
0.000328467664 -0.000577797298 0.0
0.000558586267 -0.000594119949 0.0
0.000557460822 -0.000596325612 0.0
0.000556861633 -0.000598212995 0.0
0.000556441839 -0.000599288382 0.0
0.000555143284 -0.00060002954 0.0
0.00055322377 -0.000600251369 0.0
0.000550550234 -0.000599939958 0.0
0.000547494972 -0.000598960498 0.0
0.000544230745 -0.000597372884 0.0
0.000541676942 -0.000595291553 0.0
0.000541259244 -0.00059050828 0.0
0.000542304246 -0.000587534276 0.0
0.000543320901 -0.000584037858 0.0
0.00054394186 -0.000579932937 0.0
0.000544836919 -0.000575849612 0.0
0.000545393326 -0.000573628058 0.0
0.000547267846 -0.000575651997 0.0
0.000550683471 -0.000580319611 0.0
0.000554265105 -0.000585207366 0.0
0.000557727762 -0.000588772702 0.0
0.000549391902 -0.00058891112 0.0
0.000292671495 -0.000262427056 0.0
0.000297143531 -0.000263603986 0.0
0.000299457723 -0.000264129223 0.0
0.000300907384 -0.000264939939 0.0
0.000302336004 -0.000265671551 0.0
0.000303563458 -0.000262876565 0.0
0.000302073022 -0.00025477758 0.0
0.000298494386 -0.000245596078 0.0
0.000292653625 -0.00023842798 0.0
0.000285080925 -0.00023254368 0.0
0.000275461003 -0.000227672688 0.0
0.000257352367 -0.000224337928 0.0
0.000252583937 -0.000224379808 0.0
0.000250571466 -0.000224879172 0.0
0.000249816861 -0.000226311182 0.0
0.000249995355 -0.000229443744 0.0
0.000251335034 -0.000234038947 0.0
0.000254102546 -0.00023910882 0.0
0.000258147309 -0.000244669442 0.0
0.000263713184 -0.000250197598 0.0
0.000270390563 -0.000255152961 0.0
0.000277917832 -0.0002589949 0.0
0.000276039616 -0.000246915908 0.0
6.21641666e-05 -9.48360466e-05 0.0
3.86327738e-05 -8.82883687e-05 0.0
3.08415401e-05 -8.78481369e-05 0.0
2.94932361e-05 -8.97730133e-05 0.0
2.87738167e-05 -9.19463855e-05 0.0
2.8811799e-05 -9.40242899e-05 0.0
3.07527698e-05 -9.82363417e-05 0.0
3.56300625e-05 -0.000107304215 0.0
4.33867172e-05 -0.00011849506 0.0
5.36647931e-05 -0.000129024833 0.0
6.50944421e-05 -0.000135952141 0.0
8.14937957e-05 -0.000141217781 0.0
8.49915887e-05 -0.000142612567 0.0
8.75203041e-05 -0.000143786325 0.0
9.016283e-05 -0.000143692683 0.0
9.14089906e-05 -0.000141100041 0.0
9.12871765e-05 -0.000134695627 0.0
8.93453616e-05 -0.00012563623 0.0
8.54850659e-05 -0.000115247822 0.0
7.95008018e-05 -0.000105685773 0.0
0.000459919189 -8.82883687e-05 0.0
0.000483450567 -9.48360466e-05 0.0
0.000484155025 -9.05556954e-05 0.0
0.000474002212 -8.65324546e-05 0.0
0.000464445795 -8.45837349e-05 0.0
0.000457752263 -8.53001184e-05 0.0
0.000216254353 -0.000352792558 0.0
0.000222684917 -0.000351911236 0.0
0.000226163713 -0.000349285663 0.0
0.000227785218 -0.000345925626 0.0
0.000228723307 -0.000342349435 0.0
0.000228334291 -0.000338287384 0.0
0.000226083808 -0.000332841184 0.0
0.000221112132 -0.000324537279 0.0
0.000213300184 -0.000314162346 0.0
0.00020469389 -0.000305779569 0.0
0.00019616526 -0.0002989778 0.0
0.000181361931 -0.000291892764 0.0
0.000174813336 -0.000290098338 0.0
0.000169425562 -0.000289774413 0.0
0.000165898542 -0.000291072996 0.0
0.000163797609 -0.000294275524 0.0
0.000163804114 -0.000301011227 0.0
0.000165783014 -0.000311285432 0.0
0.000169477324 -0.000321888219 0.0
0.000175775887 -0.000331425312 0.0
0.000184371544 -0.000339741469 0.0
0.000194920751 -0.000346597459 0.0
0.000197608824 -0.000319921266 0.0
0.000175531051 -0.000198189358 0.0
0.000183966811 -0.000196898793 0.0
0.000189338054 -0.000194368098 0.0
0.000193127547 -0.000190150109 0.0
0.000195100773 -0.000183833763 0.0
0.00019461388 -0.000175246809 0.0
0.000191834566 -0.000164916113 0.0
0.000186107762 -0.000154259222 0.0
0.000177387716 -0.000143792946 0.0
0.000165099846 -0.000134193091 0.0
0.000150698907 -0.000126229294 0.0
0.000127822583 -0.000121834259 0.0
0.000121435754 -0.000122430007 0.0
0.00011606374 -0.000124904633 0.0
0.000111477399 -0.000130811866 0.0
0.000108718494 -0.000138806441 0.0
0.000108205182 -0.000147977495 0.0
0.00011072596 -0.000157144284 0.0
0.000116209041 -0.000166741316 0.0
0.000124708356 -0.000176458198 0.0
0.000135807699 -0.000185887708 0.0
0.000149098647 -0.000193139087 0.0
0.000151177737 -0.000160301744 0.0
0.000335071643 -0.000309726311 0.0
0.000337711186 -0.000311321637 0.0
0.000339567487 -0.000312046817 0.0
0.000340057828 -0.0003115937 0.0
0.000339101389 -0.000310560863 0.0
0.00033695795 -0.000309702591 0.0
0.000333536416 -0.000308901246 0.0
0.000329971634 -0.000308535557 0.0
0.000327166112 -0.000307471899 0.0
0.000324751949 -0.000306610425 0.0
0.000323636748 -0.000303113455 0.0
0.000324327615 -0.000298636383 0.0
0.00032400919 -0.000293859455 0.0
0.000322736305 -0.000289211253 0.0
0.000321573578 -0.000286467926 0.0
0.000320806314 -0.000289761956 0.0
0.000322587002 -0.0002961602 0.0
0.000325482077 -0.000300059241 0.0
0.000327711081 -0.000301858847 0.0
0.000329841394 -0.000304095272 0.0
0.000329014874 -0.000300648157 0.0
0.000560058921 -0.000422728626 0.0
0.000568499148 -0.000421639386 0.0
0.000574020087 -0.000418315292 0.0
0.000576669292 -0.00041378662 0.0
0.000577652361 -0.000406996347 0.0
0.000575357466 -0.000400906662 0.0
0.000572017627 -0.000394278992 0.0
0.000568045711 -0.000389055116 0.0
0.000563487585 -0.000382780883 0.0
0.000556707557 -0.000376217911 0.0
0.000548548065 -0.000369382324 0.0
0.000530232035 -0.000358576246 0.0
0.00052072265 -0.000357028737 0.0
0.000514528598 -0.000357047917 0.0
0.000510185841 -0.00036092801 0.0
0.000507154735 -0.000368942914 0.0
0.000507063116 -0.000378157798 0.0
0.000510952086 -0.00038819242 0.0
0.000517520413 -0.000397278636 0.0
0.000525661977 -0.000405272964 0.0
0.000534197665 -0.000412149122 0.0
0.000542589056 -0.000417695235 0.0
0.000546184892 -0.000390272646 0.0
0.00029040876 -0.000411303452 0.0
0.000288810435 -0.000415914663 0.0
0.000287653675 -0.000421132398 0.0
0.000287130271 -0.00042738879 0.0
0.00028714721 -0.000433796173 0.0
0.000286878087 -0.000438969088 0.0
0.000286378287 -0.00044108872 0.0
0.000285596936 -0.000437342824 0.0
0.000283749483 -0.00043114461 0.0
0.000281330314 -0.000425274891 0.0
0.000278348045 -0.000420644967 0.0
0.000272185513 -0.00041525776 0.0
0.000272381672 -0.000413572881 0.0
0.000274983322 -0.000410903536 0.0
0.000277455401 -0.000407615211 0.0
0.0002799824 -0.000405815284 0.0
0.000282579364 -0.000404672464 0.0
0.000284638372 -0.000404707855 0.0
0.000286782772 -0.000405005383 0.0
0.000289052143 -0.000405272207 0.0
0.000290412543 -0.000406161125 0.0
0.000291656674 -0.000407159823 0.0
0.000284069334 -0.000420642231 0.0
0.000363349274 -0.000216294269 0.0
0.000363426632 -0.000220643487 0.0
0.000363115309 -0.000224239076 0.0
0.000362462742 -0.000228646109 0.0
0.000363176077 -0.000229911777 0.0
0.000362629653 -0.000228318662 0.0
0.000360807753 -0.000227242926 0.0
0.000357947778 -0.000226298143 0.0
0.000355041266 -0.000225923199 0.0
0.000352625473 -0.000225923446 0.0
0.000350698218 -0.000225860946 0.0
0.00034898211 -0.000225665266 0.0
0.000345645618 -0.000224106174 0.0
0.000347387715 -0.000221846654 0.0
0.000350484799 -0.000218294939 0.0
0.000354287389 -0.00021399949 0.0
0.000357736862 -0.000209104852 0.0
0.000359860627 -0.000203839634 0.0
0.000361392274 -0.000197692119 0.0
0.000361812126 -0.000192212217 0.0
0.00036140476 -0.000191549552 0.0
0.000361705956 -0.000194605396 0.0
0.00036176524 -0.000200316455 0.0
0.000362334482 -0.000205772696 0.0
0.000353432144 -0.000215105305 0.0
0.000317341124 -0.000699156488 0.0
0.000283408444 -0.000668703346 0.0
0.000137552037 -0.000432474306 0.0
0.000132036279 -0.000411706773 0.0
0.000155885617 -0.000367513043 0.0
0.000174252811 -0.000326552021 0.0
0.000176373287 -0.000302793225 0.0
0.000164171768 -0.000278537394 0.0
0.000125111255 -0.000246370764 0.0
8.07547985e-05 -0.000208243335 0.0
5.6902205e-05 -0.000173749242 0.0
5.64676375e-05 -0.000138557269 0.0
9.85056431e-06 -6.43413005e-05 0.0
2.81887037e-06 -4.96866051e-05 0.0
1.40730754e-06 -3.41853156e-05 0.0
4.18059562e-06 -1.7518305e-05 0.0
5.02982994e-06 -6.19783486e-06 0.0
4.80929775e-05 -5.22673108e-05 0.0
7.66740777e-05 -3.73047551e-05 0.0
0.000146143881 -2.46513355e-05 0.0
0.00016133867 -1.33734629e-05 0.0
0.000183542274 3.13795135e-05 0.0
0.000207282195 7.56545924e-05 0.0
0.000227735523 0.000100391349 0.0
0.000242407157 0.000102197082 0.0
0.000260997564 8.94988698e-05 0.0
0.000280255394 6.75382107e-05 0.0
0.000295205973 4.39846699e-05 0.0
0.000307631039 2.51058918e-05 0.0
0.000319887389 1.395443e-05 0.0
0.000343801599 4.87754414e-06 0.0
0.000366266788 9.67221604e-06 0.0
0.000394641305 9.34229956e-06 0.0
0.000410570501 1.50722653e-05 0.0
0.000416075782 1.23759655e-05 0.0
0.000425467006 -1.7518305e-05 0.0
0.000422693702 -3.41853156e-05 0.0
0.000424105267 -4.96866051e-05 0.0
0.000431136956 -6.43413005e-05 0.0
0.000477754045 -0.000138557269 0.0
0.000478188595 -0.000173749242 0.0
0.000502041192 -0.000208243335 0.0
0.000546397641 -0.000246370764 0.0
0.000585458183 -0.000278537394 0.0
0.000597659673 -0.000302793225 0.0
0.000595539226 -0.000326552021 0.0
0.000577172032 -0.000367513043 0.0
0.000553322665 -0.000411706773 0.0
0.000558838423 -0.000432474306 0.0
0.00070469483 -0.000668703346 0.0
0.00073862751 -0.000699156488 0.0
0.000751758693 -0.000708619424 0.0
0.000746253412 -0.000705923128 0.0
0.000730324187 -0.000711653091 0.0
0.000701949699 -0.00071132317 0.0
0.00067948451 -0.000716117851 0.0
0.0006555703 -0.000707040948 0.0
0.000643313921 -0.000695889525 0.0
0.000630888855 -0.000677010743 0.0
0.000615938276 -0.000653457188 0.0
0.000596680446 -0.000631496543 0.0
0.000578090083 -0.000618798309 0.0
0.000563418434 -0.000620604027 0.0
0.000542965077 -0.000645340828 0.0
0.000519225199 -0.000689615903 0.0
0.000497021596 -0.000734368863 0.0
0.000481826777 -0.000745646714 0.0
0.000412356982 -0.000758300128 0.0
0.000383775885 -0.000773262698 0.0
0.000340712722 -0.000727193255 0.0
0.00052187487 -0.000484509103 0.0
0.000508312136 -0.000472503132 0.0
0.000508250785 -0.000472871674 0.0
0.000523139373 -0.000485958299 0.0
0.000518925895 -0.000481863302 0.0
0.000510766113 -0.000472845481 0.0
0.000523405964 -0.000485756405 0.0
0.000506054435 -0.000469113584 0.0
0.000504981144 -0.000469930645 0.0
0.000525758835 -0.00048772397 0.0
0.000523839029 -0.000486448815 0.0
0.000508523139 -0.000471703039 0.0
0.000512723229 -0.000472736894 0.0
0.000517381937 -0.000479653361 0.0
0.000526825606 -0.000489272352 0.0
0.000503899762 -0.000468119222 0.0
0.000525412848 -0.000487197278 0.0
0.000507369812 -0.00046864152 0.0
0.000505051517 -0.000470151106 0.0
0.000521846174 -0.000484614371 0.0
0.000512725906 -0.00047398475 0.0
0.000518914952 -0.000479047274 0.0
0.000521386391 -0.000482623669 0.0
0.000510768732 -0.000472500804 0.0
0.000506404031 -0.000470635336 0.0
0.000526236836 -0.000489202095 0.0
0.000514810265 -0.000476263667 0.0
0.000516138505 -0.000475874811 0.0
0.000509602774 -0.000469802791 0.0
0.00051987241 -0.000482603617 0.0
0.000519327819 -0.000482581003 0.0
0.000511136604 -0.000475403998 0.0
0.00051766145 -0.000480935938 0.0
0.000512387895 -0.000475824694 0.0
0.000210456245 -0.000479868002 0.0
0.000218915942 -0.000487654877 0.0
0.000218555142 -0.000486117235 0.0
0.000201868563 -0.000473536755 0.0
0.000220615766 -0.000491065672 0.0
0.000204275828 -0.000473575463 0.0
0.000209568796 -0.000478325819 0.0
0.000222383591 -0.000489810423 0.0
0.000213705367 -0.000483501179 0.0
0.000222537725 -0.00049127423 0.0
0.000206716446 -0.000478020578 0.0
0.000217809284 -0.000487692916 0.0
0.000215515727 -0.000483988057 0.0
0.000215905253 -0.000484298245 0.0
0.000219932524 -0.000487593235 0.0
0.000198661117 -0.000471953157 0.0
0.000201788294 -0.000474603497 0.0
0.000222235598 -0.000492466323 0.0
0.000214011452 -0.000482378673 0.0
0.000205930206 -0.000474561122 0.0
0.000200981915 -0.000470935018 0.0
0.00022080206 -0.00049309124 0.0
0.000224050847 -0.00049224036 0.0
0.000218990535 -0.000490053091 0.0
0.000222350718 -0.000489409955 0.0
0.000205485936 -0.000475813955 0.0
0.000219758003 -0.000487668964 0.0
0.00019904245 -0.000470692408 0.0
0.00022174677 -0.000493249856 0.0
0.000220882866 -0.000490177772 0.0
0.000211787526 -0.000481324299 0.0
0.000214677377 -0.000485109776 0.0
0.000626344292 -0.000476363057 0.0
0.00063349813 -0.000482814881 0.0
0.00063880469 -0.000490437436 0.0
0.00062025449 -0.000472891523 0.0
0.00062216568 -0.000473656022 0.0
0.00063662458 -0.000487008336 0.0
0.000629805494 -0.000478732021 0.0
0.000334067125 -0.000714166905 0.0
0.000340079016 -0.000721272198 0.0
0.000327418296 -0.000710778113 0.0
0.000348846806 -0.000730485364 0.0
0.000337625446 -0.000712050125 0.0
0.00032861458 -0.00070790184 0.0
0.000324384426 -0.000707718777 0.0
0.000339950755 -0.000723957026 0.0
0.000330125273 -0.000713620393 0.0
0.00034730701 -0.000726887898 0.0
0.000338830636 -0.000719236268 0.0
0.000341268867 -0.000717984163 0.0
0.000323878223 -0.000705814513 0.0
0.000354356249 -0.000736588379 0.0
0.000330835202 -0.000712907 0.0
0.000325067987 -0.000709035317 0.0
0.000346493354 -0.000730096537 0.0
0.000323003536 -0.000706931809 0.0
0.000331392977 -0.000706939376 0.0
0.000334009092 -0.000718513038 0.0
0.000352902454 -0.000733290799 0.0
0.000341746869 -0.000711598084 0.0
0.000344148109 -0.000717424264 0.0
0.000333850709 -0.000716114126 0.0
0.00033483759 -0.000712699024 0.0
0.000344416942 -0.000722300494 0.0
0.000342905114 -0.0007247139 0.0
0.000336265541 -0.000707894273 0.0
0.00032306154 -0.000707150961 0.0
0.000328219496 -0.00070984842 0.0
0.000351335912 -0.000734770671 0.0
0.000336749945 -0.000719424221 0.0
2.36357737e-05 -1.12745765e-05 0.0
2.65370672e-05 -1.48976778e-05 0.0
2.57062893e-05 -1.71137217e-05 0.0
1.8505054e-05 -1.77426546e-06 0.0
2.83889076e-05 -1.58267212e-05 0.0
2.45991087e-05 -1.84291348e-05 0.0
2.80124768e-05 -1.71780775e-05 0.0
2.33432002e-05 -1.39318545e-05 0.0
2.36997403e-05 -9.2556329e-06 0.0
0.000448065723 -0.00070709741 0.0
0.000446779071 -0.000700548058 0.0
0.000436948874 -0.000696040981 0.0
0.000438833784 -0.000702684571 0.0
0.000454621419 -0.000715061964 0.0
0.000437825918 -0.000689956069 0.0
0.000447443686 -0.000710269203 0.0
0.000448221806 -0.000698743155 0.0
0.000442748918 -0.000691788679 0.0
0.000451239845 -0.000706973136 0.0
0.000444328558 -0.00070164958 0.0
0.00043324157 -0.000689102861 0.0
0.000432086003 -0.000694883987 0.0
0.000454611174 -0.000713010668 0.0
0.000441697455 -0.000707175292 0.0
0.000452636683 -0.000714674359 0.0
0.000452880631 -0.000705342274 0.0
0.000440461328 -0.000695572293 0.0
0.000458084163 -0.000717994873 0.0
0.000441277574 -0.000701742363 0.0
0.000444427598 -0.000706541527 0.0
0.000432997214 -0.000699027791 0.0
0.000438546733 -0.000687730091 0.0
0.00043291453 -0.000685558771 0.0
0.00043040872 -0.000690373301 0.0
0.000446530234 -0.000694521819 0.0
0.000456697337 -0.000717600808 0.0
0.000435401918 -0.000702459249 0.0
0.000450495601 -0.000711417 0.0
0.000435022695 -0.00068514375 0.0
0.000447634549 -0.000711592904 0.0
0.000450846477 -0.000698857883 0.0
0.000436682283 -0.000698829477 0.0
0.000442472607 -0.00069407234 0.0
0.000124810656 9.91405614e-06 0.0
0.000126365383 4.19183971e-06 0.0
0.000124030223 1.21845242e-05 0.0
0.000126833416 2.34295612e-06 0.0
0.000422209007 -6.94427072e-05 0.0
0.000412181165 -5.85168127e-05 0.0
0.000410168752 -5.23431299e-05 0.0
0.000425248989 -6.55236581e-05 0.0
0.000424448255 -6.22575244e-05 0.0
0.000411989808 -5.16840046e-05 0.0
0.000419499469 -7.48247767e-05 0.0
0.000412148394 -6.349045e-05 0.0
0.000423500664 -6.98724616e-05 0.0
0.000408317806 -5.39948378e-05 0.0
0.000421899225 -6.22432417e-05 0.0
0.000414808892 -7.07182262e-05 0.0
0.000419267308 -5.93155637e-05 0.0
0.000409741362 -5.92483193e-05 0.0
0.000417433563 -7.76550078e-05 0.0
0.000419926306 -7.57301023e-05 0.0
0.000427474792 -6.48242858e-05 0.0
0.000408383436 -4.83844306e-05 0.0
0.000412805268 -5.32027625e-05 0.0
0.000425753416 -6.77254284e-05 0.0
0.000407015759 -5.03729061e-05 0.0
0.000414836279 -5.61852103e-05 0.0
0.000427252322 -6.6267552e-05 0.0
0.000408245571 -5.58393476e-05 0.0
0.000421298522 -7.31611071e-05 0.0
0.000407176616 -4.85207383e-05 0.0
0.000415978167 -7.49455503e-05 0.0
0.000415917923 -5.67610732e-05 0.0
0.000412515044 -6.69453511e-05 0.0
0.000422638317 -6.2284249e-05 0.0
0.000619097962 -0.000589874981 0.0
0.000634783704 -0.00060371618 0.0
0.000612099888 -0.000588993193 0.0
0.000631894625 -0.000596778467 0.0
0.000607159978 -0.00058183854 0.0
0.00061671919 -0.000582261709 0.0
0.000623647415 -0.000597141334 0.0
0.000609753304 -0.000579184503 0.0
0.000641243008 -0.000605951354 0.0
0.000604781613 -0.000582580862 0.0
0.000625588757 -0.000587350805 0.0
0.000641007791 -0.000610048592 0.0
0.000611603144 -0.000590431679 0.0
0.000632053241 -0.00060422573 0.0
0.000619468512 -0.000596117985 0.0
0.000604203553 -0.000576651364 0.0
0.000627614383 -0.000596692262 0.0
0.000643161591 -0.000609712966 0.0
0.00062283338 -0.000590011943 0.0
0.000611332944 -0.000576111721 0.0
0.000606921327 -0.000585407193 0.0
0.000613929937 -0.000588108844 0.0
0.000613284472 -0.000585092814 0.0
0.000638909987 -0.000598612882 0.0
0.000602389628 -0.000579395855 0.0
0.000619286438 -0.000580424967 0.0
0.000642439758 -0.000604106695 0.0
0.00063333771 -0.000592187571 0.0
0.000605343492 -0.000574348087 0.0
0.000607595663 -0.000574023987 0.0
0.000627818808 -0.000598936575 0.0
0.000617686659 -0.000592409691 0.0
0.000634732249 -0.000601911219 0.0
0.000625839399 -0.000600538042 0.0
0.000616873032 -0.000585877395 0.0
0.000609334267 -0.000585865171 0.0
0.000614271616 -0.00057642645 0.0
0.000646112778 -0.000610662217 0.0
0.00060399418 -0.000582751061 0.0
0.000621486863 -0.000593872741 0.0
0.000602037006 -0.000577138504 0.0
0.000213449617 -0.000610412622 0.0
0.000202449839 -0.00060410914 0.0
0.000217064269 -0.000612343312 0.0
0.000198829861 -0.000601804641 0.0
0.000311377167 -0.000567062874 0.0
0.000314585195 -0.000564217858 0.0
0.000340653933 -0.000591934251 0.0
0.000346276705 -0.000587176997 0.0
0.000349610898 -0.00059371395 0.0
0.000346277229 -0.000583850138 0.0
0.000319752755 -0.000563878391 0.0
0.000306837261 -0.000560636632 0.0
0.000312033837 -0.000571817684 0.0
0.000335644378 -0.000594435027 0.0
0.000303324196 -0.000560553744 0.0
0.000347418943 -0.000600267143 0.0
0.000354241347 -0.000591068936 0.0
0.000307893031 -0.000557753607 0.0
0.000319689745 -0.000583010726 0.0
0.000327594491 -0.000590732438 0.0
0.000338141108 -0.00057573308 0.0
0.000329117232 -0.000568102172 0.0
0.000354408228 -0.000593878794 0.0
0.000352817762 -0.00058901537 0.0
0.000305200898 -0.000564170012 0.0
0.0003027645 -0.00055858586 0.0
0.000342697924 -0.000599971565 0.0
0.000351217052 -0.000599120627 0.0
0.000311988959 -0.000558923755 0.0
0.00030500401 -0.000557487539 0.0
0.000312958757 -0.000577437691 0.0
0.000345251232 -0.00058105588 0.0
0.000337689766 -0.00058473862 0.0
0.000318880717 -0.000570174423 0.0
0.000554512255 -0.000590479875 0.0
0.000544644834 -0.000589530624 0.0
0.000552695594 -0.000584289082 0.0
0.000546285417 -0.000594559067 0.0
0.000555271981 -0.000594952144 0.0
0.000543870963 -0.000585395261 0.0
0.000543187081 -0.000592550088 0.0
0.00055624079 -0.000589275151 0.0
0.000553785881 -0.000597017701 0.0
0.000545183604 -0.000580355292 0.0
0.000548787648 -0.000597307924 0.0
0.000549856049 -0.000579890795 0.0
0.000546228897 -0.000586022157 0.0
0.000552568526 -0.000592313008 0.0
0.000556799059 -0.000593987992 0.0
0.000542667112 -0.00058836845 0.0
0.000557368621 -0.000592064054 0.0
0.000542261289 -0.00059083302 0.0
0.000555357605 -0.000586888171 0.0
0.000543787086 -0.000594945566 0.0
0.000547275995 -0.000577367202 0.0
0.000545812829 -0.000577281229 0.0
0.000551247329 -0.000598183193 0.0
0.00055305264 -0.00059832813 0.0
0.000555475708 -0.000597368984 0.0
0.000544111826 -0.000582365028 0.0
0.000551493082 -0.000587094924 0.0
0.000547424541 -0.000591208169 0.0
0.000283929578 -0.000246158248 0.0
0.000279715692 -0.000253668666 0.0
0.000267629832 -0.000247029559 0.0
0.000272910198 -0.00023594666 0.0
0.000259178196 -0.000238695196 0.0
0.000261606474 -0.000231299156 0.0
0.000293881807 -0.000256020081 0.0
0.000289477088 -0.000259066641 0.0
0.000275299215 -0.000253993087 0.0
0.000284354726 -0.00023977003 0.0
0.000268196425 -0.000243813949 0.0
0.000296955899 -0.000261699752 0.0
0.00025540503 -0.000232259437 0.0
0.00029484363 -0.000250426237 0.0
0.000287236093 -0.000259408873 0.0
0.000294949044 -0.000261698209 0.0
0.000260276342 -0.000243009141 0.0
0.000265063165 -0.000229530997 0.0
0.000255860708 -0.000228468081 0.0
0.000277632731 -0.000233565355 0.0
0.000268110074 -0.000250604702 0.0
0.000263607217 -0.000247042481 0.0
0.000291321106 -0.000243905888 0.0
0.0002711665 -0.000230523321 0.0
0.000281378976 -0.000257728709 0.0
0.000269572716 -0.00023881605 0.0
0.000296919432 -0.000262200192 0.0
0.000254548126 -0.000229463665 0.0
0.000299246691 -0.00026186285 0.0
0.000254017388 -0.000233546554 0.0
0.000286495197 -0.000252011727 0.0
6.93457332e-05 -0.000125895211 0.0
3.84935192e-05 -9.35011485e-05 0.0
7.92417632e-05 -0.000130852059 0.0
6.00781786e-05 -0.000122120764 0.0
3.61076891e-05 -9.59210302e-05 0.0
8.09382691e-05 -0.000125658204 0.0
5.31739825e-05 -0.000104612722 0.0
8.05840609e-05 -0.000136584538 0.0
7.29295498e-05 -0.000132795933 0.0
6.94972841e-05 -0.000105283187 0.0
4.64906516e-05 -0.00011250082 0.0
3.67033572e-05 -0.000100163103 0.0
5.78334912e-05 -0.000101060999 0.0
4.42987839e-05 -9.95453374e-05 0.0
4.65563426e-05 -9.6550204e-05 0.0
8.46499242e-05 -0.000138897783 0.0
7.82784482e-05 -0.000136237635 0.0
6.73120958e-05 -0.000131740497 0.0
3.41004452e-05 -9.20857565e-05 0.0
7.77747191e-05 -0.000115821698 0.0
8.6348482e-05 -0.00013785511 0.0
8.60008731e-05 -0.000133810143 0.0
5.97510043e-05 -0.000127555963 0.0
5.24305433e-05 -0.000121213168 0.0
6.6916502e-05 -0.000120295692 0.0
3.26230656e-05 -9.54328498e-05 0.0
3.927336e-05 -0.000104775332 0.0
0.000477057969 -9.09780865e-05 0.0
0.000464068144 -8.78332867e-05 0.0
0.000480059331 -9.10588715e-05 0.0
0.000461303891 -8.67378403e-05 0.0
0.000486977427 -9.42843253e-05 0.0
0.00045732531 -8.66098489e-05 0.0
0.000194654 -0.000308112998 0.0
0.000204860902 -0.000335488206 0.0
0.000181339245 -0.000303854409 0.0
0.00021660699 -0.000338334503 0.0
0.000192610183 -0.00033434853 0.0
0.000205243181 -0.000313912577 0.0
0.000183217213 -0.000298765692 0.0
0.000174266737 -0.000304941728 0.0
0.000220175381 -0.000334664248 0.0
0.000213968116 -0.00034364732 0.0
0.00019303165 -0.000300928572 0.0
0.000181856012 -0.000325152912 0.0
0.000172455315 -0.000295154168 0.0
0.000200475479 -0.000342146261 0.0
0.000213184278 -0.000319805258 0.0
0.000220687667 -0.000345217821 0.0
0.000223285824 -0.000343870983 0.0
0.00022377912 -0.000340890809 0.0
0.000208990212 -0.000345725217 0.0
0.000186584541 -0.000297328021 0.0
0.00019984931 -0.000305718597 0.0
0.00019470531 -0.000326439476 0.0
0.000170084721 -0.000297175517 0.0
0.000176070025 -0.000294417056 0.0
0.000171201798 -0.000308556831 0.0
0.000222122093 -0.000332675263 0.0
0.00021873771 -0.000327016722 0.0
0.000174357119 -0.000316525693 0.0
0.000207938865 -0.000329599803 0.0
0.000183727461 -0.000332465366 0.0
0.000147568891 -0.000174494577 0.0
0.000142210585 -0.000141469791 0.0
0.000161272488 -0.000147520172 0.0
0.000168245257 -0.000182684162 0.0
0.000176713773 -0.000160452502 0.0
0.00013027426 -0.000167381775 0.0
0.000126736282 -0.00013453883 0.0
0.000155329879 -0.000185250625 0.0
0.000146005303 -0.000134461443 0.0
0.000180726536 -0.0001835203 0.0
0.000120805373 -0.000154038513 0.0
0.000134881207 -0.000176603004 0.0
0.000139302501 -0.000162605109 0.0
0.000119191136 -0.000140304735 0.0
0.000129192646 -0.000128803818 0.0
0.000185380602 -0.000168553044 0.0
0.000174527813 -0.000150801221 0.0
0.000167673061 -0.000190758845 0.0
0.000175539128 -0.000191709638 0.0
0.000180733376 -0.000190047402 0.0
0.000157948394 -0.000137414943 0.0
0.000163547535 -0.000158884883 0.0
0.000144452992 -0.000183717711 0.0
0.000135792317 -0.00012860178 0.0
0.000167144201 -0.000143094672 0.0
0.000187469326 -0.000176523856 0.0
0.000187503174 -0.000182771109 0.0
0.000119685734 -0.000161320655 0.0
0.000157262722 -0.000171498585 0.0
0.000118413584 -0.000132674468 0.0
0.000115498289 -0.000145808051 0.0
0.000325530244 -0.000296768994 0.0
0.000331572577 -0.000304334884 0.0
0.000334249635 -0.000306734815 0.0
0.000326267414 -0.000301871041 0.0
0.000329305185 -0.000302343193 0.0
0.00032466682 -0.000292282755 0.0
0.000334602286 -0.000307639304 0.0
0.000324569584 -0.000298835104 0.0
0.000334278535 -0.000307635433 0.0
0.00032879514 -0.00030548466 0.0
0.000323887303 -0.00029117096 0.0
0.000324162713 -0.000292732992 0.0
0.000327450252 -0.00030047886 0.0
0.000330792362 -0.000304651068 0.0
0.000332800846 -0.00030683176 0.0
0.000324367662 -0.00029590234 0.0
0.000324447174 -0.000302462955 0.0
0.000324980821 -0.000304239395 0.0
0.000326330977 -0.000305161375 0.0
0.00033653967 -0.000309408904 0.0
0.000337417034 -0.000309698808 0.0
0.000336977857 -0.000309179828 0.0
0.000324572698 -0.000294284924 0.0
0.000325832865 -0.000297630613 0.0
0.000333675707 -0.000307732844 0.0
0.000331201503 -0.000307125563 0.0
0.000326877052 -0.000296623824 0.0
0.000329295552 -0.000300831394 0.0
0.000528337085 -0.000378433673 0.0
0.000563095848 -0.000397571392 0.0
0.000533615588 -0.000395816984 0.0
0.000560440996 -0.000387624459 0.0
0.000527723925 -0.000368422567 0.0
0.000566395582 -0.000408241438 0.0
0.000521642971 -0.000385324005 0.0
0.000540395558 -0.000407224346 0.0
0.000551015895 -0.000377059769 0.0
0.000568014104 -0.000395639159 0.0
0.000515996362 -0.000369962479 0.0
0.000560240704 -0.000412541471 0.0
0.000525961164 -0.000399360055 0.0
0.000571268261 -0.000406458101 0.0
0.000529990532 -0.000364398846 0.0
0.00056661712 -0.000390359404 0.0
0.000563581358 -0.000386048952 0.0
0.000558595639 -0.000381174148 0.0
0.000571895798 -0.000401564408 0.0
0.000514744781 -0.000376538985 0.0
0.000518552901 -0.000365067361 0.0
0.000556903775 -0.000400476129 0.0
0.000532500388 -0.000405666506 0.0
0.000520237954 -0.000392260205 0.0
0.000544777082 -0.000370317459 0.0
0.0005463977 -0.000413955335 0.0
0.00055344397 -0.000415178307 0.0
0.000537370972 -0.000366403197 0.0
0.0005534956 -0.000387942069 0.0
0.000567115203 -0.00041495898 0.0
0.000287314178 -0.000425112405 0.0
0.000278613181 -0.000420435303 0.0
0.000288482493 -0.000414641836 0.0
0.000278247695 -0.000413716625 0.0
0.000281687913 -0.000409794127 0.0
0.000286843395 -0.000431429158 0.0
0.000280061067 -0.000425195205 0.0
0.000288954296 -0.000417670584 0.0
0.000288174779 -0.000409962144 0.0
0.000275234052 -0.000416562951 0.0
0.000287722767 -0.000424822822 0.0
0.00029056365 -0.000410490582 0.0
0.000283109257 -0.000430787157 0.0
0.000277252082 -0.000421154487 0.0
0.000286378432 -0.000435888447 0.0
0.000283551082 -0.000407290529 0.0
0.00027903021 -0.000409485103 0.0
0.000275387138 -0.000413126574 0.0
0.000275025988 -0.000418115465 0.0
0.000276943232 -0.000410854933 0.0
0.000287296134 -0.000429563515 0.0
0.000288365351 -0.000420024619 0.0
0.00029030579 -0.00041271653 0.0
0.000290119409 -0.000409054541 0.0
0.000285180315 -0.000435314956 0.0
0.000285581598 -0.000407228858 0.0
0.000287392002 -0.000407440239 0.0
0.000281914661 -0.000414912094 0.0
0.000281682151 -0.00042478161 0.0
0.000282128021 -0.000428241736 0.0
0.000287328818 -0.000419868476 0.0
0.000358596997 -0.000212443512 0.0
0.00035762164 -0.000221803974 0.0
0.00035275254 -0.000211360399 0.0
0.000349439739 -0.000220250513 0.0
0.000357364246 -0.000224578413 0.0
0.0003600856 -0.000219581532 0.0
0.000349541137 -0.000217576831 0.0
0.000350294169 -0.000223392693 0.0
0.000359485275 -0.000205300894 0.0
0.000356179022 -0.000204269498 0.0
0.000361476501 -0.000213038249 0.0
0.000354356016 -0.000211387523 0.0
0.000360613747 -0.00022635542 0.0
0.000347441295 -0.000223023249 0.0
0.0003582926 -0.000198616326 0.0
0.000359107624 -0.000199505026 0.0
0.000354961463 -0.000224200834 0.0
0.000352539093 -0.000224257819 0.0
0.000360118021 -0.000226509379 0.0
0.000361171493 -0.00022421687 0.0
0.000347592781 -0.000221204624 0.0
0.000348545494 -0.000223984258 0.0
0.000361719518 -0.000217243025 0.0
0.00036122452 -0.000208763013 0.0
0.000356450619 -0.000207358113 0.0
0.000351729628 -0.000215326509 0.0
0.0003576866 -0.000225507276 0.0
0.000359131955 -0.000198221504 0.0
0.000355883327 -0.000216486747 0.0
0.000351400609 -0.000215717839 0.0
0.00042517003 -0.000497772766 0.0
0.000318317791 -8.04056181e-05 0.0
0.00047600962 -0.000563681358 0.0
0.000243532908 -9.87274252e-05 0.0
0.000360915292 -0.000470364495 0.0
0.000430946791 -0.00041087679 0.0
0.000409495551 -0.000594116456 0.0
0.000193959466 -0.000114241418 0.0
0.000596037658 -0.000449087325 0.0
0.000324980821 -0.000149361993 0.0
0.000413497648 -0.000344482018 0.0
0.000250460609 -0.000446562481 0.0
0.000440259551 -0.000150799271 0.0
0.000288458192 -0.000303553679 0.0
0.000459079194 -0.000252247293 0.0
0.000336993806 4.93354219e-06 0.0
0.000476799061 -0.000510398066 0.0
0.000165913298 -8.53403981e-05 0.0
0.000199958857 -0.0002725542 0.0
0.000238863184 -0.000575547747 0.0
0.000316223071 -0.00028088293 0.0
0.000362139166 -0.000398498931 0.0
0.00038499909 -0.00052447943 0.0
0.00036385635 -9.9309611e-05 0.0
0.000563038106 -0.000486986071 0.0
0.000294322963 -0.000144973907 0.0
0.000262409245 -7.87015597e-06 0.0
0.000490525155 -0.000535753381 0.0
0.00028096087 -0.000614848221 0.0
0.000190248145 -7.40833275e-05 0.0
0.000228708974 -0.000274422026 0.0
0.000165106001 -0.00024305041 0.0
0.000498164911 -0.000600620697 0.0
0.000233471132 -0.000160827112 0.0
0.000440334959 -0.000387141656 0.0
0.000310933072 -0.000301841646 0.0
0.000180835574 -0.000246207055 0.0
0.000452091248 -0.000627339177 0.0
0.000480681192 -0.00046600608 0.0
0.000347109191 -0.000488284335 0.0
0.000403385086 -0.000381924794 0.0
0.000329491973 -0.000431727123 0.0
0.000443887024 -0.0005493114 0.0
8.09586927e-05 -9.10139643e-05 0.0
0.000392788148 -0.000454047753 0.0
0.000356258533 -0.00015255835 0.0
0.000139331576 -7.14072157e-05 0.0
0.000533136714 -0.000309253664 0.0
0.000191584521 -0.000141700817 0.0
0.000249698205 -0.000406395498 0.0
0.000384023908 -0.000642911647 0.0
0.000240854351 -0.000478298694 0.0
0.000291512901 3.13380697e-05 0.0
0.000351650931 -0.000281751592 0.0
0.0003127729 -0.000184004952 0.0
2.45308161e-06 -4.39643445e-05 0.0
0.000307848124 -0.000268000935 0.0
0.000265147333 -0.000418621086 0.0
0.000345633744 1.24613352e-05 0.0
0.000454106863 -0.000189617334 0.0
0.000264905073 -0.000166803104 0.0
0.000214957254 -2.78172229e-05 0.0
0.000279519852 -0.000333348667 0.0
0.000267771946 -0.000267244817 0.0
0.000407807878 -0.000198113994 0.0
0.000282040826 -8.28501434e-05 0.0
0.000180076779 -0.000148403458 0.0
6.61148224e-05 -9.54403367e-05 0.0
0.00059632078 -0.000650835398 0.0
0.000475877896 -0.000327351678 0.0
0.000111661029 -8.24371964e-05 0.0
0.000354650751 -0.000517069479 0.0
0.000457389426 -0.000116629722 0.0
0.000382397295 -5.06519464e-05 0.0
0.000257423322 -0.000485574448 0.0
0.000413906295 -0.000125069564 0.0
0.000301742693 -0.000173205917 0.0
0.000504096737 -0.000562632282 0.0
0.000294656813 -0.000576410792 0.0
0.000363229658 -0.000582983019 0.0
0.000491966202 -0.000411432935 0.0
0.000442155753 -0.000462627184 0.0
8.21156136e-05 -0.000187390498 0.0
0.000447852479 -0.000298292434 0.0
0.00016655041 -6.04515117e-05 0.0
0.000581986445 -0.000528244127 0.0
0.000381354504 -0.000360765756 0.0
0.000240422596 -0.000610477815 0.0
0.000606349611 -0.000517515407 0.0
0.000552674115 -0.000524379837 0.0
0.000174789559 -6.60089354e-05 0.0
0.000427995692 -0.000384242594 0.0
7.57109519e-05 -5.34732862e-05 0.0
0.000471289939 -0.000426571671 0.0
0.000211345978 -0.000323622895 0.0
0.000398233911 -0.0003768678 0.0
0.000316708785 -0.000363040599 0.0
0.00040700275 -0.000536990759 0.0
0.000319331361 -0.00011449743 0.0
0.000495827582 -0.00051095977 0.0
0.000259749184 -0.000267168944 0.0
0.000222621689 -0.000177551512 0.0
0.000590748212 -0.000434054906 0.0
0.000303281558 -0.000333817239 0.0
0.00022275337 -0.000542992086 0.0
0.000599367835 -0.00045465221 0.0
0.000288948213 -0.000274128979 0.0
0.000329387549 -0.000175658017 0.0
0.000499453861 -0.000535333471 0.0
0.000449115527 -7.75804656e-05 0.0
0.000346145767 -4.62324751e-05 0.0
0.000396898162 -0.000626605819 0.0
0.000299231615 -0.000652330869 0.0
0.000277081097 -0.000642453961 0.0
0.000255147403 -0.00055978162 0.0
0.000487052079 -0.000703625788 0.0
0.000202412513 -0.000232645776 0.0
0.000479281793 -0.000537602056 0.0
0.000588290801 -0.000448955368 0.0
0.000547614822 -0.000447706814 0.0
0.000239140776 -0.000438817719 0.0
0.000164062149 -0.000249751494 0.0
0.000317325233 -0.000325955014 0.0
0.000397418393 -0.000487323734 0.0
0.000457584945 -0.000143147205 0.0
0.00036149341 -0.000326251553 0.0
0.000334386568 -0.000277752406 0.0
0.000469921622 -0.00064551481 0.0
0.000504070602 -0.000616643694 0.0
0.000593849632 -0.000447107886 0.0
0.000314731704 -0.000277498417 0.0
0.000451387692 -0.000514323881 0.0
0.000327973277 -0.000456387119 0.0
0.000502645154 -0.000235886997 0.0
0.000229935584 -0.000321284519 0.0
0.000394595379 -0.00042130542 0.0
0.000494501437 -0.000492623425 0.0
0.000189670653 -0.000284157431 0.0
0.000398600008 -0.000243994727 0.0
0.000425431499 -0.000656817807 0.0
0.000313200115 4.12387708e-05 0.0
0.000382379105 -0.000112101727 0.0
0.000465382356 -0.000431500375 0.0
0.000186858277 -0.000212286046 0.0
0.000299585663 -1.98072121e-05 0.0
0.000153792847 -0.000114405164 0.0
0.000136003378 -0.000203438074 0.0
0.000368818583 -0.000158975163 0.0
0.000381893391 -2.38082757e-05 0.0
0.000220834292 -0.00011713701 0.0
0.000438354298 -7.25673235e-05 0.0
0.000186883539 -3.14768331e-05 0.0
0.000337104284 -0.000122504891 0.0
0.000569064636 -0.000316585763 0.0
0.000153430388 -4.26420738e-05 0.0
0.000337487203 -0.000269963231 0.0
0.00017722958 -0.000275519822 0.0
0.000255072082 -0.000494143518 0.0
7.36701259e-05 -9.64157298e-05 0.0
0.000169908264 -0.000219208945 0.0
0.000399635814 -0.000745639321 0.0
0.000334969722 -0.00049235503 0.0
0.000262688729 -0.000451061758 0.0
0.000356747332 -0.000436786708 0.0
0.000422991201 -2.85674923e-05 0.0
0.000348466012 -0.000349100766 0.0
0.000615380704 -0.000668944325 0.0
0.00024262545 -0.000396790245 0.0
0.00056323735 -0.000610505114 0.0
0.000577505445 -0.000531595666 0.0
0.000229496683 -0.000231477345 0.0
6.4317348e-05 -0.000150604057 0.0
0.000556342478 -0.000528820441 0.0
0.000240643363 -0.000627281144 0.0
0.000347666326 -0.00055906584 0.0
0.000285261718 -0.000194491586 0.0
0.000464053388 -0.00048542954 0.0
0.000439284602 -0.000103480015 0.0
0.000440984557 -0.000587428221 0.0
6.1046012e-05 -8.06137323e-05 0.0
0.000246796873 -0.000494353182 0.0
0.000286559982 -0.000670698821 0.0
0.000392154325 -0.000350157672 0.0
4.24072095e-06 -2.33640312e-05 0.0
0.000393127848 -0.000667391054 0.0
7.0817805e-05 -6.74284238e-05 0.0
0.000324037363 -0.000704677368 0.0
0.000575765094 -0.000540039269 0.0
0.000590283191 -0.000641518971 0.0
0.000288011419 -0.000550782424 0.0
0.000254200189 4.65128214e-05 0.0
0.000399000302 -0.000653004681 0.0
0.000398696924 -0.000167507969 0.0
0.000166463011 -0.000423828751 0.0
0.00051398261 -0.000353038398 0.0
0.000511403079 -0.000554453116 0.0
0.000532689388 -0.000492486404 0.0
0.000381616439 -0.000269938697 0.0
0.000222069968 -0.000576684775 0.0
0.000254233368 -0.000385529012 0.0
0.000370382622 -0.000496305292 0.0
0.000269457756 -0.00012517217 0.0
0.000338575308 1.10383453e-05 0.0
0.000316510093 -0.000280276843 0.0
0.000252854079 -5.462232e-05 0.0
0.00047834235 -0.000598455023 0.0
0.000266633608 -0.000560603105 0.0
0.000304236368 -0.0002740075 0.0
0.000260554691 -0.00050078088 0.0
0.000166252779 -4.88604965e-05 0.0
0.000487719371 -0.000680902973 0.0
0.000228537654 2.86944069e-05 0.0
0.000298668136 -0.000386448344 0.0
0.000310647534 -0.000201606235 0.0
0.000267076219 -0.000635369273 0.0
0.000509724137 -0.00035419577 0.0
0.000463638688 -0.00053989864 0.0
0.000195964312 -0.00010066176 0.0
0.000214726999 -7.29844978e-05 0.0
0.000302561442 -0.000106140316 0.0
0.000180699397 -0.000103232029 0.0
9.72683774e-05 -0.000202028081 0.0
0.000342907995 -0.000527813216 0.0
0.000237143118 -0.000532514183 0.0
0.000594418729 -0.000626750116 0.0
0.000299065694 -0.000193895816 0.0
0.000339995808 -0.000143387835 0.0
3.57129284e-06 -5.16982036e-05 0.0
0.000150792039 -0.000238568013 0.0
0.000710878463 -0.000670013018 0.0
0.000308737188 -0.000610699703 0.0
0.000503532181 -0.000511320191 0.0
0.000479237613 -0.000429281121 0.0
0.00046660658 -0.000102875172 0.0
0.000336490484 -0.000269905839 0.0
0.000351938448 -0.000609696552 0.0
0.000247017975 -0.000141118086 0.0
0.000504361233 -0.000635784992 0.0
0.000263431692 -0.000351754192 0.0
5.96795962e-06 -4.58480863e-05 0.0
0.00031003484 -0.00040861679 0.0
0.00030856079 -0.000270110118 0.0
0.000395477604 -7.91581697e-05 0.0
0.000267126918 -0.000652877206 0.0
9.71577974e-05 -3.78619516e-05 0.0
0.000307192822 -0.00026848173 0.0
0.000402999227 -0.000667636225 0.0
0.000327329239 -9.00984742e-06 0.0
0.000488937192 -0.000552572426 0.0
4.47642124e-05 -6.25727334e-05 0.0
0.000561460096 -0.000528303382 0.0
0.00024561389 -0.000204278156 0.0
0.000341620616 -8.13340594e-05 0.0
0.000396121497 -0.000130611792 0.0
0.000399356446 -0.000631709001 0.0
0.000297231192 -0.000367812987 0.0
0.000513871317 -0.000576040125 0.0
0.00045380104 -0.000428692292 0.0
6.17509941e-05 -6.58901263e-05 0.0
0.000264658622 -0.000405170053 0.0
0.000571982644 -0.000612918288 0.0
0.000102006954 -0.000126014449 0.0
0.000282488618 6.30526993e-05 0.0
0.000616878155 -0.000533762272 0.0
0.000521585171 -0.000428946107 0.0
0.000450066902 -0.000273245038 0.0
0.000477842201 -0.000648542424 0.0
0.000172768894 -0.000119201744 0.0
0.000137308481 -0.000208847021 0.0
0.000243112328 -0.000237667628 0.0
0.000290604628 -0.00065945409 0.0
0.000495221466 -0.00065904262 0.0
0.000462563243 -0.00016621346 0.0
0.000418557174 -0.000462666998 0.0
0.000102317368 -0.000220398186 0.0
0.000553738384 -0.000612011529 0.0
0.000409232453 -0.000695653725 0.0
0.000388255692 -0.000343416177 0.0
0.000389294088 -0.000566195522 0.0
0.000336323195 -0.000274125225 0.0
0.000201849733 -0.00017300529 0.0
0.000110698347 -0.000135438459 0.0
0.000313324505 -0.000659149664 0.0
0.000472306274 -0.000118536103 0.0
0.000497076137 -0.000458118826 0.0
0.000349251815 -0.000473122956 0.0
0.000211453647 -0.0005375357 0.0
0.000253845035 -0.000254746119 0.0
0.000313121796 -0.000278772204 0.0
0.000220544272 -0.000212980158 0.0
0.000606393442 -0.000437830808 0.0
0.000615282333 -0.000456041977 0.0
0.000181045398 -0.000162808545 0.0
0.000422398414 -1.44204641e-05 0.0
1.14446684e-05 -6.43546009e-05 0.0
0.000425424543 -0.000386041822 0.0
5.72190147e-05 -5.66647868e-05 0.0
0.000471009611 -0.000347754394 0.0
0.000444376317 -0.000411265617 0.0
0.000443792116 -0.000668970286 0.0
0.000492790248 -0.000304176501 0.0
0.000454841123 -7.89510013e-05 0.0
0.000510141428 -0.000667377375 0.0
0.00054772594 -0.00027166112 0.0
0.000389856286 -0.000628845824 0.0
0.000482990989 -0.000356838311 0.0
0.00012637004 -0.000100910409 0.0
0.000295547274 -0.000269958458 0.0
0.000211561754 -0.000140061878 0.0
0.000511957565 -0.000533848885 0.0
0.000581373053 -0.000550939701 0.0
0.000636998971 -0.000654660224 0.0
0.00029950359 -0.000302150642 0.0
0.000359146943 -0.000340078666 0.0
0.000156481925 -3.73659277e-05 0.0
8.50294309e-05 -0.000120821074 0.0
0.000325700094 -0.000263977563 0.0
0.000383305014 -0.000610279851 0.0
0.000126568542 -4.63036959e-05 0.0
0.000318489008 -0.000292806304 0.0
0.00025543134 -0.000419926801 0.0
0.000428117433 -0.000173491513 0.0
9.67472006e-05 -0.000113232418 0.0
0.000570571283 -0.000348619476 0.0
0.000335611694 -0.000398157688 0.0
0.000251287536 -0.000506506825 0.0
0.00045450576 -0.000443882484 0.0
0.000477605354 -0.000202185431 0.0
0.000128744723 -0.000215659878 0.0
0.000474390778 -0.000728822954 0.0
0.000317521073 -0.000497656001 0.0
0.000377450895 -0.000466576457 0.0
0.00046294491 -0.00058791216 0.0
0.000396323332 -2.49888053e-05 0.0
0.000231659811 -0.000434790825 0.0
0.000214730637 -0.000346011686 0.0
9.16063727e-05 -0.000102730257 0.0
0.000265276351 -0.000523631927 0.0
0.000181915835 -0.000286622322 0.0
0.000494088163 -0.000573268451 0.0
0.000173257009 -0.000278870808 0.0
0.000411491026 -0.00067438843 0.0
0.000377134536 -2.20866295e-05 0.0
0.000325009169 -0.000464560697 0.0
0.000532411621 -0.000635087257 0.0
0.000536598847 -0.000441210141 0.0
0.000153117275 -0.000394025497 0.0
0.000427347259 -0.000619614031 0.0
0.000215675696 -0.000211017221 0.0
0.000422409677 -0.000563635956 0.0
0.000188115184 -0.000252922473 0.0
0.000216689688 -0.000185807628 0.0
0.000299638923 -5.95643978e-05 0.0
0.00039581809 -1.74865181e-05 0.0
0.00035181109 -0.00018493236 0.0
0.000393268565 -0.000661373138 0.0
9.84116996e-05 -0.000137664014 0.0
0.000561719062 -0.000606915972 0.0
0.000429394393 -0.000526253134 0.0
0.000413915288 -0.000376262557 0.0
0.00013977896 -3.07231712e-05 0.0
0.000574669277 -0.000429802574 0.0
0.000570055738 -0.000610924966 0.0
0.000613865792 -0.000483578449 0.0
0.000227517507 -0.00034287537 0.0
0.000353022362 -0.000250441371 0.0
8.58777858e-05 -8.17150794e-05 0.0
0.000311940181 2.79051328e-05 0.0
0.000150382199 -3.11804652e-05 0.0
0.000377526769 -0.000202694384 0.0
0.000443540048 -0.000487202546 0.0
0.000160877957 -0.000140516029 0.0
0.000187318874 -0.000184036224 0.0
0.00043455651 -0.00021090667 0.0
0.000341413601 -0.000584338384 0.0
0.000198384805 -0.000139363881 0.0
0.000329153438 -0.000198332811 0.0
0.000274829043 -0.000428998115 0.0
0.000340866653 -0.000301419408 0.0
0.000258402666 -0.000295758422 0.0
0.000169505845 -3.96714022e-05 0.0
0.000226056814 -0.000463712146 0.0
0.000458774623 -0.000564734801 0.0
0.000158821917 -0.000195452158 0.0
0.000152378911 -7.08216539e-05 0.0
0.000194710927 -0.000314895384 0.0
0.000612969394 -0.000669473317 0.0
0.000586212962 -0.000601363601 0.0
7.81499621e-05 -0.000154141133 0.0
0.000367069064 -6.66386331e-05 0.0
0.000141069366 -0.000116057192 0.0
0.000587524031 -0.000451149826 0.0
0.00058600714 -0.000565195223 0.0
0.000129536536 -0.000164005396 0.0
0.000355975848 -0.000493552128 0.0
0.000267453259 -0.000513961539 0.0
0.000536802574 -0.000359820813 0.0
5.56981604e-06 -2.55286614e-05 0.0
0.000466152094 -0.000217363922 0.0
0.000177913185 -7.65367877e-05 0.0
0.000376713055 -0.000432466506 0.0
0.000598813873 -0.000553336402 0.0
0.00026526532 -0.00020731063 0.0
0.000354912248 -0.000127727297 0.0
0.000448411825 -0.000164408004 0.0
0.000308148738 -0.000433098641 0.0
1.12594134e-05 -6.53264651e-05 0.0
0.000315450772 3.6479214e-05 0.0
0.000506477198 -0.000491967134 0.0
0.000346805144 -0.000453789311 0.0
0.00035405907 -8.63096921e-06 0.0
0.000318505045 -0.000331504212 0.0
0.000312726217 -0.000167186852 0.0
0.000280714798 -0.00030655216 0.0
0.000372101029 -1.31515362e-05 0.0
0.000305786991 -0.000145359751 0.0
0.000379077916 -0.000624893873 0.0
0.000525448879 -0.000533023267 0.0
0.000504293188 -0.000473478547 0.0
0.000391330716 -0.000357181678 0.0
0.000283282308 -0.000376718177 0.0
2.3128016e-06 -3.59466103e-05 0.0
0.000278460677 -0.000263583584 0.0
0.000285756309 -0.000212099432 0.0
7.62167401e-05 -6.39127829e-05 0.0
0.000229355675 -0.000384402025 0.0
0.000215221531 -0.000275057333 0.0
0.000485118915 -0.00052182097 0.0
0.000522879185 -0.00058890431 0.0
0.000216868095 -0.000599638326 0.0
0.000178764647 -0.000196655252 0.0
0.000281710789 -0.00028266749 0.0
0.000203630203 1.5052764e-05 0.0
0.00029785806 -0.000210588201 0.0
0.000264430506 -0.000540018431 0.0
0.000557695283 -0.000398970675 0.0
0.000379630917 -0.00030284992 0.0
0.000305055029 -0.000357692479 0.0
0.000402218022 -5.80446213e-05 0.0
0.000243490605 -0.000460780866 0.0
0.000279091648 -0.000505549484 0.0
5.0937444e-05 -6.72191745e-05 0.0
0.000263279682 6.86648782e-05 0.0
0.000373964111 -1.60119162e-05 0.0
0.000440183445 -0.000336728524 0.0
0.000180679272 -0.000294410303 0.0
0.000558626198 -0.000508123427 0.0
0.000243623785 -0.000524673495 0.0
0.000266774208 -0.000256022613 0.0
0.000424693717 -0.000430941262 0.0
0.000471800158 -0.00031141314 0.0
0.000207544042 -0.000211372491 0.0
0.000385950756 -0.000160402647 0.0
0.000469853549 -0.000422853744 0.0
0.000266881048 -0.000462044234 0.0
0.000315877667 -0.000145788537 0.0
0.000252398837 -0.000177509181 0.0
0.000245215517 -0.000372211798 0.0
0.000424201542 -8.31693069e-06 0.0
0.000186262841 -0.000306702714 0.0
0.000552597863 -0.000416749273 0.0
0.000341195439 -0.000641068036 0.0
0.000331108487 -0.000715569244 0.0
0.000381650956 -0.000147702478 0.0
0.00039111689 -0.000248789904 0.0
0.000278627122 1.26299592e-05 0.0
0.000256902509 -0.000592424767 0.0
0.000241056958 -0.000241978647 0.0
0.000257738953 -0.000438958785 0.0
0.000209972161 -0.000570602249 0.0
0.000197284258 -0.000412629655 0.0
0.000420617231 -4.37452945e-05 0.0
0.000553163351 -0.000511917344 0.0
0.000103720929 -0.00018088994 0.0
0.000280683627 -0.000163613935 0.0
8.79560102e-05 -0.000123324484 0.0
0.000721479068 -0.000676729775 0.0
0.000405924045 -0.000394485309 0.0
0.000324311288 -0.000282642693 0.0
0.000350926741 3.4303705e-06 0.0
0.000443823403 -7.39389725e-05 0.0
0.00017637288 -0.000290899072 0.0
0.000391745562 -0.000115495626 0.0
0.000520132307 -0.000567624578 0.0
0.000359515892 -2.4333247e-05 0.0
0.000444663863 -0.000383343315 0.0
0.000315355021 -0.000220067683 0.0
0.00011741148 -0.000231845552 0.0
0.000516250613 -0.000442810531 0.0
0.000444757607 -0.000128887477 0.0
0.000264544185 -0.000511616119 0.0
0.000542923575 -0.000532686943 0.0
0.000305992173 -0.000361717219 0.0
0.000297589286 -0.000682163693 0.0
0.000362548977 -0.000332234864 0.0
0.000111755442 -0.000128425381 0.0
0.000405288272 -0.000632900628 0.0
0.000341165083 -0.000547359057 0.0
0.000324231078 -4.67515383e-05 0.0
0.00025413456 -0.000386402506 0.0
0.000205747507 -0.000181813928 0.0
0.00042121057 -9.70030524e-05 0.0
0.000582572306 -0.00062260346 0.0
0.000589780626 -0.000487230427 0.0
0.000557528809 -0.000521067355 0.0
0.000443355122 -0.000284031499 0.0
0.0002711899 -0.000649038178 0.0
0.000227300523 -0.000477827794 0.0
0.00057874684 -0.000628595706 0.0
0.000624394801 -0.000501848059 0.0
0.000414557493 -0.00028444748 0.0
0.000251927268 -0.000468523707 0.0
0.000609242765 -0.00063436362 0.0
0.000743402517 -0.000702379562 0.0
0.000317546044 -0.000331547257 0.0
0.000372809794 -0.000731825712 0.0
0.000286786701 -0.000118448792 0.0
0.000532702601 -0.000502387702 0.0
1.5698457e-05 -5.59345244e-05 0.0
0.000197530448 -0.000290222117 0.0
0.000576844439 -0.000553899386 0.0
0.000363994332 -0.000554557249 0.0
0.000425854989 -0.000140687669 0.0
0.000113291113 -3.05155991e-05 0.0
0.000361642655 -0.000631622213 0.0
0.000510099286 -0.000274498336 0.0
7.37434748e-05 -0.000190736493 0.0
0.000335259218 -0.000526701973 0.0
0.000357415964 -1.11462823e-05 0.0
0.000315476209 -0.000574228878 0.0
0.000330479408 -0.000666840002 0.0
0.000409244589 -0.000511728926 0.0
0.000339012448 -0.000261048932 0.0
0.000499585236 -0.000447148428 0.0
0.000239357134 -1.62001033e-05 0.0
3.56254259e-06 -1.23771424e-05 0.0
0.000478713773 -0.000488760765 0.0
0.000595117046 -0.000547682168 0.0
0.000446660793 -9.49266177e-05 0.0
0.000360483944 -0.000629455084 0.0
0.000133316687 -0.000246056414 0.0
0.000279867207 -4.39421201e-05 0.0
0.000228310237 -0.000222590854 0.0
0.00040657536 -0.000286016933 0.0
0.000232636681 -6.35036486e-05 0.0
0.00050159794 -0.000553770165 0.0
0.000273857586 -0.000283503585 0.0
0.000338306854 -0.000658930803 0.0
0.000378921599 -0.000382878759 0.0
0.000384942949 -0.000638450438 0.0
0.000299156702 -0.00037931648 0.0
0.000150934982 -3.01964228e-05 0.0
0.000313681317 -0.000351831637 0.0
0.000306098955 -0.000683340884 0.0
0.000262078684 -9.00617815e-05 0.0
0.00025995032 -0.000393281633 0.0
0.000361117447 -0.000528729521 0.0
0.00029470172 -0.000329548842 0.0
8.70993699e-06 -1.04332294e-05 0.0
9.85057632e-05 -7.13652262e-05 0.0
