0.000227929268 -2.21654154e-05 0.0
0.000224541349 -1.00478946e-05 0.0
0.000149422282 -3.23424465e-05 0.0
0.000122842292 -3.09834031e-05 0.0
0.000140285207 -4.31033768e-05 0.0
0.000237855289 -3.09834031e-05 0.0
0.000264435279 -3.23424465e-05 0.0
0.000226382283 -5.93366276e-05 0.0
0.000222940143 -3.21058033e-05 0.0
0.000199397895 -4.3807624e-05 0.0
5.74765045e-06 1.37134457e-05 0.0
9.18978276e-06 -1.35173768e-05 0.0
0.000242568902 -6.11030555e-05 0.0
0.000240711102 -5.00761089e-05 0.0
0.000222545568 -5.57864441e-05 0.0
2.35186035e-05 -4.25685948e-06 0.0
2.53764028e-05 -1.52838074e-05 0.0
0.00014171275 -2.98267582e-06 0.0
0.000135693364 1.56398e-05 0.0
0.000270780904 -4.01662874e-05 0.0
0.000295848964 -4.21788718e-05 0.0
0.000277962157 -1.4424495e-05 0.0
0.000180835952 -4.21788718e-05 0.0
0.000155767892 -4.01662874e-05 0.0
0.000186282108 -5.62050045e-05 0.0
0.000180390009 -2.73191199e-05 0.0
0.00026629286 -2.6961241e-05 0.0
0.000260323257 -2.2070888e-05 0.0
0.000120517325 -2.04253774e-05 0.0
0.000111536356 -6.2145773e-06 0.0
5.71750352e-05 6.15569752e-06 0.0
3.79487137e-05 6.28172666e-06 0.0
5.56722407e-05 -1.45204194e-05 0.0
0.000152961715 6.28172666e-06 0.0
0.00017218804 6.15569752e-06 0.0
0.000116433235 -3.08069284e-05 0.0
0.000110237401 -1.13294946e-05 0.0
8.01173592e-05 -2.29017733e-05 0.0
6.93038673e-05 -3.9772608e-06 0.0
0.000152772889 -1.93372362e-05 0.0
0.00014864355 -1.53380079e-05 0.0
0.000216768298 -3.49415241e-05 0.0
0.000212580097 -5.80224241e-06 0.0
0.000143111916 -3.02660264e-05 0.0
0.000136753515 -2.77297349e-05 0.0
0.0001588983 -1.32389023e-05 0.0
0.000152845081 9.16765839e-06 0.0
0.000217192501 -4.58192517e-05 0.0
0.0 0.0 0.0
0.000115012997 0.0 0.0
0.000332205498 -4.58192517e-05 0.0
0.000230627556 -2.22999824e-05 0.0
0.00023312644 -2.17114048e-05 0.0
0.000235157015 -2.08342371e-05 0.0
0.000236499851 -1.98263479e-05 0.0
0.0002371382 -1.87773967e-05 0.0
0.000237182234 -1.76809972e-05 0.0
0.000236585911 -1.60908967e-05 0.0
0.000235105152 -1.4108291e-05 0.0
0.000232818013 -1.22653728e-05 0.0
0.000230229329 -1.09768007e-05 0.0
0.000227415643 -1.02421272e-05 0.0
0.000221765571 -1.04493856e-05 0.0
0.000219283364 -1.13122696e-05 0.0
0.000217398425 -1.24653679e-05 0.0
0.00021629133 -1.3665921e-05 0.0
0.000216177519 -1.48939462e-05 0.0
0.000216967805 -1.59531428e-05 0.0
0.000218153597 -1.67133494e-05 0.0
0.000219605296 -1.70405656e-05 0.0
0.000221383409 -1.74355082e-05 0.0
0.000223201423 -1.94258701e-05 0.0
0.000225327691 -2.12456725e-05 0.0
0.000123287915 -3.20274303e-05 0.0
0.000124037484 -3.32434538e-05 0.0
0.000125162886 -3.5052326e-05 0.0
0.00012708905 -3.73369767e-05 0.0
0.000129630309 -3.97323893e-05 0.0
0.000132828456 -4.15861286e-05 0.0
0.000136426956 -4.2726253e-05 0.0
0.000143882615 -4.28876556e-05 0.0
0.000146650942 -4.22120029e-05 0.0
0.000148621228 -4.11625697e-05 0.0
0.000149844069 -3.964602e-05 0.0
0.000150628504 -3.77908073e-05 0.0
0.000150823224 -3.58434881e-05 0.0
0.000150385691 -3.40684346e-05 0.0
0.00026267473 -3.00118991e-05 0.0
0.000259860855 -2.75432812e-05 0.0
0.000256210566 -2.54266524e-05 0.0
0.000252126862 -2.4367082e-05 0.0
0.000247699849 -2.43411669e-05 0.0
0.00024323343 -2.55202576e-05 0.0
0.000238888621 -2.79523938e-05 0.0
0.000237803572 -2.98967443e-05 0.0
0.000217626963 -3.12652555e-05 0.0
0.00021238628 -3.14131212e-05 0.0
0.000207728677 -3.22968663e-05 0.0
0.000204165583 -3.37929632e-05 0.0
0.000201741539 -3.59333208e-05 0.0
0.000200164228 -3.85235944e-05 0.0
0.000199382543 -4.12607042e-05 0.0
0.000200099254 -4.61504787e-05 0.0
0.000201692907 -4.89123304e-05 0.0
0.000204615426 -5.23463459e-05 0.0
0.000208653335 -5.57468593e-05 0.0
0.000213324587 -5.83116744e-05 0.0
0.000217877678 -5.97108337e-05 0.0
0.000222241011 -6.00139865e-05 0.0
1.30805438e-05 -1.18924254e-05 0.0
1.64275352e-05 -9.53515701e-06 0.0
1.88667673e-05 -6.80623953e-06 0.0
2.02245647e-05 -4.07842072e-06 0.0
2.04821918e-05 -1.40496604e-06 0.0
1.99007409e-05 1.33314438e-06 0.0
1.7936798e-05 4.99539055e-06 0.0
1.47236506e-05 8.72164583e-06 0.0
1.05108084e-05 1.17542268e-05 0.0
0.000237873581 -4.85209748e-05 0.0
0.000234802283 -4.75081251e-05 0.0
0.000231748287 -4.70886589e-05 0.0
0.000228785459 -4.72725624e-05 0.0
0.000225485768 -4.85364908e-05 0.0
0.000222788221 -5.05468379e-05 0.0
0.000221522248 -5.25485339e-05 0.0
0.000221569382 -5.42157904e-05 0.0
0.000224074654 -5.73414072e-05 0.0
0.000226127697 -5.87409522e-05 0.0
0.00022869205 -5.98890547e-05 0.0
0.000231499624 -6.07996408e-05 0.0
0.000234155319 -6.14140736e-05 0.0
0.000236520384 -6.18064732e-05 0.0
0.00023856484 -6.20491192e-05 0.0
0.000240614419 -6.17907062e-05 0.0
2.70277251e-05 -1.4015639e-05 0.0
2.81043267e-05 -1.23584505e-05 0.0
2.84031375e-05 -1.04652026e-05 0.0
2.7715887e-05 -8.38722099e-06 0.0
2.60621764e-05 -6.27159943e-06 0.0
0.000145684302 -2.19361482e-06 0.0
0.000147932747 -1.15487308e-06 0.0
0.000148981766 -3.87256364e-07 0.0
0.000149579253 8.47136221e-07 0.0
0.000149869113 2.34718868e-06 0.0
0.000149777858 3.97057602e-06 0.0
0.000148972729 5.4405009e-06 0.0
0.000147675368 7.56689951e-06 0.0
0.000145643193 1.02396607e-05 0.0
0.000142735342 1.28675701e-05 0.0
0.000139330019 1.47326746e-05 0.0
0.000132165616 1.5738171e-05 0.0
0.000128889704 1.51052509e-05 0.0
0.000126141662 1.38792666e-05 0.0
0.00012415518 1.21743724e-05 0.0
0.000123121223 1.01714068e-05 0.0
0.000122982121 7.82126517e-06 0.0
0.000123897131 4.94505503e-06 0.0
0.000126082261 1.92477978e-06 0.0
0.000129013948 -6.18526599e-07 0.0
0.000132715169 -2.37717109e-06 0.0
0.000137026611 -3.21118159e-06 0.0
0.000298437488 -4.00501958e-05 0.0
0.000300220418 -3.73418516e-05 0.0
0.000301231135 -3.40898478e-05 0.0
0.000300943298 -3.03166235e-05 0.0
0.000299065839 -2.60345223e-05 0.0
0.000295924372 -2.19680969e-05 0.0
0.000291745993 -1.86183461e-05 0.0
0.00028701374 -1.61914959e-05 0.0
0.00028222031 -1.4806441e-05 0.0
0.000274080376 -1.49249845e-05 0.0
0.000270246703 -1.63826408e-05 0.0
0.000266824325 -1.85168956e-05 0.0
0.000264346076 -2.11765309e-05 0.0
0.000263021124 -2.42323258e-05 0.0
0.000262735964 -2.74787235e-05 0.0
0.000263248046 -3.07627924e-05 0.0
0.000264598057 -3.37401725e-05 0.0
0.000266991265 -3.69378213e-05 0.0
0.000159960808 -4.26130646e-05 0.0
0.0001646335 -4.41022567e-05 0.0
0.000169415289 -4.46152844e-05 0.0
0.000173920038 -4.43250719e-05 0.0
0.000177789581 -4.34311296e-05 0.0
0.000191152561 -5.58470747e-05 0.0
0.000195888832 -5.42981143e-05 0.0
0.000200139024 -5.18419693e-05 0.0
0.0002027273 -4.89841732e-05 0.0
0.000203813019 -4.6383313e-05 0.0
0.000203595075 -4.3840686e-05 0.0
0.000202723299 -4.1577714e-05 0.0
0.000201488976 -3.9114213e-05 0.0
0.000199048649 -3.60842678e-05 0.0
0.000195369183 -3.2608601e-05 0.0
0.000190720253 -2.97770148e-05 0.0
0.000185617304 -2.79877622e-05 0.0
0.000175571753 -2.75838411e-05 0.0
0.000171746855 -2.8566621e-05 0.0
0.00016893624 -2.98937193e-05 0.0
0.000166876169 -3.19406063e-05 0.0
0.00016543422 -3.44654545e-05 0.0
0.000164686702 -3.72287614e-05 0.0
0.000164828816 -4.03727281e-05 0.0
0.000166230107 -4.39413088e-05 0.0
0.000168857281 -4.77287176e-05 0.0
0.000172402171 -5.11696962e-05 0.0
0.000176676083 -5.3778851e-05 0.0
0.000181371739 -5.54896542e-05 0.0
0.000267492956 -2.69797893e-05 0.0
0.000268504053 -2.66894549e-05 0.0
0.000269354496 -2.61921414e-05 0.0
0.000269767479 -2.5526464e-05 0.0
0.000269483688 -2.48205724e-05 0.0
0.000268619304 -2.4107756e-05 0.0
0.000267204043 -2.3454304e-05 0.0
0.000265410374 -2.29444831e-05 0.0
0.000263381517 -2.25680142e-05 0.0
0.00026162155 -2.23959869e-05 0.0
0.000259447581 -2.15841756e-05 0.0
0.00025860648 -2.12930881e-05 0.0
0.000257838197 -2.11605766e-05 0.0
0.000257178646 -2.1118427e-05 0.0
0.000256897445 -2.14190241e-05 0.0
0.000257047766 -2.22300841e-05 0.0
0.000258105749 -2.36586184e-05 0.0
0.000260081753 -2.5113286e-05 0.0
0.000262217043 -2.61211899e-05 0.0
0.000264448143 -2.6626265e-05 0.0
0.000123939986 -2.00286631e-05 0.0
0.00012627471 -1.98913349e-05 0.0
0.000127759253 -1.93970809e-05 0.0
0.00012898726 -1.84023047e-05 0.0
0.000130060158 -1.6689537e-05 0.0
0.000130339686 -1.46558059e-05 0.0
0.000129101347 -1.23725949e-05 0.0
0.000126874555 -1.00553989e-05 0.0
0.000123880527 -8.30745921e-06 0.0
0.000120312259 -7.05177945e-06 0.0
0.000116040399 -6.21528943e-06 0.0
0.000107827407 -6.70828649e-06 0.0
0.000105799918 -7.30801776e-06 0.0
0.00010499057 -8.06571097e-06 0.0
0.000104439147 -9.22870095e-06 0.0
0.000104219747 -1.08279728e-05 0.0
0.000104473198 -1.27095118e-05 0.0
0.000105571875 -1.46724133e-05 0.0
0.000107391417 -1.66071713e-05 0.0
0.000109989101 -1.82539352e-05 0.0
0.000113140464 -1.95448429e-05 0.0
0.000116709125 -2.02390383e-05 0.0
3.65305023e-05 5.18287561e-06 0.0
3.52747302e-05 3.64078846e-06 0.0
3.44875189e-05 1.63950995e-06 0.0
3.42725543e-05 -7.14517512e-07 0.0
3.51861017e-05 -3.54363965e-06 0.0
3.77054785e-05 -7.10113682e-06 0.0
4.15040849e-05 -1.04041374e-05 0.0
4.61298077e-05 -1.28723823e-05 0.0
5.11524267e-05 -1.42108556e-05 0.0
5.86196511e-05 -1.43881089e-05 0.0
6.04908564e-05 -1.39672547e-05 0.0
6.23235392e-05 -1.30140015e-05 0.0
6.40868457e-05 -1.14006407e-05 0.0
6.54055984e-05 -8.99918723e-06 0.0
6.57854616e-05 -5.93805544e-06 0.0
6.50515576e-05 -2.53987673e-06 0.0
6.33079762e-05 8.8654798e-07 0.0
6.06119866e-05 3.83017277e-06 0.0
0.000167968858 7.83258201e-06 0.0
0.000163198827 8.31989928e-06 0.0
0.000158522947 8.09583344e-06 0.0
0.000154966299 7.07984827e-06 0.0
0.000120109857 -3.04468322e-05 0.0
0.000122328158 -2.96594153e-05 0.0
0.000123498641 -2.84180078e-05 0.0
0.00012428996 -2.68847471e-05 0.0
0.000124761384 -2.52033897e-05 0.0
0.000124599203 -2.33290975e-05 0.0
0.000123744205 -2.12079376e-05 0.0
0.000122003621 -1.85785302e-05 0.0
0.000119370547 -1.58681833e-05 0.0
0.000116363575 -1.37593561e-05 0.0
0.00011326246 -1.22322144e-05 0.0
0.00010730714 -1.11305944e-05 0.0
0.000104548126 -1.15041557e-05 0.0
0.000102176113 -1.25167562e-05 0.0
0.000100375815 -1.41856508e-05 0.0
9.92415662e-05 -1.64370213e-05 0.0
9.90806075e-05 -1.92648076e-05 0.0
9.99512267e-05 -2.23604984e-05 0.0
0.000101756297 -2.51611855e-05 0.0
0.000104490711 -2.7529084e-05 0.0
0.000108052962 -2.93651465e-05 0.0
0.000112086767 -3.05350732e-05 0.0
8.43125672e-05 -2.24027699e-05 0.0
8.65519614e-05 -2.17204761e-05 0.0
8.76105332e-05 -2.09387581e-05 0.0
8.84331166e-05 -1.96092642e-05 0.0
8.88730647e-05 -1.77438396e-05 0.0
8.86913695e-05 -1.53993587e-05 0.0
8.77587954e-05 -1.27022859e-05 0.0
8.57382911e-05 -1.01038722e-05 0.0
8.26875403e-05 -7.6424767e-06 0.0
7.85653974e-05 -5.66501694e-06 0.0
7.37604205e-05 -4.38423785e-06 0.0
6.64294857e-05 -4.2237275e-06 0.0
6.45166438e-05 -4.84575412e-06 0.0
6.25164466e-05 -6.17237583e-06 0.0
6.07803449e-05 -8.04682895e-06 0.0
5.9857317e-05 -1.01905598e-05 0.0
5.98517763e-05 -1.25604092e-05 0.0
6.09658346e-05 -1.50453461e-05 0.0
6.3071253e-05 -1.76203539e-05 0.0
6.62707025e-05 -1.99210535e-05 0.0
7.03891419e-05 -2.17559718e-05 0.0
7.51759435e-05 -2.27239361e-05 0.0
0.000154762878 -1.92236566e-05 0.0
0.00015654492 -1.87329861e-05 0.0
0.000157859118 -1.81126252e-05 0.0
0.000158429248 -1.74644683e-05 0.0
0.000158133669 -1.6762724e-05 0.0
0.00015715402 -1.61314965e-05 0.0
0.000155500806 -1.56120368e-05 0.0
0.000153488989 -1.53780875e-05 0.0
0.000151472588 -1.53245037e-05 0.0
0.000149507672 -1.56675796e-05 0.0
0.000147965271 -1.44344867e-05 0.0
0.000146872087 -1.37796196e-05 0.0
0.000145450977 -1.35224427e-05 0.0
0.000143972531 -1.40489474e-05 0.0
0.000143051875 -1.52746597e-05 0.0
0.000143416109 -1.68321658e-05 0.0
0.00014497673 -1.81408723e-05 0.0
0.00014697724 -1.88247705e-05 0.0
0.00014885742 -1.88954436e-05 0.0
0.000150769047 -1.91330455e-05 0.0
0.000222332426 -3.40187944e-05 0.0
0.000227930752 -3.17315316e-05 0.0
0.000231567319 -2.85926071e-05 0.0
0.000232189181 -2.63716265e-05 0.0
0.000232158185 -2.36868109e-05 0.0
0.000231427475 -2.08012752e-05 0.0
0.000229963203 -1.77992297e-05 0.0
0.000227740136 -1.54486279e-05 0.0
0.000225141688 -1.36883673e-05 0.0
0.000222386996 -1.06421376e-05 0.0
0.000217935172 -7.73763895e-06 0.0
0.00020702272 -5.23971266e-06 0.0
0.000201392759 -6.30484237e-06 0.0
0.00019627517 -8.80671723e-06 0.0
0.000192797655 -1.24415601e-05 0.0
0.000192303836 -1.62847955e-05 0.0
0.000193438478 -2.02012598e-05 0.0
0.000195645829 -2.40994377e-05 0.0
0.000198838636 -2.7531496e-05 0.0
0.000202790456 -3.05227004e-05 0.0
0.000207175384 -3.29059767e-05 0.0
0.000211866398 -3.43939755e-05 0.0
0.000143341429 -3.12498523e-05 0.0
0.000143948884 -3.20400432e-05 0.0
0.000144711841 -3.26564914e-05 0.0
0.000145405167 -3.31631745e-05 0.0
0.000145929836 -3.34070573e-05 0.0
0.000146053833 -3.32196068e-05 0.0
0.000145734462 -3.23699714e-05 0.0
0.000144764752 -3.08174422e-05 0.0
0.000143188867 -2.93489356e-05 0.0
0.000141280951 -2.83274712e-05 0.0
0.000139179916 -2.78042444e-05 0.0
0.000134750589 -2.81231387e-05 0.0
0.000134010144 -2.84098151e-05 0.0
0.000134283429 -2.82711208e-05 0.0
0.000134582573 -2.83221216e-05 0.0
0.000134967835 -2.87275525e-05 0.0
0.000135614377 -2.92779205e-05 0.0
0.000136466915 -2.98522282e-05 0.0
0.000137741692 -3.02828539e-05 0.0
0.000139430282 -3.0377234e-05 0.0
0.000141035838 -3.029662e-05 0.0
0.000142647012 -2.99128897e-05 0.0
0.000163179633 -1.36446106e-05 0.0
0.000167596052 -1.29867622e-05 0.0
0.000171877706 -1.10514502e-05 0.0
0.00017557446 -8.2226652e-06 0.0
0.000176644244 -4.93241123e-06 0.0
0.000175563342 -1.7467396e-06 0.0
0.00017377628 1.11917132e-06 0.0
0.00017127936 3.72130717e-06 0.0
0.00016838251 5.84146665e-06 0.0
0.000165029982 7.41679969e-06 0.0
0.000161419957 8.53830261e-06 0.0
0.000157302828 9.09810205e-06 0.0
0.000148732564 8.57057512e-06 0.0
0.000146118691 8.01866554e-06 0.0
0.000144384903 7.08622292e-06 0.0
0.000143312674 5.73628677e-06 0.0
0.000142687059 4.13374846e-06 0.0
0.000142456396 2.33226729e-06 0.0
0.000142872974 5.51302037e-07 0.0
0.000143748926 -1.27397789e-06 0.0
0.000145221784 -3.88945318e-06 0.0
0.000147705243 -7.04076956e-06 0.0
0.000150908105 -9.91014531e-06 0.0
0.000154735899 -1.20029254e-05 0.0
0.000207332865 -4.59746479e-05 0.0
0.00019546879 -4.47520069e-05 0.0
0.000106937681 -3.0944193e-05 0.0
0.000103149847 -3.03033576e-05 0.0
0.000104580278 -2.43007726e-05 0.0
0.000106395004 -1.78415503e-05 0.0
0.000105356281 -1.42869876e-05 0.0
0.000100282145 -1.1453425e-05 0.0
9.04044718e-05 -8.01324859e-06 0.0
7.83142023e-05 -3.85694329e-06 0.0
6.71590387e-05 -5.72058582e-07 0.0
5.9602804e-05 2.03392642e-06 0.0
2.91279994e-05 5.74692513e-06 0.0
2.26501415e-05 5.37468668e-06 0.0
1.57840132e-05 3.6807171e-06 0.0
8.41973724e-06 1.87266903e-06 0.0
1.24649341e-06 4.17641331e-06 0.0
1.32859032e-05 -1.16172187e-05 0.0
1.8153567e-05 -8.44220267e-06 0.0
3.18106067e-05 -1.17630452e-05 0.0
3.81578611e-05 -2.0038367e-06 0.0
4.60456831e-05 9.60688521e-06 0.0
5.31455844e-05 1.75084388e-05 0.0
5.88902913e-05 2.09405716e-05 0.0
6.31915536e-05 2.01162093e-05 0.0
6.97886717e-05 1.81196447e-05 0.0
7.75726076e-05 1.70620951e-05 0.0
8.52816302e-05 1.76561025e-05 0.0
9.27323417e-05 1.82877975e-05 0.0
9.99045224e-05 1.71935371e-05 0.0
0.000106571759 1.32429723e-05 0.0
0.000109570035 1.04143355e-05 0.0
0.00011124483 6.54579298e-06 0.0
0.000112302187 3.38892619e-06 0.0
0.000113608599 5.14428393e-07 0.0
0.000123432736 1.87266903e-06 0.0
0.000130797009 3.6807171e-06 0.0
0.000137663141 5.37468668e-06 0.0
0.000144140999 5.74692513e-06 0.0
0.000174615809 2.03392642e-06 0.0
0.000182172036 -5.72058582e-07 0.0
0.0001933272 -3.85694329e-06 0.0
0.000205417469 -8.01324859e-06 0.0
0.000215295135 -1.1453425e-05 0.0
0.000220369271 -1.42869876e-05 0.0
0.000221408001 -1.78415503e-05 0.0
0.000219593276 -2.43007726e-05 0.0
0.000218162852 -3.03033576e-05 0.0
0.000221950686 -3.0944193e-05 0.0
0.000310481788 -4.47520069e-05 0.0
0.000322345877 -4.59746479e-05 0.0
0.000330801093 -4.53048233e-05 0.0
0.00032949468 -4.24303253e-05 0.0
0.000328437338 -3.92734582e-05 0.0
0.000326762529 -3.54049153e-05 0.0
0.000323764252 -3.25762776e-05 0.0
0.00031709703 -2.86257127e-05 0.0
0.000309924828 -2.75314524e-05 0.0
0.000302474131 -2.81631474e-05 0.0
0.000294765108 -2.87571547e-05 0.0
0.000286981172 -2.76996052e-05 0.0
0.000280384062 -2.57030406e-05 0.0
0.000276082777 -2.48786782e-05 0.0
0.000270338089 -2.83108111e-05 0.0
0.00026323818 -3.62123646e-05 0.0
0.000255350373 -4.78230868e-05 0.0
0.000249003118 -5.7582296e-05 0.0
0.000235346073 -5.42614544e-05 0.0
0.000230478399 -5.74364676e-05 0.0
0.000218438989 -4.16428375e-05 0.0
0.000204287615 -3.28745882e-05 0.0
0.000107240674 3.65075653e-06 0.0
0.000228167453 -3.29447867e-05 0.0
7.84348813e-05 -5.22392838e-06 0.0
0.000179068127 -3.57618774e-05 0.0
0.000199820701 -2.26646316e-05 0.0
0.000206986631 -4.5730183e-05 0.0
6.69618967e-05 -1.20048953e-05 0.0
0.000233563696 -2.9583658e-05 0.0
0.000123152044 2.97488577e-06 0.0
0.000181273252 -7.23100629e-06 0.0
0.000142060351 -2.82894762e-05 0.0
0.000166753438 -2.58529394e-06 0.0
0.000120438381 -2.51536221e-05 0.0
0.000180560543 -1.14310724e-05 0.0
0.000103972619 1.3130968e-05 0.0
0.000219587266 -2.6205922e-05 0.0
6.61327649e-05 -9.62474041e-06 0.0
0.000108999433 -1.8024537e-05 0.0
0.000173637338 -3.46498673e-05 0.0
0.000138891686 -1.61764747e-05 0.0
0.000176864822 -2.40330883e-05 0.0
0.000195131041 -3.95498937e-05 0.0
0.000123691774 6.37328048e-06 0.0
0.000240495923 -2.1681366e-05 0.0
0.000105742663 -6.20746277e-06 0.0
7.98238834e-05 8.81043252e-06 0.0
0.000231699378 -2.07629873e-05 0.0
0.000174948655 -4.18745185e-05 0.0
5.41526315e-05 -9.8385899e-06 0.0
0.000111419351 -2.0430396e-05 0.0
8.39016866e-05 -2.09257178e-05 0.0
0.000243192495 -3.61215498e-05 0.0
8.23976006e-05 -1.25020042e-05 0.0
0.000200332623 -1.818893e-05 0.0
0.000134542614 -1.85190656e-05 0.0
9.76428782e-05 -1.79012022e-05 0.0
0.00022328952 -4.78220136e-05 0.0
0.000215327149 -2.29473426e-05 0.0
0.000171190768 -4.07995212e-05 0.0
0.000178657501 -1.23511554e-05 0.0
0.000163160017 -3.13462078e-05 0.0
0.000214158019 -3.671983e-05 0.0
3.09696334e-05 -1.18246762e-05 0.0
0.00019109642 -3.02728422e-05 0.0
0.000130636137 4.74552962e-06 0.0
5.38860368e-05 -1.16822011e-05 0.0
0.000199311427 -1.76083231e-05 0.0
7.89152764e-05 -8.84257224e-06 0.0
0.000137039606 -2.96181079e-05 0.0
0.00020283222 -5.31258847e-05 0.0
0.000148303952 -2.81482189e-05 0.0
8.68758943e-05 1.4314689e-05 0.0
0.000165830395 -2.38975917e-06 0.0
0.000127722582 2.51636129e-06 0.0
1.53022593e-05 6.31112334e-06 0.0
0.000134891074 -1.32595378e-05 0.0
0.000136643532 -3.05326903e-05 0.0
0.000106394938 1.58635048e-05 0.0
0.000176138492 -4.29818374e-06 0.0
9.44294879e-05 -1.14657132e-05 0.0
6.267563e-05 3.08288509e-06 0.0
0.000123042075 -2.71207282e-05 0.0
0.000109467655 -2.39563433e-05 0.0
0.000166832615 -7.52614369e-06 0.0
9.28818263e-05 -2.61908308e-08 0.0
8.38525812e-05 -6.92597405e-06 0.0
2.87019993e-05 -1.146871e-05 0.0
0.000285110757 -2.63026632e-05 0.0
0.000182455304 -1.90335504e-05 0.0
4.38387397e-05 -1.21820331e-05 0.0
0.000182748729 -4.24044374e-05 0.0
0.000162499913 -9.61193223e-07 0.0
0.000122838203 1.07847845e-05 0.0
0.000145634418 -3.01380624e-05 0.0
0.000158352879 -1.79770154e-06 0.0
0.000116658564 -5.9359586e-06 0.0
0.000242694703 -2.46087839e-05 0.0
0.000170411484 -4.14828028e-05 0.0
0.00019424787 -4.7731075e-05 0.0
0.000200679002 -1.26530904e-05 0.0
0.000206047989 -2.74247868e-05 0.0
7.76817396e-05 -2.64935284e-06 0.0
0.000190803577 -2.23887128e-06 0.0
5.41111876e-05 -1.20896975e-05 0.0
0.00026162024 -2.04774933e-05 0.0
0.000181347816 -1.88958729e-05 0.0
0.000180641815 -3.37934289e-05 0.0
0.000250094861 -2.71255449e-05 0.0
0.000243430564 -2.08616984e-05 0.0
4.85872806e-05 -1.3417055e-05 0.0
0.000193679181 -1.68769329e-05 0.0
4.6878471e-05 -4.28538124e-06 0.0
0.000211281222 -2.02907486e-05 0.0
0.000118385382 -2.1822596e-05 0.0
0.000177819951 -1.4926256e-05 0.0
0.000156009686 -2.1037953e-05 0.0
0.000202419207 -3.89616907e-05 0.0
0.000113189519 1.24114422e-06 0.0
0.000226001779 -1.95072607e-05 0.0
0.000109810928 -2.4136536e-05 0.0
8.50173747e-05 -1.20391469e-05 0.0
0.000235663363 -2.68281274e-05 0.0
0.00013134678 -2.52243644e-05 0.0
0.000165417674 -3.53735813e-05 0.0
0.0002423111 -2.4082221e-05 0.0
0.000121245765 -1.7105287e-05 0.0
0.000130480272 5.57861222e-06 0.0
0.000236536624 -1.721837e-05 0.0
0.000152637294 3.4815896e-06 0.0
0.00011194266 8.62004799e-06 0.0
0.000220165472 -4.65588819e-05 0.0
0.000183890137 -4.19733115e-05 0.0
0.000183117838 -3.8444774e-05 0.0
0.000167352424 -3.91431749e-05 0.0
0.000249028439 -4.56909074e-05 0.0
0.00010275071 -1.62764572e-05 0.0
0.000225891679 -2.70483142e-05 0.0
0.000230412319 -3.18011516e-05 0.0
0.000233544008 -1.92518964e-05 0.0
0.000140509321 -2.99618041e-05 0.0
8.40129069e-05 -2.06878813e-05 0.0
0.000141014796 -2.09266909e-05 0.0
0.000195377099 -3.41780615e-05 0.0
0.000168251834 -8.88110662e-07 0.0
0.000166279133 -8.90312185e-06 0.0
0.000146244653 -1.5855072e-05 0.0
0.000233490209 -4.89499944e-05 0.0
0.000247064134 -3.71696369e-05 0.0
0.000233099971 -3.04038622e-05 0.0
0.000137214942 -1.56878396e-05 0.0
0.000212884945 -3.15928119e-05 0.0
0.000160956697 -3.68884794e-05 0.0
0.000192076041 -8.16751799e-06 0.0
0.000118856886 -2.21463888e-05 0.0
0.000189620361 -2.57705615e-05 0.0
0.000221463328 -2.08450001e-05 0.0
0.000107125037 -2.021195e-05 0.0
0.000168709128 -1.23441305e-05 0.0
0.000216102009 -5.31600963e-05 0.0
9.27548681e-05 1.58260573e-05 0.0
0.000131340101 7.42746488e-06 0.0
0.000196729292 -1.39723834e-05 0.0
9.625042e-05 -1.36798608e-05 0.0
9.41325998e-05 8.92259686e-06 0.0
7.05871425e-05 -1.23559512e-05 0.0
7.17259536e-05 -1.77653656e-05 0.0
0.000136290168 4.77868252e-06 0.0
0.000120412551 1.38986006e-05 0.0
7.12807014e-05 -1.03066386e-05 0.0
0.000148329185 2.75045863e-06 0.0
5.06882279e-05 -9.73672059e-07 0.0
0.000120889519 4.03562171e-06 0.0
0.000210495069 -1.81996202e-05 0.0
5.08433404e-05 -1.11283362e-05 0.0
0.000159677089 -3.02935337e-06 0.0
9.64858627e-05 -2.31232243e-05 0.0
0.00015115198 -2.77896324e-05 0.0
3.69271402e-05 -9.39057918e-06 0.0
8.69766809e-05 -1.66633272e-05 0.0
0.000229859783 -5.49242613e-05 0.0
0.000165348218 -4.11493165e-05 0.0
0.000140280943 -3.00422271e-05 0.0
0.000175704859 -3.04103742e-05 0.0
0.000128945161 6.56025691e-07 0.0
0.00016857544 -1.78875216e-05 0.0
0.000297356193 -2.58040909e-05 0.0
0.000132847126 -3.02244462e-05 0.0
0.000274098216 -2.46722248e-05 0.0
0.000258649787 -2.00251361e-05 0.0
0.000103287101 -2.01470848e-05 0.0
6.59279103e-05 9.72688213e-07 0.0
0.00024675898 -1.99767874e-05 0.0
0.000183106618 -3.54092081e-05 0.0
0.000186071658 -4.74125191e-05 0.0
0.000109239503 -1.25087672e-05 0.0
0.000213150357 -2.70282162e-05 0.0
0.000158994109 -7.48885213e-07 0.0
0.000216136541 -4.25271646e-05 0.0
2.11212973e-05 -1.16120273e-05 0.0
0.000151796878 -2.9539915e-05 0.0
0.000195725064 -4.07180196e-05 0.0
0.000183244498 -1.82077565e-05 0.0
8.06699791e-06 4.75391698e-06 0.0
0.000206923316 -5.51794074e-05 0.0
4.32766174e-05 -6.39254358e-06 0.0
0.000208656071 -4.26701299e-05 0.0
0.000248684286 -2.43923478e-05 0.0
0.000282508641 -2.80398817e-05 0.0
0.00016539522 -4.03067606e-05 0.0
7.31949913e-05 1.52363118e-05 0.0
0.000213833278 -5.10143836e-05 0.0
0.000161281307 -5.49501146e-06 0.0
0.00011479848 -2.73466121e-05 0.0
0.000194422464 -2.28336612e-05 0.0
0.000244749332 -1.90645169e-05 0.0
0.000235234664 -2.05090855e-05 0.0
0.000176464979 2.33948512e-07 0.0
0.000171170512 -3.52793722e-05 0.0
0.000133936934 -2.88410793e-05 0.0
0.00018666673 -3.80660931e-05 0.0
9.15107885e-05 -6.53084726e-06 0.0
0.000104479936 1.72820382e-05 0.0
0.000136997725 -1.88450449e-05 0.0
7.90690392e-05 1.77546474e-06 0.0
0.000232562277 -3.9636252e-05 0.0
0.000165083417 -4.22078228e-05 0.0
0.000134042944 -1.23636664e-05 0.0
0.000148341147 -3.20072977e-05 0.0
4.17435331e-05 -1.19552042e-05 0.0
0.000248006429 -4.41734082e-05 0.0
6.5209977e-05 1.24022818e-05 0.0
0.000148645733 -2.54983897e-05 0.0
0.000129436288 1.50044309e-06 0.0
0.000185672034 -3.47136847e-05 0.0
0.000201301213 -6.55719941e-06 0.0
0.000219819878 -3.20217914e-05 0.0
6.15881145e-05 -1.22261854e-05 0.0
6.44019747e-05 -4.6931591e-06 0.0
0.000104357634 -8.25092854e-07 0.0
6.77444041e-05 -1.03425755e-05 0.0
8.23737064e-05 -6.99617249e-06 0.0
0.000177852373 -4.52017885e-05 0.0
0.000163556193 -3.68680157e-05 0.0
0.000280160166 -2.4085306e-05 0.0
0.000120759541 -5.65941991e-06 0.0
0.000125820356 4.79964865e-06 0.0
2.08883375e-05 6.60558771e-06 0.0
8.3378909e-05 -1.7491775e-05 0.0
0.000313156925 -4.39597025e-05 0.0
0.000179134033 -3.99130586e-05 0.0
0.000230083198 -1.60618565e-05 0.0
0.000212600979 -1.57473842e-05 0.0
0.00016143189 9.58153123e-07 0.0
0.000151613072 -9.2724149e-06 0.0
0.000193297121 -5.20649737e-05 0.0
8.40321227e-05 -1.02425793e-05 0.0
0.000248456199 -3.95683783e-05 0.0
0.000124234983 -2.63364363e-05 0.0
1.57523682e-05 6.36766572e-06 0.0
0.000154497364 -2.8246759e-05 0.0
0.000136035291 -1.38211162e-05 0.0
0.00012958287 9.85948009e-06 0.0
0.000190398612 -3.74520496e-05 0.0
2.74804861e-05 -8.2953884e-06 0.0
0.000135992552 -1.08657332e-05 0.0
0.000223363779 -4.97570582e-05 0.0
0.000102268677 1.11866266e-05 0.0
0.000233886996 -2.63261863e-05 0.0
1.6543092e-05 -1.17980653e-05 0.0
0.000253507314 -2.16150274e-05 0.0
9.4115152e-05 -1.39050107e-05 0.0
0.000115070317 5.67438383e-06 0.0
0.000153441113 -2.16785907e-06 0.0
0.000219346868 -4.64858822e-05 0.0
0.000132724148 -2.87994008e-05 0.0
0.000248428783 -2.59540138e-05 0.0
0.000196226581 -1.32587284e-05 0.0
3.44525761e-05 -8.22714719e-06 0.0
0.000133979775 -3.12751035e-05 0.0
0.000276842125 -2.59550943e-05 0.0
6.05419264e-05 -8.73716363e-06 0.0
8.07846445e-05 1.70234216e-05 0.0
0.000255576539 -2.86784143e-05 0.0
0.000211862978 -1.39204185e-05 0.0
0.000191300191 -1.04967319e-06 0.0
0.000238552399 -4.7507554e-05 0.0
7.6443037e-05 -7.53562244e-06 0.0
7.34221685e-05 -1.82870972e-05 0.0
0.000101558355 -2.07784797e-05 0.0
0.000185012759 -4.13808666e-05 0.0
0.000247976393 -4.24263926e-05 0.0
0.000175316876 -1.22902497e-06 0.0
0.00019973093 -2.9498482e-05 0.0
8.6106098e-05 -5.11291182e-06 0.0
0.000270618068 -2.41777161e-05 0.0
0.00022683588 -5.17367371e-05 0.0
0.000179542651 -1.79104318e-05 0.0
0.00019980903 -4.37204144e-05 0.0
0.000156286318 -7.69221697e-06 0.0
8.86133494e-05 -7.25356676e-06 0.0
6.47563647e-05 -9.79309607e-06 0.0
0.000190563806 -4.05447245e-05 0.0
0.000166989033 1.93742858e-06 0.0
0.000218681744 -1.73787375e-05 0.0
0.000172469416 -3.78748409e-05 0.0
0.000159201503 -3.61397797e-05 0.0
0.000104930346 -2.44793755e-05 0.0
0.000137456009 -1.65660731e-05 0.0
9.69028333e-05 -1.61358548e-05 0.0
0.00024051634 -2.59929511e-05 0.0
0.000244264258 -2.59308108e-05 0.0
8.62876404e-05 -7.50812751e-06 0.0
0.000122880549 5.45132366e-07 0.0
2.81100165e-05 6.50865195e-06 0.0
0.00019629515 -2.03147065e-05 0.0
3.71987771e-05 -4.98815552e-06 0.0
0.000180426621 -1.94447366e-05 0.0
0.000197054935 -1.45860085e-05 0.0
0.000224587333 -5.43339447e-05 0.0
0.000187942496 -1.68652023e-05 0.0
0.000155427857 3.18491379e-06 0.0
0.00025686415 -3.46066663e-05 0.0
0.000204016731 -1.22639703e-05 0.0
0.000213980427 -4.825219e-05 0.0
0.00018321471 -1.74805718e-05 0.0
5.41578338e-05 -1.36293993e-05 0.0
0.000126447703 -1.33346284e-05 0.0
7.4171694e-05 -1.2286032e-05 0.0
0.000240461275 -1.65835609e-05 0.0
0.000267309311 -2.08073598e-05 0.0
0.000304579036 -2.59322023e-05 0.0
0.000126238621 -2.17834768e-05 0.0
0.000164279933 -1.47897799e-05 0.0
4.19868884e-05 -1.41957653e-05 0.0
3.95370007e-05 -1.31047855e-05 0.0
0.000141105629 -1.27515113e-05 0.0
0.000200882569 -4.92844229e-05 0.0
4.30517248e-05 -1.02311124e-05 0.0
0.000140661708 -1.48955414e-05 0.0
0.000138891613 -2.91118977e-05 0.0
0.000168067665 -4.57853002e-06 0.0
4.29485081e-05 -1.33863477e-05 0.0
0.000213586682 -2.26636948e-05 0.0
0.000165766993 -2.51613201e-05 0.0
0.000154387919 -3.21081243e-05 0.0
0.000207791425 -2.43483792e-05 0.0
0.000184344273 -4.20540482e-06 0.0
8.10438942e-05 -1.28701249e-05 0.0
0.00024564669 -5.54264043e-05 0.0
0.000160541953 -4.03635313e-05 0.0
0.000186394973 -3.33583957e-05 0.0
0.000224457312 -3.99862292e-05 0.0
0.000117405427 7.65807908e-06 0.0
0.000135395181 -3.40674596e-05 0.0
0.000120688361 -2.4488103e-05 0.0
5.70333832e-05 -6.44764805e-06 0.0
0.000158773677 -3.59426813e-05 0.0
0.000102613165 -2.28431909e-05 0.0
0.000238683759 -3.05515605e-05 0.0
9.31682371e-05 -2.33028313e-05 0.0
0.000213075997 -5.58013635e-05 0.0
0.000115528994 1.07775777e-05 0.0
0.000159703806 -3.81406135e-05 0.0
0.000263985421 -2.77774925e-05 0.0
0.000229379279 -1.91567851e-05 0.0
0.000109761982 -2.49903442e-05 0.0
0.000213921827 -4.80196904e-05 0.0
9.61669866e-05 -1.23920172e-05 0.0
0.000208704208 -4.08616506e-05 0.0
0.000102927785 -1.69730374e-05 0.0
8.85590343e-05 -1.03050552e-05 0.0
9.78000389e-05 4.29013289e-06 0.0
0.000115861141 7.21880133e-06 0.0
0.000136014904 3.92059201e-06 0.0
0.000210498634 -5.38026907e-05 0.0
6.1846913e-05 -1.15425173e-05 0.0
0.000272922189 -2.46813124e-05 0.0
0.000207818666 -3.5592584e-05 0.0
0.000181868643 -1.06770513e-05 0.0
4.4649114e-05 -9.85551833e-06 0.0
0.000236558975 -2.03805939e-05 0.0
0.000275793805 -2.60357338e-05 0.0
0.000247794844 -2.62353587e-05 0.0
0.000121813646 -2.30864989e-05 0.0
0.000167656268 2.45139631e-06 0.0
5.43391543e-05 -5.14432259e-06 0.0
9.37836521e-05 1.44095475e-05 0.0
3.53443356e-05 -1.47502251e-05 0.0
0.000161221658 -9.80969435e-06 0.0
0.000208301499 -2.98077248e-05 0.0
7.75499502e-05 -1.1184311e-05 0.0
8.95715784e-05 -9.97294319e-06 0.0
0.000173747918 -7.69617145e-06 0.0
0.000187661542 -5.07848745e-05 0.0
7.53068598e-05 -1.08382937e-05 0.0
0.000135202528 5.67047164e-06 0.0
0.000138176794 -3.00184129e-05 0.0
0.00015986558 -9.54264488e-06 0.0
0.000115331917 -2.43394643e-05 0.0
4.24025384e-05 -7.43090413e-06 0.0
0.000141791941 -3.26923873e-05 0.0
0.000220781207 -3.67042594e-05 0.0
7.93355066e-05 -1.45008689e-05 0.0
5.95619822e-05 -1.10255232e-05 0.0
0.00011290799 -2.30128353e-05 0.0
0.000294603582 -2.73354308e-05 0.0
0.000275644677 -2.27863602e-05 0.0
7.03169862e-05 -1.25838972e-06 0.0
0.000120185192 8.29149394e-06 0.0
6.31443691e-05 -1.46173488e-05 0.0
0.000230594655 -3.10271316e-05 0.0
0.000270226563 -1.97335521e-05 0.0
6.96286079e-05 -1.24229109e-05 0.0
0.000178718663 -3.99542587e-05 0.0
0.000157427814 -2.82091405e-05 0.0
0.000202308613 -2.399599e-05 0.0
1.03550628e-05 7.28974919e-06 0.0
0.000181311101 -6.95641347e-06 0.0
5.5478351e-05 -1.30059325e-05 0.0
0.00018390904 -2.83183417e-05 0.0
0.000255099323 -2.82222281e-05 0.0
0.000101218582 -1.46601442e-05 0.0
0.000126307321 5.31468731e-06 0.0
0.000170860789 -2.60465276e-06 0.0
0.000153368572 -3.33455791e-05 0.0
2.38286048e-05 5.42857333e-06 0.0
9.3466515e-05 1.66993232e-05 0.0
0.000226199758 -1.54522259e-05 0.0
0.000170843443 -3.44304826e-05 0.0
0.00011027087 1.64982503e-05 0.0
0.000144383375 -2.06812547e-05 0.0
0.000123376944 1.14212844e-06 0.0
0.000118862539 -2.62474896e-05 0.0
0.000113564674 1.06109874e-05 0.0
0.000112455287 -3.814499e-06 0.0
0.000211999475 -4.55327099e-05 0.0
0.000244282419 -1.79186245e-05 0.0
0.000222235714 -1.62043889e-05 0.0
0.000177530761 -1.69323812e-05 0.0
0.000130648303 -2.8906401e-05 0.0
1.40988705e-05 5.10499012e-06 0.0
0.000115356321 -1.72691925e-05 0.0
0.000114874034 -1.26931272e-05 0.0
2.28032259e-05 -1.01098594e-05 0.0
0.000127400839 -2.78867956e-05 0.0
0.000110571782 -1.91512809e-05 0.0
0.000224405012 -2.39590227e-05 0.0
0.000252522848 -2.71211811e-05 0.0
0.000172868313 -3.77247306e-05 0.0
8.96059137e-05 -1.29605105e-05 0.0
0.000116295421 -2.27875207e-05 0.0
5.58875909e-05 8.90173578e-06 0.0
0.000123553924 -6.36707546e-06 0.0
0.000160261407 -4.22926714e-05 0.0
0.000216540982 -2.96658382e-05 0.0
0.000174370871 -3.61377374e-06 0.0
0.00014769836 -2.21096852e-05 0.0
0.000129668697 1.30010076e-05 0.0
0.000145164144 -2.7735301e-05 0.0
0.000153284476 -3.50818955e-05 0.0
2.23767802e-05 -1.07631613e-05 0.0
7.42805496e-05 1.77706133e-05 0.0
0.000116972034 1.58824259e-05 0.0
0.000187725716 -5.99352461e-06 0.0
0.00010674564 -1.23613936e-05 0.0
0.000249819714 -2.05191773e-05 0.0
0.000159014642 -3.94921444e-05 0.0
0.000109926317 -1.92310508e-05 0.0
0.000199397211 -2.53095404e-05 0.0
0.000191412197 -5.28635474e-06 0.0
9.88475804e-05 -1.63534351e-05 0.0
0.000156063848 -5.68314817e-06 0.0
0.000209006728 -1.52837783e-05 0.0
0.00014263668 -2.99175117e-05 0.0
0.000118385818 -1.73972182e-07 0.0
9.1178139e-05 -1.30065018e-05 0.0
0.000131618232 -2.74501672e-05 0.0
0.000121381621 3.71814622e-07 0.0
0.000109965011 -1.38010273e-05 0.0
0.000228241741 -1.77060338e-05 0.0
0.00020148333 -4.3269858e-05 0.0
0.00021319087 -4.4125889e-05 0.0
0.000140298187 5.44218119e-06 0.0
0.000179951574 1.73894523e-06 0.0
8.3967454e-05 1.18880416e-05 0.0
0.000174607849 -3.75532472e-05 0.0
0.000100136167 -2.40618701e-05 0.0
0.00013997787 -2.92532695e-05 0.0
0.000165473815 -3.81647733e-05 0.0
0.000121513149 -2.781896e-05 0.0
0.000133989961 1.592373e-06 0.0
0.000241650909 -2.19235262e-05 0.0
7.77150417e-05 -8.10512483e-06 0.0
0.000101433587 -1.01467485e-05 0.0
4.45364785e-05 -1.13301467e-05 0.0
0.00031849381 -4.242051e-05 0.0
0.000191299841 -2.19873127e-05 0.0
0.000140611693 -1.99023816e-05 0.0
0.000108573491 1.42998078e-05 0.0
0.000151320652 1.99533406e-06 0.0
0.000105015948 -1.22090178e-05 0.0
0.000135892798 8.58160547e-06 0.0
0.00024981302 -2.1459422e-05 0.0
0.00011364228 1.13783963e-05 0.0
0.000189378145 -1.04297824e-05 0.0
0.000133493217 2.88132952e-07 0.0
9.01007006e-05 -7.5567873e-06 0.0
0.000216681903 -1.46844768e-05 0.0
0.000163557226 -1.64756125e-06 0.0
0.000152838344 -3.009988e-05 0.0
0.000248657598 -1.99169099e-05 0.0
0.000137848314 -2.66750721e-05 0.0
0.000199542381 -4.29019055e-05 0.0
0.000171307242 -1.6685286e-05 0.0
5.32850099e-05 -1.54538502e-05 0.0
0.00020806372 -5.09503043e-05 0.0
0.00018190741 -4.70951782e-05 0.0
0.000105103034 7.28551868e-06 0.0
0.000131986395 -2.99030253e-05 0.0
9.24220731e-05 -6.69120709e-06 0.0
0.000154836991 8.31297541e-07 0.0
0.000279917062 -2.75674774e-05 0.0
0.00024417165 -2.44462553e-05 0.0
0.000248717522 -2.04193439e-05 0.0
0.000177698646 -1.51559307e-05 0.0
0.000190311301 -3.35703407e-05 0.0
0.000144038931 -3.38949649e-05 0.0
0.000276182662 -2.71270656e-05 0.0
0.0002521883 -2.67960913e-05 0.0
0.000172258558 -1.63685345e-05 0.0
0.000144457706 -2.82999954e-05 0.0
0.00028849527 -2.34072704e-05 0.0
0.000325721863 -4.58958602e-05 0.0
0.000146044142 -1.97239333e-05 0.0
0.000224214877 -5.67516545e-05 0.0
9.88056199e-05 -4.02147907e-06 0.0
0.000236125838 -2.08564616e-05 0.0
2.21970586e-05 4.05789797e-06 0.0
0.000111718815 -1.93589203e-05 0.0
0.000254039565 -2.15325981e-05 0.0
0.000191783576 -4.47088496e-05 0.0
0.000162855125 -2.69642442e-06 0.0
3.3553144e-05 -8.54463633e-06 0.0
0.000207558041 -4.58734685e-05 0.0
0.000192924417 -1.32383384e-05 0.0
7.52441265e-05 -2.10301164e-06 0.0
0.000172202141 -4.51428023e-05 0.0
0.000111580557 1.39439999e-05 0.0
0.000177365291 -3.53990545e-05 0.0
0.000199108908 -4.26087317e-05 0.0
0.000200972747 -3.58985199e-05 0.0
0.000155386297 -4.04258526e-06 0.0
0.000208107333 -1.57737086e-05 0.0
7.17312359e-05 6.49642016e-06 0.0
4.23391839e-06 2.43255317e-06 0.0
0.000217246168 -2.44096573e-05 0.0
0.000267988042 -1.81970299e-05 0.0
0.000157215894 -7.99477164e-07 0.0
0.00019716633 -5.41863228e-05 0.0
9.33924821e-05 -7.45568377e-06 0.0
8.88419527e-05 4.96058101e-06 0.0
9.89330292e-05 -2.14819447e-05 0.0
0.000174619156 -1.49292046e-05 0.0
7.13233894e-05 -1.07918993e-06 0.0
0.000240473804 -2.21375358e-05 0.0
0.000113418719 -2.54200058e-05 0.0
0.000202424402 -4.57142996e-05 0.0
0.000181971831 -2.14457832e-05 0.0
0.000209598409 -5.12360602e-05 0.0
0.000146172155 -2.54725146e-05 0.0
4.35149159e-05 -1.23925747e-05 0.0
0.000144995691 -2.31083523e-05 0.0
0.000190971594 -4.26090701e-05 0.0
8.54477548e-05 -2.43032218e-06 0.0
0.00013153367 -3.07034752e-05 0.0
0.000187515747 -4.24642785e-05 0.0
0.000126181811 -2.66490642e-05 0.0
6.11217229e-06 8.02177419e-06 0.0
3.53610558e-05 -1.06860298e-05 0.0
