-0.000292116951 2.23107982e-05 0.0
-0.000260978384 0.000121845333 0.0
0.000689393084 2.08407455e-05 0.0
0.000614285062 3.03241741e-05 0.0
0.000621092913 -1.98804955e-05 0.0
-0.000555599574 3.03241741e-05 0.0
-0.000480491581 2.08407455e-05 0.0
0.000694206334 3.68115548e-06 0.0
0.000728367013 0.000109434346 0.0
0.000615032215 6.19318962e-05 0.0
-0.000127675317 7.686155e-05 0.0
-0.000161835982 -2.88916453e-05 0.0
0.000398348202 1.13023252e-05 0.0
0.00042973418 4.77349713e-05 0.0
0.000355055032 2.76433602e-05 0.0
-0.000426308106 1.51621698e-05 0.0
-0.000457694085 -2.12704745e-05 0.0
-0.000941866019 -6.56013508e-05 0.0
-0.000902741391 4.52874738e-05 0.0
-0.000334319921 4.9577834e-06 0.0
-0.00027037799 1.49473806e-06 0.0
-0.000257677748 7.66081503e-05 0.0
0.000899506675 1.49473806e-06 0.0
0.000835564744 4.9577834e-06 0.0
0.000414424168 -2.83628779e-05 0.0
0.000449442188 7.85566153e-05 0.0
-4.51809683e-05 1.75083878e-05 0.0
4.12174722e-06 0.000119603326 0.0
-0.000288085401 -1.3201291e-05 0.0
-0.000244536001 4.96476059e-05 0.0
0.00012264798 6.71894159e-05 0.0
5.7403664e-05 6.83393955e-05 0.0
4.46922895e-05 -1.88250178e-05 0.0
-0.001112481 6.83393955e-05 0.0
-0.00104723673 6.71894159e-05 0.0
0.000302009168 -7.71473206e-05 0.0
0.000349301205 4.34161338e-05 0.0
-0.000102897524 -3.7709633e-05 0.0
-5.06915421e-05 1.72887867e-05 0.0
-0.000121218596 -6.95850258e-06 0.0
-6.82590908e-05 2.15429118e-05 0.0
-0.000500955328 4.95105769e-06 0.0
-0.00045964669 4.95466156e-05 0.0
6.31281946e-05 -1.96304627e-05 0.0
0.000122584825 5.72897261e-05 0.0
-0.000491404615 4.14265014e-06 0.0
-0.000443222089 6.93189359e-05 0.0
0.000856042316 3.25727997e-05 0.0
0.0 0.0 0.0
-0.00116988469 0.0 0.0
-0.000313842349 3.25727997e-05 0.0
-0.000272549223 2.33806841e-05 0.0
-0.000255160005 2.82759411e-05 0.0
-0.00024004461 3.52672469e-05 0.0
-0.000227418801 4.42628771e-05 0.0
-0.000217799461 5.60364278e-05 0.0
-0.000211151884 6.9794507e-05 0.0
-0.000210211947 8.42324516e-05 0.0
-0.000214097832 9.76340598e-05 0.0
-0.000221501265 0.000108477456 0.0
-0.000232319042 0.000115782263 0.0
-0.000245741889 0.000120413562 0.0
-0.000276999199 0.000119834993 0.0
-0.00029259338 0.000115021809 0.0
-0.000306397298 0.000107715008 0.0
-0.000318300299 9.90609333e-05 0.0
-0.000328595837 8.92002645e-05 0.0
-0.00033739215 7.81007766e-05 0.0
-0.000343541207 6.63639148e-05 0.0
-0.000346962799 5.55296683e-05 0.0
-0.000344500295 4.63250763e-05 0.0
-0.000332724449 3.43500215e-05 0.0
-0.000312701275 2.59721037e-05 0.0
0.00060410914 2.51377405e-05 0.0
0.00059676735 1.56594197e-05 0.0
0.000594546553 5.43562237e-06 0.0
0.000595519494 -3.64590051e-06 0.0
0.000599569816 -1.07733085e-05 0.0
0.000605349313 -1.59156207e-05 0.0
0.000612534001 -1.86385205e-05 0.0
0.00063097442 -1.90652408e-05 0.0
0.000641853141 -1.60206491e-05 0.0
0.000653514406 -1.11836071e-05 0.0
0.000664165767 -5.18664228e-06 0.0
0.000673439761 8.30925785e-07 0.0
0.000681766775 6.88142109e-06 0.0
0.000687013206 1.40844222e-05 0.0
-0.00048368625 2.85044152e-05 0.0
-0.000491936866 3.59304722e-05 0.0
-0.000501943752 4.16391667e-05 0.0
-0.000512351806 4.44059333e-05 0.0
-0.000521995942 4.43272475e-05 0.0
-0.000530179765 4.28014937e-05 0.0
-0.00053684233 4.03563499e-05 0.0
-0.000546675408 3.53535361e-05 0.0
0.000714103808 0.00011302573 0.0
0.00069867837 0.000113916984 0.0
0.000682162761 0.000111120935 0.0
0.000665598025 0.000104975057 0.0
0.00064977305 9.61689584e-05 0.0
0.000635326374 8.57093328e-05 0.0
0.000623029657 7.44107165e-05 0.0
0.000610306975 4.91856517e-05 0.0
0.000611662457 3.63196996e-05 0.0
0.000617459591 2.36827964e-05 0.0
0.000627244532 1.18437792e-05 0.0
0.000639074133 3.72384875e-06 0.0
0.000655186828 1.16316777e-07 0.0
0.000673711416 1.24056982e-07 0.0
-0.000142087039 -2.19688154e-05 0.0
-0.000125108243 -1.27384656e-05 0.0
-0.000111495574 -1.96412657e-06 0.0
-0.000101260666 8.88799332e-06 0.0
-9.5222953e-05 2.17290126e-05 0.0
-9.33383635e-05 3.4862016e-05 0.0
-9.69702087e-05 4.82873111e-05 0.0
-0.000104743165 6.09959789e-05 0.0
-0.000115119678 7.05191778e-05 0.0
0.000425539416 5.19878449e-05 0.0
0.000418701384 5.39535358e-05 0.0
0.000410454639 5.34530664e-05 0.0
0.000399472658 5.09166202e-05 0.0
0.000388468587 4.82892247e-05 0.0
0.000377605233 4.30240507e-05 0.0
0.000368908863 3.68420879e-05 0.0
0.00036183896 3.1782125e-05 0.0
0.000349382259 2.28066729e-05 0.0
0.000345977867 1.75051846e-05 0.0
0.0003449707 1.25509523e-05 0.0
0.000346934248 8.34931416e-06 0.0
0.000351940864 6.29348096e-06 0.0
0.000360370032 5.82944858e-06 0.0
0.000372255949 6.92741287e-06 0.0
0.000385468826 8.15713884e-06 0.0
-0.000445622049 -1.64947778e-05 0.0
-0.000435247726 -1.07025435e-05 0.0
-0.000427984691 -4.44413126e-06 0.0
-0.000424373691 2.48699939e-06 0.0
-0.000424318569 9.19414742e-06 0.0
-0.000925727712 -6.51226583e-05 0.0
-0.00090784271 -6.027364e-05 0.0
-0.000890062016 -5.16342734e-05 0.0
-0.000872717996 -4.23465317e-05 0.0
-0.00085785496 -3.01495184e-05 0.0
-0.000849033007 -1.52534449e-05 0.0
-0.000844088849 -6.5929089e-07 0.0
-0.000847079791 1.31840407e-05 0.0
-0.00085692649 2.62586163e-05 0.0
-0.00086940435 3.68302062e-05 0.0
-0.000885120942 4.30900545e-05 0.0
-0.000921442814 4.37823946e-05 0.0
-0.000939804711 3.8677772e-05 0.0
-0.000956318923 3.0298419e-05 0.0
-0.000969952089 1.90028459e-05 0.0
-0.000980268233 4.96765415e-06 0.0
-0.00098609773 -1.02258846e-05 0.0
-0.000987244886 -2.50448684e-05 0.0
-0.000984441023 -3.80929087e-05 0.0
-0.000977725373 -4.85160526e-05 0.0
-0.000967824191 -5.64372713e-05 0.0
-0.000955617055 -6.22381922e-05 0.0
-0.000257822045 7.99639565e-06 0.0
-0.000246361044 1.63889126e-05 0.0
-0.00023709271 2.64027149e-05 0.0
-0.000231308441 3.80806814e-05 0.0
-0.000229295329 4.9373466e-05 0.0
-0.000230005448 5.9212307e-05 0.0
-0.000232701481 6.70213049e-05 0.0
-0.000237516186 7.2628718e-05 0.0
-0.000244817813 7.56423033e-05 0.0
-0.000274608698 7.54877474e-05 0.0
-0.00029193121 7.22620971e-05 0.0
-0.000307680108 6.66088017e-05 0.0
-0.000321036845 5.90208838e-05 0.0
-0.000331127347 5.01390568e-05 0.0
-0.000339770195 4.10769208e-05 0.0
-0.000345025037 3.18251077e-05 0.0
-0.000347040681 2.31537415e-05 0.0
-0.000343435386 1.41346554e-05 0.0
0.000845308008 -1.68703639e-06 0.0
0.000855763908 -5.51792755e-06 0.0
0.000866206829 -6.85998566e-06 0.0
0.000877174083 -5.93476852e-06 0.0
0.000888182258 -2.88338697e-06 0.0
0.00043033206 -2.60208417e-05 0.0
0.000445286249 -2.07799276e-05 0.0
0.0004593505 -1.37887873e-05 0.0
0.000470460509 -5.15699139e-06 0.0
0.000480101706 3.56391183e-06 0.0
0.000489252037 1.18484822e-05 0.0
0.000496288296 2.34392974e-05 0.0
0.000498374051 3.61899074e-05 0.0
0.000494854117 4.86894205e-05 0.0
0.000486133446 6.04954221e-05 0.0
0.000474806468 7.02023026e-05 0.0
0.000462550175 7.58242604e-05 0.0
0.000435464666 7.80385526e-05 0.0
0.000420674216 7.39483512e-05 0.0
0.000405298168 6.7359375e-05 0.0
0.000390100118 5.88971707e-05 0.0
0.000376428186 4.78805996e-05 0.0
0.000365529064 3.45152403e-05 0.0
0.000361569313 2.01307957e-05 0.0
0.000362231862 6.59150373e-06 0.0
0.00036666356 -5.60585386e-06 0.0
0.000374883995 -1.5826834e-05 0.0
0.000385909632 -2.3179653e-05 0.0
0.000399351004 -2.73811111e-05 0.0
-2.4709836e-05 1.97554837e-05 0.0
-3.85935755e-06 2.51026904e-05 0.0
1.44564974e-05 3.42281746e-05 0.0
2.85196129e-05 4.60412484e-05 0.0
3.88193002e-05 5.99976738e-05 0.0
4.43234676e-05 7.48163948e-05 0.0
4.53222819e-05 8.93558754e-05 0.0
4.1494488e-05 0.000102343416 0.0
3.33778953e-05 0.000112468166 0.0
2.10789349e-05 0.00011796652 0.0
-1.6105625e-05 0.00011703858 0.0
-3.62755054e-05 0.000111950147 0.0
-5.4801043e-05 0.000103536149 0.0
-7.08866573e-05 9.26619687e-05 0.0
-8.29245473e-05 7.79324037e-05 0.0
-8.78983337e-05 6.22467123e-05 0.0
-8.68697753e-05 4.7109741e-05 0.0
-8.2064209e-05 3.38183345e-05 0.0
-7.35458161e-05 2.42553306e-05 0.0
-6.2016712e-05 1.86930229e-05 0.0
-0.000278659485 -1.37966272e-05 0.0
-0.000267900818 -1.13487113e-05 0.0
-0.000254816288 -7.74386353e-06 0.0
-0.000239426619 -2.24425804e-07 0.0
-0.000228422228 1.05017198e-05 0.0
-0.000223830677 2.01586972e-05 0.0
-0.000222098868 2.82495803e-05 0.0
-0.000223937081 3.59050209e-05 0.0
-0.000227891389 4.11312976e-05 0.0
-0.00023307759 4.54054862e-05 0.0
-0.000238378561 4.81458519e-05 0.0
-0.000252220489 4.84836928e-05 0.0
-0.000263358233 4.47615021e-05 0.0
-0.000276068604 3.96186661e-05 0.0
-0.000287592615 3.31624797e-05 0.0
-0.000297633174 2.6418471e-05 0.0
-0.000305173133 1.90931041e-05 0.0
-0.000308965275 1.10844667e-05 0.0
-0.000309206138 3.56780902e-06 0.0
-0.000306564994 -2.87986222e-06 0.0
-0.000301550695 -8.14613668e-06 0.0
-0.000295024918 -1.17902746e-05 0.0
4.21906407e-05 6.06823087e-05 0.0
2.91529195e-05 5.24869101e-05 0.0
1.8650062e-05 4.23320926e-05 0.0
1.19351062e-05 3.07127666e-05 0.0
1.01169335e-05 1.85910449e-05 0.0
1.40404763e-05 6.23786491e-06 0.0
2.058666e-05 -4.76157675e-06 0.0
2.76194296e-05 -1.19901388e-05 0.0
3.45949884e-05 -1.65085075e-05 0.0
6.05458117e-05 -1.82756648e-05 0.0
8.00962371e-05 -1.48849704e-05 0.0
9.88979737e-05 -8.25957341e-06 0.0
0.000114756091 1.30710009e-06 0.0
0.000127277162 1.37587149e-05 0.0
0.000134040281 2.67186915e-05 0.0
0.000136816554 3.9137678e-05 0.0
0.000135580471 4.99264243e-05 0.0
0.000130875298 5.9394064e-05 0.0
-0.00105744693 7.28476371e-05 0.0
-0.00106910069 7.65213335e-05 0.0
-0.00108171534 7.70181141e-05 0.0
-0.00109665736 7.47008889e-05 0.0
0.000317248487 -7.51669286e-05 0.0
0.00033559298 -6.95384952e-05 0.0
0.000355695607 -6.04759734e-05 0.0
0.000373776013 -4.85512646e-05 0.0
0.000388647895 -3.46778252e-05 0.0
0.000398326491 -1.85535737e-05 0.0
0.000401871454 -2.31523768e-06 0.0
0.00039977688 1.23182599e-05 0.0
0.000394010247 2.49481545e-05 0.0
0.000383431121 3.4832141e-05 0.0
0.000368267094 4.03415979e-05 0.0
0.000328500901 4.24606042e-05 0.0
0.0003073439 3.74682895e-05 0.0
0.000286937226 2.838404e-05 0.0
0.000269794837 1.49924153e-05 0.0
0.000257430569 -9.61231194e-07 0.0
0.000250799203 -1.76516351e-05 0.0
0.000250002777 -3.31536066e-05 0.0
0.000254320767 -4.67063546e-05 0.0
0.000262667192 -5.85489215e-05 0.0
0.000274432939 -6.79572404e-05 0.0
0.000287582865 -7.41056356e-05 0.0
-9.5385898e-05 -3.66017011e-05 0.0
-8.40798748e-05 -3.30203693e-05 0.0
-7.14061025e-05 -2.81568828e-05 0.0
-6.02233049e-05 -2.20340935e-05 0.0
-5.10358113e-05 -1.55701127e-05 0.0
-4.35762813e-05 -9.23762218e-06 0.0
-3.90952046e-05 -3.45035573e-06 0.0
-3.77637152e-05 2.25882695e-06 0.0
-3.93712216e-05 7.64711967e-06 0.0
-4.17395313e-05 1.24413318e-05 0.0
-4.43245917e-05 1.56943934e-05 0.0
-6.35657707e-05 1.70467429e-05 0.0
-7.98048204e-05 1.40513403e-05 0.0
-9.43610867e-05 9.29780526e-06 0.0
-0.000106746418 3.93159371e-06 0.0
-0.000115574519 -2.08327538e-06 0.0
-0.000120713645 -8.50936249e-06 0.0
-0.000123259277 -1.5616517e-05 0.0
-0.000122397862 -2.28211484e-05 0.0
-0.000119156612 -2.91204851e-05 0.0
-0.000114160204 -3.36434896e-05 0.0
-0.000108857967 -3.64115695e-05 0.0
-0.000111968395 -6.40816506e-06 0.0
-0.000102992773 -4.69078032e-06 0.0
-9.41836552e-05 -1.74564639e-06 0.0
-8.67094277e-05 1.23383143e-06 0.0
-7.96130262e-05 4.09103859e-06 0.0
-7.33611159e-05 7.43110013e-06 0.0
-6.78633805e-05 1.07400774e-05 0.0
-6.30207214e-05 1.39319909e-05 0.0
-5.99845516e-05 1.59282572e-05 0.0
-5.83585897e-05 1.75920995e-05 0.0
-8.54707323e-05 2.33311075e-05 0.0
-0.000102292615 2.19046615e-05 0.0
-0.000117387193 1.83841184e-05 0.0
-0.000128397674 1.178194e-05 0.0
-0.000134463538 5.41625786e-06 0.0
-0.000136858056 7.44220301e-07 0.0
-0.000138461648 -1.89978437e-06 0.0
-0.000139664844 -3.09315396e-06 0.0
-0.000135846843 -4.49910294e-06 0.0
-0.00012947357 -5.94549056e-06 0.0
-0.000491706247 4.28777776e-06 0.0
-0.000481810275 5.16871478e-06 0.0
-0.000473382213 8.12259623e-06 0.0
-0.000462180498 1.33920103e-05 0.0
-0.000453023706 1.78528862e-05 0.0
-0.000443995494 2.31154318e-05 0.0
-0.000436323753 2.65871859e-05 0.0
-0.000430485641 2.97295701e-05 0.0
-0.000428282015 3.32300551e-05 0.0
-0.000435096765 4.13356101e-05 0.0
-0.000447717292 4.71438907e-05 0.0
-0.000470325554 4.78633265e-05 0.0
-0.0004799054 4.41056982e-05 0.0
-0.000487411162 3.94257222e-05 0.0
-0.000493580126 3.41183149e-05 0.0
-0.000499721034 2.85240458e-05 0.0
-0.000506623939 2.46946038e-05 0.0
-0.000513039937 2.09567261e-05 0.0
-0.00051748316 1.60366399e-05 0.0
-0.000518861169 1.11328036e-05 0.0
-0.000516313128 8.01752503e-06 0.0
-0.000510407495 6.42075202e-06 0.0
8.42037844e-05 -2.08360107e-05 0.0
0.000103791004 -1.84939654e-05 0.0
0.000122097379 -1.29764494e-05 0.0
0.000137466195 -4.55439658e-06 0.0
0.00014840356 6.81982965e-06 0.0
0.00015469348 1.89278635e-05 0.0
0.000156512251 2.98772029e-05 0.0
0.000154091817 3.97202784e-05 0.0
0.0001488415 4.76960959e-05 0.0
0.000141344804 5.33262755e-05 0.0
0.000132210203 5.65332593e-05 0.0
0.000111916408 5.47049822e-05 0.0
9.83122372e-05 4.9614755e-05 0.0
8.2819839e-05 4.24000245e-05 0.0
7.01309109e-05 3.34540891e-05 0.0
5.95037745e-05 2.45395368e-05 0.0
5.13616287e-05 1.465482e-05 0.0
4.72148422e-05 6.00626981e-06 0.0
4.54657529e-05 -1.68556119e-06 0.0
4.48013707e-05 -8.21448339e-06 0.0
4.61813397e-05 -1.25618335e-05 0.0
4.91044448e-05 -1.5831969e-05 0.0
-0.000479581038 5.99261421e-06 0.0
-0.000467539736 1.0037571e-05 0.0
-0.000457523391 1.49965899e-05 0.0
-0.000449818646 2.12252835e-05 0.0
-0.000443174271 2.82212332e-05 0.0
-0.000435994618 3.4695513e-05 0.0
-0.000429330568 4.0946732e-05 0.0
-0.000423993682 4.74487351e-05 0.0
-0.00042205464 5.30450016e-05 0.0
-0.000422819081 5.73336001e-05 0.0
-0.000427183724 6.15425379e-05 0.0
-0.000434867194 6.55463955e-05 0.0
-0.000454284571 7.00629316e-05 0.0
-0.000467575359 6.82142709e-05 0.0
-0.000481261115 6.42147133e-05 0.0
-0.000494665932 5.92202414e-05 0.0
-0.000508661033 5.3298194e-05 0.0
-0.000517913024 4.46910926e-05 0.0
-0.000523784547 3.6630543e-05 0.0
-0.00052678684 2.96073285e-05 0.0
-0.000524772797 2.14377869e-05 0.0
-0.000518552377 1.37028983e-05 0.0
-0.000511447375 8.47204592e-06 0.0
-0.000502070819 4.98024519e-06 0.0
0.000837029715 3.47065834e-05 0.0
0.000849005592 2.79685773e-05 0.0
0.00063389045 4.13094094e-05 0.0
0.000613970216 4.05829414e-05 0.0
0.000524780131 2.71813769e-05 0.0
0.00043362187 1.53191322e-05 0.0
0.000399102253 7.55714518e-06 0.0
0.000387149019 1.0636616e-05 0.0
0.000379925565 1.48565123e-05 0.0
0.000359438156 2.97026709e-05 0.0
0.000303623528 4.51339365e-05 0.0
0.000213081963 5.91498974e-05 0.0
0.00014479713 -2.68798613e-06 0.0
0.000131955414 -8.22761285e-06 0.0
9.2538452e-05 -8.62029719e-06 0.0
4.2475298e-05 -4.12170812e-06 0.0
-6.38367055e-05 4.40667609e-05 0.0
-0.000267100899 3.80932652e-05 0.0
-0.000342372892 3.76420394e-05 0.0
-0.000548505981 4.20960641e-05 0.0
-0.000613492797 8.13740407e-05 0.0
-0.000672027818 7.7124525e-05 0.0
-0.000726264843 5.68931137e-05 0.0
-0.000770348706 3.40693477e-05 0.0
-0.000797923421 1.75641489e-05 0.0
-0.000825679221 5.7857369e-06 0.0
-0.000864786562 9.97315692e-06 0.0
-0.000907794572 2.66618463e-05 0.0
-0.000945256616 3.91487629e-05 0.0
-0.000976200099 3.15831458e-05 0.0
-0.000999806682 1.23350655e-05 0.0
-0.00101924955 -6.62275124e-06 0.0
-0.00103851571 -2.1670392e-05 0.0
-0.0010675434 -3.22122141e-05 0.0
-0.00111189485 -2.7747521e-05 0.0
-0.0011274094 -4.12170812e-06 0.0
-0.00107734615 -8.62029719e-06 0.0
-0.00103792921 -8.22761285e-06 0.0
-0.00102508755 -2.68798613e-06 0.0
-0.000956802687 5.91498974e-05 0.0
-0.000866261136 4.51339365e-05 0.0
-0.000810446509 2.97026709e-05 0.0
-0.0007899591 1.48565123e-05 0.0
-0.000782735646 1.0636616e-05 0.0
-0.000770782412 7.55714518e-06 0.0
-0.000736262766 1.53191322e-05 0.0
-0.000645104505 2.71813769e-05 0.0
-0.000555914419 4.05829414e-05 0.0
-0.000535994186 4.13094094e-05 0.0
-0.000320879073 2.79685773e-05 0.0
-0.000332854921 3.47065834e-05 0.0
-0.00025585253 4.82527821e-06 0.0
-0.000211501072 3.60586029e-07 0.0
-0.000182473363 1.09024086e-05 0.0
-0.000163207209 2.59500484e-05 0.0
-0.000143764322 4.49078652e-05 0.0
-0.000120157776 6.41559454e-05 0.0
-8.92143362e-05 7.17215589e-05 0.0
-5.17522894e-05 5.92346478e-05 0.0
-8.74425223e-06 4.25459548e-05 0.0
3.03630877e-05 3.83585357e-05 0.0
5.81188942e-05 5.01369468e-05 0.0
8.56935803e-05 6.66421474e-05 0.0
0.000129777472 8.9465917e-05 0.0
0.000184014469 0.000109697321 0.0
0.000242549533 0.000113946844 0.0
0.000307536335 7.46688675e-05 0.0
0.000513669394 7.02148391e-05 0.0
0.000588941388 7.06660649e-05 0.0
0.000792205625 7.66395606e-05 0.0
6.85523191e-05 2.32801924e-07 0.0
-0.000630179129 -6.36907657e-07 0.0
7.64523575e-05 2.21712653e-05 0.0
-0.000543763279 3.15517464e-05 0.0
0.000145409387 -2.81798311e-05 0.0
-6.87162974e-05 1.08317374e-06 0.0
0.000220275135 1.18675407e-05 0.0
-0.000405655941 1.53982764e-05 0.0
-0.000501098519 1.79760427e-05 0.0
-0.00052734022 1.77293641e-05 0.0
-0.000302233675 7.74213695e-05 0.0
0.000395527313 1.99837395e-05 0.0
-0.000785625074 1.87335718e-05 0.0
-9.56958684e-05 1.57851446e-05 0.0
-0.000664377818 2.88562587e-05 0.0
-0.000793312152 -2.23909956e-06 0.0
-4.78591865e-05 4.53138127e-05 0.0
-0.000280435022 -2.32389502e-05 0.0
0.000127099309 -2.18811674e-05 0.0
0.000741453667 1.5699412e-05 0.0
-0.000163228309 5.54884537e-06 0.0
2.63145303e-05 -1.03662496e-05 0.0
0.000195559667 -1.33755075e-05 0.0
-0.000730001251 1.55194157e-05 0.0
-0.000371946197 4.11982583e-05 0.0
-0.000492948282 1.22969334e-06 0.0
-0.000661899394 2.08401289e-05 0.0
-4.91265891e-05 8.5994172e-05 0.0
0.000594709825 6.13919692e-05 0.0
-0.00053105416 4.26309052e-05 0.0
4.25467842e-05 -5.2606074e-06 0.0
9.0111942e-05 -1.23340487e-05 0.0
0.000139152064 -2.03712648e-06 0.0
-0.000433161476 2.77034851e-05 0.0
-0.000153019297 2.04867902e-05 0.0
-8.68687857e-05 9.28937607e-06 0.0
0.000123483085 -2.79951728e-05 0.0
0.000196465407 9.82584515e-06 0.0
-0.000123429112 3.93102746e-05 0.0
0.000209795908 -3.59153091e-05 0.0
-0.000244087045 7.86766541e-05 0.0
8.11981008e-05 -9.14785596e-06 0.0
0.000103773025 1.22954025e-05 0.0
-0.000261895912 2.71032968e-05 0.0
6.86483472e-05 -1.49840434e-05 0.0
-0.000684627797 5.02180228e-05 0.0
-0.000266561547 -2.00584491e-05 0.0
-0.000669886707 7.16493423e-06 0.0
-0.000302300323 1.2628926e-05 0.0
0.000447004684 -3.92631919e-05 0.0
0.000322791981 2.61893056e-05 0.0
0.000494409527 1.69518426e-05 0.0
-0.00074328261 1.8989931e-06 0.0
-0.000256331638 6.85720952e-05 0.0
-0.000409356202 9.7365064e-06 0.0
3.00840043e-06 5.42006674e-05 0.0
-0.000192006381 2.27926703e-05 0.0
0.000269013311 2.25858621e-05 0.0
-0.000868012663 1.07124752e-05 0.0
-0.000759722549 3.5299734e-05 0.0
-0.000452521548 1.43443485e-05 0.0
-0.000616475707 5.07588557e-05 0.0
-2.06682143e-05 9.54556162e-06 0.0
-0.000144639984 2.37602944e-05 0.0
-0.000631201663 2.2522634e-05 0.0
-0.000584610447 1.23318559e-05 0.0
-0.000211587438 -1.15254215e-05 0.0
-0.000194868291 2.52197715e-05 0.0
-0.00010722148 8.64129615e-05 0.0
-0.000579975604 3.1859563e-05 0.0
-0.000258595479 -3.65272012e-06 0.0
0.000257406995 -3.28708593e-05 0.0
-0.000939918798 1.88603262e-05 0.0
-0.000818270084 1.01661872e-05 0.0
0.000318577746 6.42471641e-05 0.0
-0.000681143021 -2.91062915e-05 0.0
-0.000428133848 -4.61261652e-06 0.0
3.59931291e-05 4.80308881e-05 0.0
0.000538280117 5.98580918e-05 0.0
0.000302404835 -1.44112971e-06 0.0
-0.00037444639 7.61322808e-05 0.0
-2.05781616e-05 7.34915966e-06 0.0
0.000268695032 3.93843329e-05 0.0
-0.000394196744 4.57625392e-05 0.0
-0.00037975001 -1.73482895e-05 0.0
-0.000197984293 1.29582249e-05 0.0
-4.47578968e-05 -9.09552182e-06 0.0
0.000771742023 2.56926887e-05 0.0
-0.000436042552 3.9779974e-05 0.0
-0.000315682875 5.04520467e-05 0.0
-0.000484418269 1.62803917e-05 0.0
-0.000183649958 3.80104502e-05 0.0
-4.51270753e-05 -1.53784349e-05 0.0
-0.000151636879 2.80846289e-05 0.0
0.000182946271 -3.83825172e-05 0.0
-0.000205567339 5.6632558e-05 0.0
1.00148682e-05 1.16539713e-05 0.0
0.000160612413 -1.10593021e-06 0.0
-0.000575057697 2.83414408e-07 0.0
-0.000124088911 9.22246763e-05 0.0
-6.69721776e-05 -2.91388506e-06 0.0
-0.00036768915 2.58345481e-05 0.0
-0.000488580961 2.14388965e-05 0.0
-5.96847713e-05 7.73721149e-06 0.0
0.000765206933 2.41135194e-06 0.0
-0.000449514249 2.5773561e-05 0.0
-0.000163019955 3.61753737e-05 0.0
-0.000496085326 5.32698286e-05 0.0
-0.000102135426 0.000106781597 0.0
-0.00103571254 3.01536074e-05 0.0
-0.000734094414 -2.15005525e-06 0.0
0.000523199094 -1.33227941e-05 0.0
0.000554604514 7.81383787e-05 0.0
0.000651606941 6.9746573e-05 0.0
0.000652456016 2.14893716e-05 0.0
0.000209269754 0.000131113207 0.0
5.55770239e-05 -1.25399902e-05 0.0
1.11217628e-06 4.71005624e-05 0.0
-0.000516860164 1.81116957e-05 0.0
-0.000356529665 3.39493527e-05 0.0
0.000497039233 -1.9955578e-05 0.0
0.000137765746 -1.73098397e-05 0.0
-4.90155726e-05 -9.55746236e-06 0.0
0.00011433709 -1.36981535e-05 0.0
-0.00089459453 4.00314457e-05 0.0
-0.000219251888 6.87587526e-05 0.0
-0.00033954301 9.72386442e-06 0.0
0.000210179278 -1.53941596e-06 0.0
0.000164805824 -8.08013192e-06 0.0
-0.000509865524 1.95013454e-05 0.0
-0.000171471591 8.19490469e-06 0.0
3.11614422e-05 1.67603885e-05 0.0
0.000129260967 -2.6603524e-05 0.0
-0.000741869502 1.9607065e-05 0.0
9.49198729e-05 5.42710339e-08 0.0
1.56622446e-05 -1.15128505e-05 0.0
-0.000148074265 7.82124553e-05 0.0
0.000187508806 -4.70355553e-05 0.0
-0.000576546299 2.93192079e-05 0.0
0.000267780124 2.07775229e-05 0.0
-0.00082583027 3.60139666e-07 0.0
-0.000789668586 3.34260294e-05 0.0
-0.000317319209 9.3575909e-05 0.0
6.21925137e-05 -1.36536764e-05 0.0
-0.000685820298 3.19269839e-06 0.0
-0.000195137356 -3.27956332e-05 0.0
3.52531133e-05 1.08673457e-05 0.0
-0.00072207168 4.56854832e-05 0.0
-0.000863003021 1.23443178e-05 0.0
-0.000495276297 3.43484753e-05 0.0
-0.000983785489 -1.75157802e-05 0.0
-0.000602599932 6.59406214e-05 0.0
-0.000616177043 1.30522913e-05 0.0
-0.000694536546 -1.10027595e-05 0.0
-0.000343703257 -2.2972954e-05 0.0
-0.000228667021 6.11873693e-05 0.0
0.0001643633 -3.70199414e-05 0.0
0.000419199379 4.37399613e-05 0.0
-0.000146021121 1.36455965e-05 0.0
6.17819533e-05 -9.87401927e-06 0.0
0.00052481785 6.92911635e-05 0.0
0.000238904016 -2.06931854e-05 0.0
0.000253844337 5.72015852e-05 0.0
8.16908796e-05 -1.69899868e-05 0.0
-0.00104337977 -3.72437316e-05 0.0
-1.70140538e-05 -3.72972204e-06 0.0
-0.000131352048 8.14136001e-05 0.0
0.000486195175 -3.02506778e-05 0.0
5.9822225e-05 6.22073785e-05 0.0
-0.000242011854 3.35915065e-05 0.0
-2.66742809e-05 -1.55595117e-05 0.0
0.000229917365 5.13002306e-05 0.0
-0.00028249473 4.68887265e-05 0.0
0.0008013146 2.33150422e-05 0.0
0.00032458434 -2.34901327e-05 0.0
-0.000402280246 -3.16304909e-06 0.0
-4.76665373e-05 2.67666801e-05 0.0
-0.000846454466 -4.67960745e-05 0.0
0.000161197429 1.14018012e-05 0.0
-0.000256019121 3.98082484e-05 0.0
0.000518845452 1.28885558e-05 0.0
0.000785073149 5.60137523e-05 0.0
-9.06245987e-05 -2.39784845e-06 0.0
-2.04825446e-05 4.06893778e-05 0.0
0.000362762512 3.18107705e-05 0.0
-8.28396878e-05 -7.02108082e-06 0.0
0.000777724606 7.21564647e-05 0.0
-0.000362889026 5.52225101e-05 0.0
-4.54676556e-05 5.74697951e-05 0.0
0.000520353031 5.68012874e-05 0.0
-0.000718541676 2.08205493e-05 0.0
0.000412589492 2.06834939e-05 0.0
-0.000609285315 -6.85056591e-07 0.0
0.000547356845 4.40354088e-05 0.0
-0.000596170139 2.26864722e-05 0.0
-3.8667622e-05 9.600669e-05 0.0
-0.000317227881 4.12126792e-05 0.0
-0.000334566867 6.13993761e-05 0.0
0.000796049542 5.36813604e-06 0.0
0.00036096375 -4.15885188e-05 0.0
0.000187810016 -2.75206512e-05 0.0
-0.00051914918 1.63800305e-05 0.0
-0.000914094446 2.40277495e-05 0.0
-0.000215441396 -2.09199106e-06 0.0
-0.000602174667 2.79534725e-05 0.0
0.000138605625 5.71545343e-06 0.0
0.000605248671 3.46562083e-05 0.0
-0.000137162104 2.94919137e-05 0.0
0.00029383917 6.25432876e-05 0.0
-0.000527565717 3.39775397e-05 0.0
0.000188213875 0.000109295528 0.0
-0.000679593708 4.12812733e-05 0.0
3.06319016e-05 1.92024982e-05 0.0
-0.000380160083 2.54748852e-06 0.0
0.000702728517 5.68284013e-05 0.0
-0.000413869129 5.62018904e-05 0.0
4.58301547e-05 2.55775212e-05 0.0
-0.000464437238 2.425823e-05 0.0
-0.000560752989 4.58716167e-05 0.0
-0.000566475326 2.08202414e-06 0.0
-0.000341712061 -2.14431475e-06 0.0
0.000237797882 3.01537857e-05 0.0
0.000296890095 -3.35353907e-05 0.0
0.000698552758 -1.00107138e-06 0.0
-0.00014400763 9.50819376e-05 0.0
-0.000377217337 -6.68576786e-06 0.0
-0.000608834554 3.31477895e-05 0.0
6.01584579e-05 3.34230717e-05 0.0
0.000167772581 -1.25092765e-05 0.0
-0.000286246213 1.43452689e-05 0.0
0.000523690134 7.52144697e-05 0.0
-0.000152546476 0.000108765911 0.0
-0.000208370446 6.1496401e-05 0.0
-0.00100168842 4.5746634e-05 0.0
-0.000320154271 1.52665507e-05 0.0
0.000359181344 2.46186937e-06 0.0
-0.000482889678 2.51543424e-05 0.0
0.000186029327 1.4143091e-05 0.0
3.59795813e-05 1.69301275e-05 0.0
-4.15888026e-05 6.29592832e-05 0.0
5.73738726e-05 7.47093964e-06 0.0
-0.000187231242 2.05662291e-05 0.0
-0.0008277343 2.46941945e-05 0.0
0.000788595295 4.40359436e-05 0.0
-0.000339397287 1.80895422e-05 0.0
-0.000158513547 3.20917388e-05 0.0
0.000528517179 3.37863995e-08 0.0
-0.000745287922 -4.09448376e-06 0.0
3.01900036e-05 4.45344813e-05 0.0
-0.00020839987 2.22860399e-05 0.0
-0.000164618657 3.96004398e-05 0.0
-0.000371343194 2.35099615e-05 0.0
-0.000679716934 1.08028974e-06 0.0
-0.000629202346 -9.50834146e-06 0.0
0.000465662073 5.70290194e-06 0.0
-1.29780656e-05 5.88056992e-06 0.0
6.29788556e-05 3.4988956e-05 0.0
-0.000282887777 9.05219058e-05 0.0
-0.000117479518 -6.04694696e-06 0.0
0.00022820622 2.79605574e-05 0.0
4.19923017e-05 4.83758049e-05 0.0
8.14618559e-08 -7.7573759e-06 0.0
-0.000789396639 1.59763647e-06 0.0
-0.000443498371 3.50797382e-05 0.0
-0.000402386533 6.48265413e-05 0.0
-0.000438371731 3.2001597e-05 0.0
0.000222405273 -6.88538057e-06 0.0
-0.000243451606 -1.56010065e-05 0.0
8.83090106e-05 -5.76591583e-06 0.0
-0.000184294186 3.11348995e-05 0.0
0.00060675916 7.21972174e-05 0.0
0.000188392863 6.1739629e-05 0.0
-0.000848283642 4.36720875e-05 0.0
3.22941232e-05 -5.34178071e-06 0.0
0.000314254517 3.18315542e-05 0.0
7.13828485e-05 7.79561451e-05 0.0
0.000507311197 2.66979387e-05 0.0
-0.000116593052 3.27709722e-06 0.0
0.000229992816 2.33585365e-06 0.0
-0.000220437694 3.08897361e-05 0.0
-0.000264093804 1.99524893e-05 0.0
-9.6155901e-08 2.94504048e-06 0.0
0.000541823392 7.10345339e-05 0.0
-0.000993137946 5.66340277e-05 0.0
-0.000196810404 7.27471925e-05 0.0
0.000161425531 -3.13813434e-05 0.0
0.00078316289 9.21538174e-07 0.0
-0.0001071605 6.38321944e-06 0.0
-0.000176169517 5.59821456e-06 0.0
-0.00017617039 9.47903027e-06 0.0
-0.000494099164 2.5012916e-05 0.0
-0.000484912394 3.00245592e-05 0.0
-0.000176790592 -2.28799909e-05 0.0
-0.00105097017 -3.95316529e-05 0.0
9.74131326e-05 2.87088151e-05 0.0
-9.59006647e-05 2.16900867e-06 0.0
-4.084381e-05 -1.52127757e-06 0.0
-0.000517007662 3.60370759e-05 0.0
-0.000232569684 7.04789927e-05 0.0
0.000263358437 1.58038201e-05 0.0
-0.000640121812 2.44918574e-05 0.0
-0.00103057292 2.95178779e-05 0.0
0.000156613387 0.000123479505 0.0
-0.00073265098 3.95717734e-06 0.0
0.000427768129 1.66935461e-05 0.0
-0.000492729014 2.80430413e-05 0.0
-0.000222472503 -1.74529796e-05 0.0
-0.000157613802 3.43333777e-05 0.0
-0.000419488322 2.47966964e-05 0.0
-0.000133682071 0.000105199098 0.0
-0.000165940452 9.15476448e-06 0.0
-0.000169939289 5.91073986e-05 0.0
-0.000107570319 1.90348092e-05 0.0
-0.000177887399 4.24784121e-05 0.0
-0.000438448682 -1.57428494e-05 0.0
-0.000199743576 1.76059675e-05 0.0
-0.000347965775 2.07135745e-05 0.0
0.000284553273 1.50006917e-05 0.0
-0.000307558541 -7.417711e-06 0.0
-9.29535818e-05 1.63004352e-05 0.0
0.000379555539 -8.82147015e-06 0.0
-0.000710459193 2.1704087e-05 0.0
-0.000220718313 4.42417013e-06 0.0
-0.000655056385 -5.53634982e-06 0.0
4.17965566e-05 -2.28768636e-06 0.0
0.000546090072 1.52436824e-05 0.0
-7.76717279e-05 1.39260246e-05 0.0
-0.000782298681 3.31712436e-05 0.0
0.000181348194 4.42356031e-06 0.0
0.000283025729 8.49526623e-05 0.0
0.000251851423 -5.80339974e-06 0.0
0.000115502742 -2.19893573e-05 0.0
0.000134275615 1.1518172e-05 0.0
-0.00100448681 -1.37438183e-05 0.0
0.000534628169 -2.82001529e-05 0.0
0.000224795382 -4.38880379e-05 0.0
-1.39994108e-05 -1.64553985e-05 0.0
0.00053867331 3.196736e-05 0.0
0.000193359549 -4.73536056e-05 0.0
8.18280023e-05 2.02036081e-05 0.0
0.000171830819 -3.12700213e-05 0.0
0.000320231338 3.35390796e-05 0.0
-0.000993277994 3.58408033e-06 0.0
0.000174049434 -2.39170677e-05 0.0
0.000113292357 0.000103489758 0.0
-0.000347038498 3.19276478e-05 0.0
0.00053733564 5.46316951e-05 0.0
0.000220081711 1.51108397e-05 0.0
-0.000177949856 6.43058229e-06 0.0
0.000162920289 7.68311293e-06 0.0
0.000129907334 -2.97128463e-05 0.0
-0.000317242608 2.80463883e-05 0.0
-0.000633581891 3.89376737e-06 0.0
-0.00101268874 -1.65278652e-05 0.0
-0.000575341634 6.15732497e-05 0.0
0.000408420106 1.77690508e-05 0.0
1.08714803e-05 -1.15425451e-06 0.0
5.15680695e-05 6.09389317e-05 0.0
9.9814024e-05 5.38543418e-06 0.0
-0.000279800559 8.29207129e-05 0.0
-0.000337334001 -1.66149803e-05 0.0
-0.000412804948 1.62857086e-05 0.0
3.6415433e-05 4.65726844e-05 0.0
-0.000467851351 3.2749158e-05 0.0
0.000135234339 1.62388494e-06 0.0
-0.000323212473 6.13544689e-05 0.0
-2.57705069e-05 -1.78463106e-05 0.0
-0.000779575726 -2.20556808e-06 0.0
-0.00048579913 1.81864414e-06 0.0
-0.000554737926 9.44928343e-06 0.0
9.68933819e-06 9.58401233e-06 0.0
-0.000170909538 -3.1730211e-05 0.0
-0.000159028379 -1.82533622e-05 0.0
-0.000678226235 2.82695491e-05 0.0
0.000359493919 -1.69370996e-05 0.0
-0.000357955054 1.7978673e-05 0.0
-0.000440228701 4.02921723e-05 0.0
0.000193573302 5.27169068e-05 0.0
-0.000191576561 4.73713735e-05 0.0
-1.20710374e-05 1.28360705e-06 0.0
-0.000569061958 5.81343011e-05 0.0
0.000548089796 -1.37057623e-05 0.0
0.000102225677 1.60617328e-05 0.0
2.00870236e-05 4.56371299e-06 0.0
-0.000270344462 -2.73235164e-05 0.0
0.000228129691 -5.72084318e-05 0.0
-8.18205081e-05 7.50139516e-05 0.0
-0.000140674703 7.32199042e-05 0.0
0.00020604454 4.31099179e-05 0.0
-0.000760498631 5.697083e-06 0.0
-0.000196774898 -2.69641932e-05 0.0
-0.000508227444 1.87319711e-05 0.0
-0.000162395067 2.05725373e-05 0.0
4.45147953e-06 1.58735784e-05 0.0
0.000209421472 -3.60398371e-05 0.0
0.000449770974 4.56089765e-05 0.0
-0.000607193622 8.95677022e-06 0.0
-5.33623788e-05 6.12695512e-05 0.0
-0.000725378224 2.99759613e-05 0.0
-0.000425679929 9.87231715e-07 0.0
5.75095473e-05 -1.60991494e-05 0.0
-0.000391180394 4.5053217e-05 0.0
-0.000386327971 9.32383227e-06 0.0
-0.000687210122 3.05986032e-05 0.0
-0.000799895963 3.46754096e-05 0.0
9.64703067e-05 -1.39613012e-05 0.0
1.62051947e-05 6.03633925e-05 0.0
-0.000876888458 1.38483911e-05 0.0
-0.00018986559 0.000106114654 0.0
0.000116721938 -2.26892171e-05 0.0
-0.000948450528 3.18374696e-05 0.0
-2.91878114e-05 -1.33659696e-05 0.0
-0.000440004835 6.96552615e-06 0.0
-6.3752952e-05 8.33493596e-06 0.0
-0.0010003316 3.87681524e-07 0.0
-0.000492381747 -1.27221301e-06 0.0
0.000544907991 -1.60884224e-06 0.0
-0.000147355153 8.66453338e-05 0.0
-0.000205738892 9.21090832e-05 0.0
-0.000164097757 2.86048071e-05 0.0
1.84896726e-05 1.34641577e-05 0.0
3.76483404e-05 2.79826309e-05 0.0
-0.000184561184 4.0296989e-05 0.0
-0.00035946368 -7.0924566e-06 0.0
-0.000307908311 3.59313926e-05 0.0
0.00047873109 -1.33820195e-05 0.0
8.31729267e-05 -9.05115212e-06 0.0
-5.89383599e-05 6.67440981e-05 0.0
8.18223416e-05 3.71192255e-05 0.0
0.000821694906 4.86889985e-06 0.0
3.54855292e-05 -6.65122388e-06 0.0
-0.000138037838 2.62174326e-05 0.0
-0.000658529985 6.05075002e-05 0.0
-0.00035472025 -6.76609079e-06 0.0
0.000589834817 2.88896408e-05 0.0
-0.000570478151 2.47286989e-05 0.0
-0.000290451455 7.07615618e-05 0.0
5.39419398e-06 1.98026864e-05 0.0
-0.000870671473 2.78151438e-05 0.0
0.000452675566 1.63200402e-05 0.0
0.000278787396 3.76802491e-05 0.0
-0.000172368775 1.02460563e-05 0.0
-0.000761441246 1.10506453e-05 0.0
-0.00090333767 2.25270924e-05 0.0
-0.000345621345 6.83053149e-05 0.0
0.000367586093 2.61752175e-05 0.0
-0.000214651765 2.88407864e-05 0.0
0.000650277885 4.38297138e-06 0.0
-0.000189377766 4.00455647e-05 0.0
-2.65301042e-05 -2.59584476e-06 0.0
-0.000459990522 3.93165064e-05 0.0
3.16470073e-06 -1.25631177e-05 0.0
-0.000575708109 -5.9913159e-06 0.0
-0.000221983326 6.52614544e-05 0.0
0.000228746183 6.16614998e-05 0.0
-0.000501623203 2.97035763e-06 0.0
-0.00042753428 2.06546574e-05 0.0
0.000416198483 -4.03191298e-05 0.0
-0.00110142329 -2.44148578e-05 0.0
0.000383729319 3.30258808e-05 0.0
-0.000376698357 2.61502901e-05 0.0
0.000554257189 3.6951722e-05 0.0
0.000797539717 6.39651043e-05 0.0
-0.000763844466 5.05147364e-05 0.0
-0.000393542578 4.00105419e-05 0.0
-0.000701436948 1.14897421e-05 0.0
0.000680092839 3.71014139e-05 0.0
-0.000130861139 1.04389601e-05 0.0
0.00032215484 2.96347753e-05 0.0
0.000814617844 -1.35713162e-06 0.0
0.000522796705 1.4387967e-05 0.0
-0.00101613824 -3.54928852e-05 0.0
-0.000340998842 4.84931406e-05 0.0
0.000190323015 1.81604028e-05 0.0
-0.000460629584 6.3284142e-06 0.0
-0.000157307179 1.30313983e-05 0.0
-0.000249984005 4.58617797e-06 0.0
-3.82242761e-05 -6.86608473e-06 0.0
-0.000270528049 -6.62483581e-06 0.0
-0.000834211009 2.50115954e-06 0.0
-0.00100078923 3.57739214e-06 0.0
0.000371272792 2.20085985e-05 0.0
-0.000810966769 3.95297466e-05 0.0
2.88309639e-06 7.82474526e-05 0.0
-0.000793647894 -5.62429989e-07 0.0
-0.000324196822 8.20597779e-05 0.0
-0.000359012192 7.6634542e-06 0.0
0.000282535824 3.10388132e-05 0.0
-0.000387148233 6.29207716e-05 0.0
-0.000849314616 1.26902728e-06 0.0
0.000368140114 6.2937419e-05 0.0
-0.000148957857 6.4734777e-05 0.0
-1.71842676e-05 -5.13527357e-06 0.0
0.000797552813 5.64212387e-05 0.0
-6.26115652e-05 -5.83361316e-06 0.0
-0.000188879814 -1.05485633e-05 0.0
0.000267967 2.11918268e-05 0.0
0.000323901157 -3.05525573e-05 0.0
-0.000688706932 -1.94857557e-06 0.0
0.000311960903 -2.08341371e-05 0.0
-0.000235005224 1.29739974e-05 0.0
-0.000784628384 -3.7109643e-05 0.0
3.16767046e-06 3.97514304e-05 0.0
-0.000420051423 3.49265247e-05 0.0
-0.000259707856 3.71868591e-05 0.0
-0.00060241617 3.1299398e-05 0.0
0.000731288688 5.67635252e-05 0.0
0.000561309513 -9.50029062e-06 0.0
-7.27153601e-05 6.77966818e-05 0.0
-0.000476148241 3.71590177e-05 0.0
-0.000537946122 3.13984783e-05 0.0
0.0003695552 4.67082391e-05 0.0
-0.000159084506 8.36943946e-05 0.0
-0.000294869009 1.87403257e-05 0.0
-3.16456608e-05 -3.05348658e-06 0.0
0.000600221567 2.77653126e-05 0.0
-0.000535516476 7.10950962e-06 0.0
-0.000286147493 3.79975463e-05 0.0
-4.40838085e-05 5.36405059e-05 0.0
0.000177210604 -4.28711101e-05 0.0
-0.000318092178 5.67084098e-05 0.0
0.000278827734 -1.34287657e-05 0.0
-0.000724916521 -7.90647664e-06 0.0
-0.000338797865 4.03486683e-06 0.0
0.000562566449 1.54644258e-05 0.0
-0.000691566616 1.62114593e-05 0.0
0.000308303861 3.87510372e-05 0.0
0.000296988583 -2.54401893e-05 0.0
-0.000982144265 1.90504525e-05 0.0
0.000488905876 7.40416363e-05 0.0
0.000555094855 5.0790044e-05 0.0
0.00012397737 -4.75909928e-06 0.0
-0.000318981125 3.68290202e-05 0.0
-0.000360653328 8.04555602e-05 0.0
-0.000638755388 3.5273395e-05 0.0
-1.0465169e-05 1.99024271e-05 0.0
-9.13734693e-05 4.42034689e-05 0.0
-0.000234718158 3.36865014e-05 0.0
-0.000908202084 -2.53478265e-05 0.0
0.00038467659 7.56000918e-06 0.0
0.000337044214 2.81766497e-05 0.0
-0.000633971998 1.29749669e-05 0.0
-6.85264968e-05 -1.53354376e-05 0.0
-0.000480165996 2.02028914e-05 0.0
-0.000582583656 3.95092902e-05 0.0
1.65878157e-06 7.14875787e-05 0.0
-0.000101417121 1.25281013e-05 0.0
0.000570541306 3.27588095e-05 0.0
-1.03943385e-05 -9.7941529e-06 0.0
0.000427837804 1.00821935e-05 0.0
2.19318517e-05 5.80813639e-06 0.0
-0.000397406577 -2.07384019e-05 0.0
-1.52517068e-05 -1.52235925e-05 0.0
0.000592364406 7.83697178e-05 0.0
-0.000563197245 2.14709471e-05 0.0
0.000206941622 1.6851729e-05 0.0
0.000258736633 -2.50899011e-05 0.0
-6.14977616e-05 9.92792775e-06 0.0
-7.71455379e-05 6.14357778e-05 0.0
-0.000283131812 9.52241408e-06 0.0
