8.07012912e-05 2.07403864e-05 0.0
8.11532445e-05 3.69056397e-05 0.0
8.4183157e-05 3.24580287e-05 0.0
7.71615451e-05 2.61867353e-05 0.0
0.000105501145 1.93788455e-05 0.0
9.64549836e-05 1.8814153e-05 0.0
8.92988755e-05 1.82920649e-05 0.0
9.70308756e-05 1.15800058e-05 0.0
6.91549285e-05 1.82920649e-05 0.0
7.63110365e-05 1.8814153e-05 0.0
8.53571983e-05 1.93788455e-05 0.0
0.000141284938 2.07709854e-05 0.0
0.00014192739 3.08844355e-05 0.0
0.000142082965 4.08130218e-05 0.0
0.000123445148 3.04362893e-05 0.0
-3.48723643e-06 1.0754221e-05 0.0
-3.64281505e-06 8.25636448e-07 0.0
-4.28525709e-06 -9.28781446e-06 0.0
0.000128298125 2.01263247e-05 0.0
0.000128945932 2.2996288e-05 0.0
0.000129559412 2.63433831e-05 0.0
0.000117751508 2.1555039e-05 0.0
-1.6010792e-05 -3.71541773e-06 0.0
-1.66242717e-05 -7.06251149e-06 0.0
-1.72720811e-05 -9.93247522e-06 0.0
6.66392862e-06 1.46282161e-06 0.0
6.90201477e-06 1.91343006e-05 0.0
9.96839299e-06 1.32689092e-05 0.0
3.73647481e-06 5.38434779e-06 0.0
9.84531871e-05 2.16402714e-05 0.0
0.000106697909 2.22074759e-05 0.0
0.000113813068 2.26344382e-05 0.0
0.000107549233 3.90817477e-05 0.0
0.000133957015 2.26344382e-05 0.0
0.000126841856 2.22074759e-05 0.0
0.000118597141 2.16402714e-05 0.0
0.000105153311 1.25495353e-05 0.0
0.00010472635 3.06366856e-05 0.0
0.000107825312 2.57442298e-05 0.0
0.000102528233 1.7827957e-05 0.0
0.000114571099 3.0756928e-05 0.0
0.00011621914 3.8597922e-05 0.0
0.000118539087 3.55421726e-05 0.0
0.000112305599 3.45844783e-05 0.0
3.65669694e-05 9.58347391e-06 0.0
3.57369063e-05 1.50349442e-05 0.0
3.88066692e-05 1.17527115e-05 0.0
3.38785794e-05 1.31315828e-05 0.0
3.51438357e-05 1.29932532e-05 0.0
3.01520467e-05 1.23597747e-05 0.0
2.56754174e-05 1.20036111e-05 0.0
3.00555912e-05 1.93519077e-06 0.0
3.31888077e-05 9.22269101e-06 0.0
2.70151158e-05 7.0993583e-06 0.0
5.53146674e-06 1.20036111e-05 0.0
1.0008097e-05 1.23597747e-05 0.0
1.4999885e-05 1.29932532e-05 0.0
6.73038303e-05 6.36951063e-06 0.0
6.84576225e-05 1.78417376e-05 0.0
7.14687339e-05 1.26098175e-05 0.0
6.38883212e-05 1.00486759e-05 0.0
3.11315125e-05 1.51076711e-06 0.0
3.03764173e-05 7.45605757e-06 0.0
3.32687487e-05 3.91551748e-06 0.0
2.73164369e-05 4.30329192e-06 0.0
5.91348107e-05 1.25039969e-05 0.0
6.14943929e-05 1.84022047e-05 0.0
6.28051203e-05 1.65497931e-05 0.0
5.67318166e-05 1.41992205e-05 0.0
6.2821302e-05 1.2297879e-05 0.0
6.37167759e-05 2.62380272e-05 0.0
6.38499841e-05 1.58665935e-05 0.0
6.31020521e-05 2.15175551e-05 0.0
6.51862429e-05 1.27306512e-05 0.0
6.73833201e-05 1.72351411e-05 0.0
6.89969893e-05 1.57277555e-05 0.0
6.44411557e-05 1.39588892e-05 0.0
4.08787128e-05 1.23189729e-05 0.0
4.14761598e-05 2.75730836e-05 0.0
4.60831689e-05 2.36476772e-05 0.0
3.65641645e-05 1.90929622e-05 0.0
0.0001455702 3.00587999e-05 0.0
0.0 0.0 0.0
-2.01439507e-05 0.0 0.0
0.000125426246 3.00587999e-05 0.0
8.37681218e-05 2.12640334e-05 0.0
8.65521797e-05 2.2386881e-05 0.0
8.88571594e-05 2.3827617e-05 0.0
9.05395864e-05 2.54489551e-05 0.0
9.15734854e-05 2.73596288e-05 0.0
9.20224411e-05 2.94351139e-05 0.0
9.17183279e-05 3.16030309e-05 0.0
9.05882844e-05 3.3613811e-05 0.0
8.87607457e-05 3.52502466e-05 0.0
8.64972826e-05 3.63224353e-05 0.0
8.3913852e-05 3.68975416e-05 0.0
7.83797586e-05 3.62898863e-05 0.0
7.57974849e-05 3.52108691e-05 0.0
7.36259972e-05 3.3781791e-05 0.0
7.20080789e-05 3.22059313e-05 0.0
7.1046059e-05 3.04781206e-05 0.0
7.07009967e-05 2.86847007e-05 0.0
7.08195439e-05 2.6917769e-05 0.0
7.12894762e-05 2.52946447e-05 0.0
7.2176932e-05 2.38001267e-05 0.0
7.43820419e-05 2.21172486e-05 0.0
7.74767395e-05 2.10028065e-05 0.0
8.07638789e-05 2.9233106e-05 0.0
0.000103170947 1.92618027e-05 0.0
0.000100186953 1.90986902e-05 0.0
9.29499802e-05 1.85301324e-05 0.0
9.06139976e-05 1.83724751e-05 0.0
8.88637442e-05 1.75801852e-05 0.0
8.86585694e-05 1.64497869e-05 0.0
8.89378643e-05 1.50633177e-05 0.0
8.98208309e-05 1.37132365e-05 0.0
9.11818788e-05 1.26012474e-05 0.0
9.29112939e-05 1.18429498e-05 0.0
9.48932575e-05 1.15332559e-05 0.0
9.90642075e-05 1.1953116e-05 0.0
0.000100840443 1.25100914e-05 0.0
0.000102421705 1.32924761e-05 0.0
0.000103703613 1.43223278e-05 0.0
0.000104724939 1.55242305e-05 0.0
0.000105419065 1.67453436e-05 0.0
0.000105653919 1.80380157e-05 0.0
7.04700506e-05 1.83724751e-05 0.0
7.28060331e-05 1.85301324e-05 0.0
8.00429989e-05 1.90986902e-05 0.0
8.30270001e-05 1.92618027e-05 0.0
8.43411763e-05 2.09154114e-05 0.0
8.24319213e-05 2.21983464e-05 0.0
8.00907219e-05 2.29618545e-05 0.0
7.7628094e-05 2.31065933e-05 0.0
7.51250991e-05 2.25945132e-05 0.0
7.27303704e-05 2.14637876e-05 0.0
7.06719147e-05 1.97784157e-05 0.0
6.96781208e-05 1.87731985e-05 0.0
0.00014152941 2.3457158e-05 0.0
0.000141770593 2.6762691e-05 0.0
0.000141967103 3.50262126e-05 0.0
0.000142017685 3.82902363e-05 0.0
0.000138639865 4.11114961e-05 0.0
0.000135243841 4.07717089e-05 0.0
0.000132118133 3.99163328e-05 0.0
0.00012940052 3.86398242e-05 0.0
0.000127132414 3.69135305e-05 0.0
0.000125303181 3.48624781e-05 0.0
0.000124014463 3.26586851e-05 0.0
0.000123475154 2.82296041e-05 0.0
0.000124302635 2.59619028e-05 0.0
0.000126038096 2.36728793e-05 0.0
0.000128498621 2.16721237e-05 0.0
0.000131292429 2.03547042e-05 0.0
0.000134358808 1.9797988e-05 0.0
0.000137742652 1.99295555e-05 0.0
-3.55251427e-06 8.23143819e-06 0.0
-3.6030965e-06 4.96741313e-06 0.0
-3.79960557e-06 -3.29610839e-06 0.0
-4.04078764e-06 -6.60164233e-06 0.0
-9.12039525e-07 -7.77682089e-06 0.0
1.95243706e-06 -5.77488845e-06 0.0
4.075373e-06 -3.56258261e-06 0.0
5.38357199e-06 -1.37605548e-06 0.0
5.88183684e-06 9.93653202e-07 0.0
5.73071657e-06 3.35288109e-06 0.0
4.50527523e-06 5.85627413e-06 0.0
2.36478854e-06 8.08688765e-06 0.0
-3.81846036e-07 9.74977957e-06 0.0
0.000128556014 2.13272506e-05 0.0
0.000129327789 2.4861758e-05 0.0
0.000128273954 2.6876447e-05 0.0
0.000126746454 2.70608216e-05 0.0
0.000124933067 2.69022239e-05 0.0
0.000122860743 2.63494676e-05 0.0
0.00012070674 2.52954724e-05 0.0
0.000118944547 2.38487519e-05 0.0
0.000117983676 2.26930151e-05 0.0
0.000117688658 2.20706934e-05 0.0
0.000118024356 2.09429272e-05 0.0
0.000118568845 2.03359905e-05 0.0
0.000119397948 1.9833622e-05 0.0
0.000120406978 1.94506902e-05 0.0
0.000121577184 1.92689331e-05 0.0
0.00012303167 1.91881791e-05 0.0
0.000124728424 1.92447988e-05 0.0
0.000126574552 1.95155208e-05 0.0
-1.62424094e-05 -5.19704099e-06 0.0
-1.70141884e-05 -8.73154931e-06 0.0
-1.57826944e-05 -9.00878968e-06 0.0
-1.47036026e-05 -7.9222873e-06 0.0
-1.41458713e-05 -6.81428901e-06 0.0
-1.42238869e-05 -5.6560657e-06 0.0
-1.49009338e-05 -4.58810155e-06 0.0
9.32296916e-06 2.074858e-06 0.0
1.16518404e-05 2.84478506e-06 0.0
1.38203941e-05 3.75713762e-06 0.0
1.58219791e-05 5.23334984e-06 0.0
1.73949975e-05 7.17376088e-06 0.0
1.83318007e-05 9.39857546e-06 0.0
1.86822599e-05 1.18789221e-05 0.0
1.78803784e-05 1.4267046e-05 0.0
1.58929088e-05 1.64843586e-05 0.0
1.31681254e-05 1.81336236e-05 0.0
1.00917105e-05 1.90305909e-05 0.0
3.726675e-06 1.86116285e-05 0.0
7.87042609e-07 1.74653233e-05 0.0
-1.70446992e-06 1.58252587e-05 0.0
-3.57095701e-06 1.37675115e-05 0.0
-4.71559952e-06 1.13902352e-05 0.0
-5.10146674e-06 8.84784185e-06 0.0
-4.66857182e-06 6.36970117e-06 0.0
-3.4123932e-06 4.22017911e-06 0.0
-1.49841355e-06 2.62518915e-06 0.0
9.53849963e-07 1.6118405e-06 0.0
3.79807375e-06 1.18272828e-06 0.0
6.75990896e-06 9.16983117e-06 0.0
0.000102123406 2.18784644e-05 0.0
0.000110887842 2.24988926e-05 0.0
0.000115833929 2.42572478e-05 0.0
0.000117391617 2.63117672e-05 0.0
0.000118401134 2.87171097e-05 0.0
0.000118642442 3.13214623e-05 0.0
0.000118014723 3.3831875e-05 0.0
0.000116645264 3.59375626e-05 0.0
0.000114772716 3.74803312e-05 0.0
0.000112632413 3.85093008e-05 0.0
0.000110301095 3.90131499e-05 0.0
0.000104391787 3.86162028e-05 0.0
0.000101219914 3.75517702e-05 0.0
9.84714789e-05 3.59883379e-05 0.0
9.6390504e-05 3.41600389e-05 0.0
9.50841059e-05 3.21069638e-05 0.0
9.43446066e-05 2.99486674e-05 0.0
9.41890903e-05 2.77164818e-05 0.0
9.45884167e-05 2.55044179e-05 0.0
9.59741446e-05 2.34331201e-05 0.0
0.000131031789 2.24988926e-05 0.0
0.00012226736 2.18784644e-05 0.0
0.000121244811 2.05506385e-05 0.0
0.000124050537 2.00804407e-05 0.0
0.00012684807 2.0167543e-05 0.0
0.000129478765 2.07535741e-05 0.0
0.000131853987 2.16036588e-05 0.0
0.000108193664 1.31873985e-05 0.0
0.000111148547 1.45501772e-05 0.0
0.000113798269 1.63456189e-05 0.0
0.0001155012 1.81694631e-05 0.0
0.000116471259 1.96229466e-05 0.0
0.000116896517 2.10072139e-05 0.0
0.000116976262 2.26778866e-05 0.0
0.000116594958 2.45923111e-05 0.0
0.000115319752 2.66002007e-05 0.0
0.000113176568 2.85382775e-05 0.0
0.00011049975 2.99157164e-05 0.0
0.00010765242 3.05439607e-05 0.0
0.00010197144 3.01879991e-05 0.0
9.95754017e-05 2.9377894e-05 0.0
9.74504946e-05 2.83805584e-05 0.0
9.55695432e-05 2.688737e-05 0.0
9.40672762e-05 2.50083831e-05 0.0
9.30291571e-05 2.28368644e-05 0.0
9.27707515e-05 2.04675816e-05 0.0
9.3411647e-05 1.81806445e-05 0.0
9.48385714e-05 1.612306e-05 0.0
9.68872555e-05 1.44355408e-05 0.0
9.93625144e-05 1.3245528e-05 0.0
0.000102166559 1.25924944e-05 0.0
0.000105324587 2.19859812e-05 0.0
0.000116540141 3.10378928e-05 0.0
0.000118483586 3.16741425e-05 0.0
0.000120072058 3.26121299e-05 0.0
0.000121107762 3.37222482e-05 0.0
0.000121580735 3.48919275e-05 0.0
0.000121506673 3.60365157e-05 0.0
0.000120978322 3.70459129e-05 0.0
0.000120098332 3.78294862e-05 0.0
0.000118956821 3.83462648e-05 0.0
0.000117714029 3.85010171e-05 0.0
0.000114506147 3.8577964e-05 0.0
0.000112704736 3.82880644e-05 0.0
0.000111076457 3.76471617e-05 0.0
0.000109744615 3.6743495e-05 0.0
0.000108872257 3.54549811e-05 0.0
0.000108664557 3.39619764e-05 0.0
0.000109182598 3.25195506e-05 0.0
0.000110235284 3.14519275e-05 0.0
0.000111450769 3.09112766e-05 0.0
0.000112812515 3.07371265e-05 0.0
0.00011548723 3.50706978e-05 0.0
3.81014979e-05 9.85479801e-06 0.0
3.93724331e-05 9.94086076e-06 0.0
4.06119325e-05 1.01450705e-05 0.0
4.19859971e-05 1.08880813e-05 0.0
4.31170592e-05 1.22333358e-05 0.0
4.34327012e-05 1.35190394e-05 0.0
4.28616004e-05 1.43532361e-05 0.0
4.17828633e-05 1.49759735e-05 0.0
4.04704551e-05 1.52878492e-05 0.0
3.89977031e-05 1.54324098e-05 0.0
3.73615949e-05 1.53991969e-05 0.0
3.43268621e-05 1.4619769e-05 0.0
3.32985801e-05 1.42855915e-05 0.0
3.25143446e-05 1.3979582e-05 0.0
3.17256709e-05 1.34159782e-05 0.0
3.11036711e-05 1.27037447e-05 0.0
3.07632217e-05 1.19269907e-05 0.0
3.09040515e-05 1.11263053e-05 0.0
3.14673853e-05 1.03969805e-05 0.0
3.24203938e-05 9.86329815e-06 0.0
3.36537123e-05 9.50018148e-06 0.0
3.50996743e-05 9.40528844e-06 0.0
3.62469727e-05 1.2523431e-05 0.0
3.29312606e-05 1.27191797e-05 0.0
2.75636467e-05 1.20779723e-05 0.0
2.41676371e-05 1.14223176e-05 0.0
2.27731798e-05 1.05511526e-05 0.0
2.17609268e-05 9.32232069e-06 0.0
2.12006616e-05 7.79378024e-06 0.0
2.13675066e-05 6.1039832e-06 0.0
2.25770418e-05 4.29991633e-06 0.0
2.43449213e-05 2.93051176e-06 0.0
2.63185957e-05 2.17345769e-06 0.0
2.8225697e-05 1.89331047e-06 0.0
3.18612765e-05 2.13420049e-06 0.0
3.36782505e-05 2.57882516e-06 0.0
3.54440781e-05 3.48415006e-06 0.0
3.6970705e-05 4.78926358e-06 0.0
3.81605969e-05 6.46023e-06 0.0
3.86484971e-05 8.17651653e-06 0.0
3.85269195e-05 9.73362694e-06 0.0
3.78430268e-05 1.10961719e-05 0.0
3.66815148e-05 1.22085612e-05 0.0
7.41969734e-06 1.20779723e-05 0.0
1.27873127e-05 1.27191797e-05 0.0
1.3116015e-05 1.34332322e-05 0.0
1.11124691e-05 1.33319327e-05 0.0
9.12228279e-06 1.29160726e-05 0.0
7.25545578e-06 1.23325035e-05 0.0
6.89389854e-05 6.83705321e-06 0.0
7.05123093e-05 7.29915701e-06 0.0
7.21218239e-05 7.97533721e-06 0.0
7.36311922e-05 8.99720271e-06 0.0
7.47827798e-05 1.02375707e-05 0.0
7.54044377e-05 1.16648616e-05 0.0
7.54458451e-05 1.32383966e-05 0.0
7.48622042e-05 1.47757055e-05 0.0
7.3793417e-05 1.60810596e-05 0.0
7.23922712e-05 1.70211824e-05 0.0
7.06037536e-05 1.75750174e-05 0.0
6.6170971e-05 1.76584108e-05 0.0
6.40026192e-05 1.70006824e-05 0.0
6.20581413e-05 1.58873354e-05 0.0
6.05182468e-05 1.43408934e-05 0.0
5.94955418e-05 1.25600845e-05 0.0
5.91191383e-05 1.07906335e-05 0.0
5.94460325e-05 9.23873995e-06 0.0
6.0374532e-05 7.99866302e-06 0.0
6.17735059e-05 7.01693898e-06 0.0
6.3576721e-05 6.36762024e-06 0.0
6.54501928e-05 6.12274516e-06 0.0
6.77471253e-05 1.13410242e-05 0.0
3.2578122e-05 1.9964998e-06 0.0
3.3561344e-05 2.28183535e-06 0.0
3.43269276e-05 2.51308256e-06 0.0
3.50607079e-05 3.01898422e-06 0.0
3.56447745e-05 3.72117916e-06 0.0
3.59730802e-05 4.52092445e-06 0.0
3.5936333e-05 5.35175514e-06 0.0
3.54163349e-05 6.10358711e-06 0.0
3.44478685e-05 6.78844708e-06 0.0
3.31959891e-05 7.26932694e-06 0.0
3.1859312e-05 7.47549529e-06 0.0
2.88214178e-05 7.33518982e-06 0.0
2.72706075e-05 6.92181311e-06 0.0
2.57632964e-05 6.13506336e-06 0.0
2.45045558e-05 5.29450654e-06 0.0
2.37884615e-05 4.51384585e-06 0.0
2.36158285e-05 3.73918942e-06 0.0
2.39448364e-05 2.90028265e-06 0.0
2.47527023e-05 2.04482353e-06 0.0
2.60233555e-05 1.39958456e-06 0.0
2.76639366e-05 1.06844072e-06 0.0
2.94488254e-05 1.15568764e-06 0.0
3.05129652e-05 4.13081216e-06 0.0
6.09829694e-05 1.28659194e-05 0.0
6.26334877e-05 1.35346527e-05 0.0
6.39926366e-05 1.43556808e-05 0.0
6.48799032e-05 1.5127287e-05 0.0
6.52665694e-05 1.58857183e-05 0.0
6.52475501e-05 1.66176997e-05 0.0
6.48385248e-05 1.72517521e-05 0.0
6.42354134e-05 1.76816811e-05 0.0
6.35985416e-05 1.79108702e-05 0.0
6.29386632e-05 1.7935854e-05 0.0
5.93157492e-05 1.87026144e-05 0.0
5.71427408e-05 1.84212313e-05 0.0
5.51434568e-05 1.76869962e-05 0.0
5.34733008e-05 1.63446821e-05 0.0
5.24501884e-05 1.47659503e-05 0.0
5.25973992e-05 1.36522367e-05 0.0
5.33920793e-05 1.30748813e-05 0.0
5.43331153e-05 1.27864769e-05 0.0
5.5591081e-05 1.26786499e-05 0.0
5.72492136e-05 1.25292245e-05 0.0
6.0055263e-05 1.5490099e-05 0.0
6.58715144e-05 1.30514827e-05 0.0
6.87796855e-05 1.44895257e-05 0.0
7.06435385e-05 1.61798816e-05 0.0
7.15310089e-05 1.69828345e-05 0.0
7.21410324e-05 1.80086863e-05 0.0
7.2564304e-05 1.9334786e-05 0.0
7.26548969e-05 2.06396835e-05 0.0
7.23993944e-05 2.1824897e-05 0.0
7.17903167e-05 2.31408867e-05 0.0
6.96004936e-05 2.4829129e-05 0.0
6.67152053e-05 2.59026292e-05 0.0
6.08129812e-05 2.57835691e-05 0.0
5.79884836e-05 2.45059728e-05 0.0
5.54429716e-05 2.24904852e-05 0.0
5.36744374e-05 2.00129471e-05 0.0
5.34452556e-05 1.86785128e-05 0.0
5.35591826e-05 1.75588993e-05 0.0
5.40022047e-05 1.62149645e-05 0.0
5.48497665e-05 1.49131165e-05 0.0
5.6095796e-05 1.37171101e-05 0.0
5.77920582e-05 1.27939884e-05 0.0
6.00350759e-05 1.23407071e-05 0.0
6.35024262e-05 1.83906814e-05 0.0
6.69027577e-05 1.23568816e-05 0.0
6.85183331e-05 1.23894088e-05 0.0
6.99992379e-05 1.27276089e-05 0.0
7.12083784e-05 1.32977384e-05 0.0
7.20729295e-05 1.41353776e-05 0.0
7.25164937e-05 1.51576542e-05 0.0
7.24764395e-05 1.62300621e-05 0.0
7.18431402e-05 1.71447864e-05 0.0
7.08618536e-05 1.76635331e-05 0.0
6.96883071e-05 1.78020691e-05 0.0
6.84989718e-05 1.76509166e-05 0.0
6.63413448e-05 1.66354403e-05 0.0
6.535594e-05 1.62217657e-05 0.0
6.44191241e-05 1.60031286e-05 0.0
6.3577274e-05 1.55219714e-05 0.0
6.29489514e-05 1.48415684e-05 0.0
6.25940229e-05 1.41296196e-05 0.0
6.25938628e-05 1.35603595e-05 0.0
6.28628259e-05 1.31708321e-05 0.0
6.32663141e-05 1.30107392e-05 0.0
6.36196419e-05 1.30347871e-05 0.0
6.40264843e-05 1.31292045e-05 0.0
6.64695108e-05 1.48086929e-05 0.0
4.37878552e-05 1.28631127e-05 0.0
4.66727579e-05 1.41213804e-05 0.0
4.92952495e-05 1.60368363e-05 0.0
5.14275162e-05 1.86266698e-05 0.0
5.19940004e-05 2.03492145e-05 0.0
5.19278619e-05 2.15447617e-05 0.0
5.16006803e-05 2.28892459e-05 0.0
5.09875972e-05 2.42019141e-05 0.0
5.00134665e-05 2.53223479e-05 0.0
4.86052013e-05 2.61987334e-05 0.0
4.66805614e-05 2.69217908e-05 0.0
4.4163422e-05 2.74006252e-05 0.0
3.8894781e-05 2.72149937e-05 0.0
3.68079127e-05 2.68461117e-05 0.0
3.48561807e-05 2.60868801e-05 0.0
3.31189549e-05 2.49525801e-05 0.0
3.16044498e-05 2.35654443e-05 0.0
3.05539434e-05 2.19222165e-05 0.0
3.00271586e-05 2.01163948e-05 0.0
2.99914354e-05 1.82073964e-05 0.0
3.09908392e-05 1.61545267e-05 0.0
3.29457289e-05 1.43232446e-05 0.0
3.53577343e-05 1.30901035e-05 0.0
3.802848e-05 1.24104781e-05 0.0
4.15047907e-05 2.15226737e-05 0.0
0.000140235861 2.80978511e-05 0.0
0.000136490853 2.587368e-05 0.0
8.37492553e-05 1.68486713e-05 0.0
8.01742863e-05 1.53465553e-05 0.0
7.58077513e-05 1.50257019e-05 0.0
7.16924696e-05 1.527926e-05 0.0
6.87910724e-05 1.52435068e-05 0.0
6.61898739e-05 1.51069944e-05 0.0
6.28209673e-05 1.482883e-05 0.0
5.76512903e-05 1.49873695e-05 0.0
5.01163195e-05 1.48197551e-05 0.0
4.17534284e-05 1.39849089e-05 0.0
2.45642714e-05 8.39348104e-06 0.0
2.03268282e-05 6.97096721e-06 0.0
1.40758848e-05 4.81517191e-06 0.0
6.82124164e-06 2.50289349e-06 0.0
-2.61946866e-06 4.83338044e-06 0.0
-8.50949073e-06 -2.69755037e-06 0.0
-1.19909901e-05 -1.38669623e-06 0.0
-1.84580622e-05 -3.72153067e-06 0.0
-1.88083122e-05 2.95756195e-06 0.0
-1.839777e-05 6.77804564e-06 0.0
-1.83370048e-05 7.65072673e-06 0.0
-1.84583932e-05 6.86276053e-06 0.0
-1.83550364e-05 5.4229713e-06 0.0
-1.72596338e-05 4.71702242e-06 0.0
-1.61592397e-05 6.19383673e-06 0.0
-1.50322057e-05 9.45982629e-06 0.0
-1.37190036e-05 1.21892554e-05 0.0
-1.23827976e-05 1.24068238e-05 0.0
-1.14976565e-05 9.77427408e-06 0.0
-1.23087257e-05 6.57481769e-06 0.0
-1.38908363e-05 2.54585166e-06 0.0
-1.5788426e-05 -6.44760007e-07 0.0
-1.77040874e-05 -1.92136713e-06 0.0
-1.33227086e-05 2.50289349e-06 0.0
-6.06806543e-06 4.81517191e-06 0.0
1.82877443e-07 6.97096721e-06 0.0
4.42032115e-06 8.39348104e-06 0.0
2.16094777e-05 1.39849089e-05 0.0
2.99723688e-05 1.48197551e-05 0.0
3.75073396e-05 1.49873695e-05 0.0
4.26770202e-05 1.482883e-05 0.0
4.60459232e-05 1.51069944e-05 0.0
4.86471181e-05 1.52435068e-05 0.0
5.15485226e-05 1.527926e-05 0.0
5.56638042e-05 1.50257019e-05 0.0
6.00303356e-05 1.53465553e-05 0.0
6.36053082e-05 1.68486713e-05 0.0
0.000116346899 2.587368e-05 0.0
0.000120091907 2.80978511e-05 0.0
0.000127866108 2.81374323e-05 0.0
0.00012978178 2.94140409e-05 0.0
0.000131679364 3.26046502e-05 0.0
0.000133261477 3.66336171e-05 0.0
0.000134072543 3.9833074e-05 0.0
0.000133187408 4.24656246e-05 0.0
0.000131851193 4.22480553e-05 0.0
0.000130537999 3.95186253e-05 0.0
0.000129410953 3.62526371e-05 0.0
0.000128310567 3.47758214e-05 0.0
0.000127215171 3.54817712e-05 0.0
0.000127111809 3.69215595e-05 0.0
0.000127233201 3.77095275e-05 0.0
0.000127172432 3.68368455e-05 0.0
0.000126761894 3.30163602e-05 0.0
0.000127112144 2.63372694e-05 0.0
0.000133579204 2.86721042e-05 0.0
0.000137060706 2.73612495e-05 0.0
0.000142950725 3.48921785e-05 0.0
8.53227029e-05 2.69236643e-05 0.0
7.65491641e-05 3.1247062e-05 0.0
7.45019715e-05 2.86347477e-05 0.0
8.72792371e-05 2.97232273e-05 0.0
8.19861525e-05 2.47384814e-05 0.0
7.97731918e-05 3.3462482e-05 0.0
8.59486827e-05 2.46776417e-05 0.0
7.61759147e-05 3.32206509e-05 0.0
7.3684103e-05 3.08419076e-05 0.0
8.8503155e-05 2.71367389e-05 0.0
8.8803783e-05 3.18076454e-05 0.0
7.28883824e-05 2.67813175e-05 0.0
8.21302965e-05 3.51675844e-05 0.0
7.94745793e-05 2.30376354e-05 0.0
8.98692524e-05 2.87700823e-05 0.0
7.41247859e-05 3.23884087e-05 0.0
8.7853623e-05 2.55923042e-05 0.0
7.7994875e-05 3.4698267e-05 0.0
7.23974736e-05 2.93277117e-05 0.0
8.40707798e-05 2.31505128e-05 0.0
7.47355152e-05 2.41972994e-05 0.0
8.63915557e-05 3.45677545e-05 0.0
8.77268685e-05 3.35382465e-05 0.0
7.35620852e-05 2.52720474e-05 0.0
7.22011246e-05 2.80246095e-05 0.0
8.99507431e-05 3.02847438e-05 0.0
7.66622616e-05 2.34149356e-05 0.0
8.46217299e-05 3.50795053e-05 0.0
7.99066984e-05 3.53164542e-05 0.0
8.19903289e-05 2.26008178e-05 0.0
8.41479123e-05 2.91328615e-05 0.0
7.74650762e-05 2.92684508e-05 0.0
8.18637782e-05 2.70744877e-05 0.0
7.9763362e-05 3.13198398e-05 0.0
9.48383531e-05 1.55587659e-05 0.0
9.98743417e-05 1.58861585e-05 0.0
9.7962562e-05 1.38891446e-05 0.0
9.13202311e-05 1.68765819e-05 0.0
0.000102549588 1.72047821e-05 0.0
9.14966586e-05 1.50743199e-05 0.0
9.35002899e-05 1.39321101e-05 0.0
0.000100354504 1.39487338e-05 0.0
9.72563721e-05 1.68634269e-05 0.0
0.000102064681 1.5173493e-05 0.0
9.380548e-05 1.7099439e-05 0.0
0.000100145255 1.73245717e-05 0.0
9.58295204e-05 1.29631107e-05 0.0
9.75117146e-05 1.5264859e-05 0.0
9.78297976e-05 1.27364638e-05 0.0
9.02178726e-05 1.76910344e-05 0.0
9.17625002e-05 1.77414731e-05 0.0
0.000103510181 1.63110981e-05 0.0
9.59250028e-05 1.43162406e-05 0.0
9.16182544e-05 1.3880297e-05 0.0
9.02606844e-05 1.60036616e-05 0.0
0.000103893741 1.81585874e-05 0.0
0.000102108395 1.42293256e-05 0.0
0.000101779726 1.81699852e-05 0.0
9.93109716e-05 1.29962182e-05 0.0
9.26843568e-05 1.60575273e-05 0.0
9.94820657e-05 1.48253348e-05 0.0
8.9847621e-05 1.69630257e-05 0.0
0.000104220904 1.72794971e-05 0.0
0.000101751109 1.61787066e-05 0.0
9.39959064e-05 1.27391568e-05 0.0
9.8494289e-05 1.79988583e-05 0.0
7.43185374e-05 2.02707306e-05 0.0
7.83044234e-05 2.09274422e-05 0.0
8.2002829e-05 2.04882799e-05 0.0
7.11111861e-05 1.90634109e-05 0.0
7.23234843e-05 1.97931913e-05 0.0
8.04929077e-05 2.1136244e-05 0.0
7.63234784e-05 2.1043119e-05 0.0
0.000133490001 3.35999648e-05 0.0
0.000133710826 2.78984171e-05 0.0
0.000128210188 2.99525309e-05 0.0
0.000136257979 2.41735052e-05 0.0
0.000136857139 3.74762458e-05 0.0
0.000132218396 3.66752465e-05 0.0
0.000127872248 3.29051327e-05 0.0
0.00013125487 2.33435439e-05 0.0
0.000128183703 2.67635132e-05 0.0
0.000137458061 2.78258976e-05 0.0
0.000134404836 3.04823789e-05 0.0
0.000137510797 3.46903107e-05 0.0
0.000129065404 3.55245611e-05 0.0
0.000138665084 2.24894175e-05 0.0
0.000130945336 3.17369959e-05 0.0
0.000126104365 2.81200755e-05 0.0
0.000133879905 2.23622101e-05 0.0
0.000125998427 3.11347576e-05 0.0
0.000134363581 3.85338317e-05 0.0
0.000128999658 2.43102058e-05 0.0
0.000139252676 2.50134253e-05 0.0
0.000139225667 3.89760644e-05 0.0
0.000139636701 3.65489432e-05 0.0
0.000131056513 2.88195351e-05 0.0
0.000134866961 3.57696408e-05 0.0
0.000137937299 3.20136096e-05 0.0
0.00013388267 2.55411105e-05 0.0
0.000136843635 3.9371509e-05 0.0
0.000125416904 2.95885966e-05 0.0
0.0001307028 3.40944061e-05 0.0
0.000136098577 2.16098342e-05 0.0
0.000131093111 2.604988e-05 0.0
6.80156973e-07 3.15872171e-06 0.0
1.50536482e-06 1.67137046e-07 0.0
1.49931282e-07 -3.43512943e-06 0.0
-7.70165173e-07 7.28821624e-06 0.0
3.23686413e-06 1.89338596e-06 0.0
-1.33022309e-06 -5.35581557e-06 0.0
2.21680557e-06 -1.96264364e-06 0.0
-9.09116011e-07 -1.53046517e-06 0.0
1.44411604e-06 5.43578244e-06 0.0
0.000123666585 2.16665212e-05 0.0
0.000125011939 2.35921507e-05 0.0
0.00012073337 2.23121478e-05 0.0
0.000120343444 2.11400456e-05 0.0
0.000125026141 2.04863009e-05 0.0
0.000122610058 2.42942497e-05 0.0
0.000122059835 2.03320687e-05 0.0
0.000126588595 2.48780143e-05 0.0
0.000125404782 2.56126077e-05 0.0
0.000125776161 2.26849716e-05 0.0
0.000123149424 2.24507457e-05 0.0
0.000120328055 2.31928534e-05 0.0
0.000119128403 2.18852183e-05 0.0
0.000125971783 2.14388619e-05 0.0
0.000120367687 2.02952797e-05 0.0
0.000123262813 1.98216403e-05 0.0
0.000127367442 2.38853499e-05 0.0
0.000122627636 2.32573384e-05 0.0
0.000126649247 2.04136595e-05 0.0
0.000121534373 2.17383131e-05 0.0
0.000121794852 2.09807713e-05 0.0
0.000119013079 2.1297732e-05 0.0
0.00012370279 2.54116494e-05 0.0
0.000120944154 2.42334045e-05 0.0
0.000119031196 2.23967163e-05 0.0
0.00012700104 2.60526886e-05 0.0
0.000125343227 1.98852485e-05 0.0
0.000119245909 2.07959638e-05 0.0
0.000123581514 2.07342218e-05 0.0
0.00012218584 2.50802441e-05 0.0
0.000121452271 1.97720456e-05 0.0
0.000128175045 2.58572127e-05 0.0
0.000120197838 2.16950393e-05 0.0
0.000124335769 2.44744679e-05 0.0
-1.52937009e-05 -6.01066677e-06 0.0
-1.56665483e-05 -7.78650156e-06 0.0
-1.51923186e-05 -5.34677974e-06 0.0
-1.58192433e-05 -8.38063715e-06 0.0
1.24812614e-05 8.61258832e-06 0.0
3.25470774e-06 1.28277534e-05 0.0
-2.62205617e-07 9.98901942e-06 0.0
1.08928143e-05 5.31391879e-06 0.0
7.34876176e-06 3.59919591e-06 0.0
-5.401468e-07 6.61095464e-06 0.0
1.42424306e-05 1.17016089e-05 0.0
6.0149996e-06 1.58558505e-05 0.0
1.42526369e-05 6.85660825e-06 0.0
-2.05260591e-07 1.33490921e-05 0.0
7.66347421e-06 6.22208245e-06 0.0
1.03577713e-05 1.61282096e-05 0.0
3.47703804e-06 3.2144319e-06 0.0
3.13055693e-06 1.63048371e-05 0.0
1.4690062e-05 1.40695702e-05 0.0
1.6166121e-05 1.02620252e-05 0.0
1.01476971e-05 3.4780403e-06 0.0
-2.64158598e-06 8.16884221e-06 0.0
-6.50027687e-07 4.56274392e-06 0.0
1.3334934e-05 5.00546594e-06 0.0
-2.32276534e-06 1.16916326e-05 0.0
2.70660212e-06 8.16141164e-06 0.0
1.19543474e-05 4.03104468e-06 0.0
7.89789851e-07 1.53655928e-05 0.0
1.60353538e-05 8.38736196e-06 0.0
-2.94233951e-06 9.99652639e-06 0.0
1.27795574e-05 1.55800644e-05 0.0
1.22186225e-06 3.48468689e-06 0.0
8.32460682e-06 1.75349342e-05 0.0
5.36117705e-06 2.3564512e-06 0.0
0.000106616753 3.12640805e-05 0.0
0.000111402042 2.77229556e-05 0.0
0.000101400961 2.73348014e-05 0.0
0.000112358357 3.24922876e-05 0.0
0.000100493911 3.16725636e-05 0.0
0.000107897147 3.54152544e-05 0.0
0.000106558065 2.67994037e-05 0.0
0.00010358794 3.4527231e-05 0.0
0.000114850314 3.0096091e-05 0.0
9.78732278e-05 2.94522197e-05 0.0
0.000111553112 3.56766686e-05 0.0
0.000112614747 2.48388387e-05 0.0
0.000100005811 2.44241219e-05 0.0
0.000109149099 2.49009663e-05 0.0
0.000103940765 2.47042444e-05 0.0
9.96500166e-05 3.39850121e-05 0.0
0.000109674722 3.02039116e-05 0.0
0.000114488234 2.72788639e-05 0.0
0.000109138644 3.30618495e-05 0.0
0.000106004314 3.68398796e-05 0.0
9.81450721e-05 2.68152089e-05 0.0
0.000103436185 2.98328578e-05 0.0
0.00010418825 3.21030166e-05 0.0
0.000115407071 3.39636936e-05 0.0
9.70574765e-05 3.12156008e-05 0.0
0.000110009139 3.71130227e-05 0.0
0.000116021161 3.20735562e-05 0.0
0.00011403118 3.54522381e-05 0.0
0.000101279147 3.5733472e-05 0.0
0.000103441023 3.67170687e-05 0.0
0.00010875117 2.79332999e-05 0.0
0.000104286468 2.77467279e-05 0.0
0.000112245252 2.97439765e-05 0.0
0.000106598993 2.46525797e-05 0.0
0.000106634463 3.32060263e-05 0.0
0.000100582467 2.90925109e-05 0.0
0.000108202286 3.76528333e-05 0.0
0.000116143434 2.85936585e-05 0.0
9.64060018e-05 2.78254884e-05 0.0
0.000106568419 2.89699819e-05 0.0
9.76645897e-05 3.28340211e-05 0.0
0.000128966552 2.14446154e-05 0.0
0.000124590209 2.10092221e-05 0.0
0.000130337678 2.15724249e-05 0.0
0.000123046557 2.08830661e-05 0.0
9.86464293e-05 2.1640999e-05 0.0
0.000101512422 2.60968827e-05 0.0
0.000109050561 1.81846117e-05 0.0
0.000112197784 2.20847087e-05 0.0
0.000113049056 1.96055826e-05 0.0
0.000112693742 2.46918007e-05 0.0
0.000104003382 2.81675002e-05 0.0
9.78855387e-05 2.48258348e-05 0.0
9.76748488e-05 1.85048193e-05 0.0
0.00010626825 1.56954284e-05 0.0
9.50559188e-05 2.1694992e-05 0.0
0.000111238238 1.65045021e-05 0.0
0.000115293398 2.18969399e-05 0.0
9.95467926e-05 2.78931147e-05 0.0
9.99175245e-05 1.59305764e-05 0.0
0.000102779093 1.49630932e-05 0.0
0.000110193716 2.72788548e-05 0.0
0.000107323503 2.85563601e-05 0.0
0.000115104689 2.05060314e-05 0.0
0.000115024144 2.33525334e-05 0.0
9.52276387e-05 1.98164253e-05 0.0
9.54826028e-05 2.36414216e-05 0.0
0.000109003289 1.53281599e-05 0.0
0.000113179041 1.79269009e-05 0.0
0.000101439036 2.86282539e-05 0.0
9.78194366e-05 2.67600335e-05 0.0
9.733974e-05 1.62509205e-05 0.0
0.000112835609 2.67488958e-05 0.0
0.000108683002 2.09456484e-05 0.0
0.000102199374 2.32567581e-05 0.0
0.000115519098 3.29211398e-05 0.0
0.000115418217 3.70665621e-05 0.0
0.000112711881 3.2501106e-05 0.0
0.000117990625 3.72210816e-05 0.0
0.000118016811 3.31566953e-05 0.0
0.000113018206 3.70409653e-05 0.0
0.00011659936 3.78820041e-05 0.0
0.000114173825 3.17828199e-05 0.0
0.000119626646 3.45681474e-05 0.0
0.00011122971 3.57394456e-05 0.0
0.000119504955 3.69836271e-05 0.0
0.000111033994 3.26984664e-05 0.0
0.000114051254 3.5978479e-05 0.0
0.000116928204 3.41985615e-05 0.0
0.000116978248 3.21244333e-05 0.0
0.000114058079 3.78166733e-05 0.0
0.000115531657 3.16376972e-05 0.0
0.000115387797 3.80791462e-05 0.0
0.000112780275 3.1464122e-05 0.0
0.00011781801 3.80150013e-05 0.0
0.000110307017 3.37033089e-05 0.0
0.000110162116 3.47430687e-05 0.0
0.0001201954 3.62219762e-05 0.0
0.000120422468 3.54280965e-05 0.0
0.00011971128 3.35178629e-05 0.0
0.000111274938 3.68121473e-05 0.0
0.000114392664 3.37545171e-05 0.0
0.000116516079 3.62765131e-05 0.0
3.84745326e-05 1.38219439e-05 0.0
3.60638405e-05 1.08314707e-05 0.0
3.37757338e-05 1.10307037e-05 0.0
3.66276035e-05 1.4360191e-05 0.0
3.25653236e-05 1.19820743e-05 0.0
3.45444678e-05 1.41084729e-05 0.0
4.05510036e-05 1.33176536e-05 0.0
3.7954549e-05 1.05148965e-05 0.0
3.49025286e-05 1.02078748e-05 0.0
3.88124281e-05 1.46894672e-05 0.0
3.443069e-05 1.20481418e-05 0.0
4.07043153e-05 1.1867689e-05 0.0
3.25006695e-05 1.29877399e-05 0.0
4.09838212e-05 1.42491672e-05 0.0
3.71660462e-05 1.0106668e-05 0.0
3.92874026e-05 1.04581259e-05 0.0
3.22665001e-05 1.1046026e-05 0.0
3.54491567e-05 1.45834856e-05 0.0
3.34485267e-05 1.39668464e-05 0.0
3.76490425e-05 1.49324378e-05 0.0
3.34935175e-05 1.02318309e-05 0.0
3.27003982e-05 1.05241861e-05 0.0
4.02498081e-05 1.47069222e-05 0.0
3.65399756e-05 1.48657518e-05 0.0
3.59394071e-05 9.93452522e-06 0.0
3.5585188e-05 1.35513064e-05 0.0
4.02267979e-05 1.09951643e-05 0.0
3.2803473e-05 1.35216969e-05 0.0
4.19339194e-05 1.27381463e-05 0.0
3.17326594e-05 1.24184417e-05 0.0
3.85395942e-05 1.28662905e-05 0.0
3.10419528e-05 5.3890717e-06 0.0
2.64235314e-05 1.0854541e-05 0.0
3.44687069e-05 6.61785134e-06 0.0
2.83667505e-05 4.39295081e-06 0.0
2.4727422e-05 9.36996548e-06 0.0
3.59527585e-05 8.61799072e-06 0.0
2.95955815e-05 9.73805709e-06 0.0
3.34772958e-05 4.41976408e-06 0.0
3.06608999e-05 3.47036234e-06 0.0
3.41601844e-05 1.14874556e-05 0.0
2.55579471e-05 4.81989673e-06 0.0
2.3923516e-05 7.41637132e-06 0.0
3.14331373e-05 1.12408843e-05 0.0
2.73193036e-05 9.77049058e-06 0.0
2.87161165e-05 1.10689361e-05 0.0
3.52351162e-05 5.00836995e-06 0.0
3.21340376e-05 3.55363204e-06 0.0
2.91132874e-05 2.8900281e-06 0.0
2.46623167e-05 1.05520403e-05 0.0
3.57593381e-05 1.02943386e-05 0.0
3.63174659e-05 6.06428921e-06 0.0
3.68359833e-05 7.36904985e-06 0.0
2.76646151e-05 2.94895221e-06 0.0
2.64131595e-05 3.47140099e-06 0.0
3.14363424e-05 7.08366042e-06 0.0
2.29877187e-05 8.51504956e-06 0.0
2.40756563e-05 5.93979848e-06 0.0
1.15207567e-05 1.28819502e-05 0.0
8.63832247e-06 1.24277394e-05 0.0
1.21993971e-05 1.30796325e-05 0.0
8.02874183e-06 1.23902992e-05 0.0
1.36344152e-05 1.30485423e-05 0.0
6.73552995e-06 1.2138029e-05 0.0
6.862585e-05 1.45283993e-05 0.0
6.79677541e-05 8.49193566e-06 0.0
6.45826076e-05 1.31585248e-05 0.0
7.07647559e-05 9.24973119e-06 0.0
6.53611205e-05 7.69681265e-06 0.0
7.13513728e-05 1.48608078e-05 0.0
6.59599973e-05 1.53956571e-05 0.0
6.21706713e-05 1.16006913e-05 0.0
7.27528823e-05 1.10770616e-05 0.0
6.93372713e-05 7.83882388e-06 0.0
6.92018511e-05 1.65619658e-05 0.0
6.32508672e-05 8.38052802e-06 0.0
6.2522784e-05 1.43723109e-05 0.0
6.66268097e-05 7.08588095e-06 0.0
7.30459797e-05 1.46335015e-05 0.0
7.09531669e-05 8.2085644e-06 0.0
7.21075776e-05 8.84251585e-06 0.0
7.29481471e-05 9.76521096e-06 0.0
6.80995654e-05 7.18358388e-06 0.0
6.7408102e-05 1.65926886e-05 0.0
7.0829301e-05 1.62844317e-05 0.0
6.62536913e-05 9.30450733e-06 0.0
6.14551536e-05 1.30617909e-05 0.0
6.39067803e-05 1.54835543e-05 0.0
6.10052703e-05 1.02890335e-05 0.0
7.39174648e-05 1.22583242e-05 0.0
7.37347727e-05 1.34959118e-05 0.0
6.16069665e-05 9.17984016e-06 0.0
6.94926057e-05 1.02981876e-05 0.0
6.35293836e-05 7.40025826e-06 0.0
2.95502286e-05 2.59581225e-06 0.0
2.99891781e-05 5.72871704e-06 0.0
3.24103894e-05 5.90745094e-06 0.0
3.20862891e-05 2.64989785e-06 0.0
3.39948056e-05 5.18804245e-06 0.0
2.70934288e-05 2.60513707e-06 0.0
2.76057744e-05 5.6923036e-06 0.0
3.03678789e-05 1.98664338e-06 0.0
3.09209609e-05 6.64550043e-06 0.0
3.36646335e-05 3.08293124e-06 0.0
2.57891006e-05 3.5518899e-06 0.0
2.76486153e-05 1.88421484e-06 0.0
2.86034065e-05 3.41357736e-06 0.0
2.57951851e-05 4.75523711e-06 0.0
2.84900652e-05 6.52246717e-06 0.0
3.49148795e-05 4.74214085e-06 0.0
3.39675207e-05 6.04418619e-06 0.0
3.18034399e-05 2.07266953e-06 0.0
3.27272282e-05 2.27435726e-06 0.0
3.34070137e-05 2.53547159e-06 0.0
3.23255335e-05 6.77426215e-06 0.0
3.22815613e-05 4.80615927e-06 0.0
2.89379859e-05 1.66495681e-06 0.0
2.97342613e-05 6.85186751e-06 0.0
3.32526106e-05 6.53737561e-06 0.0
3.48849717e-05 4.05735955e-06 0.0
3.46213019e-05 3.45677404e-06 0.0
2.54502556e-05 2.79629671e-06 0.0
3.09727657e-05 3.26312397e-06 0.0
2.59372591e-05 5.46067758e-06 0.0
2.49721743e-05 4.13544967e-06 0.0
5.83538349e-05 1.64574558e-05 0.0
5.99444393e-05 1.4090856e-05 0.0
6.25270841e-05 1.50964161e-05 0.0
6.13020238e-05 1.72676373e-05 0.0
5.75446829e-05 1.34298043e-05 0.0
5.58071551e-05 1.53927904e-05 0.0
6.3864718e-05 1.61375392e-05 0.0
5.88662697e-05 1.7563485e-05 0.0
6.12744261e-05 1.3837619e-05 0.0
6.31090734e-05 1.73732042e-05 0.0
5.43243805e-05 1.43755169e-05 0.0
5.5731336e-05 1.65189995e-05 0.0
5.58843385e-05 1.316829e-05 0.0
5.84782065e-05 1.31015531e-05 0.0
5.9992024e-05 1.32431005e-05 0.0
5.70231932e-05 1.73870576e-05 0.0
6.06430149e-05 1.79211347e-05 0.0
6.19159837e-05 1.78724749e-05 0.0
6.26830442e-05 1.77515631e-05 0.0
6.2818639e-05 1.43586685e-05 0.0
6.36920377e-05 1.49035486e-05 0.0
6.41081569e-05 1.5470283e-05 0.0
5.43966162e-05 1.366786e-05 0.0
5.49101314e-05 1.33393842e-05 0.0
6.42383529e-05 1.67480866e-05 0.0
6.39208301e-05 1.72396503e-05 0.0
5.78070067e-05 1.53307392e-05 0.0
5.85382732e-05 1.43096986e-05 0.0
5.83658148e-05 1.89489019e-05 0.0
6.88483851e-05 1.85719946e-05 0.0
5.90007621e-05 1.62674551e-05 0.0
6.91323512e-05 2.0708685e-05 0.0
5.90403724e-05 2.13635649e-05 0.0
6.90798624e-05 1.69062059e-05 0.0
5.62539826e-05 1.72171567e-05 0.0
6.03536209e-05 1.46094444e-05 0.0
6.66592096e-05 2.26570664e-05 0.0
7.08064472e-05 1.96096898e-05 0.0
5.52293131e-05 1.92147363e-05 0.0
6.67277927e-05 1.55604739e-05 0.0
5.66863309e-05 1.50164278e-05 0.0
7.06150822e-05 1.76483081e-05 0.0
6.02492146e-05 2.34532454e-05 0.0
7.12318579e-05 2.09074005e-05 0.0
7.08795997e-05 2.18296391e-05 0.0
6.95085764e-05 2.26695647e-05 0.0
7.12423353e-05 1.86405723e-05 0.0
5.48957869e-05 1.81199739e-05 0.0
5.621948e-05 2.0632544e-05 0.0
6.64602048e-05 1.74332017e-05 0.0
5.79654479e-05 1.42174958e-05 0.0
5.56900231e-05 1.60073123e-05 0.0
6.49053327e-05 2.42209444e-05 0.0
6.1860097e-05 1.37135639e-05 0.0
6.42063023e-05 1.41690962e-05 0.0
6.25706598e-05 2.41816942e-05 0.0
6.63462124e-05 1.97170666e-05 0.0
6.87995052e-05 1.58664407e-05 0.0
6.84425177e-05 1.41304081e-05 0.0
6.66078413e-05 1.60646869e-05 0.0
6.54338146e-05 1.34833426e-05 0.0
6.49918074e-05 1.55165799e-05 0.0
6.39491991e-05 1.45796903e-05 0.0
7.01165045e-05 1.47963892e-05 0.0
6.83565959e-05 1.68469542e-05 0.0
6.71500165e-05 1.32577798e-05 0.0
6.418462e-05 1.32957111e-05 0.0
6.59584985e-05 1.62734214e-05 0.0
6.97600553e-05 1.34408147e-05 0.0
6.49181093e-05 1.30463532e-05 0.0
6.96493153e-05 1.66806149e-05 0.0
6.76616255e-05 1.69919385e-05 0.0
7.1110524e-05 1.55172402e-05 0.0
6.33239397e-05 1.40098509e-05 0.0
6.39580321e-05 1.51884724e-05 0.0
6.50313741e-05 1.59743795e-05 0.0
6.67577333e-05 1.6718468e-05 0.0
6.44036118e-05 1.56512378e-05 0.0
7.05933926e-05 1.39855774e-05 0.0
6.86702624e-05 1.30359695e-05 0.0
6.60577643e-05 1.29212849e-05 0.0
6.42353407e-05 1.31025199e-05 0.0
7.07607178e-05 1.62576162e-05 0.0
6.33406235e-05 1.35765076e-05 0.0
6.35386677e-05 1.32765426e-05 0.0
6.51266091e-05 1.48373756e-05 0.0
6.76571071e-05 1.58952917e-05 0.0
6.95997878e-05 1.72313739e-05 0.0
6.68702341e-05 1.39133026e-05 0.0
4.17272677e-05 1.71678257e-05 0.0
4.7250669e-05 2.04282442e-05 0.0
3.60822414e-05 2.29680518e-05 0.0
4.10728426e-05 2.50565045e-05 0.0
4.92588224e-05 2.22273065e-05 0.0
4.59070689e-05 1.7518405e-05 0.0
3.73927251e-05 2.51262281e-05 0.0
4.44883954e-05 2.57083339e-05 0.0
3.80202328e-05 1.56826591e-05 0.0
3.34354736e-05 2.1042717e-05 0.0
4.21378827e-05 1.4348082e-05 0.0
3.37013189e-05 2.38255452e-05 0.0
5.00558635e-05 1.98023663e-05 0.0
4.04596358e-05 2.65352173e-05 0.0
3.33617827e-05 1.83829252e-05 0.0
3.49779366e-05 1.63705135e-05 0.0
4.86548306e-05 2.4087698e-05 0.0
4.73171822e-05 2.5250074e-05 0.0
5.05087082e-05 2.10358849e-05 0.0
4.87334801e-05 1.81597916e-05 0.0
3.84098894e-05 2.62856083e-05 0.0
4.26288971e-05 2.65603339e-05 0.0
4.45654805e-05 1.51166623e-05 0.0
3.98055017e-05 1.41157179e-05 0.0
3.2683929e-05 2.25602053e-05 0.0
3.50627233e-05 2.49214791e-05 0.0
5.01285685e-05 2.33414739e-05 0.0
3.16924998e-05 1.94850873e-05 0.0
4.34521862e-05 2.0044954e-05 0.0
3.9835104e-05 2.31858194e-05 0.0
9.20554594e-05 2.02435131e-05 0.0
1.02748481e-05 9.34721811e-06 0.0
0.000103855971 2.63301736e-05 0.0
2.89330455e-06 5.90261152e-06 0.0
8.56896804e-05 1.45082731e-05 0.0
8.16162428e-05 2.00299419e-05 0.0
0.000102989798 2.00356535e-05 0.0
6.61285139e-06 2.42156852e-06 0.0
6.98283329e-05 1.72650361e-05 0.0
2.34320905e-05 1.57691957e-05 0.0
6.05531968e-05 2.63970851e-05 0.0
8.48050913e-05 1.85605895e-05 0.0
2.72976013e-05 1.16021165e-05 0.0
4.57969254e-05 9.20484399e-06 0.0
4.01754187e-05 1.42974122e-05 0.0
-1.16485262e-06 8.69032647e-06 0.0
9.17797661e-05 2.74558424e-05 0.0
1.41317869e-05 3.54143083e-07 0.0
5.57314452e-05 9.81291669e-06 0.0
0.000120562465 2.4723804e-05 0.0
4.93317712e-05 1.35905611e-05 0.0
7.83609794e-05 1.72363689e-05 0.0
9.60277102e-05 1.74547513e-05 0.0
1.19044544e-05 1.41540168e-05 0.0
8.19523848e-05 2.57668271e-05 0.0
1.79273338e-05 8.20153855e-06 0.0
-3.43166175e-06 7.25128712e-06 0.0
9.87201784e-05 3.40256192e-05 0.0
0.00011110583 2.4632951e-05 0.0
-7.31199498e-06 1.49935045e-06 0.0
5.10576428e-05 9.16624049e-06 0.0
4.23514393e-05 5.53307518e-06 0.0
0.000114397058 2.61507721e-05 0.0
1.18253038e-05 6.43639032e-06 0.0
7.66518424e-05 2.17756551e-05 0.0
5.25619071e-05 1.34537295e-05 0.0
5.04876261e-05 7.35151889e-06 0.0
0.000108660599 2.1208687e-05 0.0
8.45795366e-05 2.58844557e-05 0.0
8.54752652e-05 1.22851879e-05 0.0
6.26257388e-05 2.59082935e-05 0.0
7.55961373e-05 1.48197323e-05 0.0
9.88576649e-05 2.24326959e-05 0.0
-1.60620345e-07 8.30147144e-07 0.0
8.64189351e-05 1.75629066e-05 0.0
1.86435991e-05 1.91269664e-05 0.0
9.29666203e-06 -1.9024543e-06 0.0
4.63723081e-05 1.35925111e-05 0.0
1.93312517e-05 6.57967848e-06 0.0
8.43996968e-05 1.24336875e-05 0.0
0.00010736 1.94770309e-05 0.0
9.40378886e-05 2.14200572e-05 0.0
-5.31511751e-06 7.05502862e-06 0.0
5.76539533e-05 2.4822215e-05 0.0
3.24073189e-05 1.80250699e-05 0.0
9.83279915e-06 9.33396768e-06 0.0
4.6948986e-05 1.49768248e-05 0.0
7.4669384e-05 1.46324601e-05 0.0
-4.31690432e-06 1.05652043e-05 0.0
3.30773801e-05 1.3970769e-05 0.0
1.56737042e-05 7.06567562e-06 0.0
-8.16033025e-06 6.21774416e-06 0.0
5.16501568e-05 9.88971442e-06 0.0
3.85782187e-05 7.45432635e-06 0.0
3.64226289e-05 1.33431085e-05 0.0
6.70237159e-06 7.29336125e-06 0.0
2.75634029e-05 7.79253514e-06 0.0
3.28757869e-06 1.09593805e-06 0.0
0.000120203091 3.9299779e-05 0.0
4.53313914e-05 1.5124132e-05 0.0
5.61877914e-06 -8.38714811e-07 0.0
9.39947568e-05 1.40370421e-05 0.0
1.81028336e-05 9.40664722e-06 0.0
5.45527337e-06 1.28172032e-05 0.0
8.23727532e-05 2.25032563e-05 0.0
2.82004185e-05 9.58582496e-06 0.0
2.66228726e-05 1.08502882e-05 0.0
0.000108753331 3.22857923e-05 0.0
0.000105049396 2.20114216e-05 0.0
0.000102440339 1.74141405e-05 0.0
6.33401651e-05 2.64978098e-05 0.0
8.70876975e-05 2.13127314e-05 0.0
5.27495431e-05 1.45807089e-05 0.0
5.91991702e-05 2.51261681e-05 0.0
1.65319454e-06 -3.12642192e-06 0.0
0.000102618091 2.81169141e-05 0.0
7.61718984e-05 1.79011186e-05 0.0
0.000126042825 2.8652561e-05 0.0
8.17522741e-05 2.50452431e-05 0.0
8.72460951e-05 2.89664731e-05 0.0
-7.34615742e-06 -2.33442847e-06 0.0
7.21270117e-05 2.27411256e-05 0.0
2.15444416e-05 7.67258825e-07 0.0
8.08363111e-05 2.40678091e-05 0.0
6.30626673e-05 1.12336611e-05 0.0
6.46902481e-05 2.33650535e-05 0.0
6.9271242e-05 1.74095348e-05 0.0
9.71620611e-05 1.94045897e-05 0.0
1.6282851e-05 1.07209999e-05 0.0
9.0964837e-05 3.3186323e-05 0.0
4.29939391e-05 6.24858876e-06 0.0
1.76715457e-05 8.02253453e-06 0.0
7.16349896e-05 1.82088643e-05 0.0
5.27547054e-05 1.1264282e-05 0.0
0.000118204865 2.08080764e-05 0.0
7.70494153e-05 2.1527112e-05 0.0
4.28016428e-05 1.2842961e-05 0.0
2.79719789e-05 2.11171355e-05 0.0
9.87121748e-05 3.66388012e-05 0.0
8.78903302e-06 8.4398207e-06 0.0
5.87045497e-06 1.00948246e-05 0.0
0.000126177911 2.08177098e-05 0.0
0.000112806927 2.83541885e-05 0.0
0.000119009856 2.95252521e-05 0.0
0.00011134876 2.06529076e-05 0.0
0.000122344703 3.2402153e-05 0.0
4.843645e-05 8.15901512e-06 0.0
9.82664205e-05 2.9018669e-05 0.0
6.79378572e-05 1.61764801e-05 0.0
7.94872758e-05 2.35196549e-05 0.0
8.96038109e-05 1.56552451e-05 0.0
4.48698192e-05 5.82417306e-06 0.0
5.76171587e-05 1.32811538e-05 0.0
9.10288873e-05 1.78488135e-05 0.0
2.2877437e-05 1.22237325e-05 0.0
5.98048282e-05 2.38185039e-05 0.0
4.44730031e-05 1.36723875e-05 0.0
0.000114158756 2.14107404e-05 0.0
0.00011730296 2.67141659e-05 0.0
6.94287737e-05 1.68428578e-05 0.0
4.81571406e-05 1.37111483e-05 0.0
9.35694552e-05 2.3139628e-05 0.0
7.68553509e-05 1.24394564e-05 0.0
4.0303792e-05 1.43105635e-05 0.0
5.79826046e-05 1.19334827e-05 0.0
8.27022304e-05 1.8047951e-05 0.0
8.67303024e-05 3.05427311e-05 0.0
5.84057962e-05 8.31148282e-06 0.0
4.07379557e-05 1.43399775e-05 0.0
0.000109720786 2.03324471e-05 0.0
-7.68591963e-06 7.34323157e-06 0.0
1.25083807e-05 1.70378898e-05 0.0
6.47134584e-05 2.83143909e-05 0.0
4.61618256e-05 7.98311612e-06 0.0
1.18720391e-06 7.78322465e-06 0.0
2.22834078e-05 9.73025863e-07 0.0
3.49276706e-05 5.01696422e-06 0.0
1.9244846e-05 1.99973256e-05 0.0
1.65149322e-06 1.26352461e-05 0.0
2.73949286e-06 4.41748216e-06 0.0
7.8471694e-06 6.66341793e-06 0.0
-1.26767454e-05 4.46694776e-06 0.0
1.74244997e-05 1.41262481e-05 0.0
4.89719714e-05 1.31974684e-05 0.0
2.2987756e-06 -4.14237502e-06 0.0
5.60190238e-05 2.32216898e-05 0.0
5.22037626e-05 5.93810319e-06 0.0
9.1076392e-05 2.39414894e-05 0.0
1.04684177e-05 1.9389397e-06 0.0
4.22758894e-05 6.48579999e-06 0.0
0.000132297457 2.66052048e-05 0.0
8.45481336e-05 1.29621376e-05 0.0
7.63436037e-05 1.90831815e-05 0.0
8.07918113e-05 1.57118775e-05 0.0
-5.73272064e-06 1.44801925e-06 0.0
7.2867806e-05 1.78289574e-05 0.0
0.000124604267 4.11485125e-05 0.0
8.47983247e-05 1.15052644e-05 0.0
0.000124706494 3.59826663e-05 0.0
9.88889078e-05 2.93154299e-05 0.0
4.28961175e-05 5.71953069e-06 0.0
4.53374378e-05 1.41000291e-05 0.0
9.09992305e-05 2.93737576e-05 0.0
0.000128640924 2.88560877e-05 0.0
9.98082614e-05 1.48170266e-05 0.0
2.53528651e-05 8.3377372e-06 0.0
8.85326226e-05 2.42267979e-05 0.0
2.11465485e-05 7.46417436e-06 0.0
0.000103349441 2.16300923e-05 0.0
-4.38006282e-06 3.39961304e-07 0.0
9.67437009e-05 2.17782053e-05 0.0
0.000132977875 2.99979674e-05 0.0
7.4173935e-05 1.78606733e-05 0.0
3.8615317e-06 6.31827152e-06 0.0
0.000111205271 2.01620496e-05 0.0
1.7701208e-05 5.11547114e-07 0.0
0.000137559808 3.22486958e-05 0.0
8.63776731e-05 2.89899326e-05 0.0
0.000122318845 3.61962957e-05 0.0
0.000102417907 2.07286866e-05 0.0
-9.49137848e-06 7.06708443e-06 0.0
0.000117022624 2.09776663e-05 0.0
3.40136248e-05 1.19168944e-05 0.0
8.12610597e-05 1.74674296e-05 0.0
4.87134239e-05 1.43289681e-05 0.0
0.00010593568 3.65953747e-05 0.0
8.33477752e-05 2.55311479e-05 0.0
5.7497291e-05 2.57250358e-05 0.0
0.000123266349 2.38198936e-05 0.0
7.75628869e-05 1.11620202e-05 0.0
9.16106583e-05 1.5339514e-05 0.0
1.01120031e-05 6.72823307e-06 0.0
-7.47837794e-06 1.22722086e-05 0.0
4.66383281e-05 1.15772236e-05 0.0
-3.16955067e-07 6.68207576e-06 0.0
0.000109525972 2.40962363e-05 0.0
0.000106959305 1.9088382e-05 0.0
4.99336638e-05 1.62055003e-05 0.0
8.2315797e-05 2.27541314e-05 0.0
-1.30286035e-05 -2.1712633e-06 0.0
0.000120648583 3.0724379e-05 0.0
-1.05553918e-05 7.48403363e-06 0.0
6.72210226e-05 1.61575626e-05 0.0
3.48546528e-05 1.87053902e-05 0.0
0.000123817837 3.11340373e-05 0.0
6.15005265e-05 2.5878453e-05 0.0
9.78891767e-05 2.52492046e-05 0.0
2.09885769e-07 1.49943344e-06 0.0
-4.36127448e-06 4.6949167e-06 0.0
1.28564379e-05 8.4760004e-06 0.0
1.11100053e-05 2.00908539e-06 0.0
5.27405646e-05 1.31519901e-05 0.0
9.40215759e-05 1.30969092e-05 0.0
0.000112579248 1.90269966e-05 0.0
0.000115676994 3.86521533e-05 0.0
3.15227699e-05 1.30137378e-05 0.0
2.03818945e-05 1.72894379e-05 0.0
1.61759708e-05 9.23955577e-06 0.0
4.68075777e-05 7.13698091e-06 0.0
0.000119254357 2.58341788e-05 0.0
0.000108113396 2.64733753e-05 0.0
9.17214784e-05 3.57573663e-05 0.0
7.78642279e-05 2.8187822e-05 0.0
1.3771999e-05 9.90089211e-06 0.0
4.80949893e-05 1.71193897e-05 0.0
0.00010541777 1.69393006e-05 0.0
9.18931164e-06 6.06623917e-06 0.0
0.000118927725 2.75544098e-05 0.0
5.62483765e-05 1.19611404e-05 0.0
7.79751099e-06 9.87829571e-06 0.0
7.09117085e-05 1.56133519e-05 0.0
4.76794994e-05 1.4766526e-05 0.0
8.21598042e-06 1.54376266e-05 0.0
0.000130811444 3.03645593e-05 0.0
-7.73014926e-06 -1.37120321e-06 0.0
4.9333983e-05 1.69215982e-05 0.0
0.000128018582 2.20637776e-05 0.0
9.97456596e-07 8.37794414e-06 0.0
0.000104113526 3.04027344e-05 0.0
-3.32246509e-06 -2.44498915e-06 0.0
0.000101388003 2.87175153e-05 0.0
2.13723124e-05 9.02372904e-06 0.0
1.07479191e-05 1.11931595e-05 0.0
2.91521665e-05 1.07089581e-05 0.0
0.000122341226 2.17230445e-05 0.0
5.63841604e-05 1.14324966e-05 0.0
0.00011269375 3.19886458e-05 0.0
6.65781845e-05 2.89882046e-05 0.0
1.11979825e-05 -8.1869814e-07 0.0
7.09206142e-05 1.31884644e-05 0.0
0.000124785423 3.47409623e-05 0.0
2.96196758e-05 4.45405658e-06 0.0
-1.05540876e-05 6.11976748e-06 0.0
8.38592605e-05 2.512438e-05 0.0
6.60240185e-05 2.61424811e-05 0.0
5.70219236e-05 2.36190772e-05 0.0
0.000117149168 2.24020041e-05 0.0
2.18706573e-05 4.81287725e-06 0.0
3.83106417e-05 4.6914256e-06 0.0
3.46822853e-05 7.21525521e-06 0.0
0.000116786352 2.90290282e-05 0.0
0.000119748132 2.8847533e-05 0.0
2.79233955e-05 1.40054499e-05 0.0
8.77624552e-05 1.93241085e-05 0.0
5.83863075e-05 1.53377332e-05 0.0
0.000123941412 3.71120695e-05 0.0
0.000129245629 2.36167816e-05 0.0
7.11132452e-05 1.76609883e-05 0.0
0.000100446639 1.87844635e-05 0.0
5.41972731e-05 1.93031483e-05 0.0
2.65211329e-05 1.03294624e-05 0.0
3.1090487e-05 4.80433027e-06 0.0
0.000115035895 2.93489411e-05 0.0
1.67670169e-05 1.2120855e-05 0.0
8.17043256e-05 2.98512277e-05 0.0
8.35698447e-05 1.3131119e-05 0.0
0.000116309282 1.97220561e-05 0.0
3.87412874e-05 5.34670107e-06 0.0
4.83487565e-05 1.3158704e-05 0.0
3.36205776e-05 7.7472323e-06 0.0
7.3379786e-05 1.89453294e-05 0.0
7.54471912e-05 2.04413554e-05 0.0
3.03737725e-05 8.28048542e-06 0.0
-9.73046645e-06 -9.3345387e-10 0.0
2.19940193e-05 9.79687138e-06 0.0
7.86262244e-05 1.96349429e-05 0.0
1.73228655e-05 1.02320018e-06 0.0
4.80744638e-05 1.62715751e-05 0.0
7.01783574e-05 2.69993325e-05 0.0
0.00011323145 2.03977033e-05 0.0
4.40370604e-05 1.42975932e-05 0.0
1.0346107e-05 8.59340616e-06 0.0
0.000122803482 3.66158965e-05 0.0
4.4795961e-05 1.38901214e-05 0.0
0.000118109092 2.11307997e-05 0.0
5.05265562e-05 1.71159463e-05 0.0
1.28807051e-05 -6.59101431e-07 0.0
4.54699548e-05 1.49751395e-05 0.0
9.10385552e-06 4.7433532e-06 0.0
9.88458705e-05 3.64654225e-05 0.0
0.00010751628 3.02238932e-05 0.0
0.000124922866 3.91432732e-05 0.0
4.77396607e-05 1.15127723e-05 0.0
6.13419616e-05 1.995813e-05 0.0
-8.0646314e-06 -6.25606754e-06 0.0
8.32493242e-06 2.18102332e-06 0.0
4.12627487e-05 1.5289741e-05 0.0
0.000104317463 1.90517476e-05 0.0
1.27226178e-06 -2.57673469e-06 0.0
5.48064818e-05 1.5975158e-05 0.0
8.19030538e-05 1.48225417e-05 0.0
3.21908992e-05 1.26061823e-05 0.0
8.31037778e-06 9.91689035e-07 0.0
5.25687574e-05 1.34246038e-05 0.0
7.4741416e-05 1.67026174e-05 0.0
9.8857141e-05 2.11795177e-05 0.0
8.41640503e-05 2.2182976e-05 0.0
3.53103133e-05 1.46030761e-05 0.0
4.7453781e-05 9.03567161e-06 0.0
0.000124660903 2.66775805e-05 0.0
8.36861291e-05 1.43511834e-05 0.0
8.71918091e-05 1.61730968e-05 0.0
0.000105488369 2.33302344e-05 0.0
-8.48741911e-06 6.6657376e-06 0.0
8.920666e-05 1.23443197e-05 0.0
6.54741671e-05 1.1099989e-05 0.0
2.79216947e-05 3.82549524e-06 0.0
0.000100617603 2.05896122e-05 0.0
5.67530806e-05 6.73922978e-06 0.0
0.000109262641 2.83872923e-05 0.0
5.10481004e-05 6.18827335e-06 0.0
0.000111472633 2.04457847e-05 0.0
-8.03996681e-06 9.76351384e-06 0.0
7.8638157e-05 1.23874979e-05 0.0
0.000123479418 3.77396464e-05 0.0
7.80013797e-05 2.19745707e-05 0.0
7.83850846e-05 1.73588069e-05 0.0
0.000105944295 2.06487457e-05 0.0
3.33263306e-05 9.37274126e-06 0.0
0.000100146426 2.06701607e-05 0.0
5.32501326e-05 8.55403505e-06 0.0
2.28384415e-05 9.77086347e-06 0.0
5.91574735e-06 8.00618818e-06 0.0
-9.77927812e-06 5.5225687e-06 0.0
2.55497398e-05 2.18631831e-05 0.0
0.000115301569 1.9823301e-05 0.0
3.07408627e-05 3.89157321e-06 0.0
0.000123728809 3.5611185e-05 0.0
9.5683019e-05 2.10111684e-05 0.0
6.18664708e-05 2.64954215e-05 0.0
-2.77530575e-07 -3.9978363e-06 0.0
7.70502811e-05 2.15262789e-05 0.0
0.000124032784 3.44337095e-05 0.0
7.83987271e-05 2.25825643e-05 0.0
6.17517871e-05 1.30249609e-05 0.0
5.46646734e-05 2.54350925e-05 0.0
2.62672493e-05 2.693125e-06 0.0
-4.60170031e-06 7.3895244e-06 0.0
-1.39530794e-05 -6.42612895e-06 0.0
3.82184226e-05 1.28780321e-05 0.0
9.00543819e-05 2.18152691e-05 0.0
2.72249599e-05 3.98976499e-06 0.0
3.21260923e-05 8.43576618e-06 0.0
3.67453613e-05 1.38433634e-05 0.0
0.000102819067 1.50023061e-05 0.0
1.38863688e-05 5.31309706e-06 0.0
3.35924415e-05 2.25370604e-05 0.0
7.11955654e-05 1.68889565e-05 0.0
5.88381445e-05 2.0680438e-05 0.0
4.89227932e-05 8.4179519e-06 0.0
-1.47928031e-05 8.32298497e-07 0.0
9.38730955e-05 1.62411834e-05 0.0
0.000101844198 2.38201555e-05 0.0
3.67783869e-05 6.33360924e-06 0.0
1.16154561e-05 -1.82493113e-06 0.0
6.33088421e-05 8.74755278e-06 0.0
0.000125756109 3.99684213e-05 0.0
0.000113722672 3.62553947e-05 0.0
4.56980888e-05 1.28675329e-05 0.0
7.9321153e-06 1.21838611e-05 0.0
1.87019068e-05 -2.70586696e-07 0.0
6.83901089e-05 1.66979498e-05 0.0
0.000109095199 3.29274117e-05 0.0
3.27283342e-05 5.46945375e-06 0.0
8.91426316e-05 1.33921276e-05 0.0
9.53145864e-05 2.54202769e-05 0.0
5.09132879e-05 1.36965527e-05 0.0
3.68506721e-06 8.89045077e-06 0.0
3.70972703e-05 1.42878198e-05 0.0
-4.31650591e-07 -1.78758637e-06 0.0
8.28294724e-05 1.69360719e-05 0.0
8.73138197e-05 2.75132552e-05 0.0
2.32679868e-05 8.38208416e-06 0.0
1.6102209e-05 1.64335161e-05 0.0
2.85246842e-05 1.29163518e-05 0.0
7.2278257e-05 1.33027906e-05 0.0
1.56836759e-05 1.05115587e-05 0.0
-1.01341402e-05 9.00726536e-06 0.0
8.69381329e-05 3.47048954e-05 0.0
8.05254313e-05 1.4116501e-05 0.0
-7.18868159e-06 1.39018975e-05 0.0
6.03302615e-05 1.44052492e-05 0.0
2.83196841e-05 1.55540602e-05 0.0
4.70022569e-05 8.38433698e-06 0.0
-9.26110624e-06 8.80660718e-06 0.0
2.08961101e-05 9.81598987e-06 0.0
0.000123753227 2.17101642e-05 0.0
9.96200688e-05 3.44437212e-05 0.0
8.33215745e-05 3.24158027e-05 0.0
6.72286551e-05 1.99055739e-05 0.0
5.78104555e-05 1.22474294e-05 0.0
1.05309355e-05 7.00293185e-06 0.0
3.91601388e-05 1.18513253e-05 0.0
3.05327776e-05 9.93616322e-06 0.0
-7.28843497e-06 -2.0621836e-07 0.0
8.19793277e-05 1.27525018e-05 0.0
5.3479529e-05 9.82228903e-06 0.0
9.38574158e-05 3.04252499e-05 0.0
0.000115241091 3.23810527e-05 0.0
0.000125934355 2.41215057e-05 0.0
4.17517549e-05 7.32783747e-06 0.0
4.17969713e-05 9.51951552e-06 0.0
-1.33550748e-05 6.97382893e-06 0.0
3.4339977e-05 1.41040482e-05 0.0
0.000103944498 1.72944456e-05 0.0
5.85763155e-05 1.4237703e-05 0.0
5.8987167e-05 2.5762065e-05 0.0
6.5391243e-05 1.65460369e-05 0.0
5.42846783e-06 1.58668063e-05 0.0
9.00572559e-05 2.0095893e-05 0.0
8.30697754e-05 2.02371521e-05 0.0
1.68961049e-06 -1.75553976e-06 0.0
-1.15696976e-05 6.50639322e-06 0.0
-2.00232489e-06 1.36829321e-05 0.0
6.04800443e-05 2.62089816e-05 0.0
6.77637436e-05 1.65063284e-05 0.0
9.67557789e-05 2.65512535e-05 0.0
0.000107042353 1.70747189e-05 0.0
3.68024084e-05 9.97869938e-06 0.0
8.40279026e-05 1.96919755e-05 0.0
5.56364721e-05 2.2750226e-05 0.0
4.32553134e-05 6.51562277e-06 0.0
3.33430726e-05 1.14526629e-05 0.0
7.5579017e-05 2.79104552e-05 0.0
7.58970273e-05 2.04962489e-05 0.0
2.28623157e-05 1.25892029e-05 0.0
1.6039432e-05 7.24088659e-06 0.0
7.97492248e-05 1.08301592e-05 0.0
-1.32348514e-05 -1.40721728e-08 0.0
7.02512625e-05 1.68986953e-05 0.0
7.53362838e-05 2.15668988e-05 0.0
0.000120237419 2.54130355e-05 0.0
0.000140685777 3.19277788e-05 0.0
1.93768392e-05 1.94386739e-05 0.0
5.56622144e-05 2.44370749e-05 0.0
-4.05230048e-06 7.3301353e-06 0.0
0.000116769181 2.49155364e-05 0.0
3.60132035e-05 4.82433279e-06 0.0
7.97869725e-05 1.75265213e-05 0.0
0.000121819903 2.11352217e-05 0.0
8.22436341e-05 1.53637084e-05 0.0
-1.03385685e-06 3.41886039e-06 0.0
8.46703624e-05 2.73810092e-05 0.0
4.73934124e-05 1.05489407e-05 0.0
1.81650175e-05 7.38971494e-06 0.0
1.3564937e-05 3.2009641e-06 0.0
0.000123311416 2.706544e-05 0.0
8.01799106e-05 1.87208661e-05 0.0
4.54115107e-05 1.09952407e-05 0.0
-1.61378796e-06 9.95237315e-06 0.0
9.59003228e-06 6.68551365e-06 0.0
6.72477981e-05 1.61340959e-05 0.0
1.34794964e-05 1.8620336e-05 0.0
0.000110454297 3.55472621e-05 0.0
2.87516127e-06 1.028321e-05 0.0
6.20645151e-05 2.69800948e-05 0.0
3.70002599e-05 1.96749552e-05 0.0
5.80766173e-05 1.5014436e-05 0.0
6.86475396e-05 2.59360258e-05 0.0
2.32525981e-05 9.90225362e-06 0.0
8.87028582e-05 2.47622611e-05 0.0
0.00010090015 3.17592931e-05 0.0
5.83441724e-05 1.20308332e-05 0.0
0.000135238428 2.94705133e-05 0.0
7.13385671e-05 1.72451437e-05 0.0
1.53614183e-05 5.20891604e-07 0.0
0.00010633294 1.99373826e-05 0.0
9.78262688e-05 1.37562756e-05 0.0
5.70534257e-06 8.9606574e-06 0.0
7.36774455e-05 1.12193775e-05 0.0
2.99311796e-05 1.11391073e-05 0.0
2.31326649e-05 8.29921282e-06 0.0
0.000123840859 3.41321684e-05 0.0
8.01561837e-05 2.41101789e-05 0.0
9.35155476e-05 2.78481402e-05 0.0
4.25699654e-05 1.47342316e-05 0.0
0.000127474574 3.30772673e-05 0.0
9.58201636e-05 1.68046427e-05 0.0
0.000118128948 3.59127589e-05 0.0
7.97988178e-05 2.36685446e-05 0.0
4.4172506e-05 1.49343405e-05 0.0
8.47431656e-05 2.14286683e-05 0.0
0.000118451077 3.94678827e-05 0.0
0.000123582111 2.77571435e-05 0.0
6.16923135e-05 1.60745076e-05 0.0
0.000133497088 2.27923265e-05 0.0
1.23041527e-05 7.51914013e-06 0.0
8.5834472e-05 2.54102033e-05 0.0
1.12844782e-05 8.84931615e-06 0.0
5.99181658e-05 9.71012923e-06 0.0
9.19037047e-05 3.18185193e-05 0.0
9.97395982e-05 1.66160844e-05 0.0
2.82710462e-05 1.05378549e-05 0.0
-5.25241285e-06 -2.45022898e-06 0.0
0.000123178877 2.27930377e-05 0.0
4.30664877e-05 1.40320335e-05 0.0
5.38663007e-05 1.49981242e-05 0.0
9.13343247e-05 1.32459709e-05 0.0
-8.5837346e-06 1.19180022e-05 0.0
0.000105155916 2.66320494e-05 0.0
0.000119641511 2.74410831e-05 0.0
9.41157923e-05 1.9168172e-05 0.0
5.01058494e-05 2.05412198e-05 0.0
6.65360203e-05 2.71865483e-05 0.0
-5.52710753e-06 6.94381379e-06 0.0
1.84269641e-06 3.31043316e-06 0.0
8.78046339e-05 2.68845506e-05 0.0
0.000103444414 3.24586945e-05 0.0
1.6453112e-05 6.82207519e-06 0.0
0.000108452004 1.72936416e-05 0.0
6.17672267e-05 1.57038539e-05 0.0
2.01742841e-06 7.40348878e-06 0.0
3.85093481e-05 4.28542307e-06 0.0
4.8513215e-05 1.59370811e-05 0.0
-2.55569989e-06 5.97937014e-06 0.0
0.00010589169 3.39588514e-05 0.0
4.24700556e-05 7.30263764e-06 0.0
0.000121778859 2.48517881e-05 0.0
7.82944626e-05 1.79262897e-05 0.0
0.000116066556 1.95791854e-05 0.0
6.5036038e-05 1.49803291e-05 0.0
-4.75143997e-06 -5.86728356e-06 0.0
6.17630358e-05 1.43731577e-05 0.0
0.000118405551 3.03891829e-05 0.0
4.77533467e-06 6.64539584e-06 0.0
6.9292626e-05 1.22274487e-05 0.0
9.64129722e-05 1.53680048e-05 0.0
5.03463198e-05 1.00235293e-05 0.0
-4.65717449e-07 8.22308266e-06 0.0
3.75948765e-08 -4.22911882e-07 0.0
