0.00084622117 -0.000561438967 0.0
0.000867589726 -0.000399854936 0.0
0.00163724262 -0.000682223355 0.0
0.00142017729 -0.000645630353 0.0
0.00151358347 -0.000788545294 0.0
0.000643697334 -0.000645630353 0.0
0.000860762666 -0.000682223355 0.0
0.00197028532 -0.00107226172 0.0
0.00199967925 -0.000867791357 0.0
0.00179893 -0.000943554158 0.0
-0.000159060713 0.000125646169 0.0
-0.000188454767 -7.88241887e-05 0.0
0.00175387238 -0.00105023931 0.0
0.00177721481 -0.000948904199 0.0
0.00160868256 -0.000982696656 0.0
-0.000381525198 4.4533328e-05 0.0
-0.000404867635 -5.68018659e-05 0.0
-0.000330444745 -0.000238143155 0.0
-0.00031045152 1.32518653e-05 0.0
0.00103539997 -0.000857147796 0.0
0.001220771 -0.00088744855 0.0
0.00115629123 -0.000648787129 0.0
0.00199725106 -0.00088744855 0.0
0.00181188004 -0.000857147796 0.0
0.0015116547 -0.00095153338 0.0
0.00153189176 -0.00074631325 0.0
0.00131494331 -0.000748373568 0.0
0.00134658348 -0.000578018255 0.0
0.000289111835 -0.000339197635 0.0
0.000311425596 -0.000237174871 0.0
0.000503118557 -0.000114485338 0.0
0.000353958341 -9.85054576e-05 0.0
0.00040816213 -0.000292626821 0.0
-0.00042252164 -9.85054576e-05 0.0
-0.000273361453 -0.000114485338 0.0
0.00101414358 -0.000629289309 0.0
0.00104095577 -0.000429856969 0.0
0.000347933877 -0.00037933854 0.0
0.000369949761 -0.00023094911 0.0
0.000755920657 -0.00044694086 0.0
0.0007957216 -0.000426180253 0.0
0.000568977674 -0.00063857605 0.0
0.000600943866 -0.00034894803 0.0
0.000954965537 -0.00066919066 0.0
0.000994085218 -0.000577023311 0.0
0.000207324338 -0.000388466113 0.0
0.000230038786 -5.87436552e-05 0.0
0.00215874007 -0.000993437483 0.0
0.0 0.0 0.0
-0.00077648001 0.0 0.0
0.00138226 -0.000993437483 0.0
0.000877772167 -0.000565032475 0.0
0.00090651348 -0.000559866719 0.0
0.00093104667 -0.000549696211 0.0
0.000949540059 -0.000534443709 0.0
0.000960242935 -0.000516125758 0.0
0.000964928069 -0.000496891735 0.0
0.000962636492 -0.000474974921 0.0
0.000954207382 -0.000452986656 0.0
0.000939312624 -0.000432239118 0.0
0.000919059443 -0.000415966031 0.0
0.000894534867 -0.000404638908 0.0
0.00084018684 -0.000401469966 0.0
0.000814261555 -0.00040761815 0.0
0.000791755447 -0.000417508301 0.0
0.000773577834 -0.000429398642 0.0
0.000761003641 -0.00044412943 0.0
0.000753703585 -0.000460808864 0.0
0.000750973471 -0.00047828519 0.0
0.00075338938 -0.000495001383 0.0
0.000762804353 -0.000511876016 0.0
0.000784135656 -0.000532673439 0.0
0.000814742118 -0.000550822413 0.0
0.00140863971 -0.000662594684 0.0
0.00140436913 -0.00068391388 0.0
0.00140802341 -0.000707068015 0.0
0.00141843001 -0.000730120577 0.0
0.00143468066 -0.00075166137 0.0
0.00145717501 -0.000769540726 0.0
0.00148426462 -0.000782259332 0.0
0.00154242537 -0.000788780279 0.0
0.00156881404 -0.000783256663 0.0
0.00159273914 -0.000773427484 0.0
0.00161249714 -0.000758869515 0.0
0.00162767083 -0.000740838004 0.0
0.00163789792 -0.000720997865 0.0
0.00164045533 -0.000700291421 0.0
0.000848482247 -0.000660259277 0.0
0.000826096104 -0.000637751247 0.0
0.000799014117 -0.000617481826 0.0
0.000769155158 -0.000604850182 0.0
0.000738145376 -0.00059941574 0.0
0.00070932979 -0.000601893815 0.0
0.000684215396 -0.000611734868 0.0
0.000660584948 -0.000628873648 0.0
0.00196645991 -0.00085746753 0.0
0.0019322352 -0.000854101556 0.0
0.00189901295 -0.000857245584 0.0
0.00186916115 -0.000866114977 0.0
0.00184356677 -0.000880314852 0.0
0.00182235648 -0.00089890993 0.0
0.00180658954 -0.000920428371 0.0
0.00179724023 -0.000965787971 0.0
0.00180465321 -0.000989310327 0.0
0.00182142144 -0.00101492763 0.0
0.00184436364 -0.00103827543 0.0
0.0018712813 -0.00105740759 0.0
0.00190229341 -0.00106944772 0.0
0.00193572801 -0.00107372971 0.0
-0.000154859546 -7.0064576e-05 0.0
-0.000124998915 -5.51667581e-05 0.0
-0.000102356891 -3.48832546e-05 0.0
-8.69461219e-05 -1.32033783e-05 0.0
-8.04998563e-05 1.00262823e-05 0.0
-8.06993921e-05 3.23613713e-05 0.0
-9.05726993e-05 5.92903598e-05 0.0
-0.000107246589 8.61091248e-05 0.0
-0.000130236527 0.000108508 0.0
0.00176165695 -0.000935178483 0.0
0.00174146076 -0.000924951222 0.0
0.00171807595 -0.000919872487 0.0
0.00169268844 -0.000919443439 0.0
0.00166560861 -0.000924377993 0.0
0.00164226245 -0.00093588786 0.0
0.00162542623 -0.000951099966 0.0
0.00161434838 -0.000966747815 0.0
0.00160836463 -0.000999219366 0.0
0.00161381194 -0.00101590296 0.0
0.00162456196 -0.00103164546 0.0
0.00164037163 -0.00104526547 0.0
0.00165982731 -0.0010543908 0.0
0.00168204901 -0.0010591289 0.0
0.00170630275 -0.00105976197 0.0
0.00173089805 -0.00105673005 0.0
-0.000383697276 -4.36640912e-05 0.0
-0.00036912231 -2.67485375e-05 0.0
-0.000362325256 -8.57062969e-06 0.0
-0.000363490253 1.0020538e-05 0.0
-0.000369754562 2.7707767e-05 0.0
-0.000291176839 -0.000236727021 0.0
-0.000256080297 -0.000225986485 0.0
-0.000226266784 -0.000210639904 0.0
-0.000200124254 -0.000191167288 0.0
-0.000179753915 -0.000166373298 0.0
-0.000169189443 -0.000137656025 0.0
-0.000168281404 -0.000110208581 0.0
-0.00017915816 -7.9422578e-05 0.0
-0.000202664974 -4.72320535e-05 0.0
-0.000233080209 -1.87347523e-05 0.0
-0.000269612356 1.68272697e-06 0.0
-0.000351778144 1.44904388e-05 0.0
-0.000391757989 6.93263701e-06 0.0
-0.000426557905 -1.02837857e-05 0.0
-0.000452147535 -3.45029221e-05 0.0
-0.000467332167 -6.32173615e-05 0.0
-0.000473635999 -9.41273247e-05 0.0
-0.000471814186 -0.000126736064 0.0
-0.000458827155 -0.000159947071 0.0
-0.000437193987 -0.000189705301 0.0
-0.000406347302 -0.00021429015 0.0
-0.00036942857 -0.00023074729 0.0
0.00124890183 -0.000870571763 0.0
0.00127093645 -0.000847126765 0.0
0.00128502585 -0.000819382316 0.0
0.00128870702 -0.000787279743 0.0
0.00128247403 -0.00075420097 0.0
0.00126983714 -0.000722963247 0.0
0.00124936807 -0.00069407752 0.0
0.00122319348 -0.000671453949 0.0
0.00119215169 -0.0006561685 0.0
0.00111824414 -0.000648874207 0.0
0.00108030601 -0.000656435499 0.0
0.00104529876 -0.000671368674 0.0
0.00101706258 -0.000693135255 0.0
0.000998791656 -0.000719388947 0.0
0.000988203683 -0.000747162034 0.0
0.000985786668 -0.00077591202 0.0
0.000991583685 -0.000801316462 0.0
0.00100764574 -0.000829077209 0.0
0.00184091739 -0.000878515653 0.0
0.00187296676 -0.000892459415 0.0
0.00190598285 -0.000900075829 0.0
0.00193863839 -0.00090116373 0.0
0.00196920102 -0.000896236044 0.0
0.00154402538 -0.000951918191 0.0
0.00157553388 -0.00094560266 0.0
0.00160406902 -0.000933385745 0.0
0.00162457617 -0.00091676123 0.0
0.00164009421 -0.000898672559 0.0
0.00165067171 -0.000879749656 0.0
0.00165383844 -0.000859554217 0.0
0.00165136938 -0.000837928324 0.0
0.00163942203 -0.00081434095 0.0
0.00161779718 -0.000789939018 0.0
0.00159248291 -0.00076956884 0.0
0.00156291446 -0.000754183973 0.0
0.00150141155 -0.000744952762 0.0
0.00147282868 -0.00075012102 0.0
0.00144681858 -0.000758926908 0.0
0.00142381841 -0.000773972541 0.0
0.00140617928 -0.000793623563 0.0
0.00139500573 -0.000815373089 0.0
0.00139260723 -0.000839886314 0.0
0.00139920821 -0.000865796057 0.0
0.00141104206 -0.000890923664 0.0
0.00142865162 -0.000913215044 0.0
0.0014523624 -0.000931790681 0.0
0.00148053106 -0.00094479986 0.0
0.00134606764 -0.000748678227 0.0
0.00137766439 -0.000743134005 0.0
0.00140589476 -0.000729795313 0.0
0.00142665301 -0.000709122978 0.0
0.00143758208 -0.000685260457 0.0
0.00143972819 -0.000660413469 0.0
0.00143426971 -0.000636015902 0.0
0.00142127019 -0.000613741693 0.0
0.00140064454 -0.000595289865 0.0
0.00137547881 -0.000583729241 0.0
0.00131646032 -0.000578599633 0.0
0.00128717173 -0.000584550726 0.0
0.00126132264 -0.000595719088 0.0
0.001239795 -0.000611695112 0.0
0.00122693495 -0.000632778567 0.0
0.00122417347 -0.000656916702 0.0
0.00122989854 -0.000682174752 0.0
0.00124230632 -0.000706660445 0.0
0.00126146665 -0.000727341103 0.0
0.00128575834 -0.0007415578 0.0
0.000310089294 -0.000340122875 0.0
0.000329289032 -0.000339668011 0.0
0.000346152083 -0.000335869379 0.0
0.000363393803 -0.000326221751 0.0
0.00037306067 -0.000312121032 0.0
0.000376866636 -0.00029738553 0.0
0.000376704644 -0.000283665606 0.0
0.000370774535 -0.000268918986 0.0
0.000360599224 -0.000257802196 0.0
0.000347088557 -0.000248874479 0.0
0.000330136856 -0.000241292029 0.0
0.000291796314 -0.000236960652 0.0
0.000274027814 -0.000240140813 0.0
0.000258589687 -0.000244926108 0.0
0.000244380208 -0.000252521597 0.0
0.000232893406 -0.000263305876 0.0
0.000225943353 -0.00027662667 0.0
0.000225046679 -0.000290510186 0.0
0.00022953382 -0.000303985231 0.0
0.000238843553 -0.000316072081 0.0
0.000252347789 -0.00032689955 0.0
0.000269442418 -0.000334743207 0.0
0.000329964474 -0.000110966052 0.0
0.000309247844 -0.000127811465 0.0
0.00029560845 -0.000149063519 0.0
0.000290253927 -0.000172983011 0.0
0.000292980229 -0.000197721965 0.0
0.000307696668 -0.000226060336 0.0
0.000328135298 -0.000251684047 0.0
0.000353076699 -0.000272278674 0.0
0.000379533507 -0.000285832852 0.0
0.000437693845 -0.000293238147 0.0
0.000467298232 -0.000289430551 0.0
0.00049522717 -0.000280038395 0.0
0.000519492547 -0.000263306953 0.0
0.000536239357 -0.000240872556 0.0
0.000544542447 -0.000215032109 0.0
0.000545424467 -0.000187860132 0.0
0.00053875125 -0.000160599302 0.0
0.000524416741 -0.000135701965 0.0
-0.000300495856 -9.84425278e-05 0.0
-0.000330880226 -8.90314113e-05 0.0
-0.000363749976 -8.5194537e-05 0.0
-0.000395043346 -8.97042119e-05 0.0
0.00104234647 -0.000629328366 0.0
0.00107014261 -0.000623081636 0.0
0.00109678612 -0.000611970958 0.0
0.00112095207 -0.000595836318 0.0
0.00113935641 -0.000575238781 0.0
0.00114884111 -0.000551249774 0.0
0.00114853121 -0.000525434152 0.0
0.00114032219 -0.000499536807 0.0
0.00112521159 -0.000474442 0.0
0.00110250048 -0.000453225686 0.0
0.00107376417 -0.000438260118 0.0
0.00100723177 -0.000428726897 0.0
0.000974619237 -0.000432932284 0.0
0.000944770058 -0.000444699806 0.0
0.000922727282 -0.000464013603 0.0
0.00090820319 -0.000487226876 0.0
0.00090193213 -0.000513779873 0.0
0.000904447283 -0.000541641144 0.0
0.000914439152 -0.000567815616 0.0
0.00093230838 -0.0005916066 0.0
0.00095705071 -0.000610243878 0.0
0.000984984683 -0.000622916443 0.0
0.000372619746 -0.000379587262 0.0
0.000394667353 -0.000375142932 0.0
0.000414601993 -0.000369090994 0.0
0.000432879577 -0.000358369725 0.0
0.000446869584 -0.000342713349 0.0
0.000454758469 -0.000323821005 0.0
0.000455352798 -0.000303195266 0.0
0.000447918224 -0.000282468623 0.0
0.000433843641 -0.000263897033 0.0
0.000415451505 -0.000248753582 0.0
0.000394642557 -0.000237117667 0.0
0.000343752152 -0.000230550577 0.0
0.000318150705 -0.000234123974 0.0
0.000294812315 -0.000242720751 0.0
0.000274546532 -0.000256997417 0.0
0.000261955196 -0.00027414746 0.0
0.000257368898 -0.000293496996 0.0
0.000259935914 -0.000313017925 0.0
0.000268016563 -0.000332048017 0.0
0.000281751272 -0.00034910033 0.0
0.000301011343 -0.000363500381 0.0
0.000323877757 -0.000373827876 0.0
0.000767825753 -0.000447959726 0.0
0.000779177237 -0.000448642735 0.0
0.000790923019 -0.000448771229 0.0
0.000800411799 -0.000448459381 0.0
0.000807002943 -0.000446879567 0.0
0.000810648606 -0.000444329722 0.0
0.000811844249 -0.000441080454 0.0
0.000811767124 -0.000437323994 0.0
0.000809801801 -0.000433233537 0.0
0.000806108932 -0.000430674321 0.0
0.000780143542 -0.000422365323 0.0
0.000765736855 -0.000419725664 0.0
0.000751564745 -0.000418605166 0.0
0.000740859541 -0.000422038458 0.0
0.000734804955 -0.000426623184 0.0
0.000731361331 -0.000430319895 0.0
0.000729203108 -0.000434719434 0.0
0.000731040782 -0.000439375872 0.0
0.000736529008 -0.000441616692 0.0
0.000744513934 -0.000444131118 0.0
0.000615408702 -0.000635700242 0.0
0.000658845762 -0.000623765809 0.0
0.000690718414 -0.000603618682 0.0
0.000718525669 -0.00057499134 0.0
0.000737067254 -0.00054254412 0.0
0.000745713245 -0.000508508936 0.0
0.000746389269 -0.000475214998 0.0
0.00073872332 -0.000445493817 0.0
0.00072265981 -0.000417628791 0.0
0.00069057045 -0.000387432083 0.0
0.000646763772 -0.000363325031 0.0
0.000554445665 -0.000345363485 0.0
0.000508511381 -0.00035400645 0.0
0.000470414641 -0.000373156159 0.0
0.000442083343 -0.000402316451 0.0
0.000422739831 -0.000440631644 0.0
0.000414867915 -0.000480666495 0.0
0.00041798249 -0.000519994879 0.0
0.000431875291 -0.000556337065 0.0
0.000454686437 -0.00058825413 0.0
0.000486367266 -0.000614015793 0.0
0.000524899049 -0.000630720111 0.0
0.0009771724 -0.000672555179 0.0
0.000997942523 -0.00067289843 0.0
0.00101722055 -0.000670370529 0.0
0.00103414338 -0.00066472555 0.0
0.00104514032 -0.00065550243 0.0
0.00105102162 -0.000644219341 0.0
0.00105144293 -0.00063194969 0.0
0.0010478216 -0.000617353187 0.0
0.00103958882 -0.000603026245 0.0
0.00102686393 -0.000590880925 0.0
0.0010110382 -0.00058206945 0.0
0.000976246083 -0.000577306258 0.0
0.000958339893 -0.00058065023 0.0
0.000941967184 -0.00058360229 0.0
0.000926834007 -0.000589066069 0.0
0.000915406446 -0.000599431631 0.0
0.000909324328 -0.000613102457 0.0
0.000908803486 -0.00062694971 0.0
0.000912639603 -0.000639746606 0.0
0.000919421436 -0.000650356582 0.0
0.00092787022 -0.000658521836 0.0
0.000938500161 -0.00066422025 0.0
0.000255744671 -0.000390912959 0.0
0.000302717905 -0.000382284401 0.0
0.000344029424 -0.000362965919 0.0
0.000375476462 -0.00033679881 0.0
0.000398980192 -0.000300749001 0.0
0.000412090914 -0.000259263645 0.0
0.000415594928 -0.000217541543 0.0
0.00040899837 -0.000176712216 0.0
0.000390361383 -0.00013907587 0.0
0.000361497834 -0.000106635707 0.0
0.000323420973 -8.23083537e-05 0.0
0.000277149898 -6.63256506e-05 0.0
0.000182477001 -6.14740711e-05 0.0
0.000141584285 -7.25001446e-05 0.0
0.000104920364 -9.14775374e-05 0.0
7.44291247e-05 -0.000115807183 0.0
4.79194059e-05 -0.000144792706 0.0
3.17179984e-05 -0.000179450421 0.0
2.66065745e-05 -0.000214741303 0.0
3.10295109e-05 -0.000249190314 0.0
4.85297569e-05 -0.000286982569 0.0
7.93134459e-05 -0.00032439435 0.0
0.000116623662 -0.000355223019 0.0
0.000160116484 -0.000376648852 0.0
0.00208623311 -0.00096047495 0.0
0.0020271074 -0.000921229483 0.0
0.00131982425 -0.000587825896 0.0
0.00125981739 -0.000566397503 0.0
0.00119540037 -0.000542769383 0.0
0.00112627505 -0.000516394794 0.0
0.00107309036 -0.000490002567 0.0
0.00102881296 -0.000446874299 0.0
0.000960434845 -0.000395799172 0.0
0.000856390689 -0.00031942362 0.0
0.00072310504 -0.000243405346 0.0
0.000597738137 -0.000174048793 0.0
0.000353072828 -0.000103364007 0.0
0.000294390135 -7.21816468e-05 0.0
0.000194073087 -4.71954809e-05 0.0
8.68651186e-05 -2.42963706e-05 0.0
-7.44884237e-05 3.36487465e-05 0.0
-0.000268838572 -3.2633332e-05 0.0
-0.000326529058 7.8920275e-06 0.0
-0.000458521565 -2.3353743e-05 0.0
-0.000530385762 0.000136649862 0.0
-0.000570147065 0.000261267007 0.0
-0.000590943731 0.000295026432 0.0
-0.000595939287 0.000276348117 0.0
-0.000597589824 0.000246422453 0.0
-0.000607383321 0.000215080043 0.0
-0.000625419489 0.000184902005 0.0
-0.000650589529 0.000160569267 0.0
-0.000674469105 0.00014935639 0.0
-0.000691299094 0.000125981212 0.0
-0.000681194884 7.60655603e-05 0.0
-0.000665399071 3.66913919e-05 0.0
-0.00062638009 -2.31819013e-05 0.0
-0.000647563662 -2.2575472e-05 0.0
-0.000705045473 -1.86433244e-05 0.0
-0.000689614855 -2.42963706e-05 0.0
-0.000582406938 -4.71954809e-05 0.0
-0.000482089847 -7.21816468e-05 0.0
-0.000423407153 -0.000103364007 0.0
-0.000178741873 -0.000174048793 0.0
-5.33749735e-05 -0.000243405346 0.0
7.99107074e-05 -0.00031942362 0.0
0.00018395482 -0.000395799172 0.0
0.000252332946 -0.000446874299 0.0
0.00029661032 -0.000490002567 0.0
0.000349795067 -0.000516394794 0.0
0.00041892039 -0.000542769383 0.0
0.000483337353 -0.000566397503 0.0
0.0005433443 -0.000587825896 0.0
0.00125062745 -0.000921229483 0.0
0.00130975316 -0.00096047495 0.0
0.00145369454 -0.00101208081 0.0
0.00151117635 -0.00101601298 0.0
0.00153235998 -0.00101661938 0.0
0.00149334094 -0.000956746109 0.0
0.00147754513 -0.000917371945 0.0
0.00146744086 -0.000867456314 0.0
0.00148427091 -0.000844081107 0.0
0.00150815048 -0.000832868216 0.0
0.00153332052 -0.000808535493 0.0
0.00155135663 -0.00077835744 0.0
0.00156115019 -0.000747015059 0.0
0.00156280072 -0.000717089395 0.0
0.00156779622 -0.000698411081 0.0
0.001588593 -0.000732170476 0.0
0.00162835419 -0.000856787607 0.0
0.00170021842 -0.00101679121 0.0
0.00183221092 -0.000985545455 0.0
0.00188990147 -0.00102607079 0.0
0.00208425149 -0.00095978874 0.0
0.00119569595 -0.000720060722 0.0
-0.00016632583 -2.83792201e-06 0.0
0.00131270464 -0.00078532903 0.0
-0.000173846231 -7.0258553e-05 0.0
0.00120041659 -0.000743885583 0.0
0.00100949849 -0.000582195469 0.0
0.00137885846 -0.0008558954 0.0
-4.55699264e-05 -0.00017082064 0.0
0.00067255873 -0.000618591614 0.0
-1.29612981e-05 -7.8737874e-05 0.0
0.000641955994 -0.000302754983 0.0
0.00126957439 -0.000672680908 0.0
-3.26490263e-05 -0.000267905445 0.0
0.000590908865 -0.000469695311 0.0
0.000164109078 -0.000378555822 0.0
-0.000367340806 8.50986034e-05 0.0
0.00112576119 -0.000651067239 0.0
9.44252752e-05 -0.00017338332 0.0
0.00078760105 -0.000462041236 0.0
0.0017894801 -0.000816222397 0.0
0.000624563603 -0.000395711017 0.0
0.00102353806 -0.000593147008 0.0
0.00129951118 -0.000793802727 0.0
-0.000182981137 -3.54774347e-05 0.0
0.000833924918 -0.000596786151 0.0
-1.95408884e-05 -0.000131585082 0.0
-0.000332713564 0.000118242308 0.0
0.00110647466 -0.000536049192 0.0
0.00166649802 -0.000834666891 0.0
-0.000300622312 -8.47014089e-05 0.0
0.000706992403 -0.000455515052 0.0
0.000594648358 -0.000403951708 0.0
0.00147406675 -0.000890608469 0.0
-2.32344482e-05 -0.000195810528 0.0
0.000902170083 -0.000501735194 0.0
0.000745094265 -0.000469801336 0.0
0.000740373507 -0.00043414344 0.0
0.00143317506 -0.0009068824 0.0
0.00102604588 -0.000588822295 0.0
0.00127783301 -0.000809845922 0.0
0.000700707082 -0.000364140695 0.0
0.00102873519 -0.0006480749 0.0
0.00127514428 -0.000780792965 0.0
-0.000204626966 -6.86574931e-05 0.0
0.00114317925 -0.000681307691 0.0
-0.000122670812 -8.22897928e-05 0.0
4.837897e-05 -0.000188555379 0.0
0.000278017629 -0.00047475833 0.0
0.000118601922 -0.000189862723 0.0
0.00130528887 -0.000673074042 0.0
0.00147744408 -0.00091374648 0.0
0.00140581978 -0.000711435336 0.0
-0.000400826015 0.000133565991 0.0
0.000600987056 -0.000226022865 0.0
0.000120342345 -0.000116035058 0.0
4.95279746e-05 -1.06451137e-06 0.0
0.000492614112 -0.000315863232 0.0
0.00113100361 -0.000643501 0.0
-0.000450361287 9.72879861e-05 0.0
3.80524725e-05 -0.000301770604 0.0
-1.1022431e-05 -0.000193093496 0.0
-0.000372821058 0.000103334911 0.0
0.000716481067 -0.000513876439 0.0
0.00044903165 -0.000402021804 0.0
0.000109195287 -0.00032528743 0.0
-0.000173686829 -4.32487559e-06 0.0
0.000230667763 -0.000223790194 0.0
-0.000139259253 -0.000104751023 0.0
0.00134606916 -0.000760676689 0.0
0.000273728219 -0.000444613281 0.0
-8.13373917e-05 -0.000139979908 0.0
0.00133804861 -0.000832521357 0.0
-0.000175062247 -0.000223061899 0.0
-0.000283131376 1.02985796e-05 0.0
0.00119635265 -0.00066915463 0.0
3.33505977e-06 -0.000256618019 0.0
9.32001058e-05 -0.000168975472 0.0
0.00130047684 -0.000666073756 0.0
0.00159403391 -0.00079995452 0.0
0.00141040666 -0.000868422096 0.0
0.000650690694 -0.000377131975 0.0
0.00110081257 -0.000648121 0.0
0.00074516295 -0.000276506995 0.0
0.000566321949 -0.00029061758 0.0
-9.13027543e-05 -0.000134098693 0.0
0.00114480208 -0.000656286546 0.0
0.000953887065 -0.000538028369 0.0
0.00184697076 -0.000846007431 0.0
0.000833029102 -0.000663803658 0.0
0.000901905121 -0.000620856299 0.0
-0.000275133323 -0.000113281843 0.0
0.000833265716 -0.000458601862 0.0
0.000282714609 -0.000177239723 0.0
0.000959102879 -0.000545026734 0.0
0.000905394845 -0.000536146457 0.0
0.00074440043 -0.000411931367 0.0
0.000900139741 -0.000506987504 0.0
0.00128987059 -0.000789407291 0.0
-8.71778902e-05 -4.57420429e-05 0.0
0.00102069147 -0.000504790456 0.0
0.000565590919 -0.000442334218 0.0
6.67234417e-05 -0.000216789631 0.0
0.000706191699 -0.000593500969 0.0
0.00076232577 -0.000545477727 0.0
0.00178059598 -0.000789225218 0.0
0.0007864855 -0.000590800715 0.0
0.000463351607 -0.000352086936 0.0
2.28134741e-05 -8.5216685e-05 0.0
0.00106211659 -0.000516227272 0.0
-0.000347031775 -0.000139171461 0.0
-0.00025207334 2.31205413e-05 0.0
0.00178013777 -0.000956354081 0.0
0.0016536169 -0.000858202344 0.0
0.00175098842 -0.000848259311 0.0
0.00168661075 -0.000804309908 0.0
0.00155481545 -0.000786440971 0.0
0.000669503992 -0.000414209382 0.0
0.00119125296 -0.000683843857 0.0
0.00063786417 -0.000637569115 0.0
0.000814406783 -0.000539015571 0.0
0.00136458408 -0.000695718627 0.0
0.000657946337 -0.00039376624 0.0
0.000825359311 -0.000544034818 0.0
0.00121326104 -0.000731059001 0.0
-0.000115261086 -0.000236535241 0.0
0.000674121489 -0.000298540108 0.0
0.000386509404 -0.000379134843 0.0
0.00151571224 -0.000960795209 0.0
0.00151280186 -0.000910163275 0.0
0.000663996616 -0.000623743981 0.0
0.000594826764 -0.000385493069 0.0
0.0011884626 -0.000715023314 0.0
0.00109456526 -0.000736913818 0.0
0.000151485263 -0.000377841003 0.0
0.000814946427 -0.000507235411 0.0
0.00106903515 -0.000625714078 0.0
0.00100870081 -0.00053613109 0.0
0.000850641052 -0.000494358537 0.0
0.000180370422 -0.000371982984 0.0
0.00148027577 -0.000932233932 0.0
-0.000475859008 0.000138334566 0.0
-0.00020156891 -5.0759747e-05 0.0
0.000694960589 -0.00038726363 0.0
0.000633908494 -0.000373256597 0.0
-0.000289785181 7.63072821e-05 0.0
0.000217102788 -0.000256218278 0.0
0.000473203458 -0.000319933839 0.0
-0.000142928257 -0.000103604696 0.0
-0.000352436677 4.3291715e-05 0.0
-0.0001359577 -0.000147031416 0.0
-0.000339262013 -0.000181431518 0.0
-0.000431451976 9.25238273e-05 0.0
-9.50820831e-05 -5.30792677e-05 0.0
0.000319942978 -0.000515923079 0.0
-6.73863105e-05 -0.000124584127 0.0
0.000585838221 -0.000194401713 0.0
0.000805455144 -0.000508971687 0.0
0.00134300161 -0.000705962477 0.0
-2.32121456e-05 -0.000127858031 0.0
0.000570362841 -0.00036646708 0.0
0.00182945479 -0.000984017272 0.0
0.00129548565 -0.000807983975 0.0
0.00112894771 -0.000641823281 0.0
0.00109406153 -0.000663721294 0.0
-0.000523472205 -0.000108634056 0.0
0.000928125752 -0.00051597174 0.0
0.00136505254 -0.00079057744 0.0
0.00134022359 -0.000673485978 0.0
0.00150827144 -0.000704247097 0.0
0.00107682892 -0.000635522651 0.0
0.000576879072 -0.000418226264 0.0
0.000634149241 -0.000200377021 0.0
0.00095671718 -0.000619880622 0.0
0.00188654149 -0.000871190627 0.0
0.0014070021 -0.000871458848 0.0
0.000120775228 -0.000251992897 0.0
0.00110272784 -0.000645720051 0.0
-0.00011165515 -0.000240330512 0.0
0.0013548201 -0.000843031856 0.0
-0.000239921341 -5.75618105e-05 0.0
0.00146007619 -0.000738889619 0.0
0.00195317133 -0.000891891366 0.0
0.000905986177 -0.000506024458 0.0
3.4122246e-07 5.00818805e-06 0.0
0.00154508383 -0.000943334075 0.0
0.000181886338 -0.000174561937 0.0
0.00201779907 -0.000926724169 0.0
0.000885585672 -0.000658676377 0.0
0.00141037186 -0.000779410999 0.0
0.00155904121 -0.000778039917 0.0
-0.000442902703 0.000181358642 0.0
0.00162772695 -0.000935402291 0.0
8.29701603e-05 -0.000301569322 0.0
0.00123661896 -0.000561344321 0.0
0.000327207235 -0.000494995969 0.0
0.00120383652 -0.000554270751 0.0
0.000851856603 -0.000578578853 0.0
0.000559286447 -0.000231183338 0.0
0.00183294085 -0.000828799151 0.0
0.00118885515 -0.000646601722 0.0
0.00126966112 -0.0007776813 0.0
-0.000104339124 -0.000109223925 0.0
-0.000532830425 9.75195508e-05 0.0
0.000488002202 -0.000380359648 0.0
-0.000253698614 3.70745111e-05 0.0
0.00141082087 -0.000873831508 0.0
0.00163395831 -0.000801296672 0.0
0.000616880774 -0.000357073732 0.0
0.0011697351 -0.00067345734 0.0
-0.000380168989 -6.74374096e-05 0.0
0.00150979287 -0.00078238768 0.0
-0.000440619682 0.000197550151 0.0
0.000891404983 -0.000524875126 0.0
0.00015559759 -0.000144505757 0.0
0.00180966139 -0.000846074196 0.0
0.000608385541 -0.000333940145 0.0
0.00123031077 -0.000741059834 0.0
-0.000143861238 -0.000151524393 0.0
-0.000281033048 -2.38168941e-05 0.0
-0.00011443266 -3.65225787e-05 0.0
2.96796115e-05 -0.000166982427 0.0
0.000734274974 -0.000303151319 0.0
0.00137224386 -0.000861823966 0.0
0.00171013654 -0.000787465775 0.0
0.00129111996 -0.000712958106 0.0
0.000160863812 -0.000195553395 0.0
-7.31243636e-05 -6.74868861e-05 0.0
0.000205547156 -5.07179138e-05 0.0
0.000689047796 -0.000395975425 0.0
0.00131304492 -0.000933339761 0.0
0.00161090645 -0.000818368397 0.0
0.000997340423 -0.000479494047 0.0
0.000888669339 -0.000470078114 0.0
-0.00025147089 -0.000170744068 0.0
0.000483577198 -0.000349353999 0.0
0.00146922562 -0.000904604676 0.0
-8.35758183e-05 -0.000159154035 0.0
0.00154494832 -0.000903986103 0.0
0.000793260639 -0.000527055527 0.0
-1.87384976e-05 1.23823365e-05 0.0
0.000961124781 -0.000582801644 0.0
0.000507763994 -0.000319647166 0.0
-0.00025004879 -1.91271556e-05 0.0
0.00191944593 -0.000880211766 0.0
-0.000300735468 -1.14074155e-05 0.0
0.000582874927 -0.000315549638 0.0
0.00179587386 -0.000976240204 0.0
-0.000318794133 7.20000753e-05 0.0
0.00126925262 -0.000694996968 0.0
-0.00020342684 -7.03643236e-05 0.0
0.00115657225 -0.000635183183 0.0
9.38524754e-05 -0.000238562308 0.0
-0.000178715403 -1.23630771e-05 0.0
2.61187488e-05 -0.000254454179 0.0
0.00170886493 -0.000928582973 0.0
0.000828960969 -0.000588829571 0.0
0.00135736773 -0.000707963947 0.0
0.00073038385 -0.000398012344 0.0
1.30991002e-05 -0.000137474708 0.0
0.00107460713 -0.000618163031 0.0
0.00150847691 -0.000738070987 0.0
0.00038125139 -0.000267057912 0.0
-0.000494581822 0.000174583343 0.0
0.000848431606 -0.000693902432 0.0
0.000673053495 -0.000418449257 0.0
0.000506778655 -0.000289711053 0.0
0.00155304081 -0.000976611394 0.0
0.000169334162 -0.000194596039 0.0
0.000542040099 -0.000342213985 0.0
0.000368128472 -0.000338573038 0.0
0.00171307055 -0.00087188941 0.0
0.00152805657 -0.000845790608 0.0
-5.904094e-05 -0.000253083388 0.0
0.00113549049 -0.00067439815 0.0
0.000855374208 -0.000344116794 0.0
0.00148639816 -0.00066846126 0.0
0.00180080347 -0.000974830182 0.0
0.000856255763 -0.000482443371 0.0
0.00135540182 -0.000833244121 0.0
0.00062183867 -0.000290921802 0.0
0.000197632369 -0.0002114503 0.0
0.00040278025 -0.00026061575 0.0
0.0016563487 -0.000862429733 0.0
-0.000223700816 -0.000170806539 0.0
0.000943986815 -0.000501425355 0.0
0.00120856357 -0.000772588479 0.0
0.00177672459 -0.000783413299 0.0
0.000479456474 -0.000411840127 0.0
0.000576328719 -0.00037938403 0.0
0.000337586331 -0.000310285686 0.0
0.000735595822 -0.000583956135 0.0
0.000765772245 -0.000595883233 0.0
0.000274075428 -0.000259015913 0.0
-0.000561937049 -9.16572608e-05 0.0
0.000306951813 -7.89793703e-05 0.0
0.00095797691 -0.000543687551 0.0
0.000232029372 -0.000163047283 0.0
0.000333953765 -0.000441038166 0.0
0.000790848106 -0.000425555801 0.0
0.00152196677 -0.000961932295 0.0
0.000239561268 -0.000437248527 0.0
-0.000321940577 -0.00013842342 0.0
0.00150766026 -0.00067995803 0.0
0.000237692831 -0.000443466735 0.0
0.00164168968 -0.000916696677 0.0
0.000380961224 -0.000435899565 0.0
0.000104559957 -0.000232843551 0.0
0.0004785778 -0.00032035436 0.0
-3.04260102e-05 -0.000189530387 0.0
0.00104120409 -0.000503060233 0.0
0.001189698 -0.000694023911 0.0
0.0013526004 -0.000798496883 0.0
0.000598524697 -0.000448668055 0.0
0.000720019627 -0.000389889989 0.0
-0.000269959564 -9.75754374e-05 0.0
-9.22931504e-05 -0.000148507592 0.0
0.000321564003 -0.000317869795 0.0
0.00142366916 -0.000880402513 0.0
-0.000124350685 -0.000106985382 0.0
0.000770572864 -0.00042613913 0.0
0.0012458642 -0.000665784813 0.0
4.08491323e-05 -0.000295423699 0.0
-7.114045e-05 -0.000146629653 0.0
0.000384523009 -0.000555496779 0.0
0.000986702507 -0.000575487269 0.0
0.00149770279 -0.000756822701 0.0
0.00103989406 -0.000603285676 0.0
5.93465375e-05 -0.000315416575 0.0
0.000680666533 -0.000343450229 0.0
0.00165002292 -0.000957651238 0.0
0.00128688803 -0.000806080294 0.0
0.00118365278 -0.000716217619 0.0
0.00136528513 -0.000845642644 0.0
-0.000534840103 -6.69789733e-05 0.0
0.00138713873 -0.000713348796 0.0
0.000954760937 -0.000572552788 0.0
0.000351019058 -0.000247140764 0.0
0.00152885448 -0.000767326448 0.0
0.000850952929 -0.000523014052 0.0
0.00136439456 -0.000792092644 0.0
0.000787707453 -0.000488689751 0.0
0.00152454851 -0.000947466295 0.0
-0.000578126404 -8.43105909e-07 0.0
0.00116228429 -0.000750738371 0.0
0.00149331463 -0.000655865762 0.0
0.000800934271 -0.000515036576 0.0
0.00120602921 -0.000526310236 0.0
0.00141352997 -0.000886473164 0.0
0.000324129185 -0.000300495158 0.0
0.00131957862 -0.000814104918 0.0
0.000761047646 -0.000437620736 0.0
0.000141920507 -0.000217980923 0.0
-0.000209991238 3.02435656e-05 0.0
-0.000555614708 -6.08268529e-05 0.0
-3.71809583e-05 -0.000114536349 0.0
0.0016078935 -0.000952482049 0.0
0.000403320766 -0.00026938846 0.0
0.00148609059 -0.000698868535 0.0
0.00124445581 -0.000757366361 0.0
0.000673130562 -0.000338493846 0.0
-0.000121498764 -9.48207089e-05 0.0
0.000788773759 -0.000554126804 0.0
0.0014888125 -0.000736021204 0.0
0.000794566702 -0.000627415313 0.0
0.00088000478 -0.000527970144 0.0
0.000518405694 -0.00018830756 0.0
0.000329518545 -0.000220305723 0.0
-0.000408792548 0.000120879587 0.0
-0.000371419097 -7.80210175e-05 0.0
0.00014415296 -0.000349103473 0.0
0.00114605133 -0.0006836385 0.0
0.00025651115 -0.000267434341 0.0
0.000301922701 -0.000283994363 0.0
0.000105760832 -0.000335078221 0.0
0.00144668983 -0.000897191348 0.0
4.40679796e-05 -0.00018822719 0.0
0.000110021181 -0.000102216785 0.0
0.00106932176 -0.000615640078 0.0
0.000658507808 -0.000286496419 0.0
0.000672238762 -0.000475957029 0.0
-0.000435020076 1.51239328e-05 0.0
0.00142480212 -0.00072547124 0.0
0.00130745291 -0.000799343165 0.0
0.000486577395 -0.000317612255 0.0
8.46521652e-05 -0.000187134588 0.0
0.000921783387 -0.000546096999 0.0
0.00142203039 -0.000802680384 0.0
0.00126870244 -0.000700430537 0.0
0.000634863216 -0.000220210204 0.0
-0.000234320498 -3.915261e-06 0.0
0.000199346381 -0.00027579625 0.0
0.000647148059 -0.00063386478 0.0
0.00121293787 -0.00070301682 0.0
0.000431776978 -0.000274265651 0.0
0.00128416973 -0.000805270276 0.0
0.00142123585 -0.000729164924 0.0
0.000361897633 -0.000529508048 0.0
-4.67499412e-05 3.69200643e-05 0.0
0.000102575097 -0.000340597297 0.0
-0.000134911155 -0.000140863209 0.0
0.0010963839 -0.00065134879 0.0
0.000894303725 -0.000707622792 0.0
0.000104793624 -0.00025410371 0.0
-0.000137276627 -5.85248235e-05 0.0
-2.6870508e-05 -0.000271964265 0.0
0.00101699622 -0.000681994949 0.0
0.000175668101 -4.90325583e-05 0.0
-0.000545775692 0.000138206757 0.0
0.000953356153 -0.000458063296 0.0
0.00112608878 -0.000712624867 0.0
-0.000545934308 7.41634503e-05 0.0
0.000867706665 -0.000562056957 0.0
6.93126349e-05 -0.000102649334 0.0
0.000629645539 -0.000481133873 0.0
-0.0006092111 1.10091732e-05 0.0
2.68073109e-06 -0.000110874287 0.0
0.00177635427 -0.000950416434 0.0
0.00105545414 -0.000532542472 0.0
0.000940162747 -0.000478990609 0.0
0.000791054161 -0.000445355749 0.0
0.000837711501 -0.000577592116 0.0
0.000102836486 -2.69127177e-05 0.0
0.000401306752 -0.000335312914 0.0
0.0001880442 -0.000268418633 0.0
-0.000287421979 -2.1067066e-05 0.0
0.00129161414 -0.000632057025 0.0
0.000748199236 -0.000461067219 0.0
0.00111173815 -0.000604483823 0.0
0.00142027007 -0.000728625047 0.0
0.00186510361 -0.000862134562 0.0
0.000549421005 -0.000332769094 0.0
0.000492662191 -0.00041554292 0.0
-0.000476989168 0.000204077151 0.0
0.000199979258 -0.000216208631 0.0
0.00160074048 -0.000788919046 0.0
0.000475716835 -0.000579960702 0.0
0.000612499891 -0.000260447152 0.0
0.000856404717 -0.000481974363 0.0
-0.000302014581 8.01325041e-06 0.0
0.0013432831 -0.000690662942 0.0
0.00119269604 -0.000708833977 0.0
-0.000140780117 -9.0413545e-05 0.0
-0.000492049905 0.000192212494 0.0
-0.000426421466 5.61290653e-05 0.0
0.000619849365 -0.000304445333 0.0
0.00104460481 -0.000451333093 0.0
0.00107086624 -0.000608907023 0.0
0.00164490135 -0.000782429066 0.0
0.000383755454 -0.000340473547 0.0
0.00106145546 -0.000620175211 0.0
0.000479711714 -0.000321847154 0.0
0.000583484012 -0.000384276849 0.0
7.66458106e-05 -0.000298088358 0.0
0.000852661673 -0.000451413565 0.0
0.00110839552 -0.000635589298 0.0
3.22758729e-06 -8.45723043e-05 0.0
1.03722923e-05 -0.000209366015 0.0
0.00123458786 -0.000629123126 0.0
-0.000649779278 -5.08977828e-05 0.0
0.00108033104 -0.000461503136 0.0
0.000781534531 -0.000488239893 0.0
0.00172739197 -0.000907123496 0.0
0.00206699176 -0.000957424461 0.0
-0.000162457436 -9.38469748e-05 0.0
0.000501419359 -0.000237701839 0.0
-0.000362040912 0.000126361163 0.0
0.00173944898 -0.000822302129 0.0
0.000421105593 -0.000387290289 0.0
0.00119546079 -0.000657833822 0.0
0.00182749657 -0.000830912613 0.0
0.00126297632 -0.000597096165 0.0
-0.000469987688 -0.000124094615 0.0
0.000866731338 -0.000613154785 0.0
0.000658587902 -0.000291721313 0.0
7.22735604e-06 -0.000189303479 0.0
1.01569603e-05 -0.00017162734 0.0
0.0013929354 -0.000959195604 0.0
0.00100844365 -0.000578192645 0.0
0.000429854845 -0.000387366978 0.0
-0.000391328387 7.99995469e-05 0.0
-0.000321530097 -0.000165633741 0.0
0.00103871059 -0.000450846885 0.0
-0.000203570104 -5.50583281e-05 0.0
0.00128109206 -0.000593454402 0.0
-0.000310231349 4.36086593e-05 0.0
0.000656030083 -0.00034246326 0.0
0.000196357534 -0.000161389602 0.0
0.000847013202 -0.000355397409 0.0
0.000702038524 -0.000445642538 0.0
-8.7908491e-05 -0.000250453246 0.0
0.0012959732 -0.000704292615 0.0
0.00112386153 -0.000590078707 0.0
0.000851626741 -0.000601865177 0.0
0.0019873667 -0.000908700458 0.0
0.000889196934 -0.000494505803 0.0
0.000131504406 -0.000263300521 0.0
0.0014406367 -0.00089986308 0.0
0.00139917142 -0.00087531138 0.0
-0.000237985543 3.32973686e-05 0.0
0.00112297153 -0.000632770592 0.0
0.000244931609 -0.000230136473 0.0
-7.66110898e-05 -0.000214564352 0.0
0.00146067748 -0.000763010932 0.0
0.000816164073 -0.000619158498 0.0
0.000991642824 -0.000612540229 0.0
0.000214628031 -0.000406581152 0.0
0.00185726676 -0.000858573418 0.0
0.00145756104 -0.000744113349 0.0
0.00134551548 -0.000748956692 0.0
0.000809262157 -0.000647704001 0.0
0.000253065577 -0.000409560686 0.0
0.00124935305 -0.000672667287 0.0
0.00130510796 -0.000738027331 0.0
0.00137611362 -0.00098213926 0.0
0.000855244405 -0.000527890341 0.0
0.00185543986 -0.00101688795 0.0
-9.92177229e-05 -7.82279094e-05 0.0
0.000890591589 -0.000585168542 0.0
1.79765339e-05 -7.60377247e-07 0.0
0.000858952466 -0.000497147732 0.0
0.000960596371 -0.000663944345 0.0
0.00137574191 -0.000845312141 0.0
-4.68100961e-06 -0.000270762801 0.0
-0.000266314368 -2.90445641e-05 0.0
0.00177540409 -0.000941352453 0.0
0.000213318359 -0.000422533456 0.0
0.000776789268 -0.000284158275 0.0
0.00136468047 -0.000857409206 0.0
-0.000607064343 5.91681128e-05 0.0
0.00156834233 -0.000777617388 0.0
0.00172018365 -0.000905513705 0.0
0.00124393241 -0.000754063833 0.0
0.000463323813 -0.000236135616 0.0
0.000697163516 -0.000424886559 0.0
-0.000349102891 0.000114684561 0.0
-6.92554494e-08 2.88166848e-06 0.0
0.00107011339 -0.000616293633 0.0
0.00113041233 -0.000660051825 0.0
-0.000192877196 -0.000220252638 0.0
0.00151825591 -0.0009304657 0.0
0.000934692507 -0.000381467777 0.0
-0.000252598227 6.03200133e-05 0.0
0.000492279476 -0.000399714074 0.0
0.000335826713 -0.000405624392 0.0
-0.000271878875 1.69644991e-05 0.0
0.00123656518 -0.000586914073 0.0
0.000537305197 -0.000444245496 0.0
0.00175155536 -0.000935060263 0.0
0.00100042322 -0.000570761098 0.0
0.0016206454 -0.000934782031 0.0
0.000888426439 -0.000560604152 0.0
-0.000197719419 -9.61003243e-05 0.0
0.000882999797 -0.00059521175 0.0
0.00172359659 -0.000891462609 0.0
-0.000174784785 -3.68874498e-05 0.0
0.00104723487 -0.000607127731 0.0
0.00134345028 -0.00082726957 0.0
0.000689672132 -0.000518313609 0.0
-8.56984116e-05 5.97562976e-05 0.0
-0.000198523921 -7.07658328e-05 0.0
