0.000292478682 -0.000153250789 0.0
0.000282634894 -0.000170824351 0.0
-2.8495781e-06 -0.000167906022 0.0
-5.3249787e-06 -0.000160416268 0.0
7.04595823e-06 -0.000161738164 0.0
0.00037188796 -0.000160416268 0.0
0.000374363386 -0.000167906022 0.0
6.2666033e-05 -0.00024534401 0.0
5.14780841e-05 -0.000251128688 0.0
6.09906565e-05 -0.000241788919 0.0
2.85186325e-05 -6.82682503e-06 0.0
3.97065814e-05 -1.04214791e-06 0.0
0.00015514133 -0.000248833356 0.0
0.000146484497 -0.000240607638 0.0
0.000139452008 -0.000239082801 0.0
0.000123525053 3.69420627e-06 0.0
0.000132181871 -4.53151279e-06 0.0
0.000344128668 -9.8022856e-06 0.0
0.000329251779 -3.02269946e-05 0.0
0.000344183674 -0.000197254529 0.0
0.000350491668 -0.000205668606 0.0
0.000331187766 -0.00019706563 0.0
-2.67212945e-05 -0.000205668606 0.0
-3.30292896e-05 -0.000197254529 0.0
9.54006537e-05 -0.00020226046 0.0
8.26106261e-05 -0.000199434056 0.0
0.000269072538 -0.000197042886 0.0
0.000251426944 -0.000212124782 0.0
0.000181309762 -8.86989437e-05 0.0
0.000163160643 -8.13918086e-05 0.0
1.6923108e-05 -3.8315211e-05 0.0
6.35470496e-06 -3.46499946e-05 0.0
3.03745965e-05 -4.65775338e-05 0.0
0.000383567647 -3.46499946e-05 0.0
0.000394136063 -3.8315211e-05 0.0
5.14968087e-05 -0.00010782577 0.0
3.41778832e-05 -0.000101450052 0.0
9.65689178e-05 -6.40695362e-05 0.0
7.49265746e-05 -4.31168992e-05 0.0
0.000182984106 -0.000103532679 0.0
0.000167718928 -0.000108527842 0.0
0.000334557059 -0.000144205682 0.0
0.000321808708 -0.000117712661 0.0
0.00012902591 -0.000135947834 0.0
0.000108986009 -0.000149657048 0.0
0.000262720248 -7.88749385e-05 0.0
0.000246613839 -8.4165913e-05 0.0
2.29594498e-05 -0.00024430186 0.0
0.0 0.0 0.0
0.000377212942 0.0 0.0
0.000400172401 -0.00024430186 0.0
0.000289714575 -0.000155048139 0.0
0.000287317787 -0.000156900496 0.0
0.000285204005 -0.000158941111 0.0
0.000283211586 -0.000161153832 0.0
0.000281452405 -0.000164279496 0.0
0.0002799668 -0.000167901133 0.0
0.000279328466 -0.000170622065 0.0
0.000279167201 -0.000171779655 0.0
0.000279245869 -0.00017202273 0.0
0.000279964763 -0.00017181781 0.0
0.000281103683 -0.000171501175 0.0
0.000284431677 -0.00016970979 0.0
0.00028632523 -0.000168462953 0.0
0.000288345094 -0.000166964106 0.0
0.000290547876 -0.000165292164 0.0
0.000293082412 -0.000163274788 0.0
0.000295895792 -0.000160760887 0.0
0.000298141589 -0.000157602262 0.0
0.000299798849 -0.000154300491 0.0
0.000299994252 -0.000152641514 0.0
0.000298904575 -0.000151707223 0.0
0.000295785867 -0.000152170731 0.0
-2.70348119e-06 -0.000159471805 0.0
-2.80152051e-07 -0.000157419665 0.0
1.27465614e-06 -0.00015601363 0.0
2.540271e-06 -0.000156165072 0.0
3.52777488e-06 -0.000157696399 0.0
4.7040453e-06 -0.000159260759 0.0
5.8753144e-06 -0.000160777112 0.0
7.80364826e-06 -0.000162546712 0.0
7.47364265e-06 -0.00016328819 0.0
6.145302e-06 -0.000164159093 0.0
4.27334044e-06 -0.000164860452 0.0
2.41633688e-06 -0.000165300036 0.0
4.06645881e-07 -0.000165596924 0.0
-1.35543144e-06 -0.000166611062 0.0
0.000374016643 -0.000168218379 0.0
0.000374234398 -0.00016716517 0.0
0.000374120398 -0.000164989309 0.0
0.000373536983 -0.000163106655 0.0
0.000372336275 -0.000161291115 0.0
0.000370760186 -0.000160290205 0.0
0.000369249261 -0.000160522031 0.0
0.000370045338 -0.000160625888 0.0
5.08568774e-05 -0.00025021442 0.0
5.03574338e-05 -0.000249532226 0.0
5.04864256e-05 -0.000248677534 0.0
5.17351036e-05 -0.000247542601 0.0
5.39229659e-05 -0.000246291427 0.0
5.64730835e-05 -0.000245044765 0.0
5.90420423e-05 -0.000243700371 0.0
6.2447747e-05 -0.000239354064 0.0
6.31993244e-05 -0.000237785731 0.0
6.39626523e-05 -0.000237964734 0.0
6.47601119e-05 -0.000239202171 0.0
6.5814791e-05 -0.000240904337 0.0
6.5863831e-05 -0.00024250595 0.0
6.47103298e-05 -0.000243862291 0.0
3.7590562e-05 -2.52834639e-06 0.0
3.5812227e-05 -3.8922376e-06 0.0
3.42869862e-05 -5.10810878e-06 0.0
3.28515998e-05 -6.28147882e-06 0.0
3.16049882e-05 -8.54601149e-06 0.0
3.06592592e-05 -1.06827074e-05 0.0
3.01405671e-05 -1.07959359e-05 0.0
2.97816259e-05 -9.59265526e-06 0.0
2.91397137e-05 -8.03977491e-06 0.0
0.000143908546 -0.000238291206 0.0
0.000141457189 -0.000236170745 0.0
0.000139686876 -0.000234480845 0.0
0.000138751449 -0.000233065264 0.0
0.000137446448 -0.000232735576 0.0
0.000136512332 -0.000233031591 0.0
0.000136445218 -0.000234187013 0.0
0.000137381081 -0.000236539723 0.0
0.000142222765 -0.000241225178 0.0
0.000145341677 -0.000242932845 0.0
0.00014866922 -0.00024438274 0.0
0.000151941276 -0.000245681091 0.0
0.000154547728 -0.000246931217 0.0
0.000155942471 -0.000247796124 0.0
0.000156065245 -0.000248589291 0.0
0.000155656133 -0.000248742086 0.0
0.000131512861 -4.14508759e-06 0.0
0.000130601809 -3.29288105e-06 0.0
0.000129435168 -1.9470699e-06 0.0
0.000127923297 -4.16167182e-07 0.0
0.000126042272 1.43636282e-06 0.0
0.000343013264 -9.95021765e-06 0.0
0.000339751743 -1.07074566e-05 0.0
0.000335035787 -1.28677375e-05 0.0
0.000329916133 -1.54773079e-05 0.0
0.000325449422 -1.89970706e-05 0.0
0.000322350359 -2.31712747e-05 0.0
0.000319713465 -2.87254807e-05 0.0
0.000319724058 -3.19800893e-05 0.0
0.000321515719 -3.35308541e-05 0.0
0.000324011198 -3.32190648e-05 0.0
0.000326672976 -3.20129111e-05 0.0
0.000332065363 -2.81471712e-05 0.0
0.000334675919 -2.55580326e-05 0.0
0.00033698781 -2.26091397e-05 0.0
0.000338938495 -1.92591033e-05 0.0
0.000340641796 -1.53865167e-05 0.0
0.000341786916 -1.17210675e-05 0.0
0.000342532643 -9.60972648e-06 0.0
0.000343390682 -9.05144771e-06 0.0
0.000343628111 -9.31402337e-06 0.0
0.000343710155 -9.69833673e-06 0.0
0.000343712891 -9.84848884e-06 0.0
0.000349756505 -0.000206460725 0.0
0.000348771602 -0.000207274628 0.0
0.000347791036 -0.000207994381 0.0
0.000346319954 -0.000208149271 0.0
0.000344036671 -0.000206719531 0.0
0.000341423583 -0.000204381373 0.0
0.000338285405 -0.000201768446 0.0
0.000334902259 -0.00019953087 0.0
0.000332028052 -0.000197906484 0.0
0.000332089461 -0.000196541921 0.0
0.000333303062 -0.000196393928 0.0
0.00033434236 -0.000196229099 0.0
0.000335543737 -0.000196259192 0.0
0.000337009958 -0.000196337554 0.0
0.000339071557 -0.000196443667 0.0
0.000340919214 -0.000196344889 0.0
0.000342719402 -0.000195538378 0.0
0.000343600288 -0.000195826899 0.0
-3.21315929e-05 -0.000199312897 0.0
-3.06766269e-05 -0.000201228817 0.0
-2.89827094e-05 -0.000202703377 0.0
-2.74663289e-05 -0.000203956195 0.0
-2.66392999e-05 -0.000204832744 0.0
9.61931364e-05 -0.000203767762 0.0
9.70441397e-05 -0.000204987169 0.0
9.77704767e-05 -0.000205353383 0.0
9.77113596e-05 -0.000204993514 0.0
9.66972075e-05 -0.000204195632 0.0
9.45323191e-05 -0.000203387652 0.0
9.21408282e-05 -0.000204386175 0.0
9.05989364e-05 -0.000205783639 0.0
8.93324759e-05 -0.000205952936 0.0
8.81527885e-05 -0.0002046015 0.0
8.65928814e-05 -0.000202730749 0.0
8.4576197e-05 -0.000200667462 0.0
8.11642967e-05 -0.000198441005 0.0
8.09068661e-05 -0.000197669709 0.0
8.19202905e-05 -0.000196808833 0.0
8.36005129e-05 -0.000196016015 0.0
8.53686288e-05 -0.000195070781 0.0
8.71263619e-05 -0.000193640386 0.0
8.82940876e-05 -0.000192453139 0.0
8.93715769e-05 -0.000192721913 0.0
9.05868947e-05 -0.000194459179 0.0
9.17580401e-05 -0.000196733381 0.0
9.31204268e-05 -0.000198790105 0.0
9.43276245e-05 -0.00020062465 0.0
0.000265728275 -0.000198197813 0.0
0.000262039801 -0.000199683302 0.0
0.000258921646 -0.000201649484 0.0
0.000256465835 -0.000203749398 0.0
0.000254155515 -0.000206042168 0.0
0.000252282596 -0.000208292811 0.0
0.000250723446 -0.000210280195 0.0
0.000249656732 -0.000211808248 0.0
0.000249066827 -0.000212666055 0.0
0.000249448873 -0.000212642903 0.0
0.000254792976 -0.000210785482 0.0
0.000258496555 -0.000209058431 0.0
0.000261966023 -0.000206564218 0.0
0.000264855043 -0.000203422082 0.0
0.000267226715 -0.000199684437 0.0
0.00026837262 -0.000196502733 0.0
0.000269149517 -0.000195036977 0.0
0.000270110992 -0.000194907188 0.0
0.000270667224 -0.00019548992 0.0
0.000270773045 -0.000196136767 0.0
0.000183216951 -8.86779962e-05 0.0
0.000183506825 -8.92974786e-05 0.0
0.000182278774 -8.9792622e-05 0.0
0.00018032841 -9.09207447e-05 0.0
0.000178969145 -9.2332979e-05 0.0
0.00017858643 -9.25011409e-05 0.0
0.000177623006 -9.0462403e-05 0.0
0.000176166752 -8.77860512e-05 0.0
0.000173898501 -8.54997706e-05 0.0
0.000171042775 -8.36989057e-05 0.0
0.000167244565 -8.21490394e-05 0.0
0.000160499767 -8.11732534e-05 0.0
0.000160086798 -8.08422046e-05 0.0
0.000161358374 -8.0558435e-05 0.0
0.000162995435 -8.04745432e-05 0.0
0.000164773228 -8.09983612e-05 0.0
0.000166619589 -8.19787383e-05 0.0
0.000168609127 -8.30299541e-05 0.0
0.000170672662 -8.43094749e-05 0.0
0.000173030072 -8.56737825e-05 0.0
0.000175574096 -8.69651849e-05 0.0
0.000178285991 -8.79199579e-05 0.0
8.02321392e-06 -3.4740322e-05 0.0
9.76695992e-06 -3.50076152e-05 0.0
1.13712085e-05 -3.5056346e-05 0.0
1.27757721e-05 -3.48279027e-05 0.0
1.42843419e-05 -3.52420466e-05 0.0
1.60488435e-05 -3.72336435e-05 0.0
1.88077865e-05 -4.02307414e-05 0.0
2.26392804e-05 -4.3446762e-05 0.0
2.71759873e-05 -4.55818918e-05 0.0
3.11716576e-05 -4.72507163e-05 0.0
2.97566858e-05 -4.81534989e-05 0.0
2.81982939e-05 -4.93161533e-05 0.0
2.71421341e-05 -5.02748735e-05 0.0
2.60311863e-05 -5.06406577e-05 0.0
2.51095735e-05 -4.95508066e-05 0.0
2.36885644e-05 -4.70353734e-05 0.0
2.18986243e-05 -4.3791526e-05 0.0
1.9586063e-05 -4.08730157e-05 0.0
0.000390958827 -3.61188249e-05 0.0
0.000387180218 -3.4951132e-05 0.0
0.000383938343 -3.43782267e-05 0.0
0.000382702099 -3.46852357e-05 0.0
5.36079788e-05 -0.000108420441 0.0
5.34114188e-05 -0.000108604429 0.0
5.1407409e-05 -0.00010855955 0.0
4.87416837e-05 -0.000108651315 0.0
4.6274934e-05 -0.000109052969 0.0
4.40869298e-05 -0.000109701585 0.0
4.2150823e-05 -0.000110249763 0.0
4.02696714e-05 -0.000109241031 0.0
3.79497578e-05 -0.000106926585 0.0
3.58214238e-05 -0.000104809391 0.0
3.44875516e-05 -0.000102778198 0.0
3.45867375e-05 -0.000100339224 0.0
3.5166071e-05 -9.89628534e-05 0.0
3.60078702e-05 -9.75688818e-05 0.0
3.69424415e-05 -9.62302584e-05 0.0
3.78039949e-05 -9.54427305e-05 0.0
3.88552799e-05 -9.6142503e-05 0.0
4.00224126e-05 -9.83301725e-05 0.0
4.1265168e-05 -0.000100780271 0.0
4.30264336e-05 -0.000102946156 0.0
4.52667846e-05 -0.000104879684 0.0
4.81485513e-05 -0.000106613988 0.0
0.000100666788 -6.44069296e-05 0.0
0.000102162463 -6.43475505e-05 0.0
0.000101938364 -6.40355502e-05 0.0
0.000101347752 -6.32015508e-05 0.0
0.000100397388 -6.16638645e-05 0.0
9.87684034e-05 -5.92105134e-05 0.0
9.66578955e-05 -5.59727487e-05 0.0
9.37975856e-05 -5.2674477e-05 0.0
9.0173482e-05 -4.94745036e-05 0.0
8.52666344e-05 -4.66280835e-05 0.0
7.94034931e-05 -4.4257049e-05 0.0
7.30819593e-05 -4.29847969e-05 0.0
7.33976776e-05 -4.27385057e-05 0.0
7.36671209e-05 -4.29811662e-05 0.0
7.38801318e-05 -4.44800171e-05 0.0
7.43321143e-05 -4.67049067e-05 0.0
7.51317566e-05 -4.93665611e-05 0.0
7.68048121e-05 -5.19638816e-05 0.0
7.91079801e-05 -5.46942683e-05 0.0
8.22931033e-05 -5.75567319e-05 0.0
8.62763118e-05 -6.04828274e-05 0.0
9.12176911e-05 -6.27628251e-05 0.0
0.000182273609 -0.000104383027 0.0
0.000181634779 -0.00010512086 0.0
0.000180761868 -0.000105859646 0.0
0.000179480354 -0.000106267071 0.0
0.000177623981 -0.000106536441 0.0
0.000175405439 -0.000106940191 0.0
0.000172773041 -0.000107343498 0.0
0.000170067709 -0.000107884443 0.0
0.000167823469 -0.000107969849 0.0
0.000166479018 -0.000108155429 0.0
0.000171240303 -0.000107686472 0.0
0.000174734785 -0.000105631334 0.0
0.000177317677 -0.000103198523 0.0
0.00017890356 -0.000100512691 0.0
0.000179845782 -9.85256338e-05 0.0
0.000180194198 -9.89982873e-05 0.0
0.000181440395 -0.00010093132 0.0
0.000183286596 -0.000102274666 0.0
0.000183991913 -0.000102648883 0.0
0.00018372394 -0.000103028164 0.0
0.000338390062 -0.000144174744 0.0
0.000342110841 -0.000143058394 0.0
0.000343986118 -0.000141124197 0.0
0.000343388936 -0.000138863237 0.0
0.000341975887 -0.000135651993 0.0
0.000339160702 -0.000132835878 0.0
0.000335766585 -0.000129527616 0.0
0.000332102587 -0.000127283347 0.0
0.000329202448 -0.000125115548 0.0
0.00032698593 -0.000123361722 0.0
0.000324924273 -0.000120648496 0.0
0.00031797812 -0.000115236733 0.0
0.00031371924 -0.000114043265 0.0
0.000310285715 -0.000113859751 0.0
0.000308277464 -0.000115298317 0.0
0.000307614711 -0.000119113036 0.0
0.000309275842 -0.000124606639 0.0
0.000312737277 -0.000129842258 0.0
0.000317281636 -0.000134081798 0.0
0.000322271255 -0.000137640847 0.0
0.000327052956 -0.000140740565 0.0
0.000331233779 -0.000143048353 0.0
0.000124753511 -0.000136916788 0.0
0.000120719502 -0.000138981981 0.0
0.000117231386 -0.000141733864 0.0
0.000114449416 -0.000145255573 0.0
0.00011249823 -0.0001492429 0.0
0.000111115318 -0.000152946683 0.0
0.000110441877 -0.000155229034 0.0
0.000110378474 -0.00015513679 0.0
0.000110202673 -0.00015381811 0.0
0.000110056491 -0.000152253691 0.0
0.000109780798 -0.000150860316 0.0
0.00010925431 -0.000148649458 0.0
0.000111389243 -0.000147298211 0.0
0.000114970295 -0.000145289043 0.0
0.000118288248 -0.000143098092 0.0
0.000121283221 -0.000141219774 0.0
0.000123962076 -0.000139509502 0.0
0.000125840786 -0.000138420932 0.0
0.000127560372 -0.00013755601 0.0
0.000129371168 -0.000136716844 0.0
0.000130621484 -0.000136423958 0.0
0.000131061344 -0.000136160903 0.0
0.000262343325 -8.17200198e-05 0.0
0.000262323185 -8.44394162e-05 0.0
0.000262673362 -8.62752568e-05 0.0
0.000262983842 -8.79262952e-05 0.0
0.000262990041 -8.75303376e-05 0.0
0.000261178822 -8.55777398e-05 0.0
0.000258461427 -8.42723821e-05 0.0
0.000255103019 -8.34169623e-05 0.0
0.00025212203 -8.29378041e-05 0.0
0.000249635341 -8.27358381e-05 0.0
0.000248158234 -8.29000564e-05 0.0
0.000247384363 -8.348556e-05 0.0
0.000246515527 -8.44624956e-05 0.0
0.00024838862 -8.38830019e-05 0.0
0.000251348247 -8.27452386e-05 0.0
0.000254813174 -8.12996368e-05 0.0
0.000258470187 -7.96530876e-05 0.0
0.000261355657 -7.75601147e-05 0.0
0.000263820868 -7.4817588e-05 0.0
0.000265387003 -7.20004828e-05 0.0
0.000265257899 -7.09645974e-05 0.0
0.00026451351 -7.16808354e-05 0.0
0.0002635766 -7.39237148e-05 0.0
0.000263107562 -7.63508579e-05 0.0
1.77592228e-05 -0.000237350512 0.0
1.76539027e-06 -0.000225636424 0.0
-3.08861163e-05 -0.000152202425 0.0
-2.9604269e-05 -0.000144726815 0.0
-8.84028123e-06 -0.000126299783 0.0
1.21512858e-05 -0.000108935601 0.0
1.95732064e-05 -9.88742759e-05 0.0
1.56487222e-05 -9.03750042e-05 0.0
2.29716397e-06 -7.9986341e-05 0.0
-9.91927664e-06 -6.99006559e-05 0.0
-1.14822005e-05 -6.12817021e-05 0.0
-1.13876661e-06 -5.21983638e-05 0.0
-1.54888203e-05 -1.79660965e-05 0.0
-1.72611308e-05 -1.25803726e-05 0.0
-1.19132319e-05 -8.46887815e-06 0.0
-3.89856086e-06 -4.50848029e-06 0.0
1.32430887e-05 -8.71606335e-06 0.0
6.70238733e-05 -2.24177675e-05 0.0
9.32925541e-05 -1.83403699e-05 0.0
0.000154350651 -2.04867465e-05 0.0
0.000172787448 -2.01767325e-05 0.0
0.000192558131 -1.83979671e-06 0.0
0.000211585153 1.75966161e-05 0.0
0.000227359647 3.02593435e-05 0.0
0.000238185996 3.35465338e-05 0.0
0.000251151505 3.068777e-05 0.0
0.000267164025 2.17275665e-05 0.0
0.000282734109 1.03738748e-05 0.0
0.000296646176 1.63170307e-06 0.0
0.000309778145 -1.61410026e-06 0.0
0.000323681306 -1.46155867e-06 0.0
0.000334487064 3.40948009e-06 0.0
0.000344663131 8.74012858e-06 0.0
0.000354343589 1.25863271e-05 0.0
0.000364660867 9.57882276e-06 0.0
0.000373314397 -4.50848029e-06 0.0
0.000365299726 -8.46887815e-06 0.0
0.00035995181 -1.25803726e-05 0.0
0.000361724116 -1.79660965e-05 0.0
0.000376074197 -5.21983638e-05 0.0
0.000365730753 -6.12817021e-05 0.0
0.000367293687 -6.99006559e-05 0.0
0.000379510107 -7.9986341e-05 0.0
0.000392861664 -9.03750042e-05 0.0
0.00039678617 -9.88742759e-05 0.0
0.000389364228 -0.000108935601 0.0
0.000368372683 -0.000126299783 0.0
0.000347608671 -0.000144726815 0.0
0.000346326822 -0.000152202425 0.0
0.000378978351 -0.000225636424 0.0
0.000394972187 -0.000237350512 0.0
0.000387620297 -0.000234723033 0.0
0.000377303018 -0.000231715516 0.0
0.00036762259 -0.000235561718 0.0
0.000357446494 -0.000240892376 0.0
0.000346640765 -0.000245763396 0.0
0.000332737603 -0.000245915959 0.0
0.000319605635 -0.000242670154 0.0
0.000305693538 -0.000233927974 0.0
0.000290123455 -0.000222574279 0.0
0.000274110964 -0.000213614083 0.0
0.00026114544 -0.000210755315 0.0
0.000250319077 -0.000214042506 0.0
0.000234544597 -0.000226705233 0.0
0.000215517575 -0.000246141659 0.0
0.000195746907 -0.000264478585 0.0
0.00017731011 -0.000264788599 0.0
0.000116252006 -0.000262642221 0.0
8.99833249e-05 -0.000266719609 0.0
3.62025385e-05 -0.000253017904 0.0
0.000190082472 -0.000168551589 0.0
0.000243559247 -2.64154933e-05 0.0
0.000210133512 -0.000192097839 0.0
0.000197478032 -3.86921602e-05 0.0
0.000148233536 -0.000156152702 0.0
0.000216014087 -0.000138530449 0.0
0.000157871298 -0.000204006777 0.0
0.000155114001 -4.36714654e-05 0.0
0.000355604716 -0.000151510656 0.0
0.000236829466 -5.22551418e-05 0.0
0.000250184938 -0.000124518134 0.0
5.80003834e-05 -0.000151919827 0.0
0.000336043537 -5.20159447e-05 0.0
0.000148058374 -0.000105943021 0.0
0.000324879802 -8.71434677e-05 0.0
0.00027816472 2.21896767e-06 0.0
0.000231546117 -0.000177965558 0.0
0.000124951155 -2.74417016e-05 0.0
7.67512029e-05 -8.90130541e-05 0.0
5.18843626e-06 -0.000193371146 0.0
0.000179848575 -9.66752341e-05 0.0
0.000169763967 -0.000133580834 0.0
0.00015221897 -0.000176599526 0.0
0.000279448315 -3.72612812e-05 0.0
0.00032425372 -0.000163698962 0.0
0.000213075502 -4.84702068e-05 0.0
0.000224121555 -5.01287059e-06 0.0
0.000238330278 -0.000189640909 0.0
4.37525196e-05 -0.000214089887 0.0
0.000172086773 -3.50331538e-05 0.0
0.000101843638 -9.3244329e-05 0.0
6.18708145e-05 -8.12732978e-05 0.0
0.000209058984 -0.000200273833 0.0
0.000176488495 -6.02752334e-05 0.0
0.000235913001 -0.000132467612 0.0
0.000159987263 -0.000102770857 0.0
6.68931752e-05 -7.91080747e-05 0.0
0.000178283182 -0.000214292973 0.0
0.000245792762 -0.000162239856 0.0
0.000129683394 -0.000161655713 0.0
0.000235197906 -0.000137901705 0.0
0.000144955702 -0.000146298044 0.0
0.000192044696 -0.000187586324 0.0
8.43530506e-05 -3.59167752e-05 0.0
0.000175850408 -0.000151660788 0.0
0.000272834324 -6.09915696e-05 0.0
0.000110742913 -2.35568459e-05 0.0
0.000349892827 -0.000101542028 0.0
0.000140172953 -5.10133686e-05 0.0
4.62983189e-05 -0.000129640815 0.0
0.000129796492 -0.000223081195 0.0
4.06587315e-05 -0.000162184588 0.0
0.000249865931 1.13734759e-05 0.0
0.000220537797 -0.00010448086 0.0
0.000217229506 -6.15877289e-05 0.0
3.2664118e-06 -2.12371688e-05 0.0
0.00017809977 -9.43008927e-05 0.0
7.93957224e-05 -0.000143447323 0.0
0.000296257786 2.37760014e-06 0.0
0.000339794118 -6.66233027e-05 0.0
0.000193210974 -5.91294702e-05 0.0
0.000197038666 -1.76075682e-05 0.0
0.000132276822 -0.000115053052 0.0
0.000145747428 -9.54747447e-05 0.0
0.000302222441 -7.07615545e-05 0.0
0.00022033132 -2.91604829e-05 0.0
0.000122642683 -4.91716928e-05 0.0
6.55071635e-05 -3.64302323e-05 0.0
0.000299848907 -0.000229816971 0.0
0.000310219679 -0.000111616915 0.0
9.77239324e-05 -2.93626763e-05 0.0
0.00012802874 -0.000171616775 0.0
0.00035761515 -4.01834004e-05 0.0
0.000301549066 -1.96334386e-05 0.0
7.57711896e-05 -0.000174110086 0.0
0.000309762894 -3.87839827e-05 0.0
0.000209808568 -5.65791997e-05 0.0
0.000229826939 -0.000193037893 0.0
5.44090217e-05 -0.000202654526 0.0
0.000126357496 -0.000199105634 0.0
0.000289801188 -0.000141099226 0.0
0.000212154497 -0.000157179558 0.0
5.3897179e-06 -6.59031357e-05 0.0
0.000279925967 -0.000103271981 0.0
0.000139139578 -2.16043172e-05 0.0
0.000304052548 -0.000170089363 0.0
0.00019070656 -0.000120365592 0.0
3.18136449e-06 -0.000206617158 0.0
0.000352079165 -0.000175927184 0.0
0.000312036515 -0.000176326095 0.0
0.000157804549 -2.94324582e-05 0.0
0.000236168984 -0.000133838126 0.0
4.48750579e-05 -1.39742333e-05 0.0
0.000248195603 -0.000147082959 0.0
7.45277284e-05 -0.000104416271 0.0
0.000225628857 -0.000133830792 0.0
0.000152577326 -0.000126114493 0.0
0.000167275852 -0.000182397765 0.0
0.000236929249 -3.79222656e-05 0.0
0.00025185378 -0.000182642339 0.0
0.000129634311 -9.08128495e-05 0.0
0.000162639612 -6.52748568e-05 0.0
0.000352711853 -0.000146759266 0.0
0.000150707725 -0.000114412949 0.0
-7.63279149e-06 -0.000180037765 0.0
0.000349617767 -0.000152180437 0.0
0.000160489712 -9.82594356e-05 0.0
0.000240149471 -6.63405299e-05 0.0
0.000251346268 -0.000191291649 0.0
0.000368306472 -2.58397777e-05 0.0
0.000271836034 -1.54664503e-05 0.0
0.000103427425 -0.000208791622 0.0
6.05113964e-05 -0.00022929543 0.0
3.60877057e-05 -0.000223742303 0.0
2.22928466e-05 -0.00018973129 0.0
0.000195325236 -0.000256510626 0.0
8.81195083e-05 -7.74206273e-05 0.0
0.000224775344 -0.000186494566 0.0
0.000354328076 -0.000152795983 0.0
0.000314577541 -0.000148209292 0.0
3.69648078e-05 -0.000143065074 0.0
5.24666102e-05 -8.09241828e-05 0.0
0.000157858492 -0.000108171735 0.0
0.000170445026 -0.000163399091 0.0
0.000355924392 -5.18759516e-05 0.0
0.000214801927 -0.000119699311 0.0
0.000216302928 -9.6566604e-05 0.0
0.000183215569 -0.000218357032 0.0
0.000208908852 -0.000205483229 0.0
0.000355922064 -0.000151732762 0.0
0.000179625509 -9.58266173e-05 0.0
0.000207462886 -0.000175990921 0.0
0.000134567847 -0.000152237422 0.0
0.00035428768 -7.83680443e-05 0.0
9.54718198e-05 -0.000109775276 0.0
0.000185646728 -0.000140712029 0.0
0.000254901766 -0.000175399095 0.0
6.19423299e-05 -8.84294059e-05 0.0
0.000290271069 -8.83214452e-05 0.0
0.000154755209 -0.00022656392 0.0
0.000274192571 1.44673131e-05 0.0
0.000297073129 -4.5344219e-05 0.0
0.000271961355 -0.000152496956 0.0
7.95141023e-05 -6.97577707e-05 0.0
0.00024372348 -6.31693865e-06 0.0
0.000106954365 -3.56428827e-05 0.0
5.80609412e-05 -7.1721719e-05 0.0
0.000284964248 -6.37501726e-05 0.0
0.000309622759 -1.03750526e-05 0.0
0.000180100295 -4.70043269e-05 0.0
0.00035849784 -1.84774108e-05 0.0
0.000182544798 -2.2647253e-05 0.0
0.000252156897 -4.34360227e-05 0.0
0.000369057903 -0.00010105117 0.0
0.00012814095 -1.42730678e-05 0.0
0.000210344355 -0.000100185935 0.0
5.77507708e-05 -8.7950888e-05 0.0
5.9319209e-05 -0.000172521977 0.0
6.10165662e-05 -3.4241406e-05 0.0
7.02165416e-05 -7.31550972e-05 0.0
0.000106343992 -0.000256591215 0.0
0.000118347823 -0.00016521287 0.0
8.33300219e-05 -0.000161021104 0.0
0.000157337214 -0.000146171704 0.0
0.000359169819 -2.24165456e-06 0.0
0.000171506719 -0.000117855714 0.0
0.000314641627 -0.000234727442 0.0
3.45784501e-05 -0.00012750052 0.0
0.00025435022 -0.000209810562 0.0
0.000310165924 -0.000174941146 0.0
0.000111610352 -7.7471479e-05 0.0
1.86482714e-06 -5.49049037e-05 0.0
0.000307732553 -0.000176322705 0.0
-6.86257465e-07 -0.000212015017 0.0
0.000115157833 -0.000187653364 0.0
0.000196248875 -6.52757008e-05 0.0
0.000225878975 -0.000167440623 0.0
0.000336361758 -2.89030595e-05 0.0
0.000180555828 -0.000200865485 0.0
7.31800246e-05 -3.39772087e-05 0.0
3.90247624e-05 -0.000167402613 0.0
1.58088587e-05 -0.000231302474 0.0
0.000203578908 -0.000117651689 0.0
6.45768523e-06 -1.30003418e-05 0.0
0.000125452774 -0.000231475293 0.0
4.97961664e-05 -2.01443454e-05 0.0
3.14389363e-05 -0.000245297648 0.0
0.000329858216 -0.000184347344 0.0
0.000285250746 -0.00022136324 0.0
5.18949528e-05 -0.000193855099 0.0
0.000230132398 1.36604494e-05 0.0
0.000120684192 -0.000222511051 0.0
0.000296210637 -5.81312597e-05 0.0
-1.22794324e-06 -0.000145820144 0.0
0.000328363647 -0.000119169992 0.0
0.000245997362 -0.000195952627 0.0
0.000303369306 -0.000162918412 0.0
0.000248046068 -9.92535715e-05 0.0
-1.09967095e-05 -0.00019153289 0.0
6.12048971e-05 -0.000123086953 0.0
0.000146218328 -0.000164905636 0.0
0.000205000848 -4.46877166e-05 0.0
0.000303197274 -5.94448409e-07 0.0
0.000184577686 -9.59726603e-05 0.0
0.000210524449 -2.24063861e-05 0.0
0.00019977511 -0.000202065392 0.0
3.26048976e-05 -0.000192136504 0.0
0.000167173814 -9.64831561e-05 0.0
8.26966789e-05 -0.000179696974 0.0
0.000160646116 -2.6617683e-05 0.0
0.000197891917 -0.000245134783 0.0
0.000213113133 3.89282695e-06 0.0
0.000140255885 -0.000135543843 0.0
0.00021248954 -6.66713458e-05 0.0
2.48474862e-05 -0.000219547714 0.0
0.000300557294 -0.0001191302 0.0
0.00021030083 -0.000185365658 0.0
0.0001643211 -4.10161119e-05 0.0
0.000187675294 -3.32024611e-05 0.0
0.0002271384 -3.52761672e-05 0.0
0.000140473145 -3.69988484e-05 0.0
1.75453188e-05 -7.20352909e-05 0.0
0.000115967458 -0.000175624067 0.0
7.53398899e-06 -0.000177044727 0.0
0.000303853769 -0.000222476796 0.0
0.000202849376 -6.34221215e-05 0.0
0.000254402519 -5.37015767e-05 0.0
-5.64905849e-06 -1.97456284e-05 0.0
4.29143984e-05 -7.67924721e-05 0.0
0.000374811585 -0.000223081035 0.0
6.58554927e-05 -0.000216602042 0.0
0.000260219473 -0.000183988304 0.0
0.000262228335 -0.000151360669 0.0
0.000371109199 -3.88315566e-05 0.0
0.000217734516 -9.35723292e-05 0.0
0.000112382317 -0.00020927134 0.0
0.000189692975 -5.26074109e-05 0.0
0.000207028541 -0.000216287837 0.0
0.000117357973 -0.000121924917 0.0
1.22670699e-05 -2.35915195e-05 0.0
0.000140699107 -0.000141262761 0.0
0.000178366841 -9.48242814e-05 0.0
0.000308601768 -3.22821688e-05 0.0
1.01266805e-05 -0.000223803407 0.0
0.000103027414 -1.69599007e-05 0.0
0.000173398337 -9.51403636e-05 0.0
0.00010558228 -0.000222393224 0.0
0.000265493261 -2.0259024e-06 0.0
0.000224100353 -0.000190066712 0.0
5.66843009e-05 -2.36397645e-05 0.0
0.000287386734 -0.000175814872 0.0
0.000172997446 -7.36799266e-05 0.0
0.000261588226 -2.78192438e-05 0.0
0.000293415069 -4.39287542e-05 0.0
0.000114889212 -0.000212598621 0.0
0.000140265751 -0.000126130501 0.0
0.000230134217 -0.000195496614 0.0
0.000262774818 -0.000152712382 0.0
5.06633733e-05 -2.00857194e-05 0.0
8.58400526e-05 -0.00014042166 0.0
0.000261118985 -0.000208632016 0.0
5.03407646e-05 -4.17501433e-05 0.0
0.000254142942 2.24063169e-05 0.0
0.00035854656 -0.000181208074 0.0
0.000308074086 -0.000143506186 0.0
0.000288124953 -9.34840136e-05 0.0
0.000185398036 -0.00021812522 0.0
0.000123703197 -3.90867172e-05 0.0
4.89035847e-05 -7.01956596e-05 0.0
0.000139559052 -8.60599685e-05 0.0
4.89629201e-05 -0.000229933677 0.0
0.000201851683 -0.00023121151 0.0
0.000355919066 -5.95751408e-05 0.0
0.000193214015 -0.000155677422 0.0
7.14235512e-06 -7.49865212e-05 0.0
0.000248215772 -0.000212778046 0.0
0.000110245637 -0.000234465057 0.0
0.000206343801 -0.000116242358 0.0
0.0001485799 -0.000193382599 0.0
0.0002077885 -9.78799872e-05 0.0
0.000139883923 -6.16695834e-05 0.0
5.47020536e-05 -4.73422879e-05 0.0
6.91033565e-05 -0.000229023703 0.0
0.000374439725 -4.55051268e-05 0.0
0.000265105133 -0.00016249383 0.0
0.000139505821 -0.000157011003 0.0
-1.64411831e-05 -0.000178539325 0.0
0.000132786401 -8.78848587e-05 0.0
0.000179670635 -9.60021789e-05 0.0
0.000131716355 -7.44840218e-05 0.0
0.000359533646 -0.00014746029 0.0
0.000361499639 -0.000153800473 0.0
0.000118126278 -5.21127986e-05 0.0
0.000358665187 3.00279112e-06 0.0
-7.90732156e-06 -2.25870153e-05 0.0
0.000218572357 -0.000130106651 0.0
3.43390166e-05 -1.79187864e-05 0.0
0.000295568316 -0.000116747608 0.0
0.000251421676 -0.000146072183 0.0
0.000162853816 -0.000230056641 0.0
0.00032928685 -0.000102525853 0.0
0.000368624082 -2.6881884e-05 0.0
0.000215500739 -0.00024092519 0.0
0.000368076377 -8.76210543e-05 0.0
0.000116374904 -0.000214950182 0.0
0.000294467958 -0.000114888069 0.0
9.85553415e-05 -3.36976991e-05 0.0
0.00016391353 -9.56563235e-05 0.0
0.000164977086 -5.34249048e-05 0.0
0.000261635985 -0.000189643542 0.0
0.000300452259 -0.000178176575 0.0
0.000331981748 -0.000226445773 0.0
0.000156122202 -0.00010524832 0.0
0.000204677926 -0.000120615819 0.0
0.000142922698 -1.55156449e-05 0.0
7.6382843e-05 -4.47837447e-05 0.0
0.000215352818 -9.35008138e-05 0.0
0.000136679082 -0.000210367754 0.0
0.000111556692 -1.71775682e-05 0.0
0.000167144564 -0.000101258156 0.0
5.98101906e-05 -0.000138768184 0.0
0.000321779633 -6.06502326e-05 0.0
8.54833343e-05 -4.02222286e-05 0.0
0.000364292588 -0.000114423005 0.0
0.000155266447 -0.000135489128 0.0
3.70484922e-05 -0.000172165557 0.0
0.000227211232 -0.000151568544 0.0
0.000352673203 -6.92344183e-05 0.0
3.3719105e-05 -7.16876675e-05 0.0
0.000177177135 -0.000260503846 0.0
0.000109107124 -0.00016872157 0.0
0.00016112531 -0.000155299465 0.0
0.00019411699 -0.000200104201 0.0
0.000340215105 -3.90276091e-06 0.0
2.54200804e-05 -0.000140867793 0.0
7.12491237e-05 -0.000111071517 0.0
4.78443581e-05 -3.14839781e-05 0.0
4.16262337e-05 -0.000180640724 0.0
5.65832306e-05 -8.9744768e-05 0.0
0.000217145556 -0.000193631102 0.0
5.36252737e-05 -8.9408888e-05 0.0
0.000139924072 -0.000234421328 0.0
0.000333688979 -7.68418431e-06 0.0
0.000124822167 -0.000155178481 0.0
0.000232413906 -0.000225435899 0.0
0.000308423507 -0.000144121164 0.0
-5.5249061e-06 -0.000138494666 0.0
0.000164436657 -0.000212883941 0.0
0.000131887427 -7.19850723e-05 0.0
0.000173071196 -0.000192558262 0.0
7.01553799e-05 -8.09035046e-05 0.0
0.000153312532 -6.76920827e-05 0.0
0.000235521788 -1.98616053e-05 0.0
0.000341099047 -7.17655382e-07 0.0
0.000262534944 -7.34331552e-05 0.0
0.000118718599 -0.000225934782 0.0
4.66709243e-05 -4.77760659e-05 0.0
0.000255000137 -0.000208403144 0.0
0.000186702891 -0.00017904886 0.0
0.000246186828 -0.000135564973 0.0
0.000121403995 -1.08702034e-05 0.0
0.000333998207 -0.000141187556 0.0
0.000261200912 -0.00020772533 0.0
0.000358991936 -0.000163537785 0.0
8.90694937e-05 -0.000116916446 0.0
0.00023496752 -9.26288776e-05 0.0
4.7122674e-05 -2.3578692e-05 0.0
0.00026504157 1.05250447e-05 0.0
0.000147061219 -1.70002713e-05 0.0
0.000279507512 -7.34945133e-05 0.0
0.000207649049 -0.000165875361 0.0
0.000106875523 -4.39582691e-05 0.0
0.000119270655 -5.97148464e-05 0.0
0.000319764978 -7.43952842e-05 0.0
0.000107781634 -0.000197566042 0.0
0.00015064457 -5.16396431e-05 0.0
0.000232316059 -7.1587936e-05 0.0
9.64651699e-05 -0.000152885899 0.0
0.000201654591 -0.000108779313 0.0
0.000121480247 -0.000100976104 0.0
0.00016886853 -2.63823804e-05 0.0
2.40827976e-05 -0.000152618057 0.0
0.000198324895 -0.000192829393 0.0
7.14556227e-05 -6.72723399e-05 0.0
0.000117028896 -2.21763821e-05 0.0
5.87037503e-05 -9.71409609e-05 0.0
0.000303432753 -0.000234193867 0.0
0.000298831088 -0.000209309379 0.0
1.15555895e-05 -5.58007487e-05 0.0
0.000285270944 -2.42733622e-05 0.0
0.000100861871 -3.73381954e-05 0.0
0.000352986797 -0.000153180445 0.0
0.000302666245 -0.0001856663 0.0
6.15937024e-05 -5.90167911e-05 0.0
0.000135276772 -0.000163111283 0.0
5.99001942e-05 -0.000179486437 0.0
0.000340283208 -0.000119769247 0.0
1.32681889e-05 -1.68318129e-05 0.0
0.000338514714 -7.4967109e-05 0.0
0.000150583277 -2.9918976e-05 0.0
0.000170594009 -0.000144270671 0.0
0.000344378815 -0.00018882833 0.0
0.000183964323 -7.2302355e-05 0.0
0.000270853343 -4.90424136e-05 0.0
0.000342501968 -5.8180638e-05 0.0
0.000131988825 -0.000146178412 0.0
4.79682421e-06 -2.89511754e-05 0.0
0.000285242102 1.01484138e-05 0.0
0.000267162395 -0.00017744978 0.0
0.000146250692 -0.000151631 0.0
0.000316858175 -8.8804245e-06 0.0
0.000156401569 -0.00011043009 0.0
0.000220526068 -5.57626227e-05 0.0
0.000139060503 -0.000105886807 0.0
0.0003332544 -4.49472918e-06 0.0
0.00021920701 -4.76843998e-05 0.0
9.16798308e-05 -0.000210645987 0.0
0.000269230281 -0.000186138946 0.0
0.000269104086 -0.000169772509 0.0
0.00021578111 -0.000123984413 0.0
0.000128950749 -0.000130248634 0.0
-2.80499808e-06 -1.45182312e-05 0.0
0.000158557144 -9.57229058e-05 0.0
0.000191840052 -7.07932704e-05 0.0
8.8515415e-05 -2.74696886e-05 0.0
3.01050204e-05 -0.000126539409 0.0
8.99809384e-05 -9.24484993e-05 0.0
0.000236875305 -0.00018374731 0.0
0.000231878192 -0.000200408394 0.0
-1.65665988e-05 -0.000199504793 0.0
7.91645361e-05 -6.56445045e-05 0.0
0.000151834975 -0.000100604077 0.0
0.000199120768 -4.32956722e-06 0.0
0.000199464892 -6.9284215e-05 0.0
3.14331228e-05 -0.000184865028 0.0
0.000349072448 -0.000138024639 0.0
0.00023766364 -0.000111357724 0.0
0.000145994563 -0.000125749735 0.0
0.000319317711 -2.51202619e-05 0.0
4.73122236e-05 -0.000155899164 0.0
9.26656649e-05 -0.000177800233 0.0
5.38682143e-05 -2.33972569e-05 0.0
0.000241091722 2.28955741e-05 0.0
0.000314539589 -9.26231496e-06 0.0
0.000267413328 -0.000119608565 0.0
2.71865229e-05 -9.8776989e-05 0.0
0.000295142148 -0.000165561331 0.0
1.58686853e-05 -0.000176035654 0.0
0.000153321816 -9.3818715e-05 0.0
0.000205879056 -0.000145027894 0.0
0.000294372439 -0.000103166385 0.0
9.78473399e-05 -7.05327911e-05 0.0
0.000284660637 -5.59211003e-05 0.0
0.000261049689 -0.000149579166 0.0
9.08457878e-05 -0.000166223574 0.0
0.000226928838 -4.83703625e-05 0.0
0.000183969678 -6.42326122e-05 0.0
4.78295296e-05 -0.000117690215 0.0
0.000367773493 1.94110658e-06 0.0
2.69391294e-05 -0.000104387887 0.0
0.00031809372 -0.000135754846 0.0
7.74758737e-05 -0.00022041511 0.0
3.11508957e-05 -0.000247779244 0.0
0.000294455938 -5.88347029e-05 0.0
0.000262420363 -8.92355965e-05 0.0
0.000237407075 3.49092147e-06 0.0
2.17502948e-05 -0.000202544601 0.0
0.000130227796 -8.43394373e-05 0.0
7.02666875e-05 -0.000151174609 0.0
-2.03228265e-05 -0.000189055019 0.0
1.36769822e-05 -0.000137622148 0.0
0.000354603282 -7.30269994e-06 0.0
0.000316443795 -0.000172341839 0.0
2.47752159e-05 -6.48884597e-05 0.0
0.000201813295 -5.62189634e-05 0.0
7.05901184e-05 -4.42516757e-05 0.0
0.000373307295 -0.00022321289 0.0
0.000199824703 -0.000132021247 0.0
0.000197997055 -9.65231884e-05 0.0
0.000291685748 7.04780973e-07 0.0
0.000360290112 -2.12588129e-05 0.0
2.4439234e-05 -9.68097957e-05 0.0
0.000305175025 -4.78798429e-05 0.0
0.000242498121 -0.000197951595 0.0
0.000287571311 -8.46570492e-06 0.0
0.00026505749 -0.000136171308 0.0
0.000213833817 -7.4007643e-05 0.0
1.86141606e-05 -8.07071992e-05 0.0
0.000306804548 -0.00014648537 0.0
0.000341873965 -4.26705628e-05 0.0
7.21023753e-05 -0.000182422868 0.0
0.000276279839 -0.000182056305 0.0
0.000146256163 -0.000121701916 0.0
1.7132219e-05 -0.000235034197 0.0
0.000185544544 -0.000111470748 0.0
8.73548124e-05 -4.35301881e-05 0.0
0.000147475759 -0.000218658999 0.0
0.000112086935 -0.000182759017 0.0
0.000254925661 -1.50693322e-05 0.0
6.97196447e-05 -0.0001268747 0.0
0.000137167794 -6.33885575e-05 0.0
0.000318489852 -2.70040546e-05 0.0
0.000272588513 -0.00021116338 0.0
0.000341999927 -0.000164113793 0.0
0.000303832436 -0.000171514766 0.0
0.000307697279 -9.89657492e-05 0.0
2.27691453e-05 -0.000224018077 0.0
2.22675499e-05 -0.000158290903 0.0
0.000284136157 -0.000218671616 0.0
0.000365233398 -0.000170618878 0.0
0.000286733994 -0.000101815975 0.0
6.45448818e-05 -0.000164283774 0.0
0.000315207755 -0.000222697476 0.0
0.000390528992 -0.000235392916 0.0
0.000156679802 -0.000113004542 0.0
8.60755899e-05 -0.000246099778 0.0
0.000215387714 -4.04965358e-05 0.0
0.000297383813 -0.000164805548 0.0
1.67618236e-05 -2.56942167e-05 0.0
6.82109458e-05 -9.14759439e-05 0.0
0.000324046356 -0.000188474965 0.0
0.000130048633 -0.000187434562 0.0
0.00032185539 -4.62160424e-05 0.0
0.000110298861 -1.31579673e-05 0.0
8.24019953e-05 -0.000216546759 0.0
0.00034604239 -9.12009564e-05 0.0
-4.51904089e-06 -6.57992423e-05 0.0
0.000111554044 -0.000176456306 0.0
0.0003254849 -7.83780797e-06 0.0
7.25740028e-05 -0.0002050357 0.0
7.36637303e-05 -0.000226846212 0.0
0.000174205707 -0.000173014399 0.0
0.000220143527 -9.27625806e-05 0.0
0.000293703313 -0.000153690271 0.0
0.000210846338 -1.04956962e-05 0.0
4.03440617e-06 -6.87032752e-06 0.0
0.000239514702 -0.000170558909 0.0
0.000318279228 -0.000180969946 0.0
0.000348602596 -2.77129511e-05 0.0
0.000110802335 -0.000216592962 0.0
1.38069045e-05 -8.25070238e-05 0.0
0.000227021155 -1.60190993e-05 0.0
0.000116877272 -7.45824e-05 0.0
0.000275743543 -9.98881951e-05 0.0
0.000198835856 -2.79182314e-05 0.0
0.000234799736 -0.000193136191 0.0
0.000141669356 -9.88301763e-05 0.0
7.41596523e-05 -0.000224735675 0.0
0.000183454846 -0.000128011103 0.0
0.000113397124 -0.000217283858 0.0
0.000141770273 -0.000130293964 0.0
0.000134685688 -1.15115881e-05 0.0
0.000152419292 -0.000117590207 0.0
5.81323402e-05 -0.000238504668 0.0
0.000208458965 -3.35211298e-05 0.0
8.60632645e-05 -0.000134863672 0.0
0.000131327382 -0.000176601636 0.0
0.000146057559 -0.000113736874 0.0
1.78670871e-05 -1.20998802e-05 0.0
9.55302385e-05 -2.7161399e-05 0.0
