4.96422945e-05 -0.000155200571 0.0
3.71296373e-05 -0.000215236971 0.0
3.00855263e-05 -0.00019950034 0.0
5.85012858e-05 -0.000174697518 0.0
-0.000407335698 -0.000158185474 0.0
-0.000380357844 -0.000156171169 0.0
-0.000361468963 -0.000155086673 0.0
-0.000371887232 -0.000129875523 0.0
0.000191325424 -0.000155086673 0.0
0.000172436572 -0.000156171169 0.0
0.000145458704 -0.000158185474 0.0
-0.000460365613 -0.000207226156 0.0
-0.000467843114 -0.000246191164 0.0
-0.000473890104 -0.00028258597 0.0
-0.000401451689 -0.000241757298 0.0
5.72915014e-05 -5.39731736e-05 0.0
6.33384843e-05 -1.75783553e-05 0.0
7.08160005e-05 2.13866479e-05 0.0
-0.0003077492 -0.000203849588 0.0
-0.000314229081 -0.000212157043 0.0
-0.000320648367 -0.000221269802 0.0
-0.000284443988 -0.000206075274 0.0
0.000210533239 7.34299783e-06 0.0
0.000216952525 1.64557568e-05 0.0
0.000223432406 2.47632051e-05 0.0
0.000416061957 1.42439467e-05 0.0
0.000399651472 -7.64022479e-05 0.0
0.000389789668 -4.95544373e-05 0.0
0.000423895981 -8.40111898e-06 0.0
5.84249865e-05 -0.000179364477 0.0
3.39139406e-05 -0.00018159562 0.0
1.2620726e-05 -0.000183775643 0.0
1.67176549e-05 -0.000237342421 0.0
-0.000540173671 -0.000183775643 0.0
-0.000518880435 -0.00018159562 0.0
-0.000494369422 -0.000179364477 0.0
-0.00029194486 -0.000154458336 0.0
-0.000305395894 -0.000217876135 0.0
-0.000310239906 -0.000200354218 0.0
-0.000287546893 -0.000170483792 0.0
-0.000100562553 -0.000192666994 0.0
-0.000121199613 -0.000258498359 0.0
-0.000130841814 -0.000228612742 0.0
-9.10125527e-05 -0.000221787574 0.0
9.28176814e-05 -7.19156815e-05 0.0
7.45278739e-05 -0.000103146915 0.0
7.78343529e-05 -8.56741535e-05 0.0
8.95980556e-05 -9.15616838e-05 0.0
-0.000100247307 -8.67367999e-05 0.0
-7.98384062e-05 -8.53212478e-05 0.0
-5.81114618e-05 -8.36102263e-05 0.0
-6.01074171e-05 -2.77610143e-05 0.0
-8.74266261e-05 -6.82277896e-05 0.0
-5.63215108e-05 -5.42694797e-05 0.0
0.000494682929 -8.36102263e-05 0.0
0.000472955988 -8.53212478e-05 0.0
0.000452547101 -8.67367999e-05 0.0
-0.000204722513 -5.81877684e-05 0.0
-0.000225034484 -0.00012837445 0.0
-0.000235938991 -9.9631623e-05 0.0
-0.000193682601 -8.24765302e-05 0.0
1.72892014e-05 -3.11666881e-05 0.0
-3.5795033e-06 -5.58124775e-05 0.0
2.82543709e-07 -4.30498185e-05 0.0
1.65621186e-05 -4.18370582e-05 0.0
1.18775051e-05 -8.97361169e-05 0.0
-7.56272448e-06 -0.000123152786 0.0
-1.02692202e-05 -0.000108836924 0.0
1.78853534e-05 -9.82227939e-05 0.0
0.000171513355 -0.000130607106 0.0
0.000154736481 -0.000139810654 0.0
0.000166414873 -0.000132172092 0.0
0.000159267147 -0.000133450114 0.0
-0.000106914682 -9.75129587e-05 0.0
-0.000129919674 -0.000160153868 0.0
-0.00013795252 -0.000139558615 0.0
-9.98841424e-05 -0.000120921737 0.0
0.000179716662 -9.46827276e-05 0.0
0.000160406766 -0.000138768213 0.0
0.000155820002 -0.000125497638 0.0
0.000185794474 -0.0001112877 0.0
-0.000531181577 -0.0002286128 0.0
0.0 0.0 0.0
0.000552794372 0.0 0.0
2.16127992e-05 -0.0002286128 0.0
3.85477615e-05 -0.000157196991 0.0
2.85420938e-05 -0.000161155389 0.0
1.9948191e-05 -0.00016607705 0.0
1.29146829e-05 -0.000171780295 0.0
7.79741094e-06 -0.000179373485 0.0
4.46591184e-06 -0.000188327031 0.0
4.34601316e-06 -0.000197282046 0.0
7.2352459e-06 -0.000204779382 0.0
1.23860809e-05 -0.000210344748 0.0
1.94328604e-05 -0.000213700347 0.0
2.78225743e-05 -0.000215469277 0.0
4.67782083e-05 -0.000212735671 0.0
5.59409782e-05 -0.000208772719 0.0
6.40086e-05 -0.000203678064 0.0
7.07375584e-05 -0.000198216687 0.0
7.59883696e-05 -0.000191911779 0.0
7.98365436e-05 -0.000184858451 0.0
8.16763059e-05 -0.000177206748 0.0
8.12676735e-05 -0.000170173807 0.0
7.74138898e-05 -0.000164479497 0.0
7.09685773e-05 -0.000159170522 0.0
6.10950083e-05 -0.000155899907 0.0
4.39746618e-05 -0.000186928941 0.0
-0.000399726356 -0.000157510207 0.0
-0.00039066709 -0.0001568429 0.0
-0.000371553848 -0.000155701229 0.0
-0.000365571817 -0.000155332164 0.0
-0.000356991746 -0.000151831773 0.0
-0.000353687967 -0.000146108796 0.0
-0.000352969102 -0.000139999873 0.0
-0.000354385847 -0.000134982081 0.0
-0.000357629673 -0.00013176928 0.0
-0.000361743529 -0.000129910826 0.0
-0.000366610533 -0.000129520704 0.0
-0.000377462071 -0.000131306093 0.0
-0.0003834831 -0.000133699403 0.0
-0.000389816094 -0.000137001422 0.0
-0.000395704003 -0.000140905817 0.0
-0.000400646823 -0.00014496682 0.0
-0.000404694118 -0.000148852385 0.0
-0.000406941544 -0.000153531233 0.0
0.000187222584 -0.000155332164 0.0
0.000181240568 -0.000155701229 0.0
0.000162127311 -0.0001568429 0.0
0.000153068031 -0.000157510207 0.0
0.000147991435 -0.000162614393 0.0
0.000153078727 -0.00016625518 0.0
0.000159615854 -0.000167980863 0.0
0.000166376893 -0.000167948165 0.0
0.000172815839 -0.000166013517 0.0
0.000178323971 -0.000163123463 0.0
0.00018250526 -0.000160308817 0.0
0.000187039215 -0.000157307237 0.0
-0.000462500931 -0.00021739419 0.0
-0.000464995624 -0.000229995567 0.0
-0.000470433559 -0.000262260175 0.0
-0.000472430227 -0.000274063117 0.0
-0.000463411823 -0.0002836778 0.0
-0.000452684821 -0.000282814261 0.0
-0.000441867945 -0.00027978755 0.0
-0.000431212218 -0.000274697144 0.0
-0.000421256758 -0.000267815456 0.0
-0.000412460067 -0.000259797031 0.0
-0.000405418104 -0.000251093792 0.0
-0.000400067453 -0.000232150516 0.0
-0.000402142876 -0.000223083101 0.0
-0.000407145388 -0.000214900632 0.0
-0.000414695096 -0.000208052341 0.0
-0.000423637801 -0.000203817413 0.0
-0.000434534246 -0.000202378142 0.0
-0.000447029306 -0.000203471078 0.0
5.87513605e-05 -4.5450317e-05 0.0
6.07480542e-05 -3.36473786e-05 0.0
6.61859667e-05 -1.38276823e-06 0.0
6.86806743e-05 1.12186035e-05 0.0
5.81525819e-05 1.52831326e-05 0.0
4.74132321e-05 7.71115901e-06 0.0
3.90868627e-05 -6.38406846e-07 0.0
3.3308912e-05 -8.86215639e-06 0.0
3.04400728e-05 -1.87693768e-05 0.0
3.02541757e-05 -2.88404099e-05 0.0
3.36061385e-05 -3.79408521e-05 0.0
3.98660595e-05 -4.54771434e-05 0.0
4.79230584e-05 -5.07657678e-05 0.0
-0.000310468953 -0.000207405828 0.0
-0.000317954517 -0.000217267778 0.0
-0.000318175909 -0.000222231072 0.0
-0.000314673583 -0.000222047878 0.0
-0.000310058938 -0.000220721806 0.0
-0.00030416713 -0.000218071451 0.0
-0.000298632222 -0.000214828629 0.0
-0.0002938213 -0.000210863509 0.0
-0.000290093885 -0.000207751174 0.0
-0.000287124683 -0.000206837954 0.0
-0.00028224822 -0.000204542259 0.0
-0.000281039916 -0.000202623734 0.0
-0.000280957785 -0.00020086077 0.0
-0.000282068242 -0.000199477261 0.0
-0.00028480537 -0.000198918831 0.0
-0.000289204501 -0.000199029324 0.0
-0.000295064412 -0.000200216033 0.0
-0.00030147779 -0.000201629286 0.0
0.000213227075 1.13450187e-05 0.0
0.000220712638 2.12069754e-05 0.0
0.00021760154 2.18306941e-05 0.0
0.000212775616 1.86319885e-05 0.0
0.000209589532 1.55444613e-05 0.0
0.000208361744 1.22625015e-05 0.0
0.000208929254 9.42917359e-06 0.0
0.000403220678 1.28532529e-05 0.0
0.000390148925 8.24380277e-06 0.0
0.000378048571 8.45730199e-07 0.0
0.000366829307 -7.99602185e-06 0.0
0.000357726356 -1.89085258e-05 0.0
0.000352596864 -3.12729062e-05 0.0
0.000350575574 -4.50936313e-05 0.0
0.000354149495 -5.6108609e-05 0.0
0.00036172301 -6.56369739e-05 0.0
0.000372632872 -7.25753416e-05 0.0
0.000385745021 -7.62383424e-05 0.0
0.000413803966 -7.36560905e-05 0.0
0.000427112158 -6.79800287e-05 0.0
0.00043869947 -6.00192907e-05 0.0
0.000447908591 -4.99332891e-05 0.0
0.000454454101 -3.78682089e-05 0.0
0.000457661168 -2.49897494e-05 0.0
0.0004572373 -1.30971375e-05 0.0
0.000453584682 -3.15738157e-06 0.0
0.000446810271 4.32650177e-06 0.0
0.000437902956 9.63725688e-06 0.0
0.000427465478 1.30476919e-05 0.0
0.000407287036 -2.83368863e-05 0.0
4.72835018e-05 -0.000180305302 0.0
2.16472963e-05 -0.000182939111 0.0
4.58684463e-06 -0.000189520375 0.0
-2.18784135e-06 -0.000196710069 0.0
-7.16032537e-06 -0.000205167511 0.0
-9.80185359e-06 -0.000214246975 0.0
-1.0000269e-05 -0.000222265749 0.0
-7.86852706e-06 -0.000228592398 0.0
-4.16755938e-06 -0.000232981489 0.0
8.12899259e-07 -0.00023591239 0.0
7.55370957e-06 -0.000237386033 0.0
2.7641312e-05 -0.000235241678 0.0
3.86767533e-05 -0.000231490631 0.0
4.83468029e-05 -0.000226360178 0.0
5.62957794e-05 -0.000220350877 0.0
6.2076615e-05 -0.000213573381 0.0
6.66032793e-05 -0.000206372337 0.0
6.87845386e-05 -0.000198888651 0.0
6.87283464e-05 -0.000191311046 0.0
6.51446826e-05 -0.000184840101 0.0
-0.000531147118 -0.000182939111 0.0
-0.000505510892 -0.000180305302 0.0
-0.000501790491 -0.000176158661 0.0
-0.000509590376 -0.000174833956 0.0
-0.000517332694 -0.000175121619 0.0
-0.000524975883 -0.000177041729 0.0
-0.000532579375 -0.000179977476 0.0
-0.000301474531 -0.000157385235 0.0
-0.000310428411 -0.000162469572 0.0
-0.000318283855 -0.000168153303 0.0
-0.000324195425 -0.000173600958 0.0
-0.00032914136 -0.000178192728 0.0
-0.000333533884 -0.000182789707 0.0
-0.000336591474 -0.000189863145 0.0
-0.000336962868 -0.000197744346 0.0
-0.000334223325 -0.000205057804 0.0
-0.000328571099 -0.000211348626 0.0
-0.00032123577 -0.000215733002 0.0
-0.000313489058 -0.000217502966 0.0
-0.000297179446 -0.000216367407 0.0
-0.000288624869 -0.000213207299 0.0
-0.000279840082 -0.000208844926 0.0
-0.000271421508 -0.000202985902 0.0
-0.000264271861 -0.000195647619 0.0
-0.000258848682 -0.000186846097 0.0
-0.000256825326 -0.000177460533 0.0
-0.000257861597 -0.000169091014 0.0
-0.000261450652 -0.000162603057 0.0
-0.000267222786 -0.000157973278 0.0
-0.000274355669 -0.000154987632 0.0
-0.000282762165 -0.000153739325 0.0
-0.000299244479 -0.000185716082 0.0
-0.000112583701 -0.000195193163 0.0
-0.000124607395 -0.000199732953 0.0
-0.000134959279 -0.000206368626 0.0
-0.000142611156 -0.000214277155 0.0
-0.000147782412 -0.000223266237 0.0
-0.00014993806 -0.000232585415 0.0
-0.000149222455 -0.000241450645 0.0
-0.00014577109 -0.000249020144 0.0
-0.000139922355 -0.000254695507 0.0
-0.000131710171 -0.000257719541 0.0
-0.000109350731 -0.00025638807 0.0
-9.75944931e-05 -0.000252395752 0.0
-8.68587522e-05 -0.000246090058 0.0
-7.79433758e-05 -0.000238004839 0.0
-7.15604911e-05 -0.000227563447 0.0
-6.93788315e-05 -0.000216841901 0.0
-7.09755477e-05 -0.000207404839 0.0
-7.52563501e-05 -0.000200079143 0.0
-8.16402899e-05 -0.00019536668 0.0
-8.99247025e-05 -0.000192797816 0.0
-0.000111175716 -0.00022535499 0.0
8.77268685e-05 -7.22648911e-05 0.0
8.17149994e-05 -7.3904499e-05 0.0
7.471961e-05 -7.64926226e-05 0.0
6.69772489e-05 -8.15991662e-05 0.0
6.10387797e-05 -8.8869012e-05 0.0
5.9088281e-05 -9.49076784e-05 0.0
5.95594174e-05 -9.86203304e-05 0.0
6.17655969e-05 -0.000100915895 0.0
6.46061962e-05 -0.000102034901 0.0
6.78812648e-05 -0.00010296276 0.0
7.11160392e-05 -0.000103347549 0.0
7.91856291e-05 -0.000102133046 0.0
8.49213684e-05 -9.97512252e-05 0.0
9.10338931e-05 -9.67064843e-05 0.0
9.6783624e-05 -9.29265589e-05 0.0
0.000101650243 -8.90350711e-05 0.0
0.000105054431 -8.51005389e-05 0.0
0.000106349216 -8.10187048e-05 0.0
0.000105712184 -7.74823711e-05 0.0
0.000103639839 -7.48272723e-05 0.0
0.000100559351 -7.29010717e-05 0.0
9.67369269e-05 -7.18466763e-05 0.0
8.38856649e-05 -8.90216397e-05 0.0
-9.14101329e-05 -8.61393128e-05 0.0
-6.761236e-05 -8.44472961e-05 0.0
-4.94393134e-05 -7.81778363e-05 0.0
-4.18188174e-05 -7.21175238e-05 0.0
-3.61112179e-05 -6.45082182e-05 0.0
-3.28453898e-05 -5.58242391e-05 0.0
-3.2594653e-05 -4.72258725e-05 0.0
-3.57722056e-05 -3.95672396e-05 0.0
-4.08230808e-05 -3.37143829e-05 0.0
-4.64515688e-05 -3.04178411e-05 0.0
-5.23395684e-05 -2.84241287e-05 0.0
-6.97684009e-05 -2.91875531e-05 0.0
-8.06356402e-05 -3.28654569e-05 0.0
-9.11260504e-05 -3.87126674e-05 0.0
-9.98535979e-05 -4.63184369e-05 0.0
-0.000106820167 -5.54245671e-05 0.0
-0.000110317618 -6.41106599e-05 0.0
-0.000111184665 -7.15550559e-05 0.0
-0.000109482186 -7.76165034e-05 0.0
-0.000105727806 -8.27996191e-05 0.0
0.000485182041 -8.44472961e-05 0.0
0.000461384276 -8.61393128e-05 0.0
0.000459385308 -8.9282672e-05 0.0
0.000466852449 -9.04586996e-05 0.0
0.000475572655 -9.02397733e-05 0.0
0.000485172524 -8.81582819e-05 0.0
-0.000214562519 -5.95883903e-05 0.0
-0.000225045733 -6.34406169e-05 0.0
-0.000235339205 -6.93736292e-05 0.0
-0.000244860828 -7.67410456e-05 0.0
-0.000252467697 -8.53297533e-05 0.0
-0.000257059321 -9.50634931e-05 0.0
-0.000258346641 -0.00010500558 0.0
-0.000256296393 -0.000113539129 0.0
-0.000251857127 -0.000120192926 0.0
-0.000245135132 -0.000125089762 0.0
-0.000236056425 -0.000127594074 0.0
-0.000212975487 -0.000126698593 0.0
-0.000201179661 -0.000122335085 0.0
-0.00019025401 -0.000115535811 0.0
-0.000181208045 -0.000106403517 0.0
-0.000174804256 -9.60433026e-05 0.0
-0.000171575783 -8.61707231e-05 0.0
-0.000171824257 -7.78826579e-05 0.0
-0.000175176086 -7.10876557e-05 0.0
-0.000180702511 -6.52982271e-05 0.0
-0.000188040285 -6.09433009e-05 0.0
-0.000196101406 -5.85303897e-05 0.0
-0.000214668064 -9.08944639e-05 0.0
1.33708263e-05 -3.23162021e-05 0.0
8.28764405e-06 -3.44522632e-05 0.0
2.76726291e-06 -3.69484405e-05 0.0
-2.37349013e-06 -4.00721001e-05 0.0
-6.64477739e-06 -4.35192815e-05 0.0
-1.00452107e-05 -4.66705387e-05 0.0
-1.18963544e-05 -4.92756408e-05 0.0
-1.21410312e-05 -5.14853673e-05 0.0
-1.10039682e-05 -5.34163191e-05 0.0
-9.44176008e-06 -5.49531069e-05 0.0
-7.49463015e-06 -5.57015701e-05 0.0
2.50430685e-06 -5.48284697e-05 0.0
1.0058513e-05 -5.2110503e-05 0.0
1.70851745e-05 -4.85757337e-05 0.0
2.29857014e-05 -4.54096516e-05 0.0
2.69008997e-05 -4.25120888e-05 0.0
2.8786264e-05 -3.9710485e-05 0.0
2.93227731e-05 -3.65985761e-05 0.0
2.82921374e-05 -3.36076519e-05 0.0
2.61020359e-05 -3.14413737e-05 0.0
2.30556416e-05 -3.05059712e-05 0.0
2.00996164e-05 -3.05998183e-05 0.0
7.66985977e-06 -4.23051497e-05 0.0
4.38901679e-06 -9.14526245e-05 0.0
-2.53968392e-06 -9.42692714e-05 0.0
-8.72799046e-06 -9.77143573e-05 0.0
-1.37781835e-05 -0.000101069738 0.0
-1.76793383e-05 -0.000104803141 0.0
-2.02200808e-05 -0.000108989982 0.0
-2.14814245e-05 -0.000113139962 0.0
-2.12942123e-05 -0.000116958974 0.0
-1.89663642e-05 -0.000119579039 0.0
-1.45327967e-05 -0.000121733239 0.0
1.56061299e-06 -0.000122308469 0.0
1.15734838e-05 -0.000119303171 0.0
2.06768891e-05 -0.00011498668 0.0
2.80122185e-05 -0.00010812976 0.0
3.23755266e-05 -0.000100947524 0.0
3.27816197e-05 -9.60245379e-05 0.0
3.14162971e-05 -9.37346413e-05 0.0
2.95897025e-05 -9.21675019e-05 0.0
2.53644957e-05 -9.0712696e-05 0.0
1.92338066e-05 -8.9749039e-05 0.0
3.12013663e-06 -0.000103708495 0.0
0.000167726073 -0.000131620938 0.0
0.000164150159 -0.000133060297 0.0
0.000161012693 -0.000134663627 0.0
0.000157238348 -0.000135487629 0.0
0.000154043199 -0.000135323455 0.0
0.000150215521 -0.000136268471 0.0
0.00014711413 -0.000136260976 0.0
0.000145235914 -0.000136530143 0.0
0.00014500432 -0.000137077121 0.0
0.000146332939 -0.000138907722 0.0
0.000150248976 -0.000140008007 0.0
0.000158813098 -0.000137810275 0.0
0.000162356737 -0.000134657763 0.0
0.000165077727 -0.000130860746 0.0
0.000166785932 -0.000127105013 0.0
0.000168691171 -0.000127156178 0.0
0.00017113889 -0.000128937492 0.0
0.000173692082 -0.000129827778 0.0
0.000175825146 -0.000129870386 0.0
0.0001771026 -0.000129626656 0.0
0.000176876652 -0.00012972641 0.0
0.000175072957 -0.000130193992 0.0
0.000162777695 -0.000132218847 0.0
-0.000118173542 -9.86613522e-05 0.0
-0.000129807697 -0.000102059093 0.0
-0.000140618984 -0.000107452855 0.0
-0.000149734988 -0.000114897011 0.0
-0.000156295064 -0.000124271348 0.0
-0.000159993127 -0.000134448404 0.0
-0.000160450465 -0.00014385437 0.0
-0.000157274902 -0.000151115863 0.0
-0.000152054825 -0.000156104099 0.0
-0.000145312952 -0.000159156785 0.0
-0.000137804236 -0.000160471638 0.0
-0.000120828328 -0.000157870105 0.0
-0.0001114021 -0.000153366069 0.0
-0.000102399812 -0.000147531682 0.0
-9.44014246e-05 -0.000140715827 0.0
-8.79323052e-05 -0.000133064721 0.0
-8.35833052e-05 -0.00012478455 0.0
-8.22355432e-05 -0.000117456264 0.0
-8.30986901e-05 -0.00011099867 0.0
-8.56159168e-05 -0.000105514162 0.0
-9.05044872e-05 -0.000101722522 0.0
-9.75283401e-05 -9.88912871e-05 0.0
-0.00011848408 -0.000130066561 0.0
0.000171795793 -9.77801319e-05 0.0
0.000164152749 -0.000102786762 0.0
0.000157909017 -0.000108647364 0.0
0.000154226451 -0.000115229595 0.0
0.000151739994 -0.00011853801 0.0
0.00014859908 -0.000120543336 0.0
0.000146134669 -0.000123661943 0.0
0.00014435999 -0.000127159059 0.0
0.000144205405 -0.000130298838 0.0
0.000145744518 -0.000132865898 0.0
0.000149327243 -0.000135223687 0.0
0.000154658715 -0.00013725883 0.0
0.000167110658 -0.000138514632 0.0
0.000174679997 -0.000136987874 0.0
0.000182728691 -0.000134037895 0.0
0.000190471153 -0.000130079759 0.0
0.000198015914 -0.000125467166 0.0
0.000203218908 -0.000119571232 0.0
0.000206370038 -0.000113003734 0.0
0.00020691182 -0.000106772859 0.0
0.000204759024 -0.000101242425 0.0
0.000200512659 -9.65393483e-05 0.0
0.000194319771 -9.42973638e-05 0.0
0.000187309415 -9.36110446e-05 0.0
0.000169665189 -0.000119455508 0.0
-0.000517966459 -0.000220034912 0.0
-0.000520626258 -0.000206981058 0.0
-0.000367008965 -0.00015384327 0.0
-0.000354749791 -0.000147947649 0.0
-0.000312935852 -0.000132633693 0.0
-0.000268427597 -0.000118554679 0.0
-0.000246695185 -0.000109485532 0.0
-0.000238846158 -0.000104272898 0.0
-0.000235482265 -9.80808254e-05 0.0
-0.000224294272 -9.64549763e-05 0.0
-0.000194792563 -9.56194126e-05 0.0
-0.000148971725 -9.3687464e-05 0.0
-9.11939787e-05 -4.0406645e-05 0.0
-8.42072914e-05 -2.77676409e-05 0.0
-5.90185336e-05 -1.70455969e-05 0.0
-2.70775636e-05 -8.891996e-06 0.0
3.03945089e-05 -3.17795639e-05 0.0
0.000118698583 -2.118679e-05 0.0
0.000160817537 -2.00884897e-05 0.0
0.000259377557 -1.57870545e-05 0.0
0.00028770318 -4.46121012e-05 0.0
0.000313202123 -4.17179945e-05 0.0
0.000338109036 -2.5273519e-05 0.0
0.000358915044 -7.97559642e-06 0.0
0.000371979957 3.0137976e-06 0.0
0.000384817802 6.86568683e-06 0.0
0.000403183367 -3.47819537e-06 0.0
0.000422872457 -2.4575791e-05 0.0
0.000438860414 -4.1167681e-05 0.0
0.000451921835 -4.09569584e-05 0.0
0.000464488927 -2.83609115e-05 0.0
0.000477727968 -1.21653184e-05 0.0
0.00049134763 4.5664201e-06 0.0
0.000506969402 1.81065661e-05 0.0
0.000526346324 1.89012226e-05 0.0
0.000525716809 -8.891996e-06 0.0
0.000493775879 -1.70455969e-05 0.0
0.000468587095 -2.77676409e-05 0.0
0.00046160043 -4.0406645e-05 0.0
0.000403822691 -9.3687464e-05 0.0
0.000358001824 -9.56194126e-05 0.0
0.000328500115 -9.64549763e-05 0.0
0.000317312137 -9.80808254e-05 0.0
0.000313948229 -0.000104272898 0.0
0.000306099217 -0.000109485532 0.0
0.000284366804 -0.000118554679 0.0
0.000239858535 -0.000132633693 0.0
0.00019804461 -0.000147947649 0.0
0.000185785422 -0.00015384327 0.0
3.21681291e-05 -0.000206981058 0.0
3.48279573e-05 -0.000220034912 0.0
-4.835254e-06 -0.000209711579 0.0
-2.4212175e-05 -0.00021050623 0.0
-3.9833958e-05 -0.00022404638 0.0
-5.34536412e-05 -0.000240778114 0.0
-6.6692679e-05 -0.000256973697 0.0
-7.92597712e-05 -0.000269569748 0.0
-9.23211992e-05 -0.000269780488 0.0
-0.000108309127 -0.000253188598 0.0
-0.000127998253 -0.000232090999 0.0
-0.000146363789 -0.000221747119 0.0
-0.000159201634 -0.000225598997 0.0
-0.000172266562 -0.000236588399 0.0
-0.000193072556 -0.000253886334 0.0
-0.000217979468 -0.000270330784 0.0
-0.000243478426 -0.000273224898 0.0
-0.000271804049 -0.000244399853 0.0
-0.000370364054 -0.000248701283 0.0
-0.000412483001 -0.000249799603 0.0
-0.000500787108 -0.000260392349 0.0
2.99919229e-05 -0.000177905647 0.0
5.67801726e-05 -0.000194741166 0.0
6.5965578e-05 -0.000184638411 0.0
2.13941294e-05 -0.000189125465 0.0
4.28510066e-05 -0.000169656487 0.0
4.42640339e-05 -0.000202892799 0.0
2.92169771e-05 -0.00016934509 0.0
5.64051479e-05 -0.000201909526 0.0
6.67749409e-05 -0.000193288855 0.0
1.88733902e-05 -0.000178679285 0.0
1.46073153e-05 -0.000197567599 0.0
7.33029592e-05 -0.000176911024 0.0
3.50856462e-05 -0.000209192032 0.0
5.26945041e-05 -0.000163234363 0.0
1.29245018e-05 -0.000185350771 0.0
6.38186466e-05 -0.000198901413 0.0
2.21478022e-05 -0.000172648215 0.0
4.92463078e-05 -0.000207195902 0.0
7.27582665e-05 -0.000187480473 0.0
3.65396372e-05 -0.000163877281 0.0
6.84380866e-05 -0.000166626865 0.0
2.10123508e-05 -0.000207509031 0.0
1.71461597e-05 -0.000203956501 0.0
7.18030569e-05 -0.000170571351 0.0
7.48341336e-05 -0.000182167161 0.0
1.15825051e-05 -0.000191650935 0.0
6.2316125e-05 -0.000164151978 0.0
2.66772149e-05 -0.000209121092 0.0
4.24409009e-05 -0.000209518141 0.0
4.41023658e-05 -0.000161855147 0.0
3.25130168e-05 -0.000186642414 0.0
5.52176061e-05 -0.000187073281 0.0
4.17264928e-05 -0.000178455695 0.0
4.58892719e-05 -0.000194984968 0.0
-0.000372107577 -0.00014396249 0.0
-0.00038646051 -0.000145770406 0.0
-0.000378028984 -0.000138132731 0.0
-0.000364054518 -0.000148848572 0.0
-0.000395973708 -0.000150534179 0.0
-0.000361683051 -0.00014108709 0.0
-0.000365999789 -0.00013718383 0.0
-0.000384848041 -0.000138865566 0.0
-0.000380363228 -0.000149214713 0.0
-0.00039191285 -0.000143479032 0.0
-0.000371598057 -0.000150098829 0.0
-0.000388966728 -0.000150931824 0.0
-0.000370922673 -0.000134287533 0.0
-0.00037890175 -0.000143184981 0.0
-0.000375739415 -0.000133904541 0.0
-0.000362318679 -0.000152399458 0.0
-0.000367066415 -0.000152694498 0.0
-0.000397970143 -0.000147407409 0.0
-0.000373230869 -0.000139305092 0.0
-0.000360437873 -0.000136392526 0.0
-0.000359046127 -0.000144603197 0.0
-0.000401113852 -0.000153884728 0.0
-0.00039049334 -0.000140200951 0.0
-0.000394605391 -0.000153819259 0.0
-0.000380185083 -0.000135159353 0.0
-0.000366780791 -0.000145528844 0.0
-0.000383765815 -0.000141860612 0.0
-0.000359331432 -0.000148935578 0.0
-0.000401325698 -0.000150782827 0.0
-0.000392354268 -0.00014689847 0.0
-0.000365830085 -0.000133138048 0.0
-0.000385069638 -0.000153251633 0.0
0.000175971247 -0.000160779266 0.0
0.000165683741 -0.000162287455 0.0
0.000155338726 -0.000161150136 0.0
0.000183786222 -0.000157875504 0.0
0.000180338946 -0.000159871532 0.0
0.00015942016 -0.000162985598 0.0
0.000170811109 -0.000162616241 0.0
-0.000441007345 -0.000255705381 0.0
-0.000437527604 -0.000233260507 0.0
-0.000419344957 -0.000240325535 0.0
-0.000444084639 -0.000219371825 0.0
-0.000455340574 -0.000270817371 0.0
-0.000439168129 -0.00026742529 0.0
-0.000420429918 -0.000252305268 0.0
-0.000425573176 -0.00021507834 0.0
-0.000416900148 -0.000227395125 0.0
-0.000450640859 -0.000233669838 0.0
-0.000441835728 -0.000243593968 0.0
-0.000455467409 -0.000260413974 0.0
-0.000427059626 -0.000262686692 0.0
-0.000451749336 -0.000213362946 0.0
-0.000430628192 -0.000247984513 0.0
-0.000410203822 -0.000232337436 0.0
-0.000434391724 -0.000212000508 0.0
-0.000411946443 -0.000244877534 0.0
-0.000448009756 -0.00027462584 0.0
-0.0004181728 -0.0002181538 0.0
-0.000455263886 -0.000223064897 0.0
-0.000463968492 -0.000276351377 0.0
-0.00046374285 -0.000267609226 0.0
-0.000428788859 -0.000236341861 0.0
-0.00044741208 -0.000264211296 0.0
-0.000455038011 -0.000250109966 0.0
-0.000436508766 -0.000224140749 0.0
-0.00045668293 -0.000277724233 0.0
-0.0004086025 -0.000238350316 0.0
-0.000431652938 -0.000257294421 0.0
-0.000441967248 -0.000209584847 0.0
-0.000426876388 -0.000225406955 0.0
4.75458e-05 -2.7240214e-05 0.0
4.62342323e-05 -1.53221081e-05 0.0
5.25181676e-05 -1.0427741e-06 0.0
5.02793519e-05 -4.23652382e-05 0.0
3.94414274e-05 -2.24858395e-05 0.0
5.85576963e-05 6.29804344e-06 0.0
4.46755694e-05 -6.72479382e-06 0.0
5.52797283e-05 -8.48388572e-06 0.0
4.39239993e-05 -3.60052545e-05 0.0
-0.000297741091 -0.000207720004 0.0
-0.000304949557 -0.000212920699 0.0
-0.000292743644 -0.000208702681 0.0
-0.000288214243 -0.000205635515 0.0
-0.000298818049 -0.000204398879 0.0
-0.000300862128 -0.000213605876 0.0
-0.000289993768 -0.000203355361 0.0
-0.000310948526 -0.000216538887 0.0
-0.000309247727 -0.000217826135 0.0
-0.000305194466 -0.000210805418 0.0
-0.000298255269 -0.000209664795 0.0
-0.00029439127 -0.000210303522 0.0
-0.00028837283 -0.000207249221 0.0
-0.00030340231 -0.000207409132 0.0
-0.000285317918 -0.000202916068 0.0
-0.000291999546 -0.000201812392 0.0
-0.000311352604 -0.000214265005 0.0
-0.000298887637 -0.000211396502 0.0
-0.000303378474 -0.000204432814 0.0
-0.000292814686 -0.000207526857 0.0
-0.00029127099 -0.000205438875 0.0
-0.000285828632 -0.000205793272 0.0
-0.000304937916 -0.000216510889 0.0
-0.000297545543 -0.000212718413 0.0
-0.000290154363 -0.000208148354 0.0
-0.000313796918 -0.000219597103 0.0
-0.000298443279 -0.000202514522 0.0
-0.000284459355 -0.000204332711 0.0
-0.000295307807 -0.000204960234 0.0
-0.000301211199 -0.000215092325 0.0
-0.000286394585 -0.000201116913 0.0
-0.000316422229 -0.000219549576 0.0
-0.000289771357 -0.000207104182 0.0
-0.000304921181 -0.000214732456 0.0
0.000211820487 1.33810663e-05 0.0
0.000215349297 1.83702905e-05 0.0
0.000210653088 1.1560971e-05 0.0
0.000216724846 2.00669765e-05 0.0
0.000381602498 -2.66845891e-05 0.0
0.000419667136 -4.59529074e-05 0.0
0.000436670583 -3.12702141e-05 0.0
0.000391652255 -8.34566436e-06 0.0
0.000410430512 1.45970489e-06 0.0
0.000440392701 -1.44572859e-05 0.0
0.000371479633 -4.29319989e-05 0.0
0.000405464845 -6.10026109e-05 0.0
0.000373965973 -1.71307984e-05 0.0
0.000433998299 -4.80845847e-05 0.0
0.000405967236 -1.31097959e-05 0.0
0.000386240397 -6.30002032e-05 0.0
0.000427025632 2.82397741e-06 0.0
0.000417795003 -6.27450936e-05 0.0
0.000368212437 -5.4372329e-05 0.0
0.000363100873 -3.59315163e-05 0.0
0.000397178257 2.95001064e-06 0.0
0.000447874714 -2.19231024e-05 0.0
0.000442276767 -4.55680174e-06 0.0
0.000379667705 -6.54451514e-06 0.0
0.000444071979 -3.95867028e-05 0.0
0.000425693986 -2.25470067e-05 0.0
0.000387408363 -5.86281942e-07 0.0
0.000428434723 -5.79714615e-05 0.0
0.000364385167 -2.5694364e-05 0.0
0.00044785082 -3.0996398e-05 0.0
0.000375812349 -6.09447743e-05 0.0
0.000435627881 9.43954262e-07 0.0
0.000394326489 -6.91434034e-05 0.0
0.000420306314 7.98036126e-06 0.0
2.66412426e-05 -0.000211507562 0.0
1.5178347e-05 -0.000200563372 0.0
4.58931354e-05 -0.000197932357 0.0
7.95257438e-06 -0.000216603934 0.0
4.54015462e-05 -0.000212374958 0.0
1.89455714e-05 -0.00022518725 0.0
3.06207221e-05 -0.000196694236 0.0
3.34060023e-05 -0.000221885566 0.0
2.58633395e-06 -0.000209260194 0.0
5.53982973e-05 -0.000204852855 0.0
7.26024473e-06 -0.000226663775 0.0
1.41398705e-05 -0.000191056562 0.0
5.21333532e-05 -0.000188292062 0.0
2.45124465e-05 -0.000190718347 0.0
4.00899844e-05 -0.000189484941 0.0
4.62434946e-05 -0.000219931011 0.0
1.82229469e-05 -0.000208522571 0.0
6.13854263e-06 -0.00019964033 0.0
1.72534728e-05 -0.000217777255 0.0
2.37738859e-05 -0.000229598867 0.0
5.640585e-05 -0.00019595398 0.0
3.76755524e-05 -0.000206427285 0.0
3.34938522e-05 -0.000214025451 0.0
-2.48826518e-06 -0.000222067916 0.0
5.66262934e-05 -0.000210763857 0.0
1.05732697e-05 -0.000231010257 0.0
-2.63282914e-06 -0.000216076078 0.0
1.15438077e-07 -0.000226478413 0.0
3.97770964e-05 -0.000225672382 0.0
3.21511616e-05 -0.000228986217 0.0
2.30206297e-05 -0.000200811613 0.0
3.67447174e-05 -0.000199585236 0.0
1.07951801e-05 -0.000207517762 0.0
3.22415035e-05 -0.000189614788 0.0
2.48748565e-05 -0.000217876543 0.0
4.71325038e-05 -0.00020376801 0.0
1.58694966e-05 -0.000232556282 0.0
-9.24429528e-08 -0.00020441621 0.0
6.13624579e-05 -0.000199303147 0.0
2.87676448e-05 -0.000203932577 0.0
5.33857747e-05 -0.000216083674 0.0
-0.0005242271 -0.000179262453 0.0
-0.00051164435 -0.000177689202 0.0
-0.000528240518 -0.000179795257 0.0
-0.000507167599 -0.00017725979 0.0
-0.000277979096 -0.000183219789 0.0
-0.000291203964 -0.000200683367 0.0
-0.000307427486 -0.00017276482 0.0
-0.000320124847 -0.00018685151 0.0
-0.000319981191 -0.000177709589 0.0
-0.000324126187 -0.00019717509 0.0
-0.00030092505 -0.000208954312 0.0
-0.000277927436 -0.000195235174 0.0
-0.000272412144 -0.000171596723 0.0
-0.000297365565 -0.000164488476 0.0
-0.000265647657 -0.000182675692 0.0
-0.000312055316 -0.000167989041 0.0
-0.000329532835 -0.000186350095 0.0
-0.000286566967 -0.000207293182 0.0
-0.000277892366 -0.000163578006 0.0
-0.000286235736 -0.000161312011 0.0
-0.000318585255 -0.000206449447 0.0
-0.000311049429 -0.000210690545 0.0
-0.000327008747 -0.0001809432 0.0
-0.000330398761 -0.000192313295 0.0
-0.000265054347 -0.000175628345 0.0
-0.000268472766 -0.000190318315 0.0
-0.000305105204 -0.000164024284 0.0
-0.000318367762 -0.000172518412 0.0
-0.000293642253 -0.000210400744 0.0
-0.000279479107 -0.000202716896 0.0
-0.000269795972 -0.000163875025 0.0
-0.000326301903 -0.000204993412 0.0
-0.000308652874 -0.000182272008 0.0
-0.000290770025 -0.000189893268 0.0
-0.000108857195 -0.000209054066 0.0
-0.000113271068 -0.000241942907 0.0
-9.12291944e-05 -0.000206764002 0.0
-0.000130569359 -0.000243225208 0.0
-0.000123994221 -0.000210346232 0.0
-9.80458062e-05 -0.000241408648 0.0
-0.000122450147 -0.000249895762 0.0
-9.94026341e-05 -0.000200860683 0.0
-0.000135689508 -0.00022080123 0.0
-8.5788728e-05 -0.000230380247 0.0
-0.000139808719 -0.00024099194 0.0
-8.14053274e-05 -0.000208472309 0.0
-0.000103277031 -0.000232646751 0.0
-0.000118956421 -0.000218350528 0.0
-0.000116530973 -0.000202934607 0.0
-0.000105496052 -0.000248721131 0.0
-0.000107431668 -0.000199498914 0.0
-0.000114480521 -0.000251758611 0.0
-9.04946428e-05 -0.000198918366 0.0
-0.000131204637 -0.000251433114 0.0
-7.83444339e-05 -0.000215352004 0.0
-7.85135999e-05 -0.000222665636 0.0
-0.000142418488 -0.000234274034 0.0
-0.000142096222 -0.000227599783 0.0
-0.000134384638 -0.000212937884 0.0
-8.71805969e-05 -0.000239055866 0.0
-0.000102873513 -0.000215562934 0.0
-0.000119303106 -0.000234996071 0.0
7.33238485e-05 -9.61792684e-05 0.0
8.9799425e-05 -7.95550441e-05 0.0
9.64776264e-05 -8.04277151e-05 0.0
7.61342817e-05 -9.89450928e-05 0.0
9.80927362e-05 -8.52638404e-05 0.0
8.27803378e-05 -9.75309813e-05 0.0
6.85179475e-05 -9.39239908e-05 0.0
8.44999595e-05 -7.80726623e-05 0.0
9.52810296e-05 -7.60416879e-05 0.0
7.00413875e-05 -0.000100132944 0.0
9.13781041e-05 -8.59503925e-05 0.0
7.08258813e-05 -8.67058116e-05 0.0
9.51938564e-05 -9.0624897e-05 0.0
6.53740644e-05 -9.80672557e-05 0.0
8.91013478e-05 -7.49071842e-05 0.0
7.96234235e-05 -7.80822738e-05 0.0
0.000101498088 -8.05289746e-05 0.0
7.7587174e-05 -0.000100662532 0.0
8.72113669e-05 -9.66412554e-05 0.0
7.1835304e-05 -0.000101503872 0.0
9.94039001e-05 -7.63890348e-05 0.0
0.000101275058 -7.7943434e-05 0.0
6.63670507e-05 -0.000100008037 0.0
7.41908079e-05 -0.000101639889 0.0
9.30949973e-05 -7.42424309e-05 0.0
8.23123264e-05 -9.44100393e-05 0.0
7.43694545e-05 -8.17236651e-05 0.0
9.19391605e-05 -9.36901706e-05 0.0
6.48964633e-05 -9.12863761e-05 0.0
0.000100032725 -8.75295445e-05 0.0
7.58996393e-05 -9.12762553e-05 0.0
-7.15522765e-05 -4.76365894e-05 0.0
-5.95073725e-05 -7.50357867e-05 0.0
-8.97004866e-05 -5.53216632e-05 0.0
-5.77833271e-05 -4.12770714e-05 0.0
-4.95419226e-05 -6.54567048e-05 0.0
-9.88648899e-05 -6.58141216e-05 0.0
-7.225632e-05 -6.96500356e-05 0.0
-8.198055e-05 -4.34162466e-05 0.0
-6.63837563e-05 -3.72630093e-05 0.0
-9.46712098e-05 -7.97141911e-05 0.0
-4.72215106e-05 -4.24128048e-05 0.0
-4.37676536e-05 -5.4619868e-05 0.0
-8.30886274e-05 -7.84391668e-05 0.0
-6.18647391e-05 -6.88790533e-05 0.0
-7.07812287e-05 -7.70822517e-05 0.0
-9.15498676e-05 -4.70868836e-05 0.0
-7.39118404e-05 -3.81649224e-05 0.0
-5.81118911e-05 -3.36720914e-05 0.0
-5.06624892e-05 -7.26614599e-05 0.0
-9.99500626e-05 -7.39097159e-05 0.0
-9.78125972e-05 -5.29358113e-05 0.0
-0.000101515048 -5.97517319e-05 0.0
-5.24247225e-05 -3.38906357e-05 0.0
-4.86308163e-05 -3.62692772e-05 0.0
-7.60658731e-05 -5.64547954e-05 0.0
-4.09267486e-05 -6.01682186e-05 0.0
-4.27869018e-05 -4.72824213e-05 0.0
0.000466101133 -8.75455589e-05 0.0
0.000478806731 -8.68274219e-05 0.0
0.000463200937 -8.81948072e-05 0.0
0.000481579249 -8.72078381e-05 0.0
0.000457772199 -8.73862009e-05 0.0
0.000488345861 -8.54052632e-05 0.0
-0.000222751289 -0.000109750108 0.0
-0.00021206557 -7.32320186e-05 0.0
-0.000200543887 -0.000100617188 0.0
-0.00022863019 -7.84133081e-05 0.0
-0.000197786896 -6.82793179e-05 0.0
-0.000237558779 -0.000112563619 0.0
-0.000209822887 -0.000113842325 0.0
-0.000186943318 -9.11215611e-05 0.0
-0.000241547765 -9.05910274e-05 0.0
-0.000218699686 -6.86005296e-05 0.0
-0.000227748475 -0.000121457728 0.0
-0.000188704347 -7.27090082e-05 0.0
-0.000191335115 -0.00010702775 0.0
-0.00020290252 -6.38967322e-05 0.0
-0.000246494863 -0.000111950736 0.0
-0.000228678793 -7.11043904e-05 0.0
-0.000235981759 -7.56110967e-05 0.0
-0.000241589223 -8.19689158e-05 0.0
-0.000210512095 -6.38500132e-05 0.0
-0.000218442525 -0.000121057659 0.0
-0.000236098029 -0.000120420489 0.0
-0.000204431912 -7.82751304e-05 0.0
-0.000184816687 -9.92888527e-05 0.0
-0.000199345712 -0.00011372898 0.0
-0.000180099043 -8.36226245e-05 0.0
-0.000249087956 -9.83454593e-05 0.0
-0.000249162782 -0.000105736806 0.0
-0.00018187864 -7.74170767e-05 0.0
-0.000222714312 -8.498643e-05 0.0
-0.000188975042 -6.70131049e-05 0.0
1.56310125e-05 -3.56610726e-05 0.0
3.95910502e-06 -4.81901407e-05 0.0
-3.70566067e-06 -5.00316055e-05 0.0
9.30297756e-06 -3.67079047e-05 0.0
-5.91861772e-06 -4.81646093e-05 0.0
2.14151914e-05 -3.54529402e-05 0.0
1.17115833e-05 -4.7282836e-05 0.0
1.61980734e-05 -3.32248455e-05 0.0
-2.00081308e-06 -5.22763694e-05 0.0
2.46429158e-06 -3.96159558e-05 0.0
2.27953078e-05 -3.88943263e-05 0.0
2.16402386e-05 -3.29830727e-05 0.0
1.54848076e-05 -3.86942738e-05 0.0
2.00854538e-05 -4.33585192e-05 0.0
6.41783799e-06 -5.08301273e-05 0.0
-7.40464202e-06 -4.69750157e-05 0.0
-8.10440361e-06 -5.09918646e-05 0.0
1.3315328e-05 -3.35440309e-05 0.0
1.0051579e-05 -3.47306086e-05 0.0
6.15168574e-06 -3.66355489e-05 0.0
-6.14396413e-06 -5.31497426e-05 0.0
2.00789273e-07 -4.5845718e-05 0.0
1.95498324e-05 -3.21923399e-05 0.0
9.66875746e-07 -5.27734337e-05 0.0
-7.65141249e-06 -5.25005198e-05 0.0
-5.21823358e-06 -4.44124271e-05 0.0
-2.37385188e-06 -4.18887576e-05 0.0
2.52442151e-05 -3.61587554e-05 0.0
9.64034462e-06 -3.88831104e-05 0.0
1.79265608e-05 -4.61555101e-05 0.0
2.398574e-05 -4.10645553e-05 0.0
8.60322234e-06 -0.000109261026 0.0
6.04089382e-06 -9.69019093e-05 0.0
-5.65859546e-06 -0.000101113874 0.0
-4.92998515e-06 -0.000113893162 0.0
1.62767628e-05 -9.43080377e-05 0.0
1.9762907e-05 -0.000103808488 0.0
-1.33671983e-05 -0.000106306994 0.0
5.16706768e-06 -0.000115505682 0.0
1.58950638e-06 -9.55433716e-05 0.0
-1.38070163e-05 -0.000114307157 0.0
2.6171303e-05 -9.92450805e-05 0.0
1.90898609e-05 -0.000109273285 0.0
2.29715733e-05 -9.35340358e-05 0.0
1.33597387e-05 -9.2496266e-05 0.0
7.40234464e-06 -9.30274182e-05 0.0
1.30639601e-05 -0.000113972659 0.0
-2.98051782e-06 -0.000118596778 0.0
-8.8220786e-06 -0.000118963886 0.0
-1.26203704e-05 -0.000117719923 0.0
-4.94467486e-06 -9.77542295e-05 0.0
-9.2676346e-06 -0.000100122423 0.0
-1.23063501e-05 -0.00010281142 0.0
2.70071796e-05 -9.61084806e-05 0.0
2.60187589e-05 -9.46306682e-05 0.0
-1.69392315e-05 -0.000109853529 0.0
-1.74122833e-05 -0.00011312915 0.0
1.22036163e-05 -0.000103427155 0.0
1.09048624e-05 -9.83094797e-05 0.0
0.000167023463 -0.000130553322 0.0
0.000156381546 -0.000133966663 0.0
0.000170464715 -0.000130992339 0.0
0.000152136941 -0.000134817266 0.0
0.00016364624 -0.000131717796 0.0
0.000159701609 -0.000133852169 0.0
0.000171007108 -0.000130120316 0.0
0.000171590014 -0.000131051536 0.0
0.000153108645 -0.000135553433 0.0
0.000151908869 -0.00013508265 0.0
0.000168066981 -0.000128697531 0.0
0.000164280544 -0.000132897578 0.0
0.000174322093 -0.000130279775 0.0
0.000156385358 -0.000134646354 0.0
0.00016089798 -0.000134489732 0.0
0.000148850042 -0.000135679977 0.0
0.000147939732 -0.0001360725 0.0
0.000148765059 -0.000136348957 0.0
0.000153495741 -0.000135079157 0.0
0.000169965613 -0.000129021224 0.0
0.000166024751 -0.000129580163 0.0
0.000161200252 -0.000132999412 0.0
0.000174564135 -0.000130363653 0.0
0.000173394903 -0.000130223314 0.0
0.000154394191 -0.000137101175 0.0
0.000171208623 -0.000131150213 0.0
0.000168230894 -0.000131796391 0.0
0.000157670045 -0.00013628116 0.0
0.000157436501 -0.000133466936 0.0
0.000162209733 -0.000133678637 0.0
-0.000131933557 -0.00012208469 0.0
-0.000121539917 -0.000144932812 0.0
-0.000108946355 -0.000113012691 0.0
-0.000106687949 -0.000139871554 0.0
-9.60513717e-05 -0.000129279026 0.0
-0.000144079662 -0.000129926484 0.0
-0.00013550531 -0.000151586049 0.0
-0.00012172776 -0.000110250723 0.0
-9.70302135e-05 -0.000110974863 0.0
-0.000116610572 -0.000149453583 0.0
-0.000139963711 -0.000115164854 0.0
-0.000104849219 -0.0001036338 0.0
-0.000143606507 -0.000148458188 0.0
-0.000131173845 -0.000155060872 0.0
-0.000151371773 -0.000137362804 0.0
-8.95262056e-05 -0.000122679077 0.0
-9.70449764e-05 -0.000136621675 0.0
-0.000107736851 -0.000146459352 0.0
-0.000124214857 -0.000154408335 0.0
-0.000101643484 -0.000142269128 0.0
-0.000146309831 -0.000121795478 0.0
-0.000131852168 -0.000109426001 0.0
-0.000113472794 -0.000103728715 0.0
-9.80712284e-05 -0.000104970131 0.0
-0.0001499512 -0.000144191072 0.0
-8.87006536e-05 -0.000116664494 0.0
-8.98210783e-05 -0.000111650072 0.0
-0.000106983993 -0.000131335299 0.0
-0.000128928514 -0.00014183356 0.0
-0.000143922967 -0.000153659552 0.0
-0.000120234821 -0.00011891652 0.0
0.000173628403 -0.000107793938 0.0
0.000157938295 -0.000117075906 0.0
0.000183106895 -0.000123281745 0.0
0.000165769117 -0.000130272296 0.0
0.000151614426 -0.000121680976 0.0
0.00016345481 -0.000110313791 0.0
0.000176012167 -0.000130592263 0.0
0.000156299197 -0.000132084591 0.0
0.000184807417 -0.000102464139 0.0
0.000193561456 -0.000116690826 0.0
0.000174917091 -0.000100807636 0.0
0.000189958097 -0.000126244136 0.0
0.000154223133 -0.000116538155 0.0
0.00016466454 -0.0001355063 0.0
0.000196182518 -0.00010824675 0.0
0.000192911422 -0.000103115039 0.0
0.000149591098 -0.000126736573 0.0
0.000150453547 -0.000130264598 0.0
0.000151737113 -0.000119076147 0.0
0.000157686736 -0.00011288267 0.0
0.000170871761 -0.000134733389 0.0
0.000159339354 -0.000135170878 0.0
0.000168314044 -0.000103991377 0.0
0.000181197873 -9.90540284e-05 0.0
0.000194863154 -0.00012186401 0.0
0.000183858356 -0.000129973021 0.0
0.000147880797 -0.000124704311 0.0
0.00020070991 -0.000111198417 0.0
0.000166539714 -0.000115588853 0.0
0.000171908745 -0.000124248283 0.0
-0.000122338475 -0.000152085777 0.0
0.000271827244 -4.17179799e-05 0.0
-0.000140964825 -0.0001831431 0.0
0.000241989226 -4.86497956e-05 0.0
-0.000148406441 -0.000128993852 0.0
-4.79468654e-05 -0.000131029985 0.0
-0.000204591634 -0.000176835398 0.0
0.000178253162 -3.94936651e-05 0.0
0.000174719986 -0.000147982297 0.0
0.000211704886 -8.03782968e-05 0.0
8.60314685e-05 -0.00016088807 0.0
-0.000265011913 -0.000147085317 0.0
0.00033009777 -6.85228079e-05 0.0
9.29319594e-06 -8.65260372e-05 0.0
0.000260127068 -0.000101946556 0.0
0.000360726815 -2.00459308e-05 0.0
-7.06848296e-05 -0.000182000804 0.0
0.000113175374 -1.42570516e-05 0.0
-0.000112697286 -7.81686831e-05 0.0
-0.000454326975 -0.00018725243 0.0
4.27314626e-05 -9.56206568e-05 0.0
-8.96529964e-05 -0.000126725645 0.0
-0.000182876174 -0.000150498832 0.0
0.00031336589 -6.51526789e-05 0.0
9.02288957e-05 -0.000177791182 0.0
0.00020395912 -5.14428903e-05 0.0
0.000298772618 -2.86632185e-05 0.0
-8.08344121e-05 -0.000218165296 0.0
-0.00037530181 -0.000210903119 0.0
0.000246651703 -3.91311951e-05 0.0
-6.45706314e-05 -8.12924263e-05 0.0
-8.19272027e-05 -6.34095122e-05 0.0
-0.000177112539 -0.000182815143 0.0
0.000184982506 -6.13394004e-05 0.0
-3.15517013e-06 -0.000132560992 0.0
9.70724614e-07 -9.21071842e-05 0.0
-0.000105498322 -6.27986592e-05 0.0
-0.0002005438 -0.000182676536 0.0
-2.58686923e-05 -0.000165037956 0.0
-0.000176886722 -0.000121570971 0.0
5.58841348e-05 -0.000167235601 0.0
-0.000114982366 -0.000128458487 0.0
-0.000147171217 -0.000169809107 0.0
0.000111687288 -3.30927032e-05 0.0
-0.000115717063 -0.000135427239 0.0
0.000276702252 -0.000102501028 0.0
0.000111619396 -6.61142212e-06 0.0
0.000257617095 -0.000103906656 0.0
0.000116244293 -5.45465991e-05 0.0
-0.000283375703 -0.000103189406 0.0
-0.000256719009 -0.000193393382 0.0
-0.000315943442 -0.000160956057 0.0
0.000338974874 -1.15725388e-05 0.0
7.00862656e-05 -0.000145742204 0.0
0.000152669614 -8.86191265e-05 0.0
-1.75024688e-05 -5.73312354e-05 0.0
4.73376931e-05 -0.000100984449 0.0
-0.000205143137 -0.000131371562 0.0
0.000398205942 -2.7814327e-05 0.0
0.000311282551 -9.008286e-05 0.0
0.00018936595 -5.79144544e-05 0.0
0.000282055553 -4.24622231e-05 0.0
-3.196338e-05 -9.52192568e-05 0.0
3.41874256e-05 -7.90344493e-05 0.0
0.000248700235 -8.89795265e-05 0.0
0.000255559076 -4.12451773e-05 0.0
6.64344188e-05 -4.99840644e-05 0.0
7.82761999e-05 -3.47187597e-05 0.0
-7.59970935e-05 -0.000259310735 0.0
0.000214389627 -0.000120429067 0.0
0.000108936372 -1.69118575e-05 0.0
-0.000206737226 -0.000135424139 0.0
0.000396264601 -5.47917371e-05 0.0
0.000366114517 -4.68097023e-05 0.0
-0.000232890612 -0.000184175748 0.0
0.000288993499 -4.20997821e-05 0.0
0.000166587342 -6.12529839e-05 0.0
-0.000126308238 -0.000208241006 0.0
-0.000342697313 -0.000196389068 0.0
-0.000240288457 -0.000168469269 0.0
0.000113411399 -0.000166312049 0.0
-7.63549251e-05 -0.000147450774 0.0
-0.000183306271 -9.66444568e-05 0.0
0.000128652071 -0.000135545197 0.0
0.000172411485 -3.02421904e-06 0.0
-6.04011484e-06 -0.000171899897 0.0
-5.20310423e-05 -0.000116028161 0.0
-0.000474794942 -0.000207544756 0.0
0.000124908838 -0.000180131436 0.0
5.73623947e-05 -0.000195475674 0.0
0.000226973294 -1.8538085e-05 0.0
1.58279472e-05 -0.000140658696 0.0
-4.06065783e-06 -1.10538331e-05 0.0
-8.08623736e-06 -0.000147678817 0.0
-0.000145036305 -8.72944147e-05 0.0
3.54948243e-05 -0.000150794498 0.0
-7.41013355e-05 -0.000129557375 0.0
-0.000169656996 -0.000159544186 0.0
0.000240103851 -5.30101461e-05 0.0
-3.70025846e-05 -0.000210306112 0.0
-2.3423986e-06 -6.79959921e-05 0.0
0.000148240972 -6.82075188e-05 0.0
0.000165525038 -0.000144425037 0.0
-1.28951151e-05 -9.29761809e-05 0.0
-0.000460942567 -0.000166479949 0.0
0.000140142642 -0.000153588873 0.0
3.76936478e-05 -9.82737038e-05 0.0
0.000195651461 -0.000112093439 0.0
-5.83394394e-05 -0.000231253129 0.0
0.000451339962 -5.12388287e-05 0.0
0.000325655885 -3.57937861e-05 0.0
-0.000358574034 -0.000178377813 0.0
-0.000361180428 -0.000232664286 0.0
-0.000411696179 -0.0002314249 0.0
-0.000401418773 -0.00017594696 0.0
-0.000227302255 -0.000272240664 0.0
-7.05229686e-05 -6.84039696e-05 0.0
-0.000101579943 -0.00019237271 0.0
0.000177787428 -0.000145028447 0.0
8.66683185e-05 -0.00016182875 0.0
-0.000309734343 -0.000124845508 0.0
-0.000105186518 -6.19741695e-05 0.0
-2.00446775e-05 -8.77673956e-05 0.0
-0.000140805947 -0.000142990044 0.0
0.0003753255 -7.86292003e-05 0.0
5.0543902e-05 -0.000151640445 0.0
0.000109668377 -9.30012902e-05 0.0
-0.000212604791 -0.000182588192 0.0
-0.000189676386 -0.0001876889 0.0
0.00017530458 -0.000146118153 0.0
4.61710479e-05 -9.6150965e-05 0.0
-0.000108152461 -0.000164858706 0.0
-0.000139040829 -0.000117012598 0.0
0.000296547107 -9.5086667e-05 0.0
-9.81001358e-05 -0.000101982791 0.0
-8.84672918e-05 -0.000130067361 0.0
-1.99930873e-05 -0.000193814645 0.0
-0.000143451791 -6.4723572e-05 0.0
0.000216906454 -0.000106401545 0.0
-0.000235457526 -0.000192969033 0.0
0.000380506739 -9.09689061e-06 0.0
0.000336100144 -8.00383714e-05 0.0
8.32938458e-05 -0.000183706768 0.0
-7.28877058e-05 -6.31440635e-05 0.0
0.000306435104 -2.57243246e-05 0.0
6.47946654e-05 -1.72279797e-05 0.0
-5.36180087e-05 -6.25901084e-05 0.0
0.000289909105 -0.000104452665 0.0
0.000391266221 -4.08385713e-05 0.0
0.0002220678 -5.08647136e-05 0.0
0.000438195973 -2.90221687e-05 0.0
0.000279445201 -4.55887566e-05 0.0
0.000255463761 -6.9757567e-05 0.0
0.000268506876 -9.8898854e-05 0.0
0.000155533344 5.09560459e-06 0.0
6.27936752e-05 -0.000137499475 0.0
-0.000124054903 -6.11275609e-05 0.0
-0.000281586312 -0.000180223185 0.0
5.07787299e-05 -3.30112089e-05 0.0
-6.95292329e-05 -6.25574539e-05 0.0
-0.000376680255 -0.000240438647 0.0
-0.000191271145 -0.000128115338 0.0
-0.000202297611 -0.000166892816 0.0
-0.000117026284 -0.000129761553 0.0
0.000480412884 7.55114024e-06 0.0
-6.17804326e-05 -0.000118789438 0.0
-6.92621034e-05 -0.000265872979 0.0
-0.00030032426 -0.000103066937 0.0
-0.000158763767 -0.000229876547 0.0
1.5667265e-05 -0.000186534497 0.0
-2.20630573e-05 -5.79635271e-05 0.0
-0.000160117663 -9.30106035e-05 0.0
3.99819e-05 -0.000194216758 0.0
-0.000488689344 -0.00020975084 0.0
-0.000245372037 -0.000150780703 0.0
0.000156538546 -5.94417652e-05 0.0
-6.59998041e-05 -0.000163545788 0.0
0.000354547461 -2.39142482e-05 0.0
-0.00017829577 -0.000176030153 0.0
0.000111505011 -3.49582842e-05 0.0
-0.000327801739 -0.000164714584 0.0
-0.000488945167 -0.000228987337 0.0
-2.73666956e-05 -0.000112646616 0.0
1.49706011e-06 -3.89455236e-05 0.0
-0.000278082764 -0.000200969473 0.0
1.48821564e-05 -1.75933037e-05 0.0
-0.000489013561 -0.000245979725 0.0
8.10517449e-05 -0.000200997863 0.0
-0.000107158077 -0.000234994499 0.0
-0.000336455589 -0.000187152647 0.0
0.00032935472 -1.58430885e-05 0.0
-0.000304317538 -0.000194666311 0.0
0.000247628021 -7.17785515e-05 0.0
-0.000326519104 -0.000150077976 0.0
0.000218582529 -0.000120044031 0.0
-9.0868285e-05 -0.000233304934 0.0
5.95338533e-05 -0.00017834724 0.0
0.000104312341 -0.000142175195 0.0
-0.000482843607 -0.00018130937 0.0
-0.000242946553 -9.37044824e-05 0.0
-0.000172964355 -0.000136164759 0.0
0.000223938274 -4.96162938e-05 0.0
0.000421620236 -3.78214827e-05 0.0
5.71623168e-05 -8.72880773e-05 0.0
0.000269819226 -3.99452838e-05 0.0
-0.000174050132 -0.000179949566 0.0
-0.000375131931 -0.000176574118 0.0
2.26219472e-05 -0.000106063417 0.0
-0.000225149517 -0.000186542427 0.0
0.000249421515 -2.18938694e-05 0.0
-0.000214574684 -0.000255630992 0.0
0.000311516807 -2.93276462e-05 0.0
-8.53401943e-05 -0.000133219961 0.0
0.000138062023 -9.06005007e-05 0.0
-0.000441112556 -0.000230045305 0.0
0.000135984577 -0.000144887308 0.0
-0.000120590434 -0.000177211157 0.0
0.000211420032 -3.76272728e-05 0.0
0.000256196683 -4.68217222e-05 0.0
0.00024071282 -4.52260356e-05 0.0
0.000144119083 -2.998116e-05 0.0
-0.000168780054 -9.28934969e-05 0.0
-0.000224300005 -0.000134714384 0.0
-0.000422667945 -0.000158954485 0.0
-5.34874343e-05 -0.000256816391 0.0
0.000139100404 -7.04693666e-05 0.0
0.000246526732 -8.96032361e-05 0.0
-4.90313432e-05 -5.19193127e-05 0.0
-0.000123189471 -6.57529163e-05 0.0
1.48274521e-05 -0.000202000432 0.0
-0.000339263934 -0.000219214853 0.0
-2.537209e-05 -0.000222139148 0.0
2.04446751e-05 -0.000168253697 0.0
0.000430842018 -6.64855834e-05 0.0
0.000101746038 -0.000102757731 0.0
-0.000269434036 -0.000175725669 0.0
0.000209591992 -5.50028017e-05 0.0
-0.000202037379 -0.000203230185 0.0
-6.66723718e-05 -0.000110280394 0.0
2.69939528e-06 -6.16380275e-05 0.0
-0.000101767364 -0.000131937093 0.0
4.47849816e-05 -0.000100104728 0.0
0.000365465967 -6.43743697e-05 0.0
-0.000485950412 -0.000224263451 0.0
0.000157291215 -1.30626413e-05 0.0
3.4018376e-05 -0.000108922904 0.0
-0.000363761501 -0.000192230989 0.0
0.000335652876 -2.20539405e-05 0.0
-0.000120663281 -0.000198630369 0.0
8.86191119e-05 -1.89176408e-05 0.0
-2.12664381e-05 -0.00018404478 0.0
0.000146016508 -7.40070318e-05 0.0
0.000293745106 -4.8313821e-05 0.0
0.000261612469 -5.61824272e-05 0.0
-0.000330011564 -0.000186683814 0.0
-4.02563564e-05 -0.000101871963 0.0
-0.000139478449 -0.00020696345 0.0
6.50643778e-05 -0.000184122444 0.0
3.63929466e-05 -1.44031465e-05 0.0
-0.000183392985 -0.000127721229 0.0
-0.000150474225 -0.000221502836 0.0
-3.18830898e-05 -3.7342892e-05 0.0
0.000364152802 -1.447106e-06 0.0
0.000126326733 -0.000182154647 0.0
0.000123557518 -0.000162283803 0.0
0.000146662991 -0.000124787926 0.0
-0.000221020236 -0.000183832221 0.0
8.66548435e-05 -3.50262526e-05 0.0
-8.17137334e-05 -5.57052117e-05 0.0
4.63388969e-05 -7.56718218e-05 0.0
-0.00038938463 -0.000233809158 0.0
-0.000209219375 -0.000229182609 0.0
0.000353773881 -9.02324464e-05 0.0
-0.000100968391 -0.000141587778 0.0
-0.000205010467 -0.00010183658 0.0
-0.000163530509 -0.000239590183 0.0
-0.000361513492 -0.000208929458 0.0
-1.12008129e-05 -0.000111690257 0.0
-0.000205166536 -0.000166957339 0.0
6.36630066e-05 -0.000116455398 0.0
9.12560499e-05 -7.22940604e-05 0.0
-3.42418098e-05 -4.46056183e-05 0.0
-0.000359314203 -0.000232374208 0.0
0.00042370669 -8.2451581e-05 0.0
9.94074617e-06 -0.00018103754 0.0
-0.000154204507 -0.000123357851 0.0
-0.000464941782 -0.000162566139 0.0
1.73110602e-05 -6.49834983e-05 0.0
4.55172376e-05 -9.35046992e-05 0.0
4.52359673e-05 -6.68581852e-05 0.0
0.000165404024 -0.00014529108 0.0
0.000158731244 -0.000151979155 0.0
5.01762552e-05 -4.97714464e-05 0.0
0.000491260085 1.456275e-05 0.0
-6.93802649e-05 -5.60822991e-05 0.0
-3.12721641e-05 -0.000124128303 0.0
-2.51189522e-06 -1.80439183e-05 0.0
0.000183559241 -0.000126453102 0.0
3.92672264e-05 -0.000167915961 0.0
-0.000237424363 -0.000193315005 0.0
0.00024451362 -0.000110320718 0.0
0.000444084726 -5.04981726e-05 0.0
-0.000202159688 -0.000270945777 0.0
0.00028963873 -9.6153999e-05 0.0
-0.000312605989 -0.000189271494 0.0
0.000170614541 -0.000123680031 0.0
8.68711431e-05 -1.65600377e-05 0.0
3.27510097e-05 -0.000102234364 0.0
0.000181759591 -5.30379511e-05 0.0
-4.37213203e-05 -0.000228092307 0.0
-2.86169834e-05 -0.000179130453 0.0
-4.84576121e-05 -0.000248916767 0.0
1.27385556e-05 -9.15848505e-05 0.0
2.98173109e-05 -0.000133088484 0.0
0.000208102821 8.09511675e-06 0.0
7.64852739e-05 -3.94830968e-05 0.0
0.000117427626 -9.83174104e-05 0.0
-0.000235438871 -0.000181593117 0.0
0.000137992072 -4.43059935e-06 0.0
4.70754412e-06 -0.000104130369 0.0
-0.000255637395 -0.000121496945 0.0
0.000291329954 -7.78480826e-05 0.0
8.70846343e-05 -2.99870098e-05 0.0
0.000246186624 -0.000110563989 0.0
-9.49234309e-05 -0.000130049157 0.0
-0.000338767975 -0.000166984115 0.0
-4.64981276e-05 -0.000145657308 0.0
0.000318414241 -9.41503458e-05 0.0
-0.000133990368 -7.29676321e-05 0.0
-0.000261785026 -0.000245789386 0.0
-0.000200466908 -0.0001382013 0.0
-0.000136865361 -0.000133825539 0.0
-0.000168395825 -0.000178484886 0.0
0.000468774466 -1.42389526e-05 0.0
-0.000324890978 -0.000114505703 0.0
-0.00016307777 -8.94683835e-05 0.0
-2.48710057e-05 -2.67810938e-05 0.0
-0.000340409111 -0.000174007204 0.0
-0.000143382538 -6.08358787e-05 0.0
-0.000147782499 -0.000189813945 0.0
-0.000125646882 -6.42879604e-05 0.0
-0.000261321373 -0.000202470328 0.0
0.000461118383 -2.90910648e-05 0.0
-0.000161591481 -0.000118179349 0.0
-0.000182383155 -0.000257523527 0.0
8.23606097e-05 -0.000154546535 0.0
-0.00031874195 -0.000150709835 0.0
-0.000208416765 -0.000183200638 0.0
5.00735696e-05 -7.075334e-05 0.0
-0.000174987988 -0.000169273626 0.0
-0.000112011403 -6.65959742e-05 0.0
0.000119209362 -7.52756605e-05 0.0
0.000277980231 -3.51217495e-05 0.0
0.000474074157 -8.96940855e-06 0.0
0.000229968224 -0.00012024826 0.0
-0.000300693471 -0.000193742191 0.0
-4.16699586e-05 -4.03285885e-05 0.0
-0.000154487207 -0.000227452649 0.0
-0.00014106257 -0.000160941665 0.0
7.27774895e-05 -0.000168804923 0.0
0.000154944573 5.88574812e-06 0.0
0.000123867241 -0.000144681049 0.0
-0.000147518425 -0.000219420355 0.0
0.000145567625 -0.000163784454 0.0
-0.000120921592 -0.000110849061 0.0
0.000102148828 -0.000138554169 0.0
-1.79441085e-05 -1.9809182e-05 0.0
0.00035631354 -1.15288321e-05 0.0
0.000232566541 3.30709577e-06 0.0
0.000211685197 -9.0490772e-05 0.0
-9.37738441e-05 -0.000154518624 0.0
4.82184369e-05 -3.01013224e-05 0.0
4.29240717e-05 -5.54122526e-05 0.0
0.00027008928 -9.26841167e-05 0.0
-0.000265794544 -0.000159677045 0.0
0.000148091422 -5.2458061e-05 0.0
0.000165541889 -0.000114038783 0.0
-0.000168410188 -0.000155805581 0.0
4.01760481e-05 -0.000131556182 0.0
-3.38956197e-05 -8.26804171e-05 0.0
0.000267504714 -3.62709252e-05 0.0
-0.00033834952 -0.000135068069 0.0
-0.000150156658 -0.000176371541 0.0
-4.49686049e-05 -6.26700348e-05 0.0
0.000111528796 -4.04164302e-06 0.0
-0.00016780592 -6.79082077e-05 0.0
-9.20353923e-05 -0.000259878259 0.0
-5.18533816e-05 -0.00023506966 0.0
-0.00014993042 -8.70217991e-05 0.0
0.000335611694 -4.84419943e-05 0.0
7.01341924e-05 -1.69955547e-05 0.0
0.000175491208 -0.000146685707 0.0
-3.20352447e-05 -0.000193864704 0.0
-3.62574065e-05 -5.81855857e-05 0.0
-0.00017948469 -0.000127270847 0.0
-0.000296880869 -0.000187855519 0.0
0.000223101917 -0.000116251475 0.0
1.45275017e-05 -5.38867353e-05 0.0
0.000291659031 -9.49282985e-05 0.0
0.000194958877 -1.63720561e-05 0.0
-0.000107651686 -0.000130520944 0.0
9.59480167e-05 -0.000196520996 0.0
0.000151167129 -6.70714871e-05 0.0
0.000285693619 -8.32595833e-05 0.0
0.000333953911 -8.1662678e-05 0.0
-0.000123854988 -0.00011780567 0.0
-2.98185587e-05 -6.77219869e-05 0.0
0.0004060785 -1.97841564e-05 0.0
-1.52265625e-06 -0.000212251907 0.0
-0.000132813875 -0.000126379891 0.0
0.000437755923 -4.86851204e-05 0.0
-3.31392293e-05 -9.21784449e-05 0.0
0.000171737178 -7.82661809e-05 0.0
-6.31483954e-06 -8.39932181e-05 0.0
0.000465397083 -2.40315694e-05 0.0
0.000200035458 -5.4768574e-05 0.0
-0.000364172884 -0.00018554242 0.0
-3.58553443e-05 -0.000216092187 0.0
1.10058327e-05 -0.000196527108 0.0
1.40778111e-05 -0.000127447027 0.0
-5.97135513e-05 -0.00011212306 0.0
-3.19439641e-05 -3.92253387e-05 0.0
4.96412504e-05 -9.63583734e-05 0.0
0.000131183042 -6.56244374e-05 0.0
0.000139312935 -2.79314809e-05 0.0
-0.000295839011 -0.00011062745 0.0
-8.79137369e-05 -8.32027654e-05 0.0
-6.95122144e-05 -0.000198445763 0.0
-0.000147703307 -0.000212398547 0.0
-0.00049791194 -0.00018631194 0.0
-5.61114684e-05 -6.06713729e-05 0.0
2.96803464e-05 -8.73977551e-05 0.0
0.000303763285 -3.88114313e-05 0.0
0.000125040897 -7.64539509e-05 0.0
-0.000366323831 -0.000166491358 0.0
0.000204326643 -0.000136925111 0.0
8.29714263e-05 -0.000151597822 0.0
-6.6839646e-05 -0.000128279091 0.0
0.000389588677 -6.12762597e-05 0.0
-0.000294591533 -0.000152886016 0.0
-0.000218288769 -0.000172281187 0.0
6.91617315e-05 -1.75287332e-05 0.0
0.000351105002 -5.18994739e-06 0.0
0.000412955298 -4.55695917e-05 0.0
0.00010599535 -0.000153979854 0.0
-0.000231399492 -0.000118120493 0.0
4.75218621e-06 -0.000171344378 0.0
-0.000394133676 -0.000155322967 0.0
5.27117736e-05 -9.05893321e-05 0.0
-7.0382026e-05 -0.000135098133 0.0
0.00015564826 -0.000127610663 0.0
-3.87290274e-05 -5.83087858e-05 0.0
0.000232606733 -6.95091076e-05 0.0
2.8314189e-05 -0.000168030951 0.0
-0.000191946892 -0.000174959525 0.0
0.000201745846 -6.47500347e-05 0.0
0.000177748996 -6.30752693e-05 0.0
-0.000267343508 -9.14863122e-05 0.0
0.000515632506 9.15813962e-06 0.0
-0.000243172472 -0.000124841157 0.0
0.000107174928 -0.000143358076 0.0
-0.000368177803 -0.000209850972 0.0
-0.000500894559 -0.000244838564 0.0
0.000303127919 -9.86588057e-05 0.0
0.00012982871 -0.000128223925 0.0
0.000318026112 -2.05535835e-05 0.0
-0.000421234174 -0.000198652022 0.0
2.62495487e-05 -6.21872096e-05 0.0
-0.000232437946 -0.00014619682 0.0
-0.000488969497 -0.000171657797 0.0
-0.00031536771 -0.000132429966 0.0
0.000460965035 -1.92444259e-06 0.0
7.10600652e-05 -0.000189314684 0.0
-0.000141631885 -7.76298693e-05 0.0
0.000189967555 -5.47742457e-05 0.0
5.33461061e-05 -4.09380336e-05 0.0
-3.20725917e-06 -0.000202239054 0.0
-6.03763037e-05 -0.000124806262 0.0
8.0142243e-05 -8.37606858e-05 0.0
0.000380709709 -2.52503796e-05 0.0
0.000433665671 -3.28330789e-05 0.0
-0.000232506762 -0.000114585513 0.0
0.000343207736 -8.64062313e-05 0.0
-0.000112307527 -0.000229039579 0.0
0.000357622892 -3.13512173e-05 0.0
9.27855872e-05 -0.000168515311 0.0
0.00013095449 -9.75533403e-05 0.0
-0.000189944141 -0.000103785096 0.0
0.000108847562 -0.000165912061 0.0
0.00035475925 -5.28511882e-05 0.0
-0.00025856751 -0.000192421809 0.0
-3.15741127e-05 -0.000201318049 0.0
-3.92697657e-05 -9.4974559e-05 0.0
-0.000496847439 -0.000229041034 0.0
-3.55536285e-05 -0.00010925722 0.0
6.74576659e-05 -2.70805031e-05 0.0
-0.000230965321 -0.00018844851 0.0
-0.000242497277 -0.000142905308 0.0
0.000303937617 -3.31037918e-05 0.0
-0.000217943641 -0.000100377532 0.0
7.51314583e-05 -7.367941e-05 0.0
0.000325106172 -2.6497979e-05 0.0
-0.000131428664 -0.000218195113 0.0
0.000118758151 -0.000169688326 0.0
2.70934506e-05 -0.00018323907 0.0
0.000227703378 -0.000112541384 0.0
-0.000456986687 -0.000236703418 0.0
-0.000346477202 -0.000141659315 0.0
-9.132181e-05 -0.000236434818 0.0
0.000148022955 -0.000171953128 0.0
0.000196729132 -0.000116477822 0.0
-0.000254553248 -0.000170199302 0.0
-4.81735588e-05 -0.000255563471 0.0
1.52549464e-05 -0.000213575418 0.0
-3.13987148e-05 -0.000105403582 0.0
-0.000406713749 -0.000216946864 0.0
0.000228284698 -4.68108447e-05 0.0
4.37690578e-05 -0.000176907415 0.0
-3.52918136e-07 -5.71280543e-05 0.0
-0.000140553631 -7.29115782e-05 0.0
5.68534524e-05 -0.000210152895 0.0
-0.000225133423 -0.000156491195 0.0
0.000306177681 -5.45354487e-05 0.0
0.000157368253 -4.64660161e-06 0.0
-0.000373258488 -0.000196087363 0.0
0.000270657532 -0.000100867212 0.0
-0.000200518029 -9.72659618e-05 0.0
-0.000222030139 -0.000136954841 0.0
0.000454458379 -3.91386129e-05 0.0
-0.000321069325 -0.000211732855 0.0
-0.000370770373 -0.000221979848 0.0
-0.000149241328 -0.000152609748 0.0
9.9147117e-05 -0.000117271797 0.0
9.98939649e-05 -0.000177345151 0.0
0.000289834046 -3.53335454e-05 0.0
1.58902594e-06 -1.98818907e-05 0.0
-4.52917047e-05 -0.000174765824 0.0
1.00037087e-05 -0.000196359091 0.0
0.000387455366 -2.65024537e-05 0.0
-0.000283762172 -0.000181660565 0.0
-0.000215018299 -0.00010626686 0.0
0.000281865243 -3.37028505e-05 0.0
3.00980247e-07 -5.13046143e-05 0.0
0.000167749837 -0.00011463456 0.0
0.000263511902 -4.48199717e-05 0.0
-0.000108868684 -0.000218383706 0.0
1.3879835e-05 -7.75682565e-05 0.0
-0.000378179539 -0.000210591228 0.0
-7.14952839e-05 -0.000122490193 0.0
-0.000308959774 -0.000186646954 0.0
-8.04624287e-05 -0.000115925046 0.0
0.000186855352 1.07474207e-05 0.0
-4.55462214e-05 -9.44285784e-05 0.0
-0.000385477615 -0.000243434653 0.0
0.000248246884 -4.44713951e-05 0.0
-0.000173811044 -0.000118870536 0.0
-0.000210900878 -0.000144145306 0.0
-1.01184532e-05 -9.13095282e-05 0.0
3.22315318e-05 -4.81505085e-05 0.0
0.00012382881 -1.97081135e-05 0.0
