3.56519704e-05 1.29816981e-05 0.0
3.53907235e-05 1.80025163e-05 0.0
3.64722982e-05 1.66840491e-05 0.0
3.45248409e-05 1.45111308e-05 0.0
3.20875661e-05 1.3087687e-05 0.0
2.92267523e-05 1.2531732e-05 0.0
2.69760094e-05 1.21054891e-05 0.0
2.98499654e-05 1.04546089e-05 0.0
3.40325605e-05 1.21054891e-05 0.0
3.62833016e-05 1.2531732e-05 0.0
3.91441135e-05 1.3087687e-05 0.0
4.62306016e-05 1.63617842e-05 0.0
4.61797972e-05 1.97115023e-05 0.0
4.60056217e-05 2.29237794e-05 0.0
4.02384721e-05 1.9179226e-05 0.0
5.97273129e-07 3.21877883e-06 0.0
7.71445912e-07 6.50222676e-09 0.0
8.22252048e-07 -3.34321498e-06 0.0
4.52159984e-05 1.51947261e-05 0.0
4.52108543e-05 1.62460092e-05 0.0
4.52100576e-05 1.74836168e-05 0.0
4.12499103e-05 1.55169291e-05 0.0
-1.98293023e-07 -2.22138237e-06 0.0
-1.97496462e-07 -3.45899025e-06 0.0
-1.92351209e-07 -4.51027381e-06 0.0
1.48793379e-05 2.59108947e-06 0.0
1.43254883e-05 8.3647019e-06 0.0
1.54033914e-05 6.63048149e-06 0.0
1.36621184e-05 3.87384853e-06 0.0
4.27948289e-05 1.5284686e-05 0.0
4.54723522e-05 1.5728232e-05 0.0
4.78162183e-05 1.60344116e-05 0.0
4.51458982e-05 2.12552586e-05 0.0
4.07596672e-05 1.60344116e-05 0.0
3.84158011e-05 1.5728232e-05 0.0
3.57382778e-05 1.5284686e-05 0.0
3.57290919e-05 1.18916159e-05 0.0
3.50658229e-05 1.76884914e-05 0.0
3.62370374e-05 1.62463439e-05 0.0
3.47496571e-05 1.35603404e-05 0.0
4.53429311e-05 1.85402714e-05 0.0
4.51008236e-05 2.05084107e-05 0.0
4.60646152e-05 1.98370744e-05 0.0
4.44468315e-05 1.93863143e-05 0.0
1.82556923e-05 6.71896851e-06 0.0
1.71124902e-05 7.75422632e-06 0.0
1.85657955e-05 7.2910384e-06 0.0
1.69290815e-05 7.38926883e-06 0.0
1.24208254e-05 6.22948482e-06 0.0
1.05689778e-05 5.89825822e-06 0.0
8.97205427e-06 5.70527573e-06 0.0
1.13840415e-05 2.26394468e-06 0.0
1.19156575e-05 4.82942824e-06 0.0
9.91055003e-06 3.93061782e-06 0.0
1.60286036e-05 5.70527573e-06 0.0
1.76255271e-05 5.89825822e-06 0.0
1.94773766e-05 6.22948482e-06 0.0
2.28153658e-05 7.28442456e-06 0.0
2.25037256e-05 1.04287928e-05 0.0
2.3565779e-05 9.06762216e-06 0.0
2.15455202e-05 8.12770213e-06 0.0
1.38730102e-05 2.74126364e-06 0.0
1.26232471e-05 4.17228921e-06 0.0
1.40688417e-05 3.32313653e-06 0.0
1.2200222e-05 3.27300472e-06 0.0
2.47121316e-05 8.3727391e-06 0.0
2.45978026e-05 1.0514158e-05 0.0
2.5480851e-05 9.80685945e-06 0.0
2.370937e-05 8.86571343e-06 0.0
3.11874792e-05 9.52379833e-06 0.0
3.08633607e-05 1.38689738e-05 0.0
3.13593191e-05 1.07011992e-05 0.0
3.07615883e-05 1.23507825e-05 0.0
2.47774715e-05 9.21305036e-06 0.0
2.44908661e-05 1.09733146e-05 0.0
2.53550625e-05 1.05244635e-05 0.0
2.40471036e-05 9.75323474e-06 0.0
2.31443282e-05 8.25833467e-06 0.0
2.26060729e-05 1.26165678e-05 0.0
2.43527338e-05 1.16780338e-05 0.0
2.17499455e-05 1.01056539e-05 0.0
4.54083493e-05 1.97049994e-05 0.0
0.0 0.0 0.0
7.0565502e-06 0.0 0.0
5.24649004e-05 1.97049994e-05 0.0
3.65657179e-05 1.3227258e-05 0.0
3.74120573e-05 1.36414656e-05 0.0
3.81022837e-05 1.41444962e-05 0.0
3.85825188e-05 1.46795828e-05 0.0
3.8848666e-05 1.53029105e-05 0.0
3.89235393e-05 1.59730971e-05 0.0
3.87908658e-05 1.66364898e-05 0.0
3.84157211e-05 1.72045657e-05 0.0
3.78186669e-05 1.7647415e-05 0.0
3.70882808e-05 1.79221788e-05 0.0
3.62659666e-05 1.80499246e-05 0.0
3.45137269e-05 1.77553848e-05 0.0
3.37026177e-05 1.73669632e-05 0.0
3.30323892e-05 1.68768092e-05 0.0
3.25557849e-05 1.63581008e-05 0.0
3.23203094e-05 1.58001239e-05 0.0
3.23068452e-05 1.52272696e-05 0.0
3.24503017e-05 1.4652238e-05 0.0
3.27387497e-05 1.40949878e-05 0.0
3.31951305e-05 1.3561822e-05 0.0
3.38464561e-05 1.31719098e-05 0.0
3.47049317e-05 1.29626787e-05 0.0
3.55051379e-05 1.5587475e-05 0.0
3.13585006e-05 1.29631171e-05 0.0
3.04278565e-05 1.27894027e-05 0.0
2.80655677e-05 1.22924739e-05 0.0
2.7320064e-05 1.21661533e-05 0.0
2.69885168e-05 1.19125089e-05 0.0
2.70354303e-05 1.16046886e-05 0.0
2.71829467e-05 1.12168764e-05 0.0
2.74968133e-05 1.08623499e-05 0.0
2.79416327e-05 1.05926156e-05 0.0
2.85088081e-05 1.04198898e-05 0.0
2.91499218e-05 1.03849961e-05 0.0
3.05046433e-05 1.06114212e-05 0.0
3.10370961e-05 1.08018139e-05 0.0
3.14724202e-05 1.10577139e-05 0.0
3.18051571e-05 1.13886608e-05 0.0
3.20627296e-05 1.17798072e-05 0.0
3.22109699e-05 1.21830626e-05 0.0
3.22100241e-05 1.26161858e-05 0.0
3.43766151e-05 1.21661533e-05 0.0
3.5122117e-05 1.22924739e-05 0.0
3.74844058e-05 1.27894027e-05 0.0
3.84150517e-05 1.29631171e-05 0.0
3.87766631e-05 1.35707523e-05 0.0
3.81761347e-05 1.38901123e-05 0.0
3.7439946e-05 1.40118609e-05 0.0
3.66420354e-05 1.39590284e-05 0.0
3.58054604e-05 1.36948456e-05 0.0
3.49631628e-05 1.32104951e-05 0.0
3.41869818e-05 1.24988765e-05 0.0
3.40178558e-05 1.21779694e-05 0.0
4.62452481e-05 1.72457931e-05 0.0
4.62377211e-05 1.834051e-05 0.0
4.60943265e-05 2.10731196e-05 0.0
4.60392475e-05 2.2118691e-05 0.0
4.48600003e-05 2.29474645e-05 0.0
4.37373055e-05 2.27675537e-05 0.0
4.27213126e-05 2.24392243e-05 0.0
4.18745185e-05 2.19863668e-05 0.0
4.11998553e-05 2.13886433e-05 0.0
4.06799991e-05 2.06871136e-05 0.0
4.03430422e-05 1.9935067e-05 0.0
4.03501399e-05 1.84133678e-05 0.0
4.06939253e-05 1.76553949e-05 0.0
4.12881855e-05 1.69599989e-05 0.0
4.2102045e-05 1.63950754e-05 0.0
4.30400687e-05 1.60417112e-05 0.0
4.40473341e-05 1.59194442e-05 0.0
4.5126344e-05 1.6017435e-05 0.0
6.3089891e-07 2.41369185e-06 0.0
6.85975181e-07 1.36812037e-06 0.0
8.29370208e-07 -1.36448955e-06 0.0
8.36897982e-07 -2.45920774e-06 0.0
1.86951854e-06 -2.78632024e-06 0.0
2.75366187e-06 -2.07256699e-06 0.0
3.38928453e-06 -1.30536569e-06 0.0
3.74179263e-06 -5.48421212e-07 0.0
3.82246162e-06 2.73159799e-07 0.0
3.6951169e-06 1.08647771e-06 0.0
3.25936662e-06 1.87223839e-06 0.0
2.54417728e-06 2.50877338e-06 0.0
1.62679521e-06 2.96413691e-06 0.0
4.52112181e-05 1.56304632e-05 0.0
4.52162094e-05 1.69360374e-05 0.0
4.46983395e-05 1.76448921e-05 0.0
4.4116241e-05 1.76821723e-05 0.0
4.34655885e-05 1.75937894e-05 0.0
4.2751064e-05 1.73508543e-05 0.0
4.19974167e-05 1.69038267e-05 0.0
4.13815178e-05 1.63215191e-05 0.0
4.11036963e-05 1.58935345e-05 0.0
4.11107467e-05 1.56919068e-05 0.0
4.1454583e-05 1.52957291e-05 0.0
4.17501069e-05 1.50765318e-05 0.0
4.21504155e-05 1.48998743e-05 0.0
4.2612075e-05 1.4771249e-05 0.0
4.30989166e-05 1.47099963e-05 0.0
4.36155751e-05 1.47029914e-05 0.0
4.41482371e-05 1.47628243e-05 0.0
4.47013663e-05 1.49222205e-05 0.0
-1.92141641e-07 -2.76896276e-06 0.0
-1.97132152e-07 -4.07453626e-06 0.0
2.37410362e-07 -4.14006217e-06 0.0
5.2842654e-07 -3.72341356e-06 0.0
6.43533099e-07 -3.30609282e-06 0.0
5.44782438e-07 -2.88433239e-06 0.0
2.51058111e-07 -2.51048095e-06 0.0
1.58323946e-05 2.86236332e-06 0.0
1.65190104e-05 3.16473484e-06 0.0
1.70670792e-05 3.50232085e-06 0.0
1.75580808e-05 4.0392033e-06 0.0
1.79175222e-05 4.73598811e-06 0.0
1.80793832e-05 5.52973506e-06 0.0
1.80473362e-05 6.41597444e-06 0.0
1.77117836e-05 7.2040998e-06 0.0
1.7098997e-05 7.81481231e-06 0.0
1.62699453e-05 8.21559115e-06 0.0
1.5316964e-05 8.40950997e-06 0.0
1.33335179e-05 8.13246879e-06 0.0
1.24200114e-05 7.70333372e-06 0.0
1.16492874e-05 7.12387509e-06 0.0
1.10839592e-05 6.41203087e-06 0.0
1.07584028e-05 5.59953969e-06 0.0
1.0674672e-05 4.73915134e-06 0.0
1.08521799e-05 3.93783557e-06 0.0
1.12986409e-05 3.27673933e-06 0.0
1.19702081e-05 2.80889503e-06 0.0
1.28229785e-05 2.52488394e-06 0.0
1.38223704e-05 2.43476461e-06 0.0
1.45246777e-05 5.20076674e-06 0.0
4.39772157e-05 1.54866811e-05 0.0
4.6855308e-05 1.59286337e-05 0.0
4.84055454e-05 1.66151312e-05 0.0
4.88376172e-05 1.73418885e-05 0.0
4.90914463e-05 1.81897049e-05 0.0
4.91047249e-05 1.90700466e-05 0.0
4.8845377e-05 1.98711768e-05 0.0
4.83247313e-05 2.05005108e-05 0.0
4.7631318e-05 2.09205027e-05 0.0
4.68512662e-05 2.1185886e-05 0.0
4.60271476e-05 2.1291291e-05 0.0
4.41888842e-05 2.10398448e-05 0.0
4.32224952e-05 2.06347358e-05 0.0
4.23882993e-05 2.00834384e-05 0.0
4.17734227e-05 1.94703807e-05 0.0
4.14053138e-05 1.87883379e-05 0.0
4.12339141e-05 1.80538846e-05 0.0
4.12587906e-05 1.72703731e-05 0.0
4.14725328e-05 1.64637222e-05 0.0
4.19823882e-05 1.57797203e-05 0.0
3.97987569e-05 1.59286337e-05 0.0
3.69206646e-05 1.54866811e-05 0.0
3.66107488e-05 1.50345622e-05 0.0
3.7540507e-05 1.49659572e-05 0.0
3.84742016e-05 1.50698816e-05 0.0
3.93453738e-05 1.53297351e-05 0.0
4.01124162e-05 1.56547012e-05 0.0
3.67246466e-05 1.21559797e-05 0.0
3.77102915e-05 1.26736813e-05 0.0
3.86113315e-05 1.33503409e-05 0.0
3.91551112e-05 1.40097409e-05 0.0
3.93786031e-05 1.4482941e-05 0.0
3.93843766e-05 1.49330563e-05 0.0
3.92945294e-05 1.54855243e-05 0.0
3.90677124e-05 1.61253683e-05 0.0
3.85949643e-05 1.67462968e-05 0.0
3.78864861e-05 1.72901928e-05 0.0
3.69940426e-05 1.76331814e-05 0.0
3.60436825e-05 1.77377751e-05 0.0
3.41540144e-05 1.74739671e-05 0.0
3.34137658e-05 1.71738629e-05 0.0
3.28055612e-05 1.68249862e-05 0.0
3.22944543e-05 1.63061177e-05 0.0
3.19082937e-05 1.56595725e-05 0.0
3.16738078e-05 1.49106318e-05 0.0
3.16553669e-05 1.4117657e-05 0.0
3.188341e-05 1.34103202e-05 0.0
3.23565182e-05 1.28193469e-05 0.0
3.30258517e-05 1.23484369e-05 0.0
3.38359532e-05 1.20220529e-05 0.0
3.47547684e-05 1.18580547e-05 0.0
3.55527991e-05 1.49752441e-05 0.0
4.58324939e-05 1.86689031e-05 0.0
4.63106589e-05 1.88914782e-05 0.0
4.66879283e-05 1.91742074e-05 0.0
4.69048355e-05 1.94760232e-05 0.0
4.69528604e-05 1.97750487e-05 0.0
4.6847872e-05 2.00540453e-05 0.0
4.66147649e-05 2.02840747e-05 0.0
4.62873759e-05 2.04406151e-05 0.0
4.58894829e-05 2.0524385e-05 0.0
4.54948204e-05 2.05145116e-05 0.0
4.4706092e-05 2.04824973e-05 0.0
4.42963756e-05 2.0374333e-05 0.0
4.39315299e-05 2.0172587e-05 0.0
4.36445116e-05 1.98959751e-05 0.0
4.34775757e-05 1.95116918e-05 0.0
4.34798203e-05 1.907568e-05 0.0
4.36752343e-05 1.87082387e-05 0.0
4.40328113e-05 1.84962755e-05 0.0
4.44255056e-05 1.84471355e-05 0.0
4.48547726e-05 1.84798628e-05 0.0
4.52705208e-05 1.96219371e-05 0.0
1.87383521e-05 6.85959139e-06 0.0
1.90288429e-05 6.88836371e-06 0.0
1.92413972e-05 6.94712298e-06 0.0
1.94851964e-05 7.1602035e-06 0.0
1.97087465e-05 7.57872294e-06 0.0
1.97282588e-05 7.94933931e-06 0.0
1.94928307e-05 8.05244963e-06 0.0
1.91271392e-05 8.09485573e-06 0.0
1.86972411e-05 8.08419099e-06 0.0
1.82211152e-05 8.03313287e-06 0.0
1.7674347e-05 7.94519747e-06 0.0
1.66664959e-05 7.58190254e-06 0.0
1.64698322e-05 7.49288165e-06 0.0
1.640755e-05 7.44227373e-06 0.0
1.63059613e-05 7.32609533e-06 0.0
1.62252509e-05 7.16844261e-06 0.0
1.62011256e-05 7.00156079e-06 0.0
1.63109307e-05 6.83430926e-06 0.0
1.65320653e-05 6.68943721e-06 0.0
1.6866099e-05 6.60709384e-06 0.0
1.72791842e-05 6.56945122e-06 0.0
1.77577094e-05 6.61283093e-06 0.0
1.77184556e-05 7.36286529e-06 0.0
1.16247884e-05 6.08523851e-06 0.0
9.5906953e-06 5.7603429e-06 0.0
8.59880311e-06 5.45814692e-06 0.0
8.24269318e-06 5.09026268e-06 0.0
8.00855832e-06 4.60225419e-06 0.0
7.91917864e-06 4.00574891e-06 0.0
8.06110529e-06 3.38960945e-06 0.0
8.51639561e-06 2.81338362e-06 0.0
9.17033412e-06 2.42499391e-06 0.0
9.91652178e-06 2.23770053e-06 0.0
1.06814005e-05 2.19235699e-06 0.0
1.19301058e-05 2.38472694e-06 0.0
1.24117823e-05 2.58833302e-06 0.0
1.29057134e-05 2.95478162e-06 0.0
1.33413896e-05 3.45435797e-06 0.0
1.36856725e-05 4.06276149e-06 0.0
1.38118739e-05 4.65782068e-06 0.0
1.37287816e-05 5.16595128e-06 0.0
1.34480279e-05 5.60889839e-06 0.0
1.30020835e-05 5.97156259e-06 0.0
1.66472455e-05 5.7603429e-06 0.0
1.86813377e-05 6.08523851e-06 0.0
1.87700916e-05 6.36750337e-06 0.0
1.79757717e-05 6.30849672e-06 0.0
1.71721567e-05 6.12737813e-06 0.0
1.64959329e-05 5.87077875e-06 0.0
2.33455085e-05 7.48822231e-06 0.0
2.37316435e-05 7.64541619e-06 0.0
2.40556947e-05 7.84942131e-06 0.0
2.43633967e-05 8.14683699e-06 0.0
2.4580977e-05 8.50500692e-06 0.0
2.46589771e-05 8.91217041e-06 0.0
2.4596211e-05 9.35519438e-06 0.0
2.43781797e-05 9.75992771e-06 0.0
2.4026187e-05 1.00733014e-05 0.0
2.35888128e-05 1.02887634e-05 0.0
2.30761634e-05 1.04047222e-05 0.0
2.19091889e-05 1.03214834e-05 0.0
2.13456533e-05 1.0072672e-05 0.0
2.08451838e-05 9.69606754e-06 0.0
2.04504304e-05 9.19708054e-06 0.0
2.01979474e-05 8.64006324e-06 0.0
2.0125035e-05 8.13394763e-06 0.0
2.02598603e-05 7.73687589e-06 0.0
2.05771412e-05 7.44568933e-06 0.0
2.10298695e-05 7.23242738e-06 0.0
2.16011904e-05 7.11660005e-06 0.0
2.21975424e-05 7.12444398e-06 0.0
2.26016582e-05 8.61361241e-06 0.0
1.43528323e-05 2.94915321e-06 0.0
1.45363965e-05 3.03522643e-06 0.0
1.45972754e-05 3.07345454e-06 0.0
1.46848306e-05 3.19275273e-06 0.0
1.47636056e-05 3.37053416e-06 0.0
1.47846022e-05 3.57747626e-06 0.0
1.47098717e-05 3.79643279e-06 0.0
1.44875457e-05 3.98228167e-06 0.0
1.41325045e-05 4.14781198e-06 0.0
1.36783819e-05 4.2382444e-06 0.0
1.31550369e-05 4.23730626e-06 0.0
1.22263846e-05 4.08963842e-06 0.0
1.19016649e-05 3.9388392e-06 0.0
1.15450703e-05 3.67312282e-06 0.0
1.12521839e-05 3.41825421e-06 0.0
1.11178988e-05 3.20822414e-06 0.0
1.11403015e-05 3.00853617e-06 0.0
1.13185242e-05 2.79088658e-06 0.0
1.16249266e-05 2.57589795e-06 0.0
1.20759223e-05 2.44610442e-06 0.0
1.26440927e-05 2.42624469e-06 0.0
1.3271173e-05 2.54570614e-06 0.0
1.32009636e-05 3.31065758e-06 0.0
2.52851878e-05 8.53476377e-06 0.0
2.58082455e-05 8.79376148e-06 0.0
2.62273898e-05 9.08958191e-06 0.0
2.64757782e-05 9.36126798e-06 0.0
2.65320868e-05 9.63074672e-06 0.0
2.64364917e-05 9.89537239e-06 0.0
2.61930145e-05 1.01303121e-05 0.0
2.58561431e-05 1.03034472e-05 0.0
2.54663428e-05 1.0416944e-05 0.0
2.50247085e-05 1.04495584e-05 0.0
2.40822483e-05 1.05130803e-05 0.0
2.35231055e-05 1.03413677e-05 0.0
2.29907091e-05 1.00302605e-05 0.0
2.25406311e-05 9.50137746e-06 0.0
2.22862382e-05 8.88941122e-06 0.0
2.24142423e-05 8.56420502e-06 0.0
2.27516812e-05 8.4371477e-06 0.0
2.31570393e-05 8.35692299e-06 0.0
2.36085943e-05 8.34561524e-06 0.0
2.41346952e-05 8.33197373e-06 0.0
2.46543732e-05 9.38020639e-06 0.0
3.21810403e-05 9.86776831e-06 0.0
3.31766933e-05 1.04642759e-05 0.0
3.37739948e-05 1.11119798e-05 0.0
3.38463615e-05 1.12573698e-05 0.0
3.38961981e-05 1.15081893e-05 0.0
3.39379949e-05 1.18961543e-05 0.0
3.38699065e-05 1.23108075e-05 0.0
3.36668563e-05 1.27348485e-05 0.0
3.32789023e-05 1.3225218e-05 0.0
3.26371046e-05 1.36285389e-05 0.0
3.18007224e-05 1.38462674e-05 0.0
2.99287858e-05 1.3654475e-05 0.0
2.8993758e-05 1.3148373e-05 0.0
2.81049488e-05 1.2348386e-05 0.0
2.74913309e-05 1.13720644e-05 0.0
2.76208521e-05 1.11006584e-05 0.0
2.77994623e-05 1.08935537e-05 0.0
2.80600179e-05 1.05428462e-05 0.0
2.8424829e-05 1.01908017e-05 0.0
2.89133368e-05 9.8507071e-06 0.0
2.95325972e-05 9.58038709e-06 0.0
3.02940371e-05 9.47343324e-06 0.0
3.10405703e-05 1.14110371e-05 0.0
2.51532474e-05 9.1861566e-06 0.0
2.5555888e-05 9.27770725e-06 0.0
2.59338412e-05 9.45596003e-06 0.0
2.62347276e-05 9.7173579e-06 0.0
2.64308965e-05 1.00668394e-05 0.0
2.65013223e-05 1.04739756e-05 0.0
2.6435062e-05 1.08639724e-05 0.0
2.61905516e-05 1.11329064e-05 0.0
2.58282562e-05 1.1249278e-05 0.0
2.53987509e-05 1.12503358e-05 0.0
2.49499462e-05 1.11578092e-05 0.0
2.40763184e-05 1.07281285e-05 0.0
2.38075772e-05 1.05672616e-05 0.0
2.36189062e-05 1.04764413e-05 0.0
2.34425752e-05 1.02820941e-05 0.0
2.33172232e-05 1.00254911e-05 0.0
2.32796137e-05 9.76331921e-06 0.0
2.33509145e-05 9.54597908e-06 0.0
2.35323223e-05 9.38258199e-06 0.0
2.37993809e-05 9.29154976e-06 0.0
2.40969348e-05 9.25452241e-06 0.0
2.44495732e-05 9.2648279e-06 0.0
2.46310356e-05 1.0106437e-05 0.0
2.40163281e-05 8.49417847e-06 0.0
2.49076347e-05 8.9655141e-06 0.0
2.57497559e-05 9.67985852e-06 0.0
2.6492542e-05 1.07021478e-05 0.0
2.65028448e-05 1.11674181e-05 0.0
2.62966169e-05 1.13367505e-05 0.0
2.60510715e-05 1.16187293e-05 0.0
2.57487736e-05 1.19128345e-05 0.0
2.53613034e-05 1.21755866e-05 0.0
2.48469914e-05 1.2385085e-05 0.0
2.4227902e-05 1.25500237e-05 0.0
2.34519757e-05 1.26312689e-05 0.0
2.18061268e-05 1.24601347e-05 0.0
2.12626564e-05 1.23423933e-05 0.0
2.08111451e-05 1.21101693e-05 0.0
2.04275966e-05 1.17566306e-05 0.0
2.01127386e-05 1.13249062e-05 0.0
1.99156693e-05 1.08139138e-05 0.0
1.98778125e-05 1.02350687e-05 0.0
1.99835449e-05 9.60352827e-06 0.0
2.03195723e-05 9.02046304e-06 0.0
2.08594574e-05 8.59363809e-06 0.0
2.15347973e-05 8.33809827e-06 0.0
2.23065599e-05 8.22031325e-06 0.0
2.31006397e-05 1.09712537e-05 0.0
4.36573064e-05 1.85906829e-05 0.0
4.22123485e-05 1.74211436e-05 0.0
2.49406858e-05 1.09727207e-05 0.0
2.39619385e-05 1.01754331e-05 0.0
2.31773629e-05 9.98695668e-06 0.0
2.26114862e-05 1.00222105e-05 0.0
2.20372003e-05 9.90262924e-06 0.0
2.12192754e-05 9.5714795e-06 0.0
2.01681687e-05 9.08108905e-06 0.0
1.86219386e-05 8.56626139e-06 0.0
1.64362391e-05 7.9277479e-06 0.0
1.40817647e-05 7.04173999e-06 0.0
7.88055877e-06 4.57423948e-06 0.0
6.38721485e-06 3.79000494e-06 0.0
4.45028672e-06 2.62143658e-06 0.0
2.1653882e-06 1.34441939e-06 0.0
-9.54891135e-08 1.46221032e-06 0.0
5.11017333e-07 -1.34214599e-06 0.0
2.71209075e-07 -1.10916017e-06 0.0
3.08263424e-07 -2.3593584e-06 0.0
1.0398004e-06 -2.37198705e-07 0.0
1.95091729e-06 1.07889298e-06 0.0
2.63770335e-06 1.36912979e-06 0.0
3.10013115e-06 1.1158196e-06 0.0
3.44867408e-06 7.10308143e-07 0.0
4.1967719e-06 7.36512959e-07 0.0
5.11403641e-06 1.61925584e-06 0.0
6.14987403e-06 3.14527711e-06 0.0
7.19450463e-06 4.46382637e-06 0.0
8.12219878e-06 4.93622792e-06 0.0
8.65423681e-06 4.25483177e-06 0.0
8.39762197e-06 3.13384544e-06 0.0
7.79309812e-06 1.51343056e-06 0.0
7.29645581e-06 1.90006205e-07 0.0
7.15689293e-06 -4.4839453e-07 0.0
9.22193794e-06 1.34441939e-06 0.0
1.15068369e-05 2.62143658e-06 0.0
1.34437651e-05 3.79000494e-06 0.0
1.4937109e-05 4.57423948e-06 0.0
2.1138314e-05 7.04173999e-06 0.0
2.34927884e-05 7.9277479e-06 0.0
2.56784879e-05 8.56626139e-06 0.0
2.7224718e-05 9.08108905e-06 0.0
2.82758247e-05 9.5714795e-06 0.0
2.90937496e-05 9.90262924e-06 0.0
2.96680355e-05 1.00222105e-05 0.0
3.02339122e-05 9.98695668e-06 0.0
3.10184878e-05 1.01754331e-05 0.0
3.19972351e-05 1.09727207e-05 0.0
4.92688996e-05 1.74211436e-05 0.0
5.07138575e-05 1.85906829e-05 0.0
5.25652431e-05 1.92566058e-05 0.0
5.27048069e-05 1.98950056e-05 0.0
5.32014492e-05 2.12184314e-05 0.0
5.38059721e-05 2.28388453e-05 0.0
5.40625879e-05 2.39598321e-05 0.0
5.3530548e-05 2.46412274e-05 0.0
5.26028562e-05 2.41688267e-05 0.0
5.15582251e-05 2.28502777e-05 0.0
5.0522387e-05 2.13242565e-05 0.0
4.96051216e-05 2.04415137e-05 0.0
4.88570258e-05 2.04153075e-05 0.0
4.8508482e-05 2.08208203e-05 0.0
4.80460549e-05 2.10741291e-05 0.0
4.73592663e-05 2.0783893e-05 0.0
4.64481491e-05 1.94678014e-05 0.0
4.57166134e-05 1.7345641e-05 0.0
4.56795606e-05 1.85958397e-05 0.0
4.59193689e-05 1.83628545e-05 0.0
4.53128596e-05 2.11672104e-05 0.0
3.69490772e-05 1.49898324e-05 0.0
3.41072919e-05 1.61350708e-05 0.0
3.35760014e-05 1.52620778e-05 0.0
3.74842712e-05 1.59211322e-05 0.0
3.59812002e-05 1.42144308e-05 0.0
3.50574774e-05 1.68962106e-05 0.0
3.71837996e-05 1.43172538e-05 0.0
3.3903827e-05 1.67507023e-05 0.0
3.31892043e-05 1.59577467e-05 0.0
3.79137891e-05 1.51496224e-05 0.0
3.79057019e-05 1.66093178e-05 0.0
3.31761476e-05 1.46290604e-05 0.0
3.57516292e-05 1.7477445e-05 0.0
3.52657953e-05 1.36131412e-05 0.0
3.82906655e-05 1.57012419e-05 0.0
3.32613345e-05 1.6451495e-05 0.0
3.77507495e-05 1.46523971e-05 0.0
3.44406617e-05 1.72481778e-05 0.0
3.28420065e-05 1.5454003e-05 0.0
3.66358072e-05 1.37980614e-05 0.0
3.38872414e-05 1.37976713e-05 0.0
3.71017559e-05 1.73866556e-05 0.0
3.75378877e-05 1.71067131e-05 0.0
3.34912729e-05 1.41237524e-05 0.0
3.28551323e-05 1.50349615e-05 0.0
3.82824073e-05 1.61744847e-05 0.0
3.44468972e-05 1.36294811e-05 0.0
3.65372289e-05 1.75038094e-05 0.0
3.50382106e-05 1.74798006e-05 0.0
3.60143458e-05 1.35670734e-05 0.0
3.65422347e-05 1.5647598e-05 0.0
3.4482644e-05 1.55252656e-05 0.0
3.58965299e-05 1.49326706e-05 0.0
3.51253293e-05 1.62240212e-05 0.0
2.88875672e-05 1.15252351e-05 0.0
3.047264e-05 1.17668123e-05 0.0
2.99952444e-05 1.11305362e-05 0.0
2.77230483e-05 1.17936306e-05 0.0
3.12524753e-05 1.22574884e-05 0.0
2.79093747e-05 1.12971056e-05 0.0
2.85796286e-05 1.10299552e-05 0.0
3.07607916e-05 1.12027201e-05 0.0
2.95792743e-05 1.19811575e-05 0.0
3.12208322e-05 1.16063538e-05 0.0
2.84527196e-05 1.19275728e-05 0.0
3.04789592e-05 1.22191641e-05 0.0
2.93701796e-05 1.0816615e-05 0.0
2.97594634e-05 1.15168705e-05 0.0
3.00348784e-05 1.08012873e-05 0.0
2.73214664e-05 1.19827473e-05 0.0
2.77647923e-05 1.20369577e-05 0.0
3.16146616e-05 1.1997301e-05 0.0
2.93133853e-05 1.12010493e-05 0.0
2.80112927e-05 1.09628509e-05 0.0
2.74950053e-05 1.1524925e-05 0.0
3.16312835e-05 1.26131627e-05 0.0
3.13038399e-05 1.13258684e-05 0.0
3.0960673e-05 1.25495581e-05 0.0
3.04973946e-05 1.09073553e-05 0.0
2.81929406e-05 1.16055098e-05 0.0
3.04182213e-05 1.14396871e-05 0.0
2.73036603e-05 1.17773734e-05 0.0
3.17876948e-05 1.23279669e-05 0.0
3.10561336e-05 1.19100514e-05 0.0
2.88001247e-05 1.07038677e-05 0.0
2.99181702e-05 1.23691107e-05 0.0
3.55607335e-05 1.287962e-05 0.0
3.68883084e-05 1.32911846e-05 0.0
3.80661186e-05 1.332598e-05 0.0
3.44740183e-05 1.23499303e-05 0.0
3.48582871e-05 1.26184686e-05 0.0
3.75850286e-05 1.34616539e-05 0.0
3.6235986e-05 1.3231127e-05 0.0
4.33904315e-05 2.04183216e-05 0.0
4.36247974e-05 1.85417357e-05 0.0
4.18065647e-05 1.91007312e-05 0.0
4.45363075e-05 1.73758435e-05 0.0
4.43708705e-05 2.1745429e-05 0.0
4.28754138e-05 2.13979183e-05 0.0
4.15930444e-05 2.00829218e-05 0.0
4.29529246e-05 1.69958039e-05 0.0
4.18928757e-05 1.80314873e-05 0.0
4.48264618e-05 1.860066e-05 0.0
4.3776141e-05 1.94097247e-05 0.0
4.4660861e-05 2.0860718e-05 0.0
4.18839882e-05 2.09680529e-05 0.0
4.53530884e-05 1.68731822e-05 0.0
4.26277074e-05 1.97517147e-05 0.0
4.11948313e-05 1.84363307e-05 0.0
4.38203278e-05 1.67376729e-05 0.0
4.10501234e-05 1.94574623e-05 0.0
4.35179754e-05 2.20359143e-05 0.0
4.22096819e-05 1.7249451e-05 0.0
4.54750916e-05 1.77131296e-05 0.0
4.51079723e-05 2.22764484e-05 0.0
4.53037137e-05 2.15070813e-05 0.0
4.27513696e-05 1.87854748e-05 0.0
4.37717645e-05 2.11546667e-05 0.0
4.4870736e-05 1.99923288e-05 0.0
4.37403069e-05 1.77708389e-05 0.0
4.43111894e-05 2.23531515e-05 0.0
4.092167e-05 1.89205766e-05 0.0
4.24697064e-05 2.05270735e-05 0.0
4.45530823e-05 1.65369511e-05 0.0
4.28362182e-05 1.78706614e-05 0.0
2.09904488e-06 8.82906534e-07 0.0
2.4377573e-06 -9.6782415e-08 0.0
2.10558051e-06 -1.33387891e-06 0.0
1.55067369e-06 2.1797216e-06 0.0
2.94127085e-06 5.24135714e-07 0.0
1.67776216e-06 -1.9966426e-06 0.0
2.73378078e-06 -8.03123385e-07 0.0
1.70967371e-06 -7.18261049e-07 0.0
2.29604007e-06 1.64916742e-06 0.0
4.34542162e-05 1.56507867e-05 0.0
4.37438975e-05 1.63769091e-05 0.0
4.22578087e-05 1.58321072e-05 0.0
4.22891462e-05 1.54065419e-05 0.0
4.40879412e-05 1.52397215e-05 0.0
4.27771956e-05 1.65812689e-05 0.0
4.30601031e-05 1.51317709e-05 0.0
4.42203345e-05 1.68780334e-05 0.0
4.37266281e-05 1.71234169e-05 0.0
4.41122356e-05 1.60634154e-05 0.0
4.31657754e-05 1.59275532e-05 0.0
4.19900462e-05 1.61315529e-05 0.0
4.17025476e-05 1.56539008e-05 0.0
4.43085301e-05 1.56101414e-05 0.0
4.24384234e-05 1.50942187e-05 0.0
4.35764196e-05 1.49548714e-05 0.0
4.45812366e-05 1.65327929e-05 0.0
4.28766798e-05 1.620683e-05 0.0
4.46454469e-05 1.52507127e-05 0.0
4.26459301e-05 1.56418228e-05 0.0
4.2856791e-05 1.5369711e-05 0.0
4.17633382e-05 1.54435493e-05 0.0
4.31103581e-05 1.70163712e-05 0.0
4.21449222e-05 1.65168676e-05 0.0
4.15760878e-05 1.58255589e-05 0.0
4.42848104e-05 1.73162207e-05 0.0
4.42678502e-05 1.50236829e-05 0.0
4.19319622e-05 1.52630655e-05 0.0
4.35482216e-05 1.53064757e-05 0.0
4.25646431e-05 1.68591323e-05 0.0
4.29401043e-05 1.4910509e-05 0.0
4.47316343e-05 1.72705131e-05 0.0
4.21444602e-05 1.5603835e-05 0.0
4.34141803e-05 1.66843201e-05 0.0
1.96112751e-07 -3.04232572e-06 0.0
1.88841241e-07 -3.69897566e-06 0.0
1.9045423e-07 -2.79635947e-06 0.0
1.81173831e-07 -3.91682988e-06 0.0
1.6334523e-05 5.16069622e-06 0.0
1.33121193e-05 6.29419901e-06 0.0
1.22351476e-05 5.26667918e-06 0.0
1.60329128e-05 4.00105e-06 0.0
1.49759298e-05 3.36279209e-06 0.0
1.22088777e-05 4.14909846e-06 0.0
1.67403468e-05 6.23519281e-06 0.0
1.41149048e-05 7.3295937e-06 0.0
1.69766317e-05 4.58542263e-06 0.0
1.21850571e-05 6.36437881e-06 0.0
1.493524e-05 4.24747986e-06 0.0
1.54586978e-05 7.53492441e-06 0.0
1.36493354e-05 3.13433202e-06 0.0
1.31930492e-05 7.39568623e-06 0.0
1.68033494e-05 7.02922898e-06 0.0
1.7368091e-05 5.80003825e-06 0.0
1.59469091e-05 3.35763866e-06 0.0
1.14907652e-05 4.59508874e-06 0.0
1.22144629e-05 3.47092396e-06 0.0
1.68209608e-05 3.9268607e-06 0.0
1.15313387e-05 5.76457842e-06 0.0
1.32452278e-05 4.75522074e-06 0.0
1.64764715e-05 3.57331533e-06 0.0
1.24644557e-05 7.03830347e-06 0.0
1.74306297e-05 5.14127623e-06 0.0
1.1361396e-05 5.18783236e-06 0.0
1.6199172e-05 7.4397899e-06 0.0
1.28680676e-05 3.16772571e-06 0.0
1.48003901e-05 7.9093852e-06 0.0
1.43445504e-05 2.88559113e-06 0.0
4.51707565e-05 1.87253572e-05 0.0
4.68416511e-05 1.7669674e-05 0.0
4.36226655e-05 1.72857126e-05 0.0
4.70008636e-05 1.92674361e-05 0.0
4.31834997e-05 1.8737921e-05 0.0
4.54240326e-05 2.01027397e-05 0.0
4.52978784e-05 1.72391356e-05 0.0
4.40739495e-05 1.97292502e-05 0.0
4.78935654e-05 1.8549541e-05 0.0
4.24149875e-05 1.79391864e-05 0.0
4.66167257e-05 2.0270707e-05 0.0
4.73348446e-05 1.67387716e-05 0.0
4.32478555e-05 1.62521119e-05 0.0
4.61993332e-05 1.66752743e-05 0.0
4.45082551e-05 1.64669054e-05 0.0
4.28286403e-05 1.94773856e-05 0.0
4.61992531e-05 1.84481578e-05 0.0
4.78602778e-05 1.75994555e-05 0.0
4.59247749e-05 1.93719916e-05 0.0
4.47571074e-05 2.0518255e-05 0.0
4.25939179e-05 1.70242383e-05 0.0
4.41962729e-05 1.81797441e-05 0.0
4.43567296e-05 1.89510629e-05 0.0
4.79667287e-05 1.98306952e-05 0.0
4.20832039e-05 1.85242843e-05 0.0
4.60382362e-05 2.06864333e-05 0.0
4.82252763e-05 1.92343668e-05 0.0
4.74578665e-05 2.02676165e-05 0.0
4.32937777e-05 2.00646482e-05 0.0
4.39500691e-05 2.04222251e-05 0.0
4.59735384e-05 1.76722206e-05 0.0
4.45356527e-05 1.74973502e-05 0.0
4.70515297e-05 1.83624361e-05 0.0
4.5372788e-05 1.65243182e-05 0.0
4.51039596e-05 1.93635897e-05 0.0
4.33036912e-05 1.78681621e-05 0.0
4.54229921e-05 2.08197071e-05 0.0
4.83582553e-05 1.80844763e-05 0.0
4.19934076e-05 1.73454227e-05 0.0
4.52331915e-05 1.79632061e-05 0.0
4.22254452e-05 1.90687933e-05 0.0
3.91485555e-05 1.55374746e-05 0.0
3.77005854e-05 1.52789162e-05 0.0
3.96022115e-05 1.56115329e-05 0.0
3.71956558e-05 1.51925005e-05 0.0
3.34285796e-05 1.46724888e-05 0.0
3.41902269e-05 1.61860989e-05 0.0
3.68922738e-05 1.38454634e-05 0.0
3.77874348e-05 1.51889317e-05 0.0
3.81988721e-05 1.44077358e-05 0.0
3.78395634e-05 1.60450418e-05 0.0
3.49171096e-05 1.69014074e-05 0.0
3.30958464e-05 1.56842834e-05 0.0
3.31930569e-05 1.36421922e-05 0.0
3.60290396e-05 1.29572854e-05 0.0
3.23184249e-05 1.4588004e-05 0.0
3.76955395e-05 1.33437425e-05 0.0
3.88052795e-05 1.51936683e-05 0.0
3.34887118e-05 1.67105482e-05 0.0
3.39557628e-05 1.28879628e-05 0.0
3.48979156e-05 1.26413397e-05 0.0
3.69563277e-05 1.68020779e-05 0.0
3.59906844e-05 1.71151642e-05 0.0
3.88387998e-05 1.47434612e-05 0.0
3.86320171e-05 1.56709393e-05 0.0
3.24120629e-05 1.39867561e-05 0.0
3.2395059e-05 1.52364892e-05 0.0
3.69554e-05 1.28954589e-05 0.0
3.83261795e-05 1.38655359e-05 0.0
3.40586703e-05 1.6984035e-05 0.0
3.29963696e-05 1.63122204e-05 0.0
3.31341143e-05 1.2924228e-05 0.0
3.78205186e-05 1.67127691e-05 0.0
3.66803361e-05 1.47313567e-05 0.0
3.45074295e-05 1.52939356e-05 0.0
4.54321089e-05 1.90883966e-05 0.0
4.50882944e-05 2.01278108e-05 0.0
4.46816593e-05 1.88707054e-05 0.0
4.57556089e-05 2.02329484e-05 0.0
4.60964402e-05 1.92346615e-05 0.0
4.44739198e-05 2.00602863e-05 0.0
4.53075008e-05 2.03566051e-05 0.0
4.5142664e-05 1.87653204e-05 0.0
4.64375589e-05 1.96329711e-05 0.0
4.40938129e-05 1.96613291e-05 0.0
4.62048156e-05 2.02215142e-05 0.0
4.41942066e-05 1.88428894e-05 0.0
4.48208484e-05 1.98101116e-05 0.0
4.57272727e-05 1.94523818e-05 0.0
4.58825671e-05 1.89478596e-05 0.0
4.46711638e-05 2.02843621e-05 0.0
4.55269183e-05 1.87785918e-05 0.0
4.49750114e-05 2.03780382e-05 0.0
4.47775747e-05 1.86360721e-05 0.0
4.56090929e-05 2.0414187e-05 0.0
4.39446485e-05 1.90749779e-05 0.0
4.38581046e-05 1.93527958e-05 0.0
4.64654986e-05 2.00564737e-05 0.0
4.65927369e-05 1.98697453e-05 0.0
4.65321209e-05 1.93791875e-05 0.0
4.40388103e-05 1.99530441e-05 0.0
4.50641528e-05 1.92519256e-05 0.0
4.54516121e-05 1.99591723e-05 0.0
1.82452732e-05 7.71528357e-06 0.0
1.78823302e-05 6.99055818e-06 0.0
1.71604734e-05 6.94244636e-06 0.0
1.75691548e-05 7.70900988e-06 0.0
1.67044418e-05 7.10099175e-06 0.0
1.69329651e-05 7.57173484e-06 0.0
1.89220627e-05 7.73467764e-06 0.0
1.84933415e-05 6.9744051e-06 0.0
1.76030026e-05 6.80075118e-06 0.0
1.82460863e-05 7.88589296e-06 0.0
1.72367654e-05 7.1916088e-06 0.0
1.90797527e-05 7.39483721e-06 0.0
1.6562848e-05 7.29611565e-06 0.0
1.89638486e-05 7.93349227e-06 0.0
1.83513184e-05 6.87176498e-06 0.0
1.88722897e-05 6.99570955e-06 0.0
1.67099097e-05 6.87807596e-06 0.0
1.71132815e-05 7.66858739e-06 0.0
1.66391183e-05 7.49567425e-06 0.0
1.78267801e-05 7.86114015e-06 0.0
1.71586689e-05 6.74387002e-06 0.0
1.68891765e-05 6.77631306e-06 0.0
1.86937086e-05 7.96794848e-06 0.0
1.74490942e-05 7.78353478e-06 0.0
1.79743347e-05 6.78172364e-06 0.0
1.73698663e-05 7.52891674e-06 0.0
1.9036057e-05 7.14847465e-06 0.0
1.65624188e-05 7.40217592e-06 0.0
1.93495598e-05 7.66306403e-06 0.0
1.64241883e-05 7.15027136e-06 0.0
1.83726715e-05 7.53831273e-06 0.0
1.14072027e-05 3.45478929e-06 0.0
9.39889742e-06 5.27772318e-06 0.0
1.24758899e-05 3.97918438e-06 0.0
1.05452491e-05 3.04508035e-06 0.0
8.98591679e-06 4.68835287e-06 0.0
1.2894363e-05 4.7074609e-06 0.0
1.0619e-05 4.92399931e-06 0.0
1.22606825e-05 3.19830588e-06 0.0
1.14177756e-05 2.79321921e-06 0.0
1.21412195e-05 5.65562095e-06 0.0
9.52369282e-06 3.09918778e-06 0.0
8.84505062e-06 3.95207917e-06 0.0
1.11610671e-05 5.50005279e-06 0.0
9.81869925e-06 4.88947444e-06 0.0
1.0176831e-05 5.38741915e-06 0.0
1.27864505e-05 3.46169827e-06 0.0
1.1888319e-05 2.86257318e-06 0.0
1.09282018e-05 2.56331782e-06 0.0
8.85569352e-06 5.12938959e-06 0.0
1.27608091e-05 5.27526618e-06 0.0
1.30990902e-05 3.85921066e-06 0.0
1.32291225e-05 4.31762101e-06 0.0
1.0384173e-05 2.54150473e-06 0.0
9.89346518e-06 2.6752848e-06 0.0
1.14403401e-05 4.04492403e-06 0.0
8.47146839e-06 4.32718116e-06 0.0
8.96821257e-06 3.43145825e-06 0.0
1.8176388e-05 6.12931126e-06 0.0
1.70630738e-05 5.91656226e-06 0.0
1.8429464e-05 6.21666186e-06 0.0
1.68186907e-05 5.89702449e-06 0.0
1.89762723e-05 6.2274039e-06 0.0
1.63905916e-05 5.77879882e-06 0.0
2.26958182e-05 9.51164202e-06 0.0
2.28413573e-05 7.86187229e-06 0.0
2.16288645e-05 9.00554915e-06 0.0
2.35868047e-05 8.14058239e-06 0.0
2.2093569e-05 7.55651536e-06 0.0
2.34206764e-05 9.678276e-06 0.0
2.19285976e-05 9.67551932e-06 0.0
2.09921345e-05 8.48696254e-06 0.0
2.39991205e-05 8.68329153e-06 0.0
2.33091432e-05 7.73739339e-06 0.0
2.27568053e-05 1.00906555e-05 0.0
2.14223855e-05 7.65709046e-06 0.0
2.10145281e-05 9.27620931e-06 0.0
2.25294698e-05 7.44555518e-06 0.0
2.38918401e-05 9.66477819e-06 0.0
2.37339318e-05 7.8766343e-06 0.0
2.39809906e-05 8.06801472e-06 0.0
2.41342768e-05 8.33440572e-06 0.0
2.30007336e-05 7.53307222e-06 0.0
2.22771669e-05 1.00543139e-05 0.0
2.32074854e-05 1.00528896e-05 0.0
2.22759973e-05 8.01715123e-06 0.0
2.07487483e-05 8.86229009e-06 0.0
2.13657549e-05 9.63707316e-06 0.0
2.0687683e-05 8.07985452e-06 0.0
2.42408878e-05 9.03740056e-06 0.0
2.41311427e-05 9.37435561e-06 0.0
2.09023237e-05 7.80709797e-06 0.0
2.31557315e-05 8.38495907e-06 0.0
2.15460004e-05 7.40155474e-06 0.0
1.31283041e-05 2.91062565e-06 0.0
1.28092788e-05 3.70985595e-06 0.0
1.35475921e-05 3.81895552e-06 0.0
1.39461599e-05 3.00767056e-06 0.0
1.41313121e-05 3.67511825e-06 0.0
1.23277205e-05 2.82391534e-06 0.0
1.21072235e-05 3.63338381e-06 0.0
1.35014143e-05 2.80336053e-06 0.0
1.29615182e-05 3.97274471e-06 0.0
1.4322166e-05 3.14965291e-06 0.0
1.18194212e-05 3.03020624e-06 0.0
1.25763318e-05 2.64948881e-06 0.0
1.27148487e-05 3.08393737e-06 0.0
1.16899628e-05 3.34011111e-06 0.0
1.22578622e-05 3.88115313e-06 0.0
1.4453065e-05 3.59074033e-06 0.0
1.40388929e-05 3.91281901e-06 0.0
1.3998555e-05 2.89523973e-06 0.0
1.42586987e-05 2.97198108e-06 0.0
1.43730604e-05 3.03528873e-06 0.0
1.34157963e-05 4.05587343e-06 0.0
1.36485169e-05 3.52697566e-06 0.0
1.30341787e-05 2.65139943e-06 0.0
1.25568677e-05 3.99812188e-06 0.0
1.37588349e-05 4.02474916e-06 0.0
1.45185295e-05 3.4186487e-06 0.0
1.45158483e-05 3.26450095e-06 0.0
1.1787708e-05 2.81600956e-06 0.0
1.34828433e-05 3.1164268e-06 0.0
1.16563424e-05 3.51297376e-06 0.0
1.15098537e-05 3.15495663e-06 0.0
2.39975034e-05 9.69925441e-06 0.0
2.48119431e-05 8.89735475e-06 0.0
2.55982977e-05 9.29341331e-06 0.0
2.47807802e-05 1.00686484e-05 0.0
2.40977479e-05 8.62867728e-06 0.0
2.33060146e-05 9.23831976e-06 0.0
2.59603567e-05 9.68394215e-06 0.0
2.40400914e-05 1.01152546e-05 0.0
2.53019189e-05 8.85139707e-06 0.0
2.542324e-05 1.01330033e-05 0.0
2.29017605e-05 8.84769906e-06 0.0
2.32180246e-05 9.63508046e-06 0.0
2.35936513e-05 8.50989363e-06 0.0
2.44478852e-05 8.54347763e-06 0.0
2.49250188e-05 8.62670367e-06 0.0
2.35453663e-05 9.98927862e-06 0.0
2.44768962e-05 1.03105631e-05 0.0
2.48213764e-05 1.0339435e-05 0.0
2.51267902e-05 1.02959766e-05 0.0
2.57942374e-05 9.05857178e-06 0.0
2.6053498e-05 9.25847689e-06 0.0
2.61395762e-05 9.4582465e-06 0.0
2.30020796e-05 8.63352216e-06 0.0
2.32306174e-05 8.54715563e-06 0.0
2.60181932e-05 9.91697198e-06 0.0
2.58086347e-05 1.00972165e-05 0.0
2.39368819e-05 9.27523524e-06 0.0
2.43018658e-05 8.94526238e-06 0.0
2.92619188e-05 1.13816659e-05 0.0
3.28025817e-05 1.15998018e-05 0.0
2.96771705e-05 1.06761036e-05 0.0
3.26878726e-05 1.22876945e-05 0.0
2.94126767e-05 1.21174908e-05 0.0
3.30831062e-05 1.11592017e-05 0.0
2.86818722e-05 1.08548229e-05 0.0
3.02523495e-05 1.02146487e-05 0.0
3.18416642e-05 1.28524398e-05 0.0
3.33368953e-05 1.19531996e-05 0.0
2.81414086e-05 1.12971074e-05 0.0
3.23835848e-05 1.07180394e-05 0.0
2.90097996e-05 1.0254721e-05 0.0
3.347862e-05 1.13849956e-05 0.0
2.97827664e-05 1.28635256e-05 0.0
3.33505923e-05 1.23849204e-05 0.0
3.31327064e-05 1.27125168e-05 0.0
3.26773697e-05 1.29617556e-05 0.0
3.35694531e-05 1.16648016e-05 0.0
2.81420671e-05 1.10437995e-05 0.0
2.84282087e-05 1.174318e-05 0.0
3.21205225e-05 1.12222097e-05 0.0
2.94920592e-05 1.00410925e-05 0.0
2.86084269e-05 1.05219742e-05 0.0
3.12724551e-05 1.32725072e-05 0.0
3.08120179e-05 9.9634417e-06 0.0
3.15742946e-05 1.01806972e-05 0.0
3.05328249e-05 1.31811939e-05 0.0
3.18843122e-05 1.18976641e-05 0.0
3.30981893e-05 1.08990162e-05 0.0
2.53621311e-05 9.91146953e-06 0.0
2.44456314e-05 1.0552305e-05 0.0
2.45685696e-05 9.56433541e-06 0.0
2.39313449e-05 1.03257889e-05 0.0
2.37171007e-05 9.97217285e-06 0.0
2.57942957e-05 1.02275635e-05 0.0
2.50061057e-05 1.08747599e-05 0.0
2.5112955e-05 9.51773291e-06 0.0
2.41446469e-05 9.47186436e-06 0.0
2.41140551e-05 1.06029984e-05 0.0
2.58071304e-05 9.70762903e-06 0.0
2.45954343e-05 9.33154297e-06 0.0
2.54901515e-05 1.08765171e-05 0.0
2.4691768e-05 1.08944114e-05 0.0
2.60488814e-05 1.05396157e-05 0.0
2.35705247e-05 9.74466184e-06 0.0
2.36208289e-05 1.01816304e-05 0.0
2.38309331e-05 1.04815063e-05 0.0
2.43354589e-05 1.07708274e-05 0.0
2.36904016e-05 1.03551683e-05 0.0
2.60014294e-05 9.9481631e-06 0.0
2.55398591e-05 9.50817048e-06 0.0
2.49006152e-05 9.33291994e-06 0.0
2.43246977e-05 9.3476192e-06 0.0
2.58880445e-05 1.07867372e-05 0.0
2.36632404e-05 9.57348584e-06 0.0
2.38277516e-05 9.44963085e-06 0.0
2.41244597e-05 1.00871503e-05 0.0
2.48793003e-05 1.0525896e-05 0.0
2.54214428e-05 1.10569117e-05 0.0
2.49142849e-05 9.77321361e-06 0.0
2.33061983e-05 9.75430521e-06 0.0
2.49454515e-05 1.09205794e-05 0.0
2.14162828e-05 1.12366542e-05 0.0
2.27140699e-05 1.19326123e-05 0.0
2.54502374e-05 1.14252434e-05 0.0
2.4599367e-05 1.00427869e-05 0.0
2.16212466e-05 1.18827011e-05 0.0
2.36844589e-05 1.21756511e-05 0.0
2.22429808e-05 9.1665288e-06 0.0
2.07925932e-05 1.05960644e-05 0.0
2.34858671e-05 8.91186755e-06 0.0
2.06792956e-05 1.14394134e-05 0.0
2.59224034e-05 1.09162756e-05 0.0
2.238046e-05 1.23128966e-05 0.0
2.0888383e-05 9.77638956e-06 0.0
2.13731473e-05 9.24597407e-06 0.0
2.50844096e-05 1.18402504e-05 0.0
2.45682531e-05 1.21113035e-05 0.0
2.59603221e-05 1.1204409e-05 0.0
2.55256928e-05 1.0381259e-05 0.0
2.17959296e-05 1.22153069e-05 0.0
2.30464248e-05 1.23642485e-05 0.0
2.42181668e-05 9.22780782e-06 0.0
2.27912842e-05 8.76882223e-06 0.0
2.04799508e-05 1.10460296e-05 0.0
2.09736154e-05 1.17805721e-05 0.0
2.55841587e-05 1.16949795e-05 0.0
2.03907184e-05 1.00643729e-05 0.0
2.37510121e-05 1.06551397e-05 0.0
2.2498507e-05 1.13961032e-05 0.0
3.51893068e-05 1.33332433e-05 0.0
1.22092524e-05 4.67708333e-06 0.0
3.96395881e-05 1.61409171e-05 0.0
8.36438448e-06 2.82036922e-06 0.0
3.15387551e-05 1.12119769e-05 0.0
3.2991622e-05 1.23514037e-05 0.0
3.74049341e-05 1.4043334e-05 0.0
8.12204507e-06 1.72242073e-06 0.0
3.37359379e-05 1.15555413e-05 0.0
1.63890199e-05 7.92854189e-06 0.0
2.76302417e-05 1.33220437e-05 0.0
2.82011824e-05 1.24494218e-05 0.0
2.12893192e-05 6.94664413e-06 0.0
1.87695732e-05 6.4983883e-06 0.0
2.48733959e-05 8.73814497e-06 0.0
9.85415591e-06 3.59115916e-06 0.0
3.6699239e-05 1.5646523e-05 0.0
9.57288285e-06 1.07752862e-06 0.0
2.03485633e-05 7.08434936e-06 0.0
3.7679747e-05 1.62632532e-05 0.0
2.14142747e-05 8.35381525e-06 0.0
3.03982342e-05 1.13696533e-05 0.0
3.50268056e-05 1.27475932e-05 0.0
1.40005268e-05 6.72926353e-06 0.0
3.69478839e-05 1.52484436e-05 0.0
1.35114442e-05 4.87058605e-06 0.0
7.44387489e-06 2.64940923e-06 0.0
3.94805902e-05 1.81530249e-05 0.0
3.55865923e-05 1.58776966e-05 0.0
4.33201058e-06 4.62206344e-07 0.0
1.93872766e-05 6.56922202e-06 0.0
1.54304016e-05 4.84985321e-06 0.0
4.27914129e-05 1.68728857e-05 0.0
1.04213732e-05 3.74399019e-06 0.0
3.2213291e-05 1.24738926e-05 0.0
2.13432249e-05 8.44096576e-06 0.0
1.83189186e-05 5.87395516e-06 0.0
3.98282536e-05 1.48139479e-05 0.0
3.48672984e-05 1.46000584e-05 0.0
3.04565929e-05 1.06078451e-05 0.0
2.76671472e-05 1.33931171e-05 0.0
2.85273491e-05 1.06001544e-05 0.0
3.73667572e-05 1.45286713e-05 0.0
3.92313905e-06 4.91380547e-07 0.0
3.29568975e-05 1.20927971e-05 0.0
1.63173281e-05 8.95679113e-06 0.0
7.54979101e-06 -1.04095548e-07 0.0
2.70937726e-05 9.1547472e-06 0.0
1.18415273e-05 3.84650866e-06 0.0
2.72619181e-05 1.01865453e-05 0.0
3.77540382e-05 1.41500104e-05 0.0
3.05428075e-05 1.39876156e-05 0.0
7.70354382e-06 2.47339608e-06 0.0
2.60746947e-05 1.23081736e-05 0.0
1.86151901e-05 9.3523804e-06 0.0
4.02120577e-06 3.7400257e-06 0.0
2.07554567e-05 8.56533916e-06 0.0
2.56034946e-05 1.05039262e-05 0.0
9.64281389e-06 4.23257234e-06 0.0
2.33389619e-05 8.02577779e-06 0.0
1.21154762e-05 4.32702427e-06 0.0
5.119256e-06 1.89277944e-06 0.0
2.00472787e-05 7.21636934e-06 0.0
1.67293656e-05 5.23015842e-06 0.0
2.31337017e-05 8.11808695e-06 0.0
1.03015163e-05 3.60250806e-06 0.0
1.39561262e-05 4.74577382e-06 0.0
4.24462633e-06 8.34732703e-07 0.0
4.83173972e-05 2.20284055e-05 0.0
2.56819676e-05 9.50439153e-06 0.0
6.09393783e-06 1.995612e-07 0.0
3.33332282e-05 1.16289239e-05 0.0
1.90353912e-05 5.65599066e-06 0.0
1.26211362e-05 5.85267753e-06 0.0
2.84141897e-05 1.3716447e-05 0.0
2.05603046e-05 6.41635552e-06 0.0
1.62573051e-05 6.44504189e-06 0.0
4.20401848e-05 1.82932108e-05 0.0
3.38358041e-05 1.44447749e-05 0.0
3.61838902e-05 1.31685138e-05 0.0
2.96070684e-05 1.37731668e-05 0.0
3.44643595e-05 1.32690493e-05 0.0
1.7905646e-05 7.98228848e-06 0.0
2.83748413e-05 1.29960463e-05 0.0
5.96212476e-06 -7.93644574e-07 0.0
4.25079197e-05 1.68853639e-05 0.0
3.04960649e-05 1.12311927e-05 0.0
3.95061688e-05 1.8120807e-05 0.0
3.73981929e-05 1.53066667e-05 0.0
3.83394981e-05 1.67782491e-05 0.0
3.73463809e-06 -8.91000866e-07 0.0
3.07984228e-05 1.25800652e-05 0.0
9.10023664e-06 1.19327683e-06 0.0
3.38583304e-05 1.36247372e-05 0.0
2.24890682e-05 8.45723935e-06 0.0
2.79603846e-05 1.25999441e-05 0.0
2.70650253e-05 1.07484493e-05 0.0
3.59435617e-05 1.3439847e-05 0.0
1.39124986e-05 5.63015647e-06 0.0
3.73840048e-05 1.74080324e-05 0.0
1.74207744e-05 5.13686746e-06 0.0
1.19170682e-05 4.6258242e-06 0.0
3.41945124e-05 1.18599582e-05 0.0
2.09584687e-05 7.80306891e-06 0.0
3.63926956e-05 1.45168697e-05 0.0
3.57332901e-05 1.33714839e-05 0.0
1.86389643e-05 7.46469141e-06 0.0
1.8208877e-05 1.00168763e-05 0.0
4.02403784e-05 1.89684924e-05 0.0
1.64973317e-05 4.72379679e-06 0.0
1.1766645e-05 4.69406814e-06 0.0
4.25150101e-05 1.56730093e-05 0.0
3.68832116e-05 1.75035129e-05 0.0
3.81030331e-05 1.81159357e-05 0.0
3.49692746e-05 1.42783074e-05 0.0
4.50891748e-05 1.86270172e-05 0.0
1.83738302e-05 5.82396888e-06 0.0
3.85717394e-05 1.6591659e-05 0.0
3.32028794e-05 1.11855024e-05 0.0
3.58806356e-05 1.39653093e-05 0.0
2.87684525e-05 1.16371839e-05 0.0
1.57475461e-05 5.20969843e-06 0.0
2.2790764e-05 8.86310499e-06 0.0
3.41408049e-05 1.25172473e-05 0.0
2.06264995e-05 6.78980177e-06 0.0
2.62292397e-05 1.22497622e-05 0.0
2.18336991e-05 8.28250268e-06 0.0
4.17079573e-05 1.52513967e-05 0.0
4.3679891e-05 1.72942946e-05 0.0
3.36435478e-05 1.13993701e-05 0.0
2.10578437e-05 8.31534999e-06 0.0
3.63041909e-05 1.4379536e-05 0.0
2.82937035e-05 1.00906991e-05 0.0
2.58342352e-05 8.7220742e-06 0.0
2.14301472e-05 8.2030856e-06 0.0
3.22433407e-05 1.19114284e-05 0.0
3.59939149e-05 1.62918204e-05 0.0
2.06345012e-05 6.95736026e-06 0.0
2.40967474e-05 8.78336141e-06 0.0
3.93141527e-05 1.46048633e-05 0.0
7.8231933e-06 2.57044326e-06 0.0
1.49495563e-05 7.93074014e-06 0.0
2.9486775e-05 1.44920868e-05 0.0
1.74503875e-05 5.56431405e-06 0.0
9.44554813e-06 3.29481577e-06 0.0
1.16470919e-05 1.77158313e-06 0.0
1.33625053e-05 3.76861703e-06 0.0
1.70976546e-05 9.46478212e-06 0.0
1.17741511e-05 5.517712e-06 0.0
7.7043178e-06 2.31822651e-06 0.0
1.58797138e-05 4.27043005e-06 0.0
3.24109351e-06 8.92797914e-07 0.0
1.49083289e-05 6.96948928e-06 0.0
2.82718793e-05 9.38689209e-06 0.0
5.80736651e-06 -1.32180162e-06 0.0
2.52252285e-05 1.15215053e-05 0.0
1.83873253e-05 5.77561514e-06 0.0
3.03769102e-05 1.47963983e-05 0.0
6.31515559e-06 1.45532033e-06 0.0
1.58603161e-05 4.96371649e-06 0.0
4.4818662e-05 1.77909351e-05 0.0
2.96893249e-05 1.07641254e-05 0.0
2.65776907e-05 1.21485691e-05 0.0
3.05448812e-05 1.11962572e-05 0.0
1.11054915e-05 1.63351535e-06 0.0
2.88193478e-05 1.10456112e-05 0.0
5.04508753e-05 2.32169041e-05 0.0
2.68022741e-05 9.68968106e-06 0.0
4.78852235e-05 2.03534928e-05 0.0
4.17642186e-05 1.71426309e-05 0.0
1.70590738e-05 4.76975038e-06 0.0
1.54671179e-05 7.24856227e-06 0.0
3.93408591e-05 1.69838404e-05 0.0
4.01647085e-05 1.84007731e-05 0.0
3.48132417e-05 1.22636484e-05 0.0
1.52792727e-05 5.49837023e-06 0.0
3.53985197e-05 1.43490852e-05 0.0
1.92058251e-05 5.3473118e-06 0.0
3.83038168e-05 1.45913255e-05 0.0
2.15260775e-06 5.14060723e-08 0.0
3.11762633e-05 1.43449515e-05 0.0
4.17487681e-05 1.87500718e-05 0.0
3.03163906e-05 1.09398779e-05 0.0
1.90363176e-06 2.38885468e-06 0.0
3.8657141e-05 1.46458133e-05 0.0
8.2543811e-06 1.02880745e-06 0.0
4.34706672e-05 1.98050238e-05 0.0
3.84880914e-05 1.69674131e-05 0.0
4.82885662e-05 2.09462869e-05 0.0
3.2957345e-05 1.37570587e-05 0.0
5.86357646e-06 2.0006612e-06 0.0
4.03012236e-05 1.51816002e-05 0.0
2.20931215e-05 7.52918049e-06 0.0
2.52843183e-05 1.1139311e-05 0.0
2.70826422e-05 9.49913465e-06 0.0
4.20001015e-05 1.93764154e-05 0.0
3.69569752e-05 1.50641936e-05 0.0
2.70280234e-05 1.27891426e-05 0.0
3.8056507e-05 1.60973232e-05 0.0
2.57604115e-05 9.41118105e-06 0.0
3.33299722e-05 1.18258977e-05 0.0
1.08017375e-05 3.72675481e-06 0.0
9.08513994e-06 4.87724901e-06 0.0
2.08346119e-05 7.64906963e-06 0.0
7.8736648e-06 2.76770834e-06 0.0
4.09227905e-05 1.58351813e-05 0.0
3.37701094e-05 1.34336351e-05 0.0
2.11997794e-05 9.02242391e-06 0.0
2.88395295e-05 1.38621208e-05 0.0
2.12273153e-06 -1.2827403e-06 0.0
4.4596658e-05 1.80032639e-05 0.0
5.01122486e-06 2.04410776e-06 0.0
2.60019096e-05 1.02110116e-05 0.0
1.92266834e-05 9.86225768e-06 0.0
3.9403265e-05 1.89416915e-05 0.0
2.93795056e-05 1.34870788e-05 0.0
3.77914585e-05 1.53723086e-05 0.0
6.35595006e-06 1.04019625e-06 0.0
5.82933626e-06 1.78019991e-06 0.0
1.24372273e-05 4.55073769e-06 0.0
9.13823988e-06 1.67401015e-06 0.0
1.82201038e-05 7.6254405e-06 0.0
3.27846901e-05 1.14165887e-05 0.0
3.49247603e-05 1.36621966e-05 0.0
4.68798316e-05 2.13199892e-05 0.0
1.76351914e-05 7.59467503e-06 0.0
1.60929103e-05 8.28948487e-06 0.0
5.66176777e-06 4.16163221e-06 0.0
1.62425549e-05 5.70085422e-06 0.0
4.98387562e-05 1.7641647e-05 0.0
3.53167634e-05 1.6385944e-05 0.0
3.81054997e-05 1.82424174e-05 0.0
3.34689576e-05 1.48467661e-05 0.0
1.81470714e-05 5.38449422e-06 0.0
2.30464957e-05 9.55827454e-06 0.0
3.66118875e-05 1.32156511e-05 0.0
1.00097241e-05 3.43779811e-06 0.0
4.41494303e-05 1.74772413e-05 0.0
2.12148552e-05 8.23193841e-06 0.0
3.85669955e-06 3.81448217e-06 0.0
2.70660385e-05 1.04156534e-05 0.0
2.09681075e-05 8.54374593e-06 0.0
1.37454326e-05 7.09542019e-06 0.0
4.10213579e-05 1.89359471e-05 0.0
2.02623573e-06 -7.96566269e-07 0.0
2.13040767e-05 9.23581229e-06 0.0
4.32023589e-05 1.63033328e-05 0.0
1.00793386e-05 3.58810416e-06 0.0
4.0394134e-05 1.74055149e-05 0.0
1.80644042e-06 -8.58728527e-07 0.0
4.16234252e-05 1.66322552e-05 0.0
1.33444819e-05 5.36742891e-06 0.0
1.29743148e-05 5.44548539e-06 0.0
2.03775962e-05 6.7810397e-06 0.0
4.17720803e-05 1.56710266e-05 0.0
2.16931076e-05 8.24747531e-06 0.0
4.31878252e-05 1.85278986e-05 0.0
2.98170362e-05 1.48522658e-05 0.0
6.21736444e-06 3.80805517e-07 0.0
2.46733271e-05 9.64275114e-06 0.0
4.8127029e-05 2.0048592e-05 0.0
1.17710551e-05 3.17949207e-06 0.0
6.29524993e-06 1.72441025e-06 0.0
3.82614271e-05 1.5595866e-05 0.0
3.10088471e-05 1.39639387e-05 0.0
2.81508528e-05 1.24591115e-05 0.0
4.27414052e-05 1.57956056e-05 0.0
1.21687708e-05 3.22996675e-06 0.0
1.39552649e-05 4.04126331e-06 0.0
1.57914728e-05 4.71246176e-06 0.0
3.77877441e-05 1.79922536e-05 0.0
4.43323261e-05 1.76116591e-05 0.0
2.24007617e-05 7.60566991e-06 0.0
3.39981198e-05 1.27032945e-05 0.0
1.94249478e-05 8.77084676e-06 0.0
4.74579647e-05 2.06266723e-05 0.0
4.37921626e-05 1.67913349e-05 0.0
2.94317797e-05 1.06674388e-05 0.0
3.63173131e-05 1.34566362e-05 0.0
2.44964049e-05 1.02541817e-05 0.0
1.41601231e-05 5.67947563e-06 0.0
1.23096097e-05 3.23462768e-06 0.0
3.7956881e-05 1.81038686e-05 0.0
1.93160959e-05 6.26987548e-06 0.0
3.46806628e-05 1.57027571e-05 0.0
3.04375026e-05 1.06969601e-05 0.0
3.53979631e-05 1.40049069e-05 0.0
1.63369623e-05 4.45038131e-06 0.0
2.11790939e-05 8.16557986e-06 0.0
1.54958088e-05 4.98324198e-06 0.0
3.47961977e-05 1.21252997e-05 0.0
3.54498261e-05 1.28515776e-05 0.0
1.4597058e-05 5.26650774e-06 0.0
9.49931291e-06 9.47474405e-07 0.0
7.3669521e-06 4.73222781e-06 0.0
3.21723455e-05 1.19188962e-05 0.0
7.35054618e-06 1.0393635e-06 0.0
2.58980526e-05 9.97839925e-06 0.0
3.06483671e-05 1.41519204e-05 0.0
4.06904765e-05 1.4795125e-05 0.0
2.59379613e-05 9.12325049e-06 0.0
1.70416479e-05 4.78321635e-06 0.0
4.60025913e-05 2.02192259e-05 0.0
2.72766138e-05 9.08714355e-06 0.0
4.05778555e-05 1.51923814e-05 0.0
2.64808314e-05 1.04019637e-05 0.0
8.35857463e-06 6.87384613e-07 0.0
1.96445799e-05 8.38339929e-06 0.0
9.23378138e-06 2.84686644e-06 0.0
4.06501713e-05 1.89118891e-05 0.0
4.41027696e-05 1.80960833e-05 0.0
5.09690581e-05 2.26637676e-05 0.0
1.97005738e-05 7.44184945e-06 0.0
2.62487119e-05 1.11130666e-05 0.0
2.9598616e-06 -2.45160254e-06 0.0
6.33622449e-06 1.58470903e-06 0.0
2.09709215e-05 8.61976514e-06 0.0
3.70961025e-05 1.38081114e-05 0.0
5.05700564e-06 -8.51300229e-07 0.0
2.24049982e-05 9.32265812e-06 0.0
2.71448916e-05 1.09622679e-05 0.0
2.24022806e-05 7.58058377e-06 0.0
6.63000901e-06 1.16342846e-06 0.0
2.91416836e-05 9.63060029e-06 0.0
2.87657203e-05 1.1010161e-05 0.0
3.16716723e-05 1.41680484e-05 0.0
3.41028026e-05 1.33001258e-05 0.0
2.44981475e-05 8.33807644e-06 0.0
1.65249567e-05 6.13602106e-06 0.0
4.50553489e-05 1.71248139e-05 0.0
2.9315981e-05 1.12097969e-05 0.0
3.25901965e-05 1.17631171e-05 0.0
3.94622366e-05 1.52993998e-05 0.0
9.60594934e-06 3.59317846e-06 0.0
2.80435015e-05 1.03473722e-05 0.0
2.30377318e-05 8.74254511e-06 0.0
1.12433763e-05 2.91066726e-06 0.0
3.22320848e-05 1.38370924e-05 0.0
1.98781891e-05 6.36972936e-06 0.0
4.16094808e-05 1.71752126e-05 0.0
1.77861948e-05 5.89773708e-06 0.0
3.93148039e-05 1.47008313e-05 0.0
9.76430056e-06 4.66899928e-06 0.0
2.83539448e-05 1.01581772e-05 0.0
4.68033286e-05 2.07414068e-05 0.0
3.52445022e-05 1.31713114e-05 0.0
2.43136838e-05 1.06976695e-05 0.0
3.85101339e-05 1.4457034e-05 0.0
1.56018486e-05 5.72834415e-06 0.0
3.70697489e-05 1.40514239e-05 0.0
1.93586802e-05 6.45419186e-06 0.0
1.33393805e-05 5.43220949e-06 0.0
1.05933259e-05 3.80013557e-06 0.0
9.1781294e-06 3.04285231e-06 0.0
1.83280135e-05 1.02868835e-05 0.0
3.96837095e-05 1.47465926e-05 0.0
1.202148e-05 2.90025469e-06 0.0
4.76104105e-05 2.01648509e-05 0.0
3.61871098e-05 1.38463492e-05 0.0
2.78481766e-05 1.35104892e-05 0.0
4.79465371e-06 -1.48456206e-06 0.0
3.54149197e-05 1.32408295e-05 0.0
4.79108348e-05 1.9918647e-05 0.0
3.64378066e-05 1.40138773e-05 0.0
2.24279975e-05 8.89593684e-06 0.0
2.58918681e-05 1.24090138e-05 0.0
1.07249816e-05 2.29812849e-06 0.0
8.40299617e-06 2.74309377e-06 0.0
1.28922193e-06 -2.88371052e-06 0.0
2.30083315e-05 8.18072022e-06 0.0
3.52124625e-05 1.36862391e-05 0.0
1.32813993e-05 3.31457704e-06 0.0
1.51000304e-05 5.42763973e-06 0.0
2.37841105e-05 8.30113459e-06 0.0
3.55974516e-05 1.24914441e-05 0.0
1.03701059e-05 3.19611013e-06 0.0
1.96636429e-05 1.09045059e-05 0.0
2.51866641e-05 1.10675865e-05 0.0
2.55820887e-05 1.09987568e-05 0.0
1.90278515e-05 6.33552008e-06 0.0
1.98412727e-06 -4.76906166e-07 0.0
2.97908173e-05 1.20537989e-05 0.0
3.852183e-05 1.5192486e-05 0.0
1.424729e-05 4.44813622e-06 0.0
8.4686435e-06 5.14196081e-08 0.0
2.20938036e-05 7.62867012e-06 0.0
5.01548348e-05 2.2730932e-05 0.0
4.60787523e-05 2.03156269e-05 0.0
1.58958683e-05 6.83136705e-06 0.0
1.28522033e-05 5.71922874e-06 0.0
1.02372896e-05 1.14820079e-06 0.0
3.32918971e-05 1.13889073e-05 0.0
4.46665981e-05 1.92420321e-05 0.0
1.28986794e-05 3.55872885e-06 0.0
3.19828105e-05 1.11326053e-05 0.0
3.15149082e-05 1.55714188e-05 0.0
2.7993754e-05 9.5268706e-06 0.0
2.3713651e-06 3.16422779e-06 0.0
2.44669336e-05 8.44744773e-06 0.0
5.66416657e-06 -2.98437953e-07 0.0
3.17023041e-05 1.16533038e-05 0.0
3.9094346e-05 1.66655846e-05 0.0
1.42308618e-05 5.37526512e-06 0.0
1.52390176e-05 7.79506809e-06 0.0
2.19922586e-05 7.38889958e-06 0.0
2.70675428e-05 9.95399932e-06 0.0
5.96061409e-06 4.47295315e-06 0.0
7.56678173e-06 3.20664321e-06 0.0
3.66492532e-05 1.76041594e-05 0.0
2.99093608e-05 1.07690375e-05 0.0
9.60552825e-06 5.78098343e-06 0.0
2.36494598e-05 9.43484793e-06 0.0
1.73561366e-05 8.19126217e-06 0.0
1.88174818e-05 6.29618444e-06 0.0
9.38531048e-06 4.21870209e-06 0.0
1.47126311e-05 5.64167067e-06 0.0
4.12016925e-05 1.58732619e-05 0.0
4.10207067e-05 1.83419579e-05 0.0
3.54071817e-05 1.66574355e-05 0.0
2.8477687e-05 1.13473488e-05 0.0
2.18864043e-05 8.62486377e-06 0.0
3.79080006e-06 3.05201684e-06 0.0
1.75317309e-05 6.85563373e-06 0.0
1.68677998e-05 6.42747727e-06 0.0
1.7466723e-06 -3.57565938e-07 0.0
2.59218905e-05 9.83894824e-06 0.0
1.99160513e-05 6.93480752e-06 0.0
3.76577627e-05 1.67310045e-05 0.0
4.39482246e-05 1.88071099e-05 0.0
3.87942018e-05 1.64579942e-05 0.0
1.60392592e-05 5.0496983e-06 0.0
1.78489627e-05 6.25767461e-06 0.0
3.70184421e-06 1.62036872e-06 0.0
1.84739947e-05 8.19165507e-06 0.0
3.27052257e-05 1.2600226e-05 0.0
3.05154754e-05 9.87861586e-06 0.0
2.6955624e-05 1.28849797e-05 0.0
2.54721654e-05 1.01251526e-05 0.0
1.32660734e-05 7.08168545e-06 0.0
2.95335358e-05 1.32794812e-05 0.0
2.92034219e-05 1.31556517e-05 0.0
3.2640537e-06 -3.29479235e-07 0.0
5.5860196e-06 1.67766564e-06 0.0
1.09491939e-05 5.80350979e-06 0.0
2.81657231e-05 1.33295389e-05 0.0
2.20293823e-05 1.00966272e-05 0.0
4.06182262e-05 1.56736933e-05 0.0
3.32832205e-05 1.2683101e-05 0.0
1.67077505e-05 5.9516201e-06 0.0
3.33512617e-05 1.24853686e-05 0.0
2.78837706e-05 1.21738713e-05 0.0
1.69717187e-05 4.88279602e-06 0.0
2.1491298e-05 7.39636062e-06 0.0
3.2756132e-05 1.46285856e-05 0.0
2.68426611e-05 1.26347531e-05 0.0
1.57089744e-05 6.75625597e-06 0.0
1.19574834e-05 4.38429424e-06 0.0
2.58806012e-05 9.21659466e-06 0.0
8.8277684e-06 5.34305968e-07 0.0
2.27304608e-05 1.02852455e-05 0.0
3.43858555e-05 1.2881661e-05 0.0
3.97922195e-05 1.68996503e-05 0.0
4.43851495e-05 1.99398546e-05 0.0
1.74778543e-05 9.28230565e-06 0.0
2.7093387e-05 1.24404796e-05 0.0
7.67450729e-06 2.62277104e-06 0.0
3.6873691e-05 1.61733278e-05 0.0
1.56561473e-05 4.03203649e-06 0.0
2.70462151e-05 1.18173703e-05 0.0
3.72321447e-05 1.50049154e-05 0.0
2.58073087e-05 1.06439848e-05 0.0
1.26973182e-05 2.61872719e-06 0.0
3.76606404e-05 1.60267846e-05 0.0
1.65928577e-05 6.41095221e-06 0.0
1.31836505e-05 4.60238425e-06 0.0
7.72990188e-06 2.19523963e-06 0.0
5.08185258e-05 1.84442433e-05 0.0
3.19941391e-05 1.18330599e-05 0.0
2.11740244e-05 7.48205048e-06 0.0
1.0198416e-05 4.15047225e-06 0.0
1.64993435e-05 4.23121128e-06 0.0
2.17958241e-05 9.96310246e-06 0.0
1.5635962e-05 8.59678585e-06 0.0
4.30642394e-05 1.9367164e-05 0.0
1.13617634e-05 4.58828299e-06 0.0
2.84842099e-05 1.37467114e-05 0.0
1.99260267e-05 1.02693512e-05 0.0
1.9625686e-05 8.74918896e-06 0.0
3.20201871e-05 1.4043263e-05 0.0
2.01107778e-05 6.19522825e-06 0.0
3.01739019e-05 1.49259931e-05 0.0
4.13436173e-05 1.75678597e-05 0.0
2.2573211e-05 8.56364022e-06 0.0
4.24168938e-05 1.86226025e-05 0.0
2.87798102e-05 1.06127909e-05 0.0
8.89868534e-06 1.35209052e-06 0.0
3.80520178e-05 1.42383406e-05 0.0
3.40220868e-05 1.18433609e-05 0.0
1.11659483e-05 4.17425827e-06 0.0
2.49537552e-05 9.17597299e-06 0.0
1.50665428e-05 6.19777256e-06 0.0
1.9254845e-05 5.66657309e-06 0.0
4.82467076e-05 2.00446575e-05 0.0
3.66674903e-05 1.46592711e-05 0.0
4.00208737e-05 1.63231944e-05 0.0
2.50087778e-05 9.1118718e-06 0.0
4.04936327e-05 1.98859161e-05 0.0
3.02996268e-05 1.23935606e-05 0.0
4.69976621e-05 2.05355173e-05 0.0
3.70289054e-05 1.45945096e-05 0.0
2.48182532e-05 9.24913275e-06 0.0
2.86046852e-05 1.34666807e-05 0.0
4.82688447e-05 2.20023394e-05 0.0
5.14863968e-05 1.87569021e-05 0.0
2.42233455e-05 1.00199113e-05 0.0
4.45682017e-05 1.66784812e-05 0.0
1.18473208e-05 4.17844149e-06 0.0
3.75023155e-05 1.50777678e-05 0.0
5.12743054e-06 3.61735147e-06 0.0
2.13793501e-05 7.51831794e-06 0.0
4.007799e-05 1.82666099e-05 0.0
3.54074837e-05 1.27499425e-05 0.0
2.10378112e-05 6.72699116e-06 0.0
2.98319742e-06 -1.12164651e-06 0.0
4.0767376e-05 1.61380758e-05 0.0
2.62000412e-05 8.95035191e-06 0.0
1.78438131e-05 8.2352326e-06 0.0
3.16811638e-05 1.13621818e-05 0.0
9.50764843e-06 5.2419964e-06 0.0
3.4592802e-05 1.61631178e-05 0.0
3.95689276e-05 1.76790327e-05 0.0
3.52418647e-05 1.31423185e-05 0.0
2.38146367e-05 1.06225052e-05 0.0
3.07718219e-05 1.43195775e-05 0.0
6.38115671e-06 2.36183996e-06 0.0
9.2205596e-07 1.25799215e-06 0.0
3.57122699e-05 1.51865415e-05 0.0
4.33361965e-05 1.8696097e-05 0.0
1.82380591e-05 4.74504986e-06 0.0
3.74108531e-05 1.35167365e-05 0.0
2.02790252e-05 9.24047708e-06 0.0
9.13367512e-06 3.2231826e-06 0.0
1.58965813e-05 4.0083446e-06 0.0
2.56849562e-05 9.80568075e-06 0.0
6.78718197e-06 2.3503253e-06 0.0
4.14524511e-05 1.8568624e-05 0.0
1.76078574e-05 5.51525181e-06 0.0
4.01958678e-05 1.68758143e-05 0.0
3.08701892e-05 1.14858176e-05 0.0
3.97865442e-05 1.46277171e-05 0.0
2.52143545e-05 9.69212033e-06 0.0
3.76828507e-06 -2.26778843e-06 0.0
2.40800018e-05 9.56513031e-06 0.0
3.85929852e-05 1.86814523e-05 0.0
9.3144572e-06 3.23359518e-06 0.0
2.42053811e-05 9.21974788e-06 0.0
3.43203174e-05 1.21668154e-05 0.0
2.00411014e-05 7.20123307e-06 0.0
1.0058227e-06 2.68163808e-06 0.0
4.28520752e-06 6.05810371e-08 0.0
