-7.34129353e-05 0.000562644098 0.0
-7.48590683e-05 0.00057281414 0.0
-7.32799963e-05 0.000574529986 0.0
-7.53648783e-05 0.000564090442 0.0
-6.39861673e-06 0.000569881697 0.0
3.56426472e-06 0.000558960368 0.0
1.51068407e-05 0.00054949231 0.0
4.78455877e-06 0.000576847 0.0
-0.00010749291 0.00054949231 0.0
-0.000119035489 0.000558960368 0.0
-0.000128998363 0.000569881697 0.0
-1.59939864e-05 0.000845892588 0.0
-1.58657058e-05 0.000840489112 0.0
-1.67030867e-05 0.000831287412 0.0
-3.89449178e-06 0.00082246057 0.0
1.54643149e-05 -9.20956882e-06 0.0
1.63016939e-05 -7.86202303e-09 0.0
1.61734133e-05 5.39557823e-06 0.0
-4.55484187e-05 0.000797979475 0.0
-4.59828552e-05 0.00080422475 0.0
-4.51816049e-05 0.000809495279 0.0
-5.8378675e-05 0.000787742378 0.0
-1.30142053e-05 -3.10017458e-05 0.0
-1.38154555e-05 -3.62722312e-05 0.0
-1.33810172e-05 -4.25175385e-05 0.0
-9.81958146e-05 0.000110835099 0.0
-9.736223e-05 0.000113323884 0.0
-9.77341624e-05 0.000114940107 0.0
-9.76845986e-05 0.000106713444 0.0
-8.32388178e-05 0.000705354265 0.0
-8.92673997e-05 0.000714414113 0.0
-9.77217423e-05 0.000722670055 0.0
-8.61765147e-05 0.000699207769 0.0
2.48780052e-05 0.000722670055 0.0
3.33323478e-05 0.000714414113 0.0
3.93609298e-05 0.000705354265 0.0
-2.11696715e-05 0.00069148367 0.0
-2.09114387e-05 0.000660709513 0.0
-2.48808356e-05 0.000673368515 0.0
-1.72895907e-05 0.000680863741 0.0
-7.15593342e-05 0.000714277907 0.0
-6.63558676e-05 0.000738436764 0.0
-6.27565387e-05 0.000730406318 0.0
-7.35412323e-05 0.000718884752 0.0
-2.60074885e-05 0.000295373116 0.0
-2.37360346e-05 0.0002523367 0.0
-3.38580976e-05 0.000286449358 0.0
-1.53391484e-05 0.000266581977 0.0
1.19431061e-05 0.000143570258 0.0
1.79277558e-05 0.000137054129 0.0
2.30297865e-05 0.000131786146 0.0
1.17045729e-05 0.000152066816 0.0
1.31419083e-05 0.000147234445 0.0
1.97515619e-05 0.000140031349 0.0
-9.95699666e-05 0.000131786146 0.0
-0.000104671992 0.000137054129 0.0
-0.000110656641 0.000143570258 0.0
-8.64471349e-06 0.000401235913 0.0
-4.76302603e-06 0.000399108481 0.0
-7.09817687e-06 0.000403509999 0.0
-5.66264362e-06 0.000392088783 0.0
-1.40327202e-07 0.000208683734 0.0
5.16871978e-06 0.000153937959 0.0
-1.26326277e-05 0.000187957936 0.0
1.39793065e-05 0.000170751417 0.0
-3.02740646e-05 0.000371200178 0.0
-3.05231952e-05 0.000396169169 0.0
-2.53652233e-05 0.000386458967 0.0
-3.64466432e-05 0.000373311195 0.0
-9.70073015e-05 0.000487342273 0.0
-9.87582243e-05 0.000481116673 0.0
-9.78030148e-05 0.000486288744 0.0
-9.87672975e-05 0.000481235096 0.0
-2.41103244e-05 0.000422976445 0.0
-2.17058459e-05 0.000444959558 0.0
-1.95321263e-05 0.000445700687 0.0
-2.78652788e-05 0.000431056891 0.0
-3.0542571e-05 0.000312008866 0.0
-3.03195211e-05 0.000313887693 0.0
-2.96364033e-05 0.000317791448 0.0
-2.99011408e-05 0.000307856186 0.0
-3.21674015e-05 0.000840497029 0.0
0.0 0.0 0.0
-0.000122599755 0.0 0.0
-0.000154767156 0.000840497029 0.0
-7.21517863e-05 0.000566777599 0.0
-7.09006126e-05 0.000570048462 0.0
-7.02405014e-05 0.000573089288 0.0
-7.01955942e-05 0.000575542625 0.0
-7.04620034e-05 0.000578097824 0.0
-7.07906293e-05 0.000580232765 0.0
-7.10256281e-05 0.00058130821 0.0
-7.12367255e-05 0.000581209606 0.0
-7.16431241e-05 0.000580067921 0.0
-7.2724768e-05 0.000577930943 0.0
-7.37827868e-05 0.000575561251 0.0
-7.58484603e-05 0.000569731987 0.0
-7.66513622e-05 0.00056718284 0.0
-7.75069857e-05 0.000565004302 0.0
-7.83558644e-05 0.000563412439 0.0
-7.90865088e-05 0.000562012079 0.0
-7.97550965e-05 0.00056065456 0.0
-7.97356988e-05 0.000558929751 0.0
-7.92454448e-05 0.000557137595 0.0
-7.7796918e-05 0.000556646206 0.0
-7.69856197e-05 0.00055720727 0.0
-7.54657522e-05 0.000559292617 0.0
-7.41679323e-05 0.000569723663 0.0
-4.05898254e-06 0.000567116833 0.0
-8.69410314e-07 0.000563512498 0.0
8.39353379e-06 0.000554637925 0.0
1.20600007e-05 0.000551529403 0.0
1.69049872e-05 0.000551656529 0.0
1.74226334e-05 0.000554082333 0.0
1.69241666e-05 0.000557103194 0.0
1.55445468e-05 0.000560777786 0.0
1.36985873e-05 0.000565129565 0.0
1.13928345e-05 0.00056941103 0.0
8.43806629e-06 0.00057367282 0.0
7.34867513e-07 0.000578991137 0.0
-2.54892711e-06 0.000579470536 0.0
-4.77837375e-06 0.000579254993 0.0
-5.9335689e-06 0.000578210223 0.0
-6.62921684e-06 0.000576647755 0.0
-6.9903208e-06 0.000574618869 0.0
-7.14829366e-06 0.000572536665 0.0
-0.000110539746 0.000551529403 0.0
-0.000114206217 0.000554637925 0.0
-0.000123469159 0.000563512498 0.0
-0.000126658735 0.000567116833 0.0
-0.000127621475 0.000566509902 0.0
-0.00012535011 0.00056293502 0.0
-0.000123027334 0.000558416359 0.0
-0.000120454526 0.000554233789 0.0
-0.000117283678 0.000550167286 0.0
-0.000114366405 0.000547544274 0.0
-0.000112136506 0.000546907599 0.0
-0.000109932873 0.000547423202 0.0
-1.58720068e-05 0.000844841183 0.0
-1.58390285e-05 0.000843123533 0.0
-1.6117765e-05 0.000837237691 0.0
-1.64045505e-05 0.000834070554 0.0
-1.43023371e-05 0.000827281794 0.0
-1.09324046e-05 0.000824052317 0.0
-7.40858559e-06 0.000822017959 0.0
-5.13194254e-06 0.000821083784 0.0
-4.21821142e-06 0.000820871501 0.0
-3.98090697e-06 0.000821131165 0.0
-4.02926707e-06 0.000821654277 0.0
-3.85405247e-06 0.000823880488 0.0
-4.718112e-06 0.000826280739 0.0
-6.74538433e-06 0.000829236524 0.0
-9.84220969e-06 0.000832246849 0.0
-1.30287863e-05 0.000836086401 0.0
-1.49950856e-05 0.000839795393 0.0
-1.57383693e-05 0.000842854672 0.0
1.57628492e-05 -6.42642635e-06 0.0
1.60496365e-05 -3.25928636e-06 0.0
1.63283712e-05 2.62654135e-06 0.0
1.62953929e-05 4.34415733e-06 0.0
1.58588355e-05 7.57044245e-06 0.0
1.50905726e-05 8.98245435e-06 0.0
1.39867698e-05 9.30862279e-06 0.0
1.24759172e-05 8.81369397e-06 0.0
1.13201968e-05 7.85830343e-06 0.0
1.08221193e-05 6.09108247e-06 0.0
1.12110247e-05 3.10947416e-06 0.0
1.23172385e-05 -6.42343934e-07 0.0
1.35675191e-05 -5.01007253e-06 0.0
-4.58455434e-05 0.000800809416 0.0
-4.57125716e-05 0.000807294273 0.0
-4.60023839e-05 0.000808099227 0.0
-4.73757791e-05 0.000805781572 0.0
-4.97706169e-05 0.000802723225 0.0
-5.34090395e-05 0.000798378838 0.0
-5.58566098e-05 0.000794662861 0.0
-5.78287181e-05 0.000791793631 0.0
-5.87202449e-05 0.000789381738 0.0
-5.86660608e-05 0.000788130215 0.0
-5.83433903e-05 0.000787088822 0.0
-5.83166766e-05 0.000786404475 0.0
-5.80228589e-05 0.000786015124 0.0
-5.74096302e-05 0.000786064251 0.0
-5.5859975e-05 0.000786625897 0.0
-5.32636514e-05 0.000788072241 0.0
-5.0106064e-05 0.000790925929 0.0
-4.75272864e-05 0.000794217514 0.0
-1.35451728e-05 -3.32027557e-05 0.0
-1.36781446e-05 -3.96875948e-05 0.0
-1.20391524e-05 -3.88773224e-05 0.0
-1.13700789e-05 -3.56117926e-05 0.0
-1.13442302e-05 -3.3037104e-05 0.0
-1.18439575e-05 -3.12998418e-05 0.0
-1.2475457e-05 -3.05827052e-05 0.0
-9.90487533e-05 0.000112822388 0.0
-9.93300637e-05 0.000113823458 0.0
-9.8705983e-05 0.000115395473 0.0
-9.75316216e-05 0.000117379852 0.0
-9.66884181e-05 0.000119732591 0.0
-9.67158121e-05 0.000121610232 0.0
-9.62993654e-05 0.000122945843 0.0
-9.64315768e-05 0.00012297892 0.0
-9.62393096e-05 0.000122184312 0.0
-9.63145649e-05 0.000120352845 0.0
-9.70190813e-05 0.000117384297 0.0
-9.77080999e-05 0.000109824046 0.0
-9.74448267e-05 0.000106274107 0.0
-9.69781031e-05 0.00010361115 0.0
-9.66392545e-05 0.000101583857 0.0
-9.66445368e-05 0.000100089215 0.0
-9.67568485e-05 9.91044872e-05 0.0
-9.67773158e-05 9.89776672e-05 0.0
-9.71032059e-05 0.000100077857 0.0
-9.69147804e-05 0.000102162761 0.0
-9.68623572e-05 0.000104992359 0.0
-9.71804038e-05 0.000107880682 0.0
-9.80799305e-05 0.000110353671 0.0
-8.53221063e-05 0.000709317625 0.0
-9.4294177e-05 0.000719306816 0.0
-9.91490597e-05 0.000722888799 0.0
-9.99668773e-05 0.000722686294 0.0
-0.000100343495 0.000721702585 0.0
-9.96308881e-05 0.000719814212 0.0
-9.80579789e-05 0.000716952374 0.0
-9.61399492e-05 0.00071349123 0.0
-9.36353172e-05 0.000709111395 0.0
-9.03621985e-05 0.00070498354 0.0
-8.73710596e-05 0.000701702433 0.0
-8.60687796e-05 0.000696784293 0.0
-8.58493077e-05 0.000695007562 0.0
-8.46617259e-05 0.000693914073 0.0
-8.31995858e-05 0.000694049115 0.0
-8.20304995e-05 0.000694836141 0.0
-8.1242637e-05 0.000695908908 0.0
-8.06468888e-05 0.000697282609 0.0
-8.09706835e-05 0.000698865042 0.0
-8.17152541e-05 0.000701760524 0.0
2.83055706e-05 0.000719306816 0.0
3.72776449e-05 0.000709317625 0.0
3.78998338e-05 0.000709250744 0.0
3.58021061e-05 0.000713367423 0.0
3.31838019e-05 0.000717092247 0.0
2.98605428e-05 0.00072024361 0.0
2.68765543e-05 0.000721875345 0.0
-2.47048483e-05 0.000694707967 0.0
-2.81366229e-05 0.000697094423 0.0
-3.07971968e-05 0.000697293377 0.0
-3.28876486e-05 0.00069628522 0.0
-3.49541297e-05 0.000694008253 0.0
-3.67940265e-05 0.000690507994 0.0
-3.73603507e-05 0.000687323511 0.0
-3.71077913e-05 0.00068345858 0.0
-3.54698204e-05 0.000679044984 0.0
-3.24365428e-05 0.000674565963 0.0
-2.92693803e-05 0.000669723901 0.0
-2.53161943e-05 0.000664435094 0.0
-1.61862026e-05 0.000658023288 0.0
-1.18919916e-05 0.000657091849 0.0
-8.74174202e-06 0.000657256634 0.0
-6.42908071e-06 0.000658181729 0.0
-4.8563993e-06 0.000659876387 0.0
-4.06675008e-06 0.000662304112 0.0
-4.1841713e-06 0.000665778236 0.0
-5.64569382e-06 0.000669853704 0.0
-8.03752846e-06 0.000674427254 0.0
-1.1026892e-05 0.000679050398 0.0
-1.4329531e-05 0.000683581515 0.0
-1.76683843e-05 0.000687761407 0.0
-2.07991725e-05 0.000677267963 0.0
-6.73582908e-05 0.000717340736 0.0
-6.31686853e-05 0.000721139426 0.0
-6.0335904e-05 0.000725189631 0.0
-5.88353905e-05 0.000729009334 0.0
-5.8071626e-05 0.000732599001 0.0
-5.8062702e-05 0.00073574303 0.0
-5.85261914e-05 0.000738155795 0.0
-5.94151934e-05 0.000739713723 0.0
-6.08900882e-05 0.000740320771 0.0
-6.31207586e-05 0.000739913317 0.0
-7.01925674e-05 0.000735314912 0.0
-7.34454807e-05 0.000731330481 0.0
-7.589093e-05 0.000726608268 0.0
-7.72286658e-05 0.000721340708 0.0
-7.81586277e-05 0.000716285082 0.0
-7.81589843e-05 0.000712396461 0.0
-7.77108289e-05 0.00071007642 0.0
-7.68980608e-05 0.000709464948 0.0
-7.57363523e-05 0.000710621942 0.0
-7.42919729e-05 0.000712039997 0.0
-6.82490427e-05 0.000724864774 0.0
-3.09058305e-05 0.000296762446 0.0
-3.54884469e-05 0.000297028222 0.0
-3.92251022e-05 0.000296317594 0.0
-4.20181277e-05 0.000295131438 0.0
-4.38250281e-05 0.000292387936 0.0
-4.50563748e-05 0.000287831761 0.0
-4.48491992e-05 0.000281848595 0.0
-4.32827255e-05 0.000274954946 0.0
-4.06522959e-05 0.000267779076 0.0
-3.6359721e-05 0.000261406152 0.0
-3.06004076e-05 0.000256072788 0.0
-1.72076379e-05 0.000251218269 0.0
-1.20286013e-05 0.000251982274 0.0
-8.34022558e-06 0.000254246406 0.0
-6.134248e-06 0.000257285399 0.0
-4.87209809e-06 0.000261336041 0.0
-4.71022122e-06 0.000266343501 0.0
-5.7105035e-06 0.000271817873 0.0
-7.83787436e-06 0.000277516083 0.0
-1.10579822e-05 0.000283184403 0.0
-1.52440198e-05 0.000288197101 0.0
-2.01994426e-05 0.000292359735 0.0
-2.48088454e-05 0.000276697101 0.0
1.429856e-05 0.00014064899 0.0
2.12856521e-05 0.000133786089 0.0
2.42062142e-05 0.000131469438 0.0
2.50450739e-05 0.000131079054 0.0
2.5760377e-05 0.000131217967 0.0
2.61105997e-05 0.000132145869 0.0
2.5767109e-05 0.000134115573 0.0
2.45999017e-05 0.000137159092 0.0
2.28158624e-05 0.000141067023 0.0
1.98080052e-05 0.00014608643 0.0
1.57060967e-05 0.000149821601 0.0
9.686878e-06 0.000153737215 0.0
9.32303919e-06 0.000155693924 0.0
9.12856194e-06 0.000157644914 0.0
8.52095309e-06 0.000158505733 0.0
8.58185649e-06 0.000158214651 0.0
8.54934751e-06 0.000156754031 0.0
8.86321322e-06 0.000154296591 0.0
9.60138186e-06 0.000151040469 0.0
1.06927882e-05 0.000147369123 0.0
-0.000101314094 0.000133786089 0.0
-0.000108301188 0.00014064899 0.0
-0.000108660526 0.000139528231 0.0
-0.000105904764 0.000136044197 0.0
-0.000102959297 0.000133324764 0.0
-0.00010093482 0.000132293091 0.0
-1.05586332e-05 0.000403970247 0.0
-1.09794837e-05 0.000405273109 0.0
-1.0242029e-05 0.000406268606 0.0
-9.11726147e-06 0.000407720916 0.0
-8.70879194e-06 0.000409203669 0.0
-8.47825959e-06 0.000410012231 0.0
-8.11716836e-06 0.000409904809 0.0
-7.1025097e-06 0.000408774329 0.0
-5.62190007e-06 0.000406863459 0.0
-4.58887689e-06 0.000404651568 0.0
-4.36807613e-06 0.000402059581 0.0
-5.00436909e-06 0.000395904703 0.0
-4.91360834e-06 0.000392481423 0.0
-4.6742698e-06 0.000389513589 0.0
-4.99343832e-06 0.000387444074 0.0
-5.25592395e-06 0.000386092142 0.0
-5.34324454e-06 0.000385648076 0.0
-5.20718504e-06 0.000386317028 0.0
-4.6927571e-06 0.000388061046 0.0
-4.61238596e-06 0.000390694913 0.0
-4.99949329e-06 0.000393928174 0.0
-6.43705698e-06 0.000397538184 0.0
-6.66321876e-06 0.00039759255 0.0
-8.25412553e-06 0.000210229686 0.0
-1.47463397e-05 0.000208940415 0.0
-1.97265144e-05 0.000206097306 0.0
-2.34495819e-05 0.000202114185 0.0
-2.56519997e-05 0.000196922992 0.0
-2.63569691e-05 0.000190633989 0.0
-2.55957566e-05 0.000183531243 0.0
-2.29380057e-05 0.000176161207 0.0
-1.82916046e-05 0.000168921251 0.0
-1.10848523e-05 0.000162234835 0.0
-2.56342719e-06 0.000156922426 0.0
1.04332494e-05 0.000153005269 0.0
1.44110054e-05 0.000152696914 0.0
1.80909974e-05 0.000153662681 0.0
2.16174976e-05 0.000157118469 0.0
2.45951906e-05 0.000162368568 0.0
2.64512928e-05 0.000168811661 0.0
2.65491199e-05 0.000175765774 0.0
2.45302108e-05 0.000183155717 0.0
2.06252098e-05 0.000190648556 0.0
1.52305383e-05 0.000197933317 0.0
8.29025248e-06 0.000204317781 0.0
1.41714258e-06 0.000179336013 0.0
-2.76591254e-05 0.000374641415 0.0
-2.52885347e-05 0.000378146884 0.0
-2.32804723e-05 0.000381581398 0.0
-2.18216483e-05 0.00038462333 0.0
-2.10417675e-05 0.000387429609 0.0
-2.08327292e-05 0.000390159403 0.0
-2.10690687e-05 0.000392486196 0.0
-2.18374389e-05 0.000394397444 0.0
-2.36976612e-05 0.000395838957 0.0
-2.66525767e-05 0.000397140917 0.0
-3.49153052e-05 0.000392406248 0.0
-3.89138659e-05 0.000386986241 0.0
-4.14821661e-05 0.000381149846 0.0
-4.33041969e-05 0.000375635515 0.0
-4.38468705e-05 0.000371146394 0.0
-4.29830397e-05 0.000368181616 0.0
-4.16237781e-05 0.000367113855 0.0
-3.94109375e-05 0.000367164088 0.0
-3.65317283e-05 0.000367419096 0.0
-3.3436223e-05 0.000368611072 0.0
-3.07932241e-05 0.000379839388 0.0
-9.7219483e-05 0.000490848324 0.0
-9.77773379e-05 0.000493280764 0.0
-9.86791347e-05 0.000494416512 0.0
-9.97872339e-05 0.000494114996 0.0
-0.00010076895 0.000492808758 0.0
-0.000100171485 0.00049233652 0.0
-9.97208408e-05 0.000491734652 0.0
-9.96214221e-05 0.000491802522 0.0
-0.000100200494 0.000490611885 0.0
-9.94109432e-05 0.000488499587 0.0
-9.90616172e-05 0.000485401571 0.0
-9.7623597e-05 0.000476724468 0.0
-9.63679704e-05 0.000473564636 0.0
-9.64142528e-05 0.000471580453 0.0
-9.63594284e-05 0.000470828469 0.0
-9.56818913e-05 0.000470939762 0.0
-9.51373586e-05 0.000472277985 0.0
-9.56555014e-05 0.000474599568 0.0
-9.66461957e-05 0.000476986053 0.0
-9.8067947e-05 0.000479115348 0.0
-9.86420273e-05 0.000481252442 0.0
-9.81562407e-05 0.000484027783 0.0
-9.85178194e-05 0.000483457465 0.0
-2.08336751e-05 0.00042664801 0.0
-1.81046453e-05 0.000431270077 0.0
-1.64520388e-05 0.000436193688 0.0
-1.55400485e-05 0.000441310724 0.0
-1.50229316e-05 0.000445753976 0.0
-1.488206e-05 0.000449422019 0.0
-1.52705106e-05 0.000452117121 0.0
-1.61844782e-05 0.000453231711 0.0
-1.76709327e-05 0.000452867913 0.0
-1.95360244e-05 0.000451062049 0.0
-2.11330953e-05 0.000448414707 0.0
-2.23350416e-05 0.00044209577 0.0
-2.40028075e-05 0.000439978205 0.0
-2.7001297e-05 0.000437350973 0.0
-2.95214959e-05 0.000433700247 0.0
-3.14401805e-05 0.000430383952 0.0
-3.26041227e-05 0.000427467021 0.0
-3.27183043e-05 0.000425285602 0.0
-3.22279811e-05 0.000423781574 0.0
-3.15021243e-05 0.000422767975 0.0
-2.98529667e-05 0.000422201003 0.0
-2.73585847e-05 0.000421604229 0.0
-2.32754956e-05 0.00043850331 0.0
-3.05151207e-05 0.000316428253 0.0
-3.04811874e-05 0.000319959858 0.0
-2.9927025e-05 0.00032246529 0.0
-2.95834507e-05 0.000324364431 0.0
-3.0008483e-05 0.000325554574 0.0
-3.07596165e-05 0.000325479952 0.0
-3.11042822e-05 0.000324231165 0.0
-3.10202522e-05 0.000322340289 0.0
-3.07973896e-05 0.000320610881 0.0
-3.09017232e-05 0.000318973558 0.0
-3.09309689e-05 0.000317437138 0.0
-3.10435389e-05 0.000315796991 0.0
-2.9449584e-05 0.000312182237 0.0
-2.92493878e-05 0.00031080906 0.0
-2.95760583e-05 0.000308905495 0.0
-3.05101348e-05 0.000306744914 0.0
-3.11817821e-05 0.00030447435 0.0
-3.12500415e-05 0.000302530563 0.0
-3.12915618e-05 0.0003010254 0.0
-3.11132244e-05 0.000300510932 0.0
-3.10644937e-05 0.000301153661 0.0
-3.14064309e-05 0.000302541128 0.0
-3.13118944e-05 0.000305137597 0.0
-3.09088718e-05 0.00030833279 0.0
-2.92934601e-05 0.000313509372 0.0
-2.47822572e-05 0.000808249519 0.0
-3.55976886e-06 0.000770788873 0.0
3.3342425e-05 0.000506581273 0.0
2.90431508e-05 0.000480512303 0.0
1.11566951e-05 0.0004487728 0.0
-7.42043255e-07 0.000421034376 0.0
-5.94513904e-06 0.000402229023 0.0
-3.57944327e-06 0.00037800346 0.0
2.0999094e-05 0.000340732571 0.0
4.93059415e-05 0.000293075573 0.0
5.49719553e-05 0.000245750154 0.0
3.62421742e-05 0.000195609085 0.0
3.03452325e-05 0.00011016491 0.0
3.05364993e-05 8.83698012e-05 0.0
2.38492921e-05 6.15075987e-05 0.0
8.85589907e-06 3.11685508e-05 0.0
5.33767798e-06 5.62232162e-06 0.0
1.30998642e-05 3.28662645e-05 0.0
4.72759984e-06 1.94852219e-05 0.0
-1.74676388e-05 -1.10305227e-05 0.0
-1.5788175e-05 -8.78626452e-06 0.0
-1.73813569e-05 -2.77827494e-05 0.0
-2.20211969e-05 -5.53395657e-05 0.0
-2.90148455e-05 -7.71610794e-05 0.0
-3.57046047e-05 -8.2740371e-05 0.0
-4.25641192e-05 -7.16928189e-05 0.0
-4.71041785e-05 -4.74625231e-05 0.0
-4.62066782e-05 -1.87941587e-05 0.0
-4.44249454e-05 7.13256986e-06 0.0
-4.55592817e-05 2.7905784e-05 0.0
-5.98412516e-05 4.00565077e-05 0.0
-8.11869177e-05 2.70911569e-05 0.0
-0.00011022298 1.37083925e-05 0.0
-0.000126244398 -3.29128261e-06 0.0
-0.000126554878 -7.34622245e-06 0.0
-0.000113743852 3.11685508e-05 0.0
-9.87504609e-05 6.15075987e-05 0.0
-9.20632519e-05 8.83698012e-05 0.0
-9.2254515e-05 0.00011016491 0.0
-8.63575769e-05 0.000195609085 0.0
-6.76277923e-05 0.000245750154 0.0
-7.32938133e-05 0.000293075573 0.0
-0.000101600657 0.000340732571 0.0
-0.000126179191 0.00037800346 0.0
-0.000128544896 0.000402229023 0.0
-0.000123341786 0.000421034376 0.0
-0.000111443056 0.0004487728 0.0
-9.35565986e-05 0.000480512303 0.0
-8.92573225e-05 0.000506581273 0.0
-0.000126159517 0.000770788873 0.0
-0.000147382001 0.000808249519 0.0
-0.00015872228 0.000833150756 0.0
-0.0001584118 0.000837205735 0.0
-0.000142390389 0.000854205398 0.0
-0.000113354319 0.000867588155 0.0
-9.20086532e-05 0.000880553504 0.0
-7.77266832e-05 0.000868402771 0.0
-7.65923469e-05 0.000847629562 0.0
-7.83740761e-05 0.000821702823 0.0
-7.927158e-05 0.000793034502 0.0
-7.47315207e-05 0.000768804166 0.0
-6.78720025e-05 0.000757756643 0.0
-6.1182247e-05 0.000763335906 0.0
-5.41885966e-05 0.000785157434 0.0
-4.95487584e-05 0.000812714221 0.0
-4.79555747e-05 0.000831710757 0.0
-4.96350403e-05 0.000829466502 0.0
-2.74398008e-05 0.000859982218 0.0
-1.90675364e-05 0.000873363286 0.0
-2.68297226e-05 0.000846119307 0.0
-7.21081378e-05 0.000572019257 0.0
-7.630459e-05 0.000567269919 0.0
-7.71108898e-05 0.000563985843 0.0
-7.19550517e-05 0.000575864746 0.0
-7.30498141e-05 0.0005672439 0.0
-7.51505358e-05 0.000570832402 0.0
-7.15196365e-05 0.000570903474 0.0
-7.65793884e-05 0.000567484763 0.0
-7.76919478e-05 0.000564588758 0.0
-7.11802859e-05 0.000575091282 0.0
-7.16690192e-05 0.000578537176 0.0
-7.78944013e-05 0.000560833316 0.0
-7.43746423e-05 0.000573458092 0.0
-7.41054173e-05 0.000563347246 0.0
-7.11460962e-05 0.000577628205 0.0
-7.74354412e-05 0.000565421302 0.0
-7.10258682e-05 0.000573298545 0.0
-7.59408504e-05 0.000569371507 0.0
-7.84390286e-05 0.000562628615 0.0
-7.20810131e-05 0.000568071497 0.0
-7.66415469e-05 0.000559705601 0.0
-7.26491562e-05 0.000577409111 0.0
-7.21010729e-05 0.000578333973 0.0
-7.72871936e-05 0.000559679174 0.0
-7.85602679e-05 0.000561432913 0.0
-7.13095142e-05 0.000578774023 0.0
-7.56732479e-05 0.000560846762 0.0
-7.33452762e-05 0.000575820799 0.0
-7.52648702e-05 0.000571309531 0.0
-7.2861134e-05 0.00056555745 0.0
-7.28734885e-05 0.000572614721 0.0
-7.56820446e-05 0.00056694349 0.0
-7.34293353e-05 0.000568999851 0.0
-7.49105675e-05 0.000570049393 0.0
7.04253307e-06 0.000563661684 0.0
-4.93863865e-07 0.000569072145 0.0
2.60131446e-06 0.000571309938 0.0
1.21995672e-05 0.000556596497 0.0
-3.77433548e-06 0.000569848344 0.0
1.27462581e-05 0.00056057761 0.0
9.95048595e-06 0.000565511582 0.0
-1.34817344e-06 0.00057434768 0.0
2.9956268e-06 0.00056382647 0.0
-3.60865306e-06 0.00057358807 0.0
7.85527845e-06 0.000559118984 0.0
-8.86832993e-07 0.000566497038 0.0
6.48108062e-06 0.000570911216 0.0
3.03202705e-06 0.000567517069 0.0
3.05603771e-06 0.000574386446 0.0
1.36743301e-05 0.000553166727 0.0
1.07635797e-05 0.000554985018 0.0
-5.05221897e-06 0.000572969671 0.0
5.82725534e-06 0.000567715149 0.0
1.27973517e-05 0.000563035021 0.0
1.45566355e-05 0.000557144755 0.0
-5.0780327e-06 0.000569815282 0.0
-3.92725997e-06 0.000576127495 0.0
-2.73787464e-06 0.000567084004 0.0
3.14368265e-07 0.000575676211 0.0
1.03204038e-05 0.000560023705 0.0
7.72556845e-08 0.000570998585 0.0
1.49721936e-05 0.0005545491 0.0
-5.669247e-06 0.000571979093 0.0
-2.9821299e-06 0.000570887816 0.0
9.5426094e-06 0.000568905205 0.0
1.1653932e-06 0.000563164824 0.0
-0.000116611205 0.000553055492 0.0
-0.000121429206 0.000558329921 0.0
-0.000125357634 0.000564137299 0.0
-0.000112178837 0.000550165656 0.0
-0.000113921851 0.000550478988 0.0
-0.000123729245 0.000561272376 0.0
-0.000119074655 0.000555015926 0.0
-1.0117471e-05 0.000830534031 0.0
-1.15710491e-05 0.000834608567 0.0
-7.0855067e-06 0.000827641052 0.0
-1.40517286e-05 0.000839408196 0.0
-1.25125443e-05 0.000830057426 0.0
-8.41281781e-06 0.000826461066 0.0
-6.02494583e-06 0.000825351744 0.0
-1.15012499e-05 0.000834515959 0.0
-7.96454697e-06 0.000829527387 0.0
-1.37507077e-05 0.000838452019 0.0
-1.13734641e-05 0.000833670492 0.0
-1.30723838e-05 0.000833420549 0.0
-6.0454704e-06 0.000824402203 0.0
-1.53242545e-05 0.000842717651 0.0
-8.59167903e-06 0.000829330238 0.0
-5.92412425e-06 0.000826580392 0.0
-1.35704149e-05 0.000837891654 0.0
-5.29456656e-06 0.000824582996 0.0
-1.01634914e-05 0.000826370029 0.0
-9.36593733e-06 0.000831726822 0.0
-1.50297792e-05 0.000841856992 0.0
-1.45143404e-05 0.000830619596 0.0
-1.46217244e-05 0.000833626138 0.0
-9.48893921e-06 0.000831299694 0.0
-1.08989861e-05 0.000829936762 0.0
-1.3511024e-05 0.000836021733 0.0
-1.23720947e-05 0.000836169696 0.0
-1.25270799e-05 0.000827766664 0.0
-5.16279169e-06 0.00082496996 0.0
-7.77585501e-06 0.000827315613 0.0
-1.48438648e-05 0.00084061065 0.0
-1.03961165e-05 0.000832962745 0.0
1.37386542e-05 1.94360473e-06 0.0
1.37687284e-05 4.82924588e-06 0.0
1.50496553e-05 6.06783033e-06 0.0
1.40948368e-05 -2.85905389e-06 0.0
1.24875251e-05 5.01342447e-06 0.0
1.56879887e-05 6.00219255e-06 0.0
1.4049795e-05 6.78997685e-06 0.0
1.51520162e-05 3.97568874e-06 0.0
1.30148992e-05 7.7045695e-07 0.0
-5.24714851e-05 0.000795687898 0.0
-5.06704964e-05 0.000799763598 0.0
-5.60216649e-05 0.000792750041 0.0
-5.66042836e-05 0.000790587277 0.0
-5.02705952e-05 0.000794991618 0.0
-5.36855368e-05 0.000796851935 0.0
-5.47614909e-05 0.000791023718 0.0
-4.84978882e-05 0.000803298899 0.0
-4.97000547e-05 0.000802077877 0.0
-4.97334622e-05 0.000799795787 0.0
-5.31247351e-05 0.000796065375 0.0
-5.6374025e-05 0.000793001091 0.0
-5.76402272e-05 0.000790116028 0.0
-4.92513464e-05 0.00079810468 0.0
-5.69180593e-05 0.000788755249 0.0
-5.28988021e-05 0.000791099505 0.0
-4.78455586e-05 0.000803385687 0.0
-5.37123269e-05 0.000796132837 0.0
-4.78889888e-05 0.000796711654 0.0
-5.51768899e-05 0.000793091254 0.0
-5.49767719e-05 0.000792165985 0.0
-5.77249593e-05 0.000789104321 0.0
-5.2194242e-05 0.000799132453 0.0
-5.56378e-05 0.000794554828 0.0
-5.7703146e-05 0.000790512189 0.0
-4.76124478e-05 0.000805118878 0.0
-4.95085478e-05 0.000793764018 0.0
-5.76597376e-05 0.000788414676 0.0
-5.25143514e-05 0.000793889107 0.0
-5.42225171e-05 0.000796695298 0.0
-5.58297397e-05 0.000788559555 0.0
-4.65573357e-05 0.000806787284 0.0
-5.66428898e-05 0.000791274244 0.0
-5.1414223e-05 0.000799487985 0.0
-1.26941286e-05 -3.31094343e-05 0.0
-1.2514728e-05 -3.64410698e-05 0.0
-1.26667492e-05 -3.20508552e-05 0.0
-1.24172075e-05 -3.77067154e-05 0.0
-9.81137782e-05 0.000115748815 0.0
-9.77778254e-05 0.000108034845 0.0
-9.72692433e-05 0.000103969192 0.0
-9.87264284e-05 0.000113178008 0.0
-9.83785794e-05 0.00010993029 0.0
-9.71978807e-05 0.000103003847 0.0
-9.73605347e-05 0.000118646618 0.0
-9.77112286e-05 0.000111668371 0.0
-9.8057717e-05 0.000116802206 0.0
-9.72985654e-05 0.000104789346 0.0
-9.83257196e-05 0.000110419467 0.0
-9.73595743e-05 0.000116376861 0.0
-9.7429649e-05 0.000106698295 0.0
-9.76980664e-05 0.000108700973 0.0
-9.69023749e-05 0.000119964192 0.0
-9.71249101e-05 0.000119914592 0.0
-9.90114422e-05 0.000112480455 0.0
-9.69551256e-05 0.000101303383 0.0
-9.70893161e-05 0.000102740385 0.0
-9.85444931e-05 0.000115287585 0.0
-9.69541215e-05 0.000102419937 0.0
-9.76121519e-05 0.000106320331 0.0
-9.89452237e-05 0.000113966511 0.0
-9.74619543e-05 0.000106103078 0.0
-9.73266287e-05 0.000119102624 0.0
-9.689953e-05 0.000101436512 0.0
-9.69481916e-05 0.000118669508 0.0
-9.71683912e-05 0.000104598519 0.0
-9.7461736e-05 0.000114679635 0.0
-9.77565433e-05 0.000108790511 0.0
-8.82526947e-05 0.00070585683 0.0
-9.3443603e-05 0.000714419235 0.0
-8.49256321e-05 0.000704150239 0.0
-9.28653972e-05 0.000711425033 0.0
-8.46423936e-05 0.000699625758 0.0
-8.78196661e-05 0.000703085505 0.0
-8.88792565e-05 0.000709773507 0.0
-8.61104854e-05 0.000699577271 0.0
-9.62162158e-05 0.000716481474 0.0
-8.29716955e-05 0.000699314056 0.0
-9.06560672e-05 0.000707295723 0.0
-9.56082149e-05 0.000718571537 0.0
-8.39678032e-05 0.000705032202 0.0
-9.17165962e-05 0.000714385184 0.0
-8.67367708e-05 0.000708822801 0.0
-8.46290277e-05 0.000696776842 0.0
-9.10802264e-05 0.000710256456 0.0
-9.67779852e-05 0.000718473515 0.0
-8.97117861e-05 0.00070698245 0.0
-8.65697002e-05 0.000699591008 0.0
-8.28734192e-05 0.000701503013 0.0
-8.62489396e-05 0.000703954429 0.0
-8.65863185e-05 0.000702611986 0.0
-9.54942734e-05 0.000713772431 0.0
-8.28614211e-05 0.000697183597 0.0
-8.84594629e-05 0.000703670841 0.0
-9.67307205e-05 0.000716140843 0.0
-9.35150601e-05 0.000710658729 0.0
-8.54745231e-05 0.000696447038 0.0
-8.60020664e-05 0.000697424577 0.0
-9.07474823e-05 0.000711197441 0.0
-8.69824435e-05 0.000706629129 0.0
-9.36774668e-05 0.000713675807 0.0
-8.9116751e-05 0.000711801229 0.0
-8.77933417e-05 0.000703978178 0.0
-8.44952738e-05 0.000701986137 0.0
-8.70338845e-05 0.000701055629 0.0
-9.80313489e-05 0.00071925862 0.0
-8.19530978e-05 0.000699217897 0.0
-8.86266571e-05 0.000707910047 0.0
-8.34894745e-05 0.000696248782 0.0
3.06900911e-05 0.00071823952 0.0
3.53247669e-05 0.00071301288 0.0
2.89270356e-05 0.000719892792 0.0
3.66009881e-05 0.000711235509 0.0
-1.17187683e-05 0.000670414302 0.0
-1.54210538e-05 0.000666211883 0.0
-2.53545732e-05 0.000687818334 0.0
-3.00152187e-05 0.00068379374 0.0
-3.03751494e-05 0.000689706649 0.0
-3.14257231e-05 0.000679671764 0.0
-1.94763379e-05 0.00066507468 0.0
-1.0120797e-05 0.000664423045 0.0
-1.10585415e-05 0.0006741744 0.0
-2.20359088e-05 0.000688623288 0.0
-6.94039682e-06 0.00066629838 0.0
-2.79871674e-05 0.000693615933 0.0
-3.44782129e-05 0.000687114254 0.0
-1.21431685e-05 0.000660567603 0.0
-1.43969164e-05 0.000680571946 0.0
-1.80202642e-05 0.000685390725 0.0
-2.85345177e-05 0.000673190341 0.0
-2.46653963e-05 0.000668015273 0.0
-3.34945398e-05 0.000690021145 0.0
-3.45342451e-05 0.00068415358 0.0
-7.57923408e-06 0.000669424655 0.0
-7.07414392e-06 0.000663688872 0.0
-2.53699891e-05 0.000692724483 0.0
-3.0270292e-05 0.000693462265 0.0
-1.52294097e-05 0.000661148923 0.0
-9.67134565e-06 0.000660866848 0.0
-1.11487743e-05 0.000677076343 0.0
-3.19136307e-05 0.000676568248 0.0
-2.50492794e-05 0.000682455197 0.0
-1.64245193e-05 0.000671796792 0.0
-6.88594591e-05 0.00072018319 0.0
-6.80179728e-05 0.000730406609 0.0
-7.35597423e-05 0.000715106376 0.0
-6.31018993e-05 0.000734616071 0.0
-6.41277366e-05 0.000724020181 0.0
-7.23698031e-05 0.000726927537 0.0
-6.55838157e-05 0.000735158857 0.0
-7.16283175e-05 0.000715985196 0.0
-6.11082505e-05 0.000729356776 0.0
-7.50627078e-05 0.000720328651 0.0
-6.07299335e-05 0.000735999784 0.0
-7.56412264e-05 0.000713005196 0.0
-7.05388011e-05 0.000725097081 0.0
-6.59327125e-05 0.000724915008 0.0
-6.62844323e-05 0.000720426848 0.0
-7.06996288e-05 0.000731338165 0.0
-6.92611939e-05 0.000717511342 0.0
-6.81599122e-05 0.00073431636 0.0
-7.38910676e-05 0.000713432441 0.0
-6.31208022e-05 0.000737479946 0.0
-7.63229618e-05 0.000714059803 0.0
-7.64573197e-05 0.00071625167 0.0
-5.98989209e-05 0.000734613277 0.0
-5.97409344e-05 0.000732630258 0.0
-6.10281386e-05 0.000726900296 0.0
-7.51822154e-05 0.000723743578 0.0
-7.04549675e-05 0.000720250013 0.0
-6.61260638e-05 0.000729575637 0.0
-3.29942231e-05 0.00027433029 0.0
-2.40710524e-05 0.000285493326 0.0
-1.56006008e-05 0.000279279571 0.0
-2.67366577e-05 0.000264374656 0.0
-1.08303402e-05 0.000270647521 0.0
-1.79859398e-05 0.000260203786 0.0
-3.87850705e-05 0.000282893219 0.0
-3.08167291e-05 0.000290868804 0.0
-1.96755609e-05 0.00028674709 0.0
-3.46745182e-05 0.000268308446 0.0
-1.7866907e-05 0.000274956983 0.0
-3.91011636e-05 0.000289731164 0.0
-9.80391269e-06 0.000263443129 0.0
-4.04635139e-05 0.000278154504 0.0
-2.78883817e-05 0.000292476616 0.0
-3.52608404e-05 0.0002932848 0.0
-1.02383519e-05 0.000275543134 0.0
-2.21193077e-05 0.00025746203 0.0
-1.29542295e-05 0.000257765729 0.0
-3.10104224e-05 0.000261890062 0.0
-1.46939046e-05 0.000283406058 0.0
-1.19008273e-05 0.000279744214 0.0
-3.89710913e-05 0.000272576872 0.0
-2.68628901e-05 0.00025856492 0.0
-2.34732834e-05 0.000290870172 0.0
-2.23222469e-05 0.000268136966 0.0
-3.80011152e-05 0.000292293378 0.0
-1.04157771e-05 0.00025986362 0.0
-4.16873736e-05 0.000288279058 0.0
-7.55628889e-06 0.00026543063 0.0
-3.29370159e-05 0.000280367414 0.0
1.35116761e-05 0.000148501509 0.0
2.19318445e-05 0.00013499464 0.0
1.09425e-05 0.000152696695 0.0
1.66275695e-05 0.000145142549 0.0
2.31566646e-05 0.000134615548 0.0
1.05416002e-05 0.000152266482 0.0
1.77013426e-05 0.000141014039 0.0
1.05405479e-05 0.000153823828 0.0
1.23994732e-05 0.000150301392 0.0
1.27763187e-05 0.000144989157 0.0
2.12047216e-05 0.00014036108 0.0
2.35085881e-05 0.000135660448 0.0
1.58794537e-05 0.000141394048 0.0
2.04181506e-05 0.000137660129 0.0
1.92853586e-05 0.000137739524 0.0
9.7563061e-06 0.000155781949 0.0
1.09169741e-05 0.000152591325 0.0
1.44019277e-05 0.000148756139 0.0
2.34736071e-05 0.000133216192 0.0
1.11340387e-05 0.000149360509 0.0
9.42862334e-06 0.000156105438 0.0
9.5486148e-06 0.000155245492 0.0
1.72270393e-05 0.000146382532 0.0
1.96708661e-05 0.000143430909 0.0
1.41097908e-05 0.000147211249 0.0
2.45926421e-05 0.000133438225 0.0
2.31088416e-05 0.000137307448 0.0
-0.000106593172 0.000138147967 0.0
-0.000102690465 0.000134435424 0.0
-0.000107474421 0.000138802236 0.0
-0.00010188634 0.000133506765 0.0
-0.000109206128 0.000141249213 0.0
-0.000100606281 0.000132621761 0.0
-5.6658223e-06 0.000398662174 0.0
-8.02462546e-06 0.000398961158 0.0
-5.47344234e-06 0.000392776972 0.0
-9.12064934e-06 0.000403291517 0.0
-6.35036804e-06 0.00039539102 0.0
-5.82576149e-06 0.000403022219 0.0
-5.27774637e-06 0.000394898845 0.0
-5.29859335e-06 0.000389592984 0.0
-8.37634707e-06 0.000406071311 0.0
-9.53972631e-06 0.000402041362 0.0
-4.97884139e-06 0.000399764918 0.0
-5.36271409e-06 0.00039182583 0.0
-5.07189634e-06 0.000390111294 0.0
-7.46890282e-06 0.000398258067 0.0
-6.35253991e-06 0.000405841565 0.0
-1.00241687e-05 0.000404376915 0.0
-9.62475769e-06 0.000405694562 0.0
-9.01891326e-06 0.000406646577 0.0
-8.93360721e-06 0.000400918158 0.0
-5.07665118e-06 0.000397220923 0.0
-5.01116392e-06 0.000402173377 0.0
-6.67580025e-06 0.000395792682 0.0
-5.15435704e-06 0.000388634537 0.0
-5.09196298e-06 0.000392067886 0.0
-5.24705138e-06 0.000388170156 0.0
-8.02284922e-06 0.0004077052 0.0
-7.28937857e-06 0.000407178013 0.0
-5.16519776e-06 0.000389235385 0.0
-7.84912299e-06 0.000400702469 0.0
-5.28770033e-06 0.0003929417 0.0
6.3551206e-06 0.000190011997 0.0
4.41253087e-06 0.000166018945 0.0
-7.18459614e-06 0.000170828178 0.0
-6.16806528e-06 0.000196542576 0.0
-1.59422179e-05 0.000180006871 0.0
1.60001218e-05 0.000184207704 0.0
1.30771441e-05 0.000160656957 0.0
3.18505295e-06 0.00019858437 0.0
1.13671194e-06 0.00016173521 0.0
-1.51656914e-05 0.00019700978 0.0
1.97247446e-05 0.000173905617 0.0
1.45825425e-05 0.000191232248 0.0
9.5693822e-06 0.000180850126 0.0
1.85450353e-05 0.000164081008 0.0
1.07100614e-05 0.000157225775 0.0
-2.08499623e-05 0.000185818659 0.0
-1.56031329e-05 0.000173481458 0.0
-4.18547961e-06 0.00020340881 0.0
-9.60713351e-06 0.000204241616 0.0
-1.38576952e-05 0.000202591575 0.0
-6.13451948e-06 0.00016412689 0.0
-7.19351465e-06 0.000178602801 0.0
9.80638833e-06 0.000196942361 0.0
6.73249679e-06 0.000157534392 0.0
-1.15513976e-05 0.000168143932 0.0
-2.12452615e-05 0.00019152087 0.0
-2.03887575e-05 0.000196227396 0.0
2.15734981e-05 0.000179289797 0.0
-6.98364374e-07 0.000187802405 0.0
1.7825294e-05 0.000158871699 0.0
2.16456556e-05 0.000167691862 0.0
-3.52853167e-05 0.000381414371 0.0
-2.98791201e-05 0.000375938835 0.0
-2.55765754e-05 0.000381430931 0.0
-2.96047092e-05 0.000387837732 0.0
-3.38148857e-05 0.000371849921 0.0
-3.91759313e-05 0.000375631847 0.0
-2.3245233e-05 0.000386411091 0.0
-3.5174151e-05 0.000386193278 0.0
-2.73922669e-05 0.00037688305 0.0
-2.49502154e-05 0.000390649453 0.0
-4.08796914e-05 0.000371747621 0.0
-3.99598575e-05 0.000378600264 0.0
-3.6819958e-05 0.000369644811 0.0
-3.17171762e-05 0.000371823873 0.0
-2.92488858e-05 0.000373966963 0.0
-3.83701044e-05 0.000382925587 0.0
-3.18209459e-05 0.000390867819 0.0
-2.88904248e-05 0.000392830145 0.0
-2.64692226e-05 0.000392781454 0.0
-2.50204266e-05 0.000380029116 0.0
-2.36521464e-05 0.00038246761 0.0
-2.2915623e-05 0.000384580489 0.0
-4.02528931e-05 0.000369861984 0.0
-3.89809866e-05 0.000369348534 0.0
-2.24190026e-05 0.000389289344 0.0
-2.28883673e-05 0.000391087233 0.0
-3.53496507e-05 0.000377382181 0.0
-3.28119386e-05 0.000375221833 0.0
-9.76782176e-05 0.000477440248 0.0
-9.91723646e-05 0.000488415069 0.0
-9.78790122e-05 0.000480834045 0.0
-9.97030511e-05 0.000487716286 0.0
-9.75520306e-05 0.0004765903 0.0
-9.85244696e-05 0.00049054675 0.0
-9.7104763e-05 0.000476533984 0.0
-9.78246462e-05 0.000483658921 0.0
-9.94103902e-05 0.000484826218 0.0
-9.97761308e-05 0.000489878643 0.0
-9.65978397e-05 0.000473228079 0.0
-9.76918236e-05 0.000489672821 0.0
-9.76362571e-05 0.000479108217 0.0
-9.94170186e-05 0.000491454441 0.0
-9.77393647e-05 0.000477104855 0.0
-9.9872952e-05 0.000489981612 0.0
-9.99749318e-05 0.000489617756 0.0
-9.96678064e-05 0.000488053483 0.0
-9.99247713e-05 0.00049101148 0.0
-9.63567218e-05 0.000473687775 0.0
-9.68102831e-05 0.00047355931 0.0
-9.84310245e-05 0.00048720793 0.0
-9.81477642e-05 0.000481146271 0.0
-9.69649846e-05 0.000477081776 0.0
-9.91455163e-05 0.0004828042 0.0
-9.75156872e-05 0.000485759869 0.0
-9.73059141e-05 0.000488019752 0.0
-9.85271181e-05 0.0004798304 0.0
-9.91575289e-05 0.000485336321 0.0
-9.81375924e-05 0.000491895713 0.0
-1.95798111e-05 0.00043951461 0.0
-2.29273555e-05 0.000442386052 0.0
-2.49677923e-05 0.00043102802 0.0
-2.59415829e-05 0.000437110895 0.0
-2.89550408e-05 0.000431878085 0.0
-1.76144822e-05 0.000444555597 0.0
-2.08930578e-05 0.000447224098 0.0
-2.09982354e-05 0.000432863977 0.0
-2.83997178e-05 0.000427318388 0.0
-2.35192238e-05 0.000441329525 0.0
-1.72985547e-05 0.000438974472 0.0
-2.53995495e-05 0.000425942591 0.0
-1.90230239e-05 0.000449001906 0.0
-2.16922708e-05 0.000446016755 0.0
-1.66661375e-05 0.000448270497 0.0
-3.07606133e-05 0.000428521656 0.0
-2.86616578e-05 0.000433659618 0.0
-2.53889193e-05 0.000438444316 0.0
-2.24108499e-05 0.000443662138 0.0
-2.72370635e-05 0.000436014961 0.0
-1.66093378e-05 0.000442686491 0.0
-1.84695764e-05 0.000434908376 0.0
-2.2717466e-05 0.000427951396 0.0
-2.776972e-05 0.000425161241 0.0
-1.73777935e-05 0.000449680083 0.0
-3.08946728e-05 0.000426812388 0.0
-3.04820132e-05 0.000425714243 0.0
-2.60698071e-05 0.000435545691 0.0
-2.15511518e-05 0.000443838071 0.0
-1.93588694e-05 0.000450024323 0.0
-2.22314757e-05 0.000435635127 0.0
-2.97763872e-05 0.000313569239 0.0
-2.96351172e-05 0.000319720391 0.0
-2.9604982e-05 0.000308477524 0.0
-2.95350492e-05 0.000313674595 0.0
-2.98826126e-05 0.00032157125 0.0
-2.98334053e-05 0.000318497856 0.0
-2.9280518e-05 0.000310633244 0.0
-3.01797227e-05 0.000316157966 0.0
-3.03207489e-05 0.000308996823 0.0
-3.02284298e-05 0.000305085821 0.0
-3.01626096e-05 0.000314027042 0.0
-3.01901e-05 0.000306583126 0.0
-2.97950774e-05 0.000323032582 0.0
-2.97659099e-05 0.000313384313 0.0
-3.05427893e-05 0.000304128625 0.0
-3.06633556e-05 0.000305461115 0.0
-3.0189698e-05 0.000320010382 0.0
-3.03300039e-05 0.000318342645 0.0
-3.00043303e-05 0.000323501212 0.0
-2.98175419e-05 0.00032163164 0.0
-2.93201992e-05 0.000311850134 0.0
-3.0266383e-05 0.000314885692 0.0
-3.01087421e-05 0.000317143393 0.0
-3.03644774e-05 0.000310982403 0.0
-3.05240646e-05 0.000304946472 0.0
-2.9691495e-05 0.000308452698 0.0
-3.04811292e-05 0.000322037027 0.0
-3.07478076e-05 0.000302662404 0.0
-2.94178644e-05 0.000315612735 0.0
-2.93010198e-05 0.000312216725 0.0
-5.82647044e-05 0.000586994109 0.0
-6.25981847e-05 0.000119825876 0.0
-6.06233516e-05 0.000672650232 0.0
-3.94357194e-05 0.000104894767 0.0
-5.3578824e-05 0.000536448904 0.0
-5.97013095e-05 0.000503019313 0.0
-4.36199734e-05 0.000681073638 0.0
-1.90133615e-05 0.000113192451 0.0
-0.00010489532 0.000523121678 0.0
-3.88069966e-05 0.000213872976 0.0
-5.43329625e-05 0.000436617294 0.0
9.13072836e-06 0.000529229292 0.0
-7.40347168e-05 0.000221913026 0.0
-5.00466958e-05 0.000315275043 0.0
-6.17204714e-05 0.000331712712 0.0
-7.56027875e-05 3.09732895e-05 0.0
-6.69829606e-05 0.000611693948 0.0
-2.66835718e-06 9.86663508e-05 0.0
-1.13350534e-05 0.00031049602 0.0
2.43609884e-05 0.000688671891 0.0
-4.64227924e-05 0.000340498867 0.0
-4.0191866e-05 0.000479526381 0.0
-4.37902963e-05 0.000608429778 0.0
-7.86815945e-05 0.00015023064 0.0
-8.29558703e-05 0.00058924919 0.0
-4.49441104e-05 0.000176701331 0.0
-4.52107524e-05 3.23416862e-05 0.0
-5.32500053e-05 0.000653757597 0.0
-9.83072459e-06 0.000703687256 0.0
-2.82201527e-05 5.83749534e-05 0.0
-2.7124237e-05 0.000299470965 0.0
-2.86194099e-05 0.000263246184 0.0
-6.98227159e-05 0.00072088826 0.0
-2.78645275e-05 0.000167151913 0.0
-5.73789112e-05 0.000478694099 0.0
-4.13452726e-05 0.000343824038 0.0
-1.78527735e-05 0.000281848945 0.0
-6.05421737e-05 0.000717614836 0.0
-7.65713339e-05 0.00056185649 0.0
-6.02627078e-05 0.000540516223 0.0
-4.98317349e-05 0.000468242855 0.0
-3.71769675e-05 0.000484369812 0.0
-5.58509782e-05 0.000644081039 0.0
1.77954971e-05 8.22274305e-05 0.0
-5.45222938e-05 0.000536448788 0.0
-5.12482839e-05 0.000220034388 0.0
2.13274234e-06 7.44719218e-05 0.0
-0.000105989668 0.000389847934 0.0
7.0402865e-07 0.000161459728 0.0
-1.05165855e-05 0.000491087849 0.0
-3.60290105e-05 0.000726653903 0.0
1.98555845e-05 0.000578247826 0.0
-5.65549344e-05 -4.67103916e-07 0.0
-2.49328423e-05 0.000375571632 0.0
-2.05297256e-05 0.000260379165 0.0
3.26809204e-05 6.49752546e-05 0.0
-3.89992092e-05 0.000318395556 0.0
-1.81926043e-05 0.000477794005 0.0
-7.3902891e-05 2.45090832e-05 0.0
-6.16231482e-05 0.000267555501 0.0
-3.70493253e-05 0.00018236613 0.0
-3.03470224e-05 3.29344693e-05 0.0
-4.64305194e-05 0.000345515931 0.0
-4.6489542e-05 0.000271221536 0.0
-4.27640589e-05 0.000285397575 0.0
-5.10567588e-05 0.000107018917 0.0
1.27952553e-05 0.000185176832 0.0
1.57008963e-05 9.31842151e-05 0.0
-6.60363366e-05 0.000780227478 0.0
-8.0495447e-05 0.000399585289 0.0
1.15064713e-05 8.20897549e-05 0.0
-4.26566621e-05 0.000592319993 0.0
-0.000103709965 0.000170814863 0.0
-9.47102235e-05 9.52804767e-05 0.0
2.04940625e-05 0.000555189035 0.0
-7.41375043e-05 0.000203042306 0.0
-3.24528119e-05 0.000221979484 0.0
-6.32279407e-05 0.0006911073 0.0
-2.75386028e-05 0.00065641175 0.0
-2.59067838e-05 0.000670127338 0.0
-8.73176541e-05 0.00049384695 0.0
-6.55810436e-05 0.000554134778 0.0
5.10265563e-05 0.000262735499 0.0
-6.21497384e-05 0.000408861699 0.0
-1.71109878e-05 5.28094643e-05 0.0
-9.67874512e-05 0.000642539293 0.0
-3.90852292e-05 0.000451295986 0.0
3.26551963e-05 0.000733004883 0.0
-0.0001053218 0.000611922878 0.0
-7.38942399e-05 0.000629012065 0.0
-2.62863396e-05 4.5314111e-05 0.0
-5.20719586e-05 0.000471453066 0.0
1.11198151e-05 7.5382457e-05 0.0
-7.14352573e-05 0.000521578651 0.0
-4.62564594e-06 0.000371917762 0.0
-4.63656579e-05 0.000461462041 0.0
-1.89551829e-05 0.000435742462 0.0
-4.75562556e-05 0.000624725944 0.0
-5.4254233e-05 0.000160617405 0.0
-6.56629709e-05 0.000618587364 0.0
-4.74704866e-05 0.000276075676 0.0
-1.35785604e-05 0.000192286359 0.0
-0.000104277664 0.000512025494 0.0
-4.68186918e-05 0.000354614778 0.0
2.14848897e-05 0.000648319663 0.0
-0.000109864901 0.000545934483 0.0
-4.04782404e-05 0.000300087151 0.0
-2.38407938e-05 0.000255554856 0.0
-4.61469281e-05 0.000656957156 0.0
-0.000101016347 0.000124697806 0.0
-7.90354461e-05 8.75866681e-05 0.0
-4.1367668e-05 0.00074839365 0.0
-6.52476137e-06 0.000744908175 0.0
1.1519357e-05 0.000748917286 0.0
-4.13858152e-06 0.000652687799 0.0
-4.64523473e-05 0.000796009786 0.0
-1.93026735e-05 0.000261945184 0.0
-5.94938756e-05 0.000647123146 0.0
-0.000102377344 0.000523317838 0.0
-7.99322588e-05 0.000547642179 0.0
8.41462406e-06 0.000531915051 0.0
-3.50254304e-05 0.000279599801 0.0
-4.24765203e-05 0.000371044938 0.0
-5.37832602e-05 0.00057049375 0.0
-8.59076245e-05 0.000204590717 0.0
-3.41338673e-05 0.000412743771 0.0
-4.80306371e-05 0.00032958854 0.0
-6.72613096e-05 0.000739923271 0.0
-6.99576849e-05 0.00074053969 0.0
-0.000104202612 0.000521278649 0.0
-4.73925502e-05 0.000332381431 0.0
-6.20930587e-05 0.000609280483 0.0
-4.54865913e-05 0.000495003245 0.0
-7.93845829e-05 0.000321481552 0.0
-1.63738077e-05 0.000352886127 0.0
-5.22637165e-05 0.000507339893 0.0
-7.43136115e-05 0.000593158824 0.0
-1.07825845e-05 0.000330094277 0.0
-3.62798819e-05 0.000329230883 0.0
-5.41754926e-05 0.000740704185 0.0
-6.33185991e-05 -1.18788739e-05 0.0
-8.25326933e-05 0.000165185193 0.0
-7.32476838e-05 0.000515834021 0.0
-1.77571019e-05 0.000244813564 0.0
-5.98969236e-05 5.2119387e-05 0.0
9.92532932e-06 0.000135695504 0.0
-8.78217452e-06 0.000205187738 0.0
-5.18992456e-05 0.000229008918 0.0
-9.27910878e-05 6.7037734e-05 0.0
-3.22710366e-05 0.00011422814 0.0
-9.84283906e-05 0.000121381461 0.0
-2.30675341e-05 2.12188243e-05 0.0
-5.62924652e-05 0.000179049865 0.0
-0.000123461534 0.000406117499 0.0
-1.13566375e-05 3.62473438e-05 0.0
-2.38893772e-05 0.000356550969 0.0
-2.33691972e-05 0.000311438838 0.0
2.1716829e-05 0.000588502269 0.0
1.46403927e-05 0.000104351348 0.0
-2.10185972e-05 0.000244097333 0.0
-2.89127129e-05 0.000846189039 0.0
-5.76412058e-05 0.000538562948 0.0
9.3386916e-08 0.000507013407 0.0
-4.71005296e-05 0.000505643722 0.0
-0.000107254134 5.70566044e-05 0.0
-2.74379363e-05 0.000437073846 0.0
-6.12882359e-05 0.00080960273 0.0
-1.36690151e-05 0.000482512405 0.0
-6.1836894e-05 0.000749018334 0.0
-8.68584102e-05 0.00064024044 0.0
-3.69826594e-05 0.000248979981 0.0
4.60108531e-05 0.000212689396 0.0
-7.60074836e-05 0.000633714953 0.0
2.90055232e-05 0.000748341263 0.0
-2.75237016e-05 0.000646002532 0.0
-3.20272484e-05 0.000225145384 0.0
-7.00128076e-05 0.00058023684 0.0
-0.000101245532 0.000164860336 0.0
-5.42179514e-05 0.000679678109 0.0
1.66819009e-05 6.72906463e-05 0.0
9.9483168e-06 0.000598524406 0.0
2.18009177e-06 0.00077858154 0.0
-4.0311832e-05 0.000437771698 0.0
1.6237469e-05 3.3707769e-05 0.0
-4.65924713e-05 0.000754975714 0.0
1.69344166e-05 8.04902447e-05 0.0
-2.07278754e-05 0.000813269115 0.0
-8.11828359e-05 0.00064650178 0.0
-6.79242294e-05 0.000773401174 0.0
-2.18397145e-05 0.000632146082 0.0
-4.07131738e-05 -1.97909321e-05 0.0
-4.87199031e-05 0.000754759531 0.0
-4.79918017e-05 0.000257808686 0.0
3.00086522e-05 0.000501991017 0.0
-0.000100282567 0.000425509934 0.0
-5.83585643e-05 0.000685611973 0.0
-6.90664456e-05 0.000588284514 0.0
-3.40152365e-05 0.000375000935 0.0
3.31866177e-05 0.000693053124 0.0
-1.93918404e-05 0.000458000432 0.0
-4.96404755e-05 0.000571667217 0.0
-4.41972516e-05 0.000141382377 0.0
-6.42245723e-05 2.78161988e-05 0.0
-5.39658358e-05 0.000328580238 0.0
-4.30181317e-05 6.99844095e-05 0.0
-6.48381174e-05 0.000704952166 0.0
-1.66300179e-05 0.000642295461 0.0
-2.68261174e-05 0.00032843402 0.0
2.77823856e-05 0.000570571632 0.0
-2.42937313e-05 2.23263505e-05 0.0
-5.24706884e-05 0.000776508881 0.0
-3.11146323e-05 -7.27933639e-06 0.0
-1.5177493e-05 0.000433125068 0.0
-2.01190687e-05 0.000280913402 0.0
2.16422413e-05 0.000753461907 0.0
-9.35646967e-05 0.000459214905 0.0
-5.99166087e-05 0.000641280087 0.0
-2.68564308e-05 9.13404801e-05 0.0
-3.29755239e-05 6.90844317e-05 0.0
-5.3630607e-05 0.000140710341 0.0
-9.0360636e-06 0.000110483117 0.0
4.20253382e-05 0.000274422258 0.0
-4.0667408e-05 0.000601771346 0.0
2.90062849e-06 0.000628038833 0.0
-7.53225322e-05 0.000746021455 0.0
-2.26908087e-05 0.000252765021 0.0
-4.69013612e-05 0.00020868468 0.0
3.47155292e-05 8.32584337e-05 0.0
-2.36922751e-05 0.000281639106 0.0
-0.000135302049 0.000775876571 0.0
-2.53395046e-05 0.000696608564 0.0
-6.15680401e-05 0.000622009451 0.0
-7.12267065e-05 0.000525784446 0.0
-0.000109914021 0.000149012645 0.0
-3.96019495e-05 0.000336496712 0.0
-2.14329175e-05 0.000697513344 0.0
-3.6353289e-05 0.000148225168 0.0
-6.57821292e-05 0.000754252949 0.0
-3.33537755e-05 0.000369588292 0.0
3.45108674e-05 6.35440738e-05 0.0
-2.44476105e-05 0.000456710201 0.0
-3.77975739e-05 0.000323611079 0.0
-9.84252038e-05 0.000127148669 0.0
1.33322828e-05 0.000768382219 0.0
7.14972384e-06 2.92943096e-05 0.0
-2.93928333e-05 0.000327955058 0.0
-3.91336325e-05 0.000790382037 0.0
-7.20393436e-05 4.53459543e-05 0.0
-5.89788688e-05 0.000671254471 0.0
1.49837142e-05 5.06668075e-05 0.0
-9.42249899e-05 0.000635529927 0.0
-1.91365452e-05 0.00022248333 0.0
-7.21894321e-05 0.000126858722 0.0
-6.41975275e-05 0.000213408479 0.0
-4.5791654e-05 0.000741939468 0.0
-4.62868738e-05 0.00038298429 0.0
-6.83971448e-05 0.000710215885 0.0
-6.56626798e-05 0.000518786896 0.0
1.5451873e-05 7.18371375e-05 0.0
-2.35689804e-05 0.000450506312 0.0
-6.53273382e-05 0.000748186896 0.0
1.1064315e-05 0.00015169433 0.0
-5.19486748e-05 -3.68341498e-05 0.0
-0.00010805174 0.000627228117 0.0
-9.69346947e-05 0.000516998698 0.0
-6.50889124e-05 0.000388300599 0.0
-6.70097652e-05 0.000750165433 0.0
8.48939453e-06 0.000146755468 0.0
-1.72553482e-05 0.00022143191 0.0
-2.99328694e-05 0.000238719731 0.0
3.69755662e-06 0.000761765754 0.0
-5.92654796e-05 0.000765039411 0.0
-6.94538758e-05 0.0002352554 0.0
-5.98296356e-05 0.000550268393 0.0
4.07635707e-05 0.000308693998 0.0
-5.83102374e-05 0.000752566848 0.0
-3.88818989e-05 0.000811442093 0.0
-3.81778591e-05 0.000426868617 0.0
-3.72911782e-05 0.000652865623 0.0
-3.01946839e-05 0.000349893846 0.0
7.9099409e-06 0.000204157768 0.0
5.49602009e-06 0.000154359819 0.0
-8.75885689e-06 0.000759715855 0.0
-0.000103189101 0.000169328676 0.0
-7.99624249e-05 0.000556988525 0.0
-5.50994628e-05 0.000528104778 0.0
2.09961745e-05 0.000638679427 0.0
-4.55194786e-05 0.00025634616 0.0
-4.44102152e-05 0.000333689648 0.0
-1.69799459e-05 0.000228900957 0.0
-0.000112720103 0.000518946908 0.0
-0.000118612166 0.00053898117 0.0
9.81342964e-06 0.000205284785 0.0
-0.000120192701 3.776425e-05 0.0
3.1408621e-05 0.000104547675 0.0
-5.55040751e-05 0.000477604248 0.0
8.84128895e-06 6.63847968e-05 0.0
-8.14635205e-05 0.000422256562 0.0
-5.93733203e-05 0.000501879316 0.0
-6.10405768e-05 0.000753415283 0.0
-8.40799039e-05 0.000378384895 0.0
-0.000103836319 0.000125415623 0.0
-4.81394782e-05 0.000786893943 0.0
-0.000108159147 0.000362796854 0.0
-4.38672032e-05 0.000731915992 0.0
-8.6481421e-05 0.000443029974 0.0
9.88425836e-06 0.000106629457 0.0
-3.51838498e-05 0.000310311385 0.0
-2.20358834e-05 0.0001423551 0.0
-5.09553538e-05 0.000654761214 0.0
-8.48601048e-05 0.000675848918 0.0
-7.46193036e-05 0.000797746878 0.0
-4.60099873e-05 0.000326573791 0.0
-3.35417426e-05 0.000417997653 0.0
-2.20692782e-05 1.39429112e-05 0.0
2.06760687e-05 0.000122496713 0.0
-3.89143024e-05 0.000314761943 0.0
-3.33848729e-05 0.00069508329 0.0
2.1162582e-06 4.19999051e-05 0.0
-3.8745995e-05 0.000355647178 0.0
-6.65620018e-06 0.00049857964 0.0
-5.7156627e-05 0.000253514299 0.0
1.85993722e-05 0.000114503891 0.0
-0.000117854113 0.00043492968 0.0
-3.2275093e-05 0.000468716113 0.0
2.03347349e-06 0.000607784314 0.0
-6.92859758e-05 0.000536881154 0.0
-6.58363424e-05 0.000281857152 0.0
-2.66046595e-06 0.000260545959 0.0
-4.61334275e-05 0.000810311176 0.0
-3.96610085e-05 0.000541602785 0.0
-5.31480837e-05 0.000542356458 0.0
-6.057469e-05 0.000688088709 0.0
-9.62970371e-05 7.32013796e-05 0.0
2.10085523e-06 0.00052488019 0.0
-6.35188553e-06 0.000395276758 0.0
1.6105163e-05 0.000137460083 0.0
-7.91129514e-06 0.000616480946 0.0
-1.4296159e-05 0.000329862756 0.0
-6.42237064e-05 0.000694113725 0.0
-2.77431627e-05 0.000318641309 0.0
-5.1216608e-05 0.000758223468 0.0
-8.01109782e-05 7.30181346e-05 0.0
-4.8287864e-05 0.000498885638 0.0
-5.20222675e-05 0.00077105331 0.0
-7.67157981e-05 0.000535471656 0.0
2.62237918e-05 0.000470466883 0.0
-5.1510684e-05 0.000706814753 0.0
-9.23032439e-06 0.000234258609 0.0
-4.9052851e-05 0.000653546071 0.0
-1.30625749e-05 0.000292318757 0.0
-2.20322977e-06 0.00020841106 0.0
-5.83769252e-05 9.15696946e-05 0.0
-9.97293246e-05 5.92315555e-05 0.0
-3.30500152e-05 0.000267911644 0.0
-4.73347645e-05 0.00075675518 0.0
8.01044916e-06 0.000153452842 0.0
-6.12322256e-05 0.000743587851 0.0
-5.51605117e-05 0.000617374433 0.0
-5.42635753e-05 0.000463071105 0.0
-6.15881845e-06 2.27854125e-05 0.0
-9.6461612e-05 0.000528909382 0.0
-6.44352476e-05 0.000744845078 0.0
-0.000114780298 0.000570473145 0.0
-1.11275776e-05 0.000377726159 0.0
-2.59136796e-05 0.000349295384 0.0
1.77973197e-05 0.000114056653 0.0
-6.49339854e-05 4.02135083e-06 0.0
-2.18433306e-05 -1.46653394e-06 0.0
-3.11379736e-05 0.000297333871 0.0
-6.40566504e-05 0.000579375541 0.0
1.42563513e-05 0.000172189946 0.0
4.3345176e-06 0.00021992519 0.0
-5.10867394e-05 0.000294402853 0.0
-1.90212195e-05 0.000673560775 0.0
-9.83298196e-06 0.000149317028 0.0
-2.30477945e-05 0.000284518814 0.0
-2.1664815e-05 0.000470366096 0.0
-2.46331074e-05 0.000382472295 0.0
-4.18920681e-05 0.000309686933 0.0
-2.22443414e-05 1.64872818e-05 0.0
1.81489668e-05 0.000559567823 0.0
-5.85861671e-05 0.000664576073 0.0
-1.71872634e-05 0.000213555788 0.0
-1.69277689e-06 7.84699514e-05 0.0
-2.73524279e-06 0.00036621216 0.0
-6.8351932e-05 0.000808517099 0.0
-7.64584547e-05 0.000720504904 0.0
4.00065801e-05 0.000211605409 0.0
-8.71313168e-05 0.000112163565 0.0
8.2884826e-06 0.000127232604 0.0
-0.000102278464 0.000526258082 0.0
-8.38436317e-05 0.000693841721 0.0
-2.58939508e-06 0.000171970212 0.0
-5.38899076e-05 0.000558736443 0.0
8.63459263e-06 0.000615786819 0.0
-0.000109691398 0.000435758266 0.0
2.43504164e-05 3.59110381e-05 0.0
-6.29601127e-05 0.000298812898 0.0
-2.28186182e-05 6.52332965e-05 0.0
-4.99469606e-05 0.000511846039 0.0
-9.04128392e-05 0.000657954311 0.0
-2.68723379e-05 0.000228656281 0.0
-6.20897772e-05 0.000186950754 0.0
-6.90577726e-05 0.000235731917 0.0
-2.80633158e-05 0.000466832571 0.0
3.41212508e-05 9.48956149e-05 0.0
-5.93398036e-05 -7.07682193e-06 0.0
-7.25821956e-05 0.000596206228 0.0
-4.94416854e-05 0.000510812039 0.0
-6.94053233e-05 5.33065722e-05 0.0
-4.05099163e-05 0.000389841589 0.0
-2.7559161e-05 0.000234453619 0.0
-5.03742558e-05 0.000316054909 0.0
-7.86008168e-05 6.12725926e-05 0.0
-4.38194911e-05 0.000188293605 0.0
-4.30512664e-05 0.000737711729 0.0
-6.17371479e-05 0.000651768933 0.0
-7.91961284e-05 0.000574285106 0.0
-4.11201654e-05 0.000437991228 0.0
-3.9848459e-05 0.000393006572 0.0
2.55791183e-05 5.74276164e-05 0.0
-4.21534933e-05 0.000280863256 0.0
-2.19661852e-05 0.000253170292 0.0
1.30394992e-05 4.84834381e-05 0.0
-7.19694162e-06 0.000466045632 0.0
-1.9042629e-05 0.000306089059 0.0
-6.35348333e-05 0.00062885927 0.0
-7.26119251e-05 0.000725643768 0.0
3.7942209e-05 0.000715823611 0.0
-1.94599852e-05 0.000225743817 0.0
-4.69530896e-05 0.000294813857 0.0
-2.35715688e-05 -5.80060305e-06 0.0
-1.81787327e-05 0.000272301404 0.0
-1.93754622e-05 0.000619563856 0.0
-0.000101052254 0.000471103587 0.0
-3.69496993e-05 0.000400568679 0.0
-1.95669745e-05 0.000415474875 0.0
-0.000100740574 0.000105215651 0.0
1.86747711e-05 0.000554195081 0.0
9.17369653e-06 0.000580168096 0.0
1.34212132e-05 6.24384775e-05 0.0
-4.39577125e-05 -4.16681578e-05 0.0
-8.44696406e-05 5.95685124e-05 0.0
-6.46648914e-05 0.000433595676 0.0
-6.28261932e-06 0.000396747957 0.0
-8.59980573e-05 0.00060769706 0.0
-9.54040115e-06 0.000611828058 0.0
-3.97669355e-05 0.000263743452 0.0
-6.0192051e-05 0.000521415612 0.0
-7.77965251e-05 0.000415995251 0.0
-2.62490667e-05 0.000234078107 0.0
-4.70113737e-05 0.000254509039 0.0
-6.64884137e-05 0.000516991422 0.0
3.19742071e-06 0.000511740218 0.0
-4.13933776e-05 0.00020074955 0.0
-3.08910203e-05 0.000189796861 0.0
-1.6967404e-05 0.000449250423 0.0
-0.00012056304 2.17108391e-05 0.0
-3.29108616e-06 0.000407400628 0.0
-9.09441878e-05 0.000516506669 0.0
-2.29025263e-05 0.000747263723 0.0
-2.53670914e-05 0.000827639014 0.0
-6.16818652e-05 0.000218374247 0.0
-3.91517133e-05 0.000356973876 0.0
-5.15497522e-05 1.65274814e-05 0.0
1.09241191e-05 0.000695901748 0.0
-3.72884278e-05 0.000241111731 0.0
-8.06238461e-07 0.00050943048 0.0
3.39456383e-05 0.000681788428 0.0
1.55005382e-05 0.000496323395 0.0
-9.6166732e-05 8.05717355e-05 0.0
-7.48851089e-05 0.000613744662 0.0
1.99229726e-05 0.000228066827 0.0
-4.02595833e-05 0.000186556994 0.0
2.01302664e-05 0.000133693567 0.0
-0.000145489772 0.000792269537 0.0
-5.17571971e-05 0.00048541135 0.0
-5.23405834e-05 0.000330543495 0.0
-8.00462658e-05 3.47065907e-05 0.0
-0.000100679455 0.000121308214 0.0
-5.80407323e-06 0.000392515183 0.0
-8.38208289e-05 0.000170060055 0.0
-6.71202142e-05 0.000703961414 0.0
-8.59176653e-05 6.49659778e-05 0.0
-6.77045682e-05 0.000470962696 0.0
-2.35499901e-05 0.000296853133 0.0
3.08801245e-05 0.000320389605 0.0
-8.55063699e-05 0.000530461548 0.0
-9.04853878e-05 0.000193295404 0.0
2.19393787e-05 0.000597418752 0.0
-8.04415176e-05 0.000644947344 0.0
-4.31789995e-05 0.000385489373 0.0
-5.21848824e-06 0.000786519842 0.0
-3.01174041e-05 0.000419686025 0.0
1.88800732e-05 0.000134021568 0.0
-4.35585607e-05 0.000716606679 0.0
-2.79492997e-05 0.000631351024 0.0
-6.914408e-05 8.45502364e-05 0.0
-2.01685434e-05 0.000446767983 0.0
6.31820512e-06 0.000218444737 0.0
-9.28161608e-05 0.000160435637 0.0
-6.82273094e-05 0.000754850917 0.0
-9.96357921e-05 0.000583526911 0.0
-7.72758722e-05 0.00062277494 0.0
-5.82788343e-05 0.000361210434 0.0
1.83737393e-05 0.000772646221 0.0
1.54353056e-05 0.000575424056 0.0
-6.68185676e-05 0.000753027736 0.0
-0.000118930104 0.000586061738 0.0
-4.86898352e-05 0.000364227017 0.0
1.83451375e-05 0.000548196433 0.0
-7.38722811e-05 0.000762005744 0.0
-0.000153276647 0.000817529217 0.0
-3.42787462e-05 0.000401985482 0.0
-1.98677044e-05 0.000836072199 0.0
-4.83915501e-05 0.000144651058 0.0
-7.04751001e-05 0.000595487247 0.0
3.200625e-05 7.70959377e-05 0.0
-6.68160237e-06 0.000337068544 0.0
-7.84712465e-05 0.000666955661 0.0
-3.13456112e-05 0.000640837068 0.0
-7.27280349e-05 0.000217522844 0.0
3.14891622e-06 2.31358608e-05 0.0
-3.42114799e-05 0.000740211748 0.0
-8.89370567e-05 0.000356428442 0.0
5.37622836e-05 0.000269043026 0.0
-4.38109601e-05 0.000594543817 0.0
-6.74968251e-05 6.01636311e-05 0.0
-2.92636196e-05 0.000663937535 0.0
-1.40823067e-05 0.0007711504 0.0
-5.22318733e-05 0.000598519284 0.0
-3.48099966e-05 0.000337773701 0.0
-8.59784341e-05 0.000531009457 0.0
-3.76000316e-05 3.29044124e-05 0.0
6.88980299e-06 1.77045858e-05 0.0
-7.21891411e-05 0.000586879847 0.0
-9.08032453e-05 0.000668138673 0.0
-0.00010555808 0.000146535167 0.0
-2.82828423e-05 0.000717896794 0.0
1.79250237e-05 0.000341432577 0.0
-5.20725553e-05 7.01335375e-05 0.0
-3.82049438e-05 0.000233707891 0.0
-4.93340158e-05 0.000375966833 0.0
-3.72963987e-05 6.91434834e-05 0.0
-5.90378404e-05 0.000680569909 0.0
-4.98765512e-05 0.000289341639 0.0
-1.90456285e-05 0.000767717895 0.0
-4.24752579e-05 0.000471571489 0.0
-4.34503636e-05 0.000736881571 0.0
-2.01695711e-05 0.000416009716 0.0
-1.63229834e-05 1.22831962e-05 0.0
-3.50945083e-05 0.000403236656 0.0
-8.6866288e-07 0.000789816841 0.0
-4.48176834e-05 0.000105641586 0.0
-2.15851815e-05 0.000434593705 0.0
-3.7676924e-05 0.000610301155 0.0
-4.92927393e-05 0.000343113032 0.0
1.30160315e-05 1.48014242e-05 0.0
1.24414019e-05 6.7574445e-05 0.0
