0.00137720362 -0.0010345492 0.0
0.00135628204 -0.00106073054 0.0
-0.000118563592 -0.000990745262 0.0
9.5855321e-06 -0.000970216235 0.0
-3.42017411e-05 -0.000873568177 0.0
0.00190695433 -0.000970216235 0.0
0.00177880528 -0.000990745262 0.0
9.13137119e-05 -0.00143611256 0.0
6.54943942e-05 -0.00153877703 0.0
0.000156102615 -0.00147225382 0.0
0.000185699246 -0.000157458766 0.0
0.000211518563 -5.47943346e-05 0.0
0.000698149495 -0.00143256178 0.0
0.000681510021 -0.0014272253 0.0
0.000689006469 -0.00141609821 0.0
0.000801714894 -4.59070907e-05 0.0
0.000818354369 -5.12435618e-05 0.0
0.0017074534 1.80747065e-05 0.0
0.00168455695 -8.24224844e-05 0.0
0.00160231069 -0.00117285864 0.0
0.00157595589 -0.00119226705 0.0
0.00156303041 -0.00122938713 0.0
-0.000321413012 -0.00119226705 0.0
-0.000295058184 -0.00117285864 0.0
0.000440561096 -0.00104260596 0.0
0.00041706601 -0.00126094802 0.0
0.00130443182 -0.00119637407 0.0
0.00127738086 -0.00118583522 0.0
0.00105439615 -0.000524125062 0.0
0.00102791958 -0.000656927819 0.0
9.43666382e-05 -0.000264283997 0.0
7.73023858e-05 -0.000256186613 0.0
0.000112404821 -0.000283727335 0.0
0.00197467115 -0.000256186613 0.0
0.00199173554 -0.000264283997 0.0
0.00026627726 -0.000577283732 0.0
0.000239779256 -0.000512159546 0.0
0.000478387141 -0.000379712961 0.0
0.000451394124 -0.000365040731 0.0
0.00093357038 -0.000585736008 0.0
0.0009145441 -0.000695375551 0.0
0.00166619266 -0.000838013133 0.0
0.00164456607 -0.000761756732 0.0
0.000736026093 -0.000829457422 0.0
0.000709516462 -0.00103249925 0.0
0.0012143373 -0.000312173303 0.0
0.00118572684 -0.000516605738 0.0
-0.000120204852 -0.0013813182 0.0
0.0 0.0 0.0
0.00189736881 0.0 0.0
0.00177716406 -0.0013813182 0.0
0.0013734448 -0.0010376774 0.0
0.00136979541 -0.00104063575 0.0
0.00136611809 -0.00104417803 0.0
0.00136207487 -0.00104809843 0.0
0.0013583831 -0.00105431234 0.0
0.0013544109 -0.0010621635 0.0
0.0013522465 -0.00106771116 0.0
0.0013512054 -0.0010684717 0.0
0.00135062006 -0.00106675911 0.0
0.00135154591 -0.00106435153 0.0
0.00135341252 -0.00106251123 0.0
0.00135997299 -0.00105845323 0.0
0.00136418198 -0.0010552319 0.0
0.00136845896 -0.00105118449 0.0
0.00137253397 -0.00104778493 0.0
0.00137674331 -0.00104477035 0.0
0.00138159981 -0.00104255415 0.0
0.00138464791 -0.00103864411 0.0
0.00138591288 -0.00103562314 0.0
0.00138550811 -0.00103406806 0.0
0.00138402393 -0.00103262754 0.0
0.00138112286 -0.00103283394 0.0
1.78217924e-05 -0.000951382623 0.0
2.23318657e-05 -0.0009301065 0.0
2.2511711e-05 -0.000909398193 0.0
1.74506877e-05 -0.000893183227 0.0
8.61142507e-06 -0.000883843983 0.0
-3.41328223e-06 -0.00087693875 0.0
-1.76417307e-05 -0.000873832614 0.0
-5.18213601e-05 -0.000877247658 0.0
-6.98626609e-05 -0.000885054818 0.0
-8.69775467e-05 -0.000897593913 0.0
-0.00010182213 -0.000913678901 0.0
-0.000112422567 -0.000931605988 0.0
-0.000119224365 -0.00095028925 0.0
-0.000121356614 -0.000971099769 0.0
0.00178795832 -0.00100547646 0.0
0.00180100952 -0.00101545127 0.0
0.00181683421 -0.00101894187 0.0
0.00183414912 -0.00101955002 0.0
0.00185064937 -0.00101539819 0.0
0.00186714076 -0.00100880628 0.0
0.00188217359 -0.00100059377 0.0
0.00189627649 -0.000987507054 0.0
7.65397708e-05 -0.00153948122 0.0
8.92818716e-05 -0.00153832277 0.0
0.000103289378 -0.00153434195 0.0
0.000117291311 -0.00152673305 0.0
0.000130714572 -0.00151572644 0.0
0.000142466131 -0.00150324788 0.0
0.000151544169 -0.00148894091 0.0
0.00015585951 -0.00145517488 0.0
0.000151713597 -0.00144063414 0.0
0.000146036502 -0.00143170869 0.0
0.000138144795 -0.00142660213 0.0
0.000129350999 -0.00142597058 0.0
0.000118253345 -0.00142747059 0.0
0.000105416664 -0.00143016106 0.0
0.000197966176 -6.35564866e-05 0.0
0.000186310921 -7.45018697e-05 0.0
0.000176754358 -8.7574248e-05 0.0
0.000168931307 -9.98078031e-05 0.0
0.000164345969 -0.000117595737 0.0
0.000162509532 -0.000136522009 0.0
0.000164852376 -0.000147203958 0.0
0.000170265281 -0.000152462395 0.0
0.000176993577 -0.000155300222 0.0
0.00067968521 -0.00142403983 0.0
0.000678402954 -0.00142107438 0.0
0.000677514705 -0.00141837134 0.0
0.000678100274 -0.00141570065 0.0
0.000679154531 -0.00141416781 0.0
0.000681844947 -0.00141241169 0.0
0.000683940772 -0.00141131657 0.0
0.000686043117 -0.00141355011 0.0
0.00069258397 -0.00141838624 0.0
0.000696156989 -0.00142009743 0.0
0.0006992704 -0.00142187113 0.0
0.000701575249 -0.00142381201 0.0
0.000702837133 -0.00142570527 0.0
0.000702762627 -0.00142736023 0.0
0.000701396726 -0.00142989086 0.0
0.000700079254 -0.00143141276 0.0
0.000816052081 -5.13688501e-05 0.0
0.000812768063 -5.08014055e-05 0.0
0.000809284043 -5.0124243e-05 0.0
0.000806322845 -4.98792469e-05 0.0
0.00080410362 -4.84971497e-05 0.0
0.00169421174 1.67667185e-05 0.0
0.00168040465 1.20656787e-05 0.0
0.00166725845 3.35275013e-06 0.0
0.00165524881 -7.28736813e-06 0.0
0.00164535327 -1.98185662e-05 0.0
0.00163979095 -3.52880743e-05 0.0
0.00163582095 -5.56632585e-05 0.0
0.00163977267 -6.98194344e-05 0.0
0.00164782186 -8.06817334e-05 0.0
0.00165876432 -8.49293792e-05 0.0
0.0016715161 -8.53711681e-05 0.0
0.00169813645 -7.69669859e-05 0.0
0.00171012303 -6.84327897e-05 0.0
0.00172053161 -5.78903928e-05 0.0
0.00172903528 -4.51441447e-05 0.0
0.00173561182 -2.96008748e-05 0.0
0.00173897226 -1.34086649e-05 0.0
0.00173966156 -1.32231696e-06 0.0
0.00173926027 5.35423351e-06 0.0
0.00173510367 9.96005383e-06 0.0
0.00172830035 1.36328899e-05 0.0
0.00171888946 1.67354065e-05 0.0
0.00157040916 -0.00119992171 0.0
0.001566038 -0.00120884483 0.0
0.00156324496 -0.00121850218 0.0
0.00156020082 -0.00122692436 0.0
0.00155687507 -0.00123097538 0.0
0.00155578693 -0.00123288471 0.0
0.00155554677 -0.00123242161 0.0
0.00155621953 -0.00123156316 0.0
0.00155836402 -0.00123037188 0.0
0.00156966178 -0.00122714939 0.0
0.00157668081 -0.00122444751 0.0
0.00158371392 -0.00122022699 0.0
0.00159059709 -0.00121502765 0.0
0.00159661786 -0.00120883121 0.0
0.00160306797 -0.00120178564 0.0
0.00160692947 -0.00119263609 0.0
0.00160836941 -0.00118262949 0.0
0.0016060156 -0.00117628928 0.0
-0.000299268664 -0.00117388368 0.0
-0.000303276494 -0.00117565889 0.0
-0.000307334209 -0.00117852108 0.0
-0.000311458862 -0.00118267909 0.0
-0.000316254242 -0.00118691882 0.0
0.00041476349 -0.00104924571 0.0
0.000390164671 -0.00106160541 0.0
0.000367263478 -0.00107773312 0.0
0.000349352107 -0.00109734049 0.0
0.000336199737 -0.00111951563 0.0
0.000327592163 -0.00114354189 0.0
0.000324076129 -0.00117185677 0.0
0.000327748596 -0.0012011379 0.0
0.000337157224 -0.00122522761 0.0
0.000351122988 -0.00124263298 0.0
0.000370475522 -0.00125434529 0.0
0.000392760499 -0.00125989632 0.0
0.000442473858 -0.00125550572 0.0
0.000467705249 -0.00124430738 0.0
0.000491552986 -0.001226931 0.0
0.000512054539 -0.00120320672 0.0
0.00052704697 -0.00117644144 0.0
0.000535983942 -0.00114690117 0.0
0.000538119057 -0.00111701374 0.0
0.000534413441 -0.00109133811 0.0
0.00052441447 -0.00107222411 0.0
0.000508839323 -0.00105795427 0.0
0.000489305181 -0.00104759785 0.0
0.000465852238 -0.00104229024 0.0
0.00130492321 -0.00119850307 0.0
0.0013041771 -0.00119963207 0.0
0.0013029828 -0.00120068248 0.0
0.0013017864 -0.0012005344 0.0
0.00129933306 -0.00119965221 0.0
0.00129577622 -0.00119810365 0.0
0.00129184662 -0.00119611772 0.0
0.00128745765 -0.00119345007 0.0
0.00128311967 -0.00119060883 0.0
0.00127955293 -0.00118742324 0.0
0.00127682451 -0.00118426769 0.0
0.00127714546 -0.00118345662 0.0
0.00127902068 -0.00118228199 0.0
0.00128182571 -0.0011806445 0.0
0.00128569209 -0.00117709883 0.0
0.00128828571 -0.00117492175 0.0
0.00129113218 -0.00117710466 0.0
0.00129497051 -0.00118278351 0.0
0.00129875902 -0.00118895783 0.0
0.00130234763 -0.00119359035 0.0
0.00103797577 -0.000527556695 0.0
0.00102161162 -0.000536577543 0.0
0.00100567378 -0.000550007622 0.0
0.000991340494 -0.000568413816 0.0
0.000981985009 -0.000590261654 0.0
0.000979296514 -0.000609001145 0.0
0.000979955657 -0.000621895655 0.0
0.000984123675 -0.000632920535 0.0
0.000991294859 -0.000643788197 0.0
0.00100166153 -0.000652148214 0.0
0.00101372821 -0.00065642572 0.0
0.0010432211 -0.000653328025 0.0
0.00105926034 -0.000645091059 0.0
0.00107448269 -0.000632322684 0.0
0.00108681526 -0.000615754339 0.0
0.00109596574 -0.000598465907 0.0
0.00110207533 -0.000581850531 0.0
0.00110306416 -0.000564820017 0.0
0.00109952374 -0.000549988821 0.0
0.00109222345 -0.000537911605 0.0
0.00108160253 -0.000529320445 0.0
0.00106862211 -0.000524630887 0.0
7.79635666e-05 -0.000256712723 0.0
7.98792607e-05 -0.000257694337 0.0
8.23409137e-05 -0.000257606589 0.0
8.51029035e-05 -0.000255797378 0.0
8.78127612e-05 -0.00025475322 0.0
9.08338698e-05 -0.000258707616 0.0
9.52761839e-05 -0.000266617513 0.0
0.000101420177 -0.000275882834 0.0
0.00010758479 -0.000281218294 0.0
0.000115328708 -0.000285325397 0.0
0.000116208888 -0.00028691531 0.0
0.000115727082 -0.000289581687 0.0
0.000115487601 -0.000292276149 0.0
0.000113519098 -0.000293394667 0.0
0.000111130073 -0.000289995456 0.0
0.000108059576 -0.00028395254 0.0
0.000104285849 -0.000276687351 0.0
9.95527007e-05 -0.000269987388 0.0
0.0019861504 -0.000259604043 0.0
0.00198124186 -0.000256691943 0.0
0.00197729049 -0.000255566469 0.0
0.00197522109 -0.000255994964 0.0
0.000274917664 -0.000577913946 0.0
0.000281272223 -0.00057619001 0.0
0.00028524251 -0.000573096389 0.0
0.000287053903 -0.00056863518 0.0
0.000287142087 -0.000563168665 0.0
0.000285523187 -0.000558098429 0.0
0.000281998509 -0.000551935285 0.0
0.000276208797 -0.000544083014 0.0
0.000267522817 -0.000532049977 0.0
0.000258016837 -0.000522887218 0.0
0.000248506374 -0.000515784195 0.0
0.000232443286 -0.000510726823 0.0
0.000226188335 -0.00051037065 0.0
0.000221959199 -0.000511254999 0.0
0.000219819893 -0.000513665029 0.0
0.000219307985 -0.000518061337 0.0
0.000221607857 -0.000526771531 0.0
0.000226634918 -0.000540218549 0.0
0.000232016479 -0.000551642326 0.0
0.000238948531 -0.000560792454 0.0
0.000246806885 -0.000567899842 0.0
0.000256229367 -0.000573499536 0.0
0.000480599701 -0.0003808701 0.0
0.000481027906 -0.000381932099 0.0
0.000480353832 -0.000383095496 0.0
0.000478966977 -0.000383845327 0.0
0.000477313297 -0.000384006678 0.0
0.000473598455 -0.000381859601 0.0
0.000469546008 -0.000379175064 0.0
0.00046579598 -0.000376937765 0.0
0.000462267606 -0.000374171592 0.0
0.000458495691 -0.000370940106 0.0
0.000454465771 -0.00036711953 0.0
0.000449996558 -0.000364129053 0.0
0.000450069667 -0.000362448773 0.0
0.000451059197 -0.000361009734 0.0
0.000452609995 -0.000363457279 0.0
0.000454713067 -0.000365812622 0.0
0.000457720278 -0.000368251727 0.0
0.000461428805 -0.000369361864 0.0
0.000464674755 -0.0003703353 0.0
0.000468114828 -0.000371887203 0.0
0.000471600157 -0.000374612748 0.0
0.000475088396 -0.000377613324 0.0
0.00091801933 -0.00059008057 0.0
0.000903993321 -0.00059739867 0.0
0.000892084558 -0.000607844442 0.0
0.000882188731 -0.000620016304 0.0
0.000875289086 -0.000633350865 0.0
0.000871552096 -0.000648254587 0.0
0.000871159951 -0.000663365936 0.0
0.000875875819 -0.000677102827 0.0
0.000885469781 -0.000686488871 0.0
0.00089868647 -0.000692949165 0.0
0.000931951101 -0.0006920757 0.0
0.000949407986 -0.000682146172 0.0
0.000964493258 -0.000667286455 0.0
0.000975250034 -0.000648346613 0.0
0.000980912941 -0.000628449838 0.0
0.000981113873 -0.000614732213 0.0
0.000979155302 -0.000606597168 0.0
0.00097447657 -0.000598424289 0.0
0.000964172359 -0.000590418582 0.0
0.00095002033 -0.00058573141 0.0
0.00167642732 -0.000837321044 0.0
0.00168386742 -0.0008345471 0.0
0.00168912089 -0.000830554112 0.0
0.00169143267 -0.000825293013 0.0
0.00169214036 -0.000816142943 0.0
0.00168876571 -0.000807275588 0.0
0.00168464752 -0.00079689367 0.0
0.00167862943 -0.000787876081 0.0
0.00167160993 -0.000778514135 0.0
0.00166288624 -0.000771686435 0.0
0.00165361399 -0.000766064215 0.0
0.00163512188 -0.000759349554 0.0
0.00162542157 -0.000759559858 0.0
0.00161916262 -0.000760944618 0.0
0.00161455176 -0.000766847399 0.0
0.00161177421 -0.000777392997 0.0
0.00161290134 -0.000790043501 0.0
0.00161810673 -0.000801875198 0.0
0.00162621273 -0.000811838312 0.0
0.00163556123 -0.000821815222 0.0
0.0016458605 -0.000830016448 0.0
0.00165607838 -0.000835725397 0.0
0.00070927362 -0.000834140927 0.0
0.000683108985 -0.000846553245 0.0
0.000659456186 -0.000865423644 0.0
0.000640566577 -0.000890578551 0.0
0.000628060196 -0.00092026213 0.0
0.000622079824 -0.000951640424 0.0
0.000623258646 -0.000980480923 0.0
0.000631992763 -0.00100102462 0.0
0.000645521912 -0.00101559074 0.0
0.000663754821 -0.00102557649 0.0
0.000685545732 -0.00103143847 0.0
0.000735263107 -0.00102784159 0.0
0.000760277442 -0.00101629063 0.0
0.000783025171 -0.000998301315 0.0
0.000800790731 -0.000975463889 0.0
0.000814618019 -0.000952103524 0.0
0.000821381749 -0.000925181375 0.0
0.000821138732 -0.000899621402 0.0
0.000814560044 -0.000875679019 0.0
0.00080194755 -0.000855572231 0.0
0.000783578434 -0.000841230387 0.0
0.000761204574 -0.000832271762 0.0
0.00118933932 -0.000319303886 0.0
0.00116551877 -0.000331217627 0.0
0.00114412152 -0.000347931928 0.0
0.00112688146 -0.000369827525 0.0
0.00111607485 -0.000391787704 0.0
0.00110936898 -0.000412043475 0.0
0.00110597746 -0.000433615758 0.0
0.00110676012 -0.00045518807 0.0
0.00111298414 -0.000475312729 0.0
0.0011246932 -0.000492087915 0.0
0.00114160427 -0.000504904776 0.0
0.00116252992 -0.000513451523 0.0
0.00121020456 -0.000513482955 0.0
0.0012353994 -0.000503457617 0.0
0.00125895545 -0.000486876699 0.0
0.00127911137 -0.000465751102 0.0
0.00129534572 -0.00044204999 0.0
0.00130504195 -0.000415709597 0.0
0.00130910613 -0.000387208594 0.0
0.00130604603 -0.000360340491 0.0
0.00129563559 -0.000339554012 0.0
0.00128066435 -0.000323901273 0.0
0.0012608564 -0.000315512822 0.0
0.0012383461 -0.000311335869 0.0
-0.000129498236 -0.00135257933 0.0
-0.000181165131 -0.00130158104 0.0
-0.000184020173 -0.00088289642 0.0
-0.000214167711 -0.000845498871 0.0
-2.20512284e-05 -0.000702747668 0.0
0.000155663292 -0.000568154443 0.0
0.000195039844 -0.000510230602 0.0
0.000162035547 -0.000457263261 0.0
6.84836341e-05 -0.000401037803 0.0
1.80506904e-05 -0.000366020977 0.0
9.63510774e-06 -0.000343045918 0.0
3.23488566e-05 -0.000315318204 0.0
-5.17773005e-05 -0.000139062933 0.0
-7.0912356e-05 -8.8281784e-05 0.0
-5.14458006e-05 -4.95991844e-05 0.0
-1.85825902e-05 -2.61302848e-05 0.0
0.000112115144 -0.000131772962 0.0
0.000438426301 -0.000276652136 0.0
0.000557613792 -0.000246734067 0.0
0.000929569418 -0.000170558298 0.0
0.0010060831 -0.000221024922 0.0
0.00111847883 -0.000128691798 0.0
0.00127523055 3.2700118e-05 0.0
0.00140589091 0.000163230376 0.0
0.00144104869 0.000164632103 0.0
0.00149013405 0.000132323054 0.0
0.00154041138 8.43501693e-05 0.0
0.00157713832 4.1398911e-05 0.0
0.00160437345 1.59327428e-05 0.0
0.00162847247 1.45616978e-05 0.0
0.00167330808 2.38116445e-05 0.0
0.00171128963 4.62562093e-05 0.0
0.00175809406 5.78357285e-05 0.0
0.0018023107 7.5485259e-05 0.0
0.00184133928 6.2589912e-05 0.0
0.00187878625 -2.61302848e-05 0.0
0.00184592302 -4.95991844e-05 0.0
0.00182645652 -8.8281784e-05 0.0
0.00184559159 -0.000139062933 0.0
0.00192971772 -0.000315318204 0.0
0.00190700393 -0.000343045918 0.0
0.00191541959 -0.000366020977 0.0
0.00196585245 -0.000401037803 0.0
0.00205940451 -0.000457263261 0.0
0.00209240871 -0.000510230602 0.0
0.00205303216 -0.000568154443 0.0
0.00187531766 -0.000702747668 0.0
0.00168320118 -0.000845498871 0.0
0.00171334867 -0.00088289642 0.0
0.00171620375 -0.00130158104 0.0
0.00176787062 -0.00135257933 0.0
0.00172113441 -0.00131872832 0.0
0.00168210582 -0.00130583299 0.0
0.00163788931 -0.00132348249 0.0
0.00159108476 -0.00133506209 0.0
0.00155310321 -0.00135750661 0.0
0.0015082676 -0.00136675651 0.0
0.00148416858 -0.00136538548 0.0
0.00145693345 -0.00133991928 0.0
0.00142020651 -0.00129696808 0.0
0.00136992917 -0.00124899519 0.0
0.00132084382 -0.0012166861 0.0
0.00128568616 -0.00121808785 0.0
0.00115502567 -0.00134861819 0.0
0.000998273958 -0.0015100101 0.0
0.000885878282 -0.00160234317 0.0
0.000809364545 -0.00155187654 0.0
0.000437408919 -0.00162805233 0.0
0.000318221457 -0.00165797037 0.0
-8.08970526e-06 -0.00151309127 0.0
0.000910557399 -0.00093939685 0.0
0.00132783444 -0.000264972157 0.0
0.00110852392 -0.00109919661 0.0
0.00116590888 -0.000373352144 0.0
0.000700586592 -0.000864900241 0.0
0.000946614018 -0.000764839409 0.0
0.000886779104 -0.00114508579 0.0
0.000954702089 -0.000314120058 0.0
0.00179468794 -0.000924328924 0.0
0.0012499867 -0.000361843617 0.0
0.00113930483 -0.000714521855 0.0
0.000397775992 -0.000868120813 0.0
0.00179533591 -0.00028594624 0.0
0.000909600523 -0.00078032905 0.0
0.00176292728 -0.000503604708 0.0
0.00157308509 1.76109279e-05 0.0
0.00115791603 -0.00105983054 0.0
0.000747198821 -0.000132704939 0.0
0.00036904274 -0.000485565717 0.0
-0.000140968506 -0.00107328128 0.0
0.000981342397 -0.000613759505 0.0
0.000782297517 -0.000766531099 0.0
0.000707342231 -0.000917162863 0.0
0.00144791952 -0.000229300655 0.0
0.00153135252 -0.00102620851 0.0
0.00121896423 -0.000397881435 0.0
0.00129067921 -0.000164394878 0.0
0.00119299209 -0.00112265593 0.0
0.000165400925 -0.00140635564 0.0
0.00102373713 -0.000290700584 0.0
0.000517464068 -0.000503339397 0.0
0.000334420271 -0.000499591581 0.0
0.00110637641 -0.00112485292 0.0
0.00110365113 -0.000461419142 0.0
0.00102308998 -0.000725581544 0.0
0.000927802466 -0.000716277398 0.0
0.000342164247 -0.000478535512 0.0
0.00097828079 -0.0011923007 0.0
0.00119574263 -0.000972414564 0.0
0.000659121375 -0.000916701916 0.0
0.00107372319 -0.000772974221 0.0
0.000720785756 -0.000845494331 0.0
0.00103370519 -0.00106959674 0.0
0.000505009957 -0.000331021525 0.0
0.0007777586 -0.000825613155 0.0
0.00135341601 -0.000358118356 0.0
0.000685136067 -0.000156291673 0.0
0.00183650292 -0.000554280065 0.0
0.00087539159 -0.000344477565 0.0
0.000319649582 -0.000627772708 0.0
0.000695258845 -0.0013273916 0.0
0.000225907206 -0.000943837222 0.0
0.001486275 4.5353936e-05 0.0
0.0009988948 -0.000578454987 0.0
0.00118519738 -0.000409241824 0.0
4.67236787e-05 -0.000209893056 0.0
0.000977310468 -0.000623701839 0.0
0.000482214818 -0.000839169603 0.0
0.00161582115 1.9189456e-05 0.0
0.00183847873 -0.000363723957 0.0
0.00117242325 -0.000459073781 0.0
0.00113959447 -0.000254290382 0.0
0.000856812636 -0.000844773662 0.0
0.000925590924 -0.000733593653 0.0
0.001601425 -0.000387015112 0.0
0.00125655311 -0.000322566368 0.0
0.000697537442 -0.000266668561 0.0
0.000426921208 -0.000334865967 0.0
0.00143443188 -0.00133558502 0.0
0.0016423827 -0.000740653195 0.0
0.000599452469 -0.000236080814 0.0
0.000627795351 -0.00092047872 0.0
0.00185986701 -0.00023437223 0.0
0.00162598258 -6.07837719e-05 0.0
0.000505375559 -0.00111503003 0.0
0.00156439829 -6.97230935e-05 0.0
0.00119247043 -0.000411212503 0.0
0.00117231614 -0.00111867371 0.0
0.000301546475 -0.00130906701 0.0
0.000585507893 -0.00105256797 0.0
0.00144358084 -0.000946178392 0.0
0.000978189055 -0.000897797931 0.0
5.21191068e-05 -0.000350010872 0.0
0.00129484176 -0.000576207007 0.0
0.00082984718 -0.000110488269 0.0
0.00144513731 -0.00107523799 0.0
0.000865269685 -0.000689230219 0.0
-0.000189512153 -0.00116940844 0.0
0.00172758254 -0.00108538452 0.0
0.00146377413 -0.00111010589 0.0
0.000940666825 -0.000213265725 0.0
0.00102468324 -0.00072799006 0.0
0.00023924603 -0.000120719065 0.0
0.00113891636 -0.000846472336 0.0
0.000343032414 -0.000560712651 0.0
0.00102492073 -0.000724047946 0.0
0.000780216767 -0.000755705812 0.0
0.000849413977 -0.000989224063 0.0
0.00127420737 -0.000326560985 0.0
0.00124227791 -0.00109810405 0.0
0.000846109469 -0.000737599737 0.0
0.00105002173 -0.000480223389 0.0
0.00174923218 -0.000888218463 0.0
0.000900804007 -0.000790884951 0.0
-0.000181316747 -0.00102062407 0.0
0.00174485298 -0.000916048768 0.0
0.000952973089 -0.000706980936 0.0
0.00124813057 -0.000405316503 0.0
0.00123406365 -0.00114082859 0.0
0.00187354966 -0.000153232453 0.0
0.00149726437 -9.9290839e-05 0.0
0.000392831047 -0.001145193 0.0
0.000197184694 -0.00143610896 0.0
0.0001075826 -0.0014371305 0.0
-3.39465578e-06 -0.00110493856 0.0
0.00086951477 -0.00153431727 0.0
0.000432707689 -0.000433372537 0.0
0.00114911865 -0.00109321217 0.0
0.00178651232 -0.00091418263 0.0
0.00149819523 -0.000945429842 0.0
0.000275531929 -0.000719837553 0.0
0.000297629245 -0.000498789945 0.0
0.000911071082 -0.000732362329 0.0
0.000763554883 -0.000868712435 0.0
0.00187281601 -0.000310568226 0.0
0.00097762607 -0.00064520759 0.0
0.00107960193 -0.000571984274 0.0
0.00097833632 -0.0012167003 0.0
0.00110954558 -0.00115455827 0.0
0.001791624 -0.000915470708 0.0
0.000980977551 -0.000615211145 0.0
0.00106320903 -0.0010304685 0.0
0.000687777356 -0.000885242654 0.0
0.00188832195 -0.000398301199 0.0
0.000525840675 -0.000612670206 0.0
0.000812764803 -0.000782005896 0.0
0.00125586987 -0.00106389786 0.0
0.00030798142 -0.000510807382 0.0
0.00149522827 -0.000550289347 0.0
0.000809042132 -0.00131815649 0.0
0.00156558305 6.1095714e-05 0.0
0.00151953683 -0.000218329995 0.0
0.00133061374 -0.000991713488 0.0
0.000401749247 -0.000425999286 0.0
0.00138614082 -0.000136327828 0.0
0.000638080121 -0.000196299239 0.0
0.000342404674 -0.000476485642 0.0
0.00139735988 -0.000343028805 0.0
0.00165052887 -2.41890357e-05 0.0
0.00109453243 -0.00038167453 0.0
0.00180313096 -9.96943418e-05 0.0
0.00105650572 -0.000259891676 0.0
0.00130548864 -0.000317280501 0.0
0.00194561505 -0.000524390663 0.0
0.000783908181 -8.40060529e-05 0.0
0.000992034678 -0.000568332209 0.0
0.000303092733 -0.000514110783 0.0
0.000430789107 -0.0010766706 0.0
0.000396831252 -0.000327118178 0.0
0.000365811167 -0.000464509998 0.0
0.00040323846 -0.00160107471 0.0
0.000634947093 -0.000950078364 0.0
0.000546440948 -0.00106271612 0.0
0.000736177491 -0.000826104544 0.0
0.00180271594 2.85827209e-05 0.0
0.000824726187 -0.000697677373 0.0
0.00146883307 -0.00134659023 0.0
0.000282658206 -0.000609567098 0.0
0.00129978277 -0.0012070135 0.0
0.00145620271 -0.0011042282 0.0
0.000533414481 -0.000440372474 0.0
4.11208857e-05 -0.000320788065 0.0
0.00145145028 -0.00111219124 0.0
-0.000230525606 -0.00121782627 0.0
0.000551025849 -0.000982190366 0.0
0.00116889493 -0.000464597018 0.0
0.00111102907 -0.00100149855 0.0
0.00168126822 -4.26746483e-05 0.0
0.00100395945 -0.00112267805 0.0
0.000458278053 -0.000327226997 0.0
0.00020631231 -0.000998716219 0.0
-0.000118944532 -0.00134404376 0.0
0.000915557262 -0.000666578999 0.0
5.94383127e-05 -0.000161942546 0.0
0.00066417054 -0.00138184614 0.0
0.000259823777 -0.000180864707 0.0
-3.70869493e-05 -0.00143578427 0.0
0.00156371924 -0.00117405911 0.0
0.00140450499 -0.00130070909 0.0
0.000337807403 -0.00124075462 0.0
0.00136909459 2.42155947e-05 0.0
0.000548633921 -0.00128689036 0.0
0.00147531484 -0.000216243308 0.0
-4.2313648e-05 -0.000890131923 0.0
0.00168062095 -0.000746233913 0.0
0.00122119789 -0.00114654494 0.0
0.00140988478 -0.00105595926 0.0
0.00108057307 -0.000524985371 0.0
-0.000219369831 -0.00109484454 0.0
0.00034661658 -0.000618344056 0.0
0.000682978833 -0.000881945365 0.0
0.0012047356 -0.000399355107 0.0
0.00162627967 1.13433498e-05 0.0
0.000996171962 -0.000593186414 0.0
0.00121590495 -0.000287187286 0.0
0.00107482797 -0.00112776458 0.0
8.55726685e-05 -0.0011805672 0.0
0.00095098227 -0.00066659844 0.0
0.000524508127 -0.00112067023 0.0
0.000957380806 -0.000211626699 0.0
0.000875940372 -0.00143965869 0.0
0.00124579936 -9.61229234e-05 0.0
0.000742195931 -0.000813913008 0.0
0.0011557854 -0.000432696688 0.0
1.71809806e-05 -0.0013653764 0.0
0.00156217488 -0.000755138521 0.0
0.00109793537 -0.00107481878 0.0
0.00100224442 -0.000310496136 0.0
0.00110380515 -0.00032725581 0.0
0.00126175932 -0.000337408041 0.0
0.000840571825 -0.000204867029 0.0
8.88744398e-05 -0.000373931631 0.0
0.000599726627 -0.000953870127 0.0
-0.000114982206 -0.000974618772 0.0
0.001446618 -0.00131904881 0.0
0.00116188952 -0.000428546016 0.0
0.00130003574 -0.000349412701 0.0
1.66563968e-05 -0.00018876711 0.0
0.000239135275 -0.000454220572 0.0
0.00169115525 -0.00128839479 0.0
0.000297849765 -0.0013613021 0.0
0.00127298385 -0.00111168344 0.0
0.00120643142 -0.00089325069 0.0
0.00191951636 -0.000243771399 0.0
0.00106395606 -0.000559324282 0.0
0.000502557028 -0.00110978901 0.0
0.00115564791 -0.000430357177 0.0
0.00107798818 -0.00121626316 0.0
0.000795632252 -0.000886562746 0.0
8.26920441e-05 -0.000227076467 0.0
0.000728225685 -0.000833134458 0.0
0.000977515592 -0.000620684703 0.0
0.00163189997 -0.00011273117 0.0
-0.000166873971 -0.00129257317 0.0
0.000639069534 -0.000186394915 0.0
0.000965390587 -0.000645263877 0.0
0.000455933943 -0.00127670937 0.0
0.00152215944 -2.15678356e-05 0.0
0.00115195045 -0.0011052154 0.0
0.000384772633 -0.000277388928 0.0
0.00137823285 -0.0010919146 0.0
0.00111218798 -0.000535716652 0.0
0.00138717238 -0.000227473691 0.0
0.00146918243 -0.000134772825 0.0
0.000417629897 -0.00119125634 0.0
0.000864841684 -0.000852098456 0.0
0.00117598951 -0.00112373359 0.0
0.00125687185 -0.000944645086 0.0
0.000296088547 -0.000182594857 0.0
0.000508707133 -0.000843532791 0.0
0.00131936092 -0.00121383381 0.0
0.000275003782 -0.00031044014 0.0
0.00150510669 0.000102082973 0.0
0.00173464289 -0.0011004993 0.0
0.00149245677 -0.000954947667 0.0
0.0013166581 -0.000499142334 0.0
0.000977550284 -0.00121968065 0.0
0.000717598014 -0.000189494094 0.0
0.000291675999 -0.000460077776 0.0
0.000962069782 -0.000678217562 0.0
0.000148431238 -0.00144978636 0.0
0.000966492284 -0.00132542569 0.0
0.00187855819 -0.000338417682 0.0
0.000856925908 -0.000856169034 0.0
6.36019395e-05 -0.000382529688 0.0
0.00128032069 -0.00121135009 0.0
0.000495388405 -0.00138454023 0.0
0.000935094838 -0.000657716126 0.0
0.000765170611 -0.00104351586 0.0
0.0010043825 -0.000566470437 0.0
0.000890736177 -0.000443920202 0.0
0.000277489569 -0.000333712349 0.0
0.000214571512 -0.0014250027 0.0
0.00193108071 -0.000289317279 0.0
0.00128836068 -0.000992775895 0.0
0.000685392821 -0.000885377754 0.0
-0.000201051924 -0.0010320216 0.0
0.000873648387 -0.000739907089 0.0
0.000981480465 -0.000606251007 0.0
0.000749771425 -0.000516981876 0.0
0.00178485841 -0.000897731516 0.0
0.00179751799 -0.0009476181 0.0
0.000643951062 -0.000295956823 0.0
0.00180745521 4.88930418e-05 0.0
5.18773504e-06 -0.000194711145 0.0
0.000950057642 -0.000715549453 0.0
0.000183370212 -0.000146403545 0.0
0.0015918765 -0.000780083938 0.0
0.00113446545 -0.000838974549 0.0
0.000836713123 -0.00132976915 0.0
0.00175079959 -0.000625764544 0.0
0.00187960907 -0.000145091166 0.0
0.00100292638 -0.00145625311 0.0
0.00193512836 -0.000433018606 0.0
0.000495863613 -0.00121099583 0.0
0.00159154134 -0.000771927065 0.0
0.000596967468 -0.000235828775 0.0
0.000952657254 -0.000681046455 0.0
0.00102913089 -0.000400217687 0.0
0.00127065822 -0.00114381872 0.0
0.0014213667 -0.00111416786 0.0
0.00151406846 -0.00129760138 0.0
0.000928278489 -0.000746549806 0.0
0.000959325349 -0.000650662754 0.0
0.000850788085 -9.2149101e-05 0.0
0.000469358056 -0.000360827515 0.0
0.00109390554 -0.000554491475 0.0
0.000729268242 -0.00120785856 0.0
0.000700455974 -0.000136605639 0.0
0.000941074919 -0.000686303189 0.0
0.000389005116 -0.00073926762 0.0
0.00175102591 -0.000322806678 0.0
0.000505455188 -0.000333541771 0.0
0.0019244086 -0.000619761297 0.0
0.000755927642 -0.000790736987 0.0
0.000178015092 -0.00104000687 0.0
0.00104493892 -0.000868346251 0.0
0.00187993236 -0.000369467918 0.0
0.000178212984 -0.000410019711 0.0
0.000799318892 -0.00153100828 0.0
0.000608679664 -0.00098454149 0.0
0.000730670174 -0.00084622571 0.0
0.00105679256 -0.00111888547 0.0
0.00173791661 1.2158398e-05 0.0
0.000202062249 -0.000693800801 0.0
0.00031486302 -0.000605378358 0.0
0.000222315241 -0.000229024343 0.0
0.00024215068 -0.00112742023 0.0
0.00029272947 -0.000517052074 0.0
0.0011315411 -0.00110869901 0.0
0.000289454416 -0.000519634341 0.0
0.000719003787 -0.00139211596 0.0
0.0017104696 -2.5173992e-07 0.0
0.000657440338 -0.000913406722 0.0
0.0011395663 -0.00132592965 0.0
0.00147106382 -0.000943271618 0.0
-9.38570738e-05 -0.000823967566 0.0
0.000917042256 -0.00119864626 0.0
0.000792209001 -0.000529175275 0.0
0.000950929825 -0.00107637071 0.0
0.000350774935 -0.000471443665 0.0
0.00100260344 -0.000501526578 0.0
0.00131753995 -0.000247429387 0.0
0.00174231955 2.29472371e-05 0.0
0.00131372875 -0.000410808309 0.0
0.0005450155 -0.00131266902 0.0
0.00022582052 -0.000320627936 0.0
0.00130202866 -0.00120403897 0.0
0.000961670012 -0.00100888114 0.0
0.00111960189 -0.000788378529 0.0
0.000760485127 -8.28864358e-05 0.0
0.00165978668 -0.000831459474 0.0
0.00131946662 -0.00121282029 0.0
0.00178454397 -0.00099821121 0.0
0.000458370661 -0.000698702701 0.0
0.00105300103 -0.000512348663 0.0
0.000236971784 -0.000178463204 0.0
0.001539708 4.73907312e-05 0.0
0.000881612359 -0.000124028098 0.0
0.00132383301 -0.000327873335 0.0
0.00100095081 -0.000953918381 0.0
0.000612031668 -0.000237135842 0.0
0.000586177397 -0.000375032338 0.0
0.00173573289 -0.000408395106 0.0
0.000488377758 -0.00102922798 0.0
0.000950505666 -0.000368942099 0.0
0.00121532287 -0.000439824566 0.0
0.000623075466 -0.00102326018 0.0
0.00095718744 -0.00060201576 0.0
0.000789262529 -0.000776292931 0.0
0.000997509109 -0.000237382526 0.0
8.42865047e-05 -0.000817438355 0.0
0.00106641452 -0.00109392568 0.0
0.000382655737 -0.000451083208 0.0
0.000717573625 -0.000126768835 0.0
0.000280377688 -0.000540818903 0.0
0.00144754665 -0.0013440036 0.0
0.0014153088 -0.00126273849 0.0
6.78594515e-05 -0.000316743273 0.0
0.00153951149 -0.000126492392 0.0
0.00061503239 -0.000236664229 0.0
0.00177774753 -0.000924645166 0.0
0.00144371239 -0.00115954503 0.0
0.00037718055 -0.000417676143 0.0
0.000661527039 -0.000897884893 0.0
0.000382039812 -0.0011206757 0.0
0.00174173305 -0.000713448855 0.0
9.31066606e-05 -0.0001955771 0.0
0.00183931005 -0.000404343155 0.0
0.000900568906 -0.000188318285 0.0
0.000767449674 -0.000804172771 0.0
0.00163492234 -0.00117011485 0.0
0.00114284875 -0.000512990053 0.0
0.00137170858 -0.000308012968 0.0
0.00183449918 -0.000329745933 0.0
0.000695404771 -0.000862653833 0.0
5.87653194e-05 -0.000240453752 0.0
0.00158814574 4.3452048e-05 0.0
0.00130343949 -0.00108198402 0.0
0.000708890206 -0.000860803935 0.0
0.00165707117 -1.15232897e-05 0.0
0.000903235981 -0.000725676073 0.0
0.00120403862 -0.000388026761 0.0
0.000883904868 -0.000802795461 0.0
0.00170846807 1.27640797e-05 0.0
0.00122526824 -0.00038125561 0.0
0.000343336695 -0.00118202285 0.0
0.00129878707 -0.00113446836 0.0
0.00131491339 -0.0010427594 0.0
0.000976863899 -0.00068076601 0.0
0.000833630736 -0.000891784264 0.0
1.14539944e-05 -0.000153429603 0.0
0.000960861915 -0.000704585575 0.0
0.00114356703 -0.000469643535 0.0
0.000533324084 -0.000293106568 0.0
0.000247353833 -0.000625737535 0.0
0.000451175903 -0.000508908473 0.0
0.00118560484 -0.00109465397 0.0
0.00119180128 -0.00113968924 0.0
-0.000268282864 -0.0011545585 0.0
0.000403539161 -0.000425328442 0.0
0.000931384508 -0.00074264541 0.0
0.00115483429 -0.000159741627 0.0
0.0011387862 -0.000448246923 0.0
0.000131542751 -0.00111397519 0.0
0.00173820346 -0.000794654537 0.0
0.00104178255 -0.000605620269 0.0
0.000775577442 -0.00077340327 0.0
0.00167117117 -7.43603159e-05 0.0
0.00034686501 -0.000876339211 0.0
0.000556342653 -0.00108626194 0.0
0.000360664766 -0.000263159716 0.0
0.00145424809 0.000121998652 0.0
0.0016602095 -1.75159767e-05 0.0
0.00124551228 -0.000696945819 0.0
0.000218954607 -0.000503695454 0.0
0.00140671467 -0.00105923344 0.0
-6.24699751e-05 -0.000978071126 0.0
0.000964976905 -0.00070296583 0.0
0.000900653598 -0.000802881841 0.0
0.00143795717 -0.00062080397 0.0
0.000471902516 -0.000410540059 0.0
0.00138229225 -0.000187580998 0.0
0.00118780253 -0.00087388017 0.0
0.000568801188 -0.00108183362 0.0
0.00123462395 -0.000367874018 0.0
0.00114445877 -0.000487055513 0.0
0.00030820485 -0.000586990151 0.0
0.00184678973 3.28387032e-05 0.0
0.000214650543 -0.000532032165 0.0
0.00156234333 -0.000862571876 0.0
0.000246967276 -0.00131232338 0.0
-5.19768291e-05 -0.00144548004 0.0
0.00144508271 -0.000298334373 0.0
0.0011315943 -0.00046537703 0.0
0.00138885214 -5.89494666e-05 0.0
-1.2583333e-05 -0.00121472881 0.0
0.000902509375 -0.00070103677 0.0
0.000458671158 -0.000896907237 0.0
-0.000247274846 -0.00108993822 0.0
7.48609018e-05 -0.000809243007 0.0
0.00177678152 4.35516569e-07 0.0
0.00147110387 -0.00109500135 0.0
0.000119761105 -0.000340203987 0.0
0.00119220116 -0.000438253133 0.0
0.000442311954 -0.000359798665 0.0
0.00167461799 -0.00127968844 0.0
0.000878253952 -0.000735265377 0.0
0.00103194558 -0.000580248074 0.0
0.00160718942 1.38835057e-05 0.0
0.00181812583 -0.000102266124 0.0
0.000205797798 -0.000493069994 0.0
0.00155270391 -0.000215261665 0.0
0.00121374556 -0.00114316586 0.0
0.00159242621 -2.20304828e-05 0.0
0.00125030545 -0.000841174158 0.0
0.00112801569 -0.000468463841 0.0
0.000108211374 -0.000408029562 0.0
0.00145273772 -0.000991959125 0.0
0.00178985973 -0.000221888637 0.0
0.00049302401 -0.00114201393 0.0
0.0013319694 -0.0011132767 0.0
0.000874261896 -0.000810267462 0.0
-0.000105572588 -0.00136383309 0.0
0.000873615441 -0.000656233286 0.0
0.000513180217 -0.000330998475 0.0
0.000806643744 -0.00127714523 0.0
0.000559407694 -0.000968979439 0.0
0.00140949094 -0.000170393163 0.0
0.000386598607 -0.000677088741 0.0
0.000854097074 -0.000446233607 0.0
0.00162059756 -3.17389276e-05 0.0
0.00136289455 -0.00124594476 0.0
0.00167435117 -0.00100559404 0.0
0.00143208657 -0.0010899835 0.0
0.00162795186 -0.000640116574 0.0
-4.50163825e-05 -0.0013537968 0.0
4.9173439e-05 -0.000866396877 0.0
0.00139037159 -0.00129563385 0.0
0.00179992046 -0.00104485371 0.0
0.00149154931 -0.000664416642 0.0
0.00046228728 -0.00104247255 0.0
0.00147345057 -0.00131163513 0.0
0.00173834676 -0.00133452564 0.0
0.000897495833 -0.000722279947 0.0
0.000211377119 -0.00147478853 0.0
0.00123152975 -0.00037078734 0.0
0.00140242686 -0.00106541533 0.0
9.92934147e-05 -0.000227903161 0.0
0.000318282924 -0.000498375623 0.0
0.00154310709 -0.00117919245 0.0
0.000604377128 -0.000966513529 0.0
0.00167486165 -0.000158448413 0.0
0.000694958901 -0.000132083966 0.0
0.000293321151 -0.00122440734 0.0
0.00184984261 -0.000491239422 0.0
2.75246621e-05 -0.000353781215 0.0
0.000599393679 -0.000975627452 0.0
0.00167890987 -2.24251926e-06 0.0
0.000377275457 -0.0012895338 0.0
0.000226548218 -0.0013807409 0.0
0.000835491519 -0.000938696845 0.0
0.00105401012 -0.000550135679 0.0
0.00140850747 -0.00101643871 0.0
0.00121677155 -0.000205780525 0.0
3.43413849e-05 -8.33100203e-05 0.0
0.00117600022 -0.00102148519 0.0
0.00150401972 -0.00113293761 0.0
0.00174201408 -8.41672954e-05 0.0
0.000517259235 -0.0011838302 0.0
0.000105226834 -0.00041569586 0.0
0.00129374012 -0.000238116467 0.0
0.000601426524 -0.00048116158 0.0
0.00132356724 -0.000549236487 0.0
0.00115768635 -0.000315512822 0.0
0.00118667353 -0.00112694106 0.0
0.000896434125 -0.000773027015 0.0
0.000221085036 -0.00133913371 0.0
0.000829634955 -0.000727673061 0.0
0.000489526661 -0.00122391421 0.0
0.000754571345 -0.000801349583 0.0
0.000817057968 -7.38800809e-05 0.0
0.00088480144 -0.000749832543 0.0
0.000166758953 -0.00147060864 0.0
0.00121001387 -0.000344569096 0.0
0.000533942366 -0.00081347418 0.0
0.000627552508 -0.000926022069 0.0
0.000894666649 -0.000808103767 0.0
0.000132829518 -0.000170275453 0.0
0.00058450771 -0.000243935734 0.0
