5.21348957e-05 -0.000223109746 0.0
3.94813032e-05 -0.000285454385 0.0
-0.000411845365 -0.000228476289 0.0
-0.000365011714 -0.000221664639 0.0
-0.000375575386 -0.000197725967 0.0
0.000203265983 -0.000221664639 0.0
0.000156432332 -0.000228476289 0.0
-0.000468495942 -0.000310812233 0.0
-0.000482311501 -0.00039112402 0.0
-0.000405738625 -0.000345132925 0.0
5.61847373e-05 -6.00923813e-05 0.0
7.00003075e-05 2.02194096e-05 0.0
-0.000309149997 -0.000302574947 0.0
-0.000322101201 -0.00032173068 0.0
-0.000283527828 -0.000303116656 0.0
0.000216395056 9.30096121e-06 0.0
0.00022934626 2.84567159e-05 0.0
0.00042667138 4.95245422e-06 0.0
0.00040990577 -9.04905028e-05 0.0
6.29779897e-05 -0.000264558737 0.0
1.62751094e-05 -0.000272047822 0.0
2.02417141e-05 -0.000325708475 0.0
-0.000552002573 -0.000272047822 0.0
-0.000505299715 -0.000264558737 0.0
-0.000292690267 -0.000238415058 0.0
-0.00030629721 -0.000305776048 0.0
-0.000101037738 -0.000277814281 0.0
-0.000122313111 -0.000346819405 0.0
9.55989526e-05 -0.000109094042 0.0
7.7202516e-05 -0.000140357384 0.0
-0.000104595645 -0.000108645712 0.0
-6.12449439e-05 -0.000104133345 0.0
-6.32860028e-05 -4.74616172e-05 0.0
0.000507032732 -0.000104133345 0.0
0.000463682052 -0.000108645712 0.0
-0.000207473262 -0.000104210667 0.0
-0.000228690944 -0.000174478322 0.0
1.62928409e-05 -5.6694691e-05 0.0
-5.00351962e-06 -7.80180562e-05 0.0
1.3200407e-05 -0.000134288523 0.0
-6.65615971e-06 -0.00017045885 0.0
0.000179526149 -0.000189808576 0.0
0.000162588243 -0.000191523999 0.0
-0.000100149438 -0.000157130111 0.0
-0.000123998252 -0.000226594915 0.0
0.000178715214 -0.000135152892 0.0
0.00015886403 -0.000176085145 0.0
-0.000538496242 -0.000331031653 0.0
0.0 0.0 0.0
0.000568277726 0.0 0.0
2.97814495e-05 -0.000331031653 0.0
4.06899781e-05 -0.000225744923 0.0
3.03444012e-05 -0.00023025852 0.0
2.15096625e-05 -0.000235674539 0.0
1.43096149e-05 -0.000241794784 0.0
9.11539246e-06 -0.000249982317 0.0
5.75571175e-06 -0.000259614433 0.0
5.67575944e-06 -0.000268985896 0.0
8.66417395e-06 -0.00027640973 0.0
1.39588446e-05 -0.000281651126 0.0
2.12280029e-05 -0.000284624053 0.0
2.98676678e-05 -0.000286054739 0.0
4.94821361e-05 -0.000282502326 0.0
5.89910051e-05 -0.000278082269 0.0
6.7347275e-05 -0.000272517442 0.0
7.42755437e-05 -0.00026667834 0.0
7.96475651e-05 -0.000260021508 0.0
8.35625542e-05 -0.000252596394 0.0
8.52992453e-05 -0.000244487223 0.0
8.46580588e-05 -0.000237119209 0.0
8.0626909e-05 -0.000231435683 0.0
7.39957832e-05 -0.00022624516 0.0
6.39444843e-05 -0.000223313022 0.0
-0.000360645761 -0.000218133544 0.0
-0.000357369339 -0.000212007217 0.0
-0.000356663106 -0.000205595163 0.0
-0.000358091056 -0.000200703231 0.0
-0.000361329352 -0.000198048889 0.0
-0.00036543078 -0.000196749665 0.0
-0.000370260037 -0.000196940993 0.0
-0.000381256774 -0.000199502712 0.0
-0.00038744288 -0.000202175841 0.0
-0.000393967115 -0.000205797376 0.0
-0.000400042656 -0.000209972321 0.0
-0.000405132887 -0.000214266198 0.0
-0.000409292057 -0.000218380141 0.0
-0.000411543966 -0.000223446172 0.0
0.000159151721 -0.000232944993 0.0
0.000164359531 -0.000236297594 0.0
0.000171085267 -0.000237314132 0.0
0.000178073547 -0.000236622669 0.0
0.000184687364 -0.000233932267 0.0
0.000190415201 -0.000230375721 0.0
0.000194799024 -0.000227253928 0.0
0.000199243164 -0.000223980474 0.0
-0.000471286796 -0.000391854992 0.0
-0.000459959876 -0.000390618137 0.0
-0.000448460283 -0.000387142267 0.0
-0.000437134586 -0.000381440273 0.0
-0.000426556653 -0.000373799354 0.0
-0.000417253294 -0.000364980457 0.0
-0.000409829547 -0.000355411496 0.0
-0.000404528226 -0.000334505574 0.0
-0.00040691506 -0.000324741588 0.0
-0.000412204914 -0.000316352351 0.0
-0.000420126657 -0.000309638388 0.0
-0.000429536041 -0.0003057578 0.0
-0.000441067095 -0.000304757152 0.0
-0.00045431804 -0.000306327885 0.0
5.65482187e-05 1.32483492e-05 0.0
4.52112326e-05 4.76808918e-06 0.0
3.647841e-05 -4.43531417e-06 0.0
3.05080866e-05 -1.34523489e-05 0.0
2.7651693e-05 -2.43904051e-05 0.0
2.76095816e-05 -3.54258445e-05 0.0
3.12250122e-05 -4.48909122e-05 0.0
3.78754048e-05 -5.2262003e-05 0.0
4.63613687e-05 -5.72104582e-05 0.0
-0.00031935185 -0.000322418491 0.0
-0.000315526908 -0.000321863743 0.0
-0.000310562697 -0.000320077903 0.0
-0.000304185232 -0.000316803635 0.0
-0.000298215367 -0.00031288006 0.0
-0.000292956625 -0.000308350078 0.0
-0.000289037736 -0.000304800953 0.0
-0.000286130409 -0.000303822657 0.0
-0.00028135287 -0.000301551307 0.0
-0.00028018927 -0.00029957309 0.0
-0.000280216569 -0.000297812076 0.0
-0.000281487359 -0.00029648692 0.0
-0.000284460577 -0.000296055136 0.0
-0.000289239455 -0.000296363811 0.0
-0.000295587291 -0.000297902821 0.0
-0.000302482047 -0.000299768144 0.0
0.000223245588 2.49804416e-05 0.0
0.000218254616 2.13125404e-05 0.0
0.000215004984 1.78561513e-05 0.0
0.000213843261 1.42569206e-05 0.0
0.00021457953 1.13002525e-05 0.0
0.000413210335 3.28898454e-06 0.0
0.000399510405 -1.71343629e-06 0.0
0.000386838656 -9.78146727e-06 0.0
0.000375220377 -1.94539134e-05 0.0
0.000365859247 -3.13127821e-05 0.0
0.000360739417 -4.46722515e-05 0.0
0.000358618301 -5.96723767e-05 0.0
0.000362432038 -7.12753099e-05 0.0
0.0003703564 -8.10026395e-05 0.0
0.000381727965 -8.7687833e-05 0.0
0.000395422452 -9.09269729e-05 0.0
0.000424675003 -8.70992953e-05 0.0
0.000438523741 -8.06297103e-05 0.0
0.000450542197 -7.18263836e-05 0.0
0.000460039941 -6.08363698e-05 0.0
0.000466766709 -4.77693793e-05 0.0
0.00047003472 -3.3927754e-05 0.0
0.000469568098 -2.15257733e-05 0.0
0.000465835736 -1.15414923e-05 0.0
0.000458789029 -4.28379917e-06 0.0
0.000449537562 7.70011411e-07 0.0
0.000438654592 3.97096073e-06 0.0
8.14049145e-06 -0.000278368068 0.0
1.31740535e-06 -0.000286178343 0.0
-3.64468247e-06 -0.000295305043 0.0
-6.32507363e-06 -0.000304844842 0.0
-6.65246944e-06 -0.000312831544 0.0
-4.54058909e-06 -0.000318774313 0.0
-8.58559645e-07 -0.000322564767 0.0
4.11543169e-06 -0.000324999361 0.0
1.08920358e-05 -0.000326068723 0.0
3.15066973e-05 -0.000323182641 0.0
4.29084066e-05 -0.000318976905 0.0
5.28471173e-05 -0.000313390308 0.0
6.09733579e-05 -0.000307038747 0.0
6.68974608e-05 -0.000299954991 0.0
7.15546703e-05 -0.000292394747 0.0
7.37338632e-05 -0.000284480513 0.0
7.35963113e-05 -0.000276302075 0.0
6.98276126e-05 -0.000269749231 0.0
-0.00051292812 -0.000261879672 0.0
-0.000520894071 -0.000261107314 0.0
-0.000528761186 -0.000261933543 0.0
-0.000536519859 -0.000264396949 0.0
-0.000544262584 -0.000267771684 0.0
-0.000302764063 -0.000241964241 0.0
-0.000312260701 -0.000247850432 0.0
-0.000320682768 -0.000254205923 0.0
-0.000327002228 -0.000260264846 0.0
-0.000332075753 -0.000265276729 0.0
-0.000336461642 -0.000270199263 0.0
-0.00033951737 -0.000278002903 0.0
-0.000339654973 -0.000286707858 0.0
-0.000336629309 -0.000294441386 0.0
-0.000330658542 -0.000300713524 0.0
-0.0003228696 -0.000304725108 0.0
-0.0003147526 -0.000305879541 0.0
-0.000297683058 -0.00030374265 0.0
-0.000288739946 -0.000300106913 0.0
-0.000279550761 -0.000295205653 0.0
-0.000270771299 -0.000288665935 0.0
-0.000263353722 -0.000280523265 0.0
-0.000257794687 -0.000270761491 0.0
-0.000255762512 -0.000260502857 0.0
-0.000256838364 -0.000251647551 0.0
-0.00026060766 -0.00024522582 0.0
-0.000266678195 -0.000240859139 0.0
-0.00027416402 -0.000238156965 0.0
-0.000283022586 -0.000237245695 0.0
-0.000113585716 -0.000280798529 0.0
-0.000126120809 -0.000285913207 0.0
-0.000136835137 -0.000293170044 0.0
-0.000144662466 -0.000301608845 0.0
-0.000149947504 -0.000311094831 0.0
-0.000152129345 -0.000320852152 0.0
-0.000151347849 -0.000330048759 0.0
-0.000147746279 -0.000337762671 0.0
-0.000141683675 -0.00034342354 0.0
-0.000133211026 -0.000346258952 0.0
-0.000109944049 -0.000344367523 0.0
-9.76498195e-05 -0.000339860329 0.0
-8.648519e-05 -0.000332861644 0.0
-7.73016145e-05 -0.000323928572 0.0
-7.07652434e-05 -0.000312557735 0.0
-6.85971463e-05 -0.000301046763 0.0
-7.03056867e-05 -0.000291327626 0.0
-7.47697995e-05 -0.000284202397 0.0
-8.13991282e-05 -0.000279855856 0.0
-8.99869847e-05 -0.000277619314 0.0
9.04974513e-05 -0.000109690489 0.0
8.44609021e-05 -0.000111615482 0.0
7.73653301e-05 -0.000114569273 0.0
6.95164636e-05 -0.000120265744 0.0
6.35313554e-05 -0.000128313637 0.0
6.17489495e-05 -0.000134687944 0.0
6.23635351e-05 -0.000137987037 0.0
6.46943517e-05 -0.000139709577 0.0
6.75722258e-05 -0.000140408389 0.0
7.08041989e-05 -0.000140904507 0.0
7.39043098e-05 -0.000140868855 0.0
8.18526241e-05 -0.000139127704 0.0
8.76266349e-05 -0.000136451839 0.0
9.37698642e-05 -0.000133079957 0.0
9.95637383e-05 -0.000129010208 0.0
0.000104495281 -0.000124950879 0.0
0.000107971966 -0.000120942808 0.0
0.000109278168 -0.000116852469 0.0
0.000108601831 -0.00011342542 0.0
0.000106467254 -0.00011102869 0.0
0.000103337137 -0.000109407425 0.0
9.94855291e-05 -0.000108696673 0.0
-5.23674607e-05 -9.82537676e-05 0.0
-4.45811493e-05 -9.16796198e-05 0.0
-3.87901164e-05 -8.34592283e-05 0.0
-3.55394841e-05 -7.40420801e-05 0.0
-3.53730647e-05 -6.49166395e-05 0.0
-3.86989086e-05 -5.72580575e-05 0.0
-4.38847419e-05 -5.18942288e-05 0.0
-4.95333625e-05 -4.92954787e-05 0.0
-5.5421966e-05 -4.77841022e-05 0.0
-7.31767286e-05 -4.92858308e-05 0.0
-8.43478556e-05 -5.35251784e-05 0.0
-9.51557595e-05 -6.01305292e-05 0.0
-0.000104070583 -6.85220148e-05 0.0
-0.000111231231 -7.83039504e-05 0.0
-0.000114826064 -8.72546225e-05 0.0
-0.000115744428 -9.45012143e-05 0.0
-0.000114007242 -0.000100173973 0.0
-0.000110194764 -0.000105011437 0.0
0.000470639148 -0.000110879315 0.0
0.000478309899 -0.000111796646 0.0
0.000487299345 -0.000111359215 0.0
0.000497209025 -0.000109061286 0.0
-0.000217363646 -0.000105875086 0.0
-0.000227936936 -0.000110014662 0.0
-0.000238348934 -0.000116336756 0.0
-0.000247907446 -0.000124132319 0.0
-0.000255510793 -0.000133136229 0.0
-0.000260074914 -0.00014327078 0.0
-0.000261355017 -0.000153471279 0.0
-0.000259359513 -0.000161809381 0.0
-0.000255105639 -0.00016781436 0.0
-0.000248574652 -0.000172133368 0.0
-0.000239651359 -0.000174108631 0.0
-0.000216589484 -0.000172374537 0.0
-0.000204701093 -0.000167429607 0.0
-0.000193650994 -0.000160007141 0.0
-0.000184480697 -0.000150250416 0.0
-0.000177988273 -0.00013936621 0.0
-0.000174641071 -0.000129444437 0.0
-0.000174806788 -0.000121616424 0.0
-0.000178149348 -0.000115384202 0.0
-0.000183630633 -0.000110092631 0.0
-0.000190899387 -0.000106171297 0.0
-0.000198855938 -0.000104188788 0.0
1.26973464e-05 -5.81234162e-05 0.0
7.89625665e-06 -6.05305286e-05 0.0
2.7016531e-06 -6.32449228e-05 0.0
-2.16555759e-06 -6.64036925e-05 0.0
-6.250144e-06 -6.96479401e-05 0.0
-9.65365052e-06 -7.23156554e-05 0.0
-1.1649975e-05 -7.42616103e-05 0.0
-1.20914201e-05 -7.5798227e-05 0.0
-1.12345369e-05 -7.71157283e-05 0.0
-1.00598972e-05 -7.80587943e-05 0.0
-8.53763595e-06 -7.82630159e-05 0.0
8.38371989e-07 -7.67968158e-05 0.0
8.25418829e-06 -7.37674345e-05 0.0
1.52018238e-05 -6.99820521e-05 0.0
2.09675873e-05 -6.69212168e-05 0.0
2.47477692e-05 -6.43607782e-05 0.0
2.6544034e-05 -6.19896746e-05 0.0
2.70543514e-05 -5.92530851e-05 0.0
2.60934848e-05 -5.67027491e-05 0.0
2.4058596e-05 -5.51151825e-05 0.0
2.12584837e-05 -5.48737298e-05 0.0
1.8684068e-05 -5.56502928e-05 0.0
5.25859332e-06 -0.00013645427 0.0
-2.08800861e-06 -0.000139755939 0.0
-8.59748525e-06 -0.000143669953 0.0
-1.38306568e-05 -0.000147396975 0.0
-1.78018272e-05 -0.000151454093 0.0
-2.03421587e-05 -0.00015594397 0.0
-2.15315922e-05 -0.000160334326 0.0
-2.12104387e-05 -0.000164313853 0.0
-1.87643273e-05 -0.000166941201 0.0
-1.41070905e-05 -0.000169074759 0.0
3.21785751e-06 -0.000169343853 0.0
1.39351168e-05 -0.000165657955 0.0
2.34692998e-05 -0.00016040745 0.0
3.0964602e-05 -0.000152476685 0.0
3.53405085e-05 -0.000144344798 0.0
3.55277698e-05 -0.00013930173 0.0
3.39622857e-05 -0.00013745435 0.0
3.19768951e-05 -0.000136135408 0.0
2.75098282e-05 -0.000134809234 0.0
2.10015351e-05 -0.000134008835 0.0
0.000176537069 -0.000191108455 0.0
0.000173487642 -0.000192618565 0.0
0.000170851214 -0.000194053719 0.0
0.000167732374 -0.000194254593 0.0
0.000165076781 -0.000193036714 0.0
0.000161297387 -0.00019302695 0.0
0.000158092749 -0.000191978572 0.0
0.000155955611 -0.000191384941 0.0
0.000155243164 -0.000191069965 0.0
0.000155914808 -0.000192195672 0.0
0.000158925599 -0.000192510633 0.0
0.000165820136 -0.000188796286 0.0
0.000168467639 -0.00018505138 0.0
0.000170558866 -0.000180793562 0.0
0.000171855718 -0.000177244307 0.0
0.000172995671 -0.000178564384 0.0
0.000175224603 -0.000182231262 0.0
0.000178012255 -0.000184674922 0.0
0.000180707997 -0.000186005607 0.0
0.00018271702 -0.000186836347 0.0
0.000183308512 -0.000187821104 0.0
0.000182323274 -0.000188965001 0.0
-0.000112484253 -0.000158585579 0.0
-0.000125136125 -0.000162730707 0.0
-0.000136767456 -0.000169162464 0.0
-0.000146440245 -0.000177922891 0.0
-0.000153269328 -0.000188746504 0.0
-0.000157036091 -0.000200310169 0.0
-0.00015738119 -0.000210769766 0.0
-0.000153828121 -0.000218347937 0.0
-0.000148147359 -0.000223240073 0.0
-0.000140838893 -0.000226113698 0.0
-0.00013266824 -0.000227188415 0.0
-0.000114036811 -0.000223914234 0.0
-0.00010380608 -0.000218753688 0.0
-9.4089628e-05 -0.000211935228 0.0
-8.56752958e-05 -0.000203902309 0.0
-7.89337646e-05 -0.000195336368 0.0
-7.4426207e-05 -0.000186175195 0.0
-7.31100154e-05 -0.000178206421 0.0
-7.41958938e-05 -0.000171207197 0.0
-7.70755578e-05 -0.000165335776 0.0
-8.23748196e-05 -0.000161369157 0.0
-8.99480146e-05 -0.000158475159 0.0
0.000171098422 -0.000139028707 0.0
0.000163694684 -0.000144804639 0.0
0.000157657341 -0.000151310916 0.0
0.000154060064 -0.000158461669 0.0
0.000152266017 -0.000161464137 0.0
0.000149473111 -0.00016209748 0.0
0.000147015176 -0.000164161786 0.0
0.000144936072 -0.000166754413 0.0
0.000144344638 -0.000169134204 0.0
0.000145424667 -0.000171075808 0.0
0.000148542546 -0.000172991233 0.0
0.000153494402 -0.000174744346 0.0
0.000165245976 -0.000175726076 0.0
0.000172603744 -0.000174168541 0.0
0.000180531395 -0.000171166932 0.0
0.000188222883 -0.000167138482 0.0
0.000195716188 -0.000162488592 0.0
0.000200812981 -0.000156554015 0.0
0.00020392338 -0.000149895335 0.0
0.000204477445 -0.000143695259 0.0
0.000202374053 -0.000138502597 0.0
0.000198390335 -0.00013444596 0.0
0.000192527994 -0.000133175883 0.0
0.000185919343 -0.000133337555 0.0
-0.000525826006 -0.000318788516 0.0
-0.000530218938 -0.000301171065 0.0
-0.000374625495 -0.000215358334 0.0
-0.000363680127 -0.000206419878 0.0
-0.000319160143 -0.000186418707 0.0
-0.000272390636 -0.00016816573 0.0
-0.000250655605 -0.000156179696 0.0
-0.000243490125 -0.000147545259 0.0
-0.000242313734 -0.000137268347 0.0
-0.000232784427 -0.00013136027 0.0
-0.000203271135 -0.000126521714 0.0
-0.00015552956 -0.000120277866 0.0
-9.558491e-05 -5.53095015e-05 0.0
-8.84677938e-05 -3.9170347e-05 0.0
-6.22631487e-05 -2.46014333e-05 0.0
-2.82934379e-05 -1.27248977e-05 0.0
3.06672882e-05 -3.66926033e-05 0.0
0.000119894772 -2.89728287e-05 0.0
0.000163284276 -2.5748639e-05 0.0
0.000265665003 -1.70107742e-05 0.0
0.000293189747 -4.53973007e-05 0.0
0.000318188337 -3.86535939e-05 0.0
0.000343236345 -1.77619895e-05 0.0
0.000364501262 2.84211251e-06 0.0
0.000378163706 1.46143011e-05 0.0
0.000391889975 1.71160627e-05 0.0
0.000411174318 3.07280743e-06 0.0
0.00043108486 -2.27746259e-05 0.0
0.00044681615 -4.30326472e-05 0.0
0.000460003212 -4.49259314e-05 0.0
0.000473944267 -3.2559994e-05 0.0
0.000489200524 -1.47769497e-05 0.0
0.000505181612 4.47681214e-06 0.0
0.00052234577 2.02858246e-05 0.0
0.000541893125 2.13517505e-05 0.0
0.000539984263 -1.27248977e-05 0.0
0.000506014563 -2.46014333e-05 0.0
0.000479809911 -3.9170347e-05 0.0
0.000472692773 -5.53095015e-05 0.0
0.000412748137 -0.000120277866 0.0
0.000365006563 -0.000126521714 0.0
0.000335493271 -0.00013136027 0.0
0.000325963978 -0.000137268347 0.0
0.000324787572 -0.000147545259 0.0
0.000317622093 -0.000156179696 0.0
0.000295887061 -0.00016816573 0.0
0.000249117555 -0.000186418707 0.0
0.000204597571 -0.000206419878 0.0
0.000193652188 -0.000215358334 0.0
3.80587626e-05 -0.000301171065 0.0
4.24517166e-05 -0.000318788516 0.0
3.39685266e-06 -0.00030967989 0.0
-1.61504649e-05 -0.000310745818 0.0
-3.33146163e-05 -0.000326554844 0.0
-4.92957333e-05 -0.000345808599 0.0
-6.45519758e-05 -0.000363591651 0.0
-7.84930453e-05 -0.000375957577 0.0
-9.16801073e-05 -0.000374064286 0.0
-0.000107411397 -0.000353806274 0.0
-0.000127321939 -0.000327958842 0.0
-0.000146606282 -0.000313915574 0.0
-0.000160332536 -0.000316417339 0.0
-0.000173994995 -0.000328189548 0.0
-0.000195259898 -0.000348793634 0.0
-0.000220307906 -0.000369685236 0.0
-0.000245306524 -0.000376428943 0.0
-0.000272831239 -0.000348042435 0.0
-0.000375211966 -0.000356780278 0.0
-0.00041860147 -0.000360004487 0.0
-0.000507828954 -0.000367724249 0.0
-0.000120871278 -0.000223171257 0.0
0.000278983614 -5.52621859e-05 0.0
-0.000139613869 -0.000264607748 0.0
0.000248415163 -6.29954229e-05 0.0
-0.000146165228 -0.000196252367 0.0
-4.66486235e-05 -0.000190647203 0.0
-0.000203786665 -0.000260458852 0.0
0.000182957927 -5.6465331e-05 0.0
0.000186415491 -0.00021246048 0.0
0.000214079162 -0.000106452484 0.0
8.93571123e-05 -0.000214306507 0.0
-0.000265752722 -0.000215392152 0.0
0.000338267506 -9.61594706e-05 0.0
1.68380502e-05 -0.000131998924 0.0
0.000265147595 -0.000142732024 0.0
0.000370418711 -2.24293781e-05 0.0
-6.87610591e-05 -0.000255688268 0.0
0.000114177696 -2.66247516e-05 0.0
-0.000115065181 -0.00011768446 0.0
-0.000464238197 -0.000270929275 0.0
4.57450005e-05 -0.000137608396 0.0
-8.887492e-05 -0.000184913311 0.0
-0.000182185933 -0.000225082738 0.0
0.000321808329 -8.29088603e-05 0.0
9.52490736e-05 -0.000249709148 0.0
0.000209313876 -7.36389629e-05 0.0
0.000305585127 -3.18194579e-05 0.0
-8.09446065e-05 -0.000297424296 0.0
-0.000377268734 -0.000301100314 0.0
0.00025314698 -4.91557003e-05 0.0
-6.31695948e-05 -0.000122126934 0.0
-8.20536807e-05 -9.6829448e-05 0.0
-0.00017576167 -0.000270286633 0.0
0.000190313222 -8.49510034e-05 0.0
-2.14902775e-06 -0.000188947466 0.0
7.6657916e-06 -0.000139712967 0.0
-0.000107378561 -9.75056028e-05 0.0
-0.000198892172 -0.0002704832 0.0
-2.30712449e-05 -0.000232059232 0.0
-0.000172466971 -0.000191807951 0.0
5.84059126e-05 -0.000225162454 0.0
-0.0001129105 -0.000190254374 0.0
-0.000145736791 -0.000248114142 0.0
0.000111332527 -4.61037707e-05 0.0
-0.000114452901 -0.000200597569 0.0
0.000279860018 -0.000130338347 0.0
0.000112704671 -1.69129798e-05 0.0
0.000265065755 -0.000149906977 0.0
0.000117566757 -7.7587174e-05 0.0
-0.000283903326 -0.000160487543 0.0
-0.0002566982 -0.000283172179 0.0
-0.000319348794 -0.000234708394 0.0
0.000346996967 -9.88294232e-06 0.0
7.08386142e-05 -0.000192037274 0.0
0.000152738809 -0.00012061336 0.0
-2.0716936e-05 -6.98593794e-05 0.0
4.98247791e-05 -0.000142158446 0.0
-0.000202525072 -0.00019416245 0.0
0.00040804944 -3.02093686e-05 0.0
0.000318001315 -0.000123544654 0.0
0.000194920009 -8.21395297e-05 0.0
0.000288056879 -4.72740358e-05 0.0
-2.4115423e-05 -0.000145108686 0.0
3.98504562e-05 -0.000118049385 0.0
0.000251638266 -0.000124546859 0.0
0.000262312707 -5.42829948e-05 0.0
6.51615846e-05 -7.3996991e-05 0.0
7.78981048e-05 -4.93881671e-05 0.0
-7.61109986e-05 -0.000356911856 0.0
0.000218378191 -0.00016902457 0.0
0.000109136636 -2.87896237e-05 0.0
-0.000205051911 -0.000209172766 0.0
0.00040772694 -7.65616278e-05 0.0
0.000377010467 -5.75993072e-05 0.0
-0.000233494924 -0.000260670058 0.0
0.00029512652 -6.43179374e-05 0.0
0.000169799256 -8.89261064e-05 0.0
-0.000125802311 -0.000291444652 0.0
-0.000342516985 -0.000281016837 0.0
-0.000241088899 -0.000250607933 0.0
0.000119065437 -0.000225246244 0.0
-7.45786456e-05 -0.000213755149 0.0
-0.000191881205 -0.000129140928 0.0
0.000133396621 -0.000183151977 0.0
0.000176558024 -1.01794667e-05 0.0
-2.53774033e-06 -0.000248221564 0.0
-5.16323234e-05 -0.000169867475 0.0
-0.000486096455 -0.000297742517 0.0
0.000134312213 -0.00025518352 0.0
6.04573252e-05 -0.000273231737 0.0
0.000233354789 -2.66166462e-05 0.0
1.70289059e-05 -0.000196688168 0.0
-6.32217007e-06 -2.19160465e-05 0.0
-6.12242638e-06 -0.000209144404 0.0
-0.000146259074 -0.000133504815 0.0
3.75417221e-05 -0.000207478122 0.0
-7.34777568e-05 -0.000183034106 0.0
-0.000168686849 -0.000235922242 0.0
0.000245549192 -7.19800009e-05 0.0
-3.54476688e-05 -0.000285558985 0.0
3.34509923e-06 -0.000106840103 0.0
0.000151958651 -9.54030984e-05 0.0
0.000176332978 -0.000206228156 0.0
-4.77946605e-06 -0.00014376457 0.0
-0.000470373285 -0.000244549592 0.0
0.000150925247 -0.000218678833 0.0
4.29570828e-05 -0.000140593111 0.0
0.000194848166 -0.000143897094 0.0
-5.95896745e-05 -0.00031091852 0.0
0.00046240451 -6.75838819e-05 0.0
0.000334945536 -4.49569088e-05 0.0
-0.000360923441 -0.000270064804 0.0
-0.000363987521 -0.000328758993 0.0
-0.000417158328 -0.000327746908 0.0
-0.000405842089 -0.000255639985 0.0
-0.000229379075 -0.000370481837 0.0
-7.18034353e-05 -0.000102871127 0.0
-0.000100568097 -0.000270562392 0.0
0.000188317455 -0.000208591373 0.0
9.13433687e-05 -0.000227452401 0.0
-0.000311997865 -0.00018856641 0.0
-0.000104842737 -9.62025006e-05 0.0
-1.31208408e-05 -0.00013930464 0.0
-0.000139546566 -0.000212569808 0.0
0.000385229825 -0.000105508487 0.0
5.24064308e-05 -0.000203145668 0.0
0.000111325578 -0.000133108333 0.0
-0.00021084951 -0.000273146958 0.0
-0.000188589518 -0.000277593441 0.0
0.000186383724 -0.000209688485 0.0
4.92489016e-05 -0.000137679366 0.0
-0.000106428968 -0.000238427718 0.0
-0.00013543111 -0.000182755975 0.0
0.000303583976 -0.000133380643 0.0
-9.64566352e-05 -0.000150423817 0.0
-8.7452092e-05 -0.000191101572 0.0
-1.72582368e-05 -0.000265741692 0.0
-0.000146035309 -0.000104082705 0.0
0.000218039597 -0.000148254621 0.0
-0.000234328516 -0.000284084032 0.0
0.000389560097 -6.47795787e-06 0.0
0.000344823406 -0.000100506666 0.0
8.72220262e-05 -0.00024645793 0.0
-7.48158782e-05 -9.4628158e-05 0.0
0.00031426546 -3.06749353e-05 0.0
6.36825062e-05 -3.39657599e-05 0.0
-5.4719625e-05 -9.0622998e-05 0.0
0.000292159122 -0.00013312792 0.0
0.000402195466 -4.82084906e-05 0.0
0.000228300414 -6.77055141e-05 0.0
0.000448970299 -4.39768555e-05 0.0
0.000285239395 -4.98482696e-05 0.0
0.00026039267 -9.11099851e-05 0.0
0.000278090272 -0.000146141145 0.0
0.000158903596 1.66468439e-07 0.0
6.28580674e-05 -0.000180809919 0.0
-0.00012514909 -9.86899104e-05 0.0
-0.000283058413 -0.000258332322 0.0
4.97085784e-05 -4.86237004e-05 0.0
-7.06036226e-05 -9.37754739e-05 0.0
-0.000380693877 -0.000346693298 0.0
-0.000186182209 -0.000199325237 0.0
-0.000200379509 -0.000238042863 0.0
-0.000115439245 -0.000192452761 0.0
0.000493298052 3.23354334e-06 0.0
-6.15104364e-05 -0.000171412306 0.0
-6.99981319e-05 -0.000366674241 0.0
-0.000300620391 -0.000158912357 0.0
-0.000160535914 -0.000319722545 0.0
1.83474913e-05 -0.000263881229 0.0
-1.96144629e-05 -9.15259225e-05 0.0
-0.000168179773 -0.000121018609 0.0
4.2820142e-05 -0.000272363133 0.0
-0.000500187743 -0.000301938067 0.0
-0.000245399046 -0.000229884841 0.0
0.000160972791 -8.83306129e-05 0.0
-6.37652556e-05 -0.000233136176 0.0
0.000364123087 -4.11882611e-05 0.0
-0.000176851536 -0.000259042252 0.0
0.000111539513 -4.69001607e-05 0.0
-0.000330485724 -0.000240557682 0.0
-0.000498107227 -0.000325957371 0.0
-2.69925258e-05 -0.000164662153 0.0
1.80204623e-07 -4.71089334e-05 0.0
-0.000277503626 -0.000294321042 0.0
1.20164877e-05 -2.96790222e-05 0.0
-0.000496488879 -0.000348195317 0.0
8.58519488e-05 -0.000281243934 0.0
-0.000107221495 -0.000329492381 0.0
-0.000336484023 -0.000268433389 0.0
0.000335938792 -1.20928453e-05 0.0
-0.000304647285 -0.000287947507 0.0
0.000250398851 -0.000102664308 0.0
-0.000334165816 -0.000210485392 0.0
0.000224049159 -0.000170751839 0.0
-9.1200709e-05 -0.000315866608 0.0
6.17190672e-05 -0.000250437501 0.0
0.000106371459 -0.000187816986 0.0
-0.000494174426 -0.00026517795 0.0
-0.000243230883 -0.000147502782 0.0
-0.000171392894 -0.000206910467 0.0
0.000230118196 -6.8012363e-05 0.0
0.000431004941 -4.12558802e-05 0.0
6.02626606e-05 -0.000128383021 0.0
0.000276471692 -4.8768452e-05 0.0
-0.000172424625 -0.000265707553 0.0
-0.000377511518 -0.000256093073 0.0
2.6519152e-05 -0.000149140789 0.0
-0.000226383738 -0.000264234754 0.0
0.000255977036 -2.72975649e-05 0.0
-0.000216373228 -0.000350773189 0.0
0.000317350437 -2.78590378e-05 0.0
-8.38936394e-05 -0.000188419668 0.0
0.000137881565 -0.000125162202 0.0
-0.000449093495 -0.000326112233 0.0
0.000143335652 -0.000196822206 0.0
-0.000119133874 -0.000254819897 0.0
0.000217556095 -5.19753557e-05 0.0
0.000262677757 -5.72586978e-05 0.0
0.000246907061 -6.21036233e-05 0.0
0.000146686827 -4.52941313e-05 0.0
-0.000176205533 -0.000127069899 0.0
-0.000221837137 -0.000210256258 0.0
-0.000429092295 -0.000234073537 0.0
-5.21457259e-05 -0.000351125724 0.0
0.000140972159 -0.000102018639 0.0
0.000249640143 -0.000115275441 0.0
-5.26015247e-05 -6.56110788e-05 0.0
-0.000124367914 -9.9508281e-05 0.0
2.11713195e-05 -0.000296286307 0.0
-0.000339603575 -0.000310096162 0.0
-2.45971041e-05 -0.000298026309 0.0
2.25064196e-05 -0.000230976628 0.0
0.000442876335 -8.69756404e-05 0.0
0.00010277961 -0.000143252691 0.0
-0.000270804972 -0.000261186477 0.0
0.000215555963 -7.5381693e-05 0.0
-0.000201266404 -0.000295115111 0.0
-6.04376728e-05 -0.000163588658 0.0
-8.51854281e-07 -7.46089063e-05 0.0
-9.98691903e-05 -0.000190374965 0.0
4.72064276e-05 -0.000141619254 0.0
0.000376624201 -7.97859902e-05 0.0
-0.000496010762 -0.000319849263 0.0
0.000158964162 -1.92205043e-05 0.0
3.69092522e-05 -0.000150944383 0.0
-0.000366157183 -0.000288573705 0.0
0.000344768108 -2.59514527e-05 0.0
-0.000119975979 -0.000279643951 0.0
8.86616035e-05 -2.85143451e-05 0.0
-1.82461881e-05 -0.000260128872 0.0
0.000150221938 -0.00010434576 0.0
0.000301668304 -6.25050016e-05 0.0
0.000265528972 -8.09240009e-05 0.0
-0.000332095398 -0.000278339867 0.0
-3.11993208e-05 -0.000157034374 0.0
-0.000138901407 -0.000292349345 0.0
6.82589598e-05 -0.000247643969 0.0
3.43658176e-05 -2.52384561e-05 0.0
-0.000180290677 -0.000188199003 0.0
-0.000151838583 -0.000311172305 0.0
-3.43638603e-05 -5.79981024e-05 0.0
0.000371911621 4.63899687e-06 0.0
0.000135727198 -0.000259520923 0.0
0.000130078144 -0.000222847724 0.0
0.000150866254 -0.000169744395 0.0
-0.000219599096 -0.00027556016 0.0
8.57229825e-05 -5.37671331e-05 0.0
-8.26748219e-05 -8.47082774e-05 0.0
4.96077191e-05 -0.000109678651 0.0
-0.00039350256 -0.000331278745 0.0
-0.000209640304 -0.000322614826 0.0
0.00036144472 -0.000120312441 0.0
-9.95446244e-05 -0.000207872887 0.0
-0.0002127396 -0.000138227624 0.0
-0.000165493257 -0.000330024515 0.0
-0.000363645493 -0.000308573013 0.0
-1.07675705e-05 -0.000162422497 0.0
-0.000204894983 -0.000247106975 0.0
6.41350998e-05 -0.000158443261 0.0
9.18320438e-05 -0.000101222104 0.0
-3.63222789e-05 -6.58607314e-05 0.0
-0.00036275154 -0.000329714472 0.0
0.000435116322 -0.000106267253 0.0
1.31607312e-05 -0.000248171855 0.0
-0.000150967229 -0.000191151106 0.0
-0.000473755616 -0.000239714544 0.0
2.23204443e-05 -0.000101195859 0.0
4.82679861e-05 -0.000135074559 0.0
4.64947007e-05 -9.78109165e-05 0.0
0.000177139184 -0.000207322591 0.0
0.000170816653 -0.000216644039 0.0
4.90167295e-05 -7.59726609e-05 0.0
0.000505916541 1.25892475e-05 0.0
-7.31726177e-05 -7.19692325e-05 0.0
-3.01636774e-05 -0.00018053806 0.0
-4.65518224e-06 -2.86361919e-05 0.0
0.000186905338 -0.000176563073 0.0
4.15405011e-05 -0.000229031459 0.0
-0.000236042484 -0.000285882561 0.0
0.000249993696 -0.000155999674 0.0
0.000455459696 -6.65578409e-05 0.0
-0.00020475265 -0.000366908702 0.0
0.000298167724 -0.000138303061 0.0
-0.000314361998 -0.000279840286 0.0
0.000174028057 -0.000173626235 0.0
8.68201241e-05 -3.09582974e-05 0.0
3.74898118e-05 -0.000144756472 0.0
0.000186735342 -7.39210154e-05 0.0
-4.46792437e-05 -0.000307342911 0.0
-2.70498786e-05 -0.000259257853 0.0
-4.76471578e-05 -0.000347943918 0.0
1.99230071e-05 -0.000138035655 0.0
3.14047938e-05 -0.000184828968 0.0
0.000213777326 5.35688196e-06 0.0
7.53928325e-05 -5.70459815e-05 0.0
0.000118501746 -0.000136862989 0.0
-0.000235490923 -0.000267226045 0.0
0.000139765689 -1.14083987e-05 0.0
9.65421987e-06 -0.000150132648 0.0
-0.000255452003 -0.000183053708 0.0
0.000297211838 -0.000109213783 0.0
8.6215332e-05 -4.60275114e-05 0.0
0.000255818682 -0.000161814591 0.0
-9.37873774e-05 -0.000187867379 0.0
-0.000341508363 -0.000243842151 0.0
-4.44805482e-05 -0.000209400052 0.0
0.000325148692 -0.000128591491 0.0
-0.000137339463 -0.000105401195 0.0
-0.000263220398 -0.000346649991 0.0
-0.000196355657 -0.000210762591 0.0
-0.000135369934 -0.000200538008 0.0
-0.000166751459 -0.000262252288 0.0
0.000481057999 -1.98894559e-05 0.0
-0.000327044923 -0.000175625508 0.0
-0.000164932091 -0.00013860382 0.0
-2.78890457e-05 -4.4754961e-05 0.0
-0.000341984414 -0.000252431317 0.0
-0.00014552394 -9.99809999e-05 0.0
-0.000146723294 -0.000273703889 0.0
-0.000126079365 -0.000102424186 0.0
-0.000260493951 -0.000295966136 0.0
0.000472114654 -3.59675832e-05 0.0
-0.00015717285 -0.000185672281 0.0
-0.000184829099 -0.000350771908 0.0
8.6218206e-05 -0.000217962544 0.0
-0.000327179732 -0.000207605175 0.0
-0.000207172052 -0.000269914337 0.0
5.10376303e-05 -0.000103146325 0.0
-0.000173843247 -0.000249180972 0.0
-0.000114522169 -0.000102529193 0.0
0.000121460384 -0.000104757491 0.0
0.00028528957 -4.53274115e-05 0.0
0.000486670207 -1.32571104e-05 0.0
0.000229196041 -0.000153678367 0.0
-0.000300785934 -0.000287250703 0.0
-4.41163102e-05 -6.10938005e-05 0.0
-0.000156319496 -0.000316628808 0.0
-0.000139672251 -0.000235995976 0.0
7.56781665e-05 -0.000225791533 0.0
0.000158154551 1.89146476e-06 0.0
0.000133002337 -0.000206496319 0.0
-0.000148962601 -0.000308681047 0.0
0.000156651498 -0.000233039915 0.0
-0.00011981542 -0.000162661046 0.0
0.000102732163 -0.000181204159 0.0
-2.08762085e-05 -3.49251968e-05 0.0
0.000365197397 -1.0474716e-05 0.0
0.000238914188 1.62661684e-06 0.0
0.000211403734 -0.000127937092 0.0
-9.19848535e-05 -0.000224197996 0.0
4.64113364e-05 -5.12751176e-05 0.0
4.16281073e-05 -8.39924032e-05 0.0
0.000274798949 -0.000129229069 0.0
-0.000266957592 -0.000241784073 0.0
0.000151348941 -7.42184784e-05 0.0
0.000164306679 -0.000148823339 0.0
-0.000163722114 -0.000223015173 0.0
4.08855376e-05 -0.000178590155 0.0
-2.8477727e-05 -0.000126606654 0.0
0.00027376556 -4.08207852e-05 0.0
-0.00034285622 -0.000202483221 0.0
-0.000148625826 -0.000257118809 0.0
-4.56335365e-05 -9.11828683e-05 0.0
0.000112682239 -1.4025889e-05 0.0
-0.000170887666 -0.000111056805 0.0
-9.19388403e-05 -0.000359961268 0.0
-5.02380935e-05 -0.000324988971 0.0
-0.000157587332 -0.000115019713 0.0
0.000345537497 -6.1021994e-05 0.0
6.97850046e-05 -3.33888565e-05 0.0
0.000186162244 -0.00021077742 0.0
-3.04793248e-05 -0.000277314917 0.0
-3.74074916e-05 -8.25090247e-05 0.0
-0.000176623682 -0.000197844507 0.0
-0.000298226398 -0.00026872498 0.0
0.000229912883 -0.000167825696 0.0
1.22642277e-05 -6.37683115e-05 0.0
0.000297837512 -0.00013164799 0.0
0.00020039521 -2.6296555e-05 0.0
-0.000106481377 -0.000192893684 0.0
0.000102477177 -0.000277803483 0.0
0.000155780959 -9.71735935e-05 0.0
0.000291137636 -0.000106266169 0.0
0.000341727689 -0.000111669804 0.0
-0.000120918747 -0.000180250878 0.0
-3.31201918e-05 -8.3551211e-05 0.0
0.000415163551 -1.85711724e-05 0.0
7.06580238e-07 -0.00028511681 0.0
-0.000130255241 -0.000191346087 0.0
0.000447652506 -5.5320208e-05 0.0
-2.66160732e-05 -0.00014467047 0.0
0.000172936954 -0.000107025953 0.0
1.2872996e-06 -0.000129571257 0.0
0.000476356334 -2.97090955e-05 0.0
0.000204625918 -7.79477414e-05 0.0
-0.000365827116 -0.000277815503 0.0
-3.59048936e-05 -0.00029472087 0.0
1.41701767e-05 -0.000266381685 0.0
1.5115399e-05 -0.000179946743 0.0
-5.12290026e-05 -0.000168780141 0.0
-3.47185851e-05 -4.93290281e-05 0.0
5.44135873e-05 -0.000136727511 0.0
0.000134147063 -9.76895681e-05 0.0
0.000140078526 -3.71763381e-05 0.0
-0.000297476334 -0.000165373378 0.0
-8.82162494e-05 -0.00012414706 0.0
-6.80803496e-05 -0.000274618622 0.0
-0.000147025872 -0.000299653853 0.0
-0.000510018785 -0.000273247337 0.0
-5.73727593e-05 -9.00982923e-05 0.0
3.60222984e-05 -0.000129790584 0.0
0.000309171097 -3.83396473e-05 0.0
0.00012614188 -0.00011041401 0.0
-0.000367911096 -0.000242943919 0.0
0.000212014129 -0.000193934437 0.0
8.49761273e-05 -0.000200864073 0.0
-6.55792537e-05 -0.000180273695 0.0
0.000400942692 -7.39594543e-05 0.0
-0.000296782964 -0.000223591589 0.0
-0.000218098401 -0.000249314064 0.0
6.86254207e-05 -2.79289052e-05 0.0
0.000358050311 1.44653518e-06 0.0
0.000423483056 -5.23988492e-05 0.0
0.000110447174 -0.000206169541 0.0
-0.000235086089 -0.000163946257 0.0
7.27110455e-06 -0.000244304538 0.0
-0.000398259494 -0.000228855541 0.0
5.70686025e-05 -0.000128827087 0.0
-6.90322922e-05 -0.000197298636 0.0
0.000160014315 -0.000174164059 0.0
-3.86049396e-05 -8.95291159e-05 0.0
0.000234046121 -9.99649201e-05 0.0
3.01721702e-05 -0.000229837649 0.0
-0.000190372986 -0.000247597462 0.0
0.000205275181 -8.91162781e-05 0.0
0.000182992153 -8.88289214e-05 0.0
-0.000268303091 -0.000143826343 0.0
0.000530376507 8.2124734e-06 0.0
-0.000246910611 -0.000172250948 0.0
0.000114916424 -0.000202878131 0.0
-0.00037151057 -0.000304697984 0.0
-0.0005083211 -0.000348351838 0.0
0.000306057947 -0.00012562958 0.0
0.000132167173 -0.00017137664 0.0
0.000325476925 -2.12331179e-05 0.0
-0.000427954394 -0.000285283459 0.0
3.00082902e-05 -9.60418256e-05 0.0
-0.000231552505 -0.000213423118 0.0
-0.000500091468 -0.000253827049 0.0
-0.000320567488 -0.000191156942 0.0
0.000472375657 -9.45230204e-06 0.0
7.44532372e-05 -0.000264976406 0.0
-0.00014712743 -0.000108144821 0.0
0.000195345041 -7.88778489e-05 0.0
5.20151443e-05 -5.9872651e-05 0.0
3.88722583e-06 -0.000298054336 0.0
-5.93945588e-05 -0.000182603806 0.0
8.28247139e-05 -0.000124570797 0.0
0.000390902773 -2.84671023e-05 0.0
0.000444249366 -4.71541098e-05 0.0
-0.000236390741 -0.000159834235 0.0
0.000351368333 -0.000107601809 0.0
-0.000112078698 -0.000313525554 0.0
0.000367905333 -3.79793564e-05 0.0
9.68978711e-05 -0.000225705167 0.0
0.000130791319 -0.000133934082 0.0
-0.000196514142 -0.000141915691 0.0
0.000113297945 -0.000228548248 0.0
0.000364764855 -7.64130673e-05 0.0
-0.000259337423 -0.000272573991 0.0
-2.99476651e-05 -0.000278869004 0.0
-3.09614661e-05 -0.00014984711 0.0
-0.000505847682 -0.000326771027 0.0
-3.5492365e-05 -0.000159508592 0.0
6.62639941e-05 -4.4860044e-05 0.0
-0.000230312216 -0.000276701117 0.0
-0.000241867907 -0.000220697955 0.0
0.000312251068 -4.19507051e-05 0.0
-0.000217768393 -0.000154964204 0.0
7.5642587e-05 -0.000104007202 0.0
0.000333505828 -4.34272151e-05 0.0
-0.000132117188 -0.000308874325 0.0
0.000127295047 -0.000240266789 0.0
2.94952224e-05 -0.000258837943 0.0
0.000231033118 -0.000157420189 0.0
-0.000465862919 -0.000334626326 0.0
-0.000350725721 -0.000211474224 0.0
-9.1419497e-05 -0.000329490518 0.0
0.000159468778 -0.000244214752 0.0
0.000198449969 -0.000162536599 0.0
-0.000255271181 -0.000244135284 0.0
-4.75481174e-05 -0.000351383176 0.0
2.31224167e-05 -0.000312539662 0.0
-2.69077136e-05 -0.000157115865 0.0
-0.000413172325 -0.000319928571 0.0
0.000234372346 -6.49033827e-05 0.0
4.59849398e-05 -0.000249835139 0.0
-3.91761841e-06 -7.07794243e-05 0.0
-0.000143377911 -0.000113499445 0.0
6.08349765e-05 -0.000293147052 0.0
-0.000225343785 -0.00023501557 0.0
0.000313411874 -7.98842084e-05 0.0
0.000159468822 -9.63784896e-06 0.0
-0.000375503529 -0.000289581803 0.0
0.000277476094 -0.000143370838 0.0
-0.000209236779 -0.000130086613 0.0
-0.000218528614 -0.000212543629 0.0
0.000464391778 -4.58047143e-05 0.0
-0.000320839259 -0.000299036648 0.0
-0.000375035859 -0.000319412939 0.0
-0.000148071864 -0.000225574084 0.0
9.96150775e-05 -0.000157649483 0.0
0.000104766499 -0.000241157759 0.0
0.000296158832 -3.92540824e-05 0.0
1.12686564e-06 -2.41454636e-05 0.0
-4.2902866e-05 -0.000245201401 0.0
1.34716265e-05 -0.000277261279 0.0
0.000397372147 -4.26646111e-05 0.0
-0.000284711918 -0.000269962911 0.0
-0.000221142735 -0.000145673956 0.0
0.000289011863 -4.1603198e-05 0.0
3.17026229e-06 -8.29105993e-05 0.0
0.000168929895 -0.000160867043 0.0
0.000270023127 -5.43929782e-05 0.0
-0.00010872478 -0.000300450018 0.0
2.05776614e-05 -0.000119204327 0.0
-0.000381927646 -0.000307037873 0.0
-7.08311636e-05 -0.000179035385 0.0
-0.000309931114 -0.000277773623 0.0
-7.71970081e-05 -0.000171007909 0.0
0.000191555824 8.40207485e-06 0.0
-3.87171058e-05 -0.000149292755 0.0
-0.000389348221 -0.000344100117 0.0
0.000254783838 -5.80701781e-05 0.0
-0.000170127518 -0.000176931193 0.0
-0.000210192549 -0.000219329217 0.0
-1.91931076e-06 -0.000140839096 0.0
3.15478901e-05 -5.57148269e-05 0.0
0.000124220795 -3.02862918e-05 0.0
