-0.00012664184 -7.9535348e-05 0.0
-0.000125528764 -9.96322851e-05 0.0
-0.0001081214 -8.41187211e-05 0.0
-9.14966149e-05 -7.79356633e-05 0.0
-0.000101000413 -7.43458295e-05 0.0
-0.000120659213 -7.79356633e-05 0.0
-0.000137284005 -8.41187211e-05 0.0
-0.00015919788 -0.000112316768 0.0
-0.000158103299 -0.00013602832 0.0
-0.000137825147 -0.000120787154 0.0
-4.74549506e-06 -1.10045212e-05 0.0
-5.84008285e-06 1.27070307e-05 0.0
-0.00015644895 -0.000105426516 0.0
-0.000156084556 -0.000113712042 0.0
-0.000142157965 -0.000105209067 0.0
-2.72675788e-06 1.13117594e-05 0.0
-3.09114739e-06 1.95972807e-05 0.0
-5.70433585e-05 -1.7091379e-05 0.0
-5.48993594e-05 -3.97424628e-05 0.0
-0.000151563479 -9.93674839e-05 0.0
-0.000168544546 -0.000104255887 0.0
-0.000159555784 -0.000121194935 0.0
-0.000139381955 -0.000104255887 0.0
-0.000122400888 -9.93674839e-05 0.0
-0.000122836107 -8.67616181e-05 0.0
-0.000120322657 -0.000106292289 0.0
-0.00015957492 -0.000111647983 0.0
-0.000158582785 -0.000118733202 0.0
-6.66587657e-05 -4.40706499e-05 0.0
-6.22466687e-05 -4.42067503e-05 0.0
-4.54039509e-05 -3.19509854e-05 0.0
-3.33509961e-05 -2.90404641e-05 0.0
-4.18247291e-05 -1.76220747e-05 0.0
-6.25135945e-05 -2.90404641e-05 0.0
-7.45665529e-05 -3.19509854e-05 0.0
-7.89310361e-05 -5.28780984e-05 0.0
-7.78674366e-05 -6.16674806e-05 0.0
-5.12258266e-05 -2.31496761e-05 0.0
-4.65817975e-05 -2.44182174e-05 0.0
-8.71963784e-05 -5.32979793e-05 0.0
-8.60855216e-05 -6.28392809e-05 0.0
-0.000111264657 -6.55752883e-05 0.0
-0.000109681969 -7.74347427e-05 0.0
-8.63935857e-05 -6.14386445e-05 0.0
-8.48590571e-05 -6.99531593e-05 0.0
-8.64025933e-05 -5.13718587e-05 0.0
-8.41889196e-05 -6.46234621e-05 0.0
-0.000153357803 -0.000125023798 0.0
0.0 0.0 0.0
-2.91626002e-05 0.0 0.0
-0.000182520394 -0.000125023798 0.0
-0.000130083368 -8.08863988e-05 0.0
-0.000133303562 -8.27892145e-05 0.0
-0.000135909009 -8.50064025e-05 0.0
-0.00013769271 -8.72890523e-05 0.0
-0.000138647141 -8.99706647e-05 0.0
-0.000138850475 -9.28481822e-05 0.0
-0.00013831562 -9.54868519e-05 0.0
-0.000136922623 -9.74792711e-05 0.0
-0.000134706395 -9.89070613e-05 0.0
-0.000131955807 -9.97169846e-05 0.0
-0.000128854212 -0.000100007754 0.0
-0.000122176658 -9.84782891e-05 0.0
-0.00011906962 -9.68035092e-05 0.0
-0.000116482246 -9.47506924e-05 0.0
-0.000114616916 -9.26084176e-05 0.0
-0.000113667105 -9.02911197e-05 0.0
-0.000113570597 -8.78627034e-05 0.0
-0.000114129798 -8.53208694e-05 0.0
-0.000115362855 -8.26915275e-05 0.0
-0.000117360214 -8.01497081e-05 0.0
-0.000119833072 -7.91727362e-05 0.0
-0.000123048376 -7.89856058e-05 0.0
-9.17114157e-05 -7.73498759e-05 0.0
-9.1943708e-05 -7.63165299e-05 0.0
-9.24459091e-05 -7.50776744e-05 0.0
-9.34611598e-05 -7.41726399e-05 0.0
-9.48852539e-05 -7.37193404e-05 0.0
-9.67079468e-05 -7.35477006e-05 0.0
-9.87501408e-05 -7.38182789e-05 0.0
-0.000103090832 -7.50852632e-05 0.0
-0.000104781953 -7.5825461e-05 0.0
-0.00010617722 -7.67713063e-05 0.0
-0.000107275257 -7.79375041e-05 0.0
-0.000108138949 -7.92995197e-05 0.0
-0.000108631932 -8.06998869e-05 0.0
-0.000108587796 -8.22926086e-05 0.0
-0.00013594859 -8.57356354e-05 0.0
-0.000133909911 -8.63857349e-05 0.0
-0.000131468623 -8.61409644e-05 0.0
-0.000128814019 -8.54079917e-05 0.0
-0.000126029656 -8.39604181e-05 0.0
-0.000123167687 -8.17784094e-05 0.0
-0.000120553945 -7.88300749e-05 0.0
-0.000120313394 -7.78649992e-05 0.0
-0.000154092908 -0.000135770839 0.0
-0.000150196822 -0.000134837814 0.0
-0.000146672814 -0.000133440553 0.0
-0.000143699479 -0.000131631052 0.0
-0.000141273238 -0.000129308915 0.0
-0.000139383919 -0.000126620493 0.0
-0.00013816412 -0.000123735066 0.0
-0.000138364223 -0.000117709111 0.0
-0.000139705357 -0.000114835486 0.0
-0.000141783908 -0.000112574155 0.0
-0.000144567864 -0.000110992558 0.0
-0.000147795887 -0.000110163775 0.0
-0.000151339264 -0.000110080771 0.0
-0.000155206304 -0.000110734742 0.0
-9.62570994e-06 1.03884431e-05 0.0
-1.27929716e-05 7.53321683e-06 0.0
-1.50212127e-05 4.55609825e-06 0.0
-1.61757544e-05 1.63034736e-06 0.0
-1.63256846e-05 -1.62433696e-06 0.0
-1.57240502e-05 -4.81441884e-06 0.0
-1.41251658e-05 -7.48233242e-06 0.0
-1.15832936e-05 -9.3098306e-06 0.0
-8.34886396e-06 -1.04734809e-05 0.0
-0.000154259542 -0.000114021685 0.0
-0.000152184977 -0.00011387292 0.0
-0.00014983544 -0.000113265072 0.0
-0.000147206578 -0.000112039743 0.0
-0.00014447303 -0.000110067558 0.0
-0.000142269113 -0.000107682659 0.0
-0.000141377721 -0.000106130756 0.0
-0.000141556855 -0.000105628409 0.0
-0.000142924866 -0.00010454424 0.0
-0.000143986283 -0.000103850107 0.0
-0.000145423226 -0.000103304999 0.0
-0.000147083381 -0.000102935766 0.0
-0.000148857827 -0.000102801947 0.0
-0.000150750304 -0.000102911457 0.0
-0.000152685461 -0.000103351056 0.0
-0.000154645677 -0.000104179955 0.0
-4.55780855e-06 1.80587795e-05 0.0
-5.51522453e-06 1.64236499e-05 0.0
-5.84223335e-06 1.48660029e-05 0.0
-5.41366535e-06 1.33631511e-05 0.0
-4.32953675e-06 1.21313496e-05 0.0
-6.06542308e-05 -1.82796939e-05 0.0
-6.32282026e-05 -1.95482062e-05 0.0
-6.5315915e-05 -2.10651124e-05 0.0
-6.72102906e-05 -2.34311992e-05 0.0
-6.8563837e-05 -2.64986884e-05 0.0
-6.90896923e-05 -3.0001469e-05 0.0
-6.8878202e-05 -3.40008992e-05 0.0
-6.7483481e-05 -3.72130271e-05 0.0
-6.51671144e-05 -3.91900867e-05 0.0
-6.21001818e-05 -4.01273282e-05 0.0
-5.85601119e-05 -4.03561644e-05 0.0
-5.11983417e-05 -3.84831292e-05 0.0
-4.78093316e-05 -3.64924163e-05 0.0
-4.49551444e-05 -3.39650214e-05 0.0
-4.28770327e-05 -3.09425304e-05 0.0
-4.16918811e-05 -2.7525497e-05 0.0
-4.14100468e-05 -2.39865731e-05 0.0
-4.20793403e-05 -2.0946225e-05 0.0
-4.36874761e-05 -1.86758043e-05 0.0
-4.61870295e-05 -1.72224536e-05 0.0
-4.93475745e-05 -1.64255034e-05 0.0
-5.30700891e-05 -1.63080604e-05 0.0
-0.000170514671 -0.00010653842 0.0
-0.000171934182 -0.000109362023 0.0
-0.000172713117 -0.000112622198 0.0
-0.000172723972 -0.00011583016 0.0
-0.000171898486 -0.000118429089 0.0
-0.000170144398 -0.000120194229 0.0
-0.000167839389 -0.000121111334 0.0
-0.000165279329 -0.000121572273 0.0
-0.000162558688 -0.000121583951 0.0
-0.000156208 -0.000120181117 0.0
-0.000152802138 -0.000118540389 0.0
-0.000149902815 -0.000116425901 0.0
-0.000147788174 -0.00011421083 0.0
-0.000146517836 -0.000111786117 0.0
-0.00014592256 -0.000109133209 0.0
-0.000146051432 -0.000106213338 0.0
-0.00014686209 -0.000103047358 0.0
-0.000148738691 -0.000100663652 0.0
-0.000125409017 -9.90466651e-05 0.0
-0.000128566055 -9.92863352e-05 0.0
-0.000131717941 -0.000100053003 0.0
-0.000134632326 -0.000101323458 0.0
-0.000137201176 -0.00010270565 0.0
-0.000126237181 -8.80331572e-05 0.0
-0.000129648732 -9.02141182e-05 0.0
-0.000132796165 -9.29065573e-05 0.0
-0.00013464599 -9.53659037e-05 0.0
-0.000135270311 -9.69256071e-05 0.0
-0.000135127819 -9.83887803e-05 0.0
-0.000134720583 -0.000100423902 0.0
-0.000133783513 -0.000102827937 0.0
-0.00013209699 -0.000104890787 0.0
-0.000129719599 -0.000106359221 0.0
-0.000126717918 -0.000107017426 0.0
-0.00012356606 -0.000106843516 0.0
-0.000117294294 -0.000105230189 0.0
-0.000114879105 -0.000104000756 0.0
-0.000112883019 -0.000102635429 0.0
-0.000111195892 -0.000100645258 0.0
-0.000109948851 -9.81809644e-05 0.0
-0.000109240551 -9.52844493e-05 0.0
-0.0001092448 -9.23252301e-05 0.0
-0.000109988956 -9.00042578e-05 0.0
-0.000111541187 -8.83805551e-05 0.0
-0.000113762973 -8.72362361e-05 0.0
-0.000116455936 -8.65206675e-05 0.0
-0.000119549397 -8.63089954e-05 0.0
-0.000161311167 -0.000112342044 0.0
-0.000163030461 -0.000113362868 0.0
-0.000164336612 -0.000114542388 0.0
-0.000165034362 -0.000115698524 0.0
-0.000165144927 -0.000116791562 0.0
-0.00016472851 -0.000117765041 0.0
-0.000163886172 -0.000118512296 0.0
-0.000162735188 -0.000118949072 0.0
-0.000161340271 -0.000119103017 0.0
-0.000159954812 -0.000118915654 0.0
-0.000157219052 -0.000118422337 0.0
-0.000155820904 -0.000117781754 0.0
-0.000154601046 -0.000116777686 0.0
-0.000153692497 -0.000115461458 0.0
-0.000153200715 -0.00011376218 0.0
-0.000153308385 -0.000111986839 0.0
-0.00015400663 -0.000110809 0.0
-0.000155204994 -0.000110444249 0.0
-0.000156494032 -0.000110716821 0.0
-0.000157905291 -0.000111170441 0.0
-6.80003141e-05 -4.46971244e-05 0.0
-6.85990744e-05 -4.48462633e-05 0.0
-6.89303561e-05 -4.50551015e-05 0.0
-6.94117844e-05 -4.58240283e-05 0.0
-6.99116426e-05 -4.7377529e-05 0.0
-6.97517462e-05 -4.85294768e-05 0.0
-6.88921355e-05 -4.81225215e-05 0.0
-6.77281714e-05 -4.74333283e-05 0.0
-6.6476081e-05 -4.67226855e-05 0.0
-6.51765586e-05 -4.597324e-05 0.0
-6.37194316e-05 -4.52040949e-05 0.0
-6.11597643e-05 -4.34908179e-05 0.0
-6.09291092e-05 -4.323342e-05 0.0
-6.10947754e-05 -4.32228444e-05 0.0
-6.09931776e-05 -4.30422551e-05 0.0
-6.08758346e-05 -4.28017265e-05 0.0
-6.08586743e-05 -4.26211627e-05 0.0
-6.121349e-05 -4.24842437e-05 0.0
-6.18632694e-05 -4.24552345e-05 0.0
-6.28157286e-05 -4.26537044e-05 0.0
-6.39644131e-05 -4.29551073e-05 0.0
-6.52910239e-05 -4.34637041e-05 0.0
-3.21343396e-05 -2.79974538e-05 0.0
-3.09500429e-05 -2.64533046e-05 0.0
-3.02266471e-05 -2.44597904e-05 0.0
-3.00451484e-05 -2.20327656e-05 0.0
-3.06468537e-05 -1.9711224e-05 0.0
-3.22494197e-05 -1.79326598e-05 0.0
-3.44825785e-05 -1.70641379e-05 0.0
-3.69705922e-05 -1.69341674e-05 0.0
-3.95014395e-05 -1.71294778e-05 0.0
-4.36420596e-05 -1.8277271e-05 0.0
-4.53176217e-05 -1.92862899e-05 0.0
-4.70705418e-05 -2.09508398e-05 0.0
-4.85817982e-05 -2.30808837e-05 0.0
-4.97984511e-05 -2.54954866e-05 0.0
-5.02390321e-05 -2.76121518e-05 0.0
-4.99539856e-05 -2.91536326e-05 0.0
-4.89643062e-05 -3.03670131e-05 0.0
-4.74195949e-05 -3.13267046e-05 0.0
-7.21397373e-05 -3.21556981e-05 0.0
-6.93716429e-05 -3.17068007e-05 0.0
-6.65178086e-05 -3.08428534e-05 0.0
-6.40969083e-05 -2.97778424e-05 0.0
-8.04646188e-05 -5.38408713e-05 0.0
-8.15158928e-05 -5.4402859e-05 0.0
-8.24115559e-05 -5.5033961e-05 0.0
-8.33330196e-05 -5.59991422e-05 0.0
-8.39512577e-05 -5.7194633e-05 0.0
-8.4132902e-05 -5.85473863e-05 0.0
-8.39162749e-05 -5.99781961e-05 0.0
-8.32864025e-05 -6.10338138e-05 0.0
-8.23019072e-05 -6.15989193e-05 0.0
-8.10534402e-05 -6.18957929e-05 0.0
-7.95638771e-05 -6.19181301e-05 0.0
-7.60809271e-05 -6.10042734e-05 0.0
-7.43826386e-05 -5.98412225e-05 0.0
-7.28663072e-05 -5.82771027e-05 0.0
-7.16572176e-05 -5.63374015e-05 0.0
-7.09044325e-05 -5.43096612e-05 0.0
-7.06922656e-05 -5.27692137e-05 0.0
-7.11580069e-05 -5.18950619e-05 0.0
-7.22206896e-05 -5.14590101e-05 0.0
-7.36482543e-05 -5.1269868e-05 0.0
-7.53955319e-05 -5.13859304e-05 0.0
-7.71365885e-05 -5.18982997e-05 0.0
-5.23915041e-05 -2.40548197e-05 0.0
-5.2530675e-05 -2.43052091e-05 0.0
-5.23076924e-05 -2.42864244e-05 0.0
-5.22849696e-05 -2.44846706e-05 0.0
-5.23575436e-05 -2.4807463e-05 0.0
-5.23483977e-05 -2.51255497e-05 0.0
-5.21138354e-05 -2.53985236e-05 0.0
-5.14811254e-05 -2.5516556e-05 0.0
-5.05131684e-05 -2.5563897e-05 0.0
-4.93563057e-05 -2.53584458e-05 0.0
-4.80043236e-05 -2.49165696e-05 0.0
-4.55778718e-05 -2.39947894e-05 0.0
-4.47914281e-05 -2.33635128e-05 0.0
-4.38410534e-05 -2.23926399e-05 0.0
-4.3112701e-05 -2.16654735e-05 0.0
-4.28959393e-05 -2.12669947e-05 0.0
-4.31486442e-05 -2.09947066e-05 0.0
-4.38367169e-05 -2.06811019e-05 0.0
-4.48238388e-05 -2.04320113e-05 0.0
-4.61905875e-05 -2.05527904e-05 0.0
-4.78595539e-05 -2.10946037e-05 0.0
-4.96281136e-05 -2.20674247e-05 0.0
-8.93211109e-05 -5.41176414e-05 0.0
-9.12838368e-05 -5.52824604e-05 0.0
-9.28633817e-05 -5.65622904e-05 0.0
-9.38180965e-05 -5.7710673e-05 0.0
-9.4049341e-05 -5.88524126e-05 0.0
-9.36995566e-05 -5.99974264e-05 0.0
-9.27838701e-05 -6.10330644e-05 0.0
-9.14657212e-05 -6.18582053e-05 0.0
-8.98237995e-05 -6.24675886e-05 0.0
-8.7844157e-05 -6.28028429e-05 0.0
-8.41761648e-05 -6.23693122e-05 0.0
-8.21063586e-05 -6.12091826e-05 0.0
-8.02002687e-05 -5.95157944e-05 0.0
-7.86646633e-05 -5.69640397e-05 0.0
-7.78880276e-05 -5.4209544e-05 0.0
-7.85335505e-05 -5.31556652e-05 0.0
-7.98472684e-05 -5.30212674e-05 0.0
-8.14093219e-05 -5.28584642e-05 0.0
-8.31163707e-05 -5.28817509e-05 0.0
-8.50664364e-05 -5.29536192e-05 0.0
-0.000114380455 -6.71216185e-05 0.0
-0.000117561627 -6.95029521e-05 0.0
-0.000119344477 -7.18429874e-05 0.0
-0.000119149794 -7.17221774e-05 0.0
-0.00011911316 -7.19953605e-05 0.0
-0.000119317425 -7.29255626e-05 0.0
-0.000119210956 -7.40107644e-05 0.0
-0.000118643773 -7.54115681e-05 0.0
-0.000117176896 -7.73664433e-05 0.0
-0.000115032337 -7.81158305e-05 0.0
-0.000112528855 -7.80543996e-05 0.0
-0.000106860862 -7.61202464e-05 0.0
-0.000104017097 -7.38291419e-05 0.0
-0.000101214624 -7.04680133e-05 0.0
-9.948972e-05 -6.65780608e-05 0.0
-0.000100422942 -6.67774293e-05 0.0
-0.000101138874 -6.720698e-05 0.0
-0.000101955833 -6.68158682e-05 0.0
-0.000102953956 -6.6263332e-05 0.0
-0.000104306775 -6.56023185e-05 0.0
-0.000106122534 -6.50637521e-05 0.0
-0.000108455199 -6.50592119e-05 0.0
-8.78120336e-05 -6.17911792e-05 0.0
-8.93541292e-05 -6.26211258e-05 0.0
-9.07668946e-05 -6.37940975e-05 0.0
-9.18475125e-05 -6.53502066e-05 0.0
-9.24822089e-05 -6.72574679e-05 0.0
-9.26420034e-05 -6.93167967e-05 0.0
-9.23050611e-05 -7.10468375e-05 0.0
-9.13183394e-05 -7.18722804e-05 0.0
-8.99219231e-05 -7.1945331e-05 0.0
-8.82834356e-05 -7.16008944e-05 0.0
-8.65789552e-05 -7.0942704e-05 0.0
-8.32925361e-05 -6.88061118e-05 0.0
-8.22820512e-05 -6.80635421e-05 0.0
-8.14747764e-05 -6.75352858e-05 0.0
-8.07114993e-05 -6.65213956e-05 0.0
-8.0149257e-05 -6.53089228e-05 0.0
-7.99399204e-05 -6.41188453e-05 0.0
-8.01892966e-05 -6.31465955e-05 0.0
-8.08975237e-05 -6.23879314e-05 0.0
-8.19859342e-05 -6.18819031e-05 0.0
-8.33276863e-05 -6.15704848e-05 0.0
-8.49906064e-05 -6.14256496e-05 0.0
-8.91952222e-05 -5.27355987e-05 0.0
-9.20808379e-05 -5.49408614e-05 0.0
-9.48028901e-05 -5.79979023e-05 0.0
-9.71113186e-05 -6.23565429e-05 0.0
-9.6660915e-05 -6.33412928e-05 0.0
-9.57595184e-05 -6.28456764e-05 0.0
-9.48628949e-05 -6.30923532e-05 0.0
-9.39374513e-05 -6.3514417e-05 0.0
-9.2780625e-05 -6.39738646e-05 0.0
-9.11817697e-05 -6.43738458e-05 0.0
-8.92830722e-05 -6.4708518e-05 0.0
-8.68618881e-05 -6.48094574e-05 0.0
-8.16431639e-05 -6.40195722e-05 0.0
-7.99930058e-05 -6.35968681e-05 0.0
-7.86380479e-05 -6.27565241e-05 0.0
-7.74432265e-05 -6.14623568e-05 0.0
-7.64645083e-05 -5.98894767e-05 0.0
-7.58742244e-05 -5.80095657e-05 0.0
-7.58388633e-05 -5.5777622e-05 0.0
-7.63259668e-05 -5.32712984e-05 0.0
-7.75413355e-05 -5.13967898e-05 0.0
-7.92396022e-05 -5.05798016e-05 0.0
-8.13502702e-05 -5.04603377e-05 0.0
-8.37614934e-05 -5.06995166e-05 0.0
-0.000147726387 -0.000118856908 0.0
-0.000143635334 -0.000112123191 0.0
-8.55704857e-05 -7.13186237e-05 0.0
-8.23569353e-05 -6.6766188e-05 0.0
-7.94648367e-05 -6.40510407e-05 0.0
-7.76991001e-05 -6.23224769e-05 0.0
-7.59060567e-05 -6.05338573e-05 0.0
-7.33887209e-05 -5.7606976e-05 0.0
-7.10736858e-05 -5.35673462e-05 0.0
-6.71617163e-05 -4.89247213e-05 0.0
-6.0215134e-05 -4.38997486e-05 0.0
-5.17113112e-05 -3.78250152e-05 0.0
-2.90707412e-05 -2.3803128e-05 0.0
-2.35530733e-05 -1.9509207e-05 0.0
-1.64584562e-05 -1.34878683e-05 0.0
-7.82760253e-06 -6.89938588e-06 0.0
-7.27690633e-07 -5.58357988e-06 0.0
-5.37786991e-06 4.12412828e-06 0.0
-4.70990517e-06 4.27486111e-06 0.0
-5.4703778e-06 1.01335208e-05 0.0
-8.88216709e-06 2.83143504e-06 0.0
-1.26004588e-05 -4.03435138e-07 0.0
-1.52520315e-05 3.51759297e-07 0.0
-1.68774513e-05 2.48635092e-06 0.0
-1.7971377e-05 4.07915786e-06 0.0
-2.04695498e-05 2.9321177e-06 0.0
-2.3753244e-05 -2.32088951e-06 0.0
-2.78233856e-05 -1.03063321e-05 0.0
-3.19044848e-05 -1.7232318e-05 0.0
-3.52787101e-05 -2.05483248e-05 0.0
-3.64486405e-05 -1.87119567e-05 0.0
-3.44381406e-05 -1.39896083e-05 0.0
-3.09758725e-05 -6.75180718e-06 0.0
-2.86248305e-05 -7.78742844e-07 0.0
-2.86122358e-05 1.90843571e-06 0.0
-3.69902009e-05 -6.89938588e-06 0.0
-4.56210582e-05 -1.34878683e-05 0.0
-5.27156735e-05 -1.9509207e-05 0.0
-5.82333414e-05 -2.3803128e-05 0.0
-8.08739132e-05 -3.78250152e-05 0.0
-8.93777324e-05 -4.38997486e-05 0.0
-9.63243219e-05 -4.89247213e-05 0.0
-0.000100236284 -5.35673462e-05 0.0
-0.000102551319 -5.7606976e-05 0.0
-0.000105068662 -6.05338573e-05 0.0
-0.000106861698 -6.23224769e-05 0.0
-0.000108627435 -6.40510407e-05 0.0
-0.000111519534 -6.6766188e-05 0.0
-0.000114733084 -7.13186237e-05 0.0
-0.00017279794 -0.000112123191 0.0
-0.000176888978 -0.000118856908 0.0
-0.000181970041 -0.000123115358 0.0
-0.000181982628 -0.000125802544 0.0
-0.000184333665 -0.00013177561 0.0
-0.000187795944 -0.000139013413 0.0
-0.000189806437 -0.000143735757 0.0
-0.000188636506 -0.000145572121 0.0
-0.000185262281 -0.000142256118 0.0
-0.000181181182 -0.000135330134 0.0
-0.00017711104 -0.000127344683 0.0
-0.000173827342 -0.000122091689 0.0
-0.000171329171 -0.000120944642 0.0
-0.000170235246 -0.000122537444 0.0
-0.000168609826 -0.000124672035 0.0
-0.000165958263 -0.000125427236 0.0
-0.000162239972 -0.000122192359 0.0
-0.000158828174 -0.000114890281 0.0
-0.000158067705 -0.00012074894 0.0
-0.000158735667 -0.000120899669 0.0
-0.000154085486 -0.000130607383 0.0
-0.000122678219 -8.51789737e-05 0.0
-4.64444129e-05 -2.44379098e-05 0.0
-0.000138548116 -0.00010012088 0.0
-3.31794545e-05 -1.65355686e-05 0.0
-0.00010904776 -7.53866625e-05 0.0
-0.000115788294 -7.59798131e-05 0.0
-0.000129851629 -9.3559247e-05 0.0
-3.22095621e-05 -1.32944087e-05 0.0
-0.000119264208 -7.45203142e-05 0.0
-6.18248596e-05 -4.23667007e-05 0.0
-9.8274184e-05 -7.43949349e-05 0.0
-9.72532871e-05 -7.91565762e-05 0.0
-8.04018637e-05 -3.99028359e-05 0.0
-6.44258689e-05 -4.42175478e-05 0.0
-9.26862267e-05 -5.25644573e-05 0.0
-3.87612235e-05 -1.50408523e-05 0.0
-0.000128854386 -9.42566112e-05 0.0
-3.73104413e-05 -9.65580057e-06 0.0
-7.17289513e-05 -4.59941912e-05 0.0
-0.000129385386 -0.00010253895 0.0
-7.51080952e-05 -5.16062282e-05 0.0
-0.000106633386 -7.15762508e-05 0.0
-0.000121534678 -8.48450145e-05 0.0
-5.29038662e-05 -3.44626424e-05 0.0
-0.000131153385 -9.14626871e-05 0.0
-5.0739236e-05 -2.90252192e-05 0.0
-3.06818947e-05 -1.07868373e-05 0.0
-0.000139786338 -0.000105394989 0.0
-0.000121132165 -0.000101912745 0.0
-1.92301213e-05 -4.86028966e-06 0.0
-6.7618399e-05 -4.3547072e-05 0.0
-5.38724053e-05 -3.45045446e-05 0.0
-0.000148896303 -0.000106027241 0.0
-4.01519101e-05 -2.43095292e-05 0.0
-0.00011358373 -7.44409408e-05 0.0
-7.36464353e-05 -5.28520177e-05 0.0
-6.44466563e-05 -3.94319941e-05 0.0
-0.000138098301 -9.85340739e-05 0.0
-0.00012231477 -8.73593162e-05 0.0
-0.000104083854 -7.40869145e-05 0.0
-9.79096512e-05 -7.65343721e-05 0.0
-9.95552473e-05 -6.98790827e-05 0.0
-0.000130283603 -9.28286099e-05 0.0
-1.80306033e-05 -5.87402337e-06 0.0
-0.000114843788 -7.78823451e-05 0.0
-6.23220767e-05 -4.66964302e-05 0.0
-3.01234686e-05 -3.630744e-06 0.0
-9.88386601e-05 -5.73930229e-05 0.0
-4.57312308e-05 -2.40286645e-05 0.0
-9.25710629e-05 -6.82789978e-05 0.0
-0.00013054219 -9.66520383e-05 0.0
-0.000105409454 -8.76542399e-05 0.0
-3.16909973e-05 -8.25743155e-06 0.0
-9.36738579e-05 -6.7413639e-05 0.0
-6.98539952e-05 -5.05764183e-05 0.0
-1.64497087e-05 -1.74039851e-05 0.0
-7.3205716e-05 -5.13675877e-05 0.0
-8.77122438e-05 -6.91835667e-05 0.0
-3.86344655e-05 -1.73938497e-05 0.0
-8.80037041e-05 -4.6088735e-05 0.0
-4.58429895e-05 -2.74923423e-05 0.0
-2.27679739e-05 -7.92884384e-06 0.0
-6.85823907e-05 -4.91388091e-05 0.0
-5.82491593e-05 -3.64670123e-05 0.0
-8.7018052e-05 -4.8056394e-05 0.0
-3.98356897e-05 -1.94974473e-05 0.0
-5.32507365e-05 -2.87686034e-05 0.0
-1.85596637e-05 -7.94317748e-06 0.0
-0.000170801053 -0.000129440974 0.0
-9.44914791e-05 -5.92367942e-05 0.0
-2.53932831e-05 -5.07698996e-06 0.0
-0.000114828334 -8.02845097e-05 0.0
-7.22113327e-05 -3.21748594e-05 0.0
-4.79338451e-05 -2.8229013e-05 0.0
-9.92701753e-05 -8.56055631e-05 0.0
-7.72288331e-05 -3.7439102e-05 0.0
-6.06822759e-05 -3.78071418e-05 0.0
-0.00014756064 -0.000108509012 0.0
-0.000114530449 -9.38774465e-05 0.0
-0.000125456834 -8.99229781e-05 0.0
-0.00010465119 -7.86536039e-05 0.0
-0.000120508368 -8.25893512e-05 0.0
-6.55944677e-05 -4.49788058e-05 0.0
-0.00010157215 -7.16322465e-05 0.0
-2.43898339e-05 -4.56983891e-08 0.0
-0.000149464191 -0.000100537021 0.0
-0.000107470136 -6.88507062e-05 0.0
-0.000136197617 -0.000112211783 0.0
-0.000131731824 -9.38095473e-05 0.0
-0.000136284376 -9.94074071e-05 0.0
-1.67436356e-05 7.61505191e-07 0.0
-0.000108779597 -7.41931508e-05 0.0
-3.44294531e-05 -8.71595967e-06 0.0
-0.000119023782 -8.12576909e-05 0.0
-7.89360711e-05 -5.53052414e-05 0.0
-9.87650565e-05 -7.34976275e-05 0.0
-9.56753065e-05 -6.64961553e-05 0.0
-0.000124990635 -8.80803709e-05 0.0
-5.24471616e-05 -3.05975555e-05 0.0
-0.000132229659 -0.000100589335 0.0
-5.99928317e-05 -3.67000794e-05 0.0
-4.57012065e-05 -2.90984608e-05 0.0
-0.000120553996 -7.51145635e-05 0.0
-7.17819203e-05 -5.16941982e-05 0.0
-0.000124484475 -9.3559669e-05 0.0
-0.000125689359 -8.2292856e-05 0.0
-6.52479939e-05 -4.63280303e-05 0.0
-6.91985697e-05 -5.23083254e-05 0.0
-0.000143560057 -0.000108231769 0.0
-6.370966e-05 -2.5385978e-05 0.0
-4.49555482e-05 -2.27679757e-05 0.0
-0.00014576492 -0.000104207953 0.0
-0.000126327213 -0.000110415065 0.0
-0.000130705957 -0.000112839029 0.0
-0.000118870681 -9.30633978e-05 0.0
-0.000157697752 -0.000116405834 0.0
-6.47791167e-05 -3.81277205e-05 0.0
-0.000135564071 -9.98251708e-05 0.0
-0.00011777709 -7.33645793e-05 0.0
-0.000127433348 -8.36424224e-05 0.0
-9.84423023e-05 -7.60633266e-05 0.0
-5.43907117e-05 -3.66630957e-05 0.0
-7.84320582e-05 -5.64115617e-05 0.0
-0.000118700853 -8.15952881e-05 0.0
-7.83317882e-05 -3.79979792e-05 0.0
-9.33189658e-05 -6.93601178e-05 0.0
-7.88755351e-05 -5.08633639e-05 0.0
-0.000144448713 -0.00010165089 0.0
-0.000151931628 -0.000108811553 0.0
-0.000119046585 -7.39632815e-05 0.0
-7.38958915e-05 -5.11411708e-05 0.0
-0.000126872197 -8.99866936e-05 0.0
-9.78133176e-05 -6.94386763e-05 0.0
-9.59779354e-05 -5.15270585e-05 0.0
-7.49363171e-05 -5.32130325e-05 0.0
-0.000112817594 -7.51503758e-05 0.0
-0.000126841391 -9.51532638e-05 0.0
-7.24408819e-05 -4.66822057e-05 0.0
-9.02538741e-05 -5.32105478e-05 0.0
-0.000135937968 -9.91509587e-05 0.0
-3.23576969e-05 -8.3145942e-06 0.0
-5.67859861e-05 -4.04046659e-05 0.0
-0.000103975159 -8.27090698e-05 0.0
-6.17456899e-05 -3.5842666e-05 0.0
-3.72553004e-05 -1.4750045e-05 0.0
-4.47171587e-05 -1.44991182e-05 0.0
-4.79411974e-05 -2.67155447e-05 0.0
-6.56511402e-05 -4.95317472e-05 0.0
-4.53007924e-05 -2.52423597e-05 0.0
-3.07629598e-05 -1.55004855e-05 0.0
-6.12597796e-05 -2.36641063e-05 0.0
-1.63103159e-05 -3.46607385e-06 0.0
-5.62945679e-05 -3.67076864e-05 0.0
-0.000102119695 -5.93761542e-05 0.0
-2.38177508e-05 3.12176599e-06 0.0
-9.06362548e-05 -6.33209711e-05 0.0
-6.41164006e-05 -4.10364482e-05 0.0
-0.000105411775 -9.13174372e-05 0.0
-2.55488903e-05 -1.1027375e-05 0.0
-5.59884284e-05 -3.35653021e-05 0.0
-0.000154617897 -0.000116885167 0.0
-0.000101130943 -7.47984232e-05 0.0
-9.22165709e-05 -7.72506319e-05 0.0
-0.00010639269 -7.308161e-05 0.0
-4.32019042e-05 -9.80516324e-06 0.0
-0.000101762351 -6.73940885e-05 0.0
-0.000178911068 -0.000136099057 0.0
-9.03811087e-05 -6.57394194e-05 0.0
-0.000168138693 -0.000119944372 0.0
-0.000147675688 -0.000101373967 0.0
-5.93515288e-05 -3.35692675e-05 0.0
-5.70609773e-05 -3.94145609e-05 0.0
-0.000139698997 -0.000100272184 0.0
-0.000138259871 -0.000114372837 0.0
-0.000120160359 -8.54181926e-05 0.0
-5.69098156e-05 -3.4755154e-05 0.0
-0.000123940976 -8.78491046e-05 0.0
-7.2387571e-05 -3.12655757e-05 0.0
-0.000133176218 -9.53370181e-05 0.0
-1.15688736e-05 -3.21675066e-06 0.0
-0.000106984793 -9.02257161e-05 0.0
-0.000142748293 -0.000117300136 0.0
-0.000107021799 -6.67136846e-05 0.0
-8.0866721e-06 -1.06917505e-05 0.0
-0.000133067821 -0.000100095138 0.0
-3.21914267e-05 -8.34515049e-06 0.0
-0.000147876533 -0.000123433361 0.0
-0.000136422823 -0.000101633312 0.0
-0.00017001199 -0.000124640195 0.0
-0.000111695808 -8.97730279e-05 0.0
-2.57619031e-05 -4.83624672e-06 0.0
-0.000138550895 -0.000102003534 0.0
-8.30589343e-05 -4.44813268e-05 0.0
-8.73319732e-05 -7.09851811e-05 0.0
-9.87522799e-05 -6.06587346e-05 0.0
-0.000148508014 -0.000111511115 0.0
-0.000131725305 -9.00231389e-05 0.0
-9.73056522e-05 -6.93392722e-05 0.0
-0.000130809029 -0.000102166581 0.0
-8.76509002e-05 -6.36390469e-05 0.0
-0.000115249946 -7.96056847e-05 0.0
-4.13820999e-05 -2.23993393e-05 0.0
-3.7394555e-05 -2.02351457e-05 0.0
-7.33840279e-05 -4.88373444e-05 0.0
-3.17787999e-05 -1.38198002e-05 0.0
-0.000142359801 -0.000101316211 0.0
-0.000114282273 -8.92156604e-05 0.0
-7.450267e-05 -5.34230348e-05 0.0
-0.000101441903 -8.69168725e-05 0.0
-1.14476134e-05 3.87869522e-06 0.0
-0.000155773363 -0.00011291368 0.0
-2.28990739e-05 -5.62897276e-06 0.0
-9.18461737e-05 -6.48278437e-05 0.0
-7.19287491e-05 -5.38181303e-05 0.0
-0.000135622045 -0.000116346113 0.0
-0.000104166786 -7.54509892e-05 0.0
-0.000132218061 -9.5407122e-05 0.0
-2.5946274e-05 -9.36954712e-06 0.0
-2.46179261e-05 -1.02327185e-05 0.0
-4.7131216e-05 -2.5312771e-05 0.0
-3.59080077e-05 -1.28114634e-05 0.0
-6.64415566e-05 -4.46443155e-05 0.0
-0.000112469796 -8.02100112e-05 0.0
-0.000118789816 -8.9393252e-05 0.0
-0.000165407473 -0.000124502185 0.0
-6.57047567e-05 -4.40530421e-05 0.0
-6.10316129e-05 -4.3361084e-05 0.0
-2.18289788e-05 -2.02273641e-05 0.0
-5.66610252e-05 -3.82937469e-05 0.0
-0.000174006549 -0.000113430491 0.0
-0.000120129233 -0.000103586826 0.0
-0.000135476599 -0.000103606835 0.0
-0.000117952943 -8.5580803e-05 0.0
-6.9272457e-05 -2.95412301e-05 0.0
-8.32073783e-05 -5.55654078e-05 0.0
-0.000126685452 -9.17270227e-05 0.0
-3.86621214e-05 -2.18842706e-05 0.0
-0.00015367326 -0.000110165558 0.0
-7.31678738e-05 -5.44559625e-05 0.0
-1.65439378e-05 -1.75341429e-05 0.0
-9.50642643e-05 -6.72942624e-05 0.0
-7.3941017e-05 -5.15060419e-05 0.0
-5.18822599e-05 -3.51548697e-05 0.0
-0.000140671546 -0.000117489006 0.0
-1.11832724e-05 2.24011592e-06 0.0
-7.50901745e-05 -5.40176479e-05 0.0
-0.000148317835 -0.000108480985 0.0
-3.9382292e-05 -1.57424674e-05 0.0
-0.000141882469 -0.00010420927 0.0
-9.81419907e-06 9.92358878e-07 0.0
-0.000146513717 -9.8774879e-05 0.0
-5.04901946e-05 -3.38569589e-05 0.0
-4.91236096e-05 -2.79034612e-05 0.0
-7.67670645e-05 -3.93132432e-05 0.0
-0.000143482146 -0.000103561673 0.0
-7.40273535e-05 -5.55055849e-05 0.0
-0.00015118935 -0.000110654975 0.0
-0.000105103347 -8.45274917e-05 0.0
-2.51218098e-05 -5.34350875e-06 0.0
-8.45590112e-05 -6.45088803e-05 0.0
-0.000168952567 -0.000119019976 0.0
-4.35070506e-05 -2.08076253e-05 0.0
-2.72509278e-05 -3.09998131e-06 0.0
-0.000134688918 -9.61436526e-05 0.0
-0.00010931521 -8.04201336e-05 0.0
-0.000101361838 -6.8692716e-05 0.0
-0.0001480918 -0.000104289124 0.0
-4.69408587e-05 -2.06747955e-05 0.0
-4.93422776e-05 -2.88936917e-05 0.0
-5.6539815e-05 -3.22327978e-05 0.0
-0.000129525375 -0.000113103801 0.0
-0.00015454962 -0.00011102311 0.0
-8.51680597e-05 -4.24307545e-05 0.0
-0.000118649579 -8.06357566e-05 0.0
-6.99801458e-05 -5.04297313e-05 0.0
-0.000166711427 -0.000120940247 0.0
-0.000150540043 -0.000111275484 0.0
-0.000104032581 -6.49221547e-05 0.0
-0.000126114377 -8.98842845e-05 0.0
-8.78373976e-05 -5.85011076e-05 0.0
-5.40499459e-05 -3.3488217e-05 0.0
-4.51319356e-05 -2.11865372e-05 0.0
-0.000130296685 -0.000113414833 0.0
-7.37362789e-05 -3.38461468e-05 0.0
-0.000121994068 -9.07032736e-05 0.0
-0.000104802268 -7.33606284e-05 0.0
-0.000120701334 -9.10226227e-05 0.0
-5.67204734e-05 -3.27086673e-05 0.0
-7.45177895e-05 -5.07131408e-05 0.0
-5.63913891e-05 -3.25829642e-05 0.0
-0.000122250247 -7.61546835e-05 0.0
-0.000124316939 -8.00181951e-05 0.0
-5.50757868e-05 -3.21097723e-05 0.0
-3.66356289e-05 -6.17594515e-06 0.0
-2.75526527e-05 -2.37589229e-05 0.0
-0.000113141454 -7.2695635e-05 0.0
-2.80467211e-05 -7.65474033e-06 0.0
-9.48357338e-05 -6.17758851e-05 0.0
-0.000108120475 -8.14210143e-05 0.0
-0.000140653428 -0.000100704186 0.0
-9.55200085e-05 -5.65719893e-05 0.0
-6.56446064e-05 -2.57336342e-05 0.0
-0.000161399847 -0.000121380188 0.0
-9.96953313e-05 -5.53197206e-05 0.0
-0.000139632029 -0.000101203615 0.0
-9.65742292e-05 -6.35091274e-05 0.0
-3.3106433e-05 -8.59168722e-06 0.0
-6.89158915e-05 -5.01770846e-05 0.0
-3.61297498e-05 -1.93752858e-05 0.0
-0.00014514834 -0.000107781532 0.0
-0.000155469897 -0.000107380169 0.0
-0.000180189367 -0.000133705529 0.0
-6.78928991e-05 -4.82182113e-05 0.0
-9.30221431e-05 -6.5721877e-05 0.0
-1.37942898e-05 8.4772073e-06 0.0
-2.63701077e-05 -1.26445811e-05 0.0
-7.65259756e-05 -5.12512379e-05 0.0
-0.000128586325 -9.35843273e-05 0.0
-2.15043856e-05 1.30580281e-06 0.0
-7.77350433e-05 -5.62269925e-05 0.0
-9.28624722e-05 -7.17892399e-05 0.0
-8.44392125e-05 -4.40751501e-05 0.0
-2.74477297e-05 -1.06412526e-05 0.0
-0.000104925683 -6.21430736e-05 0.0
-0.000100978992 -6.97992218e-05 0.0
-0.000108255095 -9.01268941e-05 0.0
-0.000119479337 -8.14034356e-05 0.0
-9.21896062e-05 -4.77336762e-05 0.0
-5.87730465e-05 -3.87986729e-05 0.0
-0.000156889306 -0.00011262171 0.0
-0.000100489844 -7.66985831e-05 0.0
-0.000113162409 -7.73842476e-05 0.0
-0.000137332638 -9.83051941e-05 0.0
-3.79481171e-05 -1.7740058e-05 0.0
-9.52319242e-05 -7.06642895e-05 0.0
-8.04791198e-05 -5.80205924e-05 0.0
-4.1956715e-05 -1.88246468e-05 0.0
-0.000109728186 -8.92787502e-05 0.0
-6.96087809e-05 -4.44347788e-05 0.0
-0.000145454178 -0.000105104729 0.0
-6.16998659e-05 -4.17423944e-05 0.0
-0.000135663795 -0.000100441932 0.0
-3.9227536e-05 -2.21512109e-05 0.0
-9.74494178e-05 -7.0263588e-05 0.0
-0.000164409241 -0.000122302197 0.0
-0.000125223814 -7.92587889e-05 0.0
-8.39978529e-05 -6.75111878e-05 0.0
-0.00013351634 -9.65579602e-05 0.0
-5.74365549e-05 -3.57155623e-05 0.0
-0.00012894634 -9.1883885e-05 0.0
-6.82701284e-05 -4.23052079e-05 0.0
-5.09582678e-05 -3.29445902e-05 0.0
-4.09508757e-05 -1.92282259e-05 0.0
-3.63381696e-05 -1.49024745e-05 0.0
-7.00546952e-05 -5.40934561e-05 0.0
-0.000136402232 -0.000100609439 0.0
-4.41498123e-05 -1.99339302e-05 0.0
-0.000167242484 -0.000118916309 0.0
-0.000126107057 -8.88617942e-05 0.0
-9.87505628e-05 -7.64876895e-05 0.0
-2.03453237e-05 4.68552025e-06 0.0
-0.000125053091 -8.04094234e-05 0.0
-0.000168267667 -0.000118361313 0.0
-0.000128090789 -8.65089823e-05 0.0
-7.84469448e-05 -5.7428686e-05 0.0
-9.37192162e-05 -6.64064501e-05 0.0
-4.02681362e-05 -1.51019622e-05 0.0
-3.40205115e-05 -9.83232803e-06 0.0
-8.18428089e-06 1.11089921e-05 0.0
-8.65560214e-05 -4.94734086e-05 0.0
-0.000123027843 -8.57064733e-05 0.0
-5.06128017e-05 -2.26100437e-05 0.0
-5.64657785e-05 -3.37106685e-05 0.0
-8.93261822e-05 -4.89540071e-05 0.0
-0.000123071004 -8.77504353e-05 0.0
-4.03483282e-05 -2.09941682e-05 0.0
-7.41507101e-05 -5.73066754e-05 0.0
-8.67170675e-05 -7.13942645e-05 0.0
-9.12771284e-05 -6.31528383e-05 0.0
-6.55319527e-05 -4.34476497e-05 0.0
-1.14787117e-05 1.62641834e-06 0.0
-0.000102239101 -7.92517894e-05 0.0
-0.000134336966 -9.6385098e-05 0.0
-5.0677656e-05 -2.96413928e-05 0.0
-3.32834243e-05 -4.49294248e-06 0.0
-7.75855078e-05 -5.16414766e-05 0.0
-0.000176975591 -0.000134011789 0.0
-0.000162521363 -0.00011893527 0.0
-5.85388843e-05 -3.7989048e-05 0.0
-4.86631325e-05 -2.84143443e-05 0.0
-3.95419811e-05 -1.16700567e-05 0.0
-0.000117999574 -7.42026459e-05 0.0
-0.000157444403 -0.000113039452 0.0
-4.67826831e-05 -2.36255528e-05 0.0
-0.000109939043 -7.6692173e-05 0.0
-0.000108661894 -9.56970325e-05 0.0
-0.000101395206 -6.15827084e-05 0.0
-1.07210117e-05 -1.35600976e-05 0.0
-9.16755525e-05 -4.94139313e-05 0.0
-2.33636692e-05 -2.74769968e-06 0.0
-0.000110646273 -7.48127495e-05 0.0
-0.000138161995 -0.000101610342 0.0
-5.33387574e-05 -3.44795626e-05 0.0
-5.78569015e-05 -4.04552957e-05 0.0
-8.32424776e-05 -4.20370816e-05 0.0
-9.45424326e-05 -6.70022418e-05 0.0
-2.33373612e-05 -2.18126315e-05 0.0
-3.19680039e-05 -1.12728803e-05 0.0
-0.000129821128 -9.98325413e-05 0.0
-0.000103624399 -7.22955519e-05 0.0
-3.90790519e-05 -2.54623228e-05 0.0
-8.15757157e-05 -5.94674602e-05 0.0
-6.51670052e-05 -4.47218445e-05 0.0
-6.44042375e-05 -4.36745759e-05 0.0
-3.80070342e-05 -1.97847821e-05 0.0
-5.50938566e-05 -3.2548327e-05 0.0
-0.000140682125 -0.000104717139 0.0
-0.000146095641 -0.00010560263 0.0
-0.000124874248 -9.51482361e-05 0.0
-0.000100657315 -6.77958305e-05 0.0
-7.4966978e-05 -5.75641316e-05 0.0
-1.47852297e-05 -1.46080956e-05 0.0
-6.16987963e-05 -4.29092142e-05 0.0
-6.27523477e-05 -3.99897071e-05 0.0
-1.02818167e-05 -4.25310105e-07 0.0
-8.77294442e-05 -6.53351672e-05 0.0
-6.98459189e-05 -4.52676359e-05 0.0
-0.000132651738 -9.90209082e-05 0.0
-0.000153539644 -0.000112612077 0.0
-0.000133556314 -0.000105020401 0.0
-5.68342621e-05 -3.26360314e-05 0.0
-6.18908089e-05 -4.17805459e-05 0.0
-1.84380242e-05 -4.07161906e-06 0.0
-6.87811771e-05 -4.75324778e-05 0.0
-0.000110384084 -8.48032869e-05 0.0
-0.000109534049 -6.52921226e-05 0.0
-9.6503245e-05 -7.0967988e-05 0.0
-8.9711044e-05 -6.31174044e-05 0.0
-5.03835145e-05 -3.39309263e-05 0.0
-0.000102016253 -8.36180843e-05 0.0
-0.000102086677 -8.46017065e-05 0.0
-1.47514893e-05 -1.83995553e-06 0.0
-2.49323348e-05 -2.34395725e-06 0.0
-4.29971551e-05 -2.59373064e-05 0.0
-0.000100210047 -7.420154e-05 0.0
-7.60824987e-05 -6.05331952e-05 0.0
-0.000143753219 -9.34356503e-05 0.0
-0.00011258234 -8.47874689e-05 0.0
-5.91287899e-05 -3.84913292e-05 0.0
-0.000116778159 -7.78115791e-05 0.0
-0.000100493759 -6.82974205e-05 0.0
-5.97052058e-05 -3.28644419e-05 0.0
-8.08835612e-05 -4.39676842e-05 0.0
-0.000115596689 -8.41738001e-05 0.0
-9.3656643e-05 -7.95782908e-05 0.0
-5.89228184e-05 -3.73274161e-05 0.0
-4.54089059e-05 -2.81798293e-05 0.0
-8.7699329e-05 -6.22087609e-05 0.0
-3.48332105e-05 -3.47850596e-06 0.0
-7.83768191e-05 -6.19693601e-05 0.0
-0.000121462886 -7.71792911e-05 0.0
-0.000136317249 -0.000108609973 0.0
-0.000150753054 -0.00012494046 0.0
-6.70277077e-05 -4.84823322e-05 0.0
-9.79102333e-05 -6.74202238e-05 0.0
-3.14919562e-05 -9.73774695e-06 0.0
-0.000126185114 -0.000102579645 0.0
-5.51537196e-05 -3.00759821e-05 0.0
-9.32510447e-05 -7.58174065e-05 0.0
-0.000127741921 -9.73284841e-05 0.0
-8.84012479e-05 -6.90910383e-05 0.0
-4.94805572e-05 -1.48878598e-05 0.0
-0.000133865062 -9.56869262e-05 0.0
-6.01589636e-05 -3.84358536e-05 0.0
-4.95392924e-05 -2.87721214e-05 0.0
-3.09561256e-05 -1.56271017e-05 0.0
-0.000176501693 -0.000117607822 0.0
-0.000112299866 -7.31782638e-05 0.0
-7.5423246e-05 -4.83283548e-05 0.0
-4.00706922e-05 -1.76691901e-05 0.0
-6.35452743e-05 -2.35302741e-05 0.0
-7.53073909e-05 -5.98209626e-05 0.0
-5.9538168e-05 -4.35480906e-05 0.0
-0.000151391287 -0.000112787086 0.0
-4.36519367e-05 -2.11949809e-05 0.0
-0.000100907237 -7.76616653e-05 0.0
-7.41661133e-05 -5.62223249e-05 0.0
-7.04346021e-05 -5.11503313e-05 0.0
-0.000113072703 -8.12870785e-05 0.0
-7.58986644e-05 -3.56731653e-05 0.0
-0.000105110303 -9.2260103e-05 0.0
-0.000146255159 -0.000102655009 0.0
-7.73307256e-05 -5.66833878e-05 0.0
-0.000144747217 -0.000117352065 0.0
-0.000101726218 -6.45392647e-05 0.0
-3.53009673e-05 -1.27247613e-05 0.0
-0.000131782013 -9.63477432e-05 0.0
-0.000117250085 -8.31801444e-05 0.0
-4.29189604e-05 -2.0348989e-05 0.0
-8.52213489e-05 -6.22829903e-05 0.0
-5.69353688e-05 -3.63169784e-05 0.0
-7.25994323e-05 -3.24774046e-05 0.0
-0.000169496576 -0.000119792217 0.0
-0.000129453038 -8.93373071e-05 0.0
-0.000142122211 -9.69313405e-05 0.0
-9.28710797e-05 -5.58428474e-05 0.0
-0.000139332027 -0.000121114281 0.0
-0.000103796599 -8.15074818e-05 0.0
-0.000165741934 -0.000121806683 0.0
-0.000129967637 -8.98893049e-05 0.0
-9.19942249e-05 -5.70277116e-05 0.0
-9.93515787e-05 -8.41351502e-05 0.0
-0.000170655781 -0.000128382904 0.0
-0.000178890274 -0.000120173732 0.0
-8.41151414e-05 -6.21059735e-05 0.0
-0.000153683242 -0.000112409318 0.0
-4.5030305e-05 -2.42577571e-05 0.0
-0.000133552094 -9.02662141e-05 0.0
-2.1052756e-05 -1.74835423e-05 0.0
-7.52599663e-05 -4.93258594e-05 0.0
-0.000142086501 -0.000107739776 0.0
-0.000122636266 -8.68002462e-05 0.0
-7.91562343e-05 -3.91515714e-05 0.0
-1.43668776e-05 3.64212065e-06 0.0
-0.000139331314 -0.000105889405 0.0
-9.65255895e-05 -5.45884359e-05 0.0
-6.51345181e-05 -4.62516145e-05 0.0
-0.000108315719 -7.97268876e-05 0.0
-3.89350644e-05 -2.37797831e-05 0.0
-0.000117678261 -0.000100787212 0.0
-0.000135846029 -0.000112351154 0.0
-0.000122613914 -8.54065584e-05 0.0
-8.60454966e-05 -5.91805729e-05 0.0
-0.000108384702 -8.26914693e-05 0.0
-2.70926375e-05 -9.67867436e-06 0.0
-3.84841951e-06 -5.65808978e-06 0.0
-0.00012540484 -9.10499366e-05 0.0
-0.000152758541 -0.000109284309 0.0
-6.93262336e-05 -2.76255378e-05 0.0
-0.000129059554 -9.40970858e-05 0.0
-7.16469658e-05 -5.39687317e-05 0.0
-3.60835074e-05 -1.55618964e-05 0.0
-5.54896324e-05 -2.96770995e-05 0.0
-9.44029962e-05 -5.9781094e-05 0.0
-2.8019107e-05 -1.22455222e-05 0.0
-0.000146041231 -0.000108611152 0.0
-6.06189897e-05 -3.88811532e-05 0.0
-0.00013778123 -0.000109467845 0.0
-0.000108465596 -7.12240872e-05 0.0
-0.000136797418 -9.92432324e-05 0.0
-8.86241396e-05 -6.20315768e-05 0.0
-1.66690734e-05 7.99081045e-06 0.0
-8.33869344e-05 -6.09835261e-05 0.0
-0.000132290501 -0.000117164374 0.0
-3.64582374e-05 -1.80727511e-05 0.0
-8.30939171e-05 -6.21209983e-05 0.0
-0.000118617572 -8.30704521e-05 0.0
-6.85332489e-05 -4.88117439e-05 0.0
-5.40735437e-06 -1.05558402e-05 0.0
-1.91598338e-05 -3.49357538e-06 0.0
