0.00139070733 -1.8833076e-05 0.0
0.00136981579 2.17169963e-06 0.0
0.000462627155 -2.80516215e-05 0.0
0.000430248154 -2.74745471e-05 0.0
0.00046447519 -4.36117298e-05 0.0
0.00164819916 -2.74745471e-05 0.0
0.00168057811 -2.80516215e-05 0.0
0.000832198479 -0.000100233498 0.0
0.000808705459 -4.37687486e-05 0.0
0.000773759442 -7.26344078e-05 0.0
0.000121578465 2.29538527e-05 0.0
0.000145071492 -3.35108962e-05 0.0
0.00108985929 -0.000138456438 0.0
0.00107246463 -9.12900432e-05 0.0
0.00101645302 -0.000118543161 0.0
0.000385337567 -2.45674455e-05 0.0
0.000402732345 -7.17338335e-05 0.0
0.00115826714 2.29820216e-05 0.0
0.00113565463 6.78133874e-05 0.0
0.00164984993 -5.02278708e-05 0.0
0.00170781719 -5.31911683e-05 0.0
0.00165474589 2.06029745e-05 0.0
0.000489866245 -5.31911683e-05 0.0
0.000431898952 -5.02278708e-05 0.0
0.000805742224 -0.000102870741 0.0
0.000781694311 -4.1954052e-05 0.0
0.00144712231 -2.64388691e-05 0.0
0.00142395229 1.94041622e-05 0.0
0.000826327596 -5.89861156e-05 0.0
0.000805128948 3.32678355e-05 0.0
0.000213503808 4.87567522e-05 0.0
0.000147477942 4.61283489e-05 0.0
0.000202932322 -4.39593023e-05 0.0
0.00136542891 4.61283489e-05 0.0
0.00143145479 4.87567522e-05 0.0
0.00041914187 -6.12376462e-05 0.0
0.000394923845 3.46673405e-05 0.0
0.000423249265 -9.06020869e-05 0.0
0.000398817967 1.40357488e-05 0.0
0.000951418595 -3.86288848e-05 0.0
0.000930331124 2.74794966e-05 0.0
0.00143724191 -3.94507297e-05 0.0
0.00141478865 2.70096389e-05 0.0
0.0007291683 -0.000106267777 0.0
0.00070415379 -5.4252374e-05 0.0
0.00114375562 3.40986444e-05 0.0
0.00111920573 6.40464641e-05 0.0
0.000687127002 -6.67225977e-05 0.0
0.0 0.0 0.0
0.00121795095 0.0 0.0
0.00190507795 -6.67225977e-05 0.0
0.00139466778 -1.80932911e-05 0.0
0.00139789213 -1.64012345e-05 0.0
0.00140004186 -1.43660454e-05 0.0
0.00140085933 -1.22504116e-05 0.0
0.00140031253 -1.05236204e-05 0.0
0.00139812171 -8.91464788e-06 0.0
0.00139520632 -6.43879002e-06 0.0
0.00139100035 -3.06461584e-06 0.0
0.00138537376 -2.22821477e-08 0.0
0.00137986848 1.8846282e-06 0.0
0.00137458148 2.54927704e-06 0.0
0.00136581541 7.26395626e-07 0.0
0.00136293017 -1.31321201e-06 0.0
0.001361239 -3.60552576e-06 0.0
0.00136064994 -5.87240766e-06 0.0
0.00136169849 -8.50664765e-06 0.0
0.00136505079 -1.13762517e-05 0.0
0.00136962661 -1.32001533e-05 0.0
0.00137449405 -1.42858553e-05 0.0
0.00137879595 -1.64970934e-05 0.0
0.00138302019 -1.79783401e-05 0.0
0.00138681266 -1.89652601e-05 0.0
0.000431816705 -2.95566206e-05 0.0
0.000434824906 -3.04020796e-05 0.0
0.000438392977 -3.21297266e-05 0.0
0.000442984892 -3.52994502e-05 0.0
0.00044842335 -3.91063622e-05 0.0
0.000454125286 -4.18706077e-05 0.0
0.000459631759 -4.34002141e-05 0.0
0.00046846093 -4.29485153e-05 0.0
0.000471420353 -4.16065013e-05 0.0
0.000473274325 -3.97227086e-05 0.0
0.000474072091 -3.7124144e-05 0.0
0.000473500986 -3.37408273e-05 0.0
0.000471019361 -3.02930621e-05 0.0
0.00046703816 -2.87075873e-05 0.0
0.00167679961 -2.56742969e-05 0.0
0.00167273229 -2.31502345e-05 0.0
0.00166775321 -2.08554793e-05 0.0
0.00166225364 -1.99463047e-05 0.0
0.00165697874 -2.01454131e-05 0.0
0.00165290863 -2.15137625e-05 0.0
0.00165024004 -2.36302512e-05 0.0
0.00164880941 -2.57756801e-05 0.0
0.000799240719 -4.27204759e-05 0.0
0.000790778024 -4.34294307e-05 0.0
0.000783251366 -4.54459696e-05 0.0
0.000777205569 -4.88516125e-05 0.0
0.000772893545 -5.37348424e-05 0.0
0.000770836545 -6.00527455e-05 0.0
0.000771380553 -6.68954599e-05 0.0
0.000778121932 -7.73171123e-05 0.0
0.000783115393 -8.22879956e-05 0.0
0.000789644662 -8.84566616e-05 0.0
0.000797690125 -9.44765125e-05 0.0
0.000807119941 -9.94163638e-05 0.0
0.000816198939 -0.000102313956 0.0
0.00082481571 -0.000102448343 0.0
0.000151042987 -2.9245437e-05 0.0
0.00015553525 -2.3391638e-05 0.0
0.000158039213 -1.70548574e-05 0.0
0.000158146082 -1.07371843e-05 0.0
0.000155952701 -5.53462314e-06 0.0
0.000151967441 -6.69180963e-07 0.0
0.000146794089 6.47944216e-06 0.0
0.000139807191 1.36330964e-05 0.0
0.00013088157 1.94725762e-05 0.0
0.00106298295 -8.5906926e-05 0.0
0.0010527994 -8.24387462e-05 0.0
0.00104256417 -8.1705206e-05 0.0
0.00103311031 -8.37820116e-05 0.0
0.00102518906 -8.8553752e-05 0.0
0.00101934117 -9.47145236e-05 0.0
0.00101559202 -0.000101860533 0.0
0.00101411052 -0.000109814107 0.0
0.00102197262 -0.000126834188 0.0
0.00102930667 -0.000133462905 0.0
0.00103765388 -0.000139079682 0.0
0.00104662078 -0.000144093254 0.0
0.00105631514 -0.000147897648 0.0
0.00106623571 -0.000149079046 0.0
0.00107549143 -0.000147872241 0.0
0.0010836086 -0.000144132355 0.0
0.000406955543 -6.40520957e-05 0.0
0.000408271007 -5.53737445e-05 0.0
0.000406644365 -4.6596062e-05 0.0
0.000401788915 -3.84626001e-05 0.0
0.000394512113 -3.12178054e-05 0.0
0.00116491131 2.46608779e-05 0.0
0.00117006793 2.76903666e-05 0.0
0.00117369997 3.10327414e-05 0.0
0.00117506483 3.62458959e-05 0.0
0.00117380859 4.1811003e-05 0.0
0.00117092987 4.7204936e-05 0.0
0.00116607 5.06757679e-05 0.0
0.0011616135 5.52665297e-05 0.0
0.00115689973 5.94597877e-05 0.0
0.00115066976 6.35450197e-05 0.0
0.0011432973 6.66013148e-05 0.0
0.00112865074 6.70935115e-05 0.0
0.00112257886 6.46972621e-05 0.0
0.00111794693 6.12057629e-05 0.0
0.00111501245 5.70124139e-05 0.0
0.00111410359 5.24483694e-05 0.0
0.00111508346 4.70914711e-05 0.0
0.00111876766 4.02593832e-05 0.0
0.00112564792 3.2945376e-05 0.0
0.00113361911 2.73787173e-05 0.0
0.00114214909 2.40125501e-05 0.0
0.00115057651 2.26993634e-05 0.0
0.00171430153 -4.67090467e-05 0.0
0.00171837665 -3.88074877e-05 0.0
0.00171973289 -2.97595452e-05 0.0
0.001717348 -1.98009275e-05 0.0
0.00171089207 -8.70850181e-06 0.0
0.00170186313 1.31544562e-06 0.0
0.00169103569 9.49433888e-06 0.0
0.00167914294 1.58284729e-05 0.0
0.00166675169 1.98354719e-05 0.0
0.00164371659 1.82469284e-05 0.0
0.00163441384 1.30771969e-05 0.0
0.00162732089 6.25012626e-06 0.0
0.00162268628 -1.71175338e-06 0.0
0.00162084133 -1.07371634e-05 0.0
0.00162297965 -2.0465719e-05 0.0
0.00162730401 -2.93912817e-05 0.0
0.00163380976 -3.63937834e-05 0.0
0.00164098805 -4.3651693e-05 0.0
0.000441534474 -5.55730694e-05 0.0
0.000452280859 -5.92427459e-05 0.0
0.000463088247 -6.07294969e-05 0.0
0.000473245775 -6.00139792e-05 0.0
0.000482301431 -5.73436446e-05 0.0
0.000814534316 -0.000101135411 0.0
0.000822140428 -9.71532791e-05 0.0
0.000827816897 -9.19585509e-05 0.0
0.000831569487 -8.58784333e-05 0.0
0.00083317078 -7.94109001e-05 0.0
0.000831888407 -7.24613419e-05 0.0
0.00082790514 -6.7283705e-05 0.0
0.000823063543 -6.28452981e-05 0.0
0.00081714784 -5.75701088e-05 0.0
0.000809850346 -5.16920336e-05 0.0
0.000800927519 -4.68301914e-05 0.0
0.000791173719 -4.32872512e-05 0.0
0.000773103791 -4.2679625e-05 0.0
0.000765688659 -4.5291672e-05 0.0
0.00075996964 -4.92121762e-05 0.0
0.000756085909 -5.48187418e-05 0.0
0.000754554174 -6.1263614e-05 0.0
0.000755492656 -6.76620621e-05 0.0
0.000757833477 -7.43675846e-05 0.0
0.000762449461 -8.16792526e-05 0.0
0.000769193575 -8.9035304e-05 0.0
0.000777457666 -9.54582065e-05 0.0
0.000786754012 -9.99123586e-05 0.0
0.000796319859 -0.000102433398 0.0
0.00145412365 -2.49399982e-05 0.0
0.00145950564 -2.13761195e-05 0.0
0.00146302651 -1.65700058e-05 0.0
0.00146455702 -1.08035701e-05 0.0
0.00146335224 -4.60605042e-06 0.0
0.00145953207 1.53613723e-06 0.0
0.00145371677 6.79429331e-06 0.0
0.00144714268 1.14069298e-05 0.0
0.00143947569 1.54686604e-05 0.0
0.00143162697 1.85850458e-05 0.0
0.0014171307 1.82603653e-05 0.0
0.00141167268 1.52654411e-05 0.0
0.0014081737 1.10594128e-05 0.0
0.00140682515 6.09627932e-06 0.0
0.00140786753 9.9006661e-07 0.0
0.0014103516 -4.84626526e-06 0.0
0.00141544396 -1.15357016e-05 0.0
0.00142315577 -1.76751473e-05 0.0
0.00143110449 -2.24449468e-05 0.0
0.00143932214 -2.56166004e-05 0.0
0.000839736487 -5.69638578e-05 0.0
0.000851526507 -5.22647497e-05 0.0
0.000861049455 -4.47138409e-05 0.0
0.00086701609 -3.47838723e-05 0.0
0.000870269723 -2.30069963e-05 0.0
0.000870231481 -1.08462227e-05 0.0
0.000865697977 1.12984389e-06 0.0
0.000856828759 1.26346495e-05 0.0
0.000845531235 2.07863613e-05 0.0
0.000833260012 2.69144421e-05 0.0
0.000819403504 3.16970581e-05 0.0
0.000791397702 3.1411786e-05 0.0
0.000779442897 2.63550519e-05 0.0
0.000769816514 1.86365451e-05 0.0
0.000763099117 8.61137869e-06 0.0
0.0007601541 -3.29528757e-06 0.0
0.000761598989 -1.60535219e-05 0.0
0.000766807934 -2.78928255e-05 0.0
0.000775409571 -3.82172511e-05 0.0
0.00078641955 -4.62741773e-05 0.0
0.000798549503 -5.29485806e-05 0.0
0.000812105427 -5.72899808e-05 0.0
0.000139979631 3.75853924e-05 0.0
0.000135718714 2.7237802e-05 0.0
0.000134867892 1.62258893e-05 0.0
0.000137194482 5.36920925e-06 0.0
0.000142087301 -5.45147486e-06 0.0
0.000150017149 -1.68024653e-05 0.0
0.000161202246 -2.73755122e-05 0.0
0.000174405694 -3.62760911e-05 0.0
0.000188689257 -4.2103733e-05 0.0
0.000216229149 -4.24527498e-05 0.0
0.000227767552 -3.81150276e-05 0.0
0.000237077315 -3.11798904e-05 0.0
0.000243951799 -2.19059566e-05 0.0
0.000247663353 -1.04091332e-05 0.0
0.000247956574 2.79967071e-06 0.0
0.000244131093 1.64964513e-05 0.0
0.000236703519 2.93930079e-05 0.0
0.000226099248 4.03196937e-05 0.0
0.00141736912 5.45113617e-05 0.0
0.00140282966 5.70738302e-05 0.0
0.00138862757 5.66625786e-05 0.0
0.00137593853 5.26364929e-05 0.0
0.000432753324 -5.94647317e-05 0.0
0.00044430315 -5.44859649e-05 0.0
0.000453272631 -4.69081278e-05 0.0
0.00045887829 -3.70050002e-05 0.0
0.000460706331 -2.61611494e-05 0.0
0.000459287461 -1.54773134e-05 0.0
0.000454623776 -5.05138269e-06 0.0
0.000446692167 6.38496476e-06 0.0
0.000435319584 1.80662391e-05 0.0
0.000422346464 2.71792924e-05 0.0
0.000408666907 3.2954762e-05 0.0
0.00038219901 3.28306196e-05 0.0
0.000370918948 2.82095971e-05 0.0
0.000361786195 2.09918344e-05 0.0
0.000355286815 1.14285076e-05 0.0
0.00035188999 -2.55505284e-07 0.0
0.000352550676 -1.3543412e-05 0.0
0.000357648591 -2.74411123e-05 0.0
0.000365967368 -3.92665679e-05 0.0
0.000377162127 -4.86336976e-05 0.0
0.000390494039 -5.54822509e-05 0.0
0.000404720195 -5.99041123e-05 0.0
0.000438006187 -8.86492562e-05 0.0
0.000450856693 -8.32751975e-05 0.0
0.000461239455 -7.52076885e-05 0.0
0.000468449172 -6.50507718e-05 0.0
0.0004721148 -5.26707481e-05 0.0
0.0004707138 -3.84683517e-05 0.0
0.000465080317 -2.42651313e-05 0.0
0.000456023321 -1.20368295e-05 0.0
0.0004440005 -1.85849876e-06 0.0
0.000429915934 6.14175178e-06 0.0
0.000414518523 1.22375268e-05 0.0
0.000384079351 1.16519959e-05 0.0
0.000371219183 5.71216697e-06 0.0
0.000361056882 -3.25246265e-06 0.0
0.000354292279 -1.50671476e-05 0.0
0.000351550902 -2.81073408e-05 0.0
0.00035275906 -4.14700735e-05 0.0
0.000358365156 -5.41990885e-05 0.0
0.000367264292 -6.55420736e-05 0.0
0.000378917641 -7.53087079e-05 0.0
0.000392708549 -8.32178266e-05 0.0
0.000407756626 -8.86609123e-05 0.0
0.00096131285 -3.63669969e-05 0.0
0.000970066874 -3.17723352e-05 0.0
0.000976871583 -2.53392882e-05 0.0
0.000980881974 -1.7270364e-05 0.0
0.000981207588 -7.90637205e-06 0.0
0.000977641554 1.48365598e-06 0.0
0.000970100926 9.68182758e-06 0.0
0.000961270358 1.59827341e-05 0.0
0.000951641297 2.24231244e-05 0.0
0.000941113918 2.65134968e-05 0.0
0.000920374412 2.55685391e-05 0.0
0.000912032439 2.16821318e-05 0.0
0.000905842637 1.58179082e-05 0.0
0.000901868974 7.43372402e-06 0.0
0.000900513376 -3.03820934e-06 0.0
0.000902838598 -1.38551741e-05 0.0
0.000909944647 -2.38504872e-05 0.0
0.000920231163 -3.16665864e-05 0.0
0.000930394745 -3.60049307e-05 0.0
0.000941015081 -3.85937055e-05 0.0
0.00144676911 -3.69785412e-05 0.0
0.00145477813 -3.25904184e-05 0.0
0.00146082835 -2.66177267e-05 0.0
0.00146441406 -1.9616964e-05 0.0
0.00146549731 -1.18269245e-05 0.0
0.00146236049 -3.5527346e-06 0.0
0.0014564679 5.03197634e-06 0.0
0.00144945073 1.13268325e-05 0.0
0.00144200178 1.78004975e-05 0.0
0.00143363548 2.23938951e-05 0.0
0.00142475951 2.54798379e-05 0.0
0.00140472001 2.6430469e-05 0.0
0.00139530015 2.33168594e-05 0.0
0.00138831499 1.82837593e-05 0.0
0.00138376292 1.09464218e-05 0.0
0.00138152274 2.50216385e-06 0.0
0.00138221809 -6.6239304e-06 0.0
0.00138775143 -1.65373476e-05 0.0
0.00139634265 -2.44300099e-05 0.0
0.001406 -3.09178395e-05 0.0
0.00141614152 -3.62152095e-05 0.0
0.0014267948 -3.92937509e-05 0.0
0.000736327376 -0.000104782106 0.0
0.000742187549 -0.000102003665 0.0
0.000746195379 -9.79038305e-05 0.0
0.000748351216 -9.3190487e-05 0.0
0.000748898659 -8.79964791e-05 0.0
0.000747354177 -8.21128997e-05 0.0
0.000743899145 -7.55330548e-05 0.0
0.000738123723 -6.81512247e-05 0.0
0.000730097061 -6.1801351e-05 0.0
0.000721199554 -5.73096004e-05 0.0
0.000712531211 -5.48261123e-05 0.0
0.000696683244 -5.57277126e-05 0.0
0.000690636865 -5.85655071e-05 0.0
0.000686456566 -6.18304985e-05 0.0
0.000683528197 -6.64555409e-05 0.0
0.000683596591 -7.37999362e-05 0.0
0.000686344283 -8.12131257e-05 0.0
0.000691074063 -8.84726978e-05 0.0
0.000697554788 -9.41568214e-05 0.0
0.000704937906 -9.87119638e-05 0.0
0.000712866837 -0.000103176848 0.0
0.000721092743 -0.000105861523 0.0
0.00114872248 3.45380213e-05 0.0
0.00115278433 3.65638953e-05 0.0
0.00115561241 3.92575057e-05 0.0
0.00115713221 4.21222794e-05 0.0
0.00115773873 4.54994224e-05 0.0
0.00115685293 4.98314148e-05 0.0
0.00115315255 5.44109098e-05 0.0
0.00114718464 5.84071131e-05 0.0
0.00114099227 6.09944873e-05 0.0
0.00113478617 6.25589455e-05 0.0
0.00112935482 6.39365971e-05 0.0
0.00112404488 6.43159219e-05 0.0
0.00111494609 6.29065544e-05 0.0
0.00111186656 6.15058743e-05 0.0
0.0011097258 5.94187513e-05 0.0
0.00110882625 5.6684934e-05 0.0
0.00111012626 5.34155079e-05 0.0
0.00111252058 5.04515192e-05 0.0
0.00111621269 4.83841322e-05 0.0
0.00112030434 4.6329631e-05 0.0
0.00112380099 4.32813285e-05 0.0
0.00112786854 4.01774014e-05 0.0
0.00113271363 3.70679081e-05 0.0
0.00113828736 3.49628317e-05 0.0
0.000662904466 -7.51675689e-05 0.0
0.000612333301 -7.4001633e-05 0.0
0.000278308551 -2.99374005e-05 0.0
0.000261907699 -3.05169924e-05 0.0
0.000303593435 -4.76139257e-06 0.0
0.000346212619 2.14838165e-05 0.0
0.000350115646 3.25203328e-05 0.0
0.000326395064 3.54534095e-05 0.0
0.000279911066 3.74588271e-05 0.0
0.000228982739 3.77889846e-05 0.0
0.000194621985 3.50062473e-05 0.0
0.000185914294 3.21146763e-05 0.0
3.07767514e-05 5.86702772e-05 0.0
1.01058586e-05 5.2328578e-05 0.0
6.17277146e-06 3.51937597e-05 0.0
7.28914938e-06 1.74813067e-05 0.0
5.16432847e-05 3.40621853e-07 0.0
0.000226707663 -6.38455458e-05 0.0
0.000301164284 -5.85735143e-05 0.0
0.000491323008 -8.13500737e-05 0.0
0.00056992186 -5.7563022e-05 0.0
0.00065716129 9.29527596e-06 0.0
0.000728573359 5.7756537e-05 0.0
0.000776409754 7.4525029e-05 0.0
0.000805629883 6.84880943e-05 0.0
0.000844887574 5.88082803e-05 0.0
0.000892755517 5.00818423e-05 0.0
0.000941275968 4.77947251e-05 0.0
0.000986036379 5.23048366e-05 0.0
0.00102693506 5.87396207e-05 0.0
0.00106457516 5.38233799e-05 0.0
0.00108539267 4.83810727e-05 0.0
0.00110424857 3.65583437e-05 0.0
0.00113046763 2.6705482e-05 0.0
0.00116914453 1.33044687e-05 0.0
0.00122524018 1.74813067e-05 0.0
0.00122412376 3.51937597e-05 0.0
0.00122805685 5.2328578e-05 0.0
0.00124872779 5.86702772e-05 0.0
0.00140386529 3.21146763e-05 0.0
0.00141257304 3.50062473e-05 0.0
0.00144693372 3.77889846e-05 0.0
0.00149786205 3.74588271e-05 0.0
0.0015443461 3.54534095e-05 0.0
0.00156806665 3.25203328e-05 0.0
0.0015641636 2.14838165e-05 0.0
0.00152154441 -4.76139257e-06 0.0
0.00147985865 -3.05169924e-05 0.0
0.00149625959 -2.99374005e-05 0.0
0.00183028425 -7.4001633e-05 0.0
0.00188085553 -7.51675689e-05 0.0
0.00185627153 -5.34181308e-05 0.0
0.00181759463 -4.00171193e-05 0.0
0.00179137557 -3.01642576e-05 0.0
0.00177251967 -1.83415286e-05 0.0
0.00175170216 -1.28992187e-05 0.0
0.00171406206 -7.98297879e-06 0.0
0.00167316338 -1.44177648e-05 0.0
0.00162840297 -1.89278744e-05 0.0
0.00157988258 -1.66407553e-05 0.0
0.00153201458 -7.9143183e-06 0.0
0.00149275688 1.76549668e-06 0.0
0.00146353676 7.80243226e-06 0.0
0.0014157003 -8.96606434e-06 0.0
0.00134428835 -5.74273254e-05 0.0
0.00125704892 -0.000124285623 0.0
0.00117844995 -0.000148072664 0.0
0.000988291344 -0.000125296123 0.0
0.000913834665 -0.000130568151 0.0
0.000738770294 -6.6381981e-05 0.0
0.00108151755 -4.32278903e-05 0.0
0.000904391636 4.21346595e-05 0.0
0.00120044535 -3.02921762e-05 0.0
0.000721223361 -2.71194276e-05 0.0
0.000904352812 -6.5640168e-05 0.0
0.00113442168 -8.17258842e-06 0.0
0.00101660413 -9.46309083e-05 0.0
0.000586659531 -3.5433095e-05 0.0
0.00152161182 -2.77626041e-05 0.0
0.000960820296 5.27990996e-05 0.0
0.00117259065 1.74720244e-05 0.0
0.000598020444 -3.56571109e-05 0.0
0.00129277119 2.58314358e-05 0.0
0.000709817279 -8.88967697e-05 0.0
0.00133545673 6.98124495e-06 0.0
0.000956820732 6.08790433e-05 0.0
0.00123005011 -2.73586247e-05 0.0
0.000507196179 -2.65349604e-06 0.0
0.000496106222 -1.07840888e-05 0.0
0.000572810299 -1.71329739e-05 0.0
0.000890751195 -1.21350704e-05 0.0
0.000969856046 -1.76626872e-05 0.0
0.000962916238 -6.53069583e-05 0.0
0.00101791893 4.91260762e-05 0.0
0.00150919135 -3.48355479e-06 0.0
0.000841643021 8.49803826e-07 0.0
0.000797254441 4.25040853e-05 0.0
0.00128948921 -5.19682681e-06 0.0
0.000659364974 -7.93003419e-05 0.0
0.000591505086 -6.07606707e-05 0.0
0.000558601518 -4.31673689e-05 0.0
0.000367964181 -5.57005733e-05 0.0
0.00122699945 -1.56373353e-05 0.0
0.000687441207 -4.4726421e-05 0.0
0.00118456059 -6.85135228e-06 0.0
0.000796645414 -1.36399631e-05 0.0
0.000428669679 -1.94665135e-05 0.0
0.00110084913 -9.65302243e-05 0.0
0.00124562252 -2.26929606e-05 0.0
0.000834156875 -8.46785042e-05 0.0
0.00113970903 -3.83017323e-06 0.0
0.000867943512 -7.69219478e-05 0.0
0.00111983041 -5.64415968e-05 0.0
0.000317189842 -6.54097748e-05 0.0
0.00100749638 -3.46514389e-05 0.0
0.0010538171 4.41188604e-05 0.0
0.000432533678 -3.14412719e-05 0.0
0.00143395748 -4.952023e-07 0.0
0.000596076599 -1.64602068e-06 0.0
0.000531732745 -2.01131279e-05 0.0
0.000939549936 -0.000121023251 0.0
0.000592731754 -1.44214691e-05 0.0
0.00086771755 6.47370834e-05 0.0
0.00107235182 3.18958955e-05 0.0
0.000957678771 6.28611306e-05 0.0
6.76001291e-05 1.86999841e-05 0.0
0.000881355838 -8.00669284e-07 0.0
0.000601092761 -6.76060808e-05 0.0
0.000999044045 6.08964656e-05 0.0
0.00134161406 2.3187773e-05 0.0
0.00076256902 -3.54954318e-05 0.0
0.000689337554 -4.33952164e-06 0.0
0.000666467822 -9.4082221e-05 0.0
0.000683566206 -9.28751761e-05 0.0
0.00124683988 2.85163023e-05 0.0
0.000816711516 1.4541979e-05 0.0
0.000570957316 2.61918449e-05 0.0
0.000260672299 -5.46055162e-05 0.0
0.00159396278 -3.38323298e-05 0.0
0.00132916111 -1.49126172e-05 0.0
0.000377043645 -4.80750205e-05 0.0
0.000870353018 -7.42107295e-05 0.0
0.00130207883 1.44375736e-05 0.0
0.00104451738 5.66051349e-05 0.0
0.000668287335 -6.40469516e-05 0.0
0.00120818045 4.86927893e-05 0.0
0.000879559782 1.84866421e-05 0.0
0.00128786673 8.76725608e-06 0.0
0.000667499262 -8.53086167e-05 0.0
0.000905593857 -9.12714167e-05 0.0
0.00131986092 -1.46578604e-05 0.0
0.00113985396 -2.53747148e-05 0.0
0.00025823529 3.6344918e-05 0.0
0.00125501875 4.70463165e-05 0.0
0.000504282478 -2.89406489e-05 0.0
0.0015093456 1.23838845e-05 0.0
0.00104007206 7.6489614e-06 0.0
0.000592233089 -1.37218722e-05 0.0
0.00160059275 -3.43813081e-05 0.0
0.0014969114 -2.73077353e-06 0.0
0.000536283012 -6.14507298e-05 0.0
0.00117334526 -1.29882292e-05 0.0
0.000240340552 1.48443496e-05 0.0
0.00123906927 -1.34050451e-05 0.0
0.000514084299 -1.04597138e-05 0.0
0.00111026457 -1.78981063e-05 0.0
0.000902068627 -2.4927891e-05 0.0
0.00102279941 -6.55789991e-05 0.0
0.000913984084 3.97587028e-05 0.0
0.00130048161 -1.43989673e-05 0.0
0.000621896295 -8.75418846e-05 0.0
0.000670876005 -2.82837173e-05 0.0
0.0015260512 -2.25827207e-05 0.0
0.000745993748 -7.45044599e-05 0.0
0.000512139755 -1.72677246e-05 0.0
0.00155562942 -1.91659292e-05 0.0
0.000776488509 -3.55099328e-05 0.0
0.00101437024 5.87326176e-05 0.0
0.00134026434 -4.92471656e-07 0.0
0.00130475091 4.05323408e-05 0.0
0.000965053274 5.51236117e-05 0.0
0.00090530864 -5.26084259e-05 0.0
0.000730660569 -8.87384376e-05 0.0
0.000674602692 -6.02370201e-05 0.0
0.000582428707 -4.66951315e-05 0.0
0.0012344016 -0.000122358731 0.0
0.000499926857 -1.90555929e-05 0.0
0.00123452197 -2.05171491e-05 0.0
0.00154239603 -3.0796622e-05 0.0
0.00145472703 6.99849261e-06 0.0
0.00054515322 -1.43624611e-05 0.0
0.000336716155 -4.69077786e-05 0.0
0.000808481826 -1.15992807e-05 0.0
0.00100453664 -4.79476221e-05 0.0
0.00133342226 1.80585375e-05 0.0
0.00105897954 6.84523775e-06 0.0
0.000979043078 -3.91200374e-05 0.0
0.00112929672 -8.87365313e-05 0.0
0.0012482286 -1.25691913e-05 0.0
0.00154174538 -2.8709137e-05 0.0
0.000886225607 -1.03288112e-05 0.0
0.00115219282 -4.0164141e-05 0.0
0.000828154967 -9.24409178e-05 0.0
0.00141921185 2.44352905e-05 0.0
0.000573341793 -3.765375e-05 0.0
0.0010329627 -1.6130125e-05 0.0
0.00128895347 -2.23926181e-05 0.0
0.000444983103 -1.261327e-05 0.0
0.00123467832 1.61266817e-05 0.0
0.00102923543 -0.000122616824 0.0
0.00092848466 6.05325185e-05 0.0
0.00107446476 4.70025552e-05 0.0
0.00127681124 -1.48020526e-05 0.0
0.000459368486 -7.00934424e-06 0.0
0.000870172924 5.17909757e-05 0.0
0.00047193715 -1.41667933e-05 0.0
0.00033321642 -6.51252922e-05 0.0
0.00109813479 4.39704418e-05 0.0
0.00105293316 6.1773535e-05 0.0
0.000657793076 -4.92479994e-05 0.0
0.00124770799 4.52448148e-05 0.0
0.000622339314 -3.85125786e-05 0.0
0.000970533292 5.02430157e-05 0.0
0.00149151136 1.60050586e-05 0.0
0.000466839352 -2.5025136e-05 0.0
0.0010372668 1.97481459e-05 0.0
0.000392402377 -4.53377106e-05 0.0
0.000649129099 -3.31997362e-05 0.0
0.000264642935 -3.41342966e-05 0.0
0.000406147068 -3.11123949e-05 0.0
0.000945539388 -0.000123418999 0.0
0.000794281019 -8.74229081e-05 0.0
0.000647883222 -7.05127968e-05 0.0
0.000924777414 -5.06756332e-05 0.0
0.00118825398 2.90577518e-05 0.0
0.000973672315 8.62365869e-06 0.0
0.0016543495 -1.75270652e-05 0.0
0.000489604194 -1.81591604e-05 0.0
0.00146973657 4.06551089e-06 0.0
0.00152953644 5.86164242e-06 0.0
0.000548029493 -5.31279074e-05 0.0
0.000217334236 3.74514566e-05 0.0
0.00149199425 -1.20453433e-06 0.0
0.000577055442 -2.45045776e-05 0.0
0.00085553067 -8.23016962e-05 0.0
0.00082048506 -2.47105581e-05 0.0
0.00119449454 -2.97042261e-05 0.0
0.00124031131 3.85722815e-05 0.0
0.00109530275 -7.87564422e-05 0.0
0.000265723385 -6.83863691e-05 0.0
0.00059104251 -1.33493595e-05 0.0
0.000659994723 -6.5490327e-05 0.0
0.00107608375 -3.76090448e-08 0.0
4.94110755e-05 1.17072004e-05 0.0
0.000942137092 -0.000122553422 0.0
0.000250895711 -1.0327476e-06 0.0
0.000715104572 -7.63290082e-05 0.0
0.00155795796 -2.10375274e-05 0.0
0.00155278493 -3.05791145e-05 0.0
0.00066262827 -7.86240125e-05 0.0
0.000800857844 6.29033093e-05 0.0
0.000940440863 -9.44817075e-05 0.0
0.00121214532 4.17128831e-05 0.0
0.000386400003 -2.54112965e-05 0.0
0.00139333936 -2.47631342e-05 0.0
0.00133908074 8.85445934e-06 0.0
0.00144748134 -2.29791704e-06 0.0
0.00114858977 5.26005242e-05 0.0
0.000528944132 -1.36704848e-05 0.0
0.000538001768 -3.4878216e-05 0.0
0.000920692983 -6.31655639e-05 0.0
0.000777194684 -1.90832907e-05 0.0
0.00101230375 6.02670589e-05 0.0
0.000892898126 -2.86708309e-05 0.0
0.00075862091 8.02186787e-06 0.0
0.00117898977 -4.73104228e-05 0.0
0.000598344137 -7.07134677e-05 0.0
0.000840135152 1.35136188e-05 0.0
0.000705001818 -6.89924127e-05 0.0
0.000529625162 -7.12644469e-05 0.0
0.00121957331 -0.000103001534 0.0
0.000745811849 4.62186108e-05 0.0
0.000830540492 -7.79154361e-05 0.0
0.000965403626 6.40258586e-05 0.0
0.000658029923 -3.38069513e-05 0.0
0.00134441932 1.83490811e-05 0.0
0.00118071632 -3.79180456e-05 0.0
0.000590388372 -5.0646584e-05 0.0
0.00065999839 -3.79106095e-05 0.0
0.000865140348 2.34624185e-05 0.0
0.000554453814 -1.38514652e-05 0.0
0.000288487121 2.01536659e-05 0.0
0.000830252015 -8.27692129e-05 0.0
0.000534783176 -2.46994823e-05 0.0
0.00158716098 -3.43903012e-05 0.0
0.000891718606 2.79507694e-05 0.0
0.00100135966 5.14851199e-05 0.0
5.09250603e-05 3.85942585e-05 0.0
0.000316823396 -2.595767e-05 0.0
0.00181173591 -6.2275074e-05 0.0
0.00072050147 -8.64696849e-05 0.0
0.00133634754 -6.09475728e-06 0.0
0.00128158194 -7.00807004e-06 0.0
0.00132744422 9.72663565e-06 0.0
0.000999954413 -1.23769541e-05 0.0
0.00086920691 -0.000102264057 0.0
0.000720242097 -4.05284736e-05 0.0
0.00125962135 -3.13981836e-05 0.0
0.000639028847 -8.07744582e-05 0.0
0.00010059862 1.11744275e-05 0.0
0.000844799681 -8.12357612e-05 0.0
0.0008855302 -3.08057042e-06 0.0
0.00107763999 5.26272452e-05 0.0
0.000626761932 -4.44410543e-05 0.0
0.000352456904 -4.40491967e-05 0.0
0.000869935902 1.54414993e-05 0.0
0.000931181537 -6.78722572e-05 0.0
0.000929503934 5.95646598e-05 0.0
0.00125305809 -6.22847347e-06 0.0
0.000210028476 -5.28138116e-05 0.0
0.00144090084 -8.41807832e-06 0.0
0.000727492676 -3.85307321e-05 0.0
0.000959011551 5.03545634e-05 0.0
0.00116852531 4.8327267e-05 0.0
0.000926268287 -6.91750902e-05 0.0
0.000712831796 -9.44734202e-05 0.0
0.00130091119 1.61380649e-05 0.0
0.00125112315 -6.81700612e-06 0.0
0.000233619008 -1.43493144e-05 0.0
0.000600031402 -8.27157128e-05 0.0
0.00148741435 -3.64969401e-06 0.0
0.000300068903 -5.86040005e-06 0.0
0.000866507122 6.61048689e-05 0.0
0.00163209508 -3.23598179e-05 0.0
0.00137611281 -1.06517882e-05 0.0
0.00127007347 5.46394622e-05 0.0
0.00115082716 -7.01355166e-05 0.0
0.000544752984 1.62691122e-05 0.0
0.000310360163 -5.18424276e-05 0.0
0.000656702614 -8.79929576e-05 0.0
0.000709563377 -7.53335189e-05 0.0
0.00123679137 -6.88215659e-05 0.0
0.00136776618 2.52242135e-05 0.0
0.00107473682 -3.01248911e-05 0.0
0.000279923959 3.74874398e-05 0.0
0.00145176379 6.94762866e-06 0.0
0.000953093462 -8.6161228e-05 0.0
0.00107861415 -7.17916237e-06 0.0
0.000973067479 -8.30427452e-05 0.0
0.00101178361 -3.11369422e-06 0.0
0.000633454125 1.31516326e-05 0.0
0.000301704713 -2.32342409e-05 0.0
0.000768311846 -7.68260943e-05 0.0
0.0013620815 2.01685107e-05 0.0
0.00130148465 -1.3320524e-05 0.0
0.000864981383 -8.00332491e-05 0.0
0.000471462845 -2.58725977e-05 0.0
0.000629508984 -9.98263131e-05 0.0
0.000887953211 -1.63325076e-05 0.0
0.000609978626 -4.1021478e-05 0.0
0.00157982891 -2.50818121e-05 0.0
0.00159741682 -3.44104847e-05 0.0
0.000569948985 3.62817264e-05 0.0
0.00116280175 2.44544444e-05 0.0
5.93847399e-05 4.81371717e-05 0.0
0.00113327242 -3.78450045e-06 0.0
0.000189551327 -4.94933965e-06 0.0
0.00130952976 -1.62995657e-05 0.0
0.00121922139 -1.1240164e-05 0.0
0.00106391043 -0.000122461919 0.0
0.00136996259 -9.14441262e-06 0.0
0.0013084528 3.5744677e-05 0.0
0.0013330566 -5.79574844e-05 0.0
0.00147446594 2.48281012e-05 0.0
0.000926360022 -8.33730301e-05 0.0
0.0013257066 -4.26950646e-06 0.0
0.000400965917 -4.45693549e-05 0.0
0.000805755029 -1.0877951e-07 0.0
0.00063421356 -4.04449638e-05 0.0
0.00137277832 -2.26064913e-06 0.0
0.00152370404 1.29358095e-05 0.0
0.00169988046 -3.03362322e-06 0.0
0.000758926792 -5.64854272e-05 0.0
0.00103265536 -1.82431904e-05 0.0
0.000477552909 -5.14664353e-05 0.0
0.000315336889 -6.19301718e-05 0.0
0.000967516389 -3.38547943e-05 0.0
0.000949629757 -0.000106285377 0.0
0.000407609419 -3.55486955e-05 0.0
0.000848735101 1.232662e-05 0.0
0.000573343772 -3.58054021e-05 0.0
0.00128013128 2.80664353e-05 0.0
0.000344996195 -5.91368371e-05 0.0
0.00149689126 4.69973975e-06 0.0
0.000911000185 -3.72113318e-05 0.0
0.000585462316 -2.32235543e-05 0.0
0.00118037465 -1.83667471e-05 0.0
0.00139335648 2.76590599e-05 0.0
0.000299683976 -8.11298014e-06 0.0
0.00116969412 -0.000146236693 0.0
0.000770768907 -8.49728458e-05 0.0
0.000956340693 -4.98260088e-05 0.0
0.00114835112 -5.97633953e-05 0.0
0.00110598898 4.34647045e-05 0.0
0.000497830391 -2.33597966e-05 0.0
0.000504777825 -1.82261738e-05 0.0
0.000290132681 1.36376748e-05 0.0
0.000614537683 -4.64938821e-05 0.0
0.0004116903 -3.35218174e-05 0.0
0.0012420055 -7.22710138e-06 0.0
0.000366805878 -4.80561866e-05 0.0
0.000991957844 -0.000132541463 0.0
0.00109352497 5.07039331e-05 0.0
0.000797927321 -8.97587088e-05 0.0
0.00140065036 -1.33422709e-05 0.0
0.0014263615 -2.33505673e-07 0.0
0.000338635262 -1.75749792e-05 0.0
0.00104827853 -0.000103001526 0.0
0.000635993201 -1.07715396e-05 0.0
0.00105780154 -7.42606135e-05 0.0
0.000457615155 -8.03176499e-06 0.0
0.000666158216 -1.22292222e-05 0.0
0.000862299814 3.77593133e-05 0.0
0.00110535184 4.13231683e-05 0.0
0.00107721041 4.55751542e-05 0.0
0.000926998851 -0.00010595841 0.0
0.000264842791 -3.29538707e-05 0.0
0.00146954111 1.66815187e-06 0.0
0.00108643691 -5.3416421e-05 0.0
0.00116922392 7.73668773e-07 0.0
0.000433158828 -2.80468666e-05 0.0
0.0014919712 9.06499736e-06 0.0
0.00148571108 -5.83950259e-06 0.0
0.00160512479 -3.33136995e-05 0.0
0.000566415663 -3.50223927e-05 0.0
0.00110577175 5.31003789e-05 0.0
0.000271315628 1.67896669e-05 0.0
0.000911189301 6.33204327e-05 0.0
0.000472888991 -7.08992739e-05 0.0
0.00118853117 3.43671527e-05 0.0
0.0011364019 -3.36484663e-05 0.0
0.000503557094 4.78342508e-06 0.0
0.000582204317 1.97181416e-05 0.0
0.0013010354 2.0659967e-05 0.0
0.000845077098 -9.20617094e-05 0.0
0.000606991758 -2.0927162e-05 0.0
0.00102775765 6.48484347e-05 0.0
0.000657125725 -7.37010705e-05 0.0
0.00101711135 5.07264303e-07 0.0
0.00061687018 -7.86478195e-05 0.0
0.000559932087 -6.61881058e-05 0.0
0.000529758225 -1.57149625e-05 0.0
0.00115213881 -5.16535765e-05 0.0
0.000388615066 -3.41629966e-05 0.0
0.00046472036 -1.70342901e-05 0.0
0.000454559631 -1.63679688e-05 0.0
0.00161637226 -2.61068726e-05 0.0
0.00154839875 -2.55046034e-05 0.0
0.000246804499 3.13787714e-05 0.0
0.00101085892 5.31992846e-05 0.0
0.000428712548 -4.13755661e-05 0.0
0.00153408537 -2.92550358e-05 0.0
0.00154747372 1.33898848e-05 0.0
0.000335591409 -4.27264786e-05 0.0
0.000871023803 -7.44585923e-05 0.0
0.000667930814 -3.04079822e-05 0.0
0.00142995454 -1.78250484e-05 0.0
8.42927184e-05 1.16800211e-05 0.0
0.0013590419 2.02933443e-05 0.0
0.000536859734 -4.27591258e-05 0.0
0.000978833763 -3.13966993e-05 0.0
0.00160680444 -3.33751268e-05 0.0
0.000770862971 -4.00999088e-05 0.0
0.00102306437 4.79450937e-05 0.0
0.00132411614 2.26178981e-05 0.0
0.000810228579 -9.45926004e-05 0.0
9.43000996e-05 1.77184884e-05 0.0
0.0009554805 5.49687284e-05 0.0
0.00133533427 -9.0486983e-06 0.0
0.000881803804 -7.39483148e-05 0.0
0.00104995596 5.94865705e-05 0.0
0.000839465007 -4.28063089e-07 0.0
0.000936705212 5.35054678e-05 0.0
0.000673473696 -9.64239443e-05 0.0
0.00109009177 4.9780836e-05 0.0
0.000878602325 2.09812242e-05 0.0
0.000848904019 -5.6727964e-05 0.0
0.00139327603 -3.90791547e-06 0.0
0.00132348388 -1.21948406e-05 0.0
0.00109287747 -1.86799061e-05 0.0
0.00068117457 -9.30426831e-05 0.0
3.73367802e-05 2.59700773e-05 0.0
0.000752540305 -4.59281691e-05 0.0
0.00083838834 -1.63341138e-05 0.0
0.000306746631 -6.41013903e-05 0.0
0.000461518794 -1.56661281e-05 0.0
0.000530870864 -2.71674453e-05 0.0
0.0012592572 -2.06302448e-05 0.0
0.00132105581 1.53995079e-05 0.0
0.000517979381 -2.68018557e-05 0.0
0.000437205599 -1.23201999e-05 0.0
0.000720548036 -7.79303373e-05 0.0
0.000690390298 1.67840426e-05 0.0
0.000903312641 2.69219763e-05 0.0
0.000583891349 -6.918086e-05 0.0
0.00147606782 -2.48566867e-05 0.0
0.0011244003 3.35909281e-05 0.0
0.000842786452 -4.9805556e-05 0.0
0.00109537877 6.03544649e-05 0.0
0.000593570527 -2.02287847e-05 0.0
0.000739432056 -7.20463868e-05 0.0
0.000214990359 -4.02013902e-05 0.0
0.000827968004 7.05396233e-05 0.0
0.00105728931 6.34446696e-05 0.0
0.00122222467 2.3120414e-05 0.0
0.000367800327 3.37081983e-05 0.0
0.00146222289 -3.93765589e-07 0.0
0.000534407678 -4.12453737e-05 0.0
0.000716089678 -7.01012032e-05 0.0
0.00110743486 -1.4854696e-05 0.0
0.00131343142 2.99059648e-05 0.0
0.000504559022 -2.97776587e-05 0.0
0.00117402838 4.56249545e-05 0.0
0.00127097836 -8.62223715e-06 0.0
0.000685186416 -6.65863772e-05 0.0
0.000918502687 4.14507704e-05 0.0
0.000734450703 -4.32952002e-05 0.0
0.000498209207 -2.00701325e-05 0.0
0.00119551457 1.66011614e-05 0.0
0.000383268372 2.97020943e-05 0.0
0.0014297046 5.99909345e-06 0.0
0.000803195289 -7.07703875e-05 0.0
0.000715082453 -7.59349059e-05 0.0
0.00112324255 4.84796001e-05 0.0
0.0011806835 6.39007776e-05 0.0
0.000835555256 5.67636016e-05 0.0
0.000611723983 -4.3080614e-05 0.0
0.000624119129 -9.94131697e-05 0.0
0.000610509713 -5.29123936e-05 0.0
0.000486794102 -2.84312518e-05 0.0
0.000431994617 -1.95584162e-05 0.0
0.00119296496 3.7169244e-05 0.0
0.00150044286 -8.06107892e-06 0.0
0.000282492867 1.00176203e-05 0.0
0.000803266128 -2.42653587e-05 0.0
0.000308598741 -4.64600889e-05 0.0
0.00180281443 -4.68023864e-05 0.0
0.00107698014 -1.79735707e-06 0.0
0.000926929119 -3.94311028e-05 0.0
0.000992647139 6.22995576e-05 0.0
0.00126632466 3.60857484e-05 0.0
0.000356908509 3.39180478e-05 0.0
0.00110570446 5.0185492e-05 0.0
0.00133875734 1.64593148e-05 0.0
0.000995480688 5.88010553e-05 0.0
0.00123164209 1.65414917e-06 0.0
0.000979141914 5.03024712e-05 0.0
0.000307551411 2.83738264e-05 0.0
0.00138489774 -1.05357331e-05 0.0
0.00128090894 2.58499458e-05 0.0
0.000688281201 -5.63799149e-05 0.0
0.00140902633 -7.65850473e-06 0.0
0.000747620594 -7.25937643e-05 0.0
0.000669236062 -7.5714408e-05 0.0
0.00101517502 9.33068895e-06 0.0
0.000370106398 -6.06138092e-05 0.0
0.000994310598 -0.000116800577 0.0
0.000838167383 -8.24001763e-05 0.0
0.000917939818 5.12647493e-05 0.0
0.000546972617 -5.74954684e-05 0.0
0.000641917053 2.49204113e-05 0.0
0.00119323796 5.1193696e-05 0.0
0.00151849689 -1.70361145e-05 0.0
0.00155665388 -2.15946402e-05 0.0
0.00148667058 -2.07367816e-06 0.0
0.00129961141 -7.0729908e-07 0.0
0.000665140804 -2.5311745e-05 0.0
0.000529143843 -1.78552928e-05 0.0
0.00153395068 -3.69917434e-05 0.0
0.001633237 -3.11058502e-05 0.0
0.00124063855 2.21470395e-06 0.0
0.000631164352 -4.63410834e-05 0.0
0.00163613027 -1.66507234e-05 0.0
0.00186519139 -6.53624593e-05 0.0
0.000875405793 6.36496543e-06 0.0
0.000879062049 -0.000108588501 0.0
0.000823222683 2.53609755e-06 0.0
0.00143488462 -7.2419416e-06 0.0
0.000127962761 6.68285429e-06 0.0
0.000480745221 -3.63883692e-06 0.0
0.00156139035 -4.91134051e-06 0.0
0.000905143272 -7.84951044e-05 0.0
0.00125040871 3.78254517e-05 0.0
0.000382407918 -3.63803447e-05 0.0
0.000822016969 -6.87383363e-05 0.0
0.00140924577 8.52191624e-06 0.0
0.000232383682 3.82325452e-05 0.0
0.000804114447 -8.77397033e-05 0.0
0.00107302901 5.59753753e-05 0.0
0.000735395355 -7.10201421e-05 0.0
0.000795049244 -7.17546718e-05 0.0
0.00103308959 -5.43307106e-05 0.0
0.00102545938 8.41730252e-06 0.0
0.00134324504 -2.03645759e-05 0.0
0.000746450329 2.33151695e-05 0.0
2.63156926e-05 6.07396032e-06 0.0
0.00123939069 -2.53833114e-05 0.0
0.00157557765 1.73597891e-05 0.0
0.00125169242 2.2994238e-05 0.0
0.000872811012 -0.000108111431 0.0
0.000306429109 3.62674946e-05 0.0
0.000821828959 3.32113268e-05 0.0
0.000550805242 -7.15603746e-05 0.0
0.00121717015 1.86513444e-05 0.0
0.000708507083 -1.48895142e-05 0.0
0.00129830057 5.81794666e-06 0.0
0.000671123038 -9.8223034e-05 0.0
0.000800082926 -7.54263237e-05 0.0
0.00101892988 1.9675765e-08 0.0
0.000904644956 -9.38583908e-05 0.0
0.000794943073 -7.93126746e-05 0.0
0.000461860385 -3.80823767e-05 0.0
0.000836233434 -1.84851651e-05 0.0
0.000746972102 -8.19941924e-05 0.0
0.000768272206 -5.63256071e-06 0.0
0.000591404503 -7.85185985e-05 0.0
0.000893516932 -7.1492097e-05 0.0
0.000715330883 -9.13568001e-05 0.0
8.2601473e-05 1.06615053e-05 0.0
0.000353198935 -4.9475384e-05 0.0
