-0.00211603916 0.000645647116 0.0
-0.00208424847 0.000571441546 0.0
-0.000685089442 0.000626531488 0.0
-0.000607953756 0.000616527221 0.0
-0.000678960467 0.000649105874 0.0
-0.00239044451 0.000616527221 0.0
-0.00246758014 0.000626531488 0.0
-0.00130162225 0.00107309723 0.0
-0.00126583769 0.000812384125 0.0
-0.00107011956 0.000928551541 0.0
-9.91028937e-05 -5.44812865e-05 0.0
-0.00013488745 0.000206231794 0.0
-0.00172242278 0.0010350548 0.0
-0.00169589242 0.00094435917 0.0
-0.00159303658 0.000982536818 0.0
-0.000529157696 7.74937871e-05 0.0
-0.000555687933 0.000168189435 0.0
-0.00185690681 -1.40349619e-06 0.0
-0.00181248505 -0.00011049804 0.0
-0.00240578828 0.000707736297 0.0
-0.00249771844 0.00071961584 0.0
-0.00240755943 0.000614659686 0.0
-0.000715227623 0.00071961584 0.0
-0.000623297528 0.000707736297 0.0
-0.00117907173 0.000824743358 0.0
-0.00113347208 0.00062116544 0.0
-0.002258769 0.000674659677 0.0
-0.00221475307 0.000633057032 0.0
-0.00109206024 0.000391131529 0.0
-0.00103390368 0.000311016251 0.0
-0.000329642615 2.48806682e-05 0.0
-0.000204092663 2.07602297e-05 0.0
-0.000328560913 0.000189971208 0.0
-0.00198658346 2.07602297e-05 0.0
-0.00211213343 2.48806682e-05 0.0
-0.000817291555 0.00042127553 0.0
-0.000775016844 0.000252882339 0.0
-0.000623514701 0.000422345853 0.0
-0.000551132776 0.000130821965 0.0
-0.00124306954 0.000406493346 0.0
-0.00120958302 0.000343864347 0.0
-0.00221466599 0.000595677993 0.0
-0.00218192465 0.000464979705 0.0
-0.00107570691 0.000504437718 0.0
-0.00102801889 0.000473784807 0.0
-0.00139829423 0.000254687679 0.0
-0.00134952948 0.000297046092 0.0
-0.00116673484 0.00086686539 0.0
0.0 0.0 0.0
-0.00178249076 0.0 0.0
-0.00294922572 0.00086686539 0.0
-0.00212840899 0.000644846936 0.0
-0.00213977462 0.00064093835 0.0
-0.00214843266 0.000635494653 0.0
-0.00215330161 0.000629089598 0.0
-0.0021544497 0.000622869877 0.0
-0.00215226994 0.000616626232 0.0
-0.00214778236 0.000607908936 0.0
-0.00213927357 0.000597077771 0.0
-0.00212658895 0.000586630951 0.0
-0.00211269618 0.000578563544 0.0
-0.00209824252 0.000573480269 0.0
-0.00207143975 0.000572515884 0.0
-0.00206052256 0.000577212137 0.0
-0.00205322891 0.000584235298 0.0
-0.00204928475 0.00059267279 0.0
-0.00204894878 0.000602040207 0.0
-0.00205394742 0.00061144738 0.0
-0.00206133304 0.000618951512 0.0
-0.00207070052 0.000625591842 0.0
-0.00208010431 0.000632997602 0.0
-0.00209152861 0.000639022735 0.0
-0.0021032556 0.000643783365 0.0
-0.000613052514 0.000619418977 0.0
-0.000619146449 0.000622338091 0.0
-0.000625173503 0.000626622874 0.0
-0.000633101445 0.000632476702 0.0
-0.00064307038 0.000639451144 0.0
-0.000654873962 0.000644838961 0.0
-0.000667108747 0.000648234622 0.0
-0.00068986218 0.000649384107 0.0
-0.000696678821 0.000649080263 0.0
-0.000699034485 0.000648517336 0.0
-0.000698504271 0.000646579429 0.0
-0.000697721203 0.000642094004 0.0
-0.000695023162 0.000635875505 0.0
-0.000690905959 0.00063110597 0.0
-0.00246108999 0.000619662751 0.0
-0.00245267618 0.000612494303 0.0
-0.00244225282 0.000605179579 0.0
-0.00243039313 0.000600742234 0.0
-0.00241717976 0.000598993036 0.0
-0.0024042516 0.000601475593 0.0
-0.00239209738 0.000608174538 0.0
-0.00238970132 0.000613603799 0.0
-0.00122627919 0.000803044473 0.0
-0.00118703058 0.000801904534 0.0
-0.00114831456 0.000807810749 0.0
-0.00111683994 0.000821227208 0.0
-0.00109427061 0.000841540634 0.0
-0.00107901392 0.00086719729 0.0
-0.00107123691 0.000896933605 0.0
-0.00107735523 0.000960219826 0.0
-0.00109274813 0.000992115238 0.0
-0.00111754402 0.00102259673 0.0
-0.00115112972 0.00104848051 0.0
-0.00119144493 0.00106868183 0.0
-0.00122991833 0.00108047039 0.0
-0.00126761233 0.00108086946 0.0
-0.000163837656 0.000190009756 0.0
-0.00018792387 0.000166725586 0.0
-0.000204994081 0.000138716816 0.0
-0.000213352556 0.000108274158 0.0
-0.00021290865 7.94606822e-05 0.0
-0.000204910189 5.08004487e-05 0.0
-0.000189377592 1.91710387e-05 0.0
-0.000166041471 -1.10723886e-05 0.0
-0.000134875736 -3.67033026e-05 0.0
-0.00167796353 0.000932467752 0.0
-0.0016602698 0.000923759944 0.0
-0.00164274825 0.000920054095 0.0
-0.00162813778 0.000919449958 0.0
-0.00161245232 0.000926000415 0.0
-0.00160113431 0.000936324417 0.0
-0.00159340445 0.000949453097 0.0
-0.00158982561 0.000965126324 0.0
-0.00160174083 0.000999387936 0.0
-0.00161465432 0.00101315114 0.0
-0.00163136295 0.00102528313 0.0
-0.00165023166 0.0010351059 0.0
-0.001668051 0.00104215322 0.0
-0.00168423646 0.00104600808 0.0
-0.00169791922 0.00104744826 0.0
-0.00171150838 0.0010428204 0.0
-0.000563856098 0.000156303358 0.0
-0.000567447743 0.000141672295 0.0
-0.000565677241 0.000125082515 0.0
-0.000558404718 0.000108473621 0.0
-0.000546338037 9.24121123e-05 0.0
-0.00187811791 -4.97295969e-06 0.0
-0.00189051032 -1.17632453e-05 0.0
-0.00189552025 -1.87823534e-05 0.0
-0.00189516868 -2.93162375e-05 0.0
-0.00189219415 -4.04974744e-05 0.0
-0.00188887306 -5.1251387e-05 0.0
-0.00188182166 -6.23884844e-05 0.0
-0.00187332626 -7.49274986e-05 0.0
-0.00186128111 -8.72639357e-05 0.0
-0.00184670009 -9.83642094e-05 0.0
-0.00183031487 -0.000106735046 0.0
-0.00179647293 -0.000110051282 0.0
-0.00178191182 -0.000106179468 0.0
-0.00177051628 -9.89678229e-05 0.0
-0.00176260807 -8.94214318e-05 0.0
-0.00175950839 -7.86086312e-05 0.0
-0.00175945007 -6.60328005e-05 0.0
-0.00176307897 -5.08908415e-05 0.0
-0.00177417777 -3.41901505e-05 0.0
-0.00178927695 -1.96194542e-05 0.0
-0.00180863333 -8.35362698e-06 0.0
-0.00183149159 -2.05377273e-06 0.0
-0.00250479602 0.000711655768 0.0
-0.00250876672 0.000702031655 0.0
-0.00251024612 0.000690209155 0.0
-0.00250629545 0.00067616743 0.0
-0.00249703019 0.00066070247 0.0
-0.002483716 0.000645908003 0.0
-0.00246603647 0.000632901851 0.0
-0.00244537857 0.000622636115 0.0
-0.00242463313 0.00061651069 0.0
-0.00239406852 0.000617265876 0.0
-0.00238254224 0.000623746018 0.0
-0.00237271818 0.000632251205 0.0
-0.0023660583 0.000641813444 0.0
-0.00236433628 0.000652126386 0.0
-0.00236768532 0.000663061219 0.0
-0.00237324974 0.000674085575 0.0
-0.00238139299 0.000684545783 0.0
-0.00239165314 0.000696268922 0.0
-0.000638777274 0.000717231072 0.0
-0.000656680088 0.000723821984 0.0
-0.000674808631 0.000726538303 0.0
-0.00069105369 0.000725947553 0.0
-0.000705495884 0.000723698002 0.0
-0.00120670884 0.000823633687 0.0
-0.00123147969 0.000815690088 0.0
-0.00125164422 0.000802433933 0.0
-0.0012669249 0.000784778967 0.0
-0.00127678015 0.000763989054 0.0
-0.0012794605 0.000740521529 0.0
-0.00127502147 0.000717591844 0.0
-0.00126532139 0.000694913091 0.0
-0.00124875724 0.000672383176 0.0
-0.00122526381 0.000651529117 0.0
-0.00119631703 0.000635340984 0.0
-0.0011647892 0.000624389737 0.0
-0.00110509584 0.000623194152 0.0
-0.00108194421 0.000629531685 0.0
-0.00106605678 0.000638472964 0.0
-0.00105494168 0.000652531802 0.0
-0.00104841299 0.000670681475 0.0
-0.00104626163 0.000691767316 0.0
-0.00104900566 0.000715673494 0.0
-0.00105877826 0.000741225143 0.0
-0.0010751572 0.000766421028 0.0
-0.00109647459 0.000789362879 0.0
-0.00112278201 0.000807343516 0.0
-0.00115052483 0.000819440116 0.0
-0.00226410758 0.000674299547 0.0
-0.00226767641 0.000671706046 0.0
-0.00227026036 0.000667800079 0.0
-0.002270689 0.000662949111 0.0
-0.00226795021 0.0006580755 0.0
-0.00226250407 0.000653069466 0.0
-0.00225453312 0.000648630667 0.0
-0.00224490929 0.00064382545 0.0
-0.00223309384 0.000639322039 0.0
-0.00222266745 0.000635610369 0.0
-0.00220932066 0.000630730647 0.0
-0.00220383075 0.000632644747 0.0
-0.00220140256 0.000634959317 0.0
-0.00220103608 0.000637684658 0.0
-0.0022035148 0.000640712271 0.0
-0.00220727688 0.000645931927 0.0
-0.00221469416 0.000653907715 0.0
-0.00222631264 0.000661820406 0.0
-0.00223838864 0.000668182387 0.0
-0.0022504821 0.000672142312 0.0
-0.00110849168 0.000389259425 0.0
-0.00111906393 0.00038788587 0.0
-0.00112425408 0.000383181119 0.0
-0.0011260662 0.000377034448 0.0
-0.00112692511 0.000368614303 0.0
-0.00112609251 0.000358371064 0.0
-0.00112064742 0.000346440822 0.0
-0.00111056026 0.000333753007 0.0
-0.00109605771 0.000324125198 0.0
-0.00107868703 0.000316614518 0.0
-0.00105695229 0.00031120496 0.0
-0.00101501634 0.000312824384 0.0
-0.00100679987 0.000314627861 0.0
-0.00100547867 0.000317179598 0.0
-0.00100442825 0.000322926324 0.0
-0.00100506726 0.000331396062 0.0
-0.00100835494 0.000342614512 0.0
-0.00101556175 0.000354540272 0.0
-0.00102585321 0.000365998421 0.0
-0.00103952584 0.00037588703 0.0
-0.00105513528 0.000383964565 0.0
-0.00107264658 0.000389102206 0.0
-0.000194789391 3.30004805e-05 0.0
-0.000188230217 4.87973084e-05 0.0
-0.000186142803 6.74439943e-05 0.0
-0.000188776874 8.78023347e-05 0.0
-0.000197934234 0.00011007482 0.0
-0.00021404268 0.000134025569 0.0
-0.000237142245 0.0001562291 0.0
-0.000266052433 0.000174934568 0.0
-0.000298765401 0.000186238773 0.0
-0.000348902482 0.000188446298 0.0
-0.000361275946 0.000183297496 0.0
-0.000372523587 0.00017368632 0.0
-0.000383107632 0.000159452058 0.0
-0.000388812186 0.000140603108 0.0
-0.000389827037 0.000117539646 0.0
-0.000383930019 9.22683903e-05 0.0
-0.00037134852 6.64801555e-05 0.0
-0.000352620438 4.35189686e-05 0.0
-0.00208455441 1.12055613e-05 0.0
-0.00205434044 5.60550961e-06 0.0
-0.00202443264 5.50880804e-06 0.0
-0.00200129114 1.21505791e-05 0.0
-0.000845798873 0.000420155498 0.0
-0.000864592381 0.000413228321 0.0
-0.000875233673 0.000401404948 0.0
-0.00088122132 0.000386679516 0.0
-0.000884099456 0.000369159447 0.0
-0.000882730761 0.000349232927 0.0
-0.000876679434 0.000327568559 0.0
-0.000864451809 0.000305547554 0.0
-0.000845045142 0.00028505025 0.0
-0.000822434435 0.000269412674 0.0
-0.000798591762 0.000257842476 0.0
-0.000753134547 0.000253691833 0.0
-0.000733110181 0.000259472406 0.0
-0.000716817216 0.000270016637 0.0
-0.000705226208 0.000284677604 0.0
-0.000698536751 0.000302855566 0.0
-0.000697741925 0.000324345106 0.0
-0.000703215657 0.000348033733 0.0
-0.000715212605 0.000370956172 0.0
-0.000733879686 0.000390865287 0.0
-0.000758245762 0.000406579813 0.0
-0.00078644522 0.000417171454 0.0
-0.00067022728 0.000417386997 0.0
-0.00070276577 0.000405158993 0.0
-0.00072601845 0.000385575986 0.0
-0.0007435109 0.000359734346 0.0
-0.000753085595 0.000328508642 0.0
-0.000753567205 0.000292912999 0.0
-0.000744778838 0.000254756509 0.0
-0.000724411744 0.000218003028 0.0
-0.000693430076 0.000183916374 0.0
-0.00065081293 0.000156416732 0.0
-0.000600514177 0.000137558105 0.0
-0.000512490398 0.000136316085 0.0
-0.000483014155 0.00015010369 0.0
-0.00045728765 0.000172671891 0.0
-0.000438178307 0.00020304379 0.0
-0.000427933439 0.000237760687 0.0
-0.000427520019 0.00027477488 0.0
-0.000438295596 0.000311220647 0.0
-0.000458354538 0.000345911132 0.0
-0.000488939055 0.000376740994 0.0
-0.00052840705 0.000401888363 0.0
-0.00057392352 0.000417397037 0.0
-0.0012554283 0.000406243518 0.0
-0.00126665609 0.000402905687 0.0
-0.00127584836 0.000397584285 0.0
-0.00127965363 0.000389680732 0.0
-0.00127883034 0.000380241196 0.0
-0.00127374125 0.000370492431 0.0
-0.00126278121 0.000361235696 0.0
-0.00124905026 0.00035483687 0.0
-0.0012349335 0.000348161062 0.0
-0.0012196895 0.000344520377 0.0
-0.00120197574 0.0003449285 0.0
-0.00119561993 0.000346228655 0.0
-0.00119000743 0.000349364651 0.0
-0.00118569506 0.000355490658 0.0
-0.00118440262 0.000364482228 0.0
-0.00118656375 0.000375571923 0.0
-0.0011948396 0.000387874898 0.0
-0.00120767672 0.000397381024 0.0
-0.00121927971 0.000401832687 0.0
-0.0012310117 0.000405149854 0.0
-0.00223800074 0.000592272903 0.0
-0.0022597576 0.000583918532 0.0
-0.0022733903 0.00057190709 0.0
-0.002276727 0.000561187917 0.0
-0.00227693492 0.000547495612 0.0
-0.00227136211 0.000533430546 0.0
-0.00226313598 0.000518118788 0.0
-0.00225165184 0.000503883173 0.0
-0.00223896443 0.00048940134 0.0
-0.00222173985 0.000477825379 0.0
-0.00220239838 0.000469621416 0.0
-0.00216189376 0.000464707351 0.0
-0.00214189594 0.000470179715 0.0
-0.00212864648 0.000479922775 0.0
-0.00211962219 0.000493409403 0.0
-0.00211443775 0.000509365054 0.0
-0.00211580959 0.00052582199 0.0
-0.00212454726 0.000544229057 0.0
-0.00213891384 0.000560315966 0.0
-0.0021562383 0.000574054662 0.0
-0.00217535836 0.000585345842 0.0
-0.00219466747 0.000593243807 0.0
-0.00107799564 0.000505018281 0.0
-0.00107982487 0.000505932258 0.0
-0.00108128088 0.000505915144 0.0
-0.00108187879 0.000506341516 0.0
-0.00108066236 0.000506553159 0.0
-0.00107747538 0.000506314507 0.0
-0.00107370317 0.00050344289 0.0
-0.00106838602 0.000496635213 0.0
-0.00106058654 0.000488344231 0.0
-0.00105116807 0.000480780349 0.0
-0.00104067603 0.000476130197 0.0
-0.00101696083 0.00047426275 0.0
-0.00101345242 0.000475732202 0.0
-0.001017384 0.000475799898 0.0
-0.00102026551 0.000476332265 0.0
-0.00102393585 0.000479324837 0.0
-0.00102866883 0.000483435579 0.0
-0.00103400985 0.00048866967 0.0
-0.00104144856 0.000493376749 0.0
-0.00105114281 0.000497194414 0.0
-0.0010603274 0.000501309638 0.0
-0.00107071036 0.000503601739 0.0
-0.00139522471 0.000257428212 0.0
-0.00139136543 0.000259343156 0.0
-0.00138794398 0.000261540874 0.0
-0.00138375128 0.000265488517 0.0
-0.00138034229 0.000269291137 0.0
-0.00137653085 0.000273422367 0.0
-0.00137138308 0.000277395709 0.0
-0.00136645266 0.000280766806 0.0
-0.00136102643 0.000284569833 0.0
-0.00135621859 0.000289252552 0.0
-0.00135342067 0.00029259923 0.0
-0.00135159981 0.00029568866 0.0
-0.00134869292 0.000297580933 0.0
-0.00135615433 0.000293537654 0.0
-0.00136469316 0.000288154202 0.0
-0.00137404178 0.000282270339 0.0
-0.00138375803 0.000275506987 0.0
-0.00139073248 0.000267642434 0.0
-0.00139605126 0.000260216853 0.0
-0.00139864336 0.00025439923 0.0
-0.00139995944 0.000251397025 0.0
-0.00140143919 0.000250506302 0.0
-0.00140158483 0.000251494552 0.0
-0.00140030286 0.000252947968 0.0
-0.00111453165 0.000861475593 0.0
-0.00101221295 0.000836786581 0.0
-0.000465663034 0.000594507786 0.0
-0.000446418941 0.000581936387 0.0
-0.000590919168 0.000447458617 0.0
-0.000712396752 0.000320893712 0.0
-0.000726594124 0.000270736695 0.0
-0.000694421062 0.000230204038 0.0
-0.00056069839 0.000189215352 0.0
-0.000333120639 0.000113308437 0.0
-0.000280955195 8.33717713e-05 0.0
-0.000285372138 6.10782809e-05 0.0
-0.000108337961 -9.90886383e-06 0.0
-7.62724376e-05 -1.38341866e-05 0.0
-5.30953548e-05 -1.01221976e-05 0.0
-3.2225882e-05 -5.28070223e-06 0.0
-3.45777516e-05 -2.01646981e-06 0.0
-0.000215453227 0.000257557229 0.0
-0.000307329901 0.000239322733 0.0
-0.000626526715 0.000205795208 0.0
-0.000685516512 0.000212397033 0.0
-0.000815911742 7.27632141e-05 0.0
-0.000978987198 -9.84659418e-05 0.0
-0.00111269893 -0.000211405059 0.0
-0.00115942373 -0.00020588866 0.0
-0.00121225649 -0.000192670908 0.0
-0.0012639137 -0.000180248535 0.0
-0.00130626489 -0.00016745356 0.0
-0.00135256525 -0.000160711075 0.0
-0.0013999372 -0.000158617768 0.0
-0.00148474507 -0.000140233096 0.0
-0.00156227429 -0.000123917765 0.0
-0.00168461085 -6.74114708e-05 0.0
-0.00173358002 -4.29237334e-05 0.0
-0.00175630406 -2.3266055e-05 0.0
-0.00181471673 -5.28070223e-06 0.0
-0.00183558615 -1.01221976e-05 0.0
-0.00185876328 -1.38341866e-05 0.0
-0.00189082872 -9.90886383e-06 0.0
-0.00206786301 6.10782809e-05 0.0
-0.00206344598 8.33717713e-05 0.0
-0.00211561145 0.000113308437 0.0
-0.0023431892 0.000189215352 0.0
-0.00247691176 0.000230204038 0.0
-0.002509085 0.000270736695 0.0
-0.00249488768 0.000320893712 0.0
-0.00237340992 0.000447458617 0.0
-0.00222890964 0.000581936387 0.0
-0.00224815379 0.000594507786 0.0
-0.0027947037 0.000836786581 0.0
-0.00289702252 0.000861475593 0.0
-0.00292303879 0.000843599322 0.0
-0.00290031475 0.000823941664 0.0
-0.00285134558 0.000799453934 0.0
-0.00272900914 0.000742947625 0.0
-0.00265147979 0.000726632308 0.0
-0.00256667193 0.000708247651 0.0
-0.00251929997 0.000706154329 0.0
-0.00247299974 0.000699411845 0.0
-0.00243064854 0.00068661687 0.0
-0.00237899134 0.000674194482 0.0
-0.00232615857 0.000660976744 0.0
-0.00227943365 0.000655460346 0.0
-0.00214572204 0.000768399448 0.0
-0.00198264653 0.000939628633 0.0
-0.00185225136 0.00107926247 0.0
-0.0017932615 0.00107266055 0.0
-0.00147406466 0.00110618817 0.0
-0.00138218806 0.00112442265 0.0
-0.00120131252 0.000864848902 0.0
-0.00173727551 0.000595157908 0.0
-0.00126827031 0.000146217499 0.0
-0.00195904658 0.000641262624 0.0
-0.000947305933 0.000263705413 0.0
-0.00141161669 0.000540056266 0.0
-0.00177479815 0.000511376245 0.0
-0.00166199554 0.000745667901 0.0
-0.000782417366 0.000235411091 0.0
-0.00231002504 0.000590512238 0.0
-0.00125823554 0.000225880503 0.0
-0.00171015644 0.000467142789 0.0
-0.000900364888 0.000487365178 0.0
-0.00191611587 3.70569433e-05 0.0
-0.00102367741 0.00044444215 0.0
-0.00180799619 0.000249537639 0.0
-0.00149449962 -0.00013797768 0.0
-0.00194900623 0.000619410712 0.0
-0.000697383948 0.000173998429 0.0
-0.000820545305 0.000330988376 0.0
-0.000785458426 0.000682384998 0.0
-0.00116385194 0.000368843728 0.0
-0.00144501799 0.00045873769 0.0
-0.00156443543 0.000594994286 0.0
-0.00148597092 9.46330329e-05 0.0
-0.00225471123 0.000601005217 0.0
-0.00113612495 0.000266881369 0.0
-0.00109066791 4.59939365e-05 0.0
-0.00203289534 0.000620302802 0.0
-0.000878854131 0.000807865639 0.0
-0.000764904893 0.000240301277 0.0
-0.000889324991 0.000363121479 0.0
-0.0006445623 0.000337905716 0.0
-0.00204318902 0.000642431318 0.0
-0.000919729762 0.000302345055 0.0
-0.00184498739 0.000497764908 0.0
-0.00110748725 0.000379069883 0.0
-0.000739702955 0.00031756112 0.0
-0.00182346697 0.000782772957 0.0
-0.00195830571 0.000587953837 0.0
-0.00131558441 0.000555907434 0.0
-0.00165764545 0.000506522891 0.0
-0.00124653138 0.000518756045 0.0
-0.00184333045 0.000645996537 0.0
-0.000345191365 0.000292301673 0.0
-0.00158019701 0.000531748519 0.0
-0.00139868108 0.000211994644 0.0
-0.000588449184 0.000170881511 0.0
-0.00223702472 0.000376811455 0.0
-0.000790796301 0.000227864221 0.0
-0.00090100657 0.000441645883 0.0
-0.00141943642 0.00093151693 0.0
-0.000815593579 0.000517974666 0.0
-0.00130508444 -0.000149285421 0.0
-0.00134403841 0.000323405286 0.0
-0.00122461037 0.000247071381 0.0
-8.49181015e-05 1.53343099e-05 0.0
-0.00114772387 0.000352583011 0.0
-0.000975701085 0.000480066548 0.0
-0.00153499492 -0.000159504969 0.0
-0.00194309803 8.0788559e-05 0.0
-0.00103623839 0.000313709228 0.0
-0.000875667552 0.0001685483 0.0
-0.00100503734 0.000454005843 0.0
-0.000968832057 0.000443335332 0.0
-0.00165392121 0.000163686738 0.0
-0.0011154674 0.000206912475 0.0
-0.000761117088 0.000208720958 0.0
-0.000291372824 0.000255198363 0.0
-0.00238156202 0.000700720819 0.0
-0.0018367602 0.000444390549 0.0
-0.000479977054 0.000225138181 0.0
-0.0013873704 0.00058007997 0.0
-0.00198542024 1.95029097e-05 0.0
-0.00169233466 -8.56230545e-05 0.0
-0.0009331326 0.000558620202 0.0
-0.00177704194 4.2210786e-06 0.0
-0.00116754184 0.000267931289 0.0
-0.00206858432 0.000620255072 0.0
-0.000958609569 0.000761459116 0.0
-0.00135584676 0.00075475045 0.0
-0.00199507829 0.000597993494 0.0
-0.00180702272 0.00057098252 0.0
-0.00038003744 0.000110880937 0.0
-0.00193082308 0.000426179584 0.0
-0.000685865176 0.000177960334 0.0
-0.00229795487 0.000619287835 0.0
-0.00154340942 0.00042088097 0.0
-0.000797245768 0.000692385365 0.0
-0.00236545876 0.000632289099 0.0
-0.00222944003 0.000630317663 0.0
-0.000710033521 0.000217213164 0.0
-0.0017943912 0.000509068952 0.0
-0.000335412653 9.54156349e-05 0.0
-0.00194054749 0.000547052652 0.0
-0.000848902913 0.000368826091 0.0
-0.00161498028 0.000500192516 0.0
-0.00121322437 0.00042121025 0.0
-0.00167584582 0.000619357626 0.0
-0.00123107876 0.000209543214 0.0
-0.00203093607 0.000612787204 0.0
-0.000947083987 0.000420361583 0.0
-0.000890062423 0.00029070265 0.0
-0.00231812359 0.0005781902 0.0
-0.00107161107 0.000443352124 0.0
-0.000723785895 0.000654412201 0.0
-0.00234269025 0.000578900042 0.0
-0.00105129229 0.000401403493 0.0
-0.0012870034 0.00024533656 0.0
-0.00208467478 0.000617817219 0.0
-0.00196688157 5.53980135e-06 0.0
-0.00149461452 -2.04183107e-05 0.0
-0.00148499128 0.000764631783 0.0
-0.000959129538 0.000881986576 0.0
-0.000896792975 0.000793568383 0.0
-0.00080656074 0.000719032134 0.0
-0.0018162966 0.00103886309 0.0
-0.000816509128 0.000305179623 0.0
-0.00197247486 0.000628557056 0.0
-0.0023061703 0.000603395049 0.0
-0.00220447988 0.000571867917 0.0
-0.000845849048 0.000483670301 0.0
-0.000633323449 0.000320216262 0.0
-0.00113578432 0.000383882201 0.0
-0.0016037653 0.000565817929 0.0
-0.00198957743 4.04310631e-05 0.0
-0.00137306435 0.000383686187 0.0
-0.00125378266 0.000395427225 0.0
-0.00187453302 0.000796975801 0.0
-0.00206543948 0.000666281325 0.0
-0.00231983629 0.000596013386 0.0
-0.00115631719 0.000365382701 0.0
-0.00185958447 0.000624429435 0.0
-0.00122957199 0.000531260972 0.0
-0.00208331458 0.000146796054 0.0
-0.000900334097 0.000386451575 0.0
-0.00159984047 0.000500375289 0.0
-0.00200923998 0.00060586608 0.0
-0.000779544294 0.000341339037 0.0
-0.00150964502 0.000288209267 0.0
-0.00162672589 0.000933446863 0.0
-0.00138496468 -0.000174520945 0.0
-0.0016052305 5.23352646e-05 0.0
-0.00192374177 0.000595842605 0.0
-0.000764097262 0.000271271332 0.0
-0.00126345968 1.81387531e-05 0.0
-0.000671116344 0.000189916696 0.0
-0.000531005382 0.000307870214 0.0
-0.0014954959 0.000184661927 0.0
-0.00170105987 -0.000119864664 0.0
-0.000867456605 0.000271419383 0.0
-0.00191201142 -2.17995125e-06 0.0
-0.000769876759 0.000217672918 0.0
-0.00130155764 0.000195372093 0.0
-0.00237565115 0.000326351292 0.0
-0.000639571808 0.0001512077 0.0
-0.00129552034 0.000333221047 0.0
-0.000714623777 0.000355508761 0.0
-0.000888500887 0.000525239157 0.0
-0.000315596088 0.000219133421 0.0
-0.000678777753 0.000304609304 0.0
-0.00141976366 0.00109916297 0.0
-0.00124104274 0.000564478745 0.0
-0.000969008019 0.000510065584 0.0
-0.00140876404 0.000513111474 0.0
-0.00181281415 -1.62359138e-05 0.0
-0.00133521494 0.000379350007 0.0
-0.00244857208 0.000698016607 0.0
-0.00086519093 0.000420254219 0.0
-0.00228358363 0.000654266449 0.0
-0.00230260636 0.000627292437 0.0
-0.000869408774 0.000358247315 0.0
-0.00032187358 7.79071343e-05 0.0
-0.00223370153 0.000633746968 0.0
-0.00077871012 0.000713607296 0.0
-0.00133091211 0.000692500733 0.0
-0.00110328489 0.000315511483 0.0
-0.00189842458 0.000604677771 0.0
-0.00192378601 -2.4081397e-05 0.0
-0.00182360155 0.000694207789 0.0
-0.000273887708 0.000275841448 0.0
-0.000805173477 0.00054304779 0.0
-0.00100722711 0.000808170473 0.0
-0.00159616396 0.000439891592 0.0
-5.4842214e-05 3.73849002e-06 0.0
-0.00145871355 0.000951581402 0.0
-0.000326471578 0.000142082616 0.0
-0.00114714191 0.000854580314 0.0
-0.00229279837 0.000646054687 0.0
-0.00235761725 0.000693362614 0.0
-0.000975713483 0.000718257797 0.0
-0.00114226574 -0.000109557885 0.0
-0.00146042346 0.000884906272 0.0
-0.00164979871 0.000121968449 0.0
-0.000557190448 0.000583555549 0.0
-0.00211315998 0.000538566092 0.0
-0.00210864656 0.000618776947 0.0
-0.00217391085 0.000621792569 0.0
-0.00147612637 0.000310625881 0.0
-0.000740420423 0.00067144254 0.0
-0.000937643577 0.000427152379 0.0
-0.00146995415 0.000559170498 0.0
-0.00105255353 0.000277103391 0.0
-0.00149833621 -0.00015643613 0.0
-0.00116963673 0.000383940671 0.0
-0.00100447517 0.000175576104 0.0
-0.00196589343 0.000665001338 0.0
-0.000850644603 0.000756241672 0.0
-0.0011199225 0.000348552567 0.0
-0.000953964074 0.000603706168 0.0
-0.000687232532 0.000217908571 0.0
-0.00184633222 0.00097015599 0.0
-0.000998921925 -3.40056317e-06 0.0
-0.00113677396 0.00048704294 0.0
-0.00121945469 0.000255431369 0.0
-0.000872354489 0.000741239463 0.0
-0.00208719145 0.00048580562 0.0
-0.00190948881 0.000636419922 0.0
-0.000782260438 0.000241173082 0.0
-0.000847236486 0.000247012969 0.0
-0.00117317669 0.000220283007 0.0
-0.000746630598 0.00020463331 0.0
-0.000442361488 0.000144246442 0.0
-0.00131325133 0.000603585388 0.0
-0.000752153748 0.000663559418 0.0
-0.00235830457 0.000692701782 0.0
-0.00117056456 0.000270676595 0.0
-0.00131913554 0.000210683138 0.0
-9.03421897e-05 3.28270789e-06 0.0
-0.000599042512 0.000281993474 0.0
-0.00281226239 0.000830294797 0.0
-0.00100736634 0.000801083108 0.0
-0.00207231822 0.000607862778 0.0
-0.00198620232 0.000546967553 0.0
-0.00201539905 2.42831447e-05 0.0
-0.0012698879 0.000370477675 0.0
-0.00125301455 0.000838824839 0.0
-0.0009683799 0.000295350532 0.0
-0.00203969888 0.00072764192 0.0
-0.000979726436 0.000449792744 0.0
-0.000110432586 2.9069528e-05 0.0
-0.0011727981 0.00050266058 0.0
-0.00115461752 0.000356275617 0.0
-0.00172890292 -5.84305308e-05 0.0
-0.000905205321 0.00075745536 0.0
-0.000427909661 0.000186758276 0.0
-0.00114153523 0.00033784844 0.0
-0.00149665866 0.000860695145 0.0
-0.00144536584 -9.84703074e-05 0.0
-0.00201343303 0.000624672102 0.0
-0.000217640205 0.000240769659 0.0
-0.00223732716 0.000636957178 0.0
-0.000978123862 0.000338047917 0.0
-0.00138220855 0.000111633555 0.0
-0.00165042642 6.91226232e-05 0.0
-0.00147958763 0.000822280766 0.0
-0.00105351245 0.000472986663 0.0
-0.002100877 0.000621488725 0.0
-0.00186522643 0.000562341593 0.0
-0.000290824217 0.000170694053 0.0
-0.00098820019 0.000476032641 0.0
-0.00231084856 0.000663207436 0.0
-0.000431102235 0.000146066537 0.0
-0.00128047506 -0.000183360724 0.0
-0.00239673443 0.000642392901 0.0
-0.00208425708 0.000592873141 0.0
-0.00199094205 0.000379234785 0.0
-0.00191515381 0.000785052485 0.0
-0.000738608593 0.00019269003 0.0
-0.000541962858 0.000283630798 0.0
-0.000896955898 0.000447525148 0.0
-0.00094353524 0.000851515797 0.0
-0.00193906564 0.000851174816 0.0
-0.00200623646 6.5842265e-05 0.0
-0.00170187315 0.000557686028 0.0
-0.000453178101 0.00015748966 0.0
-0.00225514872 0.000655301323 0.0
-0.0015403966 0.000944369764 0.0
-0.0015870455 0.000428460655 0.0
-0.00157546496 0.000675624877 0.0
-0.0012791974 0.000360715727 0.0
-0.000821856374 0.000243072602 0.0
-0.000445272599 0.000173381108 0.0
-0.00104242389 0.00090258132 0.0
-0.00203849445 3.45474327e-05 0.0
-0.00202144962 0.000572739751 0.0
-0.00134797953 0.000543462986 0.0
-0.000680538709 0.000651824987 0.0
-0.000932121708 0.000434964197 0.0
-0.00115911372 0.000371010101 0.0
-0.000843341288 0.000378707598 0.0
-0.002366581 0.000581429049 0.0
-0.00237882091 0.000594019599 0.0
-0.000761046249 0.000210874816 0.0
-0.00178241485 -2.51610218e-05 0.0
-0.000117642732 2.25470308e-06 0.0
-0.00176153332 0.000490482606 0.0
-0.000273161393 0.000102550744 0.0
-0.0017862228 0.000464748678 0.0
-0.00183570758 0.000537545362 0.0
-0.00170422276 0.0009365062 0.0
-0.00194932101 0.000408267282 0.0
-0.00199031155 2.85401552e-06 0.0
-0.00195490476 0.000906123314 0.0
-0.0023359668 0.000233856568 0.0
-0.00144539378 0.00083097833 0.0
-0.00185533392 0.000488188787 0.0
-0.000526616059 0.000223366937 0.0
-0.0010783606 0.000360901322 0.0
-0.000841991743 0.000267760159 0.0
-0.00212445017 0.000617016573 0.0
-0.00231581554 0.000624179316 0.0
-0.00250202231 0.000670752372 0.0
-0.00106380554 0.000419883989 0.0
-0.00136121036 0.000424926926 0.0
-0.000649920083 0.000178542483 0.0
-0.000360719801 0.000290053256 0.0
-0.00123054662 0.000385418505 0.0
-0.0014575416 0.000840957626 0.0
-0.000547588279 0.000155014612 0.0
-0.00115019456 0.000355392549 0.0
-0.000929843169 0.000465454708 0.0
-0.00182736234 7.46706937e-05 0.0
-0.000399100885 0.000299307372 0.0
-0.00238326704 0.000394297414 0.0
-0.00128161325 0.000458794384 0.0
-0.00081895123 0.000581176428 0.0
-0.00186103885 0.000558650878 0.0
-0.00202382845 9.9785495e-05 0.0
-0.000528449193 0.000217334222 0.0
-0.00176749751 0.0010656087 0.0
-0.00115858507 0.000593812787 0.0
-0.00149873842 0.000540578214 0.0
-0.00191356882 0.000669267611 0.0
-0.00171576627 -6.73523609e-05 0.0
-0.000802408264 0.000505136151 0.0
-0.000849200587 0.000391961541 0.0
-0.000404566992 0.000115233881 0.0
-0.0008810609 0.000640726299 0.0
-0.000745456549 0.000355591677 0.0
-0.00202572974 0.000630565861 0.0
-0.000688613625 0.000349980168 0.0
-0.00154621864 0.000990325236 0.0
-0.00163613341 -0.000102326521 0.0
-0.00121192471 0.000538762892 0.0
-0.00210614875 0.000764036435 0.0
-0.00217033271 0.000586103881 0.0
-0.000525064126 0.000549096032 0.0
-0.0017107306 0.000799835194 0.0
-0.000861595909 0.000346949586 0.0
-0.00175660732 0.000664379506 0.0
-0.000774976041 0.000313088269 0.0
-0.000871699303 0.000282683788 0.0
-0.00121202262 0.000128416417 0.0
-0.00170920207 -6.55110707e-05 0.0
-0.00137850549 0.000260023167 0.0
-0.00141819613 0.000916689867 0.0
-0.00040776463 0.000182795557 0.0
-0.00228129886 0.00065501692 0.0
-0.00177482131 0.000622038206 0.0
-0.00171844929 0.000516234839 0.0
-0.000594126061 0.000130222979 0.0
-0.00227871351 0.000539670815 0.0
-0.00230642129 0.000664113672 0.0
-0.00238221767 0.000607004098 0.0
-0.00089149829 0.000399749959 0.0
-0.00135044288 0.000289247138 0.0
-0.000378132827 0.000103580147 0.0
-0.00138569565 -0.000155428497 0.0
-0.000633053656 0.000193389889 0.0
-0.00147740962 0.00023041261 0.0
-0.00181480823 0.000595534395 0.0
-0.000705161481 0.000207441743 0.0
-0.000777710229 0.000269884564 0.0
-0.00178129436 0.00015445055 0.0
-0.001229577 0.000788448495 0.0
-0.000806178374 0.000244062699 0.0
-0.00128302141 0.000260005792 0.0
-0.00101474021 0.000489886152 0.0
-0.00129384885 0.000366891618 0.0
-0.000953625888 0.00041942345 0.0
-0.000706156192 0.000221443115 0.0
-0.000766177254 0.000542430207 0.0
-0.00189510209 0.000651124865 0.0
-0.000621014973 0.000281129644 0.0
-0.00064362993 0.000157605595 0.0
-0.000803615781 0.000368352339 0.0
-0.00242769928 0.000702664373 0.0
-0.00232934207 0.000674098206 0.0
-0.000371274451 9.13985787e-05 0.0
-0.00158739218 -5.0837034e-06 0.0
-0.000600419939 0.000228356555 0.0
-0.00229501561 0.000601940032 0.0
-0.00233489391 0.000625608547 0.0
-0.000505040691 0.000238633453 0.0
-0.0013796211 0.000553321966 0.0
-0.000901804306 0.000559225737 0.0
-0.00220241724 0.000504746218 0.0
-8.35390238e-05 6.20904166e-06 0.0
-0.00193901767 0.000128359257 0.0
-0.000721298275 0.000206438039 0.0
-0.00150825398 0.00050218933 0.0
-0.00235446519 0.00065867923 0.0
-0.00103880779 0.000343975174 0.0
-0.00140023511 0.000171618391 0.0
-0.00194479234 5.27852681e-05 0.0
-0.00115650916 0.000520390982 0.0
-0.000125937469 3.55354568e-05 0.0
-0.00139230071 -0.000172431042 0.0
-0.00206344528 0.000596890342 0.0
-0.00134555541 0.000531017547 0.0
-0.00156433508 -0.000144058562 0.0
-0.00115379749 0.000372932118 0.0
-0.00121658121 0.000242129128 0.0
-0.00100095768 0.00044622604 0.0
-0.00160887348 -0.000108163178 0.0
-0.00117675005 0.000250413432 0.0
-0.00136802148 0.000743765268 0.0
-0.0021570751 0.000621401588 0.0
-0.00204540929 0.00058339152 0.0
-0.00157807069 0.00047111715 0.0
-0.00102364505 0.000476625661 0.0
-6.4531152e-05 1.54215059e-06 0.0
-0.00101206056 0.000415147719 0.0
-0.00111708231 0.000316841906 0.0
-0.000324201334 0.000271903875 0.0
-0.000833138765 0.000409227243 0.0
-0.000857809675 0.000345389009 0.0
-0.00198889012 0.000622512132 0.0
-0.0021360775 0.00062681624 0.0
-0.000719857402 0.00069862383 0.0
-0.000719943433 0.00025639325 0.0
-0.00101242342 0.000434728077 0.0
-0.000883138331 8.01547867e-05 0.0
-0.00117367925 0.000283533649 0.0
-0.000861799286 0.000730118714 0.0
-0.00226566591 0.000540876645 0.0
-0.00146449218 0.000353971642 0.0
-0.00113580516 0.000453528424 0.0
-0.00176489621 -9.86977175e-05 0.0
-0.000863564957 0.000494304812 0.0
-0.00101719459 0.000638155092 0.0
-0.00024200113 0.000219997324 0.0
-0.00121882651 -0.00019117209 0.0
-0.00167085871 -0.000132362489 0.0
-0.00185368874 0.000498490059 0.0
-0.000746602309 0.000253780134 0.0
-0.00224170019 0.000624409993 0.0
-0.000763172458 0.000680906407 0.0
-0.000967371336 0.000438779854 0.0
-0.0017373939 0.000527521828 0.0
-0.00204698835 0.000438225747 0.0
-0.000814241008 0.000306526868 0.0
-0.00155972294 0.000128699932 0.0
-0.00195719418 0.000545482791 0.0
-0.000988649554 0.000531046302 0.0
-0.00121667015 0.000235956817 0.0
-0.000994958216 0.000324904744 0.0
-0.000902276661 0.000394657109 0.0
-0.00179342506 -1.41060846e-05 0.0
-0.000762002543 0.000277205545 0.0
-0.00220209057 0.00054639671 0.0
-0.00118305627 0.000826021773 0.0
-0.00116319151 0.000866903283 0.0
-0.00158709718 0.000140860007 0.0
-0.0015384797 0.000281996792 0.0
-0.00120117993 -4.83453259e-05 0.0
-0.000829066965 0.000732197193 0.0
-0.000896534708 0.000439997966 0.0
-0.000943803461 0.000489220489 0.0
-0.00069505698 0.00067502982 0.0
-0.000666546402 0.00053917343 0.0
-0.00183155586 -1.36080371e-05 0.0
-0.00222989079 0.000627602451 0.0
-0.000448241364 0.000140950928 0.0
-0.00108785904 0.000301329448 0.0
-0.000363673957 0.000258676126 0.0
-0.00282568601 0.000813743914 0.0
-0.0016664305 0.000473334861 0.0
-0.00120489392 0.000394214294 0.0
-0.00155493629 -0.000144674908 0.0
-0.00194667687 6.83258463e-07 0.0
-0.000733508496 0.000248701574 0.0
-0.00168078544 4.11764195e-05 0.0
-0.00212647277 0.000620316714 0.0
-0.00160505762 -0.000104058585 0.0
-0.00184713048 0.000550799887 0.0
-0.00122038356 0.000287644943 0.0
-0.000521387905 0.00017178907 0.0
-0.00208764919 0.000604169909 0.0
-0.00194258383 1.34918373e-05 0.0
-0.00093771721 0.000581550645 0.0
-0.00219238107 0.000631721632 0.0
-0.00108732819 0.000451199507 0.0
-0.00106457598 0.000838631066 0.0
-0.00140016433 0.000384371844 0.0
-0.000449613086 0.00030932005 0.0
-0.00155545643 0.000895246572 0.0
-0.00129187328 0.000651922484 0.0
-0.00135230331 4.94400119e-05 0.0
-0.000950161251 0.000443848694 0.0
-0.00083552883 0.00024490268 0.0
-0.00186011207 -3.69670452e-05 0.0
-0.00233957544 0.000676428026 0.0
-0.00232324307 0.000604405359 0.0
-0.00223915791 0.000633631658 0.0
-0.00165791158 0.000356350385 0.0
-0.000898691185 0.00073614245 0.0
-0.000749229046 0.000564638001 0.0
-0.00232474343 0.00069284573 0.0
-0.00240720995 0.000618960883 0.0
-0.0015252853 0.000336231024 0.0
-0.000904655724 0.000509397185 0.0
-0.00241208891 0.00068272202 0.0
-0.00290220301 0.000855268619 0.0
-0.00118238584 0.000363296422 0.0
-0.00130465231 0.00107313076 0.0
-0.00111510768 0.000247986667 0.0
-0.00216904143 0.000634056341 0.0
-0.000155223635 5.14373023e-05 0.0
-0.000813213468 0.000341560866 0.0
-0.00229840213 0.000639554521 0.0
-0.00143964693 0.00065534492 0.0
-0.00185188267 2.92369787e-05 0.0
-0.000501777919 0.000148672596 0.0
-0.00129221368 0.000748156512 0.0
-0.00209039589 0.000273918471 0.0
-0.000333320088 0.000105442246 0.0
-0.00125659886 0.000616847537 0.0
-0.00156638992 -0.000131510926 0.0
-0.00106846751 0.00070608611 0.0
-0.00114614191 0.000863679743 0.0
-0.00167215662 0.000595416524 0.0
-0.00128445949 0.000348504458 0.0
-0.00202469109 0.000619238534 0.0
-0.000985575956 0.000102113998 0.0
-2.8849503e-05 8.45569559e-07 0.0
-0.00195205002 0.000605047331 0.0
-0.00234763906 0.000618525955 0.0
-0.00195139623 -5.19424975e-06 0.0
-0.00128590013 0.000865759153 0.0
-0.000597870967 0.000193602609 0.0
-0.00113890797 0.000118736076 0.0
-0.000858189014 0.000382774393 0.0
-0.00152314885 0.000356061908 0.0
-0.000920914812 0.00021768274 0.0
-0.00206671795 0.000620130566 0.0
-0.000982462079 0.000443117053 0.0
-0.00116745138 0.000875604281 0.0
-0.00153455092 0.000441869604 0.0
-0.00139447697 0.000859511958 0.0
-0.00110627175 0.000482121453 0.0
-0.000633787713 0.000155609421 0.0
-0.00116394681 0.000390375819 0.0
-0.00101420877 0.000904447807 0.0
-0.0010288161 0.000228678167 0.0
-0.000977432588 0.000464731711 0.0
-0.00143628463 0.0006018969 0.0
-0.00104219746 0.00045437587 0.0
-7.22694967e-05 -1.02479034e-05 0.0
-0.000427398161 0.000229007477 0.0
