0.000545623363 0.000175991183 0.0
0.00053913024 0.000231235404 0.0
0.000551718404 0.00021654756 0.0
0.000533202663 0.000191751926 0.0
0.000388068438 0.000192276231 0.0
0.000355079741 0.000187119556 0.0
0.000323843327 0.000182332107 0.0
0.000362726627 0.000152464185 0.0
0.000559927197 0.000182332107 0.0
0.00059116364 0.000187119556 0.0
0.000624152366 0.000192276231 0.0
0.000571723504 0.000227759461 0.0
0.000568826275 0.00026781662 0.0
0.000565225142 0.000307238719 0.0
0.0005014583 0.00026179463 0.0
2.29190628e-05 3.76681091e-05 0.0
2.65201998e-05 -1.75397975e-06 0.0
2.94174442e-05 -4.18111449e-05 0.0
0.000598967541 0.000211613631 0.0
0.000596850878 0.000224636824 0.0
0.000594534504 0.000239616958 0.0
0.000552973768 0.000217309775 0.0
5.22284245e-05 -2.99536405e-05 0.0
5.45448493e-05 -4.49337749e-05 0.0
5.66615054e-05 -5.79569714e-05 0.0
0.000309902913 3.49781512e-05 0.0
0.000300128915 0.000102332953 0.0
0.000312941615 8.34390303e-05 0.0
0.000295270991 5.16991713e-05 0.0
0.000649736263 0.000215979482 0.0
0.000678006967 0.000220256814 0.0
0.000704487204 0.000223218172 0.0
0.000668890832 0.000283360161 0.0
0.000468403305 0.000223218172 0.0
0.000441923068 0.000220256814 0.0
0.000413652335 0.000215979482 0.0
0.000462466327 0.000164126017 0.0
0.000452545239 0.000241423768 0.0
0.000466718484 0.000221612398 0.0
0.00044963471 0.000185196273 0.0
0.000645903812 0.000247083313 0.0
0.00063655281 0.000268002128 0.0
0.000649066584 0.000260264234 0.0
0.000633870077 0.000255501422 0.0
0.000283132656 7.85728771e-05 0.0
0.000269395212 0.000107487736 0.0
0.000288174429 9.1255868e-05 0.0
0.000264705828 9.61575861e-05 0.0
0.000154167574 8.75354817e-05 0.0
0.000130114102 8.42602385e-05 0.0
0.000107663829 8.21662907e-05 0.0
0.000142773424 2.91294673e-05 0.0
0.000148736493 6.67471322e-05 0.0
0.000122254365 5.38451277e-05 0.0
0.000343747728 8.21662907e-05 0.0
0.000366197986 8.42602385e-05 0.0
0.000390251458 8.75354817e-05 0.0
0.000289998599 0.000104857478 0.0
0.000280960288 0.000148646999 0.0
0.000296505837 0.00013135247 0.0
0.000271929544 0.00011913597 0.0
0.000190653227 2.31735958e-05 0.0
0.000174726621 6.12656586e-05 0.0
0.000197119502 4.08054475e-05 0.0
0.000168136306 4.22754892e-05 0.0
0.000364815263 0.00011116208 0.0
0.000356185454 0.000137378374 0.0
0.000369307614 0.000128390631 0.0
0.000352650415 0.000118217256 0.0
0.000507911725 0.000131595138 0.0
0.000499068585 0.000183871161 0.0
0.000507846125 0.000144882622 0.0
0.000499193266 0.000168457438 0.0
0.00034635613 0.000121002828 0.0
0.000335447083 0.000151371059 0.0
0.000349254988 0.000141748475 0.0
0.000332880765 0.000131125416 0.0
0.000375889736 0.000103625673 0.0
0.000365368061 0.000150967331 0.0
0.000383668113 0.000138730669 0.0
0.000360130245 0.000121031437 0.0
0.00054230605 0.000269570592 0.0
0.0 0.0 0.0
0.000236083899 0.0 0.0
0.000778389978 0.000269570592 0.0
0.000554796425 0.000178548507 0.0
0.000563328038 0.000182787815 0.0
0.00057031936 0.000188238657 0.0
0.000575209677 0.000194402106 0.0
0.000577746599 0.00020150296 0.0
0.000578040897 0.000208979196 0.0
0.000576275052 0.000216225337 0.0
0.000572028977 0.000222468996 0.0
0.000565285096 0.000227356024 0.0
0.000557238236 0.000230343794 0.0
0.00054839009 0.000231707978 0.0
0.000530004094 0.000228696837 0.0
0.000521627313 0.000224667572 0.0
0.000514759624 0.000219330977 0.0
0.000509862148 0.000213267092 0.0
0.000507610035 0.000206545039 0.0
0.00050806615 0.00019970561 0.0
0.000510503189 0.000193155705 0.0
0.000514784071 0.000187013487 0.0
0.000521024689 0.000181231648 0.0
0.000527748431 0.000177538517 0.0
0.000536094652 0.000175675319 0.0
0.000542406691 0.000204076074 0.0
0.000379746285 0.000191034662 0.0
0.000368944864 0.000189373284 0.0
0.000341501465 0.000184980949 0.0
0.000331306306 0.000183432974 0.0
0.000323862245 0.000176872636 0.0
0.000325222267 0.000171069798 0.0
0.000327783579 0.000164963014 0.0
0.000332263269 0.000159630014 0.0
0.000338369398 0.00015557163 0.0
0.00034581832 0.000152902518 0.0
0.000354010583 0.000152013701 0.0
0.00037104293 0.00015420893 0.0
0.000378172088 0.000157156304 0.0
0.000383838953 0.000161369957 0.0
0.000387919223 0.000166678714 0.0
0.000390643254 0.000172770859 0.0
0.00039169626 0.000179148046 0.0
0.000390715955 0.000185658937 0.0
0.000567390234 0.000183432974 0.0
0.000577585364 0.000184980949 0.0
0.000605028763 0.000189373284 0.0
0.000615830184 0.000191034662 0.0
0.000619200815 0.000198532667 0.0
0.000611974217 0.000202843148 0.0
0.000603216933 0.000204853975 0.0
0.000593736477 0.000204842727 0.0
0.000584175345 0.000202494819 0.0
0.0005749478 0.000198545706 0.0
0.000567402982 0.000193625427 0.0
0.000562555157 0.000187764992 0.0
0.000571223383 0.000237839908 0.0
0.000570343807 0.000250893761 0.0
0.000567181385 0.000284729904 0.0
0.000566031842 0.000297560939 0.0
0.000552337908 0.000307842507 0.0
0.000539598812 0.000306241214 0.0
0.000527829106 0.000302677887 0.0
0.00051799207 0.000297136809 0.0
0.000510459649 0.000289717049 0.0
0.000505058561 0.000280962588 0.0
0.000501959177 0.000271477737 0.0
0.000503683987 0.000251971651 0.0
0.000508465688 0.000242510869 0.0
0.000515886059 0.000234259365 0.0
0.000525747484 0.000227859797 0.0
0.0005370258 0.000223872179 0.0
0.000548596377 0.000222569521 0.0
0.000560307992 0.00022378884 0.0
2.37257755e-05 2.79903506e-05 0.0
2.48753131e-05 1.51592894e-05 0.0
2.80377644e-05 -1.86768339e-05 0.0
2.89173331e-05 -3.17306913e-05 0.0
4.00720892e-05 -3.55819138e-05 0.0
4.90958882e-05 -2.74872727e-05 0.0
5.57121857e-05 -1.83168449e-05 0.0
5.94759476e-05 -8.71466455e-06 0.0
6.00797066e-05 1.67288329e-06 0.0
5.8153335e-05 1.18755124e-05 0.0
5.30829639e-05 2.13938256e-05 0.0
4.50240259e-05 2.90398511e-05 0.0
3.45736662e-05 3.45281951e-05 0.0
0.000598117942 0.000216955465 0.0
0.000595566176 0.000233096187 0.0
0.000588273455 0.000241581743 0.0
0.000581516011 0.000242081398 0.0
0.00057456136 0.000241223737 0.0
0.000567577139 0.000238679422 0.0
0.000560639601 0.000234280946 0.0
0.000555335428 0.000229431753 0.0
0.000552425336 0.000224717412 0.0
0.000551512756 0.000220826216 0.0
0.000555804814 0.000213651467 0.0
0.000559972483 0.000210395505 0.0
0.000565316936 0.000207923003 0.0
0.000571312441 0.000206107317 0.0
0.000577375584 0.000205116608 0.0
0.00058333989 0.000205015167 0.0
0.000588887837 0.000205963777 0.0
0.000594180892 0.00020821103 0.0
5.32601407e-05 -3.64744083e-05 0.0
5.58119027e-05 -5.26151416e-05 0.0
6.0506929e-05 -5.34862666e-05 0.0
6.28934285e-05 -4.84984157e-05 0.0
6.34594908e-05 -4.33917667e-05 0.0
6.17321857e-05 -3.81747814e-05 0.0
5.78839172e-05 -3.35128861e-05 0.0
0.000320685969 3.73976472e-05 0.0
0.000329308939 4.1658408e-05 0.0
0.000335446472 4.68420294e-05 0.0
0.000339704391 5.38521563e-05 0.0
0.0003422749 6.21893487e-05 0.0
0.000342658925 7.13061381e-05 0.0
0.000340773957 8.09295816e-05 0.0
0.000336380908 8.95094272e-05 0.0
0.000329778763 9.60623802e-05 0.0
0.000320927706 0.000100431302 0.0
0.000310719974 0.000102666112 0.0
0.000289566757 9.99296899e-05 0.0
0.000279879721 9.5306008e-05 0.0
0.000271687313 8.88803552e-05 0.0
0.000265692594 8.08471668e-05 0.0
0.000262348098 7.16708746e-05 0.0
0.000261707726 6.20184801e-05 0.0
0.000263877853 5.28543133e-05 0.0
0.000269108335 4.49483523e-05 0.0
0.000276899256 3.90870882e-05 0.0
0.0002866711 3.54742297e-05 0.0
0.000297936058 3.40373299e-05 0.0
0.000304219924 6.7359957e-05 0.0
0.000662011444 0.000217944907 0.0
0.000693430717 0.000222161136 0.0
0.000710692024 0.000230131758 0.0
0.000714885478 0.000238515422 0.0
0.000716933631 0.00024807817 0.0
0.00071635074 0.000257799547 0.0
0.000712870504 0.000266814837 0.0
0.000706481747 0.000274173071 0.0
0.000698013697 0.000279198575 0.0
0.000688500179 0.000282417372 0.0
0.000678592362 0.000283783156 0.0
0.000659299432 0.000280933513 0.0
0.000649809372 0.000276552077 0.0
0.000641503721 0.000270541525 0.0
0.000635296456 0.000263475784 0.0
0.00063168176 0.000255506136 0.0
0.000630518189 0.0002469928 0.0
0.000631634903 0.000238118708 0.0
0.0006349982 0.000229276309 0.0
0.000641025312 0.000221597904 0.0
0.000457346789 0.000222161136 0.0
0.000425927545 0.000217944907 0.0
0.000422958808 0.000213021936 0.0
0.000432938949 0.000211966311 0.0
0.000443050143 0.000212700979 0.0
0.00045263808 0.000215126347 0.0
0.000461235468 0.000218618268 0.0
0.000474108529 0.000167026461 0.0
0.000485165336 0.000172698332 0.0
0.000494976877 0.000179620081 0.0
0.000501677801 0.000187653059 0.0
0.00050555286 0.000195724933 0.0
0.000506055017 0.000203605465 0.0
0.000504382595 0.000211956023 0.0
0.000500805676 0.000220763366 0.0
0.000494708715 0.000228859601 0.0
0.000486177538 0.000235570333 0.0
0.000475585693 0.000239926492 0.0
0.000464256678 0.000241605492 0.0
0.000441373297 0.00023901691 0.0
0.00043177724 0.000234939609 0.0
0.000423955964 0.00022946758 0.0
0.000417925738 0.000222027345 0.0
0.000413800968 0.000213179897 0.0
0.000411842455 0.00020331108 0.0
0.000412311958 0.000193230357 0.0
0.000415376067 0.000184129429 0.0
0.0004213629 0.00017638164 0.0
0.000429704349 0.000170245738 0.0
0.000439733703 0.00016601551 0.0
0.000450858381 0.000163883073 0.0
0.000458544906 0.000203834352 0.0
0.000649946742 0.000248464785 0.0
0.000653701893 0.00025071163 0.0
0.000656662276 0.000253519334 0.0
0.000658300356 0.000256578642 0.0
0.000658310193 0.000259745488 0.0
0.000656784279 0.00026280625 0.0
0.000653795491 0.000265382929 0.0
0.000649767928 0.000267117284 0.0
0.000645090244 0.000268068805 0.0
0.00064060674 0.000268106873 0.0
0.000632996962 0.000267430616 0.0
0.000629637332 0.000265930052 0.0
0.000626822759 0.000263564318 0.0
0.000624805922 0.0002604904 0.0
0.000624046836 0.000256491796 0.0
0.000624812383 0.000252110476 0.0
0.000627367117 0.000248482946 0.0
0.000631726871 0.000246394455 0.0
0.000636343786 0.000246004987 0.0
0.000641188526 0.000246454932 0.0
0.000641584338 0.000257973821 0.0
0.000289528252 8.00476701e-05 0.0
0.000294337107 8.18009212e-05 0.0
0.000297665305 8.46760377e-05 0.0
0.000300084823 8.90317315e-05 0.0
0.00030151321 9.46061045e-05 0.0
0.000301226741 9.92426649e-05 0.0
0.0002992152 0.000102637045 0.0
0.00029516581 0.000105344261 0.0
0.000289544842 0.00010700032 0.0
0.00028334817 0.000107735577 0.0
0.000276351318 0.000108032022 0.0
0.00026314694 0.000106307183 0.0
0.000258398679 0.000104055442 0.0
0.000255458639 0.00010116589 0.0
0.00025367309 9.77071104e-05 0.0
0.000252829806 9.37958175e-05 0.0
0.000253118138 8.9747009e-05 0.0
0.000255156221 8.58153435e-05 0.0
0.000258725224 8.23558803e-05 0.0
0.000263781782 7.99316695e-05 0.0
0.000269713142 7.84317381e-05 0.0
0.000276278239 7.81138297e-05 0.0
0.000276390841 9.37675286e-05 0.0
0.000143779573 8.59870488e-05 0.0
0.000116870433 8.29857163e-05 0.0
0.000102857528 7.72240091e-05 0.0
9.90129047e-05 7.0892027e-05 0.0
9.69078028e-05 6.32915689e-05 0.0
9.68345412e-05 5.46490373e-05 0.0
9.93731373e-05 4.62002499e-05 0.0
0.000105163512 3.85915482e-05 0.0
0.000113436508 3.31770279e-05 0.0
0.000123008751 3.02641201e-05 0.0
0.000133161753 2.88800038e-05 0.0
0.000150944383 3.10727701e-05 0.0
0.000157426912 3.45109656e-05 0.0
0.000163440229 3.98541779e-05 0.0
0.000168498911 4.6797355e-05 0.0
0.00017222586 5.4871507e-05 0.0
0.00017352849 6.30712093e-05 0.0
0.000172244283 7.06391147e-05 0.0
0.000168360901 7.7535813e-05 0.0
0.000162152297 8.33087324e-05 0.0
0.000352954346 8.29857163e-05 0.0
0.000379863486 8.59870488e-05 0.0
0.000380741083 8.99967199e-05 0.0
0.000370222027 9.01091043e-05 0.0
0.00035976537 8.90538213e-05 0.0
0.000350682501 8.61843291e-05 0.0
0.000297431601 0.000106897474 0.0
0.000302886387 0.000109554356 0.0
0.000306541246 0.000113161484 0.0
0.000309390889 0.000117765965 0.0
0.000311065669 0.000123113248 0.0
0.000311027892 0.000129004722 0.0
0.000309310155 0.000135117778 0.0
0.000305750902 0.000140572622 0.0
0.000300534535 0.000144652498 0.0
0.000294473197 0.000147310871 0.0
0.000287875388 0.000148590771 0.0
0.000273994898 0.000147092724 0.0
0.000267480296 0.000143859361 0.0
0.000261902373 0.000139141441 0.0
0.000257686333 0.000133055801 0.0
0.000255160441 0.000126299245 0.0
0.000254587241 0.000119886572 0.0
0.000256229483 0.000114283845 0.0
0.000260206842 0.000109672357 0.0
0.00026612269 0.000106159961 0.0
0.000273664657 0.000104039187 0.0
0.000281630695 0.000103516657 0.0
0.000284799433 0.00012542597 0.0
0.000197935282 2.46768504e-05 0.0
0.00020341012 2.73659807e-05 0.0
0.000206853729 3.07364098e-05 0.0
0.000209101767 3.48742724e-05 0.0
0.000210289421 3.9784667e-05 0.0
0.000210127735 4.49389481e-05 0.0
0.000208320373 5.00945935e-05 0.0
0.000204292926 5.45707298e-05 0.0
0.000198295063 5.83009896e-05 0.0
0.000190929626 6.05617861e-05 0.0
0.000182668489 6.15046083e-05 0.0
0.000168263432 5.96526806e-05 0.0
0.000163431279 5.67626557e-05 0.0
0.000158864699 5.25150826e-05 0.0
0.000155269823 4.78866532e-05 0.0
0.000153410219 4.30725304e-05 0.0
0.000153448666 3.80462516e-05 0.0
0.000155837872 3.28567658e-05 0.0
0.000160180629 2.80635013e-05 0.0
0.000166458907 2.45600986e-05 0.0
0.000174247049 2.27220899e-05 0.0
0.000182587362 2.25461572e-05 0.0
0.000182779753 4.15933609e-05 0.0
0.000370655005 0.000112810587 0.0
0.000375890784 0.000115441057 0.0
0.000379980687 0.000118602286 0.0
0.000382434519 0.000121956742 0.0
0.000382844562 0.000125622071 0.0
0.000381295395 0.000129284817 0.0
0.00037772354 0.000132576635 0.0
0.000372807815 0.000134918882 0.0
0.000367190631 0.000136560251 0.0
0.000360907608 0.00013732088 0.0
0.00035214168 0.000136575036 0.0
0.000347750058 0.000134332397 0.0
0.000343572727 0.000130791581 0.0
0.000340429717 0.000125293722 0.0
0.000339274033 0.000119726174 0.0
0.000340307946 0.000115584146 0.0
0.000343426887 0.000112982714 0.0
0.000348269095 0.000111278481 0.0
0.000353329291 0.000110913337 0.0
0.000358850113 0.000110647328 0.0
0.000361133134 0.00012365845 0.0
0.000517646957 0.000134616363 0.0
0.000526610005 0.000138866933 0.0
0.00053282181 0.00014441715 0.0
0.000536419335 0.000150000997 0.0
0.00053756719 0.000155372996 0.0
0.000536894542 0.000161194257 0.0
0.000534769904 0.000167017701 0.0
0.000530818594 0.000172560249 0.0
0.000524637871 0.000178289483 0.0
0.000517743349 0.000182155287 0.0
0.000509036123 0.00018404689 0.0
0.000489411119 0.000181286799 0.0
0.000480355462 0.000176140486 0.0
0.000473084277 0.000169608262 0.0
0.000468735438 0.00016266988 0.0
0.000466742873 0.000156299531 0.0
0.00046707131 0.000150698965 0.0
0.000470225757 0.000144917067 0.0
0.000475549023 0.000139857017 0.0
0.00048220536 0.000135542068 0.0
0.000489956641 0.000132424422 0.0
0.00049860822 0.000131073481 0.0
0.00050348154 0.000156233742 0.0
0.000350113492 0.000121579789 0.0
0.000354341872 0.00012342917 0.0
0.000358309131 0.000126272615 0.0
0.000361368293 0.000130162851 0.0
0.000363108411 0.00013505567 0.0
0.000363319879 0.000140523232 0.0
0.000362012506 0.00014573583 0.0
0.000358855294 0.000149741201 0.0
0.000354072807 0.000152171939 0.0
0.000348279282 0.000153140369 0.0
0.000342050509 0.000152851106 0.0
0.00032945149 0.000149065876 0.0
0.000325407076 0.000146618331 0.0
0.000323035434 0.000144340855 0.0
0.000321327447 0.000140871576 0.0
0.000320415857 0.000136691655 0.0
0.000320728257 0.000132451998 0.0
0.000322373642 0.000128628133 0.0
0.000325683301 0.000125421968 0.0
0.000330511131 0.000123200793 0.0
0.00033596257 0.0001217112 0.0
0.000342004467 0.000121066681 0.0
0.000340501545 0.000136029557 0.0
0.000384091516 0.000106181593 0.0
0.000392045069 0.000110861794 0.0
0.000398762088 0.000116633993 0.0
0.000403152924 0.000122935307 0.0
0.00040513408 0.000128839893 0.0
0.00040540818 0.000133669368 0.0
0.000403173326 0.000138286923 0.0
0.000399251236 0.000142520599 0.0
0.000394292147 0.00014597972 0.0
0.000388219371 0.000148334671 0.0
0.000381544582 0.000150102278 0.0
0.000373762741 0.000150942127 0.0
0.000357340759 0.000149613188 0.0
0.000351260795 0.000147570085 0.0
0.000346703688 0.000144255711 0.0
0.000343482447 0.000139775366 0.0
0.000341432577 0.000134620655 0.0
0.000340625935 0.000128870364 0.0
0.000341558596 0.000122643076 0.0
0.000343955879 0.000116050585 0.0
0.000347922498 0.000110334382 0.0
0.000353378477 0.000106300678 0.0
0.000360147737 0.000103891754 0.0
0.000367778179 0.000102978433 0.0
0.000372059265 0.00013022733 0.0
0.00052022055 0.000254200655 0.0
0.000496996916 0.000238846842 0.0
0.000286302442 0.000157252623 0.0
0.000277587067 0.000142414952 0.0
0.000275039696 0.000140999196 0.0
0.000274622987 0.000142898978 0.0
0.000269887008 0.000141224315 0.0
0.000257975626 0.000135684517 0.0
0.000241092363 0.000128003725 0.0
0.000218690548 0.000119763099 0.0
0.000191814543 0.00010983376 0.0
0.000166971367 9.69614121e-05 0.0
8.45843897e-05 6.6145898e-05 0.0
6.68185166e-05 5.36847147e-05 0.0
4.72425963e-05 3.65064334e-05 0.0
2.37130153e-05 1.87617952e-05 0.0
6.26990732e-06 1.77711991e-05 0.0
3.74766641e-05 -2.26206357e-05 0.0
4.57212664e-05 -1.96440669e-05 0.0
7.22490295e-05 -3.4280125e-05 0.0
8.91953096e-05 -1.16722022e-05 0.0
0.000107376618 3.60776176e-06 0.0
0.000121804151 7.28401255e-06 0.0
0.000132333313 4.48709579e-06 0.0
0.000140389573 -5.22842534e-08 0.0
0.000153915506 1.14435102e-06 0.0
0.000170637199 1.31344741e-05 0.0
0.000189256927 3.34387987e-05 0.0
0.000207619407 5.13682135e-05 0.0
0.000223631505 5.92440665e-05 0.0
0.000233725863 5.24135176e-05 0.0
0.000232524151 3.9716746e-05 0.0
0.000227341472 2.01374514e-05 0.0
0.000225090203 4.20583456e-06 0.0
0.000229596044 -4.35210086e-06 0.0
0.000259796914 1.87617952e-05 0.0
0.000283326488 3.65064334e-05 0.0
0.000302902423 5.36847147e-05 0.0
0.000320668274 6.6145898e-05 0.0
0.000403055281 9.69614121e-05 0.0
0.000427898456 0.00010983376 0.0
0.000454774447 0.000119763099 0.0
0.000477176276 0.000128003725 0.0
0.000494059524 0.000135684517 0.0
0.000505970907 0.000141224315 0.0
0.000510706857 0.000142898978 0.0
0.000511123624 0.000140999196 0.0
0.000513670966 0.000142414952 0.0
0.000522386341 0.000157252623 0.0
0.000733080844 0.000238846842 0.0
0.00075630442 0.000254200655 0.0
0.000771902094 0.000265218492 0.0
0.000767396239 0.000273776444 0.0
0.000769647537 0.000289708056 0.0
0.000774830172 0.000309287338 0.0
0.000776031928 0.000321984116 0.0
0.000765937555 0.000328814669 0.0
0.000749925443 0.000320938823 0.0
0.000731562963 0.000303009409 0.0
0.000712943263 0.000282705063 0.0
0.000696221541 0.000270714954 0.0
0.000682695652 0.000269518321 0.0
0.000674639363 0.000274057704 0.0
0.000664110179 0.000276854611 0.0
0.000649682654 0.000273178361 0.0
0.000631501374 0.000257898384 0.0
0.000614555087 0.00023529047 0.0
0.000588027295 0.000249926525 0.0
0.000579782703 0.00024694996 0.0
0.000548575947 0.000287341798 0.0
0.000557787134 0.000197599526 0.0
0.000527184748 0.000210361381 0.0
0.000522349263 0.000200196198 0.0
0.000562910282 0.000208109181 0.0
0.000548225071 0.00018889569 0.0
0.000536603562 0.00021900305 0.0
0.000560580986 0.000190179635 0.0
0.000524397881 0.000217555455 0.0
0.000517362903 0.000208373167 0.0
0.000567833951 0.000199586619 0.0
0.000566931674 0.000215820692 0.0
0.000518857501 0.000192955486 0.0
0.000543430389 0.000225450014 0.0
0.000541342364 0.000182364616 0.0
0.000571542536 0.000205842618 0.0
0.000517676759 0.000214208456 0.0
0.000566355069 0.000193977481 0.0
0.00052969472 0.000223093564 0.0
0.000513976556 0.000202424577 0.0
0.000555190316 0.000184506585 0.0
0.000527447206 0.000183902201 0.0
0.000557831547 0.000224420015 0.0
0.000562681817 0.000221318594 0.0
0.000523000665 0.000187355021 0.0
0.000514643209 0.000197576766 0.0
0.000571179087 0.000211061997 0.0
0.000533136015 0.000182318778 0.0
0.000551733654 0.000225719792 0.0
0.000535855419 0.000225561089 0.0
0.000548960525 0.000182022137 0.0
0.000553168124 0.000204890413 0.0
0.000531762198 0.00020329516 0.0
0.000546926109 0.000196766909 0.0
0.000537900138 0.000211319028 0.0
0.000350800197 0.000170292842 0.0
0.000370362599 0.000173889057 0.0
0.000364521547 0.000163511329 0.0
0.000335614517 0.000174775909 0.0
0.000379462232 0.00018109208 0.0
0.000337731995 0.000166294529 0.0
0.000346552726 0.000162073993 0.0
0.000374305208 0.000164392797 0.0
0.00035940652 0.000177806665 0.0
0.000379911886 0.000170824918 0.0
0.000345787819 0.000177520225 0.0
0.000370137801 0.000181077849 0.0
0.000356613862 0.000158530835 0.0
0.000361603597 0.000169998675 0.0
0.000364999927 0.000157924253 0.0
0.000330004666 0.00017847307 0.0
0.000336892204 0.000179897528 0.0
0.000384384592 0.000176782414 0.0
0.000355992379 0.000164855242 0.0
0.000339145801 0.000161129254 0.0
0.000332039664 0.000169861538 0.0
0.00038350813 0.000186067991 0.0
0.000381326594 0.000166028069 0.0
0.000375560718 0.000185573663 0.0
0.000370962429 0.000159462681 0.0
0.000341815583 0.000171538617 0.0
0.000369834481 0.000168503131 0.0
0.000329277798 0.000174236571 0.0
0.000385984138 0.000181720447 0.0
0.000377494493 0.000175817768 0.0
0.000349446404 0.000157035247 0.0
0.00036334226 0.00018378497 0.0
0.000582398847 0.000193680316 0.0
0.000597441045 0.000196678171 0.0
0.000611311407 0.00019595139 0.0
0.000569891185 0.000188371501 0.0
0.000574614154 0.000192059932 0.0
0.000605486042 0.000198100024 0.0
0.000589717412 0.000196849622 0.0
0.000537146523 0.000276805455 0.0
0.000541317335 0.00025357891 0.0
0.000520023925 0.000260562374 0.0
0.000552533136 0.000239519984 0.0
0.000547484669 0.00029324647 0.0
0.000530437275 0.000289215706 0.0
0.0005165537 0.000272957754 0.0
0.00053508475 0.000235034706 0.0
0.000522005023 0.00024732633 0.0
0.000554684608 0.000254195766 0.0
0.000542299415 0.000264235423 0.0
0.000551275036 0.000282195833 0.0
0.000519074558 0.000284083333 0.0
0.000561954221 0.000233576342 0.0
0.000528922072 0.000268591451 0.0
0.000513551175 0.000252297847 0.0
0.000545181567 0.000232036982 0.0
0.000510828395 0.000265188311 0.0
0.000537515734 0.000297127961 0.0
0.00052631076 0.000237933797 0.0
0.000562533853 0.000243464441 0.0
0.000555514649 0.000299645297 0.0
0.000558125961 0.000290141441 0.0
0.000531188154 0.000256605883 0.0
0.00054099632 0.000285966671 0.0
0.00055417791 0.000271352357 0.0
0.000543295173 0.000244262454 0.0
0.000546451949 0.00030081335 0.0
0.00050987443 0.000258385087 0.0
0.000526389689 0.000278346444 0.0
0.000553532096 0.000229709054 0.0
0.000532965874 0.000245440518 0.0
4.07171574e-05 9.18422938e-06 0.0
4.48399624e-05 -3.02228227e-06 0.0
4.18038071e-05 -1.8448658e-05 0.0
3.40953557e-05 2.50624089e-05 0.0
5.01336872e-05 4.8028819e-06 0.0
3.75833988e-05 -2.63780767e-05 0.0
4.83875483e-05 -1.19237475e-05 0.0
3.71755923e-05 -1.07866008e-05 0.0
4.25827529e-05 1.86108991e-05 0.0
0.000578912499 0.000218164263 0.0
0.000580294291 0.00022734818 0.0
0.000565189985 0.000221817463 0.0
0.000566187082 0.000215334905 0.0
0.000586944981 0.000212331768 0.0
0.000569195021 0.000230751597 0.0
0.000575740123 0.000211177321 0.0
0.000584426685 0.00023297708 0.0
0.000578354753 0.000236095235 0.0
0.000585164351 0.00022305391 0.0
0.000575016486 0.000222143557 0.0
0.000561753928 0.000226377306 0.0
0.000559030625 0.000219540409 0.0
0.000588436727 0.000217072811 0.0
0.000568516029 0.00021073356 0.0
0.000582110311 0.000208611411 0.0
0.000589268515 0.000228555247 0.0
0.00057113776 0.000226161559 0.0
0.000592908065 0.000212320476 0.0
0.000569891534 0.000218651025 0.0
0.000572857913 0.000214621876 0.0
0.000559780223 0.000216003667 0.0
0.000571853307 0.000235233238 0.0
0.000562674308 0.000230636724 0.0
0.000557569729 0.000222633302 0.0
0.000584200374 0.000237988716 0.0
0.000589454547 0.000209449063 0.0
0.0005620335 0.000213209132 0.0
0.000580831198 0.000213425839 0.0
0.000566403323 0.000233816361 0.0
0.000574896636 0.000208075915 0.0
0.000589400122 0.000237270346 0.0
0.000564211688 0.000218439338 0.0
0.000575884827 0.000231357597 0.0
5.81250933e-05 -4.00048812e-05 0.0
5.92136712e-05 -4.8089234e-05 0.0
5.76449747e-05 -3.69748414e-05 0.0
5.95319179e-05 -5.07699588e-05 0.0
0.000324348395 6.7135501e-05 0.0
0.000290278665 7.96319655e-05 0.0
0.000278787717 6.79603618e-05 0.0
0.000322182517 5.331793e-05 0.0
0.000310298608 4.51664091e-05 0.0
0.000278936292 5.51058329e-05 0.0
0.000327586371 7.90923659e-05 0.0
0.000298495026 9.10878516e-05 0.0
0.000332247873 6.04237975e-05 0.0
0.000277837622 8.03613002e-05 0.0
0.000309384894 5.62216519e-05 0.0
0.000312859134 9.3217699e-05 0.0
0.000295532402 4.26110237e-05 0.0
0.000288429874 9.18511359e-05 0.0
0.000327446673 8.7669956e-05 0.0
0.000334672484 7.43432101e-05 0.0
0.000321796833 4.48215287e-05 0.0
0.000270764256 6.0313494e-05 0.0
0.00027930428 4.7051446e-05 0.0
0.000331562042 5.23818926e-05 0.0
0.000270828023 7.35686772e-05 0.0
0.000290193799 6.2117877e-05 0.0
0.000328029913 4.77523245e-05 0.0
0.000280646724 8.79076906e-05 0.0
0.000336316531 6.68716675e-05 0.0
0.000269131793 6.70555382e-05 0.0
0.000320752995 9.21401079e-05 0.0
0.0002867812 4.32224151e-05 0.0
0.000305523194 9.73345523e-05 0.0
0.000303482928 3.92723632e-05 0.0
0.000672490161 0.000254515122 0.0
0.000692004454 0.000242352326 0.0
0.000656965771 0.000238180713 0.0
0.000692405039 0.000260336965 0.0
0.000651067763 0.000254867278 0.0
0.000673669216 0.000270227581 0.0
0.000675108342 0.00023756006 0.0
0.000659592333 0.000266249612 0.0
0.000703188707 0.000252152677 0.0
0.00064351788 0.000245646836 0.0
0.000686913671 0.000271842961 0.0
0.000698326039 0.000231650207 0.0
0.000653750845 0.00022660516 0.0
0.000685494975 0.000231037557 0.0
0.00066704757 0.000228865101 0.0
0.000646636938 0.000263478752 0.0
0.000684146129 0.000251214107 0.0
0.000703599595 0.000241492729 0.0
0.000680162513 0.000261751469 0.0
0.000665894477 0.000275133352 0.0
0.0006462335 0.000235268308 0.0
0.000662407256 0.000248359778 0.0
0.000663430721 0.000257208565 0.0
0.000702902616 0.000266535964 0.0
0.000639384729 0.000252422586 0.0
0.000679729332 0.000276758743 0.0
0.00070634915 0.000259757799 0.0
0.000696650706 0.000271643541 0.0
0.000651033188 0.000270191405 0.0
0.000657524331 0.000274141872 0.0
0.000682264916 0.000242444978 0.0
0.000666626904 0.000240541616 0.0
0.000693799113 0.000250147656 0.0
0.000676428957 0.000229405545 0.0
0.000671089103 0.000261847279 0.0
0.000653091702 0.000244817231 0.0
0.000672626833 0.000278418593 0.0
0.000708812324 0.000246929209 0.0
0.000639538979 0.000238898589 0.0
0.000673851056 0.000245805015 0.0
0.000640482525 0.000258771819 0.0
0.000450264954 0.00021773488 0.0
0.000434472109 0.000215405074 0.0
0.000455368368 0.000218404515 0.0
0.000429092877 0.000214588828 0.0
0.000433038542 0.000200089431 0.0
0.000441855926 0.000220458634 0.0
0.00047486875 0.000187941376 0.0
0.000485227152 0.000207125689 0.0
0.000490052509 0.000195167057 0.0
0.000485930621 0.000219307374 0.0
0.000450785243 0.000230524587 0.0
0.000428411586 0.000213456398 0.0
0.000430879416 0.000186753328 0.0
0.000465273624 0.000176962378 0.0
0.000419736927 0.000199127113 0.0
0.000484558754 0.000180594609 0.0
0.000498090929 0.000207445046 0.0
0.000432881643 0.000227840283 0.0
0.000440575677 0.000176873888 0.0
0.000452068751 0.000173479115 0.0
0.000475305656 0.00022922791 0.0
0.000463760429 0.000233353727 0.0
0.000498444133 0.000200346418 0.0
0.000495738932 0.000214383457 0.0
0.000421282602 0.00019139942 0.0
0.000420156837 0.00020751862 0.0
0.000476284593 0.000175660607 0.0
0.000491658633 0.000186837555 0.0
0.000440134318 0.00023182173 0.0
0.000426788669 0.000222154398 0.0
0.000430638727 0.000177551556 0.0
0.000485550932 0.000228187477 0.0
0.000471959793 0.000200413939 0.0
0.000445860671 0.000208226498 0.0
0.000644832035 0.000252450147 0.0
0.000638160738 0.000263429742 0.0
0.00063773524 0.000250275334 0.0
0.00064469222 0.000264658855 0.0
0.000650930742 0.000253952021 0.0
0.00063232152 0.000262566231 0.0
0.000639535661 0.00026607234 0.0
0.000642963045 0.000249233883 0.0
0.000653331808 0.00025811058 0.0
0.00062969164 0.000258243264 0.0
0.000649515365 0.000264589791 0.0
0.000632587762 0.000249941659 0.0
0.000636478711 0.000259952591 0.0
0.000646708533 0.000256172789 0.0
0.000649646041 0.000251105288 0.0
0.000633465766 0.000265110721 0.0
0.000646760396 0.000249399222 0.0
0.000636054028 0.000266287738 0.0
0.000639611797 0.000247947959 0.0
0.000642439292 0.000266776362 0.0
0.000629473012 0.000252255937 0.0
0.000628041336 0.000255027553 0.0
0.000652691931 0.000262760237 0.0
0.000654432341 0.000260702975 0.0
0.000654786825 0.000255517894 0.0
0.000628446753 0.000261264708 0.0
0.000640558428 0.00025413715 0.0
0.00064243254 0.000261591282 0.0
0.000283836649 9.99789263e-05 0.0
0.000278105756 8.58257117e-05 0.0
0.000267785304 8.60029686e-05 0.0
0.000275072962 0.000102794809 0.0
0.000260862667 9.02921311e-05 0.0
0.000265876588 0.000101647231 0.0
0.0002925015 9.78758908e-05 0.0
0.000286697759 8.4995605e-05 0.0
0.000274018385 8.22015209e-05 0.0
0.000283803791 0.000104167804 0.0
0.000269055919 9.10469826e-05 0.0
0.000294837286 9.23790576e-05 0.0
0.000258472166 9.5339914e-05 0.0
0.000292927929 0.000101950711 0.0
0.000284334033 8.20381902e-05 0.0
0.000292250101 8.54184182e-05 0.0
0.000261143781 8.57208724e-05 0.0
0.000269140583 0.000104657745 0.0
0.000260512228 0.000100985002 0.0
0.000278432562 0.000105620704 0.0
0.000267839379 8.19875495e-05 0.0
0.000263899274 8.324378e-05 0.0
0.000289502874 0.000104121566 0.0
0.000273664133 0.000105712425 0.0
0.000279174565 8.09344783e-05 0.0
0.00027181505 9.85559309e-05 0.0
0.000294554367 8.85442496e-05 0.0
0.000258496177 9.83131031e-05 0.0
0.000297498307 9.60049656e-05 0.0
0.000256331114 9.23569896e-05 0.0
0.00028549158 9.57578668e-05 0.0
0.000142703153 4.71707135e-05 0.0
0.000114448849 7.39969983e-05 0.0
0.000156846392 5.42186426e-05 0.0
0.000131071574 4.14187671e-05 0.0
0.000109510947 6.46499539e-05 0.0
0.000161676871 6.44069369e-05 0.0
0.000131274282 6.8446403e-05 0.0
0.000154653084 4.33236746e-05 0.0
0.000143197671 3.7666643e-05 0.0
0.000151000044 7.90628837e-05 0.0
0.00011758037 4.22836965e-05 0.0
0.000108395427 5.3993208e-05 0.0
0.000138262883 7.7299781e-05 0.0
0.00012049306 6.78760189e-05 0.0
0.000125158214 7.58682363e-05 0.0
0.000161374264 4.69357328e-05 0.0
0.000149864252 3.85757558e-05 0.0
0.00013637956 3.42829917e-05 0.0
0.000107106229 7.16016802e-05 0.0
0.000159498202 7.29119347e-05 0.0
0.000165050675 5.23211311e-05 0.0
0.000166322614 5.86209317e-05 0.0
0.00012906325 3.42541571e-05 0.0
0.000122554004 3.63414474e-05 0.0
0.000142789067 5.5444325e-05 0.0
0.00010330027 5.92756514e-05 0.0
0.000110351742 4.68295511e-05 0.0
0.00037315485 8.71450538e-05 0.0
0.000358517893 8.54822429e-05 0.0
0.000376394601 8.81627566e-05 0.0
0.000355177937 8.56583792e-05 0.0
0.000383618753 8.7839675e-05 0.0
0.000349128153 8.37787738e-05 0.0
0.000284589303 0.000137272422 0.0
0.000289248739 0.000114496674 0.0
0.000271958386 0.000130788569 0.0
0.000298935367 0.000118237163 0.0
0.0002796771 0.000110326844 0.0
0.000293512305 0.000139432916 0.0
0.000274902966 0.000139199925 0.0
0.000264682662 0.000124154583 0.0
0.000303052017 0.000125901948 0.0
0.000296087732 0.000112072157 0.0
0.000284498092 0.00014457386 0.0
0.000270857738 0.000112348622 0.0
0.000264273665 0.000134093367 0.0
0.000285688933 0.000108102184 0.0
0.000299597101 0.000139274096 0.0
0.000301854714 0.000113922761 0.0
0.000304599031 0.000116791583 0.0
0.000305775524 0.00012076836 0.0
0.000292087498 0.000108833294 0.0
0.000278703228 0.000143981146 0.0
0.000290131196 0.000144216276 0.0
0.000281471672 0.000117165895 0.0
0.000261450245 0.000128973101 0.0
0.000268143776 0.000138579344 0.0
0.000261319976 0.000118879434 0.0
0.000305390306 0.000130778615 0.0
0.000303266745 0.000135390947 0.0
0.000264156086 0.000114893395 0.0
0.000292500597 0.000122045072 0.0
0.000272693665 0.00010837536 0.0
0.000180785995 3.16571386e-05 0.0
0.000177223948 5.0969913e-05 0.0
0.000188967708 5.24244751e-05 0.0
0.000193336906 3.20379222e-05 0.0
0.000198507289 4.86272838e-05 0.0
0.000169753825 3.15880316e-05 0.0
0.000166762751 5.05409262e-05 0.0
0.000185696757 2.73832575e-05 0.0
0.000179807699 5.633603e-05 0.0
0.000201167801 3.52121824e-05 0.0
0.000162824159 3.73422699e-05 0.0
0.000173151173 2.73077803e-05 0.0
0.000175266599 3.68166657e-05 0.0
0.00016110939 4.48563733e-05 0.0
0.00016883116 5.51802041e-05 0.0
0.000204133554 4.61459131e-05 0.0
0.000196918903 5.37132146e-05 0.0
0.000193042215 2.7160384e-05 0.0
0.000197914022 2.84504004e-05 0.0
0.000201211122 3.08921117e-05 0.0
0.000186883059 5.73933539e-05 0.0
0.000190403443 4.59724579e-05 0.0
0.000179353403 2.58206437e-05 0.0
0.000173455526 5.73157995e-05 0.0
0.000192341337 5.63441972e-05 0.0
0.000205454155 4.1868665e-05 0.0
0.00020545708 3.79170051e-05 0.0
0.000162344368 3.25661895e-05 0.0
0.00018660471 3.61001512e-05 0.0
0.000160554366 4.89436752e-05 0.0
0.000158634808 4.0896859e-05 0.0
0.000353309675 0.000127751002 0.0
0.000364497682 0.000117407624 0.0
0.000372227922 0.000121718236 0.0
0.000360159029 0.000131949739 0.0
0.000357603654 0.000114495379 0.0
0.000347606692 0.000122909289 0.0
0.00037556715 0.000126522413 0.0
0.000352688192 0.000132359273 0.0
0.000370099297 0.000116452 0.0
0.000367572095 0.000132618501 0.0
0.00034465635 0.000118856609 0.0
0.000346187444 0.000126876752 0.0
0.000352560048 0.000113296192 0.0
0.00036161195 0.000113225629 0.0
0.000366519467 0.000114007511 0.0
0.00034856156 0.000130717657 0.0
0.000356139557 0.000134816291 0.0
0.000359416415 0.000135372888 0.0
0.000363227329 0.000134808244 0.0
0.000375107949 0.000118597469 0.0
0.000377629214 0.000120924873 0.0
0.000378218945 0.000123474776 0.0
0.000345987559 0.000115886724 0.0
0.000348590373 0.000114245944 0.0
0.000375815755 0.000129672422 0.0
0.000372696581 0.000132107685 0.0
0.000353870972 0.000122926533 0.0
0.000358770048 0.000118550808 0.0
0.000485185126 0.000158077484 0.0
0.000522270624 0.000157511764 0.0
0.000490172883 0.000146436112 0.0
0.000519990921 0.000167101491 0.0
0.0004855445 0.000167061124 0.0
0.000525329961 0.000149527856 0.0
0.000478936883 0.000150121035 0.0
0.000497033412 0.000139711847 0.0
0.000510113256 0.000173842564 0.0
0.000528491393 0.000162343407 0.0
0.00047392791 0.000159070245 0.0
0.000518311863 0.000143253783 0.0
0.000482845382 0.000140813849 0.0
0.000531054277 0.000153361718 0.0
0.000488479331 0.000173770677 0.0
0.000527695694 0.00016814351 0.0
0.000524278905 0.000172300191 0.0
0.000518893881 0.00017517175 0.0
0.000532165461 0.000158061244 0.0
0.000472970161 0.000154016423 0.0
0.00047649903 0.000164412559 0.0
0.000515053223 0.000152033841 0.0
0.000488805992 0.00013783219 0.0
0.000477829599 0.000144574064 0.0
0.000503800751 0.000178006434 0.0
0.000503363088 0.000136393472 0.0
0.000511030317 0.000138257412 0.0
0.000496035733 0.000176941423 0.0
0.00051173172 0.000162275217 0.0
0.000525598705 0.000144137521 0.0
0.00035073352 0.000132602363 0.0
0.000336372497 0.000143550162 0.0
0.000341562409 0.000127400839 0.0
0.000328965689 0.000140718621 0.0
0.000326803885 0.000135218856 0.0
0.000355374563 0.000137172014 0.0
0.000343648368 0.000147816972 0.0
0.000348741713 0.000126551051 0.0
0.000335535558 0.000126222309 0.0
0.000330866344 0.00014543884 0.0
0.000356412551 0.000129778768 0.0
0.000343219639 0.000123139806 0.0
0.000350325892 0.000146896768 0.0
0.000338923535 0.000149081287 0.0
0.000357925484 0.00014150294 0.0
0.000325262343 0.000131711335 0.0
0.000324514956 0.000138851479 0.0
0.000326605776 0.000143872807 0.0
0.000333834148 0.000148091771 0.0
0.000324881228 0.000141780198 0.0
0.000358278747 0.000133288195 0.0
0.000353678945 0.000126717961 0.0
0.000346946181 0.000123406338 0.0
0.000339124963 0.000123536345 0.0
0.000355561497 0.000145084603 0.0
0.000327292917 0.000128639906 0.0
0.000330398354 0.000126222483 0.0
0.000332864205 0.000136431569 0.0
0.000342753599 0.000142366494 0.0
0.000349003065 0.000149908752 0.0
0.000345334876 0.000130606539 0.0
0.000375937991 0.000117263065 0.0
0.000390067202 0.000128110129 0.0
0.000355004449 0.000133442489 0.0
0.000367179891 0.000142043587 0.0
0.000394989183 0.000134893518 0.0
0.000388118002 0.000119326498 0.0
0.00035598455 0.000141234326 0.0
0.000376585667 0.000145414742 0.0
0.000366210879 0.000111825873 0.0
0.000349902664 0.000126376763 0.0
0.00037861304 0.000109671986 0.0
0.000346958754 0.000135915325 0.0
0.000398963632 0.000126564846 0.0
0.000363426603 0.000147173792 0.0
0.000352228672 0.000117759773 0.0
0.000357540383 0.000112593676 0.0
0.00039132667 0.000141231241 0.0
0.000385603489 0.000144778649 0.0
0.000399950164 0.000130934757 0.0
0.000396046875 0.000121569516 0.0
0.000357395096 0.000145746584 0.0
0.000370071939 0.000147755447 0.0
0.000385428139 0.000112647002 0.0
0.000371993199 0.00010821977 0.0
0.000345810404 0.000131417459 0.0
0.000349250098 0.000140021599 0.0
0.000397182477 0.000139283584 0.0
0.000346978341 0.000120769866 0.0
0.000378996308 0.000126055238 0.0
0.00036561329 0.000135195631 0.0
0.00049562403 0.000179680268 0.0
0.000240833353 5.50703844e-05 0.0
0.000554438971 0.000215717635 0.0
0.000178780538 3.21319858e-05 0.0
0.000434766611 0.000154794601 0.0
0.000481831434 0.000163666977 0.0
0.000507565856 0.000191973624 0.0
0.000157464063 2.33059418e-05 0.0
0.00054728036 0.000169336898 0.0
0.000286274328 9.53331837e-05 0.0
0.000431223918 0.000169233826 0.0
0.00036079163 0.00017202532 0.0
0.000385637599 9.47146618e-05 0.0
0.000274193997 8.36000399e-05 0.0
0.000422858255 0.000118586569 0.0
0.000227844284 4.07011285e-05 0.0
0.000530489546 0.00020526984 0.0
0.000161043907 1.51517424e-05 0.0
0.000272299221 9.81154008e-05 0.0
0.00045184631 0.000229563098 0.0
0.000324508175 0.00010925009 0.0
0.000431239052 0.000153602974 0.0
0.000477965426 0.000175089517 0.0
0.000275601284 8.02368086e-05 0.0
0.00057512871 0.000206382072 0.0
0.000242314316 5.89405536e-05 0.0
0.000179923591 2.74464855e-05 0.0
0.000566823466 0.00023631443 0.0
0.000443126861 0.000221205468 0.0
0.000123610953 3.11556914e-06 0.0
0.000268096162 8.78778155e-05 0.0
0.000202352094 6.9416521e-05 0.0
0.000591082207 0.000229773126 0.0
0.000191716303 4.65429221e-05 0.0
0.000481781055 0.000162392578 0.0
0.000311425945 0.000112484558 0.0
0.000242412279 8.3509578e-05 0.0
0.000544671901 0.000202506621 0.0
0.000515671098 0.000190953593 0.0
0.000412384805 0.000147438448 0.0
0.000424577476 0.000173262495 0.0
0.000398541306 0.000143665544 0.0
0.000520718517 0.000195383705 0.0
8.05000382e-05 9.54719894e-07 0.0
0.000464068464 0.000164497105 0.0
0.000301463821 0.00010582526 0.0
0.000131501904 -3.31424008e-06 0.0
0.000462956232 0.000125250051 0.0
0.000192183536 5.15048014e-05 0.0
0.000342617102 0.000146750259 0.0
0.000501100323 0.000195161061 0.0
0.00038342402 0.000194336826 0.0
0.000192525855 2.52435566e-05 0.0
0.000398176402 0.000155837726 0.0
0.000303575856 0.000114307688 0.0
5.05225325e-05 4.89209524e-05 0.0
0.000318127772 0.000111136389 0.0
0.00033646886 0.00014514348 0.0
0.000233523126 4.90729471e-05 0.0
0.000412146503 0.000109949608 0.0
0.000217979046 5.29720055e-05 0.0
0.000143731115 1.74584529e-05 0.0
0.00028385676 9.50034737e-05 0.0
0.000250166719 6.30949362e-05 0.0
0.000393576978 0.000108516091 0.0
0.000209828955 4.15110226e-05 0.0
0.000208215046 6.39325372e-05 0.0
7.47542144e-05 7.37688788e-06 0.0
0.000692236528 0.000289914402 0.0
0.000425128557 0.000127401436 0.0
0.000109444321 -8.00329815e-07 0.0
0.000447327504 0.000161472519 0.0
0.000367698842 7.68883983e-05 0.0
0.000268208707 7.03645783e-05 0.0
0.00037205554 0.00018459736 0.0
0.000366488413 8.58919666e-05 0.0
0.00027213493 7.85078373e-05 0.0
0.000591335935 0.000242359645 0.0
0.000427254883 0.000201679766 0.0
0.000481581548 0.00018136068 0.0
0.00047095734 0.00017578002 0.0
0.000496948429 0.000176514746 0.0
0.000218892164 0.000111770823 0.0
0.000453762419 0.000163500939 0.0
0.000127500505 -8.15149087e-06 0.0
0.00062789605 0.000228285557 0.0
0.000440338132 0.000149801941 0.0
0.000470797007 0.000252538361 0.0
0.000590461364 0.000211216087 0.0
0.000585315283 0.000226028031 0.0
0.000110352186 -1.16071396e-05 0.0
0.000464985409 0.000163013567 0.0
0.000121854515 1.8529372e-05 0.0
0.000506006763 0.00017756701 0.0
0.000296875893 0.000119376666 0.0
0.000422526122 0.000163714416 0.0
0.000383614475 0.000142482982 0.0
0.00049456954 0.000183091615 0.0
0.000257492473 6.73827381e-05 0.0
0.000547999574 0.000225629745 0.0
0.000251987512 6.47074339e-05 0.0
0.000202114432 5.9294096e-05 0.0
0.000548063195 0.000164321566 0.0
0.000301846681 0.000103489234 0.0
0.000432954985 0.000208231417 0.0
0.000570344797 0.000183188371 0.0
0.000280331529 9.72987473e-05 0.0
0.000309773925 0.000119397686 0.0
0.000582867768 0.000245524716 0.0
0.000342096901 6.63538449e-05 0.0
0.000246950425 5.51125813e-05 0.0
0.000547953823 0.000218743167 0.0
0.000464921235 0.000239650632 0.0
0.00046800077 0.000249276258 0.0
0.000429210631 0.000203600546 0.0
0.000616919308 0.000244951021 0.0
0.000251823163 7.89702826e-05 0.0
0.000549159129 0.000218515357 0.0
0.000539191649 0.000163229706 0.0
0.000557808846 0.000189042272 0.0
0.000359265076 0.000164890924 0.0
0.000201381044 7.54583161e-05 0.0
0.000328444265 0.000119156161 0.0
0.00047528022 0.000170812098 0.0
0.000386333326 9.29783564e-05 0.0
0.000398387318 0.000158021692 0.0
0.000342659419 0.000101910053 0.0
0.000569475349 0.000210109734 0.0
0.000602058659 0.00023666909 0.0
0.00054548413 0.000165326041 0.0
0.000319302169 0.00010760568 0.0
0.000515458931 0.000191593383 0.0
0.000390628062 0.000138403731 0.0
0.000448765204 0.00012079085 0.0
0.000290972122 0.000111846864 0.0
0.000460082316 0.000160622236 0.0
0.000532805745 0.000211476086 0.0
0.000269395503 9.97032694e-05 0.0
0.000399081298 0.000116416719 0.0
0.000530537684 0.000201252478 0.0
0.000203607968 2.67777086e-05 0.0
0.000294074911 9.50011381e-05 0.0
0.000462940894 0.000186237594 0.0
0.000236883847 7.66267258e-05 0.0
0.000209881619 3.64912667e-05 0.0
0.000174836387 2.0276706e-05 0.0
0.0001771979 5.11039543e-05 0.0
0.000316525431 0.000112461646 0.0
0.000262241927 6.62079256e-05 0.0
0.000163743607 2.7597076e-05 0.0
0.000331147545 6.25011598e-05 0.0
0.000117249409 4.36215532e-06 0.0
0.000275411527 8.31880825e-05 0.0
0.000485956873 0.000131667854 0.0
0.000121095065 -1.59705323e-05 0.0
0.000382394908 0.00014477683 0.0
0.000238612818 8.45366885e-05 0.0
0.000388251327 0.000202316733 0.0
9.46800865e-05 1.83473112e-05 0.0
0.000212252387 7.02167672e-05 0.0
0.000574335281 0.000240318506 0.0
0.00039830734 0.000148775114 0.0
0.000351627445 0.000164580604 0.0
0.000427654042 0.000152870984 0.0
0.000274532358 2.38651755e-05 0.0
0.000411458459 0.000147516694 0.0
0.000724124955 0.000307246461 0.0
0.000331728574 0.000142050485 0.0
0.000669029949 0.000267908006 0.0
0.000624008651 0.000230299018 0.0
0.000242528578 6.16899924e-05 0.0
0.000186517937 0.000100229714 0.0
0.000594573328 0.000228749617 0.0
0.00047618727 0.00025605713 0.0
0.000460320298 0.000169733539 0.0
0.000254767481 6.74878029e-05 0.0
0.000513238949 0.000189218947 0.0
0.000361276412 7.30664251e-05 0.0
0.000526764255 0.00019795663 0.0
5.6947647e-05 -5.36554535e-06 0.0
0.000390375877 0.000201003742 0.0
0.000499210379 0.000254971266 0.0
0.000443621771 0.000144042671 0.0
2.68441872e-05 3.105422e-05 0.0
0.000509987993 0.000203259347 0.0
0.000115005678 1.58846178e-05 0.0
0.00052511174 0.000267443771 0.0
0.000594241952 0.000229242767 0.0
0.000685247243 0.000276520994 0.0
0.000415840797 0.000191646177 0.0
0.000164534169 1.78578466e-05 0.0
0.000531261612 0.00021021541 0.0
0.000379269855 9.97713942e-05 0.0
0.000304616085 0.000160783879 0.0
0.000456401147 0.000127423555 0.0
0.000599030987 0.000252518046 0.0
0.0005667613 0.000202836731 0.0
0.000421238889 0.000159988675 0.0
0.00044873447 0.000227796962 0.0
0.000330486626 0.000134952279 0.0
0.000455227302 0.000163509336 0.0
0.000208710786 4.42245291e-05 0.0
0.000231020938 5.77807077e-05 0.0
0.000318563834 9.90743429e-05 0.0
0.000179095747 3.00409647e-05 0.0
0.000565268274 0.0002148192 0.0
0.000419416116 0.000191040148 0.0
0.000316196791 0.000118178672 0.0
0.000381051941 0.00018557084 0.0
9.4120267e-05 -1.88716695e-05 0.0
0.000612176897 0.000238556677 0.0
0.000148742445 1.79771469e-05 0.0
0.000366875291 0.00013395182 0.0
0.000309370051 0.000121375575 0.0
0.000478247355 0.000261191308 0.0
0.00047230479 0.000172952467 0.0
0.000533476879 0.000204430413 0.0
0.000141917684 1.32802561e-05 0.0
0.000146917315 1.83088941e-05 0.0
0.000236570588 5.40233232e-05 0.0
0.000162902128 2.3678962e-05 0.0
0.000227692086 0.000107573003 0.0
0.000435202877 0.000158749957 0.0
0.000423806341 0.000197994799 0.0
0.00067684782 0.000279987871 0.0
0.0002850827 9.27273577e-05 0.0
0.000290517899 9.87009043e-05 0.0
6.43826788e-05 5.710611e-05 0.0
0.00020531581 8.23099472e-05 0.0
0.000736610556 0.000242918439 0.0
0.000448220118 0.000225728145 0.0
0.000560800079 0.000235328553 0.0
0.000507939549 0.000191995161 0.0
0.000362982479 7.29470485e-05 0.0
0.000358045741 0.000119240889 0.0
0.000481065683 0.000182265139 0.0
0.000193205953 4.15451104e-05 0.0
0.000607612543 0.000237899978 0.0
0.000293837686 0.000109721492 0.0
5.3376767e-05 4.82615687e-05 0.0
0.000379675534 0.000138833027 0.0
0.000323258631 0.000112507689 0.0
0.000283725822 8.58266285e-05 0.0
0.000489468453 0.000260239467 0.0
6.80788871e-05 -1.4026672e-05 0.0
0.000321599917 0.000120228338 0.0
0.000555690669 0.000227271346 0.0
0.000225352764 4.05917781e-05 0.0
0.000569816213 0.000230269186 0.0
4.62569842e-05 -1.43678571e-05 0.0
0.000610326359 0.000221558948 0.0
0.000222847724 6.71613234e-05 0.0
0.000256730971 6.44710744e-05 0.0
0.000358036224 8.74997932e-05 0.0
0.000546164403 0.00021620818 0.0
0.000306380272 0.00010999621 0.0
0.000604547211 0.000247302145 0.0
0.000462752214 0.000192782405 0.0
9.13603435e-05 6.00876365e-06 0.0
0.000327633054 0.000132589121 0.0
0.000674325856 0.00026457684 0.0
0.000155482572 4.6307232e-05 0.0
0.000178424685 1.49847519e-05 0.0
0.000603754423 0.000218919915 0.0
0.00049408112 0.000182334072 0.0
0.00045635589 0.000156730515 0.0
0.0005828414 0.000218311572 0.0
0.000189367347 4.34031754e-05 0.0
0.000180294373 5.66310955e-05 0.0
0.000237163506 5.23763665e-05 0.0
0.000469921564 0.000247000833 0.0
0.000609307666 0.00023674054 0.0
0.000408964144 0.000104447477 0.0
0.000483574549 0.000170988365 0.0
0.000236672771 0.000123849401 0.0
0.000662044098 0.000270741497 0.0
0.000564147602 0.000231794387 0.0
0.000433788839 0.00013959546 0.0
0.000491447339 0.000184413613 0.0
0.000371981732 0.000129265114 0.0
0.000217735535 7.58611714e-05 0.0
0.000163348974 4.43607205e-05 0.0
0.000480817485 0.000246643962 0.0
0.000378909637 8.63038949e-05 0.0
0.000521694135 0.000203362564 0.0
0.000417378556 0.000147883053 0.0
0.000417761767 0.000202388692 0.0
0.000240299676 5.22563641e-05 0.0
0.000322109903 0.000106480125 0.0
0.000229893645 5.95320162e-05 0.0
0.00056319026 0.000167378603 0.0
0.000572236546 0.00017853301 0.0
0.000213218198 7.18170122e-05 0.0
0.000253918406 1.4952222e-05 0.0
8.20481291e-05 6.66284614e-05 0.0
0.000473072112 0.000157025308 0.0
9.8465629e-05 1.43661337e-05 0.0
0.0004205195 0.000131740715 0.0
0.000469238934 0.000184142438 0.0
0.000551058154 0.000204233802 0.0
0.000437784562 0.0001231067 0.0
0.000349154288 6.56998309e-05 0.0
0.000634976779 0.000264408067 0.0
0.000472106185 0.000126878585 0.0
0.000532775186 0.000207650752 0.0
0.000429682666 0.000138954289 0.0
0.000134274422 5.75450031e-06 0.0
0.000294538157 0.00011044593 0.0
0.000173791515 3.65254964e-05 0.0
0.000591854332 0.000244655355 0.0
0.000645226915 0.000244442315 0.0
0.000735530979 0.000302856613 0.0
0.000289138785 9.76424926e-05 0.0
0.000393080263 0.000145016253 0.0
9.5506759e-05 -3.01370856e-05 0.0
0.000102029815 1.62973902e-05 0.0
0.000331774732 0.000102520942 0.0
0.000495926535 0.000189809638 0.0
0.000104449362 -1.3197382e-05 0.0
0.000329343253 0.000122688245 0.0
0.000347354129 0.000153922578 0.0
0.000392966234 0.000102900507 0.0
0.000109666536 1.08975191e-05 0.0
0.000496603432 0.000135569368 0.0
0.000405602157 0.000148235646 0.0
0.000396130665 0.000199659815 0.0
0.000499355025 0.000175445559 0.0
0.000432713772 0.000115167371 0.0
0.000208353522 8.73424724e-05 0.0
0.000608297822 0.000230742531 0.0
0.000391668727 0.000154124908 0.0
0.000453248183 0.000161369535 0.0
0.000545785646 0.000206761877 0.0
0.000248337456 4.67625796e-05 0.0
0.000345594395 0.000150624648 0.0
0.000301949796 0.000124406535 0.0
0.000147478582 4.28537533e-05 0.0
0.000404049497 0.00019425909 0.0
0.000257465581 9.27838992e-05 0.0
0.000580509019 0.000230343285 0.0
0.000228426245 8.64518515e-05 0.0
0.000525635551 0.000203129151 0.0
0.000249198056 5.92128963e-05 0.0
0.000386830128 0.000139583921 0.0
0.000649814261 0.000271440629 0.0
0.000546615862 0.000178434682 0.0
0.000290818512 0.000151897446 0.0
0.000523404509 0.000197749279 0.0
0.000234053703 7.49297105e-05 0.0
0.000509594276 0.000190855251 0.0
0.000257251901 9.07283975e-05 0.0
0.000214142419 7.05837811e-05 0.0
0.000219465903 4.36396767e-05 0.0
0.000243339862 3.97504627e-05 0.0
0.000321682048 0.000121190795 0.0
0.000521706243 0.000205155578 0.0
0.000156571696 3.84823434e-05 0.0
0.000666131964 0.000265322335 0.0
0.000505291449 0.000186752892 0.0
0.000432291388 0.000173214343 0.0
0.000106263768 -1.94888289e-05 0.0
0.00055885897 0.000181599884 0.0
0.000671822636 0.00026286341 0.0
0.000583197922 0.000195109373 0.0
0.000300892047 0.000122335085 0.0
0.000398248987 0.000153645495 0.0
0.000141097611 3.4279863e-05 0.0
0.000206317898 2.91625929e-05 0.0
7.86910387e-05 -3.74865122e-05 0.0
0.000383293314 0.00010631296 0.0
0.000503417337 0.000182544958 0.0
0.000193125685 4.09134555e-05 0.0
0.000221196897 7.31278342e-05 0.0
0.000408422173 0.00011267652 0.0
0.00046730609 0.000172498563 0.0
0.000180189716 4.23634046e-05 0.0
0.000323654764 0.000131449342 0.0
0.000338703598 0.000150874228 0.0
0.000384780607 0.000142043777 0.0
0.000268855656 8.3036095e-05 0.0
9.68960449e-05 -1.14208788e-05 0.0
0.000368400128 0.000171020743 0.0
0.00053649547 0.000203977906 0.0
0.00019259972 6.24049862e-05 0.0
0.000144966412 1.32878029e-07 0.0
0.000286068942 0.000109627013 0.0
0.000715003 0.000300453074 0.0
0.000666160893 0.000268233969 0.0
0.000196384673 9.48757443e-05 0.0
0.000264476927 6.81400707e-05 0.0
0.000155664588 1.11640811e-05 0.0
0.000539152301 0.000168163097 0.0
0.000651745358 0.000258949847 0.0
0.000173190172 4.84897209e-05 0.0
0.00043378066 0.000154774956 0.0
0.000401099212 0.000213545776 0.0
0.000474271277 0.00013017327 0.0
3.63912986e-05 3.97014992e-05 0.0
0.000424823724 0.000115890005 0.0
0.00012860127 -2.22772928e-06 0.0
0.000447203696 0.000158569979 0.0
0.000607188442 0.00022845155 0.0
0.000237745771 6.65672196e-05 0.0
0.000287201721 9.26024804e-05 0.0
0.000397163327 0.000101105412 0.0
0.000376442331 0.0001344349 0.0
7.24130878e-05 5.91595854e-05 0.0
0.000205787626 3.49350084e-05 0.0
0.000546180119 0.000227051452 0.0
0.000414756767 0.000147821498 0.0
0.00024211916 7.04193662e-05 0.0
0.000338981132 0.000126145853 0.0
0.000290162308 9.96123999e-05 0.0
0.000271365949 8.11939171e-05 0.0
0.000244515919 5.35143117e-05 0.0
0.000258633896 6.82887985e-05 0.0
0.000524846488 0.000221190523 0.0
0.000598594372 0.000238939159 0.0
0.000532041828 0.000215204549 0.0
0.000424595666 0.000146992199 0.0
0.000305067981 0.00011513527 0.0
4.43587269e-05 4.12379704e-05 0.0
0.000266920251 8.87672504e-05 0.0
0.000271346566 7.81864437e-05 0.0
5.94579724e-05 -1.03158163e-05 0.0
0.000320193212 0.000143822414 0.0
0.000271011668 9.44135172e-05 0.0
0.000544119859 0.000218441346 0.0
0.000613729644 0.000251366495 0.0
0.000454074325 0.000231685364 0.0
0.000218361209 7.00701639e-05 0.0
0.000265685027 7.93500221e-05 0.0
0.000129051259 1.20063469e-05 0.0
0.000293764781 9.9847588e-05 0.0
0.000406678533 0.000179844734 0.0
0.000507801131 0.000138162723 0.0
0.000417129282 0.000163441175 0.0
0.000361322658 0.00013228257 0.0
0.000282696099 8.61479566e-05 0.0
0.000373369548 0.000184040051 0.0
0.000388021552 0.00017768082 0.0
5.99088962e-05 -5.67312691e-06 0.0
0.000165376507 1.36954395e-05 0.0
0.000255676394 7.01405079e-05 0.0
0.000445256825 0.000168282786 0.0
0.000272468344 0.00014380581 0.0
0.000603369321 0.000209917387 0.0
0.000408700842 0.000183853568 0.0
0.000254758837 7.39370153e-05 0.0
0.000481705472 0.000166649726 0.0
0.000456267357 0.000154778652 0.0
0.000237474713 6.46273329e-05 0.0
0.000367840286 9.55958021e-05 0.0
0.000499874179 0.000189242739 0.0
0.000358801248 0.000169762163 0.0
0.000273591431 8.16960237e-05 0.0
0.000212192303 5.41193767e-05 0.0
0.00032596942 0.000134275091 0.0
0.000251442456 8.62522666e-06 0.0
0.000281152985 0.000146712307 0.0
0.000536866661 0.000174804154 0.0
0.000503620657 0.000232009537 0.0
0.000535785279 0.00027055986 0.0
0.000325098925 0.000111026849 0.0
0.000426070008 0.000154345689 0.0
0.000187408921 2.69343182e-05 0.0
0.000449397106 0.000227009703 0.0
0.000231597791 4.42420824e-05 0.0
0.00035133108 0.000162478973 0.0
0.000435768161 0.00021383338 0.0
0.000315605837 0.00015475566 0.0
0.000291625736 3.68557339e-05 0.0
0.000579921238 0.000216044311 0.0
0.000208886515 9.05870984e-05 0.0
0.000233709143 5.6060042e-05 0.0
0.000113982605 2.64196115e-05 0.0
0.000745556958 0.000254351762 0.0
0.000462840631 0.000157862392 0.0
0.000328005728 9.55946234e-05 0.0
0.000237293745 4.82972755e-05 0.0
0.000338232057 5.84503287e-05 0.0
0.000268524687 0.000141766592 0.0
0.000305889233 0.000103309714 0.0
0.000608721224 0.000254481507 0.0
0.000248510682 5.39904067e-05 0.0
0.000447773433 0.000174966408 0.0
0.000318923499 0.000125792852 0.0
0.000243528382 0.00012418392 0.0
0.000507546705 0.000184971126 0.0
0.000373827352 8.45623799e-05 0.0
0.000390934991 0.000201501214 0.0
0.00060352619 0.000231314232 0.0
0.000320464664 0.000114832779 0.0
0.000507024641 0.000252488302 0.0
0.000415805494 0.000140726523 0.0
0.000135112758 1.3433345e-05 0.0
0.000511608145 0.000195543573 0.0
0.000449465413 0.000164340105 0.0
0.000233561019 4.82900105e-05 0.0
0.000324599823 0.000129510285 0.0
0.000227275988 8.39657223e-05 0.0
0.000354520278 7.58737806e-05 0.0
0.00067983364 0.000265078241 0.0
0.000578676583 0.000200222086 0.0
0.000600922271 0.00021893956 0.0
0.00041633466 0.000122195241 0.0
0.000489820028 0.000273341313 0.0
0.000374247582 0.000176225425 0.0
0.000670325302 0.000270441757 0.0
0.000592149794 0.000207237725 0.0
0.000403248734 0.000121507655 0.0
0.000369064452 0.000183422089 0.0
0.000697728654 0.000290937896 0.0
0.000762018957 0.000257551932 0.0
0.000346750021 0.000132574947 0.0
0.000563886948 0.000229328129 0.0
0.000224897274 4.97295368e-05 0.0
0.000569320167 0.000203000454 0.0
6.91941241e-05 4.58787763e-05 0.0
0.00028155942 0.000106439613 0.0
0.000610361225 0.000246656506 0.0
0.000473675871 0.000175867855 0.0
0.00037680316 9.10374802e-05 0.0
8.10045312e-05 -1.69445684e-05 0.0
0.000516050612 0.000223336028 0.0
0.000448836625 0.000122622077 0.0
0.000212956787 0.000114987699 0.0
0.000419795193 0.000157514456 0.0
0.000244223571 6.50324146e-05 0.0
0.000442383694 0.000222135917 0.0
0.000500098104 0.000241532383 0.0
0.000489475729 0.00017859436 0.0
0.000367628178 0.000131730063 0.0
0.000487080193 0.000185286204 0.0
0.000163085759 2.35669195e-05 0.0
1.3357313e-05 1.63953737e-05 0.0
0.000522851711 0.000198910391 0.0
0.000644143787 0.000251855643 0.0
0.000355122 6.42579689e-05 0.0
0.00048904639 0.00018671836 0.0
0.000247679534 0.00013102738 0.0
0.000199740753 3.58021134e-05 0.0
0.000229607132 4.84021039e-05 0.0
0.000406993175 0.000126863917 0.0
0.000162246753 2.48674805e-05 0.0
0.00058723049 0.00024370059 0.0
0.000258261862 6.86137355e-05 0.0
0.000507036399 0.000232072329 0.0
0.000442297402 0.000154130554 0.0
0.000520066591 0.000200941882 0.0
0.000356819422 0.000126425424 0.0
0.000101311954 -2.78968746e-05 0.0
0.000343010703 0.000127308245 0.0
0.000482561445 0.000254495477 0.0
0.000193956381 3.70708258e-05 0.0
0.000321709638 0.000127524865 0.0
0.000460910553 0.000168401442 0.0
0.000288606418 9.45064457e-05 0.0
2.21269293e-05 3.30005132e-05 0.0
8.89206494e-05 -3.07689993e-06 0.0
