0.000229862198 -1.34528618e-05 0.0
0.000223245326 -1.78529972e-05 0.0
0.000225292155 -1.73517565e-05 0.0
0.000228820762 -1.55659836e-05 0.0
4.38358002e-05 -2.02624142e-05 0.0
3.90743808e-05 -2.06506938e-05 0.0
3.2742144e-05 -2.1038024e-05 0.0
4.5614499e-05 -2.40750178e-05 0.0
0.000267817901 -2.1038024e-05 0.0
0.000274150138 -2.06506938e-05 0.0
0.000278911553 -2.02624142e-05 0.0
0.000107879016 -3.65436244e-05 0.0
0.000104075036 -3.2404645e-05 0.0
0.000100548583 -2.75706607e-05 0.0
9.60270918e-05 -3.15225989e-05 0.0
2.07633329e-05 1.98834005e-06 0.0
2.42897859e-05 -2.84564499e-06 0.0
2.80937675e-05 -6.98462463e-06 0.0
0.000159546093 -4.36166447e-05 0.0
0.000156799841 -3.99866076e-05 0.0
0.000153856905 -3.54573131e-05 0.0
0.000144297548 -3.95750394e-05 0.0
7.40716569e-05 -5.89831143e-06 0.0
7.70145853e-05 -1.04276087e-05 0.0
7.97608445e-05 -1.4057644e-05 0.0
0.000229581361 7.54432085e-06 0.0
0.000219367852 8.60362434e-06 0.0
0.000222147151 8.43042108e-06 0.0
0.000225000709 8.94242021e-06 0.0
0.000269076932 -2.35466141e-05 0.0
0.000274886523 -2.38988068e-05 0.0
0.000280981563 -2.44621169e-05 0.0
0.00026473889 -1.1267367e-05 0.0
4.5905821e-05 -2.44621169e-05 0.0
3.98107804e-05 -2.38988068e-05 0.0
3.4001172e-05 -2.35466141e-05 0.0
0.000109312103 -3.36164849e-05 0.0
0.000100400794 -2.20422189e-05 0.0
0.000105371691 -2.51211695e-05 0.0
0.000105187108 -2.92546993e-05 0.0
0.00022924917 -1.68485349e-05 0.0
0.000217563545 -2.21319733e-05 0.0
0.000222190632 -1.94021977e-05 0.0
0.00022462591 -1.81301257e-05 0.0
0.000135970768 -1.28127967e-05 0.0
0.000122681507 -8.50578999e-06 0.0
0.000133765861 -1.18846428e-05 0.0
0.000125224731 -1.00085226e-05 0.0
3.2290176e-05 3.18188336e-06 0.0
2.49791628e-05 2.93787116e-06 0.0
1.98386861e-05 3.15119928e-06 0.0
3.9033057e-05 -9.35576645e-06 0.0
3.29972754e-05 -2.37880568e-06 0.0
2.82455767e-05 -2.95472569e-06 0.0
0.000254914426 3.15119928e-06 0.0
0.00026005492 2.93787116e-06 0.0
0.000267365918 3.18188336e-06 0.0
6.48789282e-05 -1.24975404e-05 0.0
5.35544023e-05 -6.37621861e-06 0.0
5.95369711e-05 -9.26791108e-06 0.0
5.77184728e-05 -8.86546604e-06 0.0
7.96861787e-05 -1.45597569e-05 0.0
6.38935526e-05 -3.16357182e-06 0.0
7.73065913e-05 -1.05273211e-05 0.0
6.74854891e-05 -7.73931606e-06 0.0
0.000144591613 -1.24343042e-05 0.0
0.000133371519 -1.108984e-05 0.0
0.00013954645 -1.08722288e-05 0.0
0.000140778604 -1.11975178e-05 0.0
0.000244484952 -2.24535306e-05 0.0
0.000235685264 -4.69891165e-06 0.0
0.000243001166 -1.69888135e-05 0.0
0.000237116386 -8.65738184e-06 0.0
0.000113913564 -2.04627486e-05 0.0
9.98887845e-05 -2.11071401e-05 0.0
0.000105500505 -2.30407313e-05 0.0
0.000107739674 -2.12094619e-05 0.0
0.000197357556 -4.40984104e-06 0.0
0.000186292469 4.70813774e-07 0.0
0.000193115979 1.42532343e-07 0.0
0.000192537322 -1.25917563e-06 0.0
7.97852481e-05 -2.95589998e-05 0.0
0.0 0.0 0.0
0.000235075757 0.0 0.0
0.000314861012 -2.95589998e-05 0.0
0.000229276076 -1.36877961e-05 0.0
0.000228868434 -1.38839296e-05 0.0
0.000228413061 -1.41749242e-05 0.0
0.000227770768 -1.46635693e-05 0.0
0.000226986231 -1.54620775e-05 0.0
0.000226126795 -1.64285611e-05 0.0
0.000225548589 -1.71390802e-05 0.0
0.000224992953 -1.74747929e-05 0.0
0.000224291973 -1.75940168e-05 0.0
0.000223780982 -1.76709782e-05 0.0
0.000223434225 -1.77787297e-05 0.0
0.000223195748 -1.7930286e-05 0.0
0.000223307637 -1.7995324e-05 0.0
0.000223680589 -1.79430044e-05 0.0
0.000224406715 -1.76721187e-05 0.0
0.00022568235 -1.72060172e-05 0.0
0.000227415119 -1.64794492e-05 0.0
0.000229140685 -1.54895515e-05 0.0
0.000230936625 -1.43631214e-05 0.0
0.000232535647 -1.37224988e-05 0.0
0.000232202539 -1.3336482e-05 0.0
0.000230781239 -1.33283238e-05 0.0
0.000226772579 -1.66303162e-05 0.0
4.31949775e-05 -2.01839794e-05 0.0
4.17895062e-05 -2.02995961e-05 0.0
3.57967474e-05 -2.10244507e-05 0.0
3.353582e-05 -2.10852668e-05 0.0
3.45542176e-05 -2.11968436e-05 0.0
3.62495557e-05 -2.09360587e-05 0.0
3.75228447e-05 -2.10428843e-05 0.0
3.88648259e-05 -2.16216304e-05 0.0
4.02321857e-05 -2.25512522e-05 0.0
4.19108146e-05 -2.3361541e-05 0.0
4.36876726e-05 -2.39212168e-05 0.0
4.72785687e-05 -2.40373338e-05 0.0
4.81398238e-05 -2.38853281e-05 0.0
4.82289397e-05 -2.36009218e-05 0.0
4.78142938e-05 -2.30789847e-05 0.0
4.72243046e-05 -2.23224979e-05 0.0
4.62878124e-05 -2.14620904e-05 0.0
4.51277701e-05 -2.08649144e-05 0.0
0.000268611562 -2.10852668e-05 0.0
0.000270872493 -2.10244507e-05 0.0
0.000276865263 -2.02995961e-05 0.0
0.000278270716 -2.01839794e-05 0.0
0.000277847954 -1.94482291e-05 0.0
0.000276863604 -1.86361303e-05 0.0
0.000275447674 -1.78158498e-05 0.0
0.000273587444 -1.73663448e-05 0.0
0.000271288765 -1.73500539e-05 0.0
0.000268660951 -1.80995412e-05 0.0
0.000265790033 -1.97525005e-05 0.0
0.000266279327 -2.08062538e-05 0.0
0.000106945932 -3.53892938e-05 0.0
0.000105721527 -3.39860198e-05 0.0
0.000102454615 -3.0743915e-05 0.0
0.000101304584 -2.90969838e-05 0.0
9.82605561e-05 -2.73877322e-05 0.0
9.60576726e-05 -2.76047631e-05 0.0
9.43262785e-05 -2.79534306e-05 0.0
9.35056742e-05 -2.84228663e-05 0.0
9.35240896e-05 -2.91242613e-05 0.0
9.40619357e-05 -3.00027223e-05 0.0
9.49774694e-05 -3.08979907e-05 0.0
9.73274218e-05 -3.19909268e-05 0.0
9.85991355e-05 -3.26960908e-05 0.0
0.000100108795 -3.37593847e-05 0.0
0.000101948142 -3.48996145e-05 0.0
0.000104170882 -3.59251571e-05 0.0
0.000105962827 -3.65855376e-05 0.0
0.000107167907 -3.67848879e-05 0.0
2.15193377e-05 4.62016999e-07 0.0
2.26693646e-05 -1.18491596e-06 0.0
2.59362732e-05 -4.42701912e-06 0.0
2.71606841e-05 -5.83029214e-06 0.0
2.8651848e-05 -6.40728103e-06 0.0
2.9107292e-05 -5.54127746e-06 0.0
2.92625355e-05 -4.58041131e-06 0.0
2.89382278e-05 -3.62668084e-06 0.0
2.82063847e-05 -2.96198345e-06 0.0
2.72609741e-05 -2.26141537e-06 0.0
2.61576843e-05 -1.06285825e-06 0.0
2.47358057e-05 1.9203604e-07 0.0
2.28302615e-05 1.30366948e-06 0.0
0.000158433351 -4.22152953e-05 0.0
0.000155140209 -3.7463833e-05 0.0
0.000151517233 -3.42874009e-05 0.0
0.000149177795 -3.34181277e-05 0.0
0.000147177416 -3.29738286e-05 0.0
0.000145560756 -3.29974973e-05 0.0
0.000143698577 -3.39539511e-05 0.0
0.000142206773 -3.53487267e-05 0.0
0.000141876473 -3.67563443e-05 0.0
0.000142673642 -3.81558129e-05 0.0
0.000146338818 -4.09399181e-05 0.0
0.000148692619 -4.20998804e-05 0.0
0.000151338667 -4.30255386e-05 0.0
0.000154050198 -4.37761155e-05 0.0
0.000156378374 -4.44119105e-05 0.0
0.000157964358 -4.47232378e-05 0.0
0.000158744282 -4.48017672e-05 0.0
0.000159188421 -4.4313143e-05 0.0
7.53549612e-05 -7.90483318e-06 0.0
7.86481032e-05 -1.26562936e-05 0.0
7.9884805e-05 -1.30273747e-05 0.0
7.9672529e-05 -1.17605568e-05 0.0
7.90451013e-05 -1.03117736e-05 0.0
7.79007605e-05 -8.81924279e-06 0.0
7.62838681e-05 -7.33243633e-06 0.0
0.000231196158 8.15632757e-06 0.0
0.000230720238 8.60559521e-06 0.0
0.000228887016 8.49343087e-06 0.0
0.000226723132 8.51661298e-06 0.0
0.00022464506 8.38819869e-06 0.0
0.000222866423 8.1206781e-06 0.0
0.000220947506 7.43772125e-06 0.0
0.000220036352 7.27101951e-06 0.0
0.000220001733 7.26646113e-06 0.0
0.000219950904 7.63390926e-06 0.0
0.000219716443 8.16499323e-06 0.0
0.000219118083 8.91236959e-06 0.0
0.000218919522 9.12534597e-06 0.0
0.000218818546 9.28822374e-06 0.0
0.000218903224 9.40934206e-06 0.0
0.000219288224 9.57628617e-06 0.0
0.000219824346 9.5832911e-06 0.0
0.000220612172 9.15106557e-06 0.0
0.00022191352 8.3964751e-06 0.0
0.00022336861 7.66173889e-06 0.0
0.000225081632 7.16675459e-06 0.0
0.000227074677 7.09877577e-06 0.0
0.00022392573 9.01666044e-06 0.0
0.000271321856 -2.37007407e-05 0.0
0.000278558146 -2.41951602e-05 0.0
0.000281467102 -2.34882755e-05 0.0
0.00028150194 -2.22602539e-05 0.0
0.00028119699 -2.07730573e-05 0.0
0.00028027987 -1.91072922e-05 0.0
0.00027855637 -1.70571493e-05 0.0
0.000276125123 -1.50458936e-05 0.0
0.000273091369 -1.33850144e-05 0.0
0.000269770913 -1.21237872e-05 0.0
0.000266659277 -1.13755686e-05 0.0
0.000263787719 -1.1678565e-05 0.0
0.000262982823 -1.25648139e-05 0.0
0.00026226748 -1.36227636e-05 0.0
0.000261978625 -1.48392719e-05 0.0
0.000262185873 -1.62248089e-05 0.0
0.000263062015 -1.77910933e-05 0.0
0.000264245755 -1.9431629e-05 0.0
0.000265818002 -2.08906858e-05 0.0
0.000267380005 -2.23211591e-05 0.0
4.34823924e-05 -2.41951602e-05 0.0
3.62461033e-05 -2.37007407e-05 0.0
3.59828591e-05 -2.45522315e-05 0.0
3.83326478e-05 -2.52463542e-05 0.0
4.08205888e-05 -2.54860643e-05 0.0
4.3124448e-05 -2.53737671e-05 0.0
4.48842475e-05 -2.50050853e-05 0.0
0.000111416477 -3.35811674e-05 0.0
0.000113554255 -3.29096365e-05 0.0
0.000115526047 -3.16301193e-05 0.0
0.00011643047 -3.00994834e-05 0.0
0.000116088726 -2.8797991e-05 0.0
0.000114666254 -2.75374459e-05 0.0
0.000112989328 -2.68603744e-05 0.0
0.000111481015 -2.61827699e-05 0.0
0.000109853972 -2.52284499e-05 0.0
0.000108044936 -2.39904348e-05 0.0
0.000105708306 -2.29606158e-05 0.0
0.000103075334 -2.22352755e-05 0.0
9.80684199e-05 -2.22212275e-05 0.0
9.67064116e-05 -2.25883068e-05 0.0
9.6320844e-05 -2.30340829e-05 0.0
9.65371219e-05 -2.38436896e-05 0.0
9.70684414e-05 -2.47841999e-05 0.0
9.79006218e-05 -2.56987405e-05 0.0
9.86892774e-05 -2.67075538e-05 0.0
9.96768431e-05 -2.79632113e-05 0.0
0.000101115707 -2.94832626e-05 0.0
0.000102861981 -3.1015381e-05 0.0
0.000104937084 -3.22532578e-05 0.0
0.000107119769 -3.31510819e-05 0.0
0.000105390522 -2.6923246e-05 0.0
0.000227964774 -1.69691775e-05 0.0
0.00022645545 -1.7167773e-05 0.0
0.000225118463 -1.76251506e-05 0.0
0.000223905532 -1.82570275e-05 0.0
0.000222549177 -1.90329738e-05 0.0
0.000221217721 -1.98631733e-05 0.0
0.000219863199 -2.06817531e-05 0.0
0.000218623216 -2.14421925e-05 0.0
0.00021753968 -2.19923531e-05 0.0
0.000217033943 -2.22142389e-05 0.0
0.000218998335 -2.16840217e-05 0.0
0.000220640519 -2.12066807e-05 0.0
0.000222214818 -2.04679291e-05 0.0
0.000223600626 -1.95188222e-05 0.0
0.000224837378 -1.84101227e-05 0.0
0.000225631476 -1.75515925e-05 0.0
0.00022644276 -1.71294396e-05 0.0
0.000227617566 -1.69245395e-05 0.0
0.000228622346 -1.68033312e-05 0.0
0.00022946141 -1.67342805e-05 0.0
0.000223406169 -1.88194826e-05 0.0
0.000137729177 -1.23765712e-05 0.0
0.000138124553 -1.24613725e-05 0.0
0.000137437863 -1.23774798e-05 0.0
0.000136315022 -1.23634773e-05 0.0
0.000135559021 -1.21184894e-05 0.0
0.000135074763 -1.15901667e-05 0.0
0.000134054048 -1.09560133e-05 0.0
0.000132663467 -1.00810903e-05 0.0
0.000130792643 -9.29701218e-06 0.0
0.000128581611 -8.78614355e-06 0.0
0.000125761813 -8.39925087e-06 0.0
0.000120525576 -8.78718674e-06 0.0
0.000120236124 -8.88272916e-06 0.0
0.000121195495 -8.96264919e-06 0.0
0.000122242753 -9.15996043e-06 0.0
0.000123321006 -9.65516847e-06 0.0
0.000124459999 -1.0303781e-05 0.0
0.000125858147 -1.09369821e-05 0.0
0.00012742792 -1.1601699e-05 0.0
0.000129300664 -1.21572211e-05 0.0
0.000131336375 -1.2599683e-05 0.0
0.000133539535 -1.27509838e-05 0.0
0.000129495776 -1.10366927e-05 0.0
2.92711939e-05 3.05603339e-06 0.0
2.12788018e-05 3.05893309e-06 0.0
2.03882882e-05 2.33073843e-06 0.0
2.09535319e-05 1.14895056e-06 0.0
2.16640528e-05 -1.5537637e-07 0.0
2.25345848e-05 -1.56802696e-06 0.0
2.3821849e-05 -3.1541208e-06 0.0
2.56269432e-05 -5.0215931e-06 0.0
2.82953806e-05 -6.82254995e-06 0.0
3.17130907e-05 -8.35135597e-06 0.0
3.57227291e-05 -9.24502638e-06 0.0
4.02267578e-05 -9.18295336e-06 0.0
3.99801902e-05 -8.90740012e-06 0.0
3.98158081e-05 -8.4191006e-06 0.0
3.98384109e-05 -7.6094766e-06 0.0
3.97687509e-05 -6.39673635e-06 0.0
3.94495582e-05 -4.68201551e-06 0.0
3.84923733e-05 -2.63957168e-06 0.0
3.69547051e-05 -3.99157841e-07 0.0
3.48433932e-05 1.56257613e-06 0.0
0.000256354542 3.05893309e-06 0.0
0.000264346949 3.05603339e-06 0.0
0.000264309958 4.40407302e-06 0.0
0.000260629167 4.78035008e-06 0.0
0.000257066276 4.64012055e-06 0.0
0.00025496076 3.82170219e-06 0.0
6.69025758e-05 -1.22905276e-05 0.0
6.70131631e-05 -1.19748393e-05 0.0
6.57808341e-05 -1.14991044e-05 0.0
6.42599771e-05 -1.10636911e-05 0.0
6.27848131e-05 -1.0746925e-05 0.0
6.13289012e-05 -1.05153149e-05 0.0
5.99559862e-05 -1.02385393e-05 0.0
5.85572634e-05 -9.49448167e-06 0.0
5.68815085e-05 -8.46374951e-06 0.0
5.52694983e-05 -7.5810317e-06 0.0
5.41137488e-05 -6.76785476e-06 0.0
5.33599377e-05 -6.24372979e-06 0.0
5.32485756e-05 -6.19589491e-06 0.0
5.33172824e-05 -6.28726821e-06 0.0
5.35021427e-05 -6.54174528e-06 0.0
5.37781598e-05 -7.07231584e-06 0.0
5.43096394e-05 -7.97845405e-06 0.0
5.51543781e-05 -9.19069225e-06 0.0
5.6311681e-05 -1.03382172e-05 0.0
5.78799663e-05 -1.12759544e-05 0.0
5.98348997e-05 -1.20033719e-05 0.0
6.21529325e-05 -1.24687949e-05 0.0
5.9066384e-05 -8.79677555e-06 0.0
8.25797906e-05 -1.42514973e-05 0.0
8.33060694e-05 -1.39323301e-05 0.0
8.27871918e-05 -1.35882219e-05 0.0
8.21950962e-05 -1.29220616e-05 0.0
8.15015228e-05 -1.18834487e-05 0.0
8.04692027e-05 -1.04468209e-05 0.0
7.9109639e-05 -8.6665259e-06 0.0
7.71503765e-05 -6.97493897e-06 0.0
7.46326623e-05 -5.38193945e-06 0.0
7.13064655e-05 -4.14843771e-06 0.0
6.72262759e-05 -3.3368367e-06 0.0
6.28234775e-05 -3.47340165e-06 0.0
6.30779614e-05 -3.80422716e-06 0.0
6.30553113e-05 -4.51853339e-06 0.0
6.30537252e-05 -5.65598475e-06 0.0
6.33560412e-05 -6.97268342e-06 0.0
6.40219951e-05 -8.45073555e-06 0.0
6.53444949e-05 -9.94270158e-06 0.0
6.70906738e-05 -1.14489067e-05 0.0
6.94794144e-05 -1.27839385e-05 0.0
7.24255005e-05 -1.38951518e-05 0.0
7.59410104e-05 -1.44789983e-05 0.0
7.22384575e-05 -9.02695047e-06 0.0
0.00014497331 -1.23485033e-05 0.0
0.000145354512 -1.21243056e-05 0.0
0.000145440616 -1.19403621e-05 0.0
0.000145043537 -1.17047775e-05 0.0
0.000143990401 -1.1378238e-05 0.0
0.00014244669 -1.10820183e-05 0.0
0.000140387929 -1.08263521e-05 0.0
0.000137984025 -1.07146443e-05 0.0
0.000135490351 -1.05442159e-05 0.0
0.000133046546 -1.06697562e-05 0.0
0.000135250812 -1.10009687e-05 0.0
0.00013669263 -1.05906884e-05 0.0
0.000137589406 -1.01848154e-05 0.0
0.000138044779 -1.01123769e-05 0.0
0.000138445976 -1.05352901e-05 0.0
0.000139118303 -1.11047721e-05 0.0
0.000140538526 -1.18785956e-05 0.0
0.000142427016 -1.24835378e-05 0.0
0.000143615311 -1.25087581e-05 0.0
0.000144230944 -1.25144907e-05 0.0
0.000139983647 -1.08090189e-05 0.0
0.000247695076 -2.16002063e-05 0.0
0.000251191144 -1.98141206e-05 0.0
0.000253144157 -1.7598446e-05 0.0
0.000252045022 -1.63994828e-05 0.0
0.000250694866 -1.47811052e-05 0.0
0.000248931115 -1.3051319e-05 0.0
0.000246677926 -1.09904404e-05 0.0
0.000243877716 -9.31638624e-06 0.0
0.000240889363 -8.10896836e-06 0.0
0.000239911489 -7.23770609e-06 0.0
0.000238365508 -5.93140021e-06 0.0
0.00023254368 -4.05168566e-06 0.0
0.000229130557 -4.49464005e-06 0.0
0.000225839001 -6.01094689e-06 0.0
0.000223856521 -8.25251118e-06 0.0
0.000224276781 -1.04064748e-05 0.0
0.000226025659 -1.28935117e-05 0.0
0.000228561315 -1.54875452e-05 0.0
0.000231657177 -1.76586182e-05 0.0
0.000235091458 -1.95586708e-05 0.0
0.000238516295 -2.12032155e-05 0.0
0.000241705959 -2.22373164e-05 0.0
0.000239907458 -1.27650574e-05 0.0
0.000111779766 -2.06163368e-05 0.0
0.000110216199 -2.10356829e-05 0.0
0.000108966124 -2.163102e-05 0.0
0.000107940003 -2.23444313e-05 0.0
0.000107111526 -2.30755704e-05 0.0
0.000106337713 -2.35662646e-05 0.0
0.000105694424 -2.35831139e-05 0.0
0.000105035208 -2.30427231e-05 0.0
0.000104062674 -2.23240895e-05 0.0
0.000102946884 -2.16781464e-05 0.0
0.000101651145 -2.12704945e-05 0.0
9.86546293e-05 -2.12063569e-05 0.0
9.9140263e-05 -2.1137259e-05 0.0
0.000100847792 -2.07222165e-05 0.0
0.000102434882 -2.0465257e-05 0.0
0.00010390854 -2.03935087e-05 0.0
0.000105408471 -2.03859345e-05 0.0
0.000106739339 -2.05603537e-05 0.0
0.000108339234 -2.07521007e-05 0.0
0.000110388348 -2.08028596e-05 0.0
0.000112501497 -2.09382561e-05 0.0
0.000114574541 -2.07739449e-05 0.0
0.000106499559 -2.23060742e-05 0.0
0.000198561975 -5.06992274e-06 0.0
0.000200050054 -5.28089595e-06 0.0
0.000201811388 -4.65020003e-06 0.0
0.000203531934 -3.46042725e-06 0.0
0.000203320349 -2.19976346e-06 0.0
0.00020137323 -1.1292035e-06 0.0
0.000199065908 -2.73683298e-07 0.0
0.000196456065 4.3420232e-07 0.0
0.000193990665 9.70172096e-07 0.0
0.00019158858 1.31382023e-06 0.0
0.00018972579 1.37805978e-06 0.0
0.000188081933 1.03900538e-06 0.0
0.000184890188 -7.37232355e-08 0.0
0.000185026394 -1.54382676e-07 0.0
0.000186051431 -2.19639674e-07 0.0
0.000187517406 -3.7907887e-07 0.0
0.000189267957 -5.83028736e-07 0.0
0.000190837105 -6.88325542e-07 0.0
0.000192502019 -6.47736101e-07 0.0
0.000194018663 -6.3620854e-07 0.0
0.000194658045 -9.1582416e-07 0.0
0.000194927983 -1.53491783e-06 0.0
0.000195385714 -2.56572457e-06 0.0
0.000196279376 -3.55293378e-06 0.0
0.000192449341 -8.68145491e-07 0.0
7.43648561e-05 -3.03720299e-05 0.0
6.36032346e-05 -2.91255128e-05 0.0
1.8269795e-05 -2.30641945e-05 0.0
1.85241734e-05 -2.25826006e-05 0.0
2.86548729e-05 -1.56149035e-05 0.0
3.985683e-05 -8.50318429e-06 0.0
4.37974195e-05 -4.90671255e-06 0.0
4.08805463e-05 -3.09859888e-06 0.0
3.35185396e-05 -1.18484206e-06 0.0
2.61492623e-05 -7.60412977e-09 0.0
2.29275101e-05 3.47744958e-07 0.0
2.51724996e-05 4.2463472e-07 0.0
5.57912972e-06 7.78451977e-06 0.0
1.95743064e-06 7.2132475e-06 0.0
1.57135241e-06 5.00248325e-06 0.0
1.69109626e-06 2.4537253e-06 0.0
8.855749e-06 -1.38619703e-06 0.0
4.38256393e-05 -1.29051014e-05 0.0
5.85650523e-05 -1.15915518e-05 0.0
9.42105689e-05 -1.66423761e-05 0.0
0.000107323358 -1.30139169e-05 0.0
0.000120767552 -2.8713921e-06 0.0
0.000132901347 5.64674974e-06 0.0
0.000142592718 1.04972914e-05 0.0
0.000149223284 1.14004606e-05 0.0
0.000157802016 1.1142969e-05 0.0
0.000168767117 1.0308986e-05 0.0
0.000180277319 9.82381334e-06 0.0
0.000190960534 1.00087764e-05 0.0
0.000200538707 1.08579061e-05 0.0
0.000208644473 1.02977856e-05 0.0
0.000213094565 1.02284394e-05 0.0
0.000216323562 8.60063301e-06 0.0
0.000220373113 6.96898132e-06 0.0
0.000226772579 3.83961424e-06 0.0
0.000236766849 2.4537253e-06 0.0
0.000236647102 5.00248325e-06 0.0
0.000237033179 7.2132475e-06 0.0
0.000240654874 7.78451977e-06 0.0
0.000260248256 4.2463472e-07 0.0
0.000258003274 3.47744958e-07 0.0
0.00026122501 -7.60412977e-09 0.0
0.000268594304 -1.18484206e-06 0.0
0.000275956292 -3.09859888e-06 0.0
0.000278873165 -4.90671255e-06 0.0
0.000274932594 -8.50318429e-06 0.0
0.000263730617 -1.56149035e-05 0.0
0.000253599923 -2.25826006e-05 0.0
0.000253345555 -2.30641945e-05 0.0
0.000298678991 -2.91255128e-05 0.0
0.000309440598 -3.03720299e-05 0.0
0.000306557835 -2.5719386e-05 0.0
0.000300158368 -2.25900185e-05 0.0
0.000296108803 -2.09583668e-05 0.0
0.00029287982 -1.93305605e-05 0.0
0.000288429728 -1.92612133e-05 0.0
0.000280323962 -1.87010937e-05 0.0
0.000270745775 -1.95502234e-05 0.0
0.000260062574 -1.97351874e-05 0.0
0.000248552358 -1.92500138e-05 0.0
0.000237587257 -1.84160308e-05 0.0
0.000229008525 -1.81585401e-05 0.0
0.000222377959 -1.90617084e-05 0.0
0.000212686602 -2.3912251e-05 0.0
0.000200552808 -3.2430391e-05 0.0
0.000187108613 -4.25729158e-05 0.0
0.00017399581 -4.62013777e-05 0.0
0.000138350297 -4.11505534e-05 0.0
0.000123610895 -4.24641003e-05 0.0
8.8640998e-05 -3.09451971e-05 0.0
0.000227441982 -1.55700054e-05 0.0
0.000225761789 -1.73637854e-05 0.0
0.000227538956 -1.65683596e-05 0.0
0.000226354561 -1.65651327e-05 0.0
0.000228473116 -1.48615154e-05 0.0
0.00022472105 -1.76526428e-05 0.0
0.000228165401 -1.46544044e-05 0.0
0.000224535645 -1.77482634e-05 0.0
0.000225826967 -1.73046355e-05 0.0
0.000227244032 -1.55074049e-05 0.0
0.000225538242 -1.71472911e-05 0.0
0.000229240177 -1.56161022e-05 0.0
0.000224061543 -1.77485872e-05 0.0
0.000229545505 -1.42162053e-05 0.0
0.000226583914 -1.61399603e-05 0.0
0.000224759162 -1.76668673e-05 0.0
0.000227805271 -1.48981426e-05 0.0
0.000223928888 -1.78625505e-05 0.0
0.000226921198 -1.68133301e-05 0.0
0.00022875749 -1.42148128e-05 0.0
0.00023079614 -1.44548912e-05 0.0
0.000224468415 -1.75727018e-05 0.0
0.00022489627 -1.74490251e-05 0.0
0.000230449106 -1.48535655e-05 0.0
0.000228074729 -1.61935641e-05 0.0
0.000226044183 -1.67274811e-05 0.0
0.000230340287 -1.42508907e-05 0.0
0.000224200412 -1.76566791e-05 0.0
0.000223833311 -1.78323189e-05 0.0
0.000229152123 -1.40693946e-05 0.0
0.000226664255 -1.6455906e-05 0.0
0.000226970602 -1.67224571e-05 0.0
0.000227627519 -1.5779664e-05 0.0
0.000225796684 -1.72410237e-05 0.0
4.01819962e-05 -2.18923433e-05 0.0
4.37082199e-05 -2.18829828e-05 0.0
4.41922457e-05 -2.27435958e-05 0.0
3.6431582e-05 -2.13936037e-05 0.0
4.42906276e-05 -2.12014365e-05 0.0
3.84228333e-05 -2.16029075e-05 0.0
4.0676623e-05 -2.22399904e-05 0.0
4.59858529e-05 -2.29365141e-05 0.0
4.10353168e-05 -2.14762895e-05 0.0
4.58513096e-05 -2.23557472e-05 0.0
3.79468911e-05 -2.14899756e-05 0.0
4.27646737e-05 -2.11884435e-05 0.0
4.33027344e-05 -2.30106652e-05 0.0
4.25602593e-05 -2.2089027e-05 0.0
4.52476124e-05 -2.3365179e-05 0.0
3.46610468e-05 -2.12620234e-05 0.0
3.56154706e-05 -2.13284929e-05 0.0
4.56132148e-05 -2.16919416e-05 0.0
4.21416626e-05 -2.23804363e-05 0.0
3.95226925e-05 -2.19565609e-05 0.0
3.69603767e-05 -2.12433333e-05 0.0
4.42142154e-05 -2.07088397e-05 0.0
4.69335755e-05 -2.29504094e-05 0.0
4.31684057e-05 -2.07123849e-05 0.0
4.6238416e-05 -2.33815699e-05 0.0
3.81665413e-05 -2.15851414e-05 0.0
4.44387078e-05 -2.23929492e-05 0.0
3.56680903e-05 -2.12152736e-05 0.0
4.51347987e-05 -2.11736206e-05 0.0
4.46876511e-05 -2.17392426e-05 0.0
4.19985918e-05 -2.29435718e-05 0.0
4.11489054e-05 -2.09392783e-05 0.0
0.000271327706 -1.96799465e-05 0.0
0.000274833787 -1.91857034e-05 0.0
0.000277260871 -1.95366683e-05 0.0
0.00026801214 -2.06968361e-05 0.0
0.000269008655 -2.00758368e-05 0.0
0.000276242848 -1.91245799e-05 0.0
0.000273093465 -1.90364772e-05 0.0
9.86430096e-05 -3.09589232e-05 0.0
0.000101590587 -3.30401963e-05 0.0
9.80645927e-05 -3.19197279e-05 0.0
0.000104561295 -3.47392124e-05 0.0
9.8614204e-05 -2.93833418e-05 0.0
9.63240454e-05 -2.95781374e-05 0.0
9.63024795e-05 -3.09320931e-05 0.0
0.00010266374 -3.45175395e-05 0.0
9.96437448e-05 -3.28825045e-05 0.0
0.000103356004 -3.3366061e-05 0.0
0.000100640529 -3.21738698e-05 0.0
0.000100242498 -3.06889997e-05 0.0
9.52976334e-05 -2.99136354e-05 0.0
0.000106326945 -3.56799101e-05 0.0
9.83428035e-05 -3.15051766e-05 0.0
9.81857593e-05 -3.22754058e-05 0.0
0.000104405699 -3.52782845e-05 0.0
9.65536528e-05 -3.14191821e-05 0.0
9.65937579e-05 -2.87794774e-05 0.0
0.00010111036 -3.38623395e-05 0.0
0.000105404622 -3.46127636e-05 0.0
9.9407931e-05 -2.86570157e-05 0.0
0.000100601974 -2.99231942e-05 0.0
9.98906617e-05 -3.24953544e-05 0.0
9.82882848e-05 -3.00991687e-05 0.0
0.000101672333 -3.17997037e-05 0.0
0.000102822079 -3.39409489e-05 0.0
9.77598756e-05 -2.84009348e-05 0.0
9.71805785e-05 -3.18413622e-05 0.0
9.6955242e-05 -3.06097972e-05 0.0
0.000105745385 -3.58720026e-05 0.0
0.000101283207 -3.34425604e-05 0.0
2.53923045e-05 -2.08761003e-06 0.0
2.68321855e-05 -3.18072239e-06 0.0
2.75754028e-05 -4.54971223e-06 0.0
2.3326591e-05 -1.36321972e-07 0.0
2.68575368e-05 -2.62341268e-06 0.0
2.7688342e-05 -5.35636673e-06 0.0
2.78852731e-05 -3.93444498e-06 0.0
2.64234131e-05 -3.80451365e-06 0.0
2.49880522e-05 -1.15961745e-06 0.0
0.000153067071 -4.09383028e-05 0.0
0.000151578861 -3.8144557e-05 0.0
0.000147682746 -3.88866683e-05 0.0
0.000149606465 -4.10132307e-05 0.0
0.000156667928 -4.30401269e-05 0.0
0.000147308252 -3.6048772e-05 0.0
0.000153888541 -4.2748954e-05 0.0
0.000151815606 -3.66664572e-05 0.0
0.000149316038 -3.50632763e-05 0.0
0.000153886285 -3.98230222e-05 0.0
0.000150970023 -3.94470626e-05 0.0
0.000145428508 -3.70194539e-05 0.0
0.000145940081 -3.92225447e-05 0.0
0.000155989153 -4.17908668e-05 0.0
0.000151666522 -4.24517893e-05 0.0
0.000156471113 -4.3805805e-05 0.0
0.000154049805 -3.84168779e-05 0.0
0.000148842824 -3.78328841e-05 0.0
0.000158079871 -4.3284399e-05 0.0
0.000150048538 -4.02278711e-05 0.0
0.000152030174 -4.16199982e-05 0.0
0.00014715016 -4.04297607e-05 0.0
0.000147426021 -3.46843408e-05 0.0
0.000145000216 -3.55346892e-05 0.0
0.000144582591 -3.80307538e-05 0.0
0.000150822903 -3.50357877e-05 0.0
0.000157970062 -4.38964998e-05 0.0
0.000148690669 -4.13941416e-05 0.0
0.000154776004 -4.24230093e-05 0.0
0.000145835002 -3.46810702e-05 0.0
0.000154591151 -4.34996982e-05 0.0
0.000152610388 -3.57504141e-05 0.0
0.00014812233 -3.99311466e-05 0.0
0.000149411877 -3.64324442e-05 0.0
7.72251078e-05 -9.17938087e-06 0.0
7.87041863e-05 -1.15100229e-05 0.0
7.66659505e-05 -8.28529392e-06 0.0
7.92233914e-05 -1.22684187e-05 0.0
0.000224766118 8.63044261e-06 0.0
0.000221332884 9.14467546e-06 0.0
0.000221327078 9.39782694e-06 0.0
0.000227432043 8.73861154e-06 0.0
0.000228017569 8.65934362e-06 0.0
0.000222496208 9.10727067e-06 0.0
0.000222612885 8.09172434e-06 0.0
0.000220516231 8.70464282e-06 0.0
0.000225820055 8.56573115e-06 0.0
0.000220089467 9.31063551e-06 0.0
0.000226009564 8.93911147e-06 0.0
0.000220856731 8.13535007e-06 0.0
0.000225990923 8.23677419e-06 0.0
0.000219851994 8.96324582e-06 0.0
0.000221302165 7.71530904e-06 0.0
0.000222878676 8.16257489e-06 0.0
0.000229380079 8.55132839e-06 0.0
0.000221022827 9.38569974e-06 0.0
0.000223169118 8.53579786e-06 0.0
0.000227644967 8.57087525e-06 0.0
0.000219975598 9.46925502e-06 0.0
0.000223192183 9.17799389e-06 0.0
0.000228885066 8.57285977e-06 0.0
0.000219657028 9.1842885e-06 0.0
0.000224206728 8.34274215e-06 0.0
0.000220307134 9.51294078e-06 0.0
0.000220913047 7.83225096e-06 0.0
0.000224555566 8.20919286e-06 0.0
0.000220118221 8.41036854e-06 0.0
0.000227711353 7.97989105e-06 0.0
0.000269872515 -1.75094665e-05 0.0
0.00027584791 -2.06333225e-05 0.0
0.000268562115 -1.99836504e-05 0.0
0.000273823447 -1.7376271e-05 0.0
0.000265671872 -1.67490944e-05 0.0
0.000267913361 -1.43465022e-05 0.0
0.000272436009 -2.0695863e-05 0.0
0.000265781477 -1.46902812e-05 0.0
0.00027746908 -1.94819859e-05 0.0
0.000265388546 -1.83331176e-05 0.0
0.00027087488 -1.46530228e-05 0.0
0.000278580992 -2.27478522e-05 0.0
0.000268977165 -2.18820642e-05 0.0
0.000275593513 -2.22660819e-05 0.0
0.000271510304 -2.1907621e-05 0.0
0.000263904658 -1.49831649e-05 0.0
0.000272938254 -1.86844391e-05 0.0
0.000278698775 -2.13427775e-05 0.0
0.000270647462 -1.64461308e-05 0.0
0.000265645736 -1.29774398e-05 0.0
0.000266918942 -2.02375832e-05 0.0
0.000268540549 -1.82973836e-05 0.0
0.00026768216 -1.66483333e-05 0.0
0.000275888829 -1.66135869e-05 0.0
0.000263913011 -1.69785981e-05 0.0
0.00026825766 -1.31527886e-05 0.0
0.000277497515 -1.81899923e-05 0.0
0.000273605459 -1.51646345e-05 0.0
0.000263858732 -1.37533671e-05 0.0
0.000264405826 -1.3050716e-05 0.0
0.000273534271 -2.01583607e-05 0.0
0.000270276127 -1.98726666e-05 0.0
0.00027537701 -1.93614087e-05 0.0
0.000273596641 -2.21922928e-05 0.0
0.000268598029 -1.59919928e-05 0.0
0.000267167197 -1.87038368e-05 0.0
0.000266365649 -1.24741282e-05 0.0
0.000279367086 -2.06595269e-05 0.0
0.000265467213 -1.94664244e-05 0.0
0.000271231751 -1.91998752e-05 0.0
0.000263380323 -1.57763297e-05 0.0
4.22035264e-05 -2.47388307e-05 0.0
3.84545492e-05 -2.45619249e-05 0.0
4.34261783e-05 -2.48256911e-05 0.0
3.72469476e-05 -2.45163956e-05 0.0
0.000100937221 -2.6679485e-05 0.0
0.000100416517 -2.4610652e-05 0.0
0.000110008979 -2.94870897e-05 0.0
0.000110454501 -2.69751617e-05 0.0
0.000112688685 -2.85245151e-05 0.0
0.000109392982 -2.58211421e-05 0.0
0.000101145582 -2.36480009e-05 0.0
9.88937318e-05 -2.50482935e-05 0.0
0.000101791215 -2.83064546e-05 0.0
0.000108912973 -3.12452139e-05 0.0
9.91033085e-05 -2.63426955e-05 0.0
0.000112811038 -3.11245421e-05 0.0
0.000112783207 -2.71037043e-05 0.0
9.79423494e-05 -2.34863764e-05 0.0
0.000104255749 -3.02911758e-05 0.0
0.000106609616 -3.13891469e-05 0.0
0.00010645813 -2.44764142e-05 0.0
0.000103677652 -2.35861498e-05 0.0
0.00011381579 -2.7887234e-05 0.0
0.000111518144 -2.64791215e-05 0.0
9.99647673e-05 -2.72854049e-05 0.0
9.83893769e-05 -2.54828992e-05 0.0
0.000111297151 -3.18854982e-05 0.0
0.000113960486 -3.00500651e-05 0.0
9.87518797e-05 -2.31895647e-05 0.0
9.7663913e-05 -2.40191494e-05 0.0
0.000102491787 -2.97436654e-05 0.0
0.000108481057 -2.49328859e-05 0.0
0.000108343404 -2.75856437e-05 0.0
0.000102440586 -2.60683664e-05 0.0
0.00022609919 -1.77794827e-05 0.0
0.000220754097 -2.02102656e-05 0.0
0.00022686657 -1.73269909e-05 0.0
0.000219756068 -2.06580535e-05 0.0
0.000225186479 -1.80002953e-05 0.0
0.000221825219 -1.99549486e-05 0.0
0.000218966539 -2.11619281e-05 0.0
0.000227771874 -1.72256423e-05 0.0
0.000223200754 -1.88219656e-05 0.0
0.000223819239 -1.87585265e-05 0.0
0.000220019079 -2.05757824e-05 0.0
0.000226533622 -1.72740984e-05 0.0
0.000222642702 -1.92078041e-05 0.0
0.0002242224 -1.84939108e-05 0.0
0.000226648161 -1.748045e-05 0.0
0.000220337417 -2.08008332e-05 0.0
0.000227695273 -1.7254164e-05 0.0
0.00021920407 -2.12251452e-05 0.0
0.000228239689 -1.70086751e-05 0.0
0.000218283167 -2.15144282e-05 0.0
0.000225662472 -1.75531677e-05 0.0
0.00022489742 -1.8036586e-05 0.0
0.000221044713 -1.99956448e-05 0.0
0.000222058181 -1.94043605e-05 0.0
0.00022431658 -1.81867345e-05 0.0
0.000222876406 -1.96694673e-05 0.0
0.000225209646 -1.80243878e-05 0.0
0.000221576236 -1.97196332e-05 0.0
0.00013015182 -1.07837468e-05 0.0
0.000132368295 -1.17185737e-05 0.0
0.00012910759 -1.13238048e-05 0.0
0.000126309838 -9.86814575e-06 0.0
0.000126103245 -1.04883766e-05 0.0
0.000123410617 -9.50790127e-06 0.0
0.000133173729 -1.15133089e-05 0.0
0.000135173133 -1.21281728e-05 0.0
0.000131965251 -1.20171817e-05 0.0
0.000129260632 -9.92478908e-06 0.0
0.000128111395 -1.08483327e-05 0.0
0.000135001741 -1.2101862e-05 0.0
0.000123973907 -9.73493934e-06 0.0
0.000132536457 -1.08076529e-05 0.0
0.000135453694 -1.22169868e-05 0.0
0.000136406859 -1.22706369e-05 0.0
0.000127319654 -1.11316594e-05 0.0
0.000123449732 -9.26028952e-06 0.0
0.000122207523 -9.25356744e-06 0.0
0.00012695363 -9.32814692e-06 0.0
0.000130047585 -1.19057877e-05 0.0
0.00012863717 -1.16055498e-05 0.0
0.000131140143 -1.01661435e-05 0.0
0.000124989267 -9.15526107e-06 0.0
0.000133978305 -1.22787351e-05 0.0
0.000126524596 -1.02621398e-05 0.0
0.000135896989 -1.22517649e-05 0.0
0.000122904545 -9.36764263e-06 0.0
0.000134686765 -1.19179904e-05 0.0
0.00012447976 -1.00077341e-05 0.0
0.00013178814 -1.1321692e-05 0.0
3.48820577e-05 -5.87084651e-06 0.0
2.28970239e-05 1.26914847e-06 0.0
3.67579523e-05 -5.62069317e-06 0.0
3.2820979e-05 -5.99035911e-06 0.0
2.3618446e-05 -2.49855333e-07 0.0
3.65210035e-05 -3.69083136e-06 0.0
2.80826007e-05 -8.4641772e-07 0.0
3.81062855e-05 -7.51612743e-06 0.0
3.70055932e-05 -7.70462157e-06 0.0
3.21327825e-05 7.21704055e-07 0.0
2.86241921e-05 -4.86858971e-06 0.0
2.48872257e-05 -2.14491183e-06 0.0
2.8575636e-05 7.70204849e-07 0.0
2.54654151e-05 -2.79121934e-07 0.0
2.50691846e-05 1.0756429e-06 0.0
3.86336505e-05 -7.2632065e-06 0.0
3.81856808e-05 -7.99614099e-06 0.0
3.58374018e-05 -7.91154525e-06 0.0
2.20918701e-05 1.06314383e-06 0.0
3.50551818e-05 -1.34754998e-06 0.0
3.8662638e-05 -6.48630521e-06 0.0
3.82181861e-05 -5.28269311e-06 0.0
3.338854e-05 -7.49013634e-06 0.0
3.08954841e-05 -6.56348857e-06 0.0
3.33983662e-05 -4.27819077e-06 0.0
2.3232582e-05 -9.82203687e-07 0.0
2.61951027e-05 -3.55021416e-06 0.0
0.000262000685 3.66456447e-06 0.0
0.000257455511 3.55312386e-06 0.0
0.000262980437 3.90098648e-06 0.0
0.000256409432 3.6677618e-06 0.0
0.000265340961 3.5473015e-06 0.0
0.000255409919 3.34394531e-06 0.0
5.64230177e-05 -7.67657002e-06 0.0
6.24445602e-05 -1.0354961e-05 0.0
5.58386491e-05 -7.39076313e-06 0.0
6.33473319e-05 -1.04919927e-05 0.0
6.07510665e-05 -1.06969583e-05 0.0
5.7141955e-05 -8.32205023e-06 0.0
5.47460186e-05 -6.85202212e-06 0.0
5.56523446e-05 -7.81757444e-06 0.0
6.17058176e-05 -1.01866726e-05 0.0
6.46860644e-05 -1.11312711e-05 0.0
5.47625932e-05 -6.98704935e-06 0.0
5.83677247e-05 -1.00361094e-05 0.0
5.42376947e-05 -6.73471459e-06 0.0
6.28079724e-05 -1.14059203e-05 0.0
5.80150299e-05 -8.96529673e-06 0.0
6.51332884e-05 -1.1184612e-05 0.0
6.43994572e-05 -1.09898056e-05 0.0
6.32627562e-05 -1.06736661e-05 0.0
6.4590633e-05 -1.15359244e-05 0.0
5.42927883e-05 -6.6558423e-06 0.0
5.55076513e-05 -7.49426636e-06 0.0
6.00630083e-05 -9.58933924e-06 0.0
5.44899631e-05 -7.08167818e-06 0.0
5.40936671e-05 -6.57148485e-06 0.0
5.56668783e-05 -8.48834134e-06 0.0
6.06678914e-05 -1.01024207e-05 0.0
5.93775512e-05 -9.64764877e-06 0.0
5.66677954e-05 -9.33593583e-06 0.0
6.12507065e-05 -9.68176391e-06 0.0
5.92002034e-05 -1.09639632e-05 0.0
7.37914816e-05 -1.13477818e-05 0.0
6.80189551e-05 -6.12323765e-06 0.0
7.1815688e-05 -6.74647436e-06 0.0
7.84777149e-05 -1.21999919e-05 0.0
7.60784606e-05 -8.53359779e-06 0.0
6.97933501e-05 -1.07947271e-05 0.0
6.51954979e-05 -5.4414927e-06 0.0
7.66367666e-05 -1.28293768e-05 0.0
6.73658506e-05 -4.94068445e-06 0.0
8.00714333e-05 -1.21913681e-05 0.0
6.67397035e-05 -8.88472277e-06 0.0
7.15545684e-05 -1.22496567e-05 0.0
7.08379157e-05 -9.64238643e-06 0.0
6.50622169e-05 -6.67866743e-06 0.0
6.44599131e-05 -4.3895916e-06 0.0
7.83760552e-05 -9.64306673e-06 0.0
7.46740989e-05 -6.84681982e-06 0.0
7.97616085e-05 -1.33526255e-05 0.0
8.12096259e-05 -1.33813219e-05 0.0
8.14090527e-05 -1.31272345e-05 0.0
6.99703232e-05 -5.07658524e-06 0.0
7.38009185e-05 -8.57932446e-06 0.0
7.41474432e-05 -1.30358276e-05 0.0
6.49232679e-05 -4.19813568e-06 0.0
7.24685597e-05 -5.74275418e-06 0.0
7.96647291e-05 -1.09256353e-05 0.0
8.05333038e-05 -1.19617825e-05 0.0
6.72613533e-05 -1.02230351e-05 0.0
7.49468163e-05 -1.06492944e-05 0.0
6.41186853e-05 -5.5826581e-06 0.0
6.50443035e-05 -7.75025637e-06 0.0
0.000138013478 -1.01500291e-05 0.0
0.00014264007 -1.17640702e-05 0.0
0.000142626726 -1.14509112e-05 0.0
0.000136485178 -1.02758049e-05 0.0
0.000142662699 -1.20569084e-05 0.0
0.000138942822 -1.03193897e-05 0.0
0.000141778743 -1.11857598e-05 0.0
0.000136552189 -1.01859614e-05 0.0
0.000143902973 -1.19524884e-05 0.0
0.000137341995 -1.0677003e-05 0.0
0.000139380354 -1.07585638e-05 0.0
0.000138125266 -1.01181149e-05 0.0
0.000142399265 -1.21497696e-05 0.0
0.000143617639 -1.22464644e-05 0.0
0.000144011457 -1.21924022e-05 0.0
0.0001373618 -1.01375126e-05 0.0
0.00013517747 -1.04055916e-05 0.0
0.000134551883 -1.04834489e-05 0.0
0.000135251685 -1.05688669e-05 0.0
0.000144255173 -1.18480257e-05 0.0
0.000144125355 -1.16754081e-05 0.0
0.000143437428 -1.14727163e-05 0.0
0.000140356278 -1.13319657e-05 0.0
0.000141382465 -1.18158359e-05 0.0
0.000140775475 -1.09719776e-05 0.0
0.000139030788 -1.08131408e-05 0.0
0.0001394875 -1.0617573e-05 0.0
0.00014144952 -1.13932165e-05 0.0
0.000232858889 -1.14288205e-05 0.0
0.000245686068 -1.30962762e-05 0.0
0.000236325039 -1.58989478e-05 0.0
0.000242927112 -1.00182706e-05 0.0
0.000232064209 -8.23820665e-06 0.0
0.000248691998 -1.57735612e-05 0.0
0.000231275772 -1.40435614e-05 0.0
0.00023977345 -1.87231708e-05 0.0
0.000239703673 -7.84127133e-06 0.0
0.000246195938 -1.19797496e-05 0.0
0.000227443612 -1.02111317e-05 0.0
0.000247130403 -1.7788534e-05 0.0
0.000234375344 -1.76796384e-05 0.0
0.000249410543 -1.49477337e-05 0.0
0.000232730337 -6.247089e-06 0.0
0.000244424446 -1.02215399e-05 0.0
0.00024257302 -8.99127917e-06 0.0
0.000241152549 -8.13723909e-06 0.0
0.000248425407 -1.36122944e-05 0.0
0.000227925077 -1.20956338e-05 0.0
0.000228033387 -8.40643406e-06 0.0
0.000244490715 -1.45714703e-05 0.0
0.000237159664 -1.90734736e-05 0.0
0.000231750179 -1.60225263e-05 0.0
0.000237611894 -6.53002417e-06 0.0
0.000242455775 -2.03311774e-05 0.0
0.000244901836 -1.97856207e-05 0.0
0.000235236686 -6.05928881e-06 0.0
0.000241682297 -1.10705942e-05 0.0
0.000249926845 -1.76227604e-05 0.0
0.000108096785 -2.27487362e-05 0.0
0.000102951468 -2.20681177e-05 0.0
0.000110304303 -2.17460529e-05 0.0
0.000103025784 -2.1201251e-05 0.0
0.000105157778 -2.0807176e-05 0.0
0.00010691904 -2.3191782e-05 0.0
0.000103125414 -2.23130173e-05 0.0
0.000110165121 -2.19504709e-05 0.0
0.000110337118 -2.10889648e-05 0.0
0.000100981699 -2.15162236e-05 0.0
0.00010843404 -2.23413681e-05 0.0
0.000112740061 -2.11833722e-05 0.0
0.000104460858 -2.28324025e-05 0.0
0.000101626567 -2.1835418e-05 0.0
0.000106159314 -2.34270537e-05 0.0
0.000106246298 -2.06259811e-05 0.0
0.000103445891 -2.07139929e-05 0.0
0.00010117374 -2.10496601e-05 0.0
0.00010053716 -2.15987529e-05 0.0
0.000102162645 -2.07966768e-05 0.0
0.000107589069 -2.28377776e-05 0.0
0.000109428023 -2.18577097e-05 0.0
0.000111920803 -2.13350595e-05 0.0
0.000112376983 -2.10485687e-05 0.0
0.000105377709 -2.32638358e-05 0.0
0.000107700202 -2.07494759e-05 0.0
0.000109210669 -2.08494948e-05 0.0
0.000105412255 -2.1511054e-05 0.0
0.000104534665 -2.25894983e-05 0.0
0.000103684804 -2.23150637e-05 0.0
0.000108762586 -2.22755552e-05 0.0
0.000195405504 -2.44265311e-06 0.0
0.000197185262 -1.36549193e-06 0.0
0.000189627273 -5.77918797e-07 0.0
0.000188885184 5.07764994e-08 0.0
0.00019735776 -4.36235354e-07 0.0
0.000197919377 -2.99968588e-06 0.0
0.000187545229 -2.1666051e-07 0.0
0.000189922823 5.9508767e-07 0.0
0.000194786175 -2.37907648e-06 0.0
0.0001911937 -8.50388176e-07 0.0
0.00019704939 -3.88268018e-06 0.0
0.00018873006 -5.08596088e-07 0.0
0.000200799652 -2.15780392e-06 0.0
0.000186819612 1.35689447e-07 0.0
0.000193028725 -1.09136704e-06 0.0
0.000193902379 -1.58119838e-06 0.0
0.000194603126 4.00093114e-07 0.0
0.000192071064 7.98521626e-07 0.0
0.000200192386 -1.28044462e-06 0.0
0.00020032507 -3.14147837e-06 0.0
0.000186318925 -5.90231082e-08 0.0
0.000187994126 4.82250812e-07 0.0
0.000198101829 -4.10432813e-06 0.0
0.000196121749 -3.38070458e-06 0.0
0.00018998282 -6.55268025e-07 0.0
0.000187509591 -3.49210723e-07 0.0
0.000196838955 7.56808802e-08 0.0
0.000192671243 -8.54856125e-07 0.0
0.000194547159 -1.38771486e-06 0.0
0.000190306993 -4.42159916e-07 0.0
0.000165818114 -2.15634409e-05 0.0
0.000164287441 3.3916233e-06 0.0
0.000184107092 -2.32520288e-05 0.0
0.000131135937 -7.63093431e-06 0.0
0.00013452633 -2.04077442e-05 0.0
0.000178692819 -1.47826222e-05 0.0
0.000149393542 -3.1792737e-05 0.0
0.000105557352 -1.14415479e-05 0.0
0.00025841911 -1.94156783e-05 0.0
0.000168148748 2.35938592e-06 0.0
0.000190799168 -1.05987747e-05 0.0
7.52289852e-05 -1.66262926e-05 0.0
0.000235754269 1.89811226e-06 0.0
0.000111882749 -1.94148051e-05 0.0
0.000234332372 -5.740299e-06 0.0
0.000180995368 9.75668536e-06 0.0
0.000193192798 -2.18810346e-05 0.0
9.04044209e-05 -5.6431104e-06 0.0
7.72393541e-05 -9.2922146e-06 0.0
6.00212952e-05 -2.05113629e-05 0.0
0.000137570576 -1.12384359e-05 0.0
0.000147185216 -1.39739868e-05 0.0
0.000142650446 -2.44149105e-05 0.0
0.000188642894 3.67199141e-06 0.0
0.000248660799 -1.43728575e-05 0.0
0.000147701561 -3.43464217e-06 0.0
0.000146257662 3.90273226e-06 0.0
0.00020272276 -2.06638651e-05 0.0
7.7551922e-05 -3.11834192e-05 0.0
0.00011021395 -1.36798326e-05 0.0
8.86799389e-05 -1.32250134e-05 0.0
5.95602869e-05 -1.32580108e-05 0.0
0.000187686514 -2.19811845e-05 0.0
0.000121297453 -1.24280768e-05 0.0
0.000189844708 -1.40447755e-05 0.0
0.000123140053 -1.2772558e-05 0.0
6.79357181e-05 -8.90375941e-06 0.0
0.000164791636 -3.32269592e-05 0.0
0.000198870111 -1.95703105e-05 0.0
0.000120069992 -2.30401711e-05 0.0
0.000181792799 -1.48980434e-05 0.0
0.000128901651 -2.00107534e-05 0.0
0.00016980998 -2.55378691e-05 0.0
5.93926234e-05 -1.30452954e-05 0.0
0.000154257359 -1.78895534e-05 0.0
0.000190536623 -2.78780675e-07 0.0
7.8891695e-05 -7.9398942e-06 0.0
0.000249641365 -8.28166412e-06 0.0
0.000103123886 -7.8629464e-06 0.0
6.48356654e-05 -1.26228115e-05 0.0
0.000133360591 -3.81204845e-05 0.0
6.89329172e-05 -1.59255123e-05 0.0
0.000161502772 9.80370896e-06 0.0
0.000172652639 -6.40705866e-06 0.0
0.00016013773 3.59139767e-06 0.0
1.14570803e-05 5.65906646e-07 0.0
0.000136090952 -1.0741036e-05 0.0
8.34567254e-05 -1.89910352e-05 0.0
0.000192108433 1.08264558e-05 0.0
0.000241411952 -7.87330919e-07 0.0
0.000133492314 -9.55730047e-06 0.0
0.000127242456 -4.21753157e-06 0.0
0.000104707287 -1.9668445e-05 0.0
0.000108697393 -2.01820894e-05 0.0
0.000219810274 -1.90324681e-06 0.0
0.000147527811 -1.0032827e-06 0.0
9.64579158e-05 -3.76304479e-06 0.0
4.83147487e-05 -1.16823476e-05 0.0
0.000252832222 -2.17709803e-05 0.0
0.000225570097 -1.25249344e-05 0.0
6.97468931e-05 -1.00282123e-05 0.0
0.000124703729 -2.40083828e-05 0.0
0.000244447758 2.55777195e-06 0.0
0.000198799666 7.56289774e-06 0.0
8.79623331e-05 -2.35176485e-05 0.0
0.00021907872 6.11903579e-06 0.0
0.000150475098 -1.60520199e-06 0.0
0.000200154376 -1.88487229e-05 0.0
8.0000762e-05 -3.12794364e-05 0.0
0.000129345339 -3.12498305e-05 0.0
0.000216008324 -1.44522055e-05 0.0
0.0001782381 -1.88000722e-05 0.0
3.54895528e-05 -9.17847785e-07 0.0
0.000209839942 -2.70950704e-06 0.0
9.27694418e-05 -9.10048766e-06 0.0
0.000243812392 -1.05488698e-05 0.0
0.00015964231 -1.05840409e-05 0.0
6.25421744e-05 -2.05812885e-05 0.0
0.000263266207 -1.84589571e-05 0.0
0.000244454743 -1.43376637e-05 0.0
0.00010036039 -1.40212142e-05 0.0
0.000187975951 -1.4913021e-05 0.0
4.26706174e-05 -4.3534186e-08 0.0
0.00019931978 -1.66806531e-05 0.0
7.8827863e-05 -9.93823505e-06 0.0
0.000176164802 -1.4905856e-05 0.0
0.00013163648 -1.46426928e-05 0.0
0.000153030327 -2.55199939e-05 0.0
0.000163242177 2.11230599e-06 0.0
0.000207121004 -2.11252573e-05 0.0
9.97844618e-05 -1.70239273e-05 0.0
0.00011574541 -1.15458652e-05 0.0
0.000257950102 -1.73658136e-05 0.0
0.000116555238 -1.80649022e-05 0.0
4.98900554e-05 -1.96398651e-05 0.0
0.000258554704 -1.528135e-05 0.0
0.000120854107 -1.54460085e-05 0.0
0.000174349552 1.19459969e-06 0.0
0.000212747633 -1.98829348e-05 0.0
0.000246488984 5.21929314e-06 0.0
0.000180086921 6.78340666e-06 0.0
0.000124155602 -2.56137446e-05 0.0
9.03983673e-05 -3.31240044e-05 0.0
7.82543138e-05 -2.88314041e-05 0.0
6.41518636e-05 -2.50424273e-05 0.0
0.000185096345 -4.31523476e-05 0.0
8.03652438e-05 -9.56477925e-06 0.0
0.000192083244 -2.19121594e-05 0.0
0.000257373089 -2.0855121e-05 0.0
0.000241603106 -1.20935438e-05 0.0
6.24587628e-05 -1.41618457e-05 0.0
5.39057692e-05 -1.16637984e-05 0.0
0.000123976628 -1.24300041e-05 0.0
0.00015246353 -2.07577414e-05 0.0
0.000246500887 7.95035021e-07 0.0
0.00016764972 -1.14198638e-05 0.0
0.000163372577 -1.1997372e-05 0.0
0.000170485146 -3.25801302e-05 0.0
0.000188883205 -2.23028346e-05 0.0
0.000258630811 -2.00120812e-05 0.0
0.000136969058 -1.12357475e-05 0.0
0.000177823225 -2.25756976e-05 0.0
0.000121232573 -2.2148648e-05 0.0
0.000252503785 -2.00640147e-06 0.0
8.85441841e-05 -1.42030603e-05 0.0
0.000159415416 -1.51310924e-05 0.0
0.000206325261 -2.12839532e-05 0.0
6.87072607e-05 -8.01239185e-06 0.0
0.00021464593 -6.59199031e-06 0.0
0.000150257867 -3.81658683e-05 0.0
0.000176088797 1.09934763e-05 0.0
0.000201210089 2.9501341e-06 0.0
0.0002066733 -1.7300883e-05 0.0
7.42090124e-05 -7.54482198e-06 0.0
0.000160346957 6.14541705e-06 0.0
8.31831567e-05 -6.4477158e-06 0.0
5.56463237e-05 -1.44605556e-05 0.0
0.000199820235 -3.93966459e-08 0.0
0.00020253945 9.75397143e-06 0.0
0.000119605393 -1.21359808e-05 0.0
0.000240296766 7.834391e-06 0.0
0.000116055475 -9.66818698e-06 0.0
0.000174467394 2.77454615e-06 0.0
0.000261380919 -6.25339908e-06 0.0
8.6109867e-05 -7.74886576e-06 0.0
0.000165330814 -7.06531137e-06 0.0
6.18926497e-05 -1.14952163e-05 0.0
8.0241487e-05 -1.87205733e-05 0.0
4.84621632e-05 -8.29884175e-06 0.0
6.58909266e-05 -1.03410248e-05 0.0
0.000130758082 -4.04554812e-05 0.0
0.000111764493 -2.45037681e-05 0.0
8.86998314e-05 -2.23794668e-05 0.0
0.000139388183 -1.79528961e-05 0.0
0.000231132974 6.01527699e-06 0.0
0.000145443075 -1.03121029e-05 0.0
0.000265920011 -1.9692965e-05 0.0
5.61170418e-05 -1.34574266e-05 0.0
0.000223791561 -1.87270689e-05 0.0
0.000247352669 -1.21797011e-05 0.0
9.01288367e-05 -1.2777492e-05 0.0
2.97517072e-05 2.87325264e-07 0.0
0.000243015704 -1.33669491e-05 0.0
6.13234806e-05 -2.14775719e-05 0.0
0.000119876408 -2.8247352e-05 0.0
0.00014015194 -7.47853892e-06 0.0
0.000187705373 -2.0765985e-05 0.0
0.000232204664 7.30898591e-06 0.0
0.000164022727 -2.95700775e-05 0.0
5.02283947e-05 -1.39483618e-05 0.0
6.84292609e-05 -1.65807214e-05 0.0
7.18618103e-05 -2.92335772e-05 0.0
0.000166902144 -1.1328656e-05 0.0
8.71842076e-06 1.61136725e-07 0.0
0.000131559718 -3.96456271e-05 0.0
4.52092718e-05 -2.861756e-06 0.0
8.29012497e-05 -3.21021907e-05 0.0
0.000254132057 -1.7448232e-05 0.0
0.000243092843 -2.06431178e-05 0.0
7.70254774e-05 -3.00304964e-05 0.0
0.000147789484 8.2456927e-06 0.0
0.000131311186 -3.39434009e-05 0.0
0.000214507192 1.3980266e-06 0.0
3.69123518e-05 -1.98890193e-05 0.0
0.000237029817 -1.45691783e-05 0.0
0.000210901417 -1.93760716e-05 0.0
0.000238247754 -1.35216551e-05 0.0
0.000190817183 -2.96219059e-06 0.0
5.13040104e-05 -1.94579661e-05 0.0
7.23824342e-05 -1.2554181e-05 0.0
0.000136101735 -2.18337736e-05 0.0
0.000138845149 -6.24805352e-06 0.0
0.000196345893 1.09979292e-05 0.0
0.000139874843 -1.24551425e-05 0.0
0.000138545773 -1.99343299e-06 0.0
0.00017930349 -2.6140382e-05 0.0
6.75154224e-05 -2.88839747e-05 0.0
0.000129311273 -1.05456757e-05 0.0
9.37803925e-05 -2.54627739e-05 0.0
0.000100094199 -1.52096563e-05 0.0
0.000185636891 -3.97874719e-05 0.0
0.0001368784 3.94789231e-06 0.0
0.000122893864 -1.95615885e-05 0.0
0.000158425071 3.51217795e-06 0.0
7.4457872e-05 -2.44712719e-05 0.0
0.000220877686 -7.02365151e-06 0.0
0.000181672949 -2.35228526e-05 0.0
0.000108147564 -1.29980372e-05 0.0
0.000121919766 -9.52938717e-06 0.0
0.000154758862 1.27808292e-07 0.0
9.88739557e-05 -8.33111335e-06 0.0
4.26714541e-05 -3.71840383e-06 0.0
0.000115987517 -2.56300846e-05 0.0
5.57546009e-05 -2.09950758e-05 0.0
0.000252362894 -2.14446409e-05 0.0
0.000148753767 -9.19549223e-07 0.0
0.000178501126 1.69749023e-06 0.0
8.40240682e-06 3.68027304e-06 0.0
5.01064824e-05 -8.96626079e-06 0.0
0.000296402199 -2.67246724e-05 0.0
8.97854407e-05 -3.17070808e-05 0.0
0.000213830062 -2.00628747e-05 0.0
0.000207742152 -1.66169921e-05 0.0
0.000250909914 1.3503718e-06 0.0
0.000166424157 -7.55426527e-06 0.0
0.000121737707 -3.45305343e-05 0.0
0.000128508444 -1.04046621e-05 0.0
0.000188634076 -2.6742131e-05 0.0
9.89857072e-05 -1.91716626e-05 0.0
1.72187119e-05 -6.35810352e-07 0.0
0.000124579252 -1.99654278e-05 0.0
0.000136568706 -1.08406821e-05 0.0
0.000204896336 5.69901886e-06 0.0
6.81440288e-05 -2.53823418e-05 0.0
6.6882094e-05 -9.54982715e-06 0.0
0.000133779424 -9.76538286e-06 0.0
0.000126582163 -2.92674704e-05 0.0
0.000173836059 8.54293376e-06 0.0
0.000194349181 -2.03945256e-05 0.0
3.96496907e-05 -1.11673544e-05 0.0
0.000232776758 -1.52249495e-05 0.0
0.000123607533 -1.23845239e-05 0.0
0.000176194168 4.54014889e-06 0.0
0.000209598409 4.47106368e-06 0.0
0.000130322951 -2.81802477e-05 0.0
0.000111491026 -2.03505169e-05 0.0
0.000201641757 -1.80285351e-05 0.0
0.00020219553 -1.65556048e-05 0.0
4.26450752e-05 -4.81447341e-06 0.0
8.59703578e-05 -2.07080975e-05 0.0
0.000228062025 -1.83968077e-05 0.0
4.96491593e-05 -4.79414848e-06 0.0
0.000162199125 1.13882006e-05 0.0
0.000268369942 -1.89513485e-05 0.0
0.000228706544 -1.36133031e-05 0.0
0.000215360458 6.50968062e-08 0.0
0.000173438559 -3.05762551e-05 0.0
9.4348572e-05 -4.2238903e-06 0.0
5.07081822e-05 -1.22346346e-05 0.0
0.000105603511 -1.90324736e-05 0.0
8.51739096e-05 -3.15031939e-05 0.0
0.000186689926 -3.3813245e-05 0.0
0.000250035548 4.41057502e-08 0.0
0.000166232203 -1.8597013e-05 0.0
3.74381234e-05 -1.35934033e-06 0.0
0.000219654845 -1.98628604e-05 0.0
0.000130332512 -3.3394248e-05 0.0
0.000167006321 -1.1996136e-05 0.0
0.000142487203 -2.90914031e-05 0.0
0.000162178869 -8.21140748e-06 0.0
0.000106581901 -6.78755805e-06 0.0
5.31739752e-05 -7.39242296e-06 0.0
9.75614166e-05 -3.08309209e-05 0.0
0.000255288935 1.05615641e-06 0.0
0.00021035508 -1.86237103e-05 0.0
0.000126960789 -2.17534398e-05 0.0
4.25868748e-05 -2.03308955e-05 0.0
0.000100465404 -1.87121877e-05 0.0
0.000137415976 -1.14872355e-05 0.0
0.00010184446 -1.34113179e-05 0.0
0.000262102752 -1.70623607e-05 0.0
0.00026411016 -1.73429889e-05 0.0
9.44469575e-05 -2.73487467e-06 0.0
0.00022693869 6.19576622e-06 0.0
9.34443688e-06 5.0786075e-06 0.0
0.000178932009 -1.33646799e-05 0.0
3.39221478e-05 -2.72437319e-06 0.0
0.000216483677 -1.35282653e-05 0.0
0.000196960507 -1.60713371e-05 0.0
0.000157136106 -3.86265237e-05 0.0
0.000237134227 -9.78515163e-06 0.0
0.000247843447 4.54914016e-06 0.0
0.000198668989 -3.31267183e-05 0.0
0.000260880362 -3.23944096e-06 0.0
0.000129830034 -3.11912336e-05 0.0
0.000215765089 -1.12486296e-05 0.0
7.32297194e-05 -9.44216936e-06 0.0
0.00012472723 -1.19602919e-05 0.0
0.000112976493 -1.23025256e-05 0.0
0.000219323614 -1.91151667e-05 0.0
0.000244956114 -1.02318108e-05 0.0
0.000276221632 -1.6902537e-05 0.0
0.000118272794 -1.6831289e-05 0.0
0.000160802825 -1.33586536e-05 0.0
9.02475513e-05 -1.18386515e-05 0.0
5.80626293e-05 -1.24780699e-05 0.0
0.000162233177 -1.10331384e-05 0.0
0.000136592033 -3.43467909e-05 0.0
7.57704474e-05 -8.51661298e-06 0.0
0.000129710796 -1.07723645e-05 0.0
7.37347582e-05 -1.49016214e-05 0.0
0.000229478523 4.43367099e-07 0.0
6.37884659e-05 -1.15035546e-05 0.0
0.000259452092 -1.07296491e-05 0.0
0.000135918526 -1.59232004e-05 0.0
6.77569915e-05 -1.88730792e-05 0.0
0.000186794845 -1.76491121e-05 0.0
0.000250779063 -6.75813681e-07 0.0
4.69663755e-05 -6.76461286e-06 0.0
0.000173517983 -4.60289411e-05 0.0
0.000106659892 -2.51614092e-05 0.0
0.000144488236 -1.92977459e-05 0.0
0.000173796798 -2.74605372e-05 0.0
0.000217510446 9.40894552e-06 0.0
5.33580496e-05 -1.65163055e-05 0.0
7.75332301e-05 -1.09125986e-05 0.0
4.77877911e-05 -1.6003263e-06 0.0
7.06471619e-05 -2.37339427e-05 0.0
6.40402577e-05 -9.95672963e-06 0.0
0.000191323328 -2.04959324e-05 0.0
5.80137203e-05 -1.18135531e-05 0.0
0.000141494034 -4.09719614e-05 0.0
0.000214889325 9.84482722e-06 0.0
0.000114865623 -2.28943809e-05 0.0
0.000209644 -2.52713817e-05 0.0
0.000237431945 -1.20873447e-05 0.0
3.37755191e-05 -1.93863871e-05 0.0
0.000154727139 -3.39014732e-05 0.0
0.000102772916 -9.5227806e-06 0.0
0.000157969946 -2.79345822e-05 0.0
7.18262527e-05 -7.92597166e-06 0.0
0.000112781039 -1.01494306e-05 0.0
0.000157102186 3.05297635e-06 0.0
0.000217178997 9.18959086e-06 0.0
0.000188594378 -1.68509632e-06 0.0
0.000129087988 -3.62880419e-05 0.0
4.8788308e-05 -8.52617541e-06 0.0
0.000223810785 -1.87305013e-05 0.0
0.00016504481 -2.40018653e-05 0.0
0.000188803489 -1.39083741e-05 0.0
8.07163087e-05 -7.49967921e-06 0.0
0.00024990461 -1.14818904e-05 0.0
0.000227863988 -1.83588818e-05 0.0
0.000265007693 -1.74720735e-05 0.0
8.65413094e-05 -1.45668046e-05 0.0
0.00018261456 -1.92431366e-06 0.0
4.6598394e-05 -3.54171391e-07 0.0
0.000171299966 1.03484144e-05 0.0
9.04211192e-05 -1.47075652e-05 0.0
0.00020725363 -2.66107122e-06 0.0
0.000176485089 -2.06215118e-05 0.0
8.5926622e-05 -5.2118703e-06 0.0
9.57917728e-05 -5.13308305e-06 0.0
0.000230509715 -2.60675893e-06 0.0
0.000117239928 -3.13313722e-05 0.0
0.000106653715 -1.02209242e-05 0.0
0.00017186653 2.28624276e-06 0.0
9.33779957e-05 -2.21330065e-05 0.0
0.000159189251 -1.01378846e-05 0.0
9.77794552e-05 -1.69572832e-05 0.0
0.000105451742 -1.43700572e-05 0.0
5.71368691e-05 -1.6609516e-05 0.0
0.000175159585 -2.57370957e-05 0.0
6.42112282e-05 -1.04904866e-05 0.0
8.38825945e-05 -6.52447807e-06 0.0
6.92195463e-05 -8.55756662e-06 0.0
0.000257503969 -2.08450183e-05 0.0
0.000247987424 -1.85316258e-05 0.0
3.60687627e-05 -9.19315255e-07 0.0
0.00018966147 5.93976438e-06 0.0
7.71522391e-05 -9.03890577e-06 0.0
0.00025668749 -2.03246091e-05 0.0
0.000247207878 -1.04266146e-05 0.0
5.73437756e-05 -1.0873051e-05 0.0
0.000126593528 -2.22783165e-05 0.0
8.16651373e-05 -1.91387899e-05 0.0
0.000244608382 -1.38542282e-05 0.0
1.4658227e-05 -2.38089768e-07 0.0
0.000241968795 -2.25074882e-06 0.0
9.89221371e-05 -1.1566498e-05 0.0
0.000149388579 -1.63888199e-05 0.0
0.000262462476 -1.93369815e-05 0.0
0.000131201421 -1.10945912e-05 0.0
0.000186566744 1.83039231e-06 0.0
0.000240949725 4.63015368e-07 0.0
0.000119008546 -2.14932588e-05 0.0
1.52949797e-05 3.8033388e-08 0.0
0.000182929551 1.05345061e-05 0.0
0.000215145075 -1.9875466e-05 0.0
0.000130998029 -2.03978707e-05 0.0
0.000205260076 1.03830143e-05 0.0
0.00012483896 -1.19197948e-05 0.0
0.000159724616 2.65291374e-06 0.0
0.000106641062 -1.93668639e-05 0.0
0.000214145737 9.95333539e-06 0.0
0.000153537389 -8.63203695e-07 0.0
0.000114561415 -2.61717869e-05 0.0
0.000223640702 -1.80111037e-05 0.0
0.000214006111 -1.94022086e-05 0.0
0.000171116335 -1.39076928e-05 0.0
0.000105824605 -2.08136335e-05 0.0
6.54374253e-06 2.3606276e-06 0.0
0.000118480981 -1.64212743e-05 0.0
0.000140426564 -6.83038888e-06 0.0
5.85135276e-05 -1.27714275e-05 0.0
5.29166609e-05 -1.37135667e-05 0.0
8.34185412e-05 -1.1578798e-05 0.0
0.00019819742 -2.18586738e-05 0.0
0.000203385542 -1.89093753e-05 0.0
4.95798049e-05 -2.1176731e-05 0.0
7.1561728e-05 -7.85595603e-06 0.0
0.000113609196 -1.90681585e-05 0.0
0.000126957792 -1.15182183e-06 0.0
0.000148428822 -1.45788795e-06 0.0
6.4639913e-05 -2.83926147e-05 0.0
0.000253012578 -2.0144802e-05 0.0
0.000183587254 -7.10814311e-06 0.0
0.000124548125 -1.68864917e-05 0.0
0.00021059846 7.96272889e-06 0.0
7.11416651e-05 -1.56215901e-05 0.0
9.94791844e-05 -2.54889856e-05 0.0
3.99525561e-05 -9.03009277e-06 0.0
0.000153725559 1.09564917e-05 0.0
0.000204924378 1.05083554e-05 0.0
0.000201414485 -8.46910552e-06 0.0
4.8567832e-05 -5.40262545e-06 0.0
0.000236581385 -1.29739537e-05 0.0
5.72395475e-05 -2.3831175e-05 0.0
0.000114470953 -1.8418581e-05 0.0
0.000173114589 -1.60790951e-05 0.0
0.0002180882 -3.86362808e-06 0.0
8.32345249e-05 -1.00930656e-05 0.0
0.000206926765 1.83830002e-06 0.0
0.000206368539 -1.65608053e-05 0.0
9.43958148e-05 -2.35390908e-05 0.0
0.000160308628 1.5626149e-06 0.0
0.000127842417 -1.16282399e-05 0.0
6.39681457e-05 -1.09978328e-05 0.0
0.000231873593 3.66065819e-06 0.0
4.91751343e-05 -7.2157336e-06 0.0
0.000239346889 -1.06011103e-05 0.0
0.000105038554 -2.89713371e-05 0.0
8.39899658e-05 -3.19719766e-05 0.0
0.000206125551 1.4350245e-06 0.0
0.000200367853 6.11847497e-07 0.0
0.000154221285 7.10308723e-06 0.0
6.77660573e-05 -2.50803332e-05 0.0
9.89530672e-05 -1.91067247e-05 0.0
8.08075492e-05 -1.84753262e-05 0.0
4.41756383e-05 -2.11302668e-05 0.0
4.47621824e-05 -1.68720453e-05 0.0
0.000231976155 6.89759327e-06 0.0
0.000246037089 -1.51269678e-05 0.0
4.36055598e-05 -4.22318772e-06 0.0
0.000140268981 -7.2473722e-06 0.0
5.63494687e-05 -1.00722382e-05 0.0
0.000296101527 -2.39268065e-05 0.0
0.000167470556 -1.31244624e-05 0.0
0.000149645595 -1.30121307e-05 0.0
0.000189628307 1.04569153e-05 0.0
0.000242008377 6.18179911e-06 0.0
4.6684836e-05 -4.8614279e-06 0.0
0.000207621662 3.35586333e-06 0.0
0.000209433463 -1.88715094e-05 0.0
0.000188612932 8.65656239e-06 0.0
0.000200491879 -1.35091259e-05 0.0
0.000160643074 1.5414106e-06 0.0
4.40618423e-05 -3.42210751e-06 0.0
0.000231804021 -1.35193859e-05 0.0
0.000236915803 3.6353058e-06 0.0
8.80618027e-05 -2.31893064e-05 0.0
0.000226848104 -1.68835977e-05 0.0
0.000116708252 -1.76285193e-05 0.0
7.33159613e-05 -3.08870767e-05 0.0
0.000153210698 -9.58530563e-06 0.0
6.79571094e-05 -1.13972383e-05 0.0
0.000144176403 -3.64883235e-05 0.0
0.000116482704 -2.71816716e-05 0.0
0.000169329229 5.75970898e-06 0.0
7.68357058e-05 -1.54986155e-05 0.0
0.000106095125 -5.53763357e-06 0.0
0.000221873648 8.60357432e-06 0.0
0.000235128362 -1.87810128e-05 0.0
0.000256800966 -1.60970903e-05 0.0
0.000241664951 -1.30781054e-05 0.0
0.000224607371 -9.17260695e-06 0.0
7.51758562e-05 -2.34708568e-05 0.0
5.67841962e-05 -1.77885504e-05 0.0
0.000240825233 -2.11767619e-05 0.0
0.000269371259 -1.81675205e-05 0.0
0.000212496845 -1.02700651e-05 0.0
8.06790995e-05 -1.95219e-05 0.0
0.000261824403 -1.88814538e-05 0.0
0.000307324575 -2.82137207e-05 0.0
0.000126263825 -1.21960175e-05 0.0
0.000119074197 -3.76290154e-05 0.0
0.000146701001 -2.95811537e-06 0.0
0.000235108324 -1.35789305e-05 0.0
2.17668003e-05 -1.33095739e-06 0.0
7.38689923e-05 -7.90058311e-06 0.0
0.000253287901 -1.51271706e-05 0.0
0.000130057844 -2.77734216e-05 0.0
0.000226940771 3.91140702e-06 0.0
7.21273173e-05 -8.45827162e-06 0.0
0.000108787361 -2.84256021e-05 0.0
0.000247246207 -5.73100942e-06 0.0
2.91788147e-05 -4.4577888e-08 0.0
0.000111175927 -2.63866386e-05 0.0
0.000210498183 1.03016373e-05 0.0
9.24387496e-05 -2.82951878e-05 0.0
0.000102900769 -2.98062423e-05 0.0
0.000156246853 -2.30046062e-05 0.0
0.000169471066 -5.52543315e-06 0.0
0.000221412367 -1.69578252e-05 0.0
0.000137088544 4.16771826e-07 0.0
4.69073666e-06 7.12835444e-08 0.0
0.000196506589 -2.08197107e-05 0.0
0.000253915496 -1.04467335e-05 0.0
0.000238144989 5.54977487e-06 0.0
0.000121558958 -3.63078252e-05 0.0
4.07358675e-05 -2.3777493e-06 0.0
0.000150045729 2.275611e-06 0.0
9.14226621e-05 -1.43618627e-05 0.0
0.000207164761 -8.15473504e-06 0.0
0.000130044267 -5.73971874e-06 0.0
0.000202832365 -1.95179819e-05 0.0
0.000106791042 -1.965105e-05 0.0
0.000103881168 -3.02102835e-05 0.0
0.000156011083 -1.21942885e-05 0.0
0.000126327883 -3.32273921e-05 0.0
0.000121929916 -1.87939586e-05 0.0
8.67815179e-05 -9.62814011e-06 0.0
0.000123613689 -1.39956246e-05 0.0
9.18305886e-05 -3.29766845e-05 0.0
0.000139057345 -4.09743006e-06 0.0
8.54089303e-05 -1.95854809e-05 0.0
0.000128719068 -2.48756096e-05 0.0
0.000112366848 -1.9565412e-05 0.0
1.43834995e-05 -1.21768153e-07 0.0
6.60188307e-05 -1.03272723e-05 0.0
