-0.000446868449 0.0014726884 0.0
-0.000442565914 0.00160034222 0.0
-0.000424515281 0.00156935526 0.0
-0.000467222737 0.00151170325 0.0
0.000337514415 0.00133921008 0.0
0.000321748812 0.00132811174 0.0
0.000308702671 0.00131740235 0.0
0.000315795885 0.00130895851 0.0
-0.000665892439 0.00131740235 0.0
-0.000652846298 0.00132811174 0.0
-0.000637080695 0.00133921008 0.0
0.000261724141 0.00217686035 0.0
0.000269059412 0.00212150184 0.0
0.000273779558 0.00206373492 0.0
0.000349314651 0.00209961599 0.0
-4.61343479e-05 5.13835721e-06 0.0
-5.08544763e-05 6.29052302e-05 0.0
-5.81897511e-05 0.000118263866 0.0
-3.61796301e-05 0.00196603662 0.0
-3.16203732e-05 0.00202920358 0.0
-2.49175755e-05 0.00209020753 0.0
-0.000177193535 0.00200635009 0.0
-0.000344831467 3.16110454e-05 0.0
-0.000351534283 -2.93931371e-05 0.0
-0.000356093544 -9.25600907e-05 0.0
-0.000884672394 0.000156238631 0.0
-0.000872440927 3.48168178e-05 0.0
-0.000891250267 6.99632074e-05 0.0
-0.000863653142 0.000113895825 0.0
-0.00040036728 0.001641799 0.0
-0.000388450251 0.00165123527 0.0
-0.000381734048 0.00166067458 0.0
-0.000373686955 0.00168357417 0.0
0.000592861034 0.00166067458 0.0
0.000586144859 0.00165123527 0.0
0.00057422783 0.001641799 0.0
0.000136514849 0.00161116978 0.0
0.000147049577 0.00150322157 0.0
0.000130234359 0.00153718318 0.0
0.000151868706 0.00157808943 0.0
-0.000290030293 0.00170849008 0.0
-0.000264885544 0.00181896694 0.0
-0.000249052362 0.00177026808 0.0
-0.000305549853 0.00175087026 0.0
-0.000216836226 0.000714576745 0.0
-0.000198532507 0.000623255095 0.0
-0.000229190642 0.00068971212 0.0
-0.000184174918 0.000654221745 0.0
-5.41623449e-05 0.000240477966 0.0
-2.21759294e-07 0.000233284169 0.0
5.01677714e-05 0.000226467309 0.0
-2.70049914e-05 0.000390487636 0.0
-3.9664752e-05 0.000295791455 0.0
2.16359858e-05 0.000311122509 0.0
-0.000924427353 0.000226467309 0.0
-0.000974816852 0.000233284169 0.0
-0.00102875743 0.000240477966 0.0
4.59322291e-05 0.000874139543 0.0
6.23900196e-05 0.000934198615 0.0
6.94171613e-05 0.000912450079 0.0
4.0621333e-05 0.000887406117 0.0
-9.42718398e-05 0.000536045816 0.0
-6.71001544e-05 0.000411038549 0.0
-0.000116407478 0.000488182122 0.0
-5.37466731e-05 0.000458681519 0.0
-0.000121389465 0.000859758293 0.0
-0.000104480903 0.000949674577 0.0
-9.2623377e-05 0.000917934289 0.0
-0.0001410681 0.000887575501 0.0
-0.000649775204 0.00121611054 0.0
-0.000644931279 0.00133541157 0.0
-0.000645846012 0.00124573603 0.0
-0.000649472873 0.00130313868 0.0
-6.74460098e-05 0.000967310916 0.0
-4.52950044e-05 0.00100497482 0.0
-4.5514309e-05 0.00100122171 0.0
-6.75512565e-05 0.000979353441 0.0
-0.000295492064 0.000688467582 0.0
-0.000280402135 0.000760518713 0.0
-0.000269801501 0.000740350923 0.0
-0.000305620895 0.000709667103 0.0
0.000319913903 0.00205859658 0.0
0.0 0.0 0.0
-0.000974595081 0.0 0.0
-0.000654681178 0.00205859658 0.0
-0.000428099011 0.00147986179 0.0
-0.000410818815 0.00148980692 0.0
-0.000396815041 0.00150285277 0.0
-0.000386985426 0.00151798653 0.0
-0.000381323363 0.00153489434 0.0
-0.000379618024 0.00155216397 0.0
-0.000381942315 0.00156830496 0.0
-0.000387957931 0.00158207526 0.0
-0.000397611788 0.0015926928 0.0
-0.000411144807 0.00159910053 0.0
-0.000426443847 0.00160166668 0.0
-0.000458909431 0.00159565883 0.0
-0.000474910572 0.00158753467 0.0
-0.000489293423 0.0015762418 0.0
-0.000500943279 0.00156251062 0.0
-0.000508958707 0.00154674752 0.0
-0.000513321836 0.00153021014 0.0
-0.000512629806 0.00151309627 0.0
-0.000508487108 0.00149772014 0.0
-0.000498075504 0.00148506009 0.0
-0.00048478914 0.0014755365 0.0
-0.00046685891 0.00147122843 0.0
-0.00044502996 0.00154122338 0.0
0.000332877564 0.00133642403 0.0
0.000327549031 0.0013327332 0.0
0.000316788733 0.00132359879 0.0
0.000312383287 0.00131998735 0.0
0.000307227601 0.00131315959 0.0
0.000306658621 0.00130913651 0.0
0.000307092967 0.00130591425 0.0
0.000307886483 0.00130381202 0.0
0.000309438736 0.00130341877 0.0
0.000311682117 0.00130408816 0.0
0.000314290286 0.00130627805 0.0
0.000316339778 0.0013121434 0.0
0.00031872181 0.00131465541 0.0
0.000323347253 0.00131835847 0.0
0.000328965863 0.00132263103 0.0
0.000333243574 0.00132744224 0.0
0.000336274999 0.00133205985 0.0
0.000337337784 0.00133636664 0.0
-0.000662211794 0.00131998735 0.0
-0.000657806348 0.00132359879 0.0
-0.000647046079 0.0013327332 0.0
-0.000641717517 0.00133642403 0.0
-0.000638596539 0.0013415477 0.0
-0.00064119749 0.0013426533 0.0
-0.000644553103 0.00134189904 0.0
-0.000648747315 0.0013398102 0.0
-0.000652049435 0.00133555895 0.0
-0.000655052892 0.00133136788 0.0
-0.000658723642 0.00132751616 0.0
-0.000663366343 0.0013223975 0.0
0.000263814232 0.00216342602 0.0
0.000266223535 0.0021454969 0.0
0.000271261815 0.00209697592 0.0
0.000272715319 0.00207797391 0.0
0.000287353003 0.00205614977 0.0
0.000302473461 0.0020522899 0.0
0.000317856087 0.0020522913 0.0
0.000330015348 0.00205639773 0.0
0.000338798825 0.00206408137 0.0
0.000344994653 0.00207426376 0.0
0.000348309113 0.00208623079 0.0
0.000347293215 0.00211406825 0.0
0.000341529638 0.00212905766 0.0
0.000331328396 0.00214311574 0.0
0.00031702331 0.00215500034 0.0
0.000299173087 0.00216514338 0.0
0.000284003298 0.00217403588 0.0
0.00027110934 0.00217684684 0.0
-4.71985913e-05 1.93772739e-05 0.0
-4.86520876e-05 3.83793413e-05 0.0
-5.36903572e-05 8.6900196e-05 0.0
-5.60996596e-05 0.000104829422 0.0
-6.56148186e-05 0.00011425768 0.0
-7.30672109e-05 0.000107497777 0.0
-7.93375948e-05 9.77816962e-05 0.0
-8.38420747e-05 8.57693449e-05 0.0
-8.56672559e-05 7.20094977e-05 0.0
-8.41748406e-05 5.71771088e-05 0.0
-7.88143807e-05 4.19895296e-05 0.0
-7.00384771e-05 2.77576564e-05 0.0
-5.89469273e-05 1.50317737e-05 0.0
-3.45219232e-05 0.00199294207 0.0
-2.81417833e-05 0.00206464878 0.0
-4.01500693e-05 0.00209967117 0.0
-5.9914586e-05 0.00210277713 0.0
-8.21803696e-05 0.00210081646 0.0
-0.000108378612 0.00209274306 0.0
-0.000130949091 0.00208211015 0.0
-0.000150428386 0.00206681527 0.0
-0.000164657118 0.00204795646 0.0
-0.000173195658 0.00202731835 0.0
-0.000176203263 0.00198613107 0.0
-0.000170750005 0.00196710788 0.0
-0.000161127275 0.00195107597 0.0
-0.000147849511 0.00193928822 0.0
-0.000129819367 0.00193279877 0.0
-0.00010669043 0.0019323912 0.0
-8.07746255e-05 0.00193900289 0.0
-5.69496369e-05 0.00195001403 0.0
-0.000348055677 6.05229616e-06 0.0
-0.000354435819 -6.5654458e-05 0.0
-0.00033913154 -7.19208037e-05 0.0
-0.000328318012 -4.88127989e-05 0.0
-0.00032382831 -2.53718918e-05 0.0
-0.000325806177 -3.06826382e-06 0.0
-0.000333504431 1.63007771e-05 0.0
-0.00090309151 0.000155845046 0.0
-0.000917595404 0.000150250533 0.0
-0.000927147397 0.000141639379 0.0
-0.000931976596 0.000130063447 0.0
-0.000933849311 0.000116961426 0.0
-0.000933976611 0.000102734346 0.0
-0.000929804868 8.76810373e-05 0.0
-0.000923317217 7.32526605e-05 0.0
-0.000913769763 6.01404281e-05 0.0
-0.000901259948 4.9135233e-05 0.0
-0.000887427537 4.0720679e-05 0.0
-0.000857779058 3.30232688e-05 0.0
-0.000843009504 3.47381465e-05 0.0
-0.000830667093 4.14232381e-05 0.0
-0.000821761496 5.16994296e-05 0.0
-0.000816743413 6.46062617e-05 0.0
-0.000815355044 7.95245141e-05 0.0
-0.000818226603 9.57807424e-05 0.0
-0.000826201169 0.000112755639 0.0
-0.000836655963 0.00012774262 0.0
-0.000849648903 0.000140865988 0.0
-0.000865376263 0.000150609761 0.0
-0.000878265593 9.11001553e-05 0.0
-0.000394360424 0.00164581812 0.0
-0.000384872546 0.00165676337 0.0
-0.000377033779 0.00166546414 0.0
-0.000373190938 0.00167111133 0.0
-0.000370965456 0.00167652755 0.0
-0.00036925092 0.00168118009 0.0
-0.000368113688 0.00168447976 0.0
-0.000367579603 0.00168680528 0.0
-0.00036708641 0.0016872749 0.0
-0.000366315246 0.00168654299 0.0
-0.00036704095 0.00168529793 0.0
-0.000383949926 0.00168008322 0.0
-0.000393812283 0.00167553592 0.0
-0.000400677993 0.00166987348 0.0
-0.000405400875 0.00166432443 0.0
-0.000408069027 0.00165875861 0.0
-0.000409264059 0.00165346696 0.0
-0.000408870779 0.00164892478 0.0
-0.00040777502 0.00164510543 0.0
-0.00040483207 0.00164269167 0.0
0.000589722535 0.00165676337 0.0
0.000580234686 0.00164581812 0.0
0.000578437175 0.0016426635 0.0
0.000582494715 0.00164532207 0.0
0.000585420232 0.00164893386 0.0
0.000587224029 0.00165308244 0.0
0.000589343195 0.00165677781 0.0
0.000122838741 0.00161383569 0.0
0.000110381516 0.00161251693 0.0
0.000100774807 0.00160730211 0.0
9.30705355e-05 0.00159952964 0.0
8.73351819e-05 0.00158931699 0.0
8.43570597e-05 0.0015773226 0.0
8.46720359e-05 0.00156461378 0.0
8.77316343e-05 0.00155122567 0.0
9.44925559e-05 0.00153827469 0.0
0.000104569466 0.00152649125 0.0
0.000117431257 0.0015162793 0.0
0.000131850422 0.00150786014 0.0
0.00016202293 0.00150103553 0.0
0.000174777451 0.00150263135 0.0
0.000183748212 0.0015075542 0.0
0.000189918428 0.00151534774 0.0
0.000193866916 0.00152520323 0.0
0.000195475528 0.00153657212 0.0
0.000195107437 0.00154945406 0.0
0.000191293482 0.00156275602 0.0
0.000184385281 0.00157578941 0.0
0.000174633256 0.00158774853 0.0
0.000162666111 0.00159788958 0.0
0.000149805725 0.00160588149 0.0
0.000141261538 0.00155771687 0.0
-0.000271044089 0.0017140467 0.0
-0.000253178849 0.00172340928 0.0
-0.000239804373 0.00173578784 0.0
-0.000231026992 0.00174982205 0.0
-0.000225586729 0.00176494091 0.0
-0.000223920579 0.00178017095 0.0
-0.000225604235 0.0017944962 0.0
-0.000230226869 0.00180660503 0.0
-0.000237660031 0.0018151293 0.0
-0.000248590484 0.0018192922 0.0
-0.000284322159 0.0018128762 0.0
-0.000301988737 0.00180303236 0.0
-0.000316501188 0.00178943574 0.0
-0.000326473295 0.00177309709 0.0
-0.000332140597 0.00175580382 0.0
-0.00033256819 0.00173967658 0.0
-0.000329378701 0.00172606029 0.0
-0.000323596265 0.00171563879 0.0
-0.000315194629 0.00170957961 0.0
-0.000305106019 0.00170684094 0.0
-0.000277041865 0.0017608729 0.0
-0.00022885442 0.000715907954 0.0
-0.000238020439 0.000714866503 0.0
-0.000243853094 0.000710630324 0.0
-0.000247360207 0.000704734295 0.0
-0.000250204175 0.000696231553 0.0
-0.00025175768 0.000685612264 0.0
-0.000250142504 0.000673494942 0.0
-0.000245445262 0.000660948746 0.0
-0.000238429711 0.000648785557 0.0
-0.000228423887 0.000638015103 0.0
-0.000215101449 0.000629011774 0.0
-0.000182619129 0.000622142456 0.0
-0.000172225889 0.000624529901 0.0
-0.000166274956 0.000630225637 0.0
-0.000162797558 0.000637701713 0.0
-0.000160939569 0.000647323788 0.0
-0.000161383388 0.000658647041 0.0
-0.000164639147 0.000670494395 0.0
-0.000170475512 0.000682417187 0.0
-0.000179081864 0.000693680719 0.0
-0.000189866711 0.000702765479 0.0
-0.000202055191 0.000709667511 0.0
-0.000207190897 0.000672344177 0.0
-3.12388693e-05 0.000237297761 0.0
2.97958213e-05 0.000229138604 0.0
6.23187952e-05 0.000239346351 0.0
7.07033832e-05 0.000255380233 0.0
7.52664855e-05 0.000274143968 0.0
7.56709778e-05 0.000294906116 0.0
7.07008003e-05 0.000316407473 0.0
6.06148024e-05 0.00033753505 0.0
4.50913722e-05 0.000356805074 0.0
2.40741283e-05 0.000373633782 0.0
-1.81265307e-06 0.000385504623 0.0
-4.46068007e-05 0.000389724533 0.0
-5.75661652e-05 0.000384898623 0.0
-6.95720373e-05 0.000376057054 0.0
-8.03525982e-05 0.000362561899 0.0
-8.79532599e-05 0.000345174514 0.0
-9.16658173e-05 0.000324558147 0.0
-8.98898506e-05 0.000302253407 0.0
-8.25667012e-05 0.000279576372 0.0
-6.98886433e-05 0.000258420943 0.0
-0.000944799278 0.000229138604 0.0
-0.00100583397 0.000237297761 0.0
-0.00100829767 0.000225818934 0.0
-0.00098511111 0.00021679471 0.0
-0.000960777572 0.000213656735 0.0
-0.000940418395 0.000217794353 0.0
4.83297299e-05 0.000878939638 0.0
5.52027595e-05 0.000883541827 0.0
6.51713417e-05 0.000889161136 0.0
7.46381411e-05 0.000897188555 0.0
8.0792488e-05 0.000906165689 0.0
8.4075029e-05 0.00091474253 0.0
8.47314077e-05 0.00092251593 0.0
8.35814717e-05 0.00092851941 0.0
8.20359855e-05 0.000933018804 0.0
7.84475196e-05 0.000935962773 0.0
7.16380891e-05 0.000936096301 0.0
5.27461088e-05 0.000929511385 0.0
4.44161305e-05 0.000922720646 0.0
3.67766406e-05 0.000914411736 0.0
3.01104574e-05 0.000904988963 0.0
2.59717672e-05 0.000895412755 0.0
2.4406987e-05 0.000886307331 0.0
2.55970044e-05 0.000878673047 0.0
2.88539595e-05 0.00087303418 0.0
3.327171e-05 0.000869655516 0.0
3.8898379e-05 0.000868738396 0.0
4.34484537e-05 0.000870304066 0.0
5.43572824e-05 0.000899468083 0.0
-0.000113553928 0.000537327433 0.0
-0.000126448329 0.000533468381 0.0
-0.00013465216 0.000526083808 0.0
-0.00014096433 0.000516036525 0.0
-0.000144910024 0.00050341466 0.0
-0.00014596511 0.000488693826 0.0
-0.000144030899 0.000472758547 0.0
-0.000137654832 0.000456487556 0.0
-0.000127084233 0.000440801086 0.0
-0.000110619498 0.000426678685 0.0
-8.87030474e-05 0.000416031427 0.0
-5.36983134e-05 0.000411989517 0.0
-4.64653785e-05 0.000415342045 0.0
-3.98957927e-05 0.000421803386 0.0
-3.45772532e-05 0.000432555767 0.0
-3.0249932e-05 0.000444939476 0.0
-2.79669403e-05 0.000459307164 0.0
-2.91162632e-05 0.000474460423 0.0
-3.44523251e-05 0.000490414561 0.0
-4.41956945e-05 0.000505438424 0.0
-5.71471282e-05 0.000518734974 0.0
-7.38813906e-05 0.000529469806 0.0
-8.36190375e-05 0.000473325897 0.0
-0.000107687541 0.000865211652 0.0
-9.49467212e-05 0.000873277488 0.0
-8.47374395e-05 0.000884069421 0.0
-7.70213519e-05 0.00089633296 0.0
-7.30040701e-05 0.000909073162 0.0
-7.22248151e-05 0.000921339553 0.0
-7.40688847e-05 0.000931904011 0.0
-7.78728572e-05 0.00093976123 0.0
-8.34246093e-05 0.000945174834 0.0
-9.04942062e-05 0.000948918459 0.0
-0.000123837308 0.000944480184 0.0
-0.000141129611 0.000934582786 0.0
-0.000154018926 0.000922543521 0.0
-0.000162628203 0.000909348601 0.0
-0.00016706725 0.000895887788 0.0
-0.000167150996 0.000883470115 0.0
-0.000164834259 0.000873292098 0.0
-0.000159959556 0.000865377369 0.0
-0.000149699583 0.000859769993 0.0
-0.000136307528 0.000857474457 0.0
-0.000115830597 0.000902479747 0.0
-0.000634235039 0.00122210104 0.0
-0.000620238308 0.00123035465 0.0
-0.000609032868 0.00124061306 0.0
-0.000598819111 0.00125360815 0.0
-0.00059189758 0.0012676256 0.0
-0.000586849696 0.00128392875 0.0
-0.000586470007 0.0012993163 0.0
-0.000589953095 0.00131415133 0.0
-0.000599588035 0.00132572593 0.0
-0.000611508498 0.00133409211 0.0
-0.000627643778 0.00133773522 0.0
-0.000660018355 0.00132860639 0.0
-0.000673497736 0.00131898897 0.0
-0.000686839398 0.00130714662 0.0
-0.000697033363 0.00129334768 0.0
-0.000703015889 0.00127828761 0.0
-0.000705648563 0.00126298657 0.0
-0.000706028659 0.00124872802 0.0
-0.000702857156 0.0012352491 0.0
-0.000696188537 0.0012242425 0.0
-0.000684690953 0.00121659727 0.0
-0.000668546185 0.00121408503 0.0
-0.000647798064 0.00127399247 0.0
-5.65573027e-05 0.000971568807 0.0
-4.82929245e-05 0.000977785676 0.0
-4.28263083e-05 0.000984831131 0.0
-3.93377086e-05 0.000991954468 0.0
-3.72113973e-05 0.00099817384 0.0
-3.61547718e-05 0.00100391102 0.0
-3.63406434e-05 0.00100844295 0.0
-3.75297677e-05 0.00101094565 0.0
-3.94306699e-05 0.00101164798 0.0
-4.17529372e-05 0.00101072097 0.0
-4.47845705e-05 0.00100887171 0.0
-4.66101446e-05 0.00100107875 0.0
-5.21535585e-05 0.00099755812 0.0
-6.12681251e-05 0.000992844696 0.0
-6.81390811e-05 0.00098661019 0.0
-7.3153933e-05 0.00098088535 0.0
-7.60230469e-05 0.000975222851 0.0
-7.65441e-05 0.000970891153 0.0
-7.64974975e-05 0.000968243345 0.0
-7.71995765e-05 0.000967118365 0.0
-7.75272347e-05 0.000967419008 0.0
-7.61385527e-05 0.0009668438 0.0
-5.58310421e-05 0.000991033507 0.0
-0.000285944319 0.000694057322 0.0
-0.00027637661 0.000700155331 0.0
-0.000267760275 0.000707346364 0.0
-0.000260449335 0.000716061797 0.0
-0.000255764637 0.000725202146 0.0
-0.000253202423 0.0007339117 0.0
-0.000251581892 0.000741472584 0.0
-0.000251140795 0.000748239749 0.0
-0.000252650236 0.000754088687 0.0
-0.000256950443 0.000758350652 0.0
-0.000264074595 0.000761216856 0.0
-0.000273641926 0.00076204841 0.0
-0.000285938528 0.000757357921 0.0
-0.000294523255 0.000752841763 0.0
-0.000304640009 0.000745408877 0.0
-0.000314897567 0.00073652569 0.0
-0.000322815846 0.000727062346 0.0
-0.000327143411 0.000717171759 0.0
-0.0003288117 0.000707983039 0.0
-0.000328071183 0.000700109405 0.0
-0.000325140689 0.000693587877 0.0
-0.000319990999 0.000688709901 0.0
-0.000313551514 0.000686304935 0.0
-0.00030506542 0.000686084444 0.0
-0.00028696956 0.000725673337 0.0
0.000321514468 0.00200275681 0.0
0.000373961084 0.00192981272 0.0
0.000334469718 0.00125006435 0.0
0.000315628218 0.00120900525 0.0
0.000198847469 0.00109196722 0.0
9.86860687e-05 0.000985598424 0.0
6.81119855e-05 0.000943487394 0.0
6.48806526e-05 0.000904890418 0.0
0.000126903426 0.000839447195 0.0
0.000236739288 0.000710469321 0.0
0.000252321013 0.00058428623 0.0
9.83718273e-05 0.00040168027 0.0
9.7236014e-05 0.000180118062 0.0
0.000108252148 0.00015120738 0.0
9.21052197e-05 0.000111272835 0.0
4.0484807e-05 5.67576535e-05 0.0
-2.98207397e-05 1.56419937e-05 0.0
-0.000141682496 0.000287805946 0.0
-0.000194217457 0.000252057798 0.0
-0.000406429986 -2.50462035e-05 0.0
-0.000431648165 -2.59670524e-05 0.0
-0.000463339791 -8.32556834e-05 0.0
-0.000504582422 -0.000172223634 0.0
-0.000547472271 -0.000248778 0.0
-0.000570659293 -0.000262121233 0.0
-0.000596610596 -0.000251676014 0.0
-0.000620585866 -0.000220697955 0.0
-0.000634680211 -0.000183885146 0.0
-0.000644444313 -0.000147990184 0.0
-0.000654656207 -0.00011195727 0.0
-0.000703723985 -6.79951336e-05 0.0
-0.000760163937 -6.53259558e-05 0.0
-0.000853069185 -3.17965751e-05 0.0
-0.000915678742 -2.91206106e-05 0.0
-0.00094520743 -2.18789501e-05 0.0
-0.000934110314 5.67576535e-05 0.0
-0.000882489898 0.000111272835 0.0
-0.000866342976 0.00015120738 0.0
-0.000877359067 0.000180118062 0.0
-0.000876223261 0.00040168027 0.0
-0.000722274126 0.00058428623 0.0
-0.000737855793 0.000710469321 0.0
-0.00084769167 0.000839447195 0.0
-0.000909714436 0.000904890418 0.0
-0.000906483096 0.000943487394 0.0
-0.000875909056 0.000985598424 0.0
-0.000775747641 0.00109196722 0.0
-0.000658966892 0.00120900525 0.0
-0.000640125363 0.00125006435 0.0
-0.000600634026 0.00192981272 0.0
-0.000653080642 0.00200275681 0.0
-0.000625293527 0.00203671772 0.0
-0.000595764839 0.00202947599 0.0
-0.000533155282 0.00202680007 0.0
-0.000440250064 0.00199327059 0.0
-0.000383810082 0.00199060142 0.0
-0.000334742275 0.00194663939 0.0
-0.00032453044 0.0019106064 0.0
-0.000314766308 0.00187471148 0.0
-0.000300671993 0.00183789863 0.0
-0.000276696723 0.00180692063 0.0
-0.000250745361 0.00179647538 0.0
-0.000227558383 0.00180981855 0.0
-0.000184668505 0.00188637292 0.0
-0.000143425903 0.001975341 0.0
-0.000111734269 0.00203262945 0.0
-8.6516091e-05 0.00203355029 0.0
0.000125696446 0.00231065438 0.0
0.000178231407 0.0023464025 0.0
0.000290093158 0.00207423861 0.0
-0.000418161508 0.00152573478 0.0
-0.000471023377 0.0015559186 0.0
-0.000484855729 0.00153195905 0.0
-0.000406580424 0.00155026745 0.0
-0.000438371702 0.00150471029 0.0
-0.000450784166 0.00157503155 0.0
-0.000414601091 0.00150777877 0.0
-0.000473060325 0.00157204445 0.0
-0.000490111473 0.00155127957 0.0
-0.00039941576 0.00153035333 0.0
-0.000397795433 0.00156754372 0.0
-0.00049582863 0.00151372945 0.0
-0.000436827278 0.00158872851 0.0
-0.000453918241 0.00148853252 0.0
-0.000391645939 0.00154494995 0.0
-0.000486610603 0.00156464544 0.0
-0.00040313715 0.00151696324 0.0
-0.000461504096 0.00158395362 0.0
-0.000499725458 0.00153717608 0.0
-0.000426073093 0.00149402616 0.0
-0.000482632167 0.00149197993 0.0
-0.000411684305 0.00158632454 0.0
-0.000403902552 0.00157957547 0.0
-0.000490361941 0.00150005659 0.0
-0.000501369999 0.00152499729 0.0
-0.000391380483 0.00155694014 0.0
-0.00047101776 0.00148814381 0.0
-0.000422131852 0.00158918335 0.0
-0.000449903629 0.00158901117 0.0
-0.000438672054 0.00148787873 0.0
-0.000424957863 0.00154291641 0.0
-0.00046544784 0.0015393591 0.0
-0.000438727671 0.00152378599 0.0
-0.000451042608 0.00155785435 0.0
0.000316338177 0.00131533004 0.0
0.000323678512 0.00132270693 0.0
0.000318488717 0.00131432386 0.0
0.000311967538 0.00131467707 0.0
0.000330008712 0.00133013562 0.0
0.000311068725 0.00130945432 0.0
0.000313433993 0.00130911602 0.0
0.000321288535 0.00131743471 0.0
0.000320987863 0.00132261985 0.0
0.000326285546 0.00132324395 0.0
0.000316380901 0.00131920108 0.0
0.000325861562 0.00132761186 0.0
0.000315717538 0.00130965537 0.0
0.000319554325 0.00131776475 0.0
0.000317118771 0.00131155911 0.0
0.000310520991 0.00131600257 0.0
0.000313678727 0.00131874403 0.0
0.000331073446 0.00132854353 0.0
0.000316742487 0.00131310616 0.0
0.000310664444 0.00130665186 0.0
0.00030954316 0.00131021731 0.0
0.00033355807 0.00133444904 0.0
0.000324770197 0.00132038642 0.0
0.00032953982 0.0013319751 0.0
0.00031841101 0.00131384993 0.0
0.000313597498 0.00131394586 0.0
0.000321552216 0.00131888187 0.0
0.000309213996 0.00131262757 0.0
0.000333571807 0.00133237464 0.0
0.000327239075 0.00132595166 0.0
0.000313581055 0.00130718201 0.0
0.0003240394 0.00132773479 0.0
-0.000654264004 0.00133055681 0.0
-0.00064854417 0.00133556861 0.0
-0.000642777421 0.00133828854 0.0
-0.000659602811 0.00132430787 0.0
-0.000656868273 0.00132784911 0.0
-0.000644929882 0.00133829343 0.0
-0.000651463983 0.00133401318 0.0
0.000305528636 0.00209470233 0.0
0.000298797037 0.00212827232 0.0
0.000326031819 0.00210916018 0.0
0.000283424451 0.00215239334 0.0
0.000293429301 0.00207577157 0.0
0.000314149715 0.00207403186 0.0
0.000330785871 0.0020907151 0.0
0.000304235116 0.00214984198 0.0
0.000322957931 0.00212787814 0.0
0.000283236383 0.00213376735 0.0
0.000298632192 0.0021142934 0.0
0.000288975338 0.00209343294 0.0
0.000328074937 0.00207626144 0.0
0.000271929137 0.00216493406 0.0
0.00031522612 0.00210226839 0.0
0.000334324403 0.00211755582 0.0
0.000290742959 0.00215870654 0.0
0.000337654375 0.00209879596 0.0
0.000305390247 0.00206544949 0.0
0.000316724996 0.00214226544 0.0
0.000273245852 0.00215188344 0.0
0.000284099573 0.0020700132 0.0
0.000281336019 0.00208509061 0.0
0.000311633135 0.00211949344 0.0
0.000301177031 0.00208346057 0.0
0.00028527432 0.00211000443 0.0
0.000295207952 0.00214160187 0.0
0.000294477446 0.00206399453 0.0
0.00033895747 0.00210773479 0.0
0.000318799255 0.00208765874 0.0
0.00028000609 0.00216608704 0.0
0.00030838215 0.00213523488 0.0
-6.56037664e-05 5.36766893e-05 0.0
-6.98223739e-05 7.25091013e-05 0.0
-6.67274435e-05 9.24610358e-05 0.0
-5.84984991e-05 2.83987047e-05 0.0
-7.55245856e-05 6.37060512e-05 0.0
-6.31670628e-05 0.000101426114 0.0
-7.29246312e-05 8.61076624e-05 0.0
-6.2139603e-05 8.00597409e-05 0.0
-6.76174168e-05 4.12801492e-05 0.0
-9.64328574e-05 0.00200440432 0.0
-7.97713292e-05 0.00204527867 0.0
-0.000132811052 0.00202610507 0.0
-0.000141700482 0.00199300377 0.0
-7.81806739e-05 0.001973473 0.0
-0.000109470733 0.00206373353 0.0
-0.000119849814 0.00196912 0.0
-6.09156377e-05 0.00206694938 0.0
-7.60957046e-05 0.00208091433 0.0
-6.98656659e-05 0.00202520029 0.0
-0.000102765378 0.0020240976 0.0
-0.000136021685 0.00204915297 0.0
-0.000154628535 0.00201705843 0.0
-6.65201878e-05 0.00199676072 0.0
-0.00014458994 0.0019675002 0.0
-0.000102602105 0.00195445423 0.0
-5.11289691e-05 0.00204777741 0.0
-0.000108992957 0.00204358459 0.0
-5.69296535e-05 0.00197177404 0.0
-0.000123977778 0.00200909073 0.0
-0.000122106358 0.00198805635 0.0
-0.000159621311 0.00199786876 0.0
-9.72666385e-05 0.0020795688 0.0
-0.000128568048 0.00206689979 0.0
-0.000153386529 0.00203353493 0.0
-5.63374706e-05 0.00208660774 0.0
-7.32549743e-05 0.00195768592 0.0
-0.00015865262 0.00198226236 0.0
-9.78718817e-05 0.00198039901 0.0
-0.000114926559 0.00207705167 0.0
-0.000130384826 0.00195123057 0.0
-4.17723859e-05 0.00208247802 0.0
-0.000141556971 0.00200966233 0.0
-8.87023925e-05 0.00206328253 0.0
-0.000337246136 -9.65663821e-06 0.0
-0.000339679566 -4.54230139e-05 0.0
-0.000336397294 2.75524508e-06 0.0
-0.000340626371 -5.83402507e-05 0.0
-0.000908471935 0.000100674428 0.0
-0.000858008862 6.49884096e-05 0.0
-0.000840403489 7.840951e-05 0.0
-0.000905686058 0.000123216669 0.0
-0.000886338705 0.000133389563 0.0
-0.000840120949 9.99886397e-05 0.0
-0.000912342512 8.38583655e-05 0.0
-0.000870326185 5.11427825e-05 0.0
-0.000920555496 0.000115449999 0.0
-0.000839542481 5.80384876e-05 0.0
-0.000885677058 0.000112325419 0.0
-0.000890757889 5.53403297e-05 0.0
-0.000863011868 0.000131432476 0.0
-0.000855789403 4.4886594e-05 0.0
-0.000911379349 7.11783141e-05 0.0
-0.000922458246 9.43961131e-05 0.0
-0.000905146648 0.000139742944 0.0
-0.000828378252 8.70469521e-05 0.0
-0.000840231252 0.000114465074 0.0
-0.000920343038 0.000129219421 0.0
-0.000828967488 6.56173943e-05 0.0
-0.00085688039 9.34485652e-05 0.0
-0.000915149692 0.000136584888 0.0
-0.000844008231 4.73171749e-05 0.0
-0.000925491389 0.000106908221 0.0
-0.00082625146 7.51665211e-05 0.0
-0.000901706284 6.10666975e-05 0.0
-0.0008505265 0.000125611565 0.0
-0.000880317762 4.54888068e-05 0.0
-0.000874757767 0.00014271008 0.0
-0.00038352079 0.00166671711 0.0
-0.000379715639 0.00166613795 0.0
-0.000394691655 0.00165433693 0.0
-0.000374160183 0.00167593046 0.0
-0.000395632611 0.0016617002 0.0
-0.000377171062 0.00167570775 0.0
-0.000386592874 0.00165858865 0.0
-0.00038771276 0.00166986382 0.0
-0.000373644201 0.0016748315 0.0
-0.000401363533 0.00165529433 0.0
-0.000371314905 0.00168058928 0.0
-0.000380905316 0.00166256959 0.0
-0.000397528434 0.00164793304 0.0
-0.000384613028 0.00165824953 0.0
-0.000391210488 0.00165217055 0.0
-0.00039748344 0.00166596647 0.0
-0.000379759702 0.00166844856 0.0
-0.000376401178 0.00166939024 0.0
-0.000377810298 0.0016729096 0.0
-0.000380230311 0.00167669065 0.0
-0.00040081222 0.00165052083 0.0
-0.000390149333 0.00166077993 0.0
-0.000387607666 0.0016658036 0.0
-0.00037003035 0.00168205251 0.0
-0.000403332495 0.00165824697 0.0
-0.000371154369 0.00168133725 0.0
-0.000371013884 0.00167950429 0.0
-0.000369714078 0.00168309151 0.0
-0.000393393129 0.00167093775 0.0
-0.000387313834 0.00167464872 0.0
-0.000382864178 0.00166321453 0.0
-0.000389636232 0.00165791158 0.0
-0.00037688631 0.00167088292 0.0
-0.000387624983 0.00165501435 0.0
-0.000381865917 0.00167024578 0.0
-0.000395914569 0.00165688002 0.0
-0.000373841176 0.00168053003 0.0
-0.00037339027 0.00167380727 0.0
-0.000404311664 0.00165094307 0.0
-0.000385255524 0.00166254316 0.0
-0.00040211028 0.00166212942 0.0
0.0005873958 0.00165294274 0.0
0.000583179237 0.00164710707 0.0
0.000588429684 0.00165484927 0.0
0.000581148372 0.00164524582 0.0
0.000171692183 0.00155070098 0.0
0.000161418546 0.00152809243 0.0
0.000122506768 0.00158637844 0.0
0.000109222216 0.00156431808 0.0
0.000104978593 0.00158335769 0.0
0.000106699619 0.00154772203 0.0
0.000149773346 0.00151809363 0.0
0.000177598064 0.00153136288 0.0
0.000173719643 0.00156689738 0.0
0.000133633497 0.00159639551 0.0
0.00018683284 0.00154552516 0.0
0.000111560141 0.00160110055 0.0
9.35362259e-05 0.00156874815 0.0
0.000172793822 0.00151381677 0.0
0.000162106342 0.00158442627 0.0
0.000148700725 0.0015944062 0.0
0.000118727075 0.00153035729 0.0
0.000133042573 0.00151979749 0.0
9.45940774e-05 0.0015793991 0.0
9.51753682e-05 0.00155815599 0.0
0.000184833058 0.00155622419 0.0
0.000186665347 0.00153513381 0.0
0.00012078377 0.0016036802 0.0
0.000103771206 0.00159590901 0.0
0.000163634279 0.00151134573 0.0
0.000179891489 0.00151903485 0.0
0.000173722612 0.00157872669 0.0
0.000106105792 0.00153569947 0.0
0.000125568928 0.00156811648 0.0
0.000156633687 0.0015461673 0.0
-0.000278905645 0.00173556583 0.0
-0.000275530794 0.00178771664 0.0
-0.000303745503 0.00172846019 0.0
-0.00025017088 0.0017937948 0.0
-0.000256534287 0.00174042943 0.0
-0.000298472616 0.00178337784 0.0
-0.000262359652 0.00180334668 0.0
-0.000291936856 0.00172112708 0.0
-0.000241366681 0.00175892492 0.0
-0.00031416252 0.00176280492 0.0
-0.000237758097 0.00179202994 0.0
-0.00031664272 0.0017292822 0.0
-0.00028931725 0.00177034258 0.0
-0.00026507178 0.00175185292 0.0
-0.000266475545 0.00172744261 0.0
-0.000288572104 0.00179784 0.0
-0.000279996573 0.00172048074 0.0
-0.000274962746 0.00180507696 0.0
-0.000304274174 0.00171644555 0.0
-0.00024944864 0.00180791935 0.0
-0.000321408355 0.00173894083 0.0
-0.00032234026 0.00174980087 0.0
-0.000233826897 0.00178162777 0.0
-0.000233595973 0.00177081465 0.0
-0.000241971255 0.00174628024 0.0
-0.00031397221 0.00177709875 0.0
-0.000288053066 0.00174411852 0.0
-0.000266086427 0.00177785067 0.0
-0.000223886062 0.0006641082 0.0
-0.00020856742 0.000692358473 0.0
-0.000188273509 0.000682313286 0.0
-0.000208008452 0.000646332628 0.0
-0.000175709094 0.000665105705 0.0
-0.000187662226 0.000640117447 0.0
-0.000237921035 0.000679057732 0.0
-0.000224969597 0.000701753073 0.0
-0.000199345406 0.000697337731 0.0
-0.000226174161 0.000651556533 0.0
-0.000191916639 0.000671518035 0.0
-0.000240498543 0.000694016053 0.0
-0.000171731706 0.00064961199 0.0
-0.000240321519 0.000668457185 0.0
-0.0002196758 0.000706832681 0.0
-0.000235113592 0.000705266837 0.0
-0.000175513807 0.000676537573 0.0
-0.000195983608 0.000633822696 0.0
-0.000176290021 0.000636328245 0.0
-0.000216956425 0.000640285667 0.0
-0.00018737014 0.000692214468 0.0
-0.000180201503 0.000685292238 0.0
-0.000235999483 0.000658220262 0.0
-0.000206974102 0.000634870899 0.0
-0.000209199119 0.000704998849 0.0
-0.000199418209 0.000655235257 0.0
-0.000239511952 0.000701022742 0.0
-0.000172013533 0.000641543127 0.0
-0.000245085103 0.000688920845 0.0
-0.000167471517 0.000655091018 0.0
-0.000225356722 0.000676673953 0.0
-2.54263996e-05 0.000342041778 0.0
3.66265922e-05 0.000254761922 0.0
-5.6514873e-05 0.000335006218 0.0
1.9826814e-06 0.000347993977 0.0
4.87981415e-05 0.000277030136 0.0
-6.70755326e-05 0.000311668584 0.0
-3.47018471e-07 0.00027953551 0.0
-5.18570996e-05 0.000361085375 0.0
-2.71348345e-05 0.00036696982 0.0
-4.59692565e-05 0.000262865098 0.0
3.39350772e-05 0.000336523284 0.0
5.21882794e-05 0.000302878529 0.0
-1.74967008e-05 0.000259280117 0.0
2.39010515e-05 0.000274658407 0.0
1.22776537e-05 0.000255300809 0.0
-6.57655546e-05 0.000357017532 0.0
-4.18296513e-05 0.00036946687 0.0
-1.07777396e-05 0.000371236354 0.0
5.32727026e-05 0.000257391686 0.0
-6.32298761e-05 0.000286319962 0.0
-7.35454596e-05 0.000346150191 0.0
-7.64226861e-05 0.000330825045 0.0
7.70979568e-06 0.000366044522 0.0
2.34229428e-05 0.000355307653 0.0
-2.56268522e-05 0.000321250263 0.0
6.23126107e-05 0.000287185918 0.0
4.88418227e-05 0.000321100611 0.0
-0.000991061213 0.000228873439 0.0
-0.000957605836 0.000224554722 0.0
-0.000998471165 0.000228073317 0.0
-0.000950172544 0.000221996583 0.0
-0.00101429655 0.000234531835 0.0
-0.000936548226 0.000224466741 0.0
6.06437898e-05 0.000916950521 0.0
5.12932274e-05 0.000884903304 0.0
4.46491504e-05 0.000904152286 0.0
6.15747704e-05 0.000893996679 0.0
4.38552452e-05 0.000877087179 0.0
7.16244322e-05 0.000923133979 0.0
5.09852543e-05 0.000917469559 0.0
3.54028234e-05 0.000893330784 0.0
7.23325284e-05 0.00090735039 0.0
5.35983781e-05 0.000883992121 0.0
6.46753106e-05 0.000928360329 0.0
3.80753409e-05 0.000878076302 0.0
3.77064389e-05 0.000907642243 0.0
4.61745731e-05 0.000875897473 0.0
7.76221495e-05 0.000924940337 0.0
6.00279709e-05 0.000888745126 0.0
6.65316184e-05 0.000894135854 0.0
7.17625662e-05 0.000900632062 0.0
4.89722988e-05 0.000878654129 0.0
5.72791905e-05 0.000925760134 0.0
7.11517932e-05 0.000929519243 0.0
4.75281377e-05 0.000886573107 0.0
3.32558593e-05 0.000899898238 0.0
4.33280693e-05 0.000915014651 0.0
3.10842042e-05 0.000885521062 0.0
7.82307543e-05 0.000915303594 0.0
7.8771569e-05 0.000920869468 0.0
3.29390386e-05 0.000880444655 0.0
5.89511292e-05 0.000897118996 0.0
3.87526634e-05 0.000873553683 0.0
-7.56091467e-05 0.000498465379 0.0
-7.30859319e-05 0.000443467929 0.0
-0.000101371057 0.000449992018 0.0
-0.000104745523 0.00050905603 0.0
-0.000122475962 0.0004684304 0.0
-5.31424121e-05 0.000489132013 0.0
-5.22229457e-05 0.000434918009 0.0
-8.46931507e-05 0.00051581749 0.0
-7.97288812e-05 0.000430847955 0.0
-0.00012370231 0.000507450139 0.0
-4.2650976e-05 0.000467760052 0.0
-5.76513921e-05 0.000504073105 0.0
-6.62175225e-05 0.000479509181 0.0
-4.23205929e-05 0.000445775484 0.0
-5.57159074e-05 0.000424290571 0.0
-0.000133782378 0.000479964016 0.0
-0.000121186189 0.000452930748 0.0
-0.000102312741 0.000524017669 0.0
-0.000114335671 0.00052462233 0.0
-0.000122562415 0.000520131725 0.0
-9.81910634e-05 0.000433580281 0.0
-0.000102614518 0.000468543993 0.0
-6.93174879e-05 0.000514496875 0.0
-6.46484477e-05 0.000422425423 0.0
-0.000111572495 0.000441458949 0.0
-0.000135217182 0.000492914696 0.0
-0.000134004091 0.00050398137 0.0
-4.00658828e-05 0.000480331859 0.0
-9.05048146e-05 0.000491450308 0.0
-4.21945515e-05 0.000433879322 0.0
-3.7175043e-05 0.00045501464 0.0
-0.000130589397 0.000914548698 0.0
-0.000115698538 0.000882262422 0.0
-9.54975621e-05 0.000895785692 0.0
-0.000106098327 0.000927915156 0.0
-0.000133930705 0.000873709912 0.0
-0.000148313455 0.000902016822 0.0
-8.40569774e-05 0.00091196358 0.0
-0.000127132793 0.000928343448 0.0
-0.000105322346 0.000877806451 0.0
-8.91467353e-05 0.000931734627 0.0
-0.0001570077 0.000891527859 0.0
-0.000149338506 0.000912734424 0.0
-0.000147132494 0.000871175551 0.0
-0.00012640252 0.000867662311 0.0
-0.000115006616 0.000869748474 0.0
-0.000141050303 0.000922983338 0.0
-0.000112241149 0.00093750708 0.0
-0.00010056646 0.000940397207 0.0
-9.28975642e-05 0.000939044228 0.0
-9.34505151e-05 0.000884746318 0.0
-8.65263573e-05 0.00089277752 0.0
-8.27635304e-05 0.000901746156 0.0
-0.000157108661 0.000882162771 0.0
-0.00015420813 0.000875980186 0.0
-8.0078491e-05 0.00092237856 0.0
-8.19385386e-05 0.000930356036 0.0
-0.00013358827 0.00090113515 0.0
-0.000126793529 0.00088687113 0.0
-0.000675350486 0.0012803867 0.0
-0.00061640155 0.00127470435 0.0
-0.000674158102 0.00125188823 0.0
-0.000614724588 0.00129902526 0.0
-0.000670438807 0.0013010659 0.0
-0.000616461853 0.00125399232 0.0
-0.000689504377 0.00126165501 0.0
-0.000666213222 0.00123494968 0.0
-0.000629298447 0.00131479662 0.0
-0.00060229341 0.00128679723 0.0
-0.000691166788 0.00128380267 0.0
-0.000630124996 0.00124016195 0.0
-0.000690269808 0.00123802945 0.0
-0.000604596105 0.00126294 0.0
-0.000663651677 0.00131466228 0.0
-0.000599616964 0.00130193972 0.0
-0.000603592955 0.00131205714 0.0
-0.000612402917 0.0013182332 0.0
-0.00059895392 0.00127524917 0.0
-0.00069544604 0.00127125951 0.0
-0.000684585189 0.00129599555 0.0
-0.000631142291 0.00126189785 0.0
-0.000682536745 0.00123039086 0.0
-0.000695266412 0.00124774303 0.0
-0.000638785132 0.00132382417 0.0
-0.000656627584 0.00122682087 0.0
-0.000643042615 0.0012301557 0.0
-0.000651581388 0.00132116303 0.0
-0.00063154602 0.00128766615 0.0
-0.000619170663 0.00124131632 0.0
-4.8989692e-05 0.000991443871 0.0
-5.1511659e-05 0.000998462783 0.0
-6.43973835e-05 0.000979534583 0.0
-5.94325138e-05 0.000990558183 0.0
-6.77881835e-05 0.000981530058 0.0
-4.28297244e-05 0.000998333097 0.0
-4.59264738e-05 0.00100530009 0.0
-5.51027442e-05 0.000981885591 0.0
-7.17651274e-05 0.000973620452 0.0
-5.17790504e-05 0.00099824823 0.0
-4.40601107e-05 0.000989483553 0.0
-6.88901418e-05 0.000972401991 0.0
-4.28751737e-05 0.00100642466 0.0
-4.67094687e-05 0.00100508833 0.0
-3.98452321e-05 0.00100345502 0.0
-7.23154371e-05 0.000975962088 0.0
-6.6361943e-05 0.000985539053 0.0
-5.70006887e-05 0.000993828173 0.0
-4.80544513e-05 0.00100227981 0.0
-6.23171654e-05 0.000989723136 0.0
-4.13505113e-05 0.000994685222 0.0
-4.81020907e-05 0.000983864418 0.0
-6.14917808e-05 0.000974868599 0.0
-7.33504494e-05 0.000971149653 0.0
-4.04354832e-05 0.00100620929 0.0
-7.3619507e-05 0.000972867419 0.0
-7.42183402e-05 0.000971095869 0.0
-6.14442542e-05 0.000987038133 0.0
-4.94468914e-05 0.000999610987 0.0
-4.25639446e-05 0.00100846379 0.0
-5.60217595e-05 0.000986251747 0.0
-0.000289902615 0.000706530991 0.0
-0.00027017566 0.000723634148 0.0
-0.000303834735 0.000727946986 0.0
-0.000284291425 0.000745411438 0.0
-0.000261131936 0.000734862871 0.0
-0.000276678795 0.000710454362 0.0
-0.000296003796 0.000742044882 0.0
-0.000272966747 0.000751941348 0.0
-0.000303032168 0.000697969284 0.0
-0.000315343786 0.000715506612 0.0
-0.000290168799 0.000696938601 0.0
-0.000312833989 0.000730433734 0.0
-0.000262727175 0.000721692631 0.0
-0.000283829984 0.000754355569 0.0
-0.000316920719 0.000703741098 0.0
-0.000312683522 0.000697698677 0.0
-0.000260086439 0.00074516621 0.0
-0.000263349299 0.000751198444 0.0
-0.00025929563 0.000728971732 0.0
-0.000268040982 0.000714074937 0.0
-0.000290206168 0.000750691106 0.0
-0.000278180582 0.000756094989 0.0
-0.000282174966 0.000701599463 0.0
-0.000298040017 0.000693954527 0.0
-0.00031789791 0.00072252017 0.0
-0.000305633614 0.00073840085 0.0
-0.000255932071 0.000742360076 0.0
-0.000322273117 0.000706780236 0.0
-0.000282199675 0.000719637552 0.0
-0.000290717056 0.000732836663 0.0
-0.000223438037 0.00139727665 0.0
-0.000595658319 0.000182960925 0.0
-0.000297806546 0.00172159576 0.0
-0.000453298824 0.000186135105 0.0
-0.000105805957 0.00116070022 0.0
-0.000226480872 0.00122472085 0.0
-0.000140925331 0.0016934718 0.0
-0.000302242872 0.000244305178 0.0
-0.000634497381 0.00127560459 0.0
-0.000406865904 0.000479708193 0.0
-0.000360054808 0.00111365481 0.0
0.000203757896 0.00120498403 0.0
-0.000640388229 0.000438442366 0.0
-0.000184840042 0.00076347898 0.0
-0.000548634212 0.000784654694 0.0
-0.000715986069 -0.000104228689 0.0
-0.000363407482 0.00161975552 0.0
-0.000160235126 0.000325358415 0.0
-3.93796799e-05 0.000689775508 0.0
0.000529711426 0.00161361811 0.0
-0.000205674398 0.000809989055 0.0
-0.000105301559 0.00108812924 0.0
-7.76583329e-05 0.00134866382 0.0
-0.000725595281 0.000185398021 0.0
-0.000488495338 0.00148391526 0.0
-0.000429506355 0.000374190509 0.0
-0.00054724142 -1.17150221e-05 0.0
-0.000323542161 0.00169521256 0.0
0.00028814195 0.00166874123 0.0
-0.000413371978 9.46733126e-05 0.0
-9.33421179e-05 0.000678260811 0.0
-0.000120994671 0.000581508211 0.0
-0.000266021874 0.00178977905 0.0
-0.000343744381 0.000351854134 0.0
-0.000276280742 0.00120561768 0.0
-0.000145413491 0.000818886387 0.0
-7.35215217e-05 0.000635564444 0.0
-0.000247275777 0.00182086776 0.0
-0.000397693308 0.00152341102 0.0
-9.05608758e-05 0.00114272116 0.0
-0.000301528285 0.00120875204 0.0
-8.1054066e-05 0.00107244868 0.0
-0.000273027166 0.0016488781 0.0
-0.000109930254 0.000355745782 0.0
-0.000149083862 0.00120177283 0.0
-0.000555671228 0.000446651014 0.0
-0.00013363162 0.000302367465 0.0
-0.000824302551 0.000973459915 0.0
-0.000145651822 0.000429051637 0.0
0.000146705439 0.00111971016 0.0
-4.27378327e-05 0.00181554537 0.0
0.000302727858 0.00130174775 0.0
-0.00063195813 -0.000142772711 0.0
-0.00015542045 0.000874139194 0.0
-0.00025682972 0.000622384134 0.0
6.29377391e-05 0.000142080607 0.0
-0.000203824908 0.000777973619 0.0
6.93685888e-06 0.0010725694 0.0
-0.000720785174 -0.000116847557 0.0
-0.000589184521 0.000589857518 0.0
-0.000384464831 0.000387726934 0.0
-0.000467165548 2.69486845e-05 0.0
-0.000151122324 0.000821327383 0.0
-0.000211988969 0.000679943711 0.0
-0.000410255016 0.000625837478 0.0
-0.000520384056 0.000190744366 0.0
-8.6329499e-05 0.000488286605 0.0
-9.87544408e-05 0.000364508101 0.0
-0.000284920738 0.00181996136 0.0
-0.00066952646 0.00107431866 0.0
-0.000113589347 0.000330381474 0.0
-2.82875353e-05 0.00128610118 0.0
-0.00096019404 0.000243817209 0.0
-0.000822187809 1.16932506e-05 0.0
0.000197043541 0.00128457905 0.0
-0.000589719915 0.000379562349 0.0
-0.000320439925 0.000527049589 0.0
-0.000293322257 0.00174354203 0.0
0.00017551468 0.00152112683 0.0
7.2314986e-05 0.0015633544 0.0
-0.000596013444 0.00138289586 0.0
-0.000276579201 0.00137955148 0.0
0.00017436553 0.000642344414 0.0
-0.000452747394 0.00110124273 0.0
-0.000306170346 0.00014522839 0.0
-0.000393226568 0.00160034478 0.0
-0.000125494145 0.00105619896 0.0
0.000561283377 0.00170105428 0.0
-0.000569930184 0.00147024728 0.0
-0.000423641352 0.00156881474 0.0
-0.000390536705 8.48798445e-05 0.0
-0.000273166312 0.00119991461 0.0
-2.63039437e-05 0.000229877114 0.0
-0.000354093034 0.0013936765 0.0
2.06752557e-05 0.000812107406 0.0
-0.000259055698 0.00116051652 0.0
-5.88428375e-05 0.00100480497 0.0
-0.000139251322 0.00145724381 0.0
-0.000513383071 0.000320694322 0.0
-0.000376894459 0.00164701988 0.0
-0.000186118836 0.000687454944 0.0
-0.00023226082 0.000465570949 0.0
-0.000620968349 0.0012751969 0.0
-0.000149588042 0.0008346705 0.0
0.000512464263 0.00153535407 0.0
-0.000612916134 0.00135091506 0.0
-0.000196408626 0.000731511391 0.0
-0.000298895087 0.000623984553 0.0
-0.000318820239 0.00169546599 0.0
-0.000935704273 0.000192801119 0.0
-0.000727225328 3.07737027e-05 0.0
5.80242122e-05 0.00169693225 0.0
0.000276027597 0.00178030343 0.0
0.000451855711 0.00183567789 0.0
0.000331234041 0.00151156436 0.0
-0.000119871722 0.00196989137 0.0
-8.77089842e-05 0.000605595065 0.0
-0.000326200563 0.00168321677 0.0
-0.000645972148 0.00127576699 0.0
-0.000487464073 0.0014206348 0.0
0.00026126398 0.00123335491 0.0
-0.000127056424 0.000598106009 0.0
-0.000129392196 0.00086744508 0.0
-0.000145775935 0.00126532896 0.0
-0.000813815335 0.000365385727 0.0
-0.000167642385 0.000956785982 0.0
-0.000278638443 0.000774823246 0.0
-0.000241844013 0.00184751034 0.0
-0.000247735123 0.0018157115 0.0
-0.000639370061 0.00127612473 0.0
-0.000216016575 0.000788367295 0.0
-0.000315358833 0.00157815265 0.0
-8.33954837e-05 0.00107600947 0.0
-0.000720590411 0.00077456492 0.0
-4.334408e-05 0.000785169657 0.0
-0.000153694535 0.00116364588 0.0
-0.000406408944 0.00160648907 0.0
-1.94801269e-05 0.000733786379 0.0
-0.000345077307 0.000741012162 0.0
-0.000195723274 0.00189951097 0.0
-0.000667365734 -0.000172369444 0.0
-0.000780274626 0.000182139614 0.0
-0.000493832573 0.00145968376 0.0
-9.39670135e-05 0.000580429216 0.0
-0.000619324273 2.68209328e-06 0.0
-8.64947142e-05 0.000417585543 0.0
-0.000106644598 0.000487194367 0.0
-0.000594940153 0.000428334781 0.0
-0.000810132304 -3.46704292e-05 0.0
-0.000404506369 0.000200017748 0.0
-0.000906119763 0.000182372256 0.0
-0.000441318261 1.92652897e-05 0.0
-0.000540363777 0.000352219562 0.0
-0.000874368823 0.000968065462 0.0
-0.000253259757 0.0001406339 0.0
-0.00015312279 0.000843616726 0.0
-7.13728587e-05 0.000672099821 0.0
0.000274456077 0.0013271193 0.0
-7.57683738e-05 0.000375504547 0.0
-0.000109124623 0.000562392466 0.0
0.000125360093 0.00229078135 0.0
-6.18642371e-05 0.00113385497 0.0
6.50702787e-05 0.00111749233 0.0
-0.00010693619 0.00111750758 0.0
-0.000878430088 8.81891174e-05 0.0
-7.90148624e-05 0.00101155485 0.0
-0.000288985291 0.00186115643 0.0
0.000167624661 0.00109474198 0.0
-0.00023153692 0.00178936322 0.0
-0.00039388708 0.00159500155 0.0
-0.000145636543 0.000582483481 0.0
0.00014740492 0.000502474722 0.0
-0.000404887774 0.00158231321 0.0
0.000556141662 0.00172532699 0.0
6.54691976e-05 0.0014814249 0.0
-0.000315125333 0.000515300606 0.0
-0.000356506382 0.00153502321 0.0
-0.000917255646 0.0001875335 0.0
-0.000248016586 0.00173423905 0.0
-0.000118236472 0.000341106381 0.0
0.000295862003 0.00133310084 0.0
0.000389753637 0.00192715728 0.0
-0.000158322582 0.00104116497 0.0
1.64367593e-05 7.19288655e-05 0.0
-9.68180902e-05 0.00190900685 0.0
-4.46973572e-05 0.000251730467 0.0
0.000304585381 0.00202137674 0.0
-0.000447789149 0.00159522577 0.0
-0.000276055856 0.00180992752 0.0
0.000186236794 0.00146917067 0.0
-0.000564171467 -0.000142170291 0.0
-5.98746446e-05 0.00188425952 0.0
-0.000425043254 0.00056540675 0.0
0.000298928528 0.00124858622 0.0
-0.000754620763 0.00113513519 0.0
-0.000305639085 0.00173460413 0.0
-0.000433250942 0.00150463928 0.0
-0.000211267354 0.000866070564 0.0
0.000566942268 0.00162087544 0.0
4.03078193e-05 0.00101803627 0.0
-9.65261206e-05 0.00123413804 0.0
-0.000455972942 0.000280205248 0.0
-0.000697306299 -0.000115602066 0.0
-0.000252400263 0.00074996578 0.0
-0.000500119524 9.98113464e-05 0.0
-0.000273024722 0.00177699211 0.0
0.000259700872 0.00150621741 0.0
-0.000142565157 0.000801622635 0.0
0.000194176318 0.00134552782 0.0
-0.000407323096 3.84173036e-05 0.0
-0.000147014158 0.00191868946 0.0
-0.000510319776 -8.27700133e-05 0.0
-5.3018106e-05 0.00099641399 0.0
-0.000239441724 0.000669182395 0.0
0.000502928451 0.00180443178 0.0
-0.000626096094 0.00130002876 0.0
-0.000313202327 0.00166377495 0.0
-0.000375886419 0.000163079152 0.0
-0.00044006735 0.000107313666 0.0
-0.000512111699 0.000272336532 0.0
-0.000218689922 0.00029343256 0.0
0.000128332424 0.000682094018 0.0
1.00620791e-05 0.00131312793 0.0
0.000388881774 0.00143081637 0.0
-0.000308130868 0.00177059381 0.0
-0.000253250939 0.000605827896 0.0
-0.00048818448 0.000436711067 0.0
9.66562438e-05 0.00016422334 0.0
-9.8826742e-05 0.000596043828 0.0
-0.000606092042 0.0019371463 0.0
0.000176352594 0.00160768279 0.0
-0.00037017453 0.00165196985 0.0
-0.00039953785 0.00142514531 0.0
-0.000986957224 0.000221653274 0.0
-0.00023949609 0.000787574798 0.0
0.000110742098 0.00163706299 0.0
-0.000408386113 0.000289843359 0.0
-0.000221660681 0.00184466632 0.0
-0.000101007565 0.000874941412 0.0
3.3782937e-05 0.000159024406 0.0
-6.28136404e-05 0.00103033602 0.0
-0.00019626951 0.000791525759 0.0
-0.000848466007 6.74758558e-05 0.0
0.000470187661 0.00183549174 0.0
-0.000172045475 0.000251126592 0.0
-0.00015787236 0.000817429973 0.0
5.02699731e-05 0.00194183504 0.0
-0.000695327355 -6.54685427e-05 0.0
-0.000303414243 0.00171782461 0.0
-0.000109559973 0.000302901171 0.0
-0.000384943094 0.0016059851 0.0
-0.000253549777 0.000533263898 0.0
-0.000670108304 0.000165245554 0.0
-0.000520380912 0.000437173585 0.0
1.46245266e-05 0.00173436769 0.0
-0.00013111392 0.000883943692 0.0
-0.000283315429 0.00176832604 0.0
-0.000429642358 0.00141843443 0.0
-7.22440454e-05 0.000244450261 0.0
-2.30210171e-05 0.00102267112 0.0
-0.000245451316 0.00178206805 0.0
-3.60255326e-05 0.00039804593 0.0
-0.000623051135 -0.000204438853 0.0
-0.000569764525 0.00147667725 0.0
-0.000608500908 0.0014070844 0.0
-0.000507710269 0.00101853779 0.0
-0.000227452052 0.00185204984 0.0
-0.000100439567 0.000421952718 0.0
-0.000116488111 0.000501361967 0.0
-0.000196105626 0.000613388431 0.0
0.000384459447 0.00187605736 0.0
-0.0001846573 0.00187879161 0.0
-0.000684141181 0.000520067988 0.0
-0.00019972687 0.00128329697 0.0
0.000169748891 0.000755971123 0.0
-0.000220506641 0.00180456601 0.0
9.0633597e-07 0.00208404311 0.0
-0.000165659425 0.00102754741 0.0
-4.42690398e-05 0.00152609614 0.0
-0.000173793276 0.000827413052 0.0
-0.000108855776 0.000528087432 0.0
-6.05592541e-05 0.000403903454 0.0
0.000242488924 0.001861508 0.0
-0.000979457865 0.000263634982 0.0
-0.000430898421 0.00154291221 0.0
-9.715942e-05 0.00113487418 0.0
0.000511635037 0.00151986454 0.0
-0.000201156145 0.000657284341 0.0
-0.000207676174 0.00079656404 0.0
-0.000157907198 0.000578360632 0.0
-0.000636050769 0.00130123761 0.0
-0.000641150516 0.00133380399 0.0
-8.87307397e-05 0.000518274785 0.0
-0.000898073777 4.24745376e-05 0.0
9.73543574e-05 0.000188865917 0.0
-0.000215449312 0.00116681203 0.0
-2.818147e-05 0.000199792412 0.0
-0.000630839146 0.00115804223 0.0
-0.000342266314 0.00132031424 0.0
-0.000211994804 0.00190926308 0.0
-0.000716346432 0.000985090854 0.0
-0.000959024357 0.000187384139 0.0
-0.000149284504 0.00193528982 0.0
-0.000855267979 0.000884764362 0.0
-2.50684425e-05 0.00177798176 0.0
-0.000644854852 0.00121445674 0.0
-9.60540419e-05 0.0003654217 0.0
-0.000178041213 0.000755276065 0.0
-0.000316142308 0.000296461192 0.0
-0.000328362279 0.00169021054 0.0
-0.000358440506 0.00164634315 0.0
-0.000320909166 0.00182143983 0.0
-0.000173703957 0.000784438802 0.0
-0.000152934488 0.000979417237 0.0
-0.00036379564 3.82680992e-05 0.0
-8.14813175e-05 0.000401159865 0.0
-0.000269130542 0.000752721564 0.0
-2.16873414e-05 0.00170124357 0.0
-0.000160691241 0.000244775583 0.0
-0.000139420328 0.000855049759 0.0
0.00011755756 0.00113586185 0.0
-0.000514890067 0.000532477512 0.0
-8.77508865e-05 0.000388888118 0.0
-0.00083471369 0.00103900989 0.0
-7.92710707e-05 0.00105780968 0.0
0.000284184091 0.00135549135 0.0
-0.000310980657 0.00137730315 0.0
-0.00065895234 0.00066027703 0.0
-5.17830704e-05 0.000570523727 0.0
-8.96170895e-05 0.00199277583 0.0
-1.37435854e-05 0.0011629872 0.0
-0.000125048711 0.00119013584 0.0
-0.00027626162 0.00175304641 0.0
-0.000814717205 6.2701547e-05 0.0
0.000254149199 0.00122392492 0.0
3.29719551e-05 0.000860233442 0.0
-1.24462877e-05 0.000365183922 0.0
0.000246644719 0.00140091893 0.0
-2.94841502e-05 0.000724878861 0.0
-0.000285983668 0.00175023661 0.0
-8.22037837e-05 0.000681881851 0.0
-0.000163020042 0.00194859446 0.0
-0.000768429367 1.46916136e-05 0.0
-7.49398023e-05 0.00107152003 0.0
-0.000182211865 0.00187443628 0.0
-0.000479865499 0.00141701684 0.0
0.00028588131 0.00119178731 0.0
-0.00020701281 0.00180234713 0.0
-0.000141650395 0.000584944093 0.0
-0.000196462977 0.00161930209 0.0
-5.44226532e-05 0.000661020167 0.0
-0.00015598 0.000538770808 0.0
-0.000583216199 0.000121314748 0.0
-0.000825856929 3.8929491e-05 0.0
-0.000380182348 0.000642416533 0.0
-4.37380695e-05 0.00188791414 0.0
-4.98902664e-05 0.000399914803 0.0
-0.000231099024 0.00178143417 0.0
-0.000230103193 0.00151630607 0.0
-0.000350804679 0.00121790799 0.0
-0.000225145443 0.000136860835 0.0
-0.000569380005 0.001327042 0.0
-0.000244403607 0.00177568919 0.0
-0.000623155269 0.00137956103 0.0
-8.54686186e-06 0.00083832402 0.0
-0.000191686981 0.000814964704 0.0
-2.78113612e-06 0.000316434191 0.0
-0.000669416739 -0.000144579608 0.0
-0.000385396968 5.59546152e-06 0.0
-0.000329054776 0.000666334527 0.0
-0.000284636277 0.00145427824 0.0
-7.32636036e-05 0.000470880128 0.0
-0.000101470359 0.00054832676 0.0
-0.000482064206 0.000652487972 0.0
0.000126438812 0.00157604425 0.0
-0.000219548223 0.000366755092 0.0
-0.000272190431 0.000681496982 0.0
-2.60211727e-05 0.00104853208 0.0
-0.000130214874 0.000884679321 0.0
-0.00014956003 0.000744763354 0.0
-0.000423328165 2.11761308e-05 0.0
0.000308573217 0.00128004374 0.0
-0.000287190109 0.00170533755 0.0
-0.000117225471 0.000508359342 0.0
-0.000148734995 0.000298998639 0.0
3.12267948e-05 0.000807443867 0.0
-0.000293495454 0.00185745186 0.0
-0.00031457335 0.00172363862 0.0
9.89784094e-05 0.000512622122 0.0
-0.00077707466 7.24000784e-05 0.0
-8.99475126e-05 0.000402902515 0.0
-0.000640854298 0.00128158776 0.0
-0.000352271367 0.0016727061 0.0
-9.0152811e-05 0.000435290189 0.0
-8.53260281e-05 0.00118721894 0.0
0.000263341528 0.00138856412 0.0
-0.00078140758 0.00111636834 0.0
1.00468324e-05 8.56393526e-05 0.0
-0.000596387719 0.000685237581 0.0
-0.000351063092 0.000135724884 0.0
-0.000129742883 0.00114624843 0.0
-0.000475717039 0.00158199994 0.0
-0.000296506041 0.000523369701 0.0
-0.000608411385 0.00033349928 0.0
-0.000627169618 0.000495523389 0.0
-6.34197786e-05 0.00103670219 0.0
7.88688412e-05 0.000210251514 0.0
-0.00066669262 -0.000165590172 0.0
-0.000407365937 0.00162094121 0.0
-9.85096121e-05 0.00111355004 0.0
-0.000721795135 -7.04624108e-05 0.0
-0.000119594413 0.000912832562 0.0
-0.000294287223 0.000565584458 0.0
-0.000177845344 0.000767320918 0.0
-0.000762133568 -4.40867916e-06 0.0
-0.000419377408 0.000414344366 0.0
8.36371473e-05 0.00165351178 0.0
-0.000341452134 0.00167607795 0.0
-0.0004308793 0.00158678368 0.0
-0.000208865516 0.0010849114 0.0
-0.000108700304 0.000913211145 0.0
6.87438733e-05 0.000116224226 0.0
-0.000216686793 0.000688666885 0.0
-0.000247509335 0.00060614344 0.0
-0.000144940059 0.00031489192 0.0
0.000159684496 0.0010529937 0.0
-6.56152333e-05 0.000689334585 0.0
-0.00035660385 0.00165722973 0.0
-0.000277198764 0.00179157534 0.0
0.000583962712 0.00165651611 0.0
-0.000110485882 0.000542346796 0.0
-0.000201360861 0.000723423087 0.0
-0.000474844681 -5.3523112e-05 0.0
-0.000225291966 0.000654633914 0.0
0.000230033998 0.00144149561 0.0
-0.000701089157 0.00117168331 0.0
-0.000207571109 0.000933885633 0.0
-6.54562318e-05 0.000970574212 0.0
-0.000856728991 2.60670549e-05 0.0
0.000276167993 0.00125962717 0.0
0.000145234575 0.00137049647 0.0
-9.87769454e-05 0.000298655301 0.0
-0.000593288511 -0.000207707475 0.0
-0.000779448834 -4.79388655e-05 0.0
-0.000448958541 0.00114675111 0.0
6.01060383e-05 0.000932418043 0.0
-0.000391798792 0.00155955832 0.0
0.000311919721 0.00138984399 0.0
-0.000217911511 0.000656693941 0.0
-0.000213619423 0.00124275859 0.0
-0.000576971914 0.00113375334 0.0
-0.00012208859 0.000556992309 0.0
-0.000401058584 0.000557000982 0.0
-0.000381428661 0.00139031676 0.0
5.88095209e-05 0.00114482222 0.0
-0.000409072847 0.000450795487 0.0
-0.000346707995 0.000412449415 0.0
8.69647702e-05 0.000988361891 0.0
-0.00092912151 3.10488504e-05 0.0
7.75710869e-05 0.000951963942 0.0
-0.000534831372 0.00136787468 0.0
0.000206256766 0.00181132671 0.0
0.000301172928 0.00204115314 0.0
-0.000672811118 0.000392117654 0.0
-0.00026883182 0.000812633894 0.0
-0.000590738666 -7.22178593e-05 0.0
0.000451529952 0.0016592145 0.0
-0.000200011404 0.000624675013 0.0
0.000105481493 0.00114412454 0.0
0.000565677998 0.0016026037 0.0
0.000249366683 0.00118624209 0.0
-0.000861569017 0.000126448067 0.0
-0.000439954834 0.00154344202 0.0
3.44495925e-06 0.000510442071 0.0
-0.000395332725 0.000402727135 0.0
-6.36535042e-05 0.000413503527 0.0
-0.000588517927 0.00195633434 0.0
-0.000172741711 0.00114775193 0.0
-0.000265491981 0.000767701305 0.0
-0.000739246025 -9.96033923e-05 0.0
-0.000931222574 0.000180055809 0.0
6.02759173e-05 0.000926325098 0.0
-0.000809196907 0.000190540421 0.0
-0.000297407998 0.00176024484 0.0
-0.00077219028 -4.21753139e-05 0.0
-0.000461607415 0.00127770822 0.0
-0.000243304195 0.000709812506 0.0
0.000123308375 0.000763980031 0.0
-0.000559295702 0.0014417069 0.0
-0.000819181558 0.000309187104 0.0
0.000240916124 0.00137961621 0.0
-0.000363529776 0.00163864496 0.0
-0.0001219638 0.000889337505 0.0
0.000352003059 0.00196576538 0.0
-0.000100485719 0.000978154945 0.0
-6.84376719e-05 0.000409575616 0.0
-0.000129582302 0.00182139373 0.0
7.12405308e-05 0.00142036297 0.0
-0.000658756238 6.11601863e-05 0.0
1.34886131e-05 0.00100329402 0.0
-0.00011099816 0.000550159486 0.0
-0.000841848378 0.00019176917 0.0
-0.000264117232 0.00178440078 0.0
-0.000562551082 0.00143325923 0.0
-0.000396057876 0.0015693017 0.0
-0.000482625386 0.000879042724 0.0
0.00048367909 0.00183926709 0.0
0.000313214812 0.00130156509 0.0
-0.000276882347 0.00178037211 0.0
-0.000625659712 0.00139555812 0.0
-0.000380158192 0.000837938918 0.0
0.000225653886 0.00123849709 0.0
-0.000309001538 0.00178687391 0.0
-0.000639594102 0.00201674015 0.0
-0.000104983628 0.000946340268 0.0
0.000243916336 0.00220081932 0.0
-0.000477442896 0.000286033581 0.0
-0.000418280892 0.00152203895 0.0
3.0495632e-05 0.000195106884 0.0
-4.17470346e-06 0.000740761287 0.0
-0.000412925205 0.00162659609 0.0
2.74945996e-05 0.00145166845 0.0
-0.000602673914 0.000434049056 0.0
-0.000179915893 0.000217349094 0.0
0.000128820917 0.00168700027 0.0
-0.000759729475 0.000884848239 0.0
0.000223186697 0.000660556543 0.0
8.27862368e-06 0.00129766599 0.0
-0.000728659332 -3.27434318e-05 0.0
0.000143937723 0.00152127829 0.0
0.000245939853 0.00190668204 0.0
-0.000161567586 0.00138117629 0.0
-0.000222595932 0.000797509798 0.0
-0.000547890435 0.00147540891 0.0
-0.000506755314 1.16532219e-05 0.0
6.10221332e-06 3.64959888e-05 0.0
-0.000381573569 0.00157261756 0.0
-0.000388234854 0.00163328263 0.0
-0.00095411099 0.000182661781 0.0
6.85981358e-05 0.00170185976 0.0
0.000103833314 0.000831280195 0.0
-0.000558043015 8.04213414e-05 0.0
-0.000167481965 0.000574942853 0.0
-0.00040066475 0.000930722512 0.0
-0.000468502141 0.000105226463 0.0
-0.000301579246 0.00173003029 0.0
-0.000197327667 0.000717455463 0.0
0.000237245957 0.00189385575 0.0
-0.00012480178 0.00108960725 0.0
-1.14258301e-05 0.00179720717 0.0
-6.66117994e-05 0.000965749263 0.0
-0.000320566236 4.58786526e-05 0.0
-0.000102271981 0.00093833328 0.0
0.000345059671 0.00200633146 0.0
-0.000484950491 0.000186667865 0.0
-1.93866745e-05 0.000986042782 0.0
-1.75780988e-05 0.00135231181 0.0
-0.000162763172 0.000813927036 0.0
-2.86379127e-05 3.79996527e-05 0.0
-0.000127707812 0.000316057878 0.0
