0.00132698182 6.06425492e-05 0.0
0.00131214992 0.000126082596 0.0
0.000801691378 5.15015527e-05 0.0
0.000697291107 5.28686505e-05 0.0
0.000763492426 -1.02599952e-05 0.0
0.00144329842 5.28686505e-05 0.0
0.00154769875 5.15015527e-05 0.0
0.00120106735 -3.48713584e-05 0.0
0.00118421204 0.000112725 0.0
0.00106999744 3.95956959e-05 0.0
5.98699371e-05 6.99623997e-05 0.0
7.6725235e-05 -7.76339584e-05 0.0
0.00132175768 -6.31816074e-05 0.0
0.00131018052 -1.2002919e-05 0.0
0.00123886811 -4.23205784e-05 0.0
0.000185838362 -5.47655181e-05 0.0
0.000197415546 -0.000105944207 0.0
0.000820431567 -1.35550908e-06 0.0
0.000803134229 0.000125873252 0.0
0.00155809044 3.24830035e-05 0.0
0.00166128797 2.90916541e-05 0.0
0.00158961292 0.000157050919 0.0
0.000915280601 2.90916541e-05 0.0
0.000812083133 3.24830035e-05 0.0
0.00101046148 -8.75892074e-05 0.0
0.000990211382 6.9067617e-05 0.0
0.00149380986 7.6846758e-05 0.0
0.00147411262 0.00014086494 0.0
0.000695957104 -4.46870035e-05 0.0
0.000678006676 6.82421669e-05 0.0
0.000299882435 0.000109068133 0.0
0.000185186669 0.000106673011 0.0
0.000261810666 -4.84377742e-05 0.0
0.000931193936 0.000106673011 0.0
0.0010458898 0.000109068133 0.0
0.000602107379 -5.4535627e-05 0.0
0.00058388937 9.11066381e-05 0.0
0.000400746183 -0.000125309612 0.0
0.000378896017 3.52585594e-05 0.0
0.000877899642 3.53295945e-06 0.0
0.000863243011 5.03479787e-05 0.0
0.00128657918 8.28024804e-06 0.0
0.0012699723 9.9082099e-05 0.0
0.000789253565 -8.30811332e-05 0.0
0.000769850099 1.02772838e-05 0.0
0.000931168091 5.64271832e-05 0.0
0.000912787043 0.00015050298 0.0
0.00112434209 4.27626001e-05 0.0
0.0 0.0 0.0
0.00074600731 0.0 0.0
0.0018703494 4.27626001e-05 0.0
0.00133884687 6.20796636e-05 0.0
0.00134930108 6.61414524e-05 0.0
0.00135768112 7.16702198e-05 0.0
0.00136350514 7.81242561e-05 0.0
0.00136656675 8.52475787e-05 0.0
0.00136678456 9.28894369e-05 0.0
0.00136395346 0.000101817241 0.0
0.00135721511 0.000111005087 0.0
0.00134702981 0.000118686447 0.0
0.00133582426 0.000123483129 0.0
0.00132401672 0.000125945124 0.0
0.00130098406 0.000123697362 0.0
0.00129130913 0.00011942353 0.0
0.00128381874 0.000113680464 0.0
0.00127860683 0.000107067834 0.0
0.00127627177 9.93533613e-05 0.0
0.00127765606 9.11051611e-05 0.0
0.00128175714 8.38705819e-05 0.0
0.00128776405 7.83974974e-05 0.0
0.00129556598 7.25367499e-05 0.0
0.00130444265 6.66499036e-05 0.0
0.00131489465 6.20944484e-05 0.0
0.000695524795 4.34215108e-05 0.0
0.00069709745 3.40351799e-05 0.0
0.000701587647 2.32876428e-05 0.0
0.00070981402 1.21806215e-05 0.0
0.000721071381 2.11818315e-06 0.0
0.000734301284 -5.15905867e-06 0.0
0.000748734514 -9.18735623e-06 0.0
0.000777442998 -8.5890324e-06 0.0
0.000789564336 -3.97346366e-06 0.0
0.00079930661 3.17371837e-06 0.0
0.000805965974 1.24577364e-05 0.0
0.000809658261 2.29013294e-05 0.0
0.00081009249 3.35130462e-05 0.0
0.000807184319 4.29442625e-05 0.0
0.00153950811 6.15461977e-05 0.0
0.00152795867 7.07614308e-05 0.0
0.00151374715 7.77356108e-05 0.0
0.00149834156 8.08601835e-05 0.0
0.00148292794 8.03247021e-05 0.0
0.00146900315 7.66167504e-05 0.0
0.00145755487 7.00991732e-05 0.0
0.00144907844 6.17222613e-05 0.0
0.00116156472 0.000116541007 0.0
0.00113909156 0.000116121199 0.0
0.00111778663 0.000111341069 0.0
0.00109947403 0.000102183723 0.0
0.00108512875 8.91336967e-05 0.0
0.00107539643 7.32907793e-05 0.0
0.0010704319 5.62612004e-05 0.0
0.00107407337 2.36313208e-05 0.0
0.00108265143 7.35921958e-06 0.0
0.00109686644 -9.5372161e-06 0.0
0.00111591991 -2.46618856e-05 0.0
0.00113801856 -3.55826378e-05 0.0
0.00116007018 -4.08188316e-05 0.0
0.00118141819 -4.04362618e-05 0.0
9.44030689e-05 -6.76684213e-05 0.0
0.000109162276 -5.41772461e-05 0.0
0.000119975964 -3.85168969e-05 0.0
0.000126250219 -2.21835617e-05 0.0
0.000127224645 -5.35176923e-06 0.0
0.000123522565 1.15395032e-05 0.0
0.000114192735 3.03687266e-05 0.0
9.94980073e-05 4.77207432e-05 0.0
8.06948228e-05 6.13073935e-05 0.0
0.00129852188 -6.19650154e-06 0.0
0.0012861198 -2.88150909e-06 0.0
0.00127398036 -2.39694646e-06 0.0
0.00126272591 -5.02740886e-06 0.0
0.0012527284 -1.06302741e-05 0.0
0.0012451912 -1.76716821e-05 0.0
0.0012401985 -2.56754938e-05 0.0
0.00123762782 -3.37972306e-05 0.0
0.00124357385 -5.07932891e-05 0.0
0.00125117088 -5.79866646e-05 0.0
0.00126058771 -6.36546756e-05 0.0
0.00127096369 -6.85778214e-05 0.0
0.00128201337 -7.21864126e-05 0.0
0.00129338098 -7.34498244e-05 0.0
0.00130412658 -7.23513804e-05 0.0
0.00131371163 -6.87318752e-05 0.0
0.000203667834 -9.8352888e-05 0.0
0.000207258578 -8.98137368e-05 0.0
0.000207818812 -8.10192651e-05 0.0
0.000204126569 -7.17328585e-05 0.0
0.000196601046 -6.27696063e-05 0.0
0.000839622226 1.6006004e-06 0.0
0.000856219151 8.96866368e-06 0.0
0.000869434152 1.9102743e-05 0.0
0.000878141203 3.23311433e-05 0.0
0.000882466673 4.69341685e-05 0.0
0.000882745953 6.22409862e-05 0.0
0.000878627237 7.66947705e-05 0.0
0.000870701158 9.13167969e-05 0.0
0.000858494896 0.000104883176 0.0
0.000841960893 0.000116263458 0.0
0.000822933507 0.000123593301 0.0
0.000783803349 0.000123657985 0.0
0.000766170793 0.000117124589 0.0
0.000751436164 0.000107115091 0.0
0.000740514952 9.42058105e-05 0.0
0.000734293601 7.9269339e-05 0.0
0.000732827641 6.29103088e-05 0.0
0.000736953807 4.53060456e-05 0.0
0.000747794576 2.80340391e-05 0.0
0.000762663025 1.44224114e-05 0.0
0.000780389062 5.15728834e-06 0.0
0.000800062902 -9.48885415e-08 0.0
0.0016741429 4.10357607e-05 0.0
0.00168300956 5.54692961e-05 0.0
0.00168765511 7.20797616e-05 0.0
0.00168633636 9.03644977e-05 0.0
0.00167848298 0.000109552457 0.0
0.00166560558 0.000126620493 0.0
0.00164884049 0.000140029297 0.0
0.00162978552 0.0001499379 0.0
0.00160963589 0.000155867194 0.0
0.00157090521 0.000153487475 0.0
0.00155408401 0.00014563289 0.0
0.00153971207 0.00013475609 0.0
0.00152876216 0.000121282646 0.0
0.00152254978 0.000105900916 0.0
0.00152151298 8.9598354e-05 0.0
0.00152457517 7.37199298e-05 0.0
0.00153172051 5.96705795e-05 0.0
0.00154254748 4.55054651e-05 0.0
0.000828927907 2.30342139e-05 0.0
0.000847437652 1.71806569e-05 0.0
0.000866281858 1.50239666e-05 0.0
0.000884433393 1.65432211e-05 0.0
0.000901003252 2.14318861e-05 0.0
0.0010321259 -8.42383961e-05 0.0
0.00105176319 -7.60859111e-05 0.0
0.00106864527 -6.45280161e-05 0.0
0.00108112267 -5.00349306e-05 0.0
0.00108922366 -3.40704137e-05 0.0
0.0010919515 -1.7337783e-05 0.0
0.00108950911 -1.4880826e-06 0.0
0.00108338532 1.40915545e-05 0.0
0.00107215298 3.02850185e-05 0.0
0.00105566846 4.61611562e-05 0.0
0.00103534514 5.85120652e-05 0.0
0.00101303798 6.62380335e-05 0.0
0.000968434266 6.68796783e-05 0.0
0.000948887959 5.99964878e-05 0.0
0.000932689465 4.95302011e-05 0.0
0.000920456601 3.54947188e-05 0.0
0.000912437739 1.91148301e-05 0.0
0.000908887654 1.43201362e-06 0.0
0.000910051283 -1.73277222e-05 0.0
0.00091721525 -3.62294122e-05 0.0
0.000929865753 -5.39764624e-05 0.0
0.00094676041 -6.88702785e-05 0.0
0.000966650259 -7.96232853e-05 0.0
0.000988229876 -8.59714492e-05 0.0
0.00150431786 7.89085097e-05 0.0
0.00151303899 8.35280225e-05 0.0
0.00151988608 8.99585139e-05 0.0
0.00152407819 9.77783275e-05 0.0
0.0015248179 0.000106422944 0.0
0.00152201066 0.000115375704 0.0
0.00151551561 0.000123612743 0.0
0.00150674814 0.00013035156 0.0
0.00149628182 0.000135796363 0.0
0.00148526055 0.000139496769 0.0
0.00146372477 0.000139732787 0.0
0.00145477953 0.000136253395 0.0
0.00144770194 0.000130968867 0.0
0.00144268968 0.000124461701 0.0
0.00144080073 0.000116387222 0.0
0.00144212937 0.000106770189 0.0
0.00144829205 9.63027123e-05 0.0
0.00145875744 8.74273901e-05 0.0
0.00147012237 8.14647283e-05 0.0
0.00148210314 7.78872563e-05 0.0
0.000713352754 -4.2387328e-05 0.0
0.000728811894 -3.67476132e-05 0.0
0.00074153801 -2.728859e-05 0.0
0.00075052795 -1.48826075e-05 0.0
0.000755569257 -6.12878239e-07 0.0
0.000756485388 1.3772793e-05 0.0
0.000752610737 2.80744189e-05 0.0
0.000743133132 4.20625329e-05 0.0
0.000729653868 5.21175498e-05 0.0
0.000714317372 5.97633662e-05 0.0
0.000696545176 6.60055448e-05 0.0
0.000660378078 6.59248253e-05 0.0
0.000644896762 5.95994898e-05 0.0
0.00063231407 4.98227673e-05 0.0
0.000623366679 3.75532691e-05 0.0
0.000618644466 2.35637326e-05 0.0
0.000618567225 8.74303169e-06 0.0
0.000623440486 -5.66661129e-06 0.0
0.000632841198 -1.85947611e-05 0.0
0.000645834254 -2.88041338e-05 0.0
0.000660763588 -3.70287817e-05 0.0
0.000677795208 -4.23981364e-05 0.0
0.000170195548 9.22810141e-05 0.0
0.000159932621 7.54163484e-05 0.0
0.000154589026 5.65287592e-05 0.0
0.000154470457 3.64894586e-05 0.0
0.000160182753 1.60227482e-05 0.0
0.000172981643 -4.80037397e-06 0.0
0.000191552768 -2.29921643e-05 0.0
0.000213504012 -3.64973239e-05 0.0
0.000237458429 -4.55098598e-05 0.0
0.000284997659 -4.56092457e-05 0.0
0.00030553079 -3.77336473e-05 0.0
0.000322756998 -2.54066745e-05 0.0
0.000336413854 -8.9441919e-06 0.0
0.000345375418 1.10068622e-05 0.0
0.000348295842 3.30324983e-05 0.0
0.000344633736 5.54094295e-05 0.0
0.00033475121 7.65881123e-05 0.0
0.000319283514 9.48204033e-05 0.0
0.0010230327 0.000119025601 0.0
0.000998407602 0.000123813021 0.0
0.000973619637 0.000123839331 0.0
0.000950728543 0.000117624943 0.0
0.000623781525 -5.19849636e-05 0.0
0.0006425436 -4.43819408e-05 0.0
0.000657343189 -3.25419132e-05 0.0
0.000667296408 -1.77581151e-05 0.0
0.000672948547 -1.32052071e-06 0.0
0.000673660135 1.6123262e-05 0.0
0.000669085246 3.3981767e-05 0.0
0.000658568752 5.20794019e-05 0.0
0.000642781844 6.85299674e-05 0.0
0.000624410051 8.08541663e-05 0.0
0.000604506407 8.83682369e-05 0.0
0.000563477399 8.89052826e-05 0.0
0.000544311188 8.21997237e-05 0.0
0.000527834112 7.11951798e-05 0.0
0.000515396532 5.60414446e-05 0.0
0.000507878663 3.78529403e-05 0.0
0.000506294658 1.79372018e-05 0.0
0.000511063146 -2.19529943e-06 0.0
0.000521577138 -1.99523765e-05 0.0
0.00053730153 -3.45750123e-05 0.0
0.000557278283 -4.55998525e-05 0.0
0.000579301035 -5.25470823e-05 0.0
0.000424194732 -0.00012246074 0.0
0.000444956211 -0.000114104718 0.0
0.000462039548 -0.000101399186 0.0
0.00047448813 -8.50988945e-05 0.0
0.000481422845 -6.59608268e-05 0.0
0.000482264411 -4.52585045e-05 0.0
0.000477092981 -2.44175371e-05 0.0
0.000465602876 -5.57279009e-06 0.0
0.000448398379 1.06681127e-05 0.0
0.000427062012 2.33024548e-05 0.0
0.000403292972 3.24115026e-05 0.0
0.000355711178 3.16666046e-05 0.0
0.000335476303 2.25527547e-05 0.0
0.000318861945 9.17952639e-06 0.0
0.000306477217 -7.7873874e-06 0.0
0.000299449719 -2.67269552e-05 0.0
0.000298209285 -4.66163692e-05 0.0
0.000303771754 -6.65756525e-05 0.0
0.000315431011 -8.53188758e-05 0.0
0.000332285621 -0.000101314974 0.0
0.00035311401 -0.000113730894 0.0
0.000376341806 -0.000122082231 0.0
0.000887531904 4.88870046e-06 0.0
0.000895896985 8.18790159e-06 0.0
0.000902431202 1.29090358e-05 0.0
0.000906443107 1.85245444e-05 0.0
0.000907647598 2.4980005e-05 0.0
0.000905463065 3.18185303e-05 0.0
0.000899089791 3.81321588e-05 0.0
0.000890862488 4.22178564e-05 0.0
0.000882352178 4.62138851e-05 0.0
0.000872950419 4.92715844e-05 0.0
0.000854251964 4.93212538e-05 0.0
0.000846675597 4.70025698e-05 0.0
0.000840155466 4.28460662e-05 0.0
0.000835541927 3.56613309e-05 0.0
0.000834143022 2.72812176e-05 0.0
0.00083577499 1.88588911e-05 0.0
0.000841077301 1.14155273e-05 0.0
0.000849899545 6.57073815e-06 0.0
0.000858588726 5.27933298e-06 0.0
0.000868005562 3.84339728e-06 0.0
0.00130125612 1.10242618e-05 0.0
0.00131443702 1.66393311e-05 0.0
0.00132433081 2.50005287e-05 0.0
0.00133090792 3.47336463e-05 0.0
0.00133407302 4.52665081e-05 0.0
0.00133243599 5.61867673e-05 0.0
0.0013275597 6.67840359e-05 0.0
0.0013201274 7.49482278e-05 0.0
0.0013108718 8.27911281e-05 0.0
0.00130011851 9.03493928e-05 0.0
0.00128614926 9.62525373e-05 0.0
0.00125428161 9.79908e-05 0.0
0.00124022656 9.28824447e-05 0.0
0.00122950808 8.50235447e-05 0.0
0.0012223043 7.44926147e-05 0.0
0.00121828727 6.32265583e-05 0.0
0.00121755525 5.18095912e-05 0.0
0.00122233166 3.93966984e-05 0.0
0.0012315514 2.85256847e-05 0.0
0.00124355755 1.96572964e-05 0.0
0.00125707127 1.30911658e-05 0.0
0.00127164833 9.10328527e-06 0.0
0.000802629336 -8.15969906e-05 0.0
0.000814650557 -7.76192464e-05 0.0
0.000824904477 -7.11289904e-05 0.0
0.000833005877 -6.27991467e-05 0.0
0.000838082749 -5.24905554e-05 0.0
0.000839125307 -4.03182967e-05 0.0
0.00083595945 -2.69627253e-05 0.0
0.000827932614 -1.3444358e-05 0.0
0.000815852138 -2.31924832e-06 0.0
0.000801358197 5.22191931e-06 0.0
0.000785831304 9.29844373e-06 0.0
0.000755168905 7.70941733e-06 0.0
0.000742866716 2.22507128e-06 0.0
0.000733624678 -4.68700682e-06 0.0
0.000726959959 -1.42395756e-05 0.0
0.000724145444 -2.65096187e-05 0.0
0.000725135033 -3.92494003e-05 0.0
0.00072971324 -5.15016291e-05 0.0
0.000738060451 -6.19929488e-05 0.0
0.000749288767 -7.03036276e-05 0.0
0.000761790317 -7.73359352e-05 0.0
0.000775452005 -8.19138295e-05 0.0
0.000945742009 5.84007212e-05 0.0
0.000958821794 6.38073543e-05 0.0
0.000969406392 7.15656715e-05 0.0
0.000976898591 8.10346464e-05 0.0
0.000981492689 9.14786069e-05 0.0
0.00098301284 0.000102744183 0.0
0.0009801056 0.000114290116 0.0
0.000973207352 0.000125389051 0.0
0.000963909028 0.000134258182 0.0
0.000952875766 0.000140375661 0.0
0.000940887199 0.000145342055 0.0
0.000927436922 0.000148594787 0.0
0.000898702885 0.000149093205 0.0
0.000886672642 0.000145110855 0.0
0.000876711449 0.000138616786 0.0
0.000869700976 0.000130295477 0.0
0.000865789247 0.000121047757 0.0
0.000864456699 0.000111259418 0.0
0.000866318471 0.00010160797 0.0
0.000870720542 9.17382349e-05 0.0
0.000877990213 8.07718461e-05 0.0
0.000888699898 7.05176426e-05 0.0
0.000901724095 6.25743778e-05 0.0
0.000916191086 5.78201434e-05 0.0
0.00108108344 3.02690114e-05 0.0
0.00101767736 2.42931874e-05 0.0
0.000574721606 4.23133824e-05 0.0
0.000559830805 3.35569603e-05 0.0
0.00056619948 4.940902e-05 0.0
0.000569445663 6.69716828e-05 0.0
0.000557860709 7.28666928e-05 0.0
0.000527372642 7.42753327e-05 0.0
0.000472157088 7.76007e-05 0.0
0.000400832971 8.62172965e-05 0.0
0.000341715262 9.11226671e-05 0.0
0.000305888534 9.33766714e-05 0.0
0.000118143762 8.3557934e-05 0.0
8.10390411e-05 6.44368483e-05 0.0
5.60762346e-05 4.04140374e-05 0.0
3.10686191e-05 2.07500561e-05 0.0
2.06969307e-05 2.73505339e-05 0.0
0.000112910726 -7.65387158e-05 0.0
0.000148788968 -6.79933946e-05 0.0
0.00024371472 -8.2073042e-05 0.0
0.000291512813 -2.88492029e-05 0.0
0.000348993402 3.92259935e-05 0.0
0.000394015777 7.41754411e-05 0.0
0.000425345992 7.93320869e-05 0.0
0.000449230865 6.90820816e-05 0.0
0.000482033065 6.0092847e-05 0.0
0.000517982699 6.07145048e-05 0.0
0.000553889899 7.53047934e-05 0.0
0.0005888163 9.21273167e-05 0.0
0.000621319923 9.55299547e-05 0.0
0.000652575633 7.71826744e-05 0.0
0.000669739675 5.94164958e-05 0.0
0.00068798376 3.34171527e-05 0.0
0.000703430676 1.21352678e-05 0.0
0.000723327976 -2.43306044e-06 0.0
0.00077707594 2.07500561e-05 0.0
0.000802083523 4.04140374e-05 0.0
0.000827046344 6.44368483e-05 0.0
0.00086415105 8.3557934e-05 0.0
0.00105189579 9.33766714e-05 0.0
0.0010877226 9.11226671e-05 0.0
0.00114684028 8.62172965e-05 0.0
0.00121816434 7.76007e-05 0.0
0.00127337989 7.42753327e-05 0.0
0.00130386802 7.28666928e-05 0.0
0.00131545297 6.69716828e-05 0.0
0.00131220685 4.940902e-05 0.0
0.00130583812 3.35569603e-05 0.0
0.00132072892 4.23133824e-05 0.0
0.00176368468 2.42931874e-05 0.0
0.00182709075 3.02690114e-05 0.0
0.00184767006 4.0329538e-05 0.0
0.00182777271 5.48978678e-05 0.0
0.00181232591 7.61797492e-05 0.0
0.00179408176 0.000102179096 0.0
0.00177691772 0.000119945274 0.0
0.00174566207 0.000138292555 0.0
0.00171315845 0.00013488991 0.0
0.00167823199 0.000118067393 0.0
0.00164232485 0.000103477105 0.0
0.00160637521 0.000102855447 0.0
0.00157357298 0.000111844682 0.0
0.00154968805 0.000122094687 0.0
0.00151835789 0.000116938041 0.0
0.00147333555 8.19885972e-05 0.0
0.0014158549 1.39133972e-05 0.0
0.00136805687 -3.93104419e-05 0.0
0.00127313111 -2.52307946e-05 0.0
0.00123725284 -3.37761194e-05 0.0
0.00114503899 7.01131357e-05 0.0
0.00115215755 4.44772513e-06 0.0
0.000654685136 5.88074618e-05 0.0
0.00127882429 3.48676695e-05 0.0
0.000489856582 -5.53858035e-06 0.0
0.000998967211 -3.09139796e-05 0.0
0.00115051086 3.06386792e-05 0.0
0.00114618021 -3.53574833e-05 0.0
0.000406372972 -3.13454439e-05 0.0
0.00136321527 3.76653697e-05 0.0
0.000736898626 8.8796769e-05 0.0
0.00107274659 0.000109497421 0.0
0.000785487995 1.90230603e-05 0.0
0.000988242449 6.31088042e-05 0.0
0.000667338318 -7.02243269e-05 0.0
0.00106515572 5.50555342e-05 0.0
0.000639491947 7.45875514e-05 0.0
0.00125328894 4.96314169e-05 0.0
0.000381532707 -3.15915495e-05 0.0
0.000584081863 -3.05929666e-06 0.0
0.000918056234 6.82298487e-05 0.0
0.000808191253 1.61068547e-05 0.0
0.00100800348 2.2043705e-05 0.0
0.00108337845 -2.49963341e-05 0.0
0.00073939201 8.65913316e-05 0.0
0.00140757742 8.3561019e-05 0.0
0.000637345831 1.39610102e-05 0.0
0.000517449109 5.65399241e-05 0.0
0.00131768 9.96907329e-05 0.0
0.000943991356 2.64899209e-05 0.0
0.000356846343 -4.54026158e-05 0.0
0.000602384505 -3.1992975e-05 0.0
0.000440129661 -3.71921924e-05 0.0
0.00134845276 4.3513166e-05 0.0
0.000495960296 -2.34197141e-05 0.0
0.00117171241 4.73002801e-05 0.0
0.000753067667 2.13105704e-06 0.0
0.000518178393 -9.93043341e-06 0.0
0.00123766379 -3.64983607e-05 0.0
0.00123941887 4.86989957e-05 0.0
0.000947702443 -6.10327988e-05 0.0
0.00105980935 9.58405144e-05 0.0
0.000919358106 -3.08685158e-05 0.0
0.0012007046 2.29241778e-07 0.0
0.000194225329 -6.88854852e-05 0.0
0.00108013477 4.42696182e-06 0.0
0.000785221811 0.000100983547 0.0
0.000310947769 -6.87185311e-05 0.0
0.00119746826 3.67471876e-05 0.0
0.000455086585 2.00820159e-06 0.0
0.00074763631 6.24960012e-06 0.0
0.00111544749 -5.3059026e-05 0.0
0.000817567226 4.37966628e-05 0.0
0.000555768958 7.00118471e-05 0.0
0.0009636553 0.000124273181 0.0
0.000764388125 0.000102427817 0.0
7.51576808e-05 5.97571634e-05 0.0
0.000786501856 2.83390527e-05 0.0
0.000753907079 -1.50212318e-05 0.0
0.000653153111 8.5848209e-05 0.0
0.00104182819 7.16200302e-05 0.0
0.000568673189 -1.7785278e-05 0.0
0.00041957543 2.1838272e-05 0.0
0.000668148103 -6.56674383e-05 0.0
0.000614404446 -8.34437815e-05 0.0
0.000984876533 6.58601493e-05 0.0
0.000576832565 3.03271172e-05 0.0
0.000469880848 1.90275587e-05 0.0
0.000171207561 -5.66824601e-05 0.0
0.00160588906 0.000112244648 0.0
0.00109409855 4.18362106e-05 0.0
0.000255279272 -7.16370414e-05 0.0
0.00100730336 -4.80942072e-05 0.0
0.000966550549 4.9959981e-05 0.0
0.00073296926 8.88860086e-05 0.0
0.00081716897 1.51395616e-05 0.0
0.000935697346 6.12736985e-05 0.0
0.000692580536 3.27407761e-05 0.0
0.00136037613 9.81710618e-05 0.0
0.000923193991 1.01276937e-05 0.0
0.00106961641 -4.58190589e-05 0.0
0.00120096724 7.81132039e-05 0.0
0.00117601198 2.34029048e-05 0.0
0.000404331513 8.61099543e-05 0.0
0.00112647109 0.000111941437 0.0
0.000337742065 -5.34263745e-05 0.0
0.00148975942 0.000100556936 0.0
0.00104297046 3.68025503e-05 0.0
0.00095217512 8.55497201e-05 0.0
0.00146817486 6.47182824e-05 0.0
0.00141630927 9.87977764e-05 0.0
0.000321836706 -6.48818022e-05 0.0
0.00114599138 5.86732494e-05 0.0
0.000234065257 2.28723707e-08 0.0
0.00122348033 4.80779854e-05 0.0
0.000630408758 2.05001584e-06 0.0
0.00103748008 6.05846217e-05 0.0
0.000891600968 2.19721223e-05 0.0
0.0011279647 -1.71935153e-05 0.0
0.000683559454 5.9791033e-05 0.0
0.00129810465 9.18514706e-05 0.0
0.00060306472 -7.7696408e-05 0.0
0.000501875591 -8.51020741e-06 0.0
0.00137474795 4.54506226e-05 0.0
0.000722079072 -5.37447231e-05 0.0
0.00087142823 5.34649262e-05 0.0
0.00142208429 5.7959187e-05 0.0
0.000695393479 -8.51012464e-06 0.0
0.000785998767 0.000115921001 0.0
0.00135036896 0.000120092198 0.0
0.000913575874 7.02444813e-05 0.0
0.000679081713 7.42627526e-05 0.0
0.00118934689 -5.83931524e-06 0.0
0.000998333795 2.77551262e-05 0.0
0.000981010613 5.64343172e-05 0.0
0.000896651181 3.405807e-05 0.0
0.00139136787 1.45950034e-05 0.0
0.000554751139 -1.58772964e-05 0.0
0.0012796123 5.94487865e-05 0.0
0.00137071731 3.64411026e-05 0.0
0.0013622226 8.1663864e-05 0.0
0.000772173749 2.08814854e-05 0.0
0.00043439609 -2.64691698e-05 0.0
0.000785976124 -4.8229299e-06 0.0
0.00109552022 -7.17317562e-06 0.0
0.00100252219 6.86605053e-05 0.0
0.000972789305 0.000104200954 0.0
0.000845627452 -4.53778421e-06 0.0
0.00128800049 -3.10142132e-05 0.0
0.00137057982 5.0949704e-05 0.0
0.00137558545 3.86785105e-05 0.0
0.000798912311 1.69384875e-05 0.0
0.00120521791 1.80811785e-05 0.0
0.00090416905 -6.28404669e-05 0.0
0.0011373529 6.68329085e-05 0.0
0.000639351027 -1.536747e-05 0.0
0.00108206668 1.99793467e-05 0.0
0.00127622089 7.28659579e-05 0.0
0.00056456466 -6.99490602e-06 0.0
0.000992878573 6.15404642e-05 0.0
0.00119697303 -5.22469163e-05 0.0
0.000585722795 7.07691361e-05 0.0
0.000781457871 9.84023936e-05 0.0
0.00117646344 8.98701182e-05 0.0
0.000517880137 -1.81388498e-06 0.0
0.000590623997 6.25781395e-05 0.0
0.000382011465 -5.53144346e-05 0.0
0.000378152385 -4.36383889e-05 0.0
0.000819600711 0.000104361752 0.0
0.000722096825 9.35226126e-05 0.0
0.000442176068 -2.91564229e-05 0.0
0.000881448446 5.98111001e-05 0.0
0.000353607989 -9.91725392e-06 0.0
0.000725307676 8.33443846e-05 0.0
0.00125740841 4.62720527e-05 0.0
0.000315402518 -6.06336071e-05 0.0
0.000927667425 0.000110817426 0.0
0.000502701325 -3.27243397e-05 0.0
0.000837311149 4.03385311e-05 0.0
0.000198246547 -3.66228669e-05 0.0
0.000464020821 -1.51367512e-05 0.0
0.00124192925 -3.08128219e-05 0.0
0.000915946381 -6.08541304e-05 0.0
0.000785081589 1.74914567e-06 0.0
0.000991687994 -8.54466361e-06 0.0
0.000782097399 1.41648652e-05 0.0
0.00096051459 4.24526697e-05 0.0
0.00166493398 0.000130905828 0.0
0.000723322621 9.42719907e-06 0.0
0.00154352339 0.000116241106 0.0
0.00149003381 0.000106323496 0.0
0.000562734727 -5.57115491e-05 0.0
0.000343441003 9.21982282e-05 0.0
0.00142738794 0.000102853679 0.0
0.000959646015 8.13948136e-05 0.0
0.00102144713 -5.39638168e-05 0.0
0.0006463686 -1.3194418e-05 0.0
0.00121802825 3.36388839e-05 0.0
0.000938988233 4.74578919e-05 0.0
0.00120246853 -2.09020964e-05 0.0
0.000149180094 -6.97485375e-05 0.0
0.000833911006 4.84098455e-05 0.0
0.00102975313 4.99711714e-05 0.0
0.00106232392 3.18209823e-05 0.0
4.47183265e-05 4.09976492e-05 0.0
0.00113795965 -5.25890391e-05 0.0
0.000224779549 -1.20382756e-05 0.0
0.00109991909 4.79332157e-05 0.0
0.00145231548 8.57594714e-05 0.0
0.00158686982 9.57644152e-05 0.0
0.000898808357 6.54181349e-06 0.0
0.000488344755 7.04111662e-05 0.0
0.00117354188 -3.62025639e-05 0.0
0.00095397362 6.59182551e-05 0.0
0.000637071731 4.5890687e-05 0.0
0.0011857705 2.31068825e-05 0.0
0.00137998967 0.000123820224 0.0
0.00137234526 8.61692679e-05 0.0
0.00102017191 0.000131163222 0.0
0.000896743324 6.69832225e-05 0.0
0.000729400956 -8.76822287e-06 0.0
0.00103594374 -2.98334617e-05 0.0
0.000559684297 -2.37277936e-06 0.0
0.000644519401 9.56807489e-05 0.0
0.000798841356 -3.2969449e-06 0.0
0.000504814438 2.74152117e-05 0.0
0.00129285618 9.39301026e-06 0.0
0.000890157185 1.19832939e-05 0.0
0.000768134778 4.09265813e-05 0.0
0.000838482229 7.2257867e-06 0.0
0.000291843433 -6.90618399e-05 0.0
0.00138003856 1.87850001e-05 0.0
0.000445531477 6.38434794e-05 0.0
0.000850025506 -2.11322022e-05 0.0
0.00078312913 0.000107097156 0.0
0.000987750827 8.11518039e-05 0.0
0.0012054611 9.29224188e-05 0.0
0.00124034798 2.70094879e-05 0.0
0.00038623446 -4.20605793e-05 0.0
0.000416194496 -1.37388915e-05 0.0
0.000636674347 3.8243641e-05 0.0
0.000400997233 -2.29892958e-05 0.0
0.000428673287 6.32844458e-05 0.0
0.000976418669 -6.13539305e-05 0.0
0.000871665659 4.29592619e-05 0.0
0.00158423046 0.000112930335 0.0
0.000714246416 4.6471665e-05 0.0
0.000754573382 9.73607021e-05 0.0
8.6584565e-05 7.11388566e-05 0.0
0.000430672488 -3.14290401e-06 0.0
0.00177078601 3.12261473e-05 0.0
0.000971637492 2.41135367e-05 0.0
0.00132462708 0.000112705136 0.0
0.001245272 8.02382201e-05 0.0
0.000965516607 5.63052745e-05 0.0
0.000876099046 3.91607646e-05 0.0
0.00105858315 -5.70215234e-05 0.0
0.000512073748 -2.02219344e-05 0.0
0.00138446514 4.4770979e-05 0.0
0.000669904053 -4.50482403e-05 0.0
8.92935204e-05 5.64929724e-05 0.0
0.000874542922 -2.70010405e-05 0.0
0.000794635096 2.65429189e-05 0.0
0.000767472142 9.74702343e-05 0.0
0.00100248179 7.17525327e-05 0.0
0.000191750485 -6.26302208e-05 0.0
0.000785672455 4.70132436e-05 0.0
0.00120911235 -1.14854183e-05 0.0
0.000631107891 7.10380482e-05 0.0
0.00131581491 7.59136237e-05 0.0
0.000119733042 -6.71354719e-05 0.0
0.00144120166 8.75019905e-05 0.0
0.000560080225 -1.49817106e-05 0.0
0.000694925548 7.36068323e-05 0.0
0.000909994589 6.42532978e-05 0.0
0.00119411165 -1.43761054e-05 0.0
0.000718356227 -6.42332889e-05 0.0
0.00138821732 0.000102314225 0.0
0.00116486754 0.000100985613 0.0
0.00018635641 -2.99337171e-05 0.0
0.000737083203 -3.13645469e-05 0.0
0.0015582249 0.000105830681 0.0
0.000313953031 -5.11969915e-08 0.0
0.000528642442 6.86454805e-05 0.0
0.00149832061 6.91923342e-05 0.0
0.0012562921 7.79133479e-05 0.0
0.0011332198 0.000114324153 0.0
0.00131434633 -1.21886924e-05 0.0
0.000430214481 -4.57056473e-07 0.0
0.000383915176 -3.4618959e-05 0.0
0.000557326304 -8.62326197e-05 0.0
0.000997932395 4.11119108e-05 0.0
0.0013805069 2.95856862e-05 0.0
0.00104459864 7.95183223e-05 0.0
0.0011337304 1.21813919e-05 0.0
0.000446562597 8.63648747e-05 0.0
0.00152664247 0.000123448655 0.0
0.00122906535 -1.84586952e-05 0.0
0.00104843441 3.23512504e-05 0.0
0.00110592565 -3.257973e-05 0.0
0.000907648006 6.78500874e-05 0.0
0.000506028882 2.59620592e-05 0.0
0.000330265437 -1.2645075e-05 0.0
0.0010340194 3.47180357e-05 0.0
0.00100257725 7.87152094e-05 0.0
0.00126718136 7.73106949e-05 0.0
0.000960716105 -5.03323936e-05 0.0
0.000836857129 4.51150627e-05 0.0
0.000581714965 -9.38369049e-05 0.0
0.000799845322 1.14508975e-05 0.0
0.000542853668 -4.04945749e-05 0.0
0.00142072584 4.61219242e-05 0.0
0.00144281238 4.6900459e-05 0.0
0.000488583406 2.77468989e-05 0.0
0.00075033633 7.64246579e-06 0.0
0.000116385847 8.3224375e-05 0.0
0.00113647885 3.30982366e-05 0.0
0.000187325073 -1.1513107e-05 0.0
0.00109032507 3.98016418e-05 0.0
0.00116684986 8.23934024e-05 0.0
0.00124300411 -5.3742926e-05 0.0
0.00112078362 3.85515486e-05 0.0
0.000932725263 6.87893626e-05 0.0
0.00144908822 8.16441461e-05 0.0
0.00121489004 5.86501628e-05 0.0
0.00116613973 -3.00926386e-05 0.0
0.00112340448 4.87291509e-05 0.0
0.000299451 -7.48559469e-05 0.0
0.000724403886 2.91122415e-05 0.0
0.000447529892 -2.55783634e-05 0.0
0.00137284235 0.000119961049 0.0
0.00151383504 0.000106901585 0.0
0.0016975964 0.000131218767 0.0
0.000705038721 -3.78688092e-05 0.0
0.000949825102 5.27677767e-05 0.0
0.000282956433 -7.83663709e-05 0.0
0.000220741553 -6.28530906e-05 0.0
0.000812090177 1.07341555e-06 0.0
0.00110697898 -4.60293268e-05 0.0
0.000262792513 -6.85299092e-05 0.0
0.000799751026 3.25746223e-05 0.0
0.00076281745 4.61423588e-06 0.0
0.000993826776 6.55933691e-05 0.0
0.000241893344 -7.01603785e-05 0.0
0.00128059415 4.20331125e-05 0.0
0.000939535035 1.07039396e-05 0.0
0.000844824826 4.23320707e-05 0.0
0.00119363528 3.30267758e-05 0.0
0.00109154172 7.71294144e-05 0.0
0.000420494121 2.10397029e-05 0.0
0.00135606097 -3.47315909e-05 0.0
0.000894918456 -5.15075153e-05 0.0
0.00104538631 -1.21602034e-05 0.0
0.00125089113 -1.88605566e-06 0.0
0.000710212684 5.22796654e-05 0.0
0.000743566488 6.04186243e-06 0.0
0.00064192008 -1.64797757e-06 0.0
0.000292533019 9.49304831e-06 0.0
0.000865273178 2.5665282e-05 0.0
0.000535769621 -2.52153168e-05 0.0
0.00133312983 6.26831461e-05 0.0
0.000481402065 -2.97805418e-05 0.0
0.00118073146 -5.72584358e-05 0.0
0.000697044889 7.23186677e-05 0.0
0.000895492383 -6.36409532e-05 0.0
0.00149258215 0.000114862713 0.0
0.00133643521 7.32381959e-05 0.0
0.000598810031 5.29754288e-05 0.0
0.00118487922 -3.97284421e-05 0.0
0.000554750091 -6.83942699e-06 0.0
0.00116215169 -1.93818414e-05 0.0
0.000548754935 -1.91086951e-06 0.0
0.000514866901 7.34768582e-06 0.0
0.000606786634 5.15161992e-05 0.0
0.000704516075 4.65197481e-05 0.0
0.000822519592 0.000110069428 0.0
0.0011560648 -4.81289899e-05 0.0
0.000305338501 -2.73209662e-05 0.0
0.001539057 0.000113292663 0.0
0.00116657501 -1.56297381e-06 0.0
0.00108026003 9.95007576e-05 0.0
0.000278810796 -6.55865442e-05 0.0
0.00137757952 7.45034995e-05 0.0
0.00155329774 0.000103288046 0.0
0.00146109133 5.72123536e-05 0.0
0.000652566727 -6.56404018e-06 0.0
0.00096573116 0.000134626447 0.0
0.000271834258 7.234029e-06 0.0
0.000589692965 7.10927052e-05 0.0
0.000252683618 -8.96709389e-05 0.0
0.00095252553 6.35217875e-05 0.0
0.00118332705 1.86270681e-05 0.0
0.000419856166 -2.85979422e-05 0.0
0.000522080052 1.99458482e-05 0.0
0.00102447602 6.43278327e-05 0.0
0.00102883717 -6.14026576e-05 0.0
0.000444188307 -1.30612225e-05 0.0
0.000817895576 0.000125328268 0.0
0.000771011342 -7.30007469e-06 0.0
0.000929832284 8.57889027e-05 0.0
0.000626952795 -5.9716589e-05 0.0
0.000303044188 -4.87042562e-05 0.0
0.000780923583 2.31783033e-05 0.0
0.00123604154 7.9112242e-06 0.0
0.00042414089 -1.33570684e-05 0.0
0.000343884458 -5.71620621e-05 0.0
0.000595015823 -1.01901423e-05 0.0
0.00164565269 0.000117721946 0.0
0.00155649777 0.000107781256 0.0
0.000369415851 7.82798888e-05 0.0
0.000719971838 8.22079091e-05 0.0
0.000339820021 -7.76779561e-05 0.0
0.00136720506 4.11429828e-05 0.0
0.00152904575 0.00011879878 0.0
0.000360423932 -2.49535296e-05 0.0
0.000988272484 -4.76919267e-05 0.0
0.000867619063 4.87947109e-05 0.0
0.0012292912 2.55465966e-05 0.0
6.51535956e-05 5.39634093e-05 0.0
0.00107046845 6.77878998e-05 0.0
0.000350040646 -5.27652664e-05 0.0
0.00104221271 7.89461865e-06 0.0
0.00148925139 7.32031258e-05 0.0
0.000602314831 -2.14043848e-05 0.0
0.000756480731 9.34391064e-05 0.0
0.00101397384 6.9418551e-05 0.0
0.000867072435 -5.85995804e-05 0.0
0.000109468237 6.49809008e-05 0.0
0.000591154268 7.63652279e-05 0.0
0.00130770239 0.000105647669 0.0
0.000958762073 -3.58563193e-05 0.0
0.000672123628 0.000101943639 0.0
0.00081055687 4.49694608e-06 0.0
0.000735558569 8.49874486e-05 0.0
0.000651882263 -7.58170063e-05 0.0
0.000687758147 6.80425801e-05 0.0
0.000674171082 3.57495483e-05 0.0
0.00113292912 8.03802436e-07 0.0
0.00139150093 0.000111351095 0.0
0.00128727197 9.09630035e-05 0.0
0.00103157223 4.03408376e-05 0.0
0.000703310536 -5.62001624e-05 0.0
6.07916409e-05 5.11780199e-05 0.0
0.000662560517 -1.95287812e-05 0.0
0.000675493153 -4.31758963e-06 0.0
0.000165657839 -6.91027963e-05 0.0
0.000695470197 2.16831049e-05 0.0
0.000595369725 -1.59872016e-05 0.0
0.00128060102 6.95682174e-05 0.0
0.00141037977 0.000103901468 0.0
0.000901328109 5.9316706e-05 0.0
0.000482183765 -2.02506317e-06 0.0
0.000654349802 -6.14135424e-05 0.0
0.000395111943 4.31538465e-05 0.0
0.000734252681 4.99826019e-05 0.0
0.00086659519 4.19694379e-06 0.0
0.00129656517 3.0690524e-05 0.0
0.00101689727 0.000123710721 0.0
0.000846213428 -1.16595311e-06 0.0
0.000768227386 0.000105966334 0.0
0.000801361864 3.41348823e-05 0.0
0.00086448394 -1.04209003e-05 0.0
0.000139989948 -5.45300572e-05 0.0
0.000496437191 7.29686508e-05 0.0
0.000707486703 0.000101811565 0.0
0.00111217122 0.000105752493 0.0
0.000563108188 8.1851882e-05 0.0
0.00143640675 8.77344719e-05 0.0
0.000854507845 2.29663783e-05 0.0
0.000623713364 -5.12504521e-05 0.0
0.00114191405 2.46031832e-05 0.0
0.00116524217 9.20135863e-05 0.0
0.000536199368 -3.17589584e-05 0.0
0.000926156179 6.38360871e-05 0.0
0.00123320846 8.35244718e-05 0.0
0.000805445481 6.66326378e-06 0.0
0.000707810628 6.49747162e-05 0.0
0.000547845382 -2.24765172e-05 0.0
0.000712735171 3.69847248e-06 0.0
0.000758967246 5.55832594e-06 0.0
0.000585947419 8.21490758e-05 0.0
0.00132478331 7.29460444e-05 0.0
0.00108207262 1.33743215e-05 0.0
0.00111917185 4.75060588e-05 0.0
0.000840524037 0.000104819126 0.0
0.00103291241 0.000128171334 0.0
0.000540178386 6.57943528e-05 0.0
0.000931726943 5.2315223e-05 0.0
0.000553525868 -0.00010175247 0.0
0.000775954453 4.87685838e-06 0.0
0.000863741909 4.49805193e-05 0.0
0.000673831149 3.56997225e-05 0.0
0.000802764553 2.70740766e-05 0.0
0.00141067524 8.82976601e-05 0.0
0.00040592099 4.52841559e-05 0.0
0.000609242939 -1.07208707e-05 0.0
0.000234229723 -4.57508759e-05 0.0
0.00178570126 4.46469385e-05 0.0
0.00109981385 3.07999908e-05 0.0
0.00081665779 -1.39183257e-05 0.0
0.000662654638 8.235727e-05 0.0
0.000896604208 5.10622049e-05 0.0
0.000553203688 7.96656968e-05 0.0
0.000807501609 0.00010730698 0.0
0.00140108645 0.000122350364 0.0
0.000687072519 7.92922292e-05 0.0
0.00112893735 9.61154292e-05 0.0
0.000809586723 0.000103030012 0.0
0.000466655707 7.67044694e-05 0.0
0.00127811602 7.99496338e-05 0.0
0.000968965178 5.57288113e-05 0.0
0.000851009972 2.64939699e-05 0.0
0.00141252298 9.92489804e-05 0.0
0.000751034648 -5.22505834e-05 0.0
0.00104881101 3.75806158e-05 0.0
0.000981726917 3.83384904e-05 0.0
0.000285252667 -7.95426022e-05 0.0
0.00114933273 -4.92956533e-05 0.0
0.000999085954 -5.95851634e-05 0.0
0.000645181513 6.60242367e-05 0.0
0.000720004435 -2.33125684e-05 0.0
0.000530909456 3.6581896e-05 0.0
0.000912224175 5.84337104e-05 0.0
0.00157330476 9.4995572e-05 0.0
0.00143330719 6.67555214e-05 0.0
0.00143474364 9.46363143e-05 0.0
0.00105010264 5.19987261e-05 0.0
0.00101178337 9.52092378e-05 0.0
0.000791220285 2.55847335e-05 0.0
0.00155767158 9.33345582e-05 0.0
0.00148558593 6.78957003e-05 0.0
0.00101038464 5.21255934e-05 0.0
0.000803496223 2.33074461e-05 0.0
0.00162816222 0.000127951964 0.0
0.00183397299 3.35113546e-05 0.0
0.000832201564 1.78851496e-05 0.0
0.00120475411 -3.54875774e-05 0.0
0.000603078981 1.6979664e-05 0.0
0.00137153617 8.38116539e-05 0.0
0.000118644552 4.44884972e-05 0.0
0.000593904697 1.39230656e-06 0.0
0.00147299364 0.000108874985 0.0
0.00105737383 -4.08144006e-05 0.0
0.000963049359 6.11366049e-05 0.0
0.000219423018 -6.38889978e-05 0.0
0.00110971718 -1.07991536e-06 0.0
0.00114736764 4.98890149e-05 0.0
0.00038780144 9.01700114e-05 0.0
0.000946268323 -6.35369215e-05 0.0
0.000676959229 8.82210734e-05 0.0
0.000964856532 3.3494016e-05 0.0
0.00107240374 2.37182267e-05 0.0
0.00112546573 -8.43623002e-06 0.0
0.000897610211 7.90383783e-05 0.0
0.00123726937 7.78959802e-05 0.0
0.000471846579 4.28962958e-05 0.0
2.31814829e-05 2.13050625e-05 0.0
0.00124632905 5.04681739e-05 0.0
0.00153098698 0.000125177452 0.0
0.000930790673 3.64053631e-05 0.0
0.00107393845 -6.09889685e-05 0.0
0.00048632361 8.41503206e-05 0.0
0.000560396235 4.77272952e-05 0.0
0.000541884219 -7.84376098e-05 0.0
0.00101453473 5.87968061e-05 0.0
0.000458835682 8.74077159e-06 0.0
0.00135343045 0.00010589297 0.0
0.000628849317 -8.43550806e-05 0.0
0.00108641817 6.6793782e-06 0.0
0.00104292762 3.2248663e-05 0.0
0.00114053558 -4.49048275e-05 0.0
0.000826663454 -4.02863516e-05 0.0
0.000286232884 -7.13690097e-05 0.0
0.000813846942 -1.23791351e-05 0.0
0.00103105267 3.7517475e-05 0.0
0.000532635255 1.25107972e-05 0.0
0.000717006973 -3.44703185e-05 0.0
0.00103437598 -4.02344485e-05 0.0
0.000691746012 -6.84029437e-05 0.0
4.8713966e-05 5.09790771e-05 0.0
0.000218168032 -6.62951497e-05 0.0
