0.000278004154 -0.000522581569 0.0
0.000271809375 -0.000528131379 0.0
6.85222694e-05 -0.000540379027 0.0
5.52990532e-05 -0.000510676706 0.0
7.04559789e-05 -0.000529318466 0.0
0.000357089011 -0.000510676706 0.0
0.00037031222 -0.000540379027 0.0
0.000127429317 -0.000793190207 0.0
0.000119308628 -0.000787238765 0.0
0.000114577189 -0.000766899553 0.0
1.41107898e-06 -1.4129115e-06 0.0
9.53176368e-06 -7.36432912e-06 0.0
0.000207460354 -0.000761136587 0.0
0.000202413023 -0.000756662979 0.0
0.000196748035 -0.000739045965 0.0
8.45154791e-05 2.91628839e-05 0.0
8.95628036e-05 2.4689256e-05 0.0
0.000282108114 -8.11995851e-05 0.0
0.000270936493 -9.87135718e-05 0.0
0.000327272865 -0.000648986374 0.0
0.00034463231 -0.000675041229 0.0
0.000321356434 -0.000648662855 0.0
4.28423555e-05 -0.000675041229 0.0
2.54829156e-05 -0.000648986374 0.0
0.000141156313 -0.000639632344 0.0
0.000130648958 -0.000619277009 0.0
0.000280985754 -0.000654602598 0.0
0.000265337352 -0.000670656911 0.0
0.000155075919 -0.000283509435 0.0
0.000139347394 -0.000251243328 0.0
1.63130007e-05 -0.00012604495 0.0
-2.71366821e-06 -0.000112203597 0.0
2.56801395e-05 -0.000141347409 0.0
0.000299076288 -0.000112203597 0.0
0.000318102946 -0.00012604495 0.0
8.35211104e-05 -0.000370150519 0.0
6.80038647e-05 -0.00033995125 0.0
7.84660224e-05 -0.000199606409 0.0
5.78705512e-05 -0.000140242264 0.0
0.000172073807 -0.000336934841 0.0
0.000165291392 -0.000353163196 0.0
0.000315454206 -0.000455335336 0.0
0.000308187387 -0.000409766391 0.0
0.000144028891 -0.000423560326 0.0
0.000130379878 -0.000451164175 0.0
0.000197176676 -0.000264634349 0.0
0.00018508092 -0.000276384264 0.0
0.000117897551 -0.000785825832 0.0
0.0 0.0 0.0
0.000301789958 0.0 0.0
0.000419687509 -0.000785825832 0.0
0.000277288462 -0.000527536555 0.0
0.000276647275 -0.000531365396 0.0
0.000276383827 -0.000534684747 0.0
0.000276225881 -0.000537200249 0.0
0.000276102917 -0.00054074236 0.0
0.000275990373 -0.000544679118 0.0
0.000275691214 -0.000545955962 0.0
0.000274891849 -0.000543539121 0.0
0.000273778482 -0.000539438566 0.0
0.000273026148 -0.000535191502 0.0
0.000272265141 -0.000531581056 0.0
0.00027167704 -0.000524616335 0.0
0.000271683908 -0.000521946 0.0
0.000272045028 -0.000519885565 0.0
0.000272855861 -0.000518776767 0.0
0.000274273887 -0.000518000219 0.0
0.000276379054 -0.000517018896 0.0
0.000277810526 -0.000515042047 0.0
0.000278862921 -0.000513213046 0.0
0.000278986408 -0.000513137784 0.0
0.000279318163 -0.00051455159 0.0
0.000279272994 -0.000518363027 0.0
5.57305721e-05 -0.000509801204 0.0
5.68100404e-05 -0.000508184195 0.0
5.81612985e-05 -0.000507884368 0.0
5.99818486e-05 -0.000510307902 0.0
6.20450664e-05 -0.000515667372 0.0
6.45070977e-05 -0.000520771602 0.0
6.7371715e-05 -0.000525767799 0.0
7.31895489e-05 -0.000531930942 0.0
7.43804776e-05 -0.000533528684 0.0
7.40640171e-05 -0.000535289582 0.0
7.27340594e-05 -0.000536542386 0.0
7.14601993e-05 -0.000537266314 0.0
7.02044781e-05 -0.000537609216 0.0
6.94553892e-05 -0.000538868888 0.0
0.000369932066 -0.000538989785 0.0
0.000369016489 -0.000535089581 0.0
0.000367701898 -0.000528074452 0.0
0.000365960994 -0.000522122602 0.0
0.000363379309 -0.000516329077 0.0
0.000360950769 -0.000512169092 0.0
0.000358757068 -0.000510941609 0.0
0.000357837387 -0.000510343642 0.0
0.000116195384 -0.000782750256 0.0
0.000112751542 -0.000779435795 0.0
0.000110218447 -0.000776955509 0.0
0.00010947937 -0.000774734013 0.0
0.000110513232 -0.000772676081 0.0
0.00011211614 -0.000770835497 0.0
0.000113758251 -0.000769137405 0.0
0.000114522663 -0.000764430908 0.0
0.000115027164 -0.000764588302 0.0
0.000117557473 -0.000768288679 0.0
0.000121189667 -0.00077366078 0.0
0.00012525222 -0.000779922761 0.0
0.000127773936 -0.00078511436 0.0
0.000128291358 -0.000789024518 0.0
8.45029808e-06 -1.09593639e-05 0.0
7.86138116e-06 -1.39528884e-05 0.0
7.75727494e-06 -1.58506591e-05 0.0
8.02315117e-06 -1.72685905e-05 0.0
8.33129889e-06 -2.02913907e-05 0.0
8.50756442e-06 -2.28552799e-05 0.0
7.79133279e-06 -2.01004277e-05 0.0
6.42165696e-06 -1.36578192e-05 0.0
4.20178458e-06 -6.85874647e-06 0.0
0.0002000479 -0.00075197703 0.0
0.000197972884 -0.000747313898 0.0
0.000197024958 -0.000742941978 0.0
0.000197498564 -0.000738056959 0.0
0.000196939989 -0.000734504021 0.0
0.000196773137 -0.000732799352 0.0
0.000196382796 -0.000732771645 0.0
0.000195984147 -0.000735413632 0.0
0.00019880601 -0.000741825555 0.0
0.000201545452 -0.000744041696 0.0
0.000204558295 -0.000746118429 0.0
0.000207523321 -0.000748164195 0.0
0.000209568214 -0.000750168459 0.0
0.000210002792 -0.00075224071 0.0
0.000209113074 -0.000755205983 0.0
0.000208150101 -0.000758041977 0.0
8.92305907e-05 2.24875857e-05 0.0
8.90012379e-05 2.13534786e-05 0.0
8.86826601e-05 2.15122036e-05 0.0
8.8064764e-05 2.26467346e-05 0.0
8.67763956e-05 2.51637157e-05 0.0
0.000282373221 -8.29940254e-05 0.0
0.000280453183 -8.43161906e-05 0.0
0.000276636449 -8.73287136e-05 0.0
0.000272172241 -9.14559569e-05 0.0
0.000268556614 -9.68934473e-05 0.0
0.000266894902 -0.000102878301 0.0
0.00026498735 -0.000110706293 0.0
0.00026552935 -0.000113865026 0.0
0.000266528717 -0.00011346989 0.0
0.000267842319 -0.000109410263 0.0
0.000269549491 -0.000104368853 0.0
0.000272696954 -9.35032658e-05 0.0
0.000273973332 -8.79582512e-05 0.0
0.00027493143 -8.27344411e-05 0.0
0.000275705999 -7.76123052e-05 0.0
0.000276699604 -7.22612822e-05 0.0
0.000277289859 -6.73780814e-05 0.0
0.00027759574 -6.55753247e-05 0.0
0.000278777239 -6.76288983e-05 0.0
0.000279141474 -7.14732523e-05 0.0
0.000279810076 -7.53421482e-05 0.0
0.000280631531 -7.85283701e-05 0.0
0.000345567561 -0.00067710696 0.0
0.000346064742 -0.000679209013 0.0
0.000346514629 -0.000680828758 0.0
0.000345269102 -0.000680179335 0.0
0.000342184125 -0.000676019932 0.0
0.000338817335 -0.000669902191 0.0
0.000334249635 -0.000662487641 0.0
0.000328804046 -0.000656196906 0.0
0.000323781336 -0.000651581504 0.0
0.000321198109 -0.000646197295 0.0
0.000321490603 -0.00064456783 0.0
0.000321202766 -0.000643424399 0.0
0.000320928695 -0.000643383129 0.0
0.000321335538 -0.000643642561 0.0
0.000322488602 -0.000643800304 0.0
0.000323341374 -0.00064354809 0.0
0.000324526802 -0.000641942024 0.0
0.000325428118 -0.000644129759 0.0
2.76451647e-05 -0.000655463664 0.0
3.08421295e-05 -0.000661348226 0.0
3.4548917e-05 -0.000666187552 0.0
3.8395734e-05 -0.000670250913 0.0
4.12839072e-05 -0.000672781258 0.0
0.000144302961 -0.000644062879 0.0
0.000147165629 -0.00064790342 0.0
0.00014908945 -0.000649423862 0.0
0.000150225111 -0.000649419148 0.0
0.000151194356 -0.000647786655 0.0
0.000151398432 -0.000645180931 0.0
0.000150411506 -0.000645305088 0.0
0.000149938074 -0.000645407883 0.0
0.000147987303 -0.000642933184 0.0
0.000144362202 -0.000637847581 0.0
0.000140478078 -0.000631107599 0.0
0.000135642156 -0.00062399247 0.0
0.00012617663 -0.00061559648 0.0
0.000123135818 -0.000613479526 0.0
0.000121958605 -0.000611683587 0.0
0.000121733276 -0.000610056741 0.0
0.000121692166 -0.000608492817 0.0
0.000121699115 -0.000606301473 0.0
0.000122150566 -0.000605965848 0.0
0.00012412561 -0.000608968257 0.0
0.000126823972 -0.000615369878 0.0
0.00012996135 -0.000622779015 0.0
0.000133776251 -0.000629275688 0.0
0.000137487412 -0.000634806114 0.0
0.000277732761 -0.000657815253 0.0
0.000274088234 -0.000661394151 0.0
0.000271546189 -0.000665038358 0.0
0.00027001655 -0.000668076449 0.0
0.00026850705 -0.000670816109 0.0
0.000267243828 -0.000673009257 0.0
0.000265942072 -0.000674371142 0.0
0.000264728791 -0.000674738141 0.0
0.000263780239 -0.000674169627 0.0
0.000263712631 -0.000672652794 0.0
0.000268455973 -0.000667358283 0.0
0.000271764409 -0.000663272222 0.0
0.000274555845 -0.000658181321 0.0
0.000276346924 -0.000652121438 0.0
0.000277699844 -0.00064570934 0.0
0.000277950283 -0.000641060527 0.0
0.000278578664 -0.000640844519 0.0
0.000279877102 -0.000644018641 0.0
0.000281140965 -0.000648208137 0.0
0.000282116001 -0.000651533017 0.0
0.000159688308 -0.000284861773 0.0
0.000162826371 -0.00028644476 0.0
0.000164235753 -0.000287671544 0.0
0.000164924975 -0.000289839256 0.0
0.000165781108 -0.000292761717 0.0
0.000167294682 -0.00029162367 0.0
0.000166913145 -0.000283807371 0.0
0.000164964775 -0.000274422928 0.0
0.000161026663 -0.000266686577 0.0
0.000155363436 -0.000260104251 0.0
0.000147770246 -0.000254632731 0.0
0.000132731875 -0.000250164187 0.0
0.000129106702 -0.00024983412 0.0
0.000127876861 -0.000250203855 0.0
0.000127759675 -0.000251191697 0.0
0.000128262909 -0.000253562874 0.0
0.000129450156 -0.000257284642 0.0
0.000131531924 -0.000261606416 0.0
0.000134408241 -0.000266580901 0.0
0.000138397401 -0.000271875324 0.0
0.000143321391 -0.000276687759 0.0
0.000148873587 -0.000280628155 0.0
-2.91003994e-06 -0.000111826746 0.0
-2.65590302e-06 -0.000111107314 0.0
-2.52876748e-06 -0.000110171961 0.0
-2.46923673e-06 -0.000108857152 0.0
-1.52587916e-06 -0.000109683031 0.0
9.4175499e-07 -0.000115179675 0.0
5.31356636e-06 -0.000123656631 0.0
1.17158606e-05 -0.000132392102 0.0
1.94120312e-05 -0.000138183677 0.0
2.82617057e-05 -0.000143828336 0.0
2.79183532e-05 -0.00014678872 0.0
2.73271944e-05 -0.000150409498 0.0
2.75085349e-05 -0.000153406625 0.0
2.7035625e-05 -0.000154388414 0.0
2.63384645e-05 -0.000151698085 0.0
2.50854064e-05 -0.000146284947 0.0
2.30987971e-05 -0.000139181691 0.0
2.0066931e-05 -0.000132303001 0.0
0.000313232973 -0.000120269891 0.0
0.000307628419 -0.000116223964 0.0
0.000302581553 -0.000113504684 0.0
0.000299739215 -0.000112794776 0.0
8.91395539e-05 -0.000372712151 0.0
9.21719256e-05 -0.000373295799 0.0
9.3078459e-05 -0.000372782524 0.0
9.27090441e-05 -0.000372142327 0.0
9.24674168e-05 -0.000371620758 0.0
9.18159276e-05 -0.000370753754 0.0
9.02464672e-05 -0.000368520006 0.0
8.69568394e-05 -0.000363470812 0.0
8.17927357e-05 -0.000355992641 0.0
7.64736906e-05 -0.000349730166 0.0
7.17059229e-05 -0.000344141416 0.0
6.51204682e-05 -0.000336461148 0.0
6.24863678e-05 -0.000332877826 0.0
6.04972374e-05 -0.000329918228 0.0
5.95318015e-05 -0.000327945774 0.0
5.90734126e-05 -0.00032754548 0.0
5.95477759e-05 -0.000330346636 0.0
6.05477871e-05 -0.000336897385 0.0
6.2057421e-05 -0.000344648113 0.0
6.52445451e-05 -0.00035205594 0.0
6.99309458e-05 -0.000358977297 0.0
7.62962809e-05 -0.00036523983 0.0
8.80687439e-05 -0.000201286413 0.0
9.42192783e-05 -0.000200845097 0.0
9.80401965e-05 -0.000199170056 0.0
0.000100737394 -0.000196202265 0.0
0.000102045073 -0.000191589352 0.0
0.000101573882 -0.000184960503 0.0
9.95038499e-05 -0.000176707981 0.0
9.53321287e-05 -0.000167923732 0.0
8.89385046e-05 -0.000159155708 0.0
7.94345178e-05 -0.000150841894 0.0
6.79398654e-05 -0.000143959274 0.0
5.18110173e-05 -0.000139109252 0.0
4.86269892e-05 -0.000138246847 0.0
4.57387359e-05 -0.000138610718 0.0
4.28313106e-05 -0.00014211917 0.0
4.06157742e-05 -0.000147935149 0.0
3.96705582e-05 -0.000155010479 0.0
4.08020242e-05 -0.000162197626 0.0
4.41698721e-05 -0.000170047439 0.0
4.9857259e-05 -0.000178581235 0.0
5.75513586e-05 -0.000187408368 0.0
6.73655886e-05 -0.000194853812 0.0
0.000171383741 -0.000340558705 0.0
0.000170694737 -0.000343665481 0.0
0.00016989802 -0.000346248678 0.0
0.00016882013 -0.000347746303 0.0
0.000167399601 -0.000348884088 0.0
0.000165775375 -0.000350219867 0.0
0.000163888908 -0.000351454713 0.0
0.000162371463 -0.000352793169 0.0
0.000162130149 -0.0003535125 0.0
0.000162867815 -0.000354008429 0.0
0.000168890198 -0.000349428999 0.0
0.000172648142 -0.000343107415 0.0
0.000174839603 -0.000335926423 0.0
0.000175527646 -0.000327851303 0.0
0.000175272595 -0.000321464526 0.0
0.000173782668 -0.000322529697 0.0
0.000173701963 -0.000327737129 0.0
0.000174251763 -0.000330641255 0.0
0.000173934517 -0.000332027965 0.0
0.000173068547 -0.000333994685 0.0
0.000321698026 -0.000458219234 0.0
0.00032726489 -0.000459003844 0.0
0.000331205345 -0.000457364338 0.0
0.000333451462 -0.000453585293 0.0
0.000334654702 -0.000447495579 0.0
0.000332747557 -0.000442529097 0.0
0.000330125942 -0.00043712926 0.0
0.000327251153 -0.000433139183 0.0
0.000324346387 -0.000428288942 0.0
0.000319646875 -0.000422808196 0.0
0.000314089557 -0.000416364404 0.0
0.000301528984 -0.000403971091 0.0
0.000294634723 -0.000400340214 0.0
0.000290369324 -0.000397987227 0.0
0.000287185947 -0.000399368058 0.0
0.00028432603 -0.000406573352 0.0
0.000284203648 -0.000415558461 0.0
0.000287225121 -0.000424676255 0.0
0.000292392389 -0.000432825735 0.0
0.000298814208 -0.000439852651 0.0
0.000305122521 -0.000445924816 0.0
0.000310761883 -0.000451215397 0.0
0.000139744181 -0.000427479972 0.0
0.00013545969 -0.000433513575 0.0
0.000132175206 -0.000440580712 0.0
0.000130068802 -0.000448975799 0.0
0.000129197841 -0.000457794347 0.0
0.000128785439 -0.000465388672 0.0
0.000128813204 -0.000470040599 0.0
0.000129629436 -0.000468909566 0.0
0.000130290253 -0.000464554119 0.0
0.000130889821 -0.000459646573 0.0
0.000131100489 -0.00045518711 0.0
0.000131103894 -0.000448165258 0.0
0.000133531212 -0.000445249898 0.0
0.00013773558 -0.000441429293 0.0
0.00014153462 -0.000436398637 0.0
0.000144797348 -0.000432306872 0.0
0.000147447165 -0.000428771251 0.0
0.000148844425 -0.000426535349 0.0
0.000149609914 -0.000424870377 0.0
0.000149947198 -0.00042343 0.0
0.000148878651 -0.00042267394 0.0
0.000147228144 -0.000422459474 0.0
0.000196677298 -0.000271098164 0.0
0.000195978093 -0.000277040963 0.0
0.000195137778 -0.000282097346 0.0
0.000194494802 -0.000287888863 0.0
0.000195987683 -0.000288786221 0.0
0.000195996283 -0.00028581603 0.0
0.000194902212 -0.000283391651 0.0
0.00019257862 -0.000281176355 0.0
0.000190186824 -0.000279635191 0.0
0.000188426086 -0.000278571126 0.0
0.000187135782 -0.000277839979 0.0
0.000186284349 -0.00027722519 0.0
0.000184646939 -0.00027537471 0.0
0.000186469086 -0.000273338199 0.0
0.000189490936 -0.000269968004 0.0
0.000193179658 -0.000265727635 0.0
0.000196384484 -0.000260956964 0.0
0.000198186448 -0.000255844177 0.0
0.000199320421 -0.00024997897 0.0
0.000199390997 -0.000244995579 0.0
0.000198618785 -0.000244368857 0.0
0.000198452675 -0.00024736239 0.0
0.000197863992 -0.000253193954 0.0
0.000197560148 -0.000258936867 0.0
0.000106767387 -0.000759039656 0.0
8.17501495e-05 -0.000724981364 0.0
1.64130979e-05 -0.000471538282 0.0
1.49223279e-05 -0.000447760423 0.0
3.76456301e-05 -0.000406447274 0.0
5.54358994e-05 -0.000368555106 0.0
6.01309912e-05 -0.000345357868 0.0
5.28703604e-05 -0.000320164487 0.0
2.38178509e-05 -0.000286363851 0.0
-6.26049587e-06 -0.000247014512 0.0
-1.62162942e-05 -0.000209533566 0.0
-4.71215435e-06 -0.000169984123 0.0
-1.76692756e-05 -8.71558295e-05 0.0
-1.89796556e-05 -6.82202299e-05 0.0
-1.3998726e-05 -4.68227881e-05 0.0
-3.60748595e-06 -2.39187484e-05 0.0
2.03047875e-06 -1.12555654e-05 0.0
2.80213881e-05 -4.09854983e-05 0.0
5.02125768e-05 -2.7119826e-05 0.0
0.000103276827 -6.1278397e-06 0.0
0.000111510111 -2.757228e-06 0.0
0.000124239319 2.82873789e-05 0.0
0.000139267941 6.40950821e-05 0.0
0.000153822199 8.82754393e-05 0.0
0.000164941099 9.30329843e-05 0.0
0.000178239221 8.1566046e-05 0.0
0.000191802435 5.68465621e-05 0.0
0.000201016504 2.73247279e-05 0.0
0.000208235462 2.37526092e-06 0.0
0.000216302607 -1.27763151e-05 0.0
0.000234541425 -2.05879223e-05 0.0
0.000254589162 -9.51848779e-06 0.0
0.000279976375 -1.63634425e-07 0.0
0.000294798869 1.22272377e-05 0.0
0.000299058796 1.25381157e-05 0.0
0.000298182451 -2.39187484e-05 0.0
0.000287791219 -4.68227881e-05 0.0
0.000282810302 -6.82202299e-05 0.0
0.000284120673 -8.71558295e-05 0.0
0.000297077786 -0.000169984123 0.0
0.000285573653 -0.000209533566 0.0
0.000295529462 -0.000247014512 0.0
0.000325607805 -0.000286363851 0.0
0.000354660326 -0.000320164487 0.0
0.000361920946 -0.000345357868 0.0
0.000357225857 -0.000368555106 0.0
0.000339435588 -0.000406447274 0.0
0.000316712278 -0.000447760423 0.0
0.000318203034 -0.000471538282 0.0
0.000383540115 -0.000724981364 0.0
0.000408557331 -0.000759039656 0.0
0.000416956347 -0.000773287727 0.0
0.00041269642 -0.000773598615 0.0
0.000397873926 -0.000785989512 0.0
0.000372486713 -0.000795344356 0.0
0.000352438976 -0.000806413766 0.0
0.000334200158 -0.000798602181 0.0
0.000326133013 -0.00078345061 0.0
0.00031891407 -0.000758501119 0.0
0.000309699972 -0.000728979299 0.0
0.000296136772 -0.000704259786 0.0
0.00028283865 -0.000692792877 0.0
0.000271719764 -0.000697550422 0.0
0.000257165491 -0.000721730758 0.0
0.00024213687 -0.000757538481 0.0
0.000229407655 -0.000788583071 0.0
0.00022117437 -0.000791953702 0.0
0.000168110128 -0.000812945655 0.0
0.000145918937 -0.00082681136 0.0
0.00011992803 -0.000797081389 0.0
0.000211061619 -0.000542709837 0.0
0.000202150506 -0.000101667065 0.0
0.000235036496 -0.000619925326 0.0
0.000155001748 -0.000103915394 0.0
0.000175944966 -0.000505436677 0.0
0.000220873088 -0.000455949834 0.0
0.000191519997 -0.000637144723 0.0
0.000116110481 -0.000117065923 0.0
0.000346402026 -0.000490703678 0.0
0.00018923523 -0.000186090067 0.0
0.000225297365 -0.000394931529 0.0
9.60044854e-05 -0.000491712359 0.0
0.000267748721 -0.000186544858 0.0
0.000163874138 -0.000316097547 0.0
0.000264042843 -0.000291001954 0.0
0.000225811367 -1.4983535e-05 0.0
0.000244279567 -0.000562940957 0.0
8.85003101e-05 -9.03981636e-05 0.0
8.6218417e-05 -0.000294215453 0.0
5.89913252e-05 -0.000635923469 0.0
0.000173132139 -0.000312536664 0.0
0.000176891961 -0.000439715484 0.0
0.000181124662 -0.000566748029 0.0
0.000233521961 -0.000130167231 0.0
0.000307937007 -0.000541221583 0.0
0.000177202819 -0.00016308004 0.0
0.000171425359 -2.08691854e-05 0.0
0.000243852148 -0.000599255203 0.0
0.000102001228 -0.000665111933 0.0
0.000126226863 -6.85064806e-05 0.0
0.000113842543 -0.000292262528 0.0
8.00884227e-05 -0.000250671437 0.0
0.000245254661 -0.000662200793 0.0
0.000139194599 -0.000169341685 0.0
0.000228825185 -0.000431820779 0.0
0.0001719586 -0.000330261246 0.0
7.98683977e-05 -0.000262276211 0.0
0.000218654372 -0.000671877235 0.0
0.00025360359 -0.000514821091 0.0
0.000170777974 -0.000518656801 0.0
0.000215827793 -0.000430267159 0.0
0.000158775234 -0.000461764866 0.0
0.000217257111 -0.000597353326 0.0
4.03166196e-05 -8.5466665e-05 0.0
0.000194348249 -0.000495703775 0.0
0.000213763691 -0.000193378757 0.0
7.44247518e-05 -6.92958711e-05 0.0
0.000313561439 -0.000344146945 0.0
9.96480449e-05 -0.000156292605 0.0
0.000101721234 -0.000444337842 0.0
0.00017228807 -0.000682992279 0.0
7.98693509e-05 -0.000531999336 0.0
0.00019389682 1.54383888e-05 0.0
0.000183438577 -0.000334472483 0.0
0.000169223014 -0.000227871249 0.0
-1.46663479e-05 -5.85526795e-05 0.0
0.000167622697 -0.000300227402 0.0
0.000119553079 -0.000453019136 0.0
0.000233580737 -9.73054921e-06 0.0
0.00026776141 -0.000228796198 0.0
0.000158412004 -0.000178332179 0.0
0.000141997516 -3.17732993e-05 0.0
0.000154343303 -0.000347816385 0.0
0.000151564876 -0.00027402601 0.0
0.00023151061 -0.000242321752 0.0
0.000178966206 -9.59881581e-05 0.0
8.32911392e-05 -0.000170511601 0.0
2.98540945e-05 -9.33747069e-05 0.0
0.00029908857 -0.000727324688 0.0
0.000270426826 -0.000361125043 0.0
5.71099044e-05 -7.92665305e-05 0.0
0.000164684636 -0.000554434198 0.0
0.000293334044 -0.000144191756 0.0
0.000254735118 -7.79897382e-05 0.0
9.74791838e-05 -0.000531553465 0.0
0.000250949728 -0.00016194873 0.0
0.000171722524 -0.000201115297 0.0
0.000249428296 -0.000629835471 0.0
0.00011926498 -0.000621464453 0.0
0.000159954317 -0.000624578039 0.0
0.000275847386 -0.000451689266 0.0
0.00022605632 -0.000508142693 0.0
-2.52485734e-06 -0.000222958886 0.0
0.000247803197 -0.000351395167 0.0
0.000102090526 -5.5061395e-05 0.0
0.000309791038 -0.000587781193 0.0
0.000189480328 -0.000405645726 0.0
5.32028498e-05 -0.000678088865 0.0
0.000343096122 -0.000569717376 0.0
0.000294545025 -0.000582987326 0.0
0.000116343959 -5.63648609e-05 0.0
0.000223380135 -0.000427895575 0.0
2.68052772e-05 -6.42302548e-05 0.0
0.000248391734 -0.00047353332 0.0
8.81144515e-05 -0.000350033108 0.0
0.000210203623 -0.000422462705 0.0
0.000149721294 -0.000402155274 0.0
0.000194372245 -0.000581274566 0.0
0.000196151901 -0.000139702985 0.0
0.000255482038 -0.000569924829 0.0
0.000145235113 -0.0002751867 0.0
0.000124079728 -0.000191369982 0.0
0.000341869338 -0.000474373082 0.0
0.000169421808 -0.000352461997 0.0
5.20103567e-05 -0.000597336213 0.0
0.000344235537 -0.000500833848 0.0
0.000160986208 -0.000295639969 0.0
0.000182436503 -0.000221574242 0.0
0.000246510812 -0.00060158968 0.0
0.000293891004 -0.000101147962 0.0
0.000227305223 -6.95582276e-05 0.0
0.000169470659 -0.000683638442 0.0
0.000110092355 -0.000706183899 0.0
8.73444733e-05 -0.000703330967 0.0
8.44076058e-05 -0.000608979666 0.0
0.000225461772 -0.000754684967 0.0
9.53461058e-05 -0.000250278797 0.0
0.000239741916 -0.000594927173 0.0
0.000339815131 -0.000487876445 0.0
0.000299481268 -0.000497465604 0.0
8.59870561e-05 -0.00048354984 0.0
7.97222092e-05 -0.00026079177 0.0
0.000173005494 -0.000355969882 0.0
0.000194169799 -0.000529556535 0.0
0.000284710433 -0.00017539064 0.0
0.000190804596 -0.00037531936 0.0
0.000183566241 -0.000305605645 0.0
0.000228593199 -0.000692213303 0.0
0.000246326119 -0.000679894874 0.0
0.000343836698 -0.000486686971 0.0
0.000172634231 -0.000308347371 0.0
0.000226615361 -0.000562306377 0.0
0.000159752075 -0.000482297823 0.0
0.000294719182 -0.000275151775 0.0
0.000107645508 -0.00034498662 0.0
0.000196845664 -0.000464225188 0.0
0.000259906665 -0.000546729192 0.0
7.78441899e-05 -0.000304534478 0.0
0.000220551708 -0.00028940622 0.0
0.00020050141 -0.000697160664 0.0
0.000211936742 2.53856779e-05 0.0
0.000244968192 -0.000147060593 0.0
0.000254946994 -0.000476126937 0.0
8.62740344e-05 -0.000229946352 0.0
0.000195699642 -3.67019275e-05 0.0
7.17864095e-05 -0.000122098703 0.0
6.19250713e-05 -0.000204020005 0.0
0.000219767127 -0.000202187264 0.0
0.000256756088 -4.97718465e-05 0.0
0.000139242082 -0.000119649943 0.0
0.000288088835 -9.5422205e-05 0.0
0.000125699022 -2.7443315e-05 0.0
0.000206410856 -0.000154718276 0.0
0.000340343482 -0.000354553718 0.0
9.18644e-05 -3.61707607e-05 0.0
0.000174461806 -0.000317441125 0.0
7.84834046e-05 -0.000288848998 0.0
9.0288413e-05 -0.000548145443 0.0
3.04376863e-05 -9.90318731e-05 0.0
8.01604183e-05 -0.00023051766 0.0
0.000162267781 -0.000798308873 0.0
0.000163602206 -0.000521718408 0.0
0.000110967456 -0.0004910875 0.0
0.000174325294 -0.000472852291 0.0
0.000291072152 -3.8296319e-05 0.0
0.000168788654 -0.000393932714 0.0
0.000307344279 -0.00075215986 0.0
9.81335543e-05 -0.000433587818 0.0
0.00027314949 -0.000684774015 0.0
0.00030604619 -0.000590976095 0.0
0.000122599842 -0.000242998387 0.0
-5.94909943e-06 -0.000182929391 0.0
0.00029508135 -0.000587848423 0.0
5.28986493e-05 -0.000695034221 0.0
0.000152860623 -0.000599107356 0.0
0.000162824435 -0.000213378808 0.0
0.000239451474 -0.000533339684 0.0
0.000279354339 -0.000132762128 0.0
0.000212722996 -0.000633697899 0.0
3.14017125e-05 -7.35010035e-05 0.0
8.49169664e-05 -0.000549728808 0.0
8.43805465e-05 -0.000733198656 0.0
0.000197702975 -0.000392715068 0.0
-5.22690561e-06 -3.26179434e-05 0.0
0.000178029819 -0.000709405227 0.0
2.36506512e-05 -7.32848712e-05 0.0
0.000110603702 -0.000768477563 0.0
0.000312236196 -0.000599385065 0.0
0.000294354628 -0.00071413687 0.0
0.000114692986 -0.000595573627 0.0
0.000168619925 3.25846486e-05 0.0
0.000178790317 -0.000701889745 0.0
0.00022962752 -0.000211628911 0.0
3.60481536e-05 -0.000463104283 0.0
0.000296385202 -0.000384989311 0.0
0.000253426522 -0.000624301902 0.0
0.000282918831 -0.000544039358 0.0
0.000205234639 -0.000328147638 0.0
4.41290867e-05 -0.000637971738 0.0
0.000110813395 -0.000418215961 0.0
0.000176931324 -0.000534874795 0.0
0.000167129358 -0.000135322422 0.0
0.000229289304 -1.38221467e-05 0.0
0.000175114459 -0.000308091723 0.0
0.000163486649 -6.34310709e-05 0.0
0.000234724605 -0.000652756076 0.0
9.80550831e-05 -0.000603930908 0.0
0.000163311954 -0.000308090152 0.0
9.61089172e-05 -0.000546187395 0.0
0.000114254508 -3.60378144e-05 0.0
0.00022919006 -0.000732326182 0.0
0.000150988999 1.65470155e-05 0.0
0.000139747062 -0.00041445563 0.0
0.000165630656 -0.000247583346 0.0
7.44214849e-05 -0.000702665246 0.0
0.000289865915 -0.000399856624 0.0
0.000230774182 -0.000591888558 0.0
0.000124216545 -9.91863271e-05 0.0
0.000140579898 -7.31256077e-05 0.0
0.000188185819 -0.000124759812 0.0
0.000101628502 -0.000108473563 0.0
9.43430859e-06 -0.00023541374 0.0
0.000157802977 -0.000563780253 0.0
7.05054845e-05 -0.000582132256 0.0
0.000303567562 -0.000699611788 0.0
0.000163378267 -0.000228396282 0.0
0.000202436451 -0.000181446856 0.0
-1.75481564e-05 -6.95185299e-05 0.0
6.65705811e-05 -0.000255628198 0.0
0.000388395245 -0.000727346865 0.0
0.000125132283 -0.000661779311 0.0
0.000258000044 -0.000573352154 0.0
0.000254660641 -0.00047917047 0.0
0.000303709036 -0.000127441075 0.0
0.000181881725 -0.000305186957 0.0
0.000150491906 -0.000650618516 0.0
0.000151765576 -0.00014834349 0.0
0.000243704926 -0.000696937845 0.0
0.00013710637 -0.000371053029 0.0
-1.27597859e-05 -6.01139509e-05 0.0
0.000146829087 -0.000437183189 0.0
0.000167774415 -0.000302699831 0.0
0.000261838199 -0.000110592489 0.0
7.15622955e-05 -0.000719267293 0.0
5.87423929e-05 -3.1573014e-05 0.0
0.000164937723 -0.00030445325 0.0
0.000171083986 -0.000724530197 0.0
0.000216867644 -2.86936156e-05 0.0
0.000241916467 -0.000614701537 0.0
2.15299951e-05 -5.47702766e-05 0.0
0.000297005929 -0.000584343856 0.0
0.000137020252 -0.000219577792 0.0
0.000218985806 -0.000106921849 0.0
0.000235381769 -0.000169569539 0.0
0.000174519228 -0.000684894912 0.0
0.000164076948 -0.000385318126 0.0
0.000254488259 -0.000645767897 0.0
0.000245425646 -0.00047799843 0.0
2.22445069e-05 -6.75564224e-05 0.0
0.00012268596 -0.00043423727 0.0
0.000279647764 -0.000684793282 0.0
3.75433665e-05 -0.000137465875 0.0
0.000190441904 5.01505347e-05 0.0
0.000349064416 -0.000587220362 0.0
0.000296190148 -0.000470290484 0.0
0.000249179691 -0.000327084417 0.0
0.000231140351 -0.000699435943 0.0
8.37205516e-05 -0.00013433602 0.0
6.28101916e-05 -0.000213855688 0.0
0.000131082576 -0.000242241586 0.0
9.92954301e-05 -0.00071751338 0.0
0.000236159452 -0.000714667374 0.0
0.000278841617 -0.000201601637 0.0
0.000210177299 -0.000506403972 0.0
8.64147296e-06 -0.000259138324 0.0
0.000266479416 -0.000687932712 0.0
0.000173724402 -0.00075110601 0.0
0.000197018206 -0.000383820705 0.0
0.000179330978 -0.000609253475 0.0
0.000176461006 -0.000313798431 0.0
9.87715393e-05 -0.000195817978 0.0
4.60298215e-05 -0.000143878657 0.0
0.000117031603 -0.000716001028 0.0
0.000302808068 -0.000147006271 0.0
0.000266024668 -0.000510504644 0.0
0.000171080697 -0.000504207215 0.0
4.68927283e-05 -0.000589252741 0.0
0.000142290824 -0.000257715525 0.0
0.000170898609 -0.000309276074 0.0
0.000114602175 -0.000225160635 0.0
0.000352752511 -0.000478113099 0.0
0.00035814583 -0.000498053269 0.0
8.38105698e-05 -0.000187863479 0.0
0.000297343417 -2.1333919e-05 0.0
-1.52686498e-05 -8.58494022e-05 0.0
0.000218374931 -0.000430409855 0.0
1.88047325e-05 -6.14677047e-05 0.0
0.00026427902 -0.000380989979 0.0
0.00023648639 -0.000459683128 0.0
0.000211580758 -0.000709877408 0.0
0.000284495385 -0.000338060636 0.0
0.000296910352 -0.000102388265 0.0
0.00023821478 -0.000733048015 0.0
0.000325642468 -0.000310753414 0.0
0.000170539686 -0.000677781762 0.0
0.000269475218 -0.000391373178 0.0
6.18591148e-05 -0.000100251971 0.0
0.000162366661 -0.000298869418 0.0
0.000126052284 -0.000146252161 0.0
0.000255427556 -0.000599289197 0.0
0.000302723347 -0.000615420227 0.0
0.000325361791 -0.000739276991 0.0
0.000168594968 -0.000321883155 0.0
0.000187144222 -0.000382271886 0.0
0.000104380109 -2.32092407e-05 0.0
3.63812651e-05 -0.000120259276 0.0
0.000177358292 -0.000293490186 0.0
0.000172821121 -0.000651232491 0.0
7.22354671e-05 -4.10343491e-05 0.0
0.000173090477 -0.00032901956 0.0
0.000105781364 -0.000459292496 0.0
0.000251656398 -0.000213494815 0.0
4.41448865e-05 -0.000111266934 0.0
0.000337840669 -0.00038677064 0.0
0.000161450007 -0.000435622787 0.0
8.83168614e-05 -0.000560290413 0.0
0.000236076507 -0.000489893428 0.0
0.00028079495 -0.000240570211 0.0
4.61424206e-05 -0.000237583052 0.0
0.000216934233 -0.000773320731 0.0
0.000148447958 -0.0005282684 0.0
0.000184528501 -0.000505499716 0.0
0.000226414821 -0.000638826925 0.0
0.000273417798 -4.35237125e-05 0.0
8.32516453e-05 -0.000474442815 0.0
8.89753646e-05 -0.000373124814 0.0
3.13456076e-05 -0.000118349919 0.0
9.84018407e-05 -0.000573421421 0.0
7.53061322e-05 -0.000303498673 0.0
0.000243773015 -0.000635834935 0.0
7.83979704e-05 -0.000293059973 0.0
0.000190060367 -0.000714434485 0.0
0.000257604377 -4.67236132e-05 0.0
0.00015784541 -0.000490449776 0.0
0.000251739664 -0.000709203188 0.0
0.000292291283 -0.000486333651 0.0
2.98657942e-05 -0.00043267032 0.0
0.000202799798 -0.000662440783 0.0
0.00010841155 -0.000228550402 0.0
0.000202055759 -0.000608840957 0.0
8.08541736e-05 -0.000272330508 0.0
0.000113408059 -0.000204184078 0.0
0.000192278065 -7.64539291e-05 0.0
0.0002748142 -3.38945538e-05 0.0
0.000199110524 -0.000232176812 0.0
0.000176132235 -0.000707639032 0.0
3.92037982e-05 -0.000143430632 0.0
0.000272526406 -0.000680060417 0.0
0.000210437924 -0.000572338875 0.0
0.000224000323 -0.000424103695 0.0
8.39717177e-05 -2.35659863e-05 0.0
0.000325254514 -0.000477678142 0.0
0.000278608524 -0.0006820095 0.0
0.000353186479 -0.000530440244 0.0
0.000102074388 -0.000369343383 0.0
0.000186010118 -0.000305991969 0.0
2.85010028e-05 -9.64545616e-05 0.0
0.000209116144 1.1099005e-05 0.0
0.000104664068 -1.30026137e-05 0.0
0.000207675854 -0.000251524325 0.0
0.000224715113 -0.00053339696 0.0
7.13237387e-05 -0.000155772359 0.0
8.80749722e-05 -0.000206184908 0.0
0.000250069425 -0.000252735888 0.0
0.000144925143 -0.000624310283 0.0
0.000110901565 -0.000149136511 0.0
0.000177275273 -0.000247768417 0.0
0.000128336251 -0.000463810109 0.0
0.000175702211 -0.000345434091 0.0
0.000139693628 -0.000308981456 0.0
0.000116424169 -2.90547177e-05 0.0
7.12821857e-05 -0.000510539219 0.0
0.000225272292 -0.000615699973 0.0
7.65762452e-05 -0.000204519863 0.0
8.17447217e-05 -7.09284359e-05 0.0
7.55936198e-05 -0.000337690755 0.0
0.000307332346 -0.000749780738 0.0
0.000299873675 -0.000670913665 0.0
3.56412011e-06 -0.000183975062 0.0
0.000241182643 -9.37206787e-05 0.0
6.72903989e-05 -0.00011766253 0.0
0.000339878316 -0.000491216371 0.0
0.000304445392 -0.000633974734 0.0
5.79022635e-05 -0.000168462881 0.0
0.000171491585 -0.000527922646 0.0
9.82142301e-05 -0.00057094387 0.0
0.000312752876 -0.000393304421 0.0
-7.68631799e-06 -3.74153315e-05 0.0
0.000271601777 -0.000257298758 0.0
0.000112381458 -7.1351089e-05 0.0
0.000185644865 -0.000472821994 0.0
0.000329545583 -0.00061171141 0.0
0.00015025289 -0.000222986186 0.0
0.000219297057 -0.000163435805 0.0
0.000270081364 -0.000200716619 0.0
0.000145976388 -0.000457219896 0.0
-1.25734587e-05 -8.28310367e-05 0.0
0.00021438954 1.88676877e-05 0.0
0.000266186747 -0.000550790515 0.0
0.000169533101 -0.000485499681 0.0
0.000240508831 -3.6741214e-05 0.0
0.000170237254 -0.000366668974 0.0
0.000175009802 -0.000205394186 0.0
0.000158416588 -0.000317669736 0.0
0.000255055755 -3.65170963e-05 0.0
0.000181722717 -0.00016923857 0.0
0.000162184908 -0.00068232778 0.0
0.000266450981 -0.000596132246 0.0
0.000269129843 -0.000528786331 0.0
0.000202545052 -0.000397847383 0.0
0.000152169436 -0.000395738141 0.0
-1.24473918e-05 -4.88103724e-05 0.0
0.000155823538 -0.000281039567 0.0
0.000156277893 -0.000236852953 0.0
4.38308161e-05 -5.55396437e-05 0.0
8.89345174e-05 -0.000420995784 0.0
0.000100587051 -0.0002954191 0.0
0.00024696585 -0.000578741601 0.0
0.000259411725 -0.000659861369 0.0
3.76360222e-05 -0.000661691069 0.0
8.51469595e-05 -0.000212126732 0.0
0.00015973991 -0.000295315578 0.0
0.000135522758 9.01323983e-06 0.0
0.000158904222 -0.000247207005 0.0
9.96255258e-05 -0.000581289351 0.0
0.000322303822 -0.0004351401 0.0
0.000203424584 -0.00035769699 0.0
0.000147180224 -0.000390448346 0.0
0.000268693781 -8.87828646e-05 0.0
8.5051528e-05 -0.000510873797 0.0
0.000111321846 -0.000548845157 0.0
2.2366472e-05 -6.29126516e-05 0.0
0.000176423142 5.505234e-05 0.0
0.000252249563 -4.29318097e-05 0.0
0.000243379865 -0.000386718864 0.0
6.38749407e-05 -0.000338259328 0.0
0.000295438454 -0.000561169931 0.0
8.23300725e-05 -0.000569573662 0.0
0.000148237887 -0.000267176831 0.0
0.000215972585 -0.000475601642 0.0
0.00026290919 -0.000356500415 0.0
0.000104522325 -0.000225513344 0.0
0.000221195922 -0.000205415738 0.0
0.00024918135 -0.000471723353 0.0
0.000111839043 -0.000502793177 0.0
0.000185508645 -0.000176409725 0.0
0.000148558174 -0.000188431499 0.0
0.00010314164 -0.000405707222 0.0
0.000299886742 -1.22655865e-05 0.0
6.50487127e-05 -0.000350882328 0.0
0.000311027194 -0.000461679185 0.0
0.000134719274 -0.00069710036 0.0
0.000114819719 -0.000780245871 0.0
0.000230115198 -0.000191333689 0.0
0.000213117295 -0.000307512266 0.0
0.00018357503 -2.55602617e-06 0.0
7.68823229e-05 -0.000648853893 0.0
0.00013207848 -0.000243230315 0.0
0.000106484746 -0.000479821116 0.0
3.74895244e-05 -0.000627481844 0.0
5.99504419e-05 -0.00045173234 0.0
0.000282998517 -5.80128835e-05 0.0
0.000297035527 -0.000567652169 0.0
2.40719764e-05 -0.00020561296 0.0
0.000167348378 -0.000177902315 0.0
3.54047297e-05 -0.000126903687 0.0
0.000396531774 -0.000738347822 0.0
0.000204761192 -0.00043931391 0.0
0.00017915327 -0.000308983523 0.0
0.000236509921 -1.87399182e-05 0.0
0.000290271651 -9.58833043e-05 0.0
6.11590949e-05 -0.000334160519 0.0
0.000249728269 -0.000152688212 0.0
0.000258906774 -0.000639266626 0.0
0.000239938861 -4.78259135e-05 0.0
0.000244878203 -0.000429627777 0.0
0.00016838657 -0.00026484672 0.0
2.11236893e-05 -0.000270299497 0.0
0.000286982075 -0.000484941178 0.0
0.000278313266 -0.000160984549 0.0
9.73269198e-05 -0.000562834146 0.0
0.000282036286 -0.000592263474 0.0
0.000166959726 -0.000382471626 0.0
9.08795046e-05 -0.000742494885 0.0
0.000179469949 -0.000375724718 0.0
4.87470788e-05 -0.000127418054 0.0
0.000187480444 -0.000673259608 0.0
0.000150457141 -0.000585992704 0.0
0.000210823593 -6.71853268e-05 0.0
0.000113217648 -0.000415852614 0.0
9.94608927e-05 -0.00020774029 0.0
0.000264041126 -0.000127946187 0.0
0.000288026844 -0.000692849164 0.0
0.000331873976 -0.000537892687 0.0
0.000294442201 -0.000576801307 0.0
0.000251018006 -0.000322988111 0.0
7.48283928e-05 -0.00072027737 0.0
7.17052098e-05 -0.000526275777 0.0
0.000289332267 -0.000698830874 0.0
0.000360399281 -0.000550309778 0.0
0.000230811987 -0.000327583577 0.0
9.40171522e-05 -0.000516110507 0.0
0.000310653792 -0.000711991976 0.0
0.000411941699 -0.000763783406 0.0
0.000164639438 -0.000371638744 0.0
0.000142492296 -0.000782893389 0.0
0.00017742379 -0.000133223948 0.0
0.000281797256 -0.000553182501 0.0
-8.18982426e-06 -6.90366724e-05 0.0
8.06132884e-05 -0.000313446944 0.0
0.000308212213 -0.000618538994 0.0
0.000163269215 -0.000596217462 0.0
0.000258081942 -0.000178140981 0.0
6.83695398e-05 -2.41936887e-05 0.0
0.000149076848 -0.000687369204 0.0
0.00029823964 -0.000311350013 0.0
-8.96234269e-06 -0.000227543045 0.0
0.000156114183 -0.00056094554 0.0
0.000242670867 -3.81219106e-05 0.0
0.000131536581 -0.000627189933 0.0
0.000125231527 -0.00072494481 0.0
0.000198795853 -0.000555644801 0.0
0.000181193158 -0.000302291417 0.0
0.000278325257 -0.000489690574 0.0
0.000156838942 -2.56617459e-05 0.0
-1.14313605e-06 -1.73148856e-05 0.0
0.000249228498 -0.00053948391 0.0
0.000315668731 -0.000614370103 0.0
0.000288398354 -0.000119367593 0.0
0.000155692658 -0.000671170128 0.0
3.12002303e-05 -0.000286381575 0.0
0.000180865565 -5.78441868e-05 0.0
0.000124881684 -0.000229651647 0.0
0.000223257215 -0.000333703298 0.0
0.000151259504 -6.79485238e-05 0.0
0.00024814051 -0.000620861945 0.0
0.000155593749 -0.00029122975 0.0
0.000130707369 -0.000714290945 0.0
0.000187486527 -0.00042734461 0.0
0.000169623891 -0.000686107494 0.0
0.000145475467 -0.000403055485 0.0
9.6819771e-05 -1.83683769e-05 0.0
0.000163987599 -0.000384247047 0.0
0.000108640292 -0.000742841978 0.0
0.000166406957 -9.94200382e-05 0.0
0.00012075065 -0.000420013908 0.0
0.000165373422 -0.000568684307 0.0
0.000165891935 -0.000344238128 0.0
-4.31204263e-08 -2.04678199e-05 0.0
5.26364674e-05 -6.72729802e-05 0.0
