0.00208911742 -0.000274740712 0.0
0.00206622784 -0.000254936109 0.0
0.00207861559 -0.000263268244 0.0
0.00207715854 -0.000269203476 0.0
0.00078685279 -0.000297781546 0.0
0.000781959563 -0.000290874712 0.0
0.000774365151 -0.000287565228 0.0
0.000800422858 -0.000290576223 0.0
0.00248233508 -0.000287565228 0.0
0.00248992955 -0.000290874712 0.0
0.00249482272 -0.000297781546 0.0
0.00129069691 -0.000523146766 0.0
0.00127782335 -0.000480910792 0.0
0.00126372708 -0.00043598286 0.0
0.00120619684 -0.000473168882 0.0
0.000126822837 1.15481453e-05 0.0
0.000140919059 -3.33797761e-05 0.0
0.000153792658 -7.56157533e-05 0.0
0.00171875546 -0.000586723036 0.0
0.00171062932 -0.000544650655 0.0
0.00170137384 -0.000504311407 0.0
0.00160228705 -0.000546285009 0.0
0.00056446949 -5.67804236e-05 0.0
0.000573724974 -9.71196787e-05 0.0
0.000581851171 -0.000139192038 0.0
0.00164693582 8.69232554e-06 0.0
0.0016218723 5.02476214e-05 0.0
0.0016370021 3.64298212e-05 0.0
0.00163237459 2.24287978e-05 0.0
0.00245623384 -0.000359060563 0.0
0.00249036099 -0.000366265507 0.0
0.00252561877 -0.000369956455 0.0
0.00246515567 -0.000281747751 0.0
0.00081764895 -0.000369956455 0.0
0.000782391115 -0.000366265507 0.0
0.000748263847 -0.000359060563 0.0
0.00125650153 -0.00045392121 0.0
0.00123041216 -0.000366750348 0.0
0.00125101116 -0.000393149123 0.0
0.00123782828 -0.000426744547 0.0
0.00220025424 -0.000346662477 0.0
0.00217622635 -0.000238512657 0.0
0.00221671886 -0.000288392213 0.0
0.0021586346 -0.000291161297 0.0
0.00122017774 -0.000242583468 0.0
0.00119873078 -0.000102930455 0.0
0.00124541984 -0.000192204083 0.0
0.0011735009 -0.00015436871 0.0
0.000311548589 2.79119122e-05 0.0
0.000244172988 2.81758366e-05 0.0
0.000180029179 2.7570979e-05 0.0
0.000270954013 -0.000160053547 0.0
0.000295129401 -4.01794932e-05 0.0
0.000215056003 -6.69420115e-05 0.0
0.00188799913 2.7570979e-05 0.0
0.00195214292 2.81758366e-05 0.0
0.00201951852 2.79119122e-05 0.0
0.000711567816 -0.000299810607 0.0
0.000685386593 -8.76948689e-05 0.0
0.000749979808 -0.000179946917 0.0
0.0006483951 -0.000210763319 0.0
0.000614774995 -0.00029251838 0.0
0.000588819501 -8.50203796e-05 0.0
0.000657620607 -0.00020354244 0.0
0.000546235708 -0.00017854324 0.0
0.00138533721 -0.000214502274 0.0
0.0013663664 -0.000142596735 0.0
0.00139369396 -0.000169993888 0.0
0.00135935843 -0.000187773578 0.0
0.00217167474 -0.000251402496 0.0
0.00214950577 -0.00015866122 0.0
0.00216884864 -0.000226710938 0.0
0.00215229741 -0.000180538991 0.0
0.00111560058 -0.000416624505 0.0
0.00108948583 -0.000330543873 0.0
0.00112301507 -0.000369793124 0.0
0.00108447205 -0.000384095241 0.0
0.0016141613 -8.88382601e-06 0.0
0.00158817333 -1.94099466e-05 0.0
0.00159757235 -1.34573293e-05 0.0
0.0016035717 -7.45693251e-06 0.0
0.00113690435 -0.000447530998 0.0
0.0 0.0 0.0
0.00170796993 0.0 0.0
0.00284487428 -0.000447530998 0.0
0.00209344528 -0.000274899678 0.0
0.00209668279 -0.000273916346 0.0
0.00209896173 -0.000272702717 0.0
0.00209988747 -0.00027146886 0.0
0.00209966092 -0.000271098514 0.0
0.00209791167 -0.000270794233 0.0
0.00209497218 -0.000268289266 0.0
0.00209007179 -0.000263332884 0.0
0.00208346359 -0.000258722604 0.0
0.0020771618 -0.000255942083 0.0
0.00207129517 -0.000254841958 0.0
0.00206226367 -0.000256044004 0.0
0.00205930765 -0.000257680804 0.0
0.0020576783 -0.000259629451 0.0
0.00205719587 -0.000261609734 0.0
0.00205830624 -0.000263589754 0.0
0.00206187111 -0.000266183488 0.0
0.00206634356 -0.000267409487 0.0
0.00207073474 -0.000267684605 0.0
0.00207491172 -0.000269655546 0.0
0.0020794482 -0.000271744997 0.0
0.00208440167 -0.000273924175 0.0
0.00207788451 -0.000266901334 0.0
0.000787243538 -0.000295363017 0.0
0.000785575365 -0.000293180841 0.0
0.000778287242 -0.000289026357 0.0
0.000775967783 -0.000288012932 0.0
0.000776650617 -0.000285240734 0.0
0.000779506576 -0.000281465385 0.0
0.00078257639 -0.000279096683 0.0
0.000786387594 -0.000280516164 0.0
0.000790648046 -0.000284777809 0.0
0.000794637483 -0.000287927192 0.0
0.000798108696 -0.000289944932 0.0
0.000801618444 -0.000290614407 0.0
0.000801583461 -0.000290685508 0.0
0.000800624141 -0.000291306351 0.0
0.000799180125 -0.000291903387 0.0
0.000797411893 -0.000291845296 0.0
0.000794393942 -0.000291466742 0.0
0.000790512539 -0.000293767371 0.0
0.00248393766 -0.000288012932 0.0
0.00248625712 -0.000289026357 0.0
0.00249354518 -0.000293180841 0.0
0.00249521341 -0.000295363017 0.0
0.002492534 -0.000297835533 0.0
0.00249014306 -0.000295993523 0.0
0.00248724758 -0.00029279798 0.0
0.00248427456 -0.000291016273 0.0
0.00248160725 -0.000289832271 0.0
0.00248029362 -0.000289664778 0.0
0.00248028571 -0.000290002499 0.0
0.00248124939 -0.000289447606 0.0
0.00128757092 -0.00051130529 0.0
0.00128348148 -0.000497217698 0.0
0.00127150328 -0.000464211393 0.0
0.00126676715 -0.000448856765 0.0
0.00124977541 -0.000432891888 0.0
0.00123706262 -0.000433003181 0.0
0.00122562866 -0.000435426162 0.0
0.00121621497 -0.000439957192 0.0
0.00120928767 -0.000446458725 0.0
0.0012051831 -0.000455086614 0.0
0.00120439974 -0.000464902725 0.0
0.00121059478 -0.000479633251 0.0
0.00121645036 -0.000487336802 0.0
0.00122570118 -0.000498254376 0.0
0.0012375206 -0.000509502657 0.0
0.00125153584 -0.000518910587 0.0
0.001265503 -0.000524477335 0.0
0.00127888785 -0.000525453943 0.0
0.000129862878 -1.32576724e-06 0.0
0.000134599002 -1.66803929e-05 0.0
0.000146577135 -4.9686696e-05 0.0
0.000150666645 -6.37742705e-05 0.0
0.000163581688 -7.03303449e-05 0.0
0.000171084248 -6.27278496e-05 0.0
0.000175654175 -5.39810426e-05 0.0
0.000176849542 -4.47369493e-05 0.0
0.000174877991 -3.79418307e-05 0.0
0.000170032537 -3.21424486e-05 0.0
0.000163039425 -2.01043022e-05 0.0
0.000153280707 -6.66213691e-06 0.0
0.000140495365 4.53123948e-06 0.0
0.00171537371 -0.000568820222 0.0
0.00170557911 -0.000521418988 0.0
0.00168650551 -0.00049385702 0.0
0.00167000212 -0.00048723098 0.0
0.00165304309 -0.000485157187 0.0
0.00163704832 -0.000487625512 0.0
0.00162309315 -0.000494454289 0.0
0.00161225116 -0.000504355063 0.0
0.0016046504 -0.000516535481 0.0
0.00160079577 -0.000530717371 0.0
0.00160879176 -0.000561368768 0.0
0.00161856192 -0.000573737372 0.0
0.00163077353 -0.000584413414 0.0
0.00164480775 -0.000593659759 0.0
0.00166040484 -0.000600000611 0.0
0.00167669996 -0.000602401386 0.0
0.0016923704 -0.000601117848 0.0
0.0017069187 -0.000595647667 0.0
0.000568674819 -7.38880117e-05 0.0
0.000578469422 -0.000121289246 0.0
0.000590736978 -0.000126612373 0.0
0.00059500034 -0.000111985915 0.0
0.000594205165 -9.67326996e-05 0.0
0.000588077004 -8.24370072e-05 0.0
0.000577891187 -6.94600458e-05 0.0
0.00165347965 1.02948925e-05 0.0
0.00165826385 1.31861898e-05 0.0
0.00166133698 1.59334068e-05 0.0
0.00166237738 2.03952859e-05 0.0
0.00166086538 2.51583297e-05 0.0
0.00165777793 2.90811167e-05 0.0
0.00165275531 2.96091475e-05 0.0
0.00164875505 3.25903129e-05 0.0
0.00164431205 3.69948975e-05 0.0
0.00163785438 4.28127751e-05 0.0
0.00163006282 4.75957968e-05 0.0
0.00161462324 5.0594168e-05 0.0
0.00160837756 4.91905521e-05 0.0
0.00160392828 4.6873567e-05 0.0
0.00160105526 4.40442564e-05 0.0
0.00160017214 4.12883928e-05 0.0
0.00160069717 3.75503078e-05 0.0
0.00160386646 3.0760646e-05 0.0
0.00161199656 2.1401569e-05 0.0
0.00162079057 1.45911372e-05 0.0
0.00163006398 1.0316252e-05 0.0
0.00163898687 8.5268648e-06 0.0
0.00163472781 3.07156406e-05 0.0
0.00246992311 -0.000362739898 0.0
0.00251094135 -0.000368762965 0.0
0.00253351522 -0.000363198284 0.0
0.00253894273 -0.000355293276 0.0
0.00254189014 -0.000346284214 0.0
0.00253965659 -0.00033492595 0.0
0.00253169099 -0.000320851803 0.0
0.0025213284 -0.000308184361 0.0
0.00250869826 -0.000297271268 0.0
0.00249442691 -0.000288570969 0.0
0.00247952389 -0.000283079396 0.0
0.0024520827 -0.000284132664 0.0
0.00244107656 -0.000289747171 0.0
0.00243274891 -0.000297322113 0.0
0.00242734444 -0.000306145288 0.0
0.0024249577 -0.000315901678 0.0
0.00242731278 -0.000326655252 0.0
0.00243194192 -0.000335957011 0.0
0.00243873848 -0.000342176791 0.0
0.00244616368 -0.000350203976 0.0
0.000802971481 -0.000368762965 0.0
0.000761953183 -0.000362739898 0.0
0.000759485527 -0.000367529778 0.0
0.000772365078 -0.000373763847 0.0
0.00078545115 -0.000376724784 0.0
0.000797782035 -0.000376901036 0.0
0.000808617042 -0.000374255469 0.0
0.00126899069 -0.000452576234 0.0
0.00127987249 -0.000448273524 0.0
0.00128818012 -0.000441626791 0.0
0.00129391451 -0.000433474837 0.0
0.00129689917 -0.000424607046 0.0
0.00129634619 -0.00041521783 0.0
0.00129252044 -0.00040841609 0.0
0.00128730072 -0.00040311311 0.0
0.00127980066 -0.000395559764 0.0
0.00126956124 -0.000385921623 0.0
0.00125746289 -0.000376933458 0.0
0.00124386896 -0.00036979228 0.0
0.00121811288 -0.00036672884 0.0
0.00120733457 -0.000369724818 0.0
0.00119884999 -0.000374528638 0.0
0.00119257625 -0.00038129944 0.0
0.00118891429 -0.000389583904 0.0
0.00118839089 -0.000397671363 0.0
0.00119038182 -0.000406612729 0.0
0.00119646569 -0.00041775516 0.0
0.00120566448 -0.000429752778 0.0
0.00121703662 -0.000440348784 0.0
0.00122989865 -0.000447817234 0.0
0.00124319631 -0.000452361186 0.0
0.00124456268 -0.000408804714 0.0
0.00221642642 -0.000344234257 0.0
0.0022301448 -0.000337426143 0.0
0.00224062777 -0.000327265181 0.0
0.00224720687 -0.000314319797 0.0
0.00224865833 -0.000299642736 0.0
0.00224466389 -0.000284195936 0.0
0.00223605568 -0.000270138407 0.0
0.00222440623 -0.000257594482 0.0
0.00220948108 -0.00024738707 0.0
0.00219311495 -0.000240647962 0.0
0.00216025067 -0.000240772497 0.0
0.00214638398 -0.000247122225 0.0
0.00213577901 -0.000256417901 0.0
0.00212921249 -0.000267591851 0.0
0.00212747836 -0.000279666012 0.0
0.00212966604 -0.000293079298 0.0
0.00213768706 -0.000308772258 0.0
0.00215075747 -0.000323945889 0.0
0.00216609333 -0.000336205674 0.0
0.00218310952 -0.0003441023 0.0
0.00218782271 -0.000290200434 0.0
0.0012400432 -0.000239754241 0.0
0.00125778269 -0.000232856401 0.0
0.0012724218 -0.000221817143 0.0
0.0012824228 -0.000207503748 0.0
0.001288236 -0.000190880834 0.0
0.00128918991 -0.000173577529 0.0
0.00128382165 -0.000155354894 0.0
0.00127232843 -0.000137304902 0.0
0.0012572353 -0.000124151338 0.0
0.0012398205 -0.000113684153 0.0
0.00121974852 -0.000105804924 0.0
0.00117841992 -0.000105262458 0.0
0.00116045121 -0.000112273461 0.0
0.00114566088 -0.000123253296 0.0
0.00113479979 -0.000137849842 0.0
0.00112905691 -0.000155103466 0.0
0.00112945179 -0.000174292829 0.0
0.00113565091 -0.000192815307 0.0
0.00114707497 -0.000209114136 0.0
0.00116217497 -0.000222010363 0.0
0.001179563 -0.000233010418 0.0
0.00119935756 -0.000239956193 0.0
0.00120954274 -0.0001734861 0.0
0.000282173394 2.81437042e-05 0.0
0.000207175559 2.79447559e-05 0.0
0.000163380624 1.05585068e-05 0.0
0.000152715278 -9.75037892e-06 0.0
0.000148188657 -3.15020698e-05 0.0
0.000149737651 -5.28161327e-05 0.0
0.000156729511 -7.44661156e-05 0.0
0.000170153988 -9.86792147e-05 0.0
0.000190189545 -0.000122744299 0.0
0.000215107881 -0.000143195401 0.0
0.000242777664 -0.000155601738 0.0
0.000297849328 -0.000157716131 0.0
0.000321830041 -0.00014939229 0.0
0.000342045154 -0.000136120841 0.0
0.000357943994 -0.00011862089 0.0
0.000367545435 -9.6308082e-05 0.0
0.000370282505 -6.98673102e-05 0.0
0.000365290412 -4.17736373e-05 0.0
0.000353121839 -1.46958128e-05 0.0
0.000334574725 8.88154318e-06 0.0
0.00191514543 2.79447559e-05 0.0
0.00199014321 2.81437042e-05 0.0
0.00199257815 4.1653966e-05 0.0
0.00196407572 4.81865354e-05 0.0
0.0019358868 4.78626644e-05 0.0
0.00191000348 4.0402243e-05 0.0
0.00074097293 -0.000296671584 0.0
0.000766783953 -0.000286320545 0.0
0.000787655707 -0.000270092249 0.0
0.000802293536 -0.000249066448 0.0
0.000809993944 -0.000225563475 0.0
0.000810870202 -0.000201817005 0.0
0.000804597919 -0.000178100556 0.0
0.000790596649 -0.000151937202 0.0
0.000769090489 -0.000125422885 0.0
0.000743223703 -0.000105156141 0.0
0.000714760565 -9.23118569e-05 0.0
0.000657239638 -9.06246642e-05 0.0
0.000631540606 -9.97454117e-05 0.0
0.000610037474 -0.000114634749 0.0
0.000594092242 -0.000134507965 0.0
0.000584528025 -0.000158819181 0.0
0.000583282206 -0.000187334503 0.0
0.000591054501 -0.000217967681 0.0
0.000605560897 -0.000244816707 0.0
0.000626320485 -0.00026690861 0.0
0.000652092625 -0.000283971516 0.0
0.000681138597 -0.000295358099 0.0
0.00069944805 -0.000194527121 0.0
0.000643009029 -0.000289033516 0.0
0.000668157241 -0.00027884508 0.0
0.000688919215 -0.000263370282 0.0
0.000704145117 -0.00024358285 0.0
0.000713086629 -0.000220263581 0.0
0.000713550253 -0.000193507978 0.0
0.000706288673 -0.000166204292 0.0
0.000692238158 -0.000141569239 0.0
0.00067223754 -0.00011997173 0.0
0.000647066743 -0.000102195801 0.0
0.000618413265 -8.9421861e-05 0.0
0.000560430868 -8.86940907e-05 0.0
0.000535047671 -9.91698616e-05 0.0
0.000514030631 -0.00011572065 0.0
0.000499095011 -0.000137852287 0.0
0.000491213461 -0.000163266624 0.0
0.000490873936 -0.000189929138 0.0
0.000498634239 -0.00021554179 0.0
0.000512729457 -0.000238862296 0.0
0.000532809121 -0.000259633205 0.0
0.000557688123 -0.000277009531 0.0
0.000585606904 -0.000288434152 0.0
0.00060191704 -0.000190849649 0.0
0.00139661506 -0.00021267726 0.0
0.0014068617 -0.000208114987 0.0
0.00141533616 -0.000201398609 0.0
0.00142031745 -0.000192516934 0.0
0.00142158265 -0.000182283518 0.0
0.00141846773 -0.000171498687 0.0
0.00141049747 -0.000162142387 0.0
0.00140089716 -0.000155574075 0.0
0.00139030954 -0.000148627092 0.0
0.0013785956 -0.000144037054 0.0
0.00135485118 -0.000144154881 0.0
0.00134480093 -0.000147684201 0.0
0.00133693404 -0.000153047615 0.0
0.00133167231 -0.000161445016 0.0
0.00132964063 -0.000172926812 0.0
0.00133187184 -0.000185906392 0.0
0.00133961148 -0.000197834292 0.0
0.00135086768 -0.000206539407 0.0
0.00136189198 -0.000210935541 0.0
0.00137368962 -0.000213957159 0.0
0.00137662049 -0.000178468821 0.0
0.00218506809 -0.000248962315 0.0
0.00219649239 -0.000243661299 0.0
0.00220521609 -0.000235962754 0.0
0.00221068854 -0.000226614909 0.0
0.00221278076 -0.000215684558 0.0
0.00220988877 -0.000204386539 0.0
0.00220352714 -0.000192813197 0.0
0.0021958563 -0.000184149612 0.0
0.00218694308 -0.000175142923 0.0
0.00217594602 -0.000167803926 0.0
0.00216315803 -0.000162048149 0.0
0.0021357988 -0.00015834246 0.0
0.00212276122 -0.000161613469 0.0
0.00211292016 -0.000167343969 0.0
0.00210602279 -0.000176857779 0.0
0.00210207212 -0.000188662176 0.0
0.00210183649 -0.000201438903 0.0
0.00210777321 -0.000215185166 0.0
0.00211799704 -0.000226813587 0.0
0.00212992891 -0.000236716805 0.0
0.00214324566 -0.000244984723 0.0
0.00215742458 -0.000250191806 0.0
0.00216055382 -0.00020327988 0.0
0.00112757389 -0.000415111164 0.0
0.00113803847 -0.000411600398 0.0
0.00114625506 -0.000405883795 0.0
0.00115183776 -0.00039925857 0.0
0.00115490891 -0.000391790149 0.0
0.00115443848 -0.000382977101 0.0
0.00115048198 -0.00037238709 0.0
0.00114224304 -0.000358993479 0.0
0.00113034958 -0.000346747023 0.0
0.00111676415 -0.000337578269 0.0
0.00110301701 -0.000332157157 0.0
0.00107731053 -0.000332500204 0.0
0.00106708799 -0.000336852943 0.0
0.00105960493 -0.000342388434 0.0
0.00105406262 -0.000349689624 0.0
0.00105268171 -0.000360947131 0.0
0.00105480093 -0.000372766779 0.0
0.00106017664 -0.000384760904 0.0
0.00106830965 -0.00039468368 0.0
0.00107849285 -0.000403414684 0.0
0.00109014369 -0.000410766428 0.0
0.00110281305 -0.000415384304 0.0
0.00110341015 -0.000376593031 0.0
0.00161432754 -1.00002017e-05 0.0
0.00161378481 -1.04056189e-05 0.0
0.00161256839 -1.11975532e-05 0.0
0.00161087792 -1.28488473e-05 0.0
0.00160960457 -1.3851215e-05 0.0
0.00160761247 -1.33457552e-05 0.0
0.00160386413 -1.32196164e-05 0.0
0.00159898913 -1.36961016e-05 0.0
0.00159500539 -1.54963582e-05 0.0
0.00159180351 -1.74741799e-05 0.0
0.00158998987 -1.83791435e-05 0.0
0.00158874027 -1.91629988e-05 0.0
0.00158847845 -1.9557936e-05 0.0
0.00158985739 -1.85844219e-05 0.0
0.00159167859 -1.70993753e-05 0.0
0.00159388583 -1.52992252e-05 0.0
0.00159723358 -1.34270158e-05 0.0
0.00160058227 -1.07855949e-05 0.0
0.0016041887 -6.60511387e-06 0.0
0.00160704146 -2.51469214e-06 0.0
0.00160846917 -1.81516475e-06 0.0
0.00161009654 -3.20429763e-06 0.0
0.00161167595 -5.62711102e-06 0.0
0.00161324581 -7.60974081e-06 0.0
0.00160038203 -1.12689986e-05 0.0
0.00110716885 -0.000448710227 0.0
0.0010411907 -0.000435284281 0.0
0.000518231129 -0.000254074839 0.0
0.000497768866 -0.000240420617 0.0
0.000569281226 -0.000181160402 0.0
0.000629011134 -0.000125842067 0.0
0.000631423958 -9.89180917e-05 0.0
0.000594766811 -8.05756063e-05 0.0
0.000507057994 -6.48864079e-05 0.0
0.000386641041 -4.75244524e-05 0.0
0.000308885676 -3.54806798e-05 0.0
0.000277920917 -2.14014126e-05 0.0
4.04602579e-05 4.55160043e-05 0.0
1.48272284e-05 4.14429887e-05 0.0
8.24286963e-06 2.67128034e-05 0.0
9.40502196e-06 1.26582108e-05 0.0
5.42947018e-05 -8.4457397e-06 0.0
0.000292599289 -0.000157692397 0.0
0.000397948286 -0.000154168709 0.0
0.000674850075 -0.000162796248 0.0
0.000765670906 -0.000135802969 0.0
0.000933695177 3.07455703e-05 0.0
0.00105926231 0.000146864579 0.0
0.00111840409 0.000166221624 0.0
0.00115566596 0.000147854167 0.0
0.00120898476 0.00012128424 0.0
0.00126443629 9.49985479e-05 0.0
0.00131381501 7.76599773e-05 0.0
0.00135749672 7.49308456e-05 0.0
0.00140143849 8.38223641e-05 0.0
0.00146759243 7.51673942e-05 0.0
0.00151231291 7.15574643e-05 0.0
0.001573683 4.62471107e-05 0.0
0.00161900383 3.5298639e-05 0.0
0.00165854534 2.14744996e-05 0.0
0.00171737489 1.26582108e-05 0.0
0.00171621272 2.67128034e-05 0.0
0.00172279717 4.14429887e-05 0.0
0.00174843019 4.55160043e-05 0.0
0.00198589079 -2.14014126e-05 0.0
0.00201685564 -3.54806798e-05 0.0
0.00209461083 -4.75244524e-05 0.0
0.00221502781 -6.48864079e-05 0.0
0.00230273674 -8.05756063e-05 0.0
0.00233939383 -9.89180917e-05 0.0
0.00233698101 -0.000125842067 0.0
0.0022772511 -0.000181160402 0.0
0.0022057388 -0.000240420617 0.0
0.00222620112 -0.000254074839 0.0
0.00274916063 -0.000435284281 0.0
0.00281513878 -0.000448710227 0.0
0.00279544969 -0.000426056504 0.0
0.00275590806 -0.000412232359 0.0
0.00271058735 -0.000401283876 0.0
0.00264921715 -0.000375973526 0.0
0.00260449667 -0.000372363604 0.0
0.00253834273 -0.000363708619 0.0
0.00249440107 -0.00037260016 0.0
0.00245071924 -0.000369871035 0.0
0.00240134052 -0.000352532457 0.0
0.00234588911 -0.000326246751 0.0
0.00229257019 -0.000299676816 0.0
0.00225530844 -0.000281309389 0.0
0.00219616666 -0.000300666405 0.0
0.00207059947 -0.00041678542 0.0
0.00190257514 -0.000583333953 0.0
0.00181175442 -0.000610327232 0.0
0.00153485255 -0.000601699692 0.0
0.00142950355 -0.000605223409 0.0
0.00119119906 -0.000455976726 0.0
0.00208918587 -0.000270145509 0.0
0.00206731679 -0.000263504335 0.0
0.00206862902 -0.000266565476 0.0
0.00208880776 -0.000268328818 0.0
0.00208652439 -0.000271351833 0.0
0.00206911308 -0.000260636618 0.0
0.00209308183 -0.000271932629 0.0
0.00206324877 -0.000260584813 0.0
0.00206304737 -0.000263633381 0.0
0.00209454331 -0.000270705117 0.0
0.00208855141 -0.000266166637 0.0
0.00206964649 -0.000267860829 0.0
0.00207060389 -0.000257994572 0.0
0.002084899 -0.000272387784 0.0
0.00209496054 -0.000270094228 0.0
0.00206102314 -0.000261571317 0.0
0.00209524971 -0.000271409022 0.0
0.00206401502 -0.000258504209 0.0
0.0020636064 -0.000265538605 0.0
0.00209182804 -0.000273042358 0.0
0.00207703211 -0.000270198652 0.0
0.00207957695 -0.000259800407 0.0
0.002083831 -0.000262372778 0.0
0.00207364722 -0.000268932403 0.0
0.00206596358 -0.000266885181 0.0
0.00209308555 -0.000268917793 0.0
0.00208052504 -0.000271357887 0.0
0.00207535783 -0.000258451386 0.0
0.00206641387 -0.000257599604 0.0
0.0020891123 -0.00027323392 0.0
0.00208391692 -0.000267905882 0.0
0.00207236502 -0.000266241346 0.0
0.00208310923 -0.000269290467 0.0
0.0020727443 -0.000263928232 0.0
0.000787930039 -0.000287070405 0.0
0.000792047416 -0.000290331023 0.0
0.000795491156 -0.000289147574 0.0
0.000780615548 -0.000285300979 0.0
0.000791167957 -0.000292012002 0.0
0.0007851767 -0.000283241912 0.0
0.000790555845 -0.000285474729 0.0
0.000797349378 -0.00029039837 0.0
0.000787303783 -0.000289663643 0.0
0.00079546019 -0.000291030097 0.0
0.00078283943 -0.000287654606 0.0
0.000789030746 -0.000291430013 0.0
0.000795781903 -0.000288368727 0.0
0.000791470113 -0.000288809533 0.0
0.000798413879 -0.000289628631 0.0
0.000777469599 -0.000286254013 0.0
0.000778921414 -0.000287269533 0.0
0.000793872285 -0.0002913668 0.0
0.000792266685 -0.000287638977 0.0
0.000788225268 -0.000283329515 0.0
0.000781588722 -0.000282560301 0.0
0.000789835933 -0.000293736142 0.0
0.000797998277 -0.000291155244 0.0
0.000788607053 -0.000293008401 0.0
0.000799054105 -0.000290113676 0.0
0.00078415015 -0.000285332353 0.0
0.000794383697 -0.000289906224 0.0
0.000778950809 -0.00028414515 0.0
0.000792064588 -0.000292262557 0.0
0.000792835606 -0.000291061937 0.0
0.0007939926 -0.000287302362 0.0
0.000786033634 -0.000291321194 0.0
0.00248437072 -0.000290537544 0.0
0.00248833699 -0.000292621698 0.0
0.00249249465 -0.00029540548 0.0
0.00248270971 -0.000289317861 0.0
0.00248261099 -0.000289939024 0.0
0.00249031535 -0.000294284255 0.0
0.00248568831 -0.000291380769 0.0
0.00124032353 -0.000464752957 0.0
0.00124983152 -0.000487777055 0.0
0.00122474937 -0.000476713729 0.0
0.00126609812 -0.000504985335 0.0
0.00124782289 -0.000449374027 0.0
0.00123070052 -0.000450544816 0.0
0.00121897575 -0.000465177262 0.0
0.00124678039 -0.000504602911 0.0
0.00122937397 -0.000488121848 0.0
0.00126505189 -0.000490457402 0.0
0.00124865584 -0.000477943395 0.0
0.00125460408 -0.000462463126 0.0
0.00121964247 -0.000454048364 0.0
0.00127832231 -0.00051409594 0.0
0.00123288936 -0.000471114443 0.0
0.0012195583 -0.000481872499 0.0
0.0012592969 -0.00051132153 0.0
0.00121450634 -0.000471395761 0.0
0.00123656134 -0.000443086959 0.0
0.00123610103 -0.000498475856 0.0
0.00127647258 -0.000503291551 0.0
0.00125489221 -0.000443670549 0.0
0.00126004068 -0.000455441914 0.0
0.00123766647 -0.000482495001 0.0
0.00124249607 -0.000456025678 0.0
0.00126042019 -0.000473865715 0.0
0.00125421234 -0.000497393892 0.0
0.0012451011 -0.000440424716 0.0
0.00121479144 -0.000476677436 0.0
0.00122845825 -0.000461243937 0.0
0.0012696794 -0.000516556727 0.0
0.00124204368 -0.000493160624 0.0
0.00015372601 -2.74230479e-05 0.0
0.000161194403 -3.86387437e-05 0.0
0.000161290285 -5.20054055e-05 0.0
0.000142017525 -8.13015868e-06 0.0
0.000164529469 -3.37833808e-05 0.0
0.000158687035 -5.96258542e-05 0.0
0.000166571524 -4.65666126e-05 0.0
0.000154708614 -4.39635769e-05 0.0
0.000152985216 -1.90236024e-05 0.0
0.00166738115 -0.000555479259 0.0
0.00167020736 -0.000528187607 0.0
0.00163441 -0.000535982312 0.0
0.00163543446 -0.000559114094 0.0
0.00168750086 -0.000578365696 0.0
0.00164298841 -0.0005106022 0.0
0.00165829016 -0.000577330764 0.0
0.00167920883 -0.000514954212 0.0
0.00166359614 -0.000502038922 0.0
0.001682551 -0.000543634116 0.0
0.00165789668 -0.000540802663 0.0
0.00162647723 -0.000518424262 0.0
0.00161920511 -0.000540443871 0.0
0.00169118377 -0.00056361116 0.0
0.00163964904 -0.000575897982 0.0
0.00167439808 -0.000588852447 0.0
0.00169170392 -0.000530047051 0.0
0.00164833199 -0.000525769312 0.0
0.00170299131 -0.000581281201 0.0
0.00164534023 -0.000549371296 0.0
0.00165186427 -0.000564317394 0.0
0.00161976274 -0.000554190192 0.0
0.00164809613 -0.00049981277 0.0
0.00162808504 -0.000506178127 0.0
0.00161638984 -0.000528111355 0.0
0.00167746749 -0.000500931288 0.0
0.00169407378 -0.000589263218 0.0
0.00162443251 -0.000564994873 0.0
0.00167182158 -0.000571899756 0.0
0.00163582503 -0.000499794143 0.0
0.00165501889 -0.000587955292 0.0
0.0016901606 -0.000506703218 0.0
0.00163147273 -0.000547210569 0.0
0.00165876001 -0.000513645879 0.0
0.00058069767 -8.55143444e-05 0.0
0.00058577751 -0.00010887532 0.0
0.000578630716 -7.75411754e-05 0.0
0.000587359187 -0.000117439413 0.0
0.00164890406 2.81417924e-05 0.0
0.00162038591 3.95516581e-05 0.0
0.00161417399 3.62675928e-05 0.0
0.00165070931 2.08915844e-05 0.0
0.00164478447 1.61795306e-05 0.0
0.00161815633 2.8170236e-05 0.0
0.00164784736 3.20742365e-05 0.0
0.0016236715 4.34990361e-05 0.0
0.00165538245 2.44994098e-05 0.0
0.00161029492 4.22224912e-05 0.0
0.00164124405 2.36293472e-05 0.0
0.00163413479 4.10623688e-05 0.0
0.0016348908 1.54658483e-05 0.0
0.00161571673 4.59222028e-05 0.0
0.00164526305 3.45572807e-05 0.0
0.00165281678 2.99552521e-05 0.0
0.00165251293 1.54231093e-05 0.0
0.00160906499 3.39609396e-05 0.0
0.00162061839 2.13498224e-05 0.0
0.00165709527 1.98248108e-05 0.0
0.00160624553 4.05380633e-05 0.0
0.00162518618 3.03315464e-05 0.0
0.00165589119 1.70176754e-05 0.0
0.00161070109 4.5263645e-05 0.0
0.00165586779 2.74102476e-05 0.0
0.00160617521 3.80703968e-05 0.0
0.00163987256 3.82144935e-05 0.0
0.00162793265 1.69149098e-05 0.0
0.0016274238 4.55951485e-05 0.0
0.00164149399 1.22034162e-05 0.0
0.00247643655 -0.000325014786 0.0
0.00250593037 -0.000344948756 0.0
0.00245944876 -0.00034007983 0.0
0.00250351056 -0.00032305182 0.0
0.00244865357 -0.00032015788 0.0
0.00247484469 -0.000304052752 0.0
0.00248316117 -0.000345457258 0.0
0.00245647365 -0.000306579808 0.0
0.00252046739 -0.000336944737 0.0
0.00244213874 -0.000329908653 0.0
0.00249371747 -0.000305369525 0.0
0.0025164336 -0.000358767196 0.0
0.00245798123 -0.00035037176 0.0
0.0024986132 -0.000355853495 0.0
0.00247405237 -0.000352427916 0.0
0.00244094688 -0.0003079116 0.0
0.00249328557 -0.000332214957 0.0
0.00252270419 -0.00034938418 0.0
0.00248576747 -0.000317672413 0.0
0.0024628127 -0.000294773345 0.0
0.00244760141 -0.000340586994 0.0
0.00246426789 -0.000330147421 0.0
0.00246375101 -0.000319557381 0.0
0.0025176194 -0.000317840342 0.0
0.00243547047 -0.000321305386 0.0
0.002482387 -0.000295463047 0.0
0.00252376474 -0.000328206021 0.0
0.00250781048 -0.000308612565 0.0
0.0024444703 -0.000299254025 0.0
0.00245167245 -0.000294582453 0.0
0.00249217008 -0.000341984094 0.0
0.00247136154 -0.000339925668 0.0
0.00250724843 -0.000336369092 0.0
0.00248653465 -0.000354907534 0.0
0.00247304793 -0.000315173966 0.0
0.00245341961 -0.000332337571 0.0
0.00247167586 -0.000290954515 0.0
0.00252969633 -0.000344966655 0.0
0.00243975152 -0.000336263678 0.0
0.00247995695 -0.000335838791 0.0
0.00243490445 -0.000313126162 0.0
0.000794122927 -0.000372425391 0.0
0.000773674285 -0.000369639514 0.0
0.000800910522 -0.000373068644 0.0
0.000766832498 -0.000368402398 0.0
0.00121462741 -0.000406357372 0.0
0.00122164178 -0.000387966807 0.0
0.00126575795 -0.000428808824 0.0
0.00127398537 -0.000410481443 0.0
0.00128068205 -0.000423197867 0.0
0.00127284206 -0.000399952405 0.0
0.00123048201 -0.000379337172 0.0
0.00120654795 -0.000391984358 0.0
0.00121505267 -0.000419973803 0.0
0.00125719397 -0.000439530326 0.0
0.00119848526 -0.00040349178 0.0
0.00127748994 -0.000438884599 0.0
0.00128733937 -0.000411462592 0.0
0.00120970747 -0.000378023513 0.0
0.00122881227 -0.000434424757 0.0
0.00124291133 -0.000441019452 0.0
0.00125931145 -0.000388283312 0.0
0.00124514219 -0.000379982725 0.0
0.00128865265 -0.000418534299 0.0
0.00128389092 -0.000405834813 0.0
0.00120210333 -0.000411802466 0.0
0.00119740481 -0.000395856972 0.0
0.00126961467 -0.000443084777 0.0
0.00128373899 -0.000432896835 0.0
0.00121769228 -0.000375223695 0.0
0.00120325095 -0.000382869155 0.0
0.00121668843 -0.0004310043 0.0
0.00127039384 -0.000392638234 0.0
0.00126033323 -0.000414906797 0.0
0.0012286331 -0.000401249155 0.0
0.00219846773 -0.000317744998 0.0
0.00217748969 -0.000264201168 0.0
0.00217176974 -0.000316632213 0.0
0.00220399792 -0.000264553266 0.0
0.00222099177 -0.000318678445 0.0
0.00215486647 -0.000263605179 0.0
0.00218531559 -0.000252588099 0.0
0.00219086185 -0.000330572162 0.0
0.00223081768 -0.000302312634 0.0
0.00214455416 -0.000277897896 0.0
0.00222119549 -0.000269554381 0.0
0.00215414097 -0.000310462143 0.0
0.00216928404 -0.000277141196 0.0
0.00220631086 -0.000303652283 0.0
0.00221581105 -0.000330579001 0.0
0.0021604395 -0.000252938888 0.0
0.00220476487 -0.000335087796 0.0
0.00217159116 -0.000248752971 0.0
0.00217793859 -0.000331841584 0.0
0.00219802978 -0.000251314283 0.0
0.00214394182 -0.000297939609 0.0
0.00213929918 -0.000287081581 0.0
0.0022309171 -0.000280671986 0.0
0.0022357998 -0.000291621836 0.0
0.0022348552 -0.000315660058 0.0
0.00214110082 -0.000266365911 0.0
0.00218293699 -0.000304673769 0.0
0.00219280366 -0.00027609145 0.0
0.00123653118 -0.000151792017 0.0
0.00120961445 -0.000208158512 0.0
0.00117695972 -0.000200742797 0.0
0.00121181237 -0.000130969493 0.0
0.00115652534 -0.000177959519 0.0
0.0011822196 -0.000129293243 0.0
0.00126175268 -0.000169384584 0.0
0.00123630208 -0.000216277316 0.0
0.00119443354 -0.000220713584 0.0
0.00123889442 -0.000132177316 0.0
0.00118414545 -0.000180207862 0.0
0.00126712176 -0.000193186555 0.0
0.00115134986 -0.000153262241 0.0
0.00126452022 -0.000151613276 0.0
0.00122618082 -0.000228174031 0.0
0.00125449686 -0.000217096531 0.0
0.00115555443 -0.00019738423 0.0
0.00119512377 -0.000117117626 0.0
0.00116387988 -0.000128408559 0.0
0.00122405821 -0.000119835269 0.0
0.00117522036 -0.000217099165 0.0
0.00116344204 -0.000209260164 0.0
0.00125547976 -0.00013779891 0.0
0.00120991049 -0.00011537414 0.0
0.00120966451 -0.000229751153 0.0
0.00119845988 -0.000148459134 0.0
0.00126446795 -0.000206367215 0.0
0.00115390972 -0.000139410025 0.0
0.00127664639 -0.000181879179 0.0
0.00114165863 -0.000165189878 0.0
0.00123928778 -0.000172075932 0.0
0.00027528996 -9.88897664e-05 0.0
0.000197167741 -3.23187123e-06 0.0
0.000319938292 -8.61597364e-05 0.0
0.000239482644 -0.000109809698 0.0
0.000181073803 -3.09941388e-05 0.0
0.000333903561 -5.61682245e-05 0.0
0.000243932198 -2.63104594e-05 0.0
0.000312997377 -0.000119098288 0.0
0.000275411381 -0.000130046203 0.0
0.000302369415 2.41365854e-07 0.0
0.000201435338 -9.77178643e-05 0.0
0.000177583337 -6.00302046e-05 0.0
0.000265762763 4.51739112e-07 0.0
0.000212927902 -2.43595405e-05 0.0
0.000228256264 3.86929855e-07 0.0
0.000334812212 -0.000112694383 0.0
0.000296875223 -0.000131174922 0.0
0.000253804581 -0.000137746727 0.0
0.000175301233 -9.07576305e-06 0.0
0.000327035057 -2.55168015e-05 0.0
0.000345892884 -9.85038932e-05 0.0
0.000348890317 -7.90395716e-05 0.0
0.000232702296 -0.000132850459 0.0
0.000214586311 -0.000120357239 0.0
0.000276370673 -7.30563261e-05 0.0
0.000164699799 -4.38691168e-05 0.0
0.00018263112 -7.99361806e-05 0.0
0.00197176286 3.55364537e-05 0.0
0.00193131319 3.52136922e-05 0.0
0.00198074407 3.75659656e-05 0.0
0.00192216597 3.69747322e-05 0.0
0.00200074678 3.25695655e-05 0.0
0.00190438249 3.19726569e-05 0.0
0.000699559809 -0.000142139688 0.0
0.000713750895 -0.000248779193 0.0
0.000648810645 -0.000157973074 0.0
0.000755996676 -0.000238749708 0.0
0.000675449905 -0.00026033647 0.0
0.000737903465 -0.000141970493 0.0
0.000660422374 -0.000124723345 0.0
0.000621261715 -0.00018014916 0.0
0.000776871166 -0.000208328027 0.0
0.000740223913 -0.000266804214 0.0
0.00069974357 -0.000109106346 0.0
0.000643547159 -0.000242208655 0.0
0.000618998369 -0.000136582457 0.0
0.000697071082 -0.000277537038 0.0
0.00076427334 -0.00014966329 0.0
0.000766018871 -0.00026209178 0.0
0.000780203904 -0.000250026351 0.0
0.000786856457 -0.000232427192 0.0
0.000721767952 -0.000280417386 0.0
0.00067572674 -0.000107136082 0.0
0.000723774603 -0.000115881696 0.0
0.000684385188 -0.000229211568 0.0
0.000608387869 -0.000154790716 0.0
0.000633934862 -0.000121644756 0.0
0.000609237875 -0.000200942624 0.0
0.00078794983 -0.000190582723 0.0
0.000779636903 -0.000170251646 0.0
0.000619691506 -0.000223383628 0.0
0.000730358413 -0.00021636665 0.0
0.000649588881 -0.000262705493 0.0
0.000585862086 -0.000238982379 0.0
0.000588372641 -0.000140406613 0.0
0.000635103264 -0.000140688484 0.0
0.000633942487 -0.000246325595 0.0
0.000668678549 -0.000165528079 0.0
0.000546055788 -0.000231141981 0.0
0.000546314113 -0.000134878777 0.0
0.000600617786 -0.000264772127 0.0
0.000603266817 -0.000114558337 0.0
0.000669018482 -0.000235441461 0.0
0.000524114352 -0.000199380549 0.0
0.000555867038 -0.000253592501 0.0
0.000569240307 -0.000210004102 0.0
0.000520875212 -0.000160176118 0.0
0.000558131258 -0.000112849666 0.0
0.000689290871 -0.00018189878 0.0
0.000665352156 -0.000140208271 0.0
0.000627869449 -0.000272086909 0.0
0.000647805224 -0.000268791337 0.0
0.000664218853 -0.000258015993 0.0
0.000630847469 -0.000114493283 0.0
0.000635519507 -0.000173569366 0.0
0.000576688792 -0.000266928051 0.0
0.000579243235 -0.000105076113 0.0
0.000650044531 -0.000124061684 0.0
0.000692652422 -0.000204831842 0.0
0.000690243207 -0.000224953939 0.0
0.000520973466 -0.000221177688 0.0
0.000611738127 -0.000220942107 0.0
0.000520086149 -0.000137223586 0.0
0.000510214013 -0.000178921036 0.0
0.00135861326 -0.000164083205 0.0
0.00138410844 -0.00019726959 0.0
0.00139959052 -0.00018905873 0.0
0.00137436739 -0.000157789793 0.0
0.0013705563 -0.000202089228 0.0
0.00134713214 -0.000171361346 0.0
0.00140637928 -0.000177307316 0.0
0.00135664456 -0.00015359516 0.0
0.00139540259 -0.000202723546 0.0
0.00139067636 -0.000158841402 0.0
0.00134165364 -0.000179828086 0.0
0.0013431597 -0.000161677191 0.0
0.00135992537 -0.000202648065 0.0
0.0013788417 -0.000207744175 0.0
0.00138843735 -0.000207750141 0.0
0.00134739513 -0.000155207599 0.0
0.00136503682 -0.000149473941 0.0
0.00137352536 -0.000149139101 0.0
0.0013820699 -0.000151734595 0.0
0.00140536134 -0.000199054266 0.0
0.00141052541 -0.000193544402 0.0
0.00141176896 -0.000186644422 0.0
0.00134515169 -0.000189845698 0.0
0.0013512217 -0.00019706889 0.0
0.0014069865 -0.000168839601 0.0
0.00140078506 -0.000161799573 0.0
0.00136103434 -0.000175862602 0.0
0.0013723626 -0.000190964201 0.0
0.00213284418 -0.000193302825 0.0
0.0021876269 -0.000206674027 0.0
0.0021417886 -0.000217997585 0.0
0.00218255934 -0.000189382292 0.0
0.00213207491 -0.000177391252 0.0
0.00219345093 -0.000223415991 0.0
0.00212328974 -0.000206875076 0.0
0.00215339102 -0.000233164945 0.0
0.00216703885 -0.000176148038 0.0
0.0021958712 -0.00019953672 0.0
0.00211453042 -0.000186570018 0.0
0.00218437752 -0.00023333088 0.0
0.00213030796 -0.000226894757 0.0
0.00220176973 -0.000217717155 0.0
0.00213550404 -0.000168498751 0.0
0.00219322089 -0.000189613274 0.0
0.00218758942 -0.000182918957 0.0
0.00217922404 -0.000177280002 0.0
0.00220282609 -0.000208696089 0.0
0.00211290643 -0.000196430759 0.0
0.00211846596 -0.000177794849 0.0
0.00217809365 -0.000215045467 0.0
0.00214052317 -0.000234366133 0.0
0.00212155003 -0.000218082758 0.0
0.00215723226 -0.00016819383 0.0
0.00216379017 -0.000241446076 0.0
0.00217482168 -0.000240325549 0.0
0.00214617047 -0.000166859754 0.0
0.0021715716 -0.000195028304 0.0
0.00219454966 -0.000233894694 0.0
0.00112840475 -0.000390554895 0.0
0.0010927954 -0.000354589516 0.0
0.00110548676 -0.000397441065 0.0
0.001074965 -0.000356662233 0.0
0.00106960663 -0.00036986958 0.0
0.00113832974 -0.000384031213 0.0
0.00110817014 -0.000348834641 0.0
0.00112403324 -0.000402442674 0.0
0.00109005976 -0.000397791271 0.0
0.00107978669 -0.000344838598 0.0
0.0011416903 -0.000398585398 0.0
0.00110814942 -0.000409126544 0.0
0.00112374395 -0.000357845682 0.0
0.00109733117 -0.000340618571 0.0
0.00114275527 -0.000377274642 0.0
0.00106627122 -0.000378143246 0.0
0.00106331636 -0.000358252844 0.0
0.00106918486 -0.000346195302 0.0
0.00108653179 -0.000339200837 0.0
0.00106431742 -0.000350463553 0.0
0.0011451731 -0.000392796443 0.0
0.00113595405 -0.000403881655 0.0
0.00111885136 -0.000409507076 0.0
0.00109776715 -0.000406761945 0.0
0.00113632041 -0.000367514265 0.0
0.00107130117 -0.000387458276 0.0
0.00107840309 -0.000395239884 0.0
0.00108452421 -0.000370510708 0.0
0.00110750541 -0.000362634659 0.0
0.00111967209 -0.000348115136 0.0
0.00111541862 -0.00039196643 0.0
0.00160795334 -8.98748931e-06 0.0
0.00160501909 -1.19019014e-05 0.0
0.00159745722 -1.23152513e-05 0.0
0.0015935289 -1.5461208e-05 0.0
0.0016024299 -1.28670436e-05 0.0
0.0016093161 -1.07514597e-05 0.0
0.00159341516 -1.55223006e-05 0.0
0.00159256347 -1.64271842e-05 0.0
0.00160893321 -6.79246477e-06 0.0
0.00160081848 -9.20796356e-06 0.0
0.00161196059 -9.08084985e-06 0.0
0.0015962146 -1.37075303e-05 0.0
0.00160822563 -1.2830018e-05 0.0
0.00159022876 -1.79526887e-05 0.0
0.00160494901 -5.14663634e-06 0.0
0.00160745066 -4.89929289e-06 0.0
0.00159773719 -1.38185187e-05 0.0
0.00159422669 -1.56110073e-05 0.0
0.00160634215 -1.3107574e-05 0.0
0.00160987256 -1.18926491e-05 0.0
0.00159090862 -1.74942525e-05 0.0
0.00159042026 -1.78693663e-05 0.0
0.00161192217 -9.95717801e-06 0.0
0.00161161483 -8.02717386e-06 0.0
0.00159866386 -1.17812961e-05 0.0
0.0015939913 -1.52773537e-05 0.0
0.00160067261 -1.32510895e-05 0.0
0.00160407915 -5.95447136e-06 0.0
0.00160390814 -1.07309806e-05 0.0
0.00159715 -1.2884776e-05 0.0
0.00166791724 -0.000318629231 0.0
0.00134244387 3.75453019e-05 0.0
0.00188385788 -0.000330222363 0.0
0.00102042209 -0.00014248451 0.0
0.0013472524 -0.000366383581 0.0
0.00169051462 -0.000221410679 0.0
0.00158684747 -0.000485433615 0.0
0.000842144189 -0.000140736505 0.0
0.00230856077 -0.000261084526 0.0
0.0014194668 1.01026217e-05 0.0
0.00166605413 -0.000125505729 0.0
0.000980734476 -0.000294467958 0.0
0.00183398684 -2.78659991e-05 0.0
0.0010786379 -0.000342417537 0.0
0.0019518066 -0.000115034862 0.0
0.00138036127 8.64595859e-05 0.0
0.00191704347 -0.000301972992 0.0
0.000746580714 -8.11881546e-05 0.0
0.000760892988 -0.000195192057 0.0
0.000925795292 -0.000318830367 0.0
0.00131746021 -0.000181385505 0.0
0.00144358969 -0.000219688125 0.0
0.00143056421 -0.000383267441 0.0
0.00148676394 2.63910497e-05 0.0
0.00226076297 -0.000244990166 0.0
0.001247301 -8.26251489e-05 0.0
0.00117692887 8.59454231e-05 0.0
0.00198424235 -0.000274468679 0.0
0.00106037443 -0.00043435421 0.0
0.000820506422 -0.000167321938 0.0
0.000846256735 -0.000242445996 0.0
0.000586502312 -0.000238842971 0.0
0.00191193901 -0.000338193204 0.0
0.000991530018 -0.00018520598 0.0
0.00173831964 -0.000216259839 0.0
0.00120023731 -0.000214152009 0.0
0.000671968039 -0.000193188622 0.0
0.00170748285 -0.00050378358 0.0
0.00192326796 -0.000286427327 0.0
0.00127284392 -0.000406956096 0.0
0.0016187079 -0.000188317805 0.0
0.00129243988 -0.000363286177 0.0
0.00177656661 -0.000378178869 0.0
0.000433596724 -0.000198756024 0.0
0.00150032958 -0.000276636885 0.0
0.00152868859 -3.61634449e-07 0.0
0.000635751989 -0.000108113323 0.0
0.00215343433 -0.000158629904 0.0
0.000869441486 -0.00010846911 0.0
0.000903642271 -0.000241038069 0.0
0.0014815731 -0.000527335505 0.0
0.000972863345 -0.00028056826 0.0
0.00126338226 0.000113756709 0.0
0.0015156297 -8.1591199e-05 0.0
0.00142183492 9.8051737e-07 0.0
7.04888298e-05 -5.02780676e-06 0.0
0.00130302354 -0.000163438439 0.0
0.000974120747 -0.00032464278 0.0
0.00141289423 8.3134837e-05 0.0
0.00192485261 -5.50031764e-05 0.0
0.0011102159 -0.000184280318 0.0
0.000972701528 -3.77386168e-05 0.0
0.00102713087 -0.000365789921 0.0
0.00103999139 -0.000324266468 0.0
0.00177967758 -3.92141192e-05 0.0
0.00121343008 -7.08344487e-06 0.0
0.000847693824 -7.40180622e-05 0.0
0.000357916753 -0.000170087354 0.0
0.00239404081 -0.000377646735 0.0
0.00201539835 -0.000189290382 0.0
0.000542586145 -0.000150122069 0.0
0.00131663505 -0.000398359174 0.0
0.00182774768 -2.74096055e-05 0.0
0.00151358882 4.95353888e-05 0.0
0.0010629039 -0.000361895247 0.0
0.00170772499 2.34326108e-05 0.0
0.00131261884 -5.63736903e-05 0.0
0.00199190085 -0.000267320342 0.0
0.00108750153 -0.000419951743 0.0
0.00136881275 -0.000440148666 0.0
0.00200210442 -0.000251079298 0.0
0.00175672688 -0.000270517252 0.0
0.000400987774 -3.87093642e-05 0.0
0.00179350108 -6.50400616e-05 0.0
0.00072887697 -0.000106308042 0.0
0.00226622634 -0.000264073402 0.0
0.0015231194 -0.000175395326 0.0
0.000950123416 -0.000334400655 0.0
0.00240625301 -0.000318863371 0.0
0.00223760656 -0.000272511999 0.0
0.000756531081 -0.000153501722 0.0
0.00170714559 -0.0002180343 0.0
0.000316979276 -3.17043996e-05 0.0
0.00188108941 -0.000255969178 0.0
0.000795489294 -0.000223299765 0.0
0.00158610498 -0.000215143082 0.0
0.00134544284 -0.000217560199 0.0
0.00155956193 -0.000395320851 0.0
0.00135890965 1.57496997e-05 0.0
0.00199308596 -0.000282196241 0.0
0.000967447704 -0.000328869064 0.0
0.000977347139 -0.000160889031 0.0
0.00229873392 -0.000250747602 0.0
0.00112355174 -0.000339981518 0.0
0.00084526249 -0.000297346152 0.0
0.00234162249 -0.000261718436 0.0
0.00117452221 -0.000227270022 0.0
0.00148443005 4.65763014e-06 0.0
0.00203728396 -0.000266748044 0.0
0.00182770484 2.89552918e-05 0.0
0.00141210342 6.10266652e-05 0.0
0.00141698972 -0.000398707227 0.0
0.00114708801 -0.000469397346 0.0
0.00107952266 -0.000425138627 0.0
0.000943668245 -0.000350342802 0.0
0.00187140063 -0.000547512085 0.0
0.000759906135 -0.000187993544 0.0
0.00192419824 -0.000300926564 0.0
0.00232690526 -0.000269919343 0.0
0.00218495494 -0.000209952574 0.0
0.000920391351 -0.000248557684 0.0
0.000555323029 -0.000222608534 0.0
0.00122226565 -0.000229113735 0.0
0.00149421615 -0.000324886234 0.0
0.00188396452 -3.94694071e-05 0.0
0.00149227038 -0.00014213656 0.0
0.00139977317 -0.00021229485 0.0
0.00174081011 -0.000498722249 0.0
0.00193397596 -0.00034926011 0.0
0.0023287856 -0.000264734059 0.0
0.00131226901 -0.000177888622 0.0
0.00182392041 -0.000326091918 0.0
0.00125244225 -0.000406743435 0.0
0.00208704197 -8.21584326e-05 0.0
0.000876990554 -0.000256451633 0.0
0.00153861067 -0.000220982387 0.0
0.00197856966 -0.000290657132 0.0
0.000702805934 -0.000205448843 0.0
0.00176495942 -7.8874953e-05 0.0
0.00161375932 -0.000548197713 0.0
0.00132565107 9.98199612e-05 0.0
0.00155278586 1.42028957e-05 0.0
0.00193683035 -0.000248233817 0.0
0.000707843283 -0.000161366013 0.0
0.00128388871 8.07743927e-05 0.0
0.000713876798 -9.70378023e-05 0.0
0.000515392749 -0.0002306479 0.0
0.001578241 -3.10951236e-06 0.0
0.00151521631 6.38464335e-05 0.0
0.000927285932 -0.000176273606 0.0
0.00175380311 3.26890768e-05 0.0
0.00085094216 -0.000122516634 0.0
0.0014303826 2.1529444e-05 0.0
0.00223644916 -0.000134950547 0.0
0.000679910881 -9.01035601e-05 0.0
0.00148166053 -9.90548069e-05 0.0
0.000627362519 -0.000242212365 0.0
0.00104782358 -0.000320839841 0.0
0.000365797256 -0.000140911186 0.0
0.000634890632 -0.000193717598 0.0
0.00147114461 -0.000585007365 0.0
0.00123001216 -0.000410611334 0.0
0.00103151088 -0.000352301198 0.0
0.00137542724 -0.000309372292 0.0
0.00167990837 2.48234355e-05 0.0
0.0014332931 -0.000166590107 0.0
0.0024637254 -0.000363216968 0.0
0.000859730993 -0.000225362921 0.0
0.00225978578 -0.000287790375 0.0
0.00228882674 -0.000274065475 0.0
0.000821111898 -0.000241738438 0.0
0.000331517891 -1.86463894e-05 0.0
0.00222930056 -0.000279397063 0.0
0.000922896084 -0.000360677863 0.0
0.00130427012 -0.000418912095 0.0
0.00119911518 -0.000178849048 0.0
0.00186906417 -0.0002990129 0.0
0.00174454262 1.32595442e-05 0.0
0.0017203748 -0.00045234937 0.0
0.000355424243 -0.000185153796 0.0
0.000966438733 -0.000286174152 0.0
0.00108444737 -0.000429642241 0.0
0.00156268477 -0.000190340608 0.0
5.16519358e-05 -2.25923304e-06 0.0
0.00150455558 -0.000534981198 0.0
0.000323680637 -6.86877611e-05 0.0
0.00116451329 -0.00045600289 0.0
0.00234701997 -0.000309894735 0.0
0.00235692132 -0.00036831075 0.0
0.00109589647 -0.000390390196 0.0
0.00116590783 0.000129666223 0.0
0.00147917273 -0.000481781462 0.0
0.00171531737 2.21920391e-06 0.0
0.000679917983 -0.000250359182 0.0
0.00210445491 -0.000212859042 0.0
0.00204570801 -0.000257273379 0.0
0.00215824042 -0.000253007573 0.0
0.00160303561 -3.46332272e-05 0.0
0.000870801799 -0.000310239819 0.0
0.000902017928 -0.000259058375 0.0
0.00137022184 -0.000372958108 0.0
0.00112597353 -0.000139041062 0.0
0.00140860677 7.86800374e-05 0.0
0.00131687289 -0.000201789022 0.0
0.0011062047 -1.6220738e-05 0.0
0.00184344314 -0.000385442574 0.0
0.000972764858 -0.000383037666 0.0
0.00125428988 -0.000150290216 0.0
0.00110555522 -0.000377098622 0.0
0.000736420741 -0.000162310665 0.0
0.00185328047 -0.00050944573 0.0
0.00108926103 0.000114055954 0.0
0.00124411052 -0.000326317997 0.0
0.00143213978 -8.59418378e-06 0.0
0.00105295132 -0.000384756684 0.0
0.0020455753 -0.000166076876 0.0
0.00186192 -0.000330564566 0.0
0.000836533902 -0.000157557995 0.0
0.000915406854 -0.000145658327 0.0
0.00129081344 -1.27421276e-06 0.0
0.00080457353 -0.00010661182 0.0
0.000441065145 -7.11237299e-05 0.0
0.00127401773 -0.000414055772 0.0
0.000870744057 -0.00030291485 0.0
0.00237851846 -0.000369460089 0.0
0.00133122993 -5.71618984e-05 0.0
0.00146765856 1.20517579e-05 0.0
5.574846e-05 1.94206641e-05 0.0
0.000522077898 -0.000179390481 0.0
0.00273579592 -0.000423018675 0.0
0.00114616228 -0.000443458644 0.0
0.00203146134 -0.000270506716 0.0
0.00193794956 -0.000246369716 0.0
0.00185591308 -2.72277066e-05 0.0
0.00142534741 -0.000170541927 0.0
0.00132747903 -0.000459177041 0.0
0.001033779 -0.000180216142 0.0
0.00194139523 -0.00038348604 0.0
0.000993733876 -0.000352906121 0.0
0.000104118211 -2.13935691e-05 0.0
0.00125947956 -0.000352008123 0.0
0.00130825082 -0.000167654507 0.0
0.00155896484 3.1042644e-05 0.0
0.00101230608 -0.00039810827 0.0
0.000504486612 -0.000121801968 0.0
0.00128927419 -0.000142873876 0.0
0.00147503999 -0.000446453167 0.0
0.00135577028 8.50268334e-05 0.0
0.00194731564 -0.000286794209 0.0
0.000277177693 -0.000144212769 0.0
0.00217002979 -0.000288951676 0.0
0.00107072853 -0.000193773682 0.0
0.00141260831 4.21358563e-05 0.0
0.0016583096 2.18966943e-05 0.0
0.00143534783 -0.000429949199 0.0
0.00108301779 -0.000380929589 0.0
0.00201402511 -0.000262363552 0.0
0.00186748488 -0.000235384679 0.0
0.000304992369 -8.49819044e-05 0.0
0.000970232475 -0.000340260594 0.0
0.00228218245 -0.000306997856 0.0
0.000426446844 -0.000108588552 0.0
0.00124708132 0.000121896242 0.0
0.00244262069 -0.000323833898 0.0
0.00207753503 -0.000251392106 0.0
0.00181039097 -3.10164287e-05 0.0
0.00178435328 -0.000466087164 0.0
0.00080437609 -7.46935984e-05 0.0
0.000499763351 -0.000210669663 0.0
0.000994818751 -0.00029310715 0.0
0.00112353603 -0.000452799984 0.0
0.00189208263 -0.000449661893 0.0
0.00194650574 -4.40933072e-05 0.0
0.0016295414 -0.000266397139 0.0
0.000455022324 -5.67175739e-05 0.0
0.00223786221 -0.000276442588 0.0
0.00150884921 -0.000490057748 0.0
0.00156460574 -0.000194879234 0.0
0.00147814106 -0.000437190611 0.0
0.00145220303 -0.000145490339 0.0
0.000925902801 -0.000104507533 0.0
0.000433550566 -0.000135439856 0.0
0.00119796081 -0.000461309246 0.0
0.00190803944 -2.72514499e-05 0.0
0.00198967126 -0.000272082281 0.0
0.00130221574 -0.000393057533 0.0
0.00079784391 -0.000304446789 0.0
0.000973300543 -0.000335765246 0.0
0.00131252268 -0.000186057703 0.0
0.000904757297 -0.00021482943 0.0
0.00237840833 -0.00026010818 0.0
0.00240713684 -0.000286530005 0.0
0.00085684139 -6.46462431e-05 0.0
0.00165355566 2.46455074e-05 0.0
6.95350973e-05 2.95771224e-05 0.0
0.00166285795 -0.000209504913 0.0
0.000233572951 -5.69339063e-05 0.0
0.00200673053 -0.000200400988 0.0
0.00179009221 -0.000230963618 0.0
0.00165729388 -0.000551533536 0.0
0.00205635419 -0.000172328029 0.0
0.0018378658 2.31937993e-05 0.0
0.00204488845 -0.00040121295 0.0
0.00220398069 -9.80353725e-05 0.0
0.00145125284 -0.000450900203 0.0
0.00203707558 -0.0001899091 0.0
0.000580795051 -0.000148777952 0.0
0.00121076393 -0.000167774677 0.0
0.000910157338 -0.000161675052 0.0
0.00207320275 -0.000270866847 0.0
0.00229114853 -0.000277197105 0.0
0.00251710718 -0.000332493772 0.0
0.00114621106 -0.000288371491 0.0
0.00146787346 -0.000195320361 0.0
0.00068573124 -0.000125629129 0.0
0.000436882401 -0.000203570322 0.0
0.00138387585 -0.000200592549 0.0
0.00147217268 -0.000493257656 0.0
0.000597209029 -0.0001019716 0.0
0.00127191865 -0.000164311903 0.0
0.000949006702 -0.000276645616 0.0
0.00182673323 -3.37191887e-05 0.0
0.000476486108 -0.000202251904 0.0
0.00225059991 -0.000163175137 0.0
0.00135896471 -0.000253140897 0.0
0.000961265061 -0.000300928485 0.0
0.00180687534 -0.000261642796 0.0
0.00201081298 -6.04947199e-05 0.0
0.000478735543 -0.000133519075 0.0
0.00178816507 -0.000601744454 0.0
0.00119988911 -0.000405794126 0.0
0.00141745433 -0.000325437984 0.0
0.0018026043 -0.000402221049 0.0
0.00158300239 4.11264045e-05 0.0
0.000863152265 -0.000247013115 0.0
0.000792458944 -0.000245103205 0.0
0.000408644759 -6.52719682e-05 0.0
0.00101515697 -0.000336729165 0.0
0.00065760396 -0.000233261773 0.0
0.0019356152 -0.000301698979 0.0
0.000596909726 -0.000239918765 0.0
0.00157033652 -0.000559714506 0.0
0.00154189335 5.51335943e-05 0.0
0.00122440269 -0.000406843115 0.0
0.00217010383 -0.000305764348 0.0
0.00215335493 -0.000221548355 0.0
0.000598543906 -0.000215253604 0.0
0.00163907255 -0.000511255465 0.0
0.000942886923 -0.000170839849 0.0
0.00165464648 -0.000434011337 0.0
0.000710842374 -0.000183641241 0.0
0.000972627546 -0.000143888421 0.0
0.00128216436 4.56921698e-05 0.0
0.00158070622 4.14619826e-05 0.0
0.00155745423 -1.03621114e-05 0.0
0.00145690783 -0.000504099356 0.0
0.000372923678 -0.000147570929 0.0
0.00225841533 -0.00029137652 0.0
0.00169970805 -0.000359194353 0.0
0.00166421582 -0.000171577849 0.0
0.000634261756 -8.45046306e-05 0.0
0.00223677442 -0.00020069271 0.0
0.00227895333 -0.000310492935 0.0
0.00241392874 -0.000301957392 0.0
0.000865579175 -0.000266835559 0.0
0.00155681942 -3.51629715e-05 0.0
0.000373803487 -4.74242588e-05 0.0
0.00131621177 0.00010264638 0.0
0.000670635956 -0.000149085754 0.0
0.00167566212 -1.72675682e-05 0.0
0.0017719008 -0.000296462182 0.0
0.000767436693 -8.6325701e-05 0.0
0.000871170196 -0.000105955238 0.0
0.0018694232 -6.53964598e-05 0.0
0.00129308284 -0.000437129318 0.0
0.000878994644 -0.000132601403 0.0
0.00150081806 -2.55796044e-06 0.0
0.00104057381 -0.00034864209 0.0
0.00145160512 -0.000145851736 0.0
0.000957285578 -0.00032881106 0.0
0.000767545018 -0.000156501861 0.0
0.00088752032 -0.000259761786 0.0
0.00181906344 -0.000371820963 0.0
0.000601137173 -0.000185883546 0.0
0.000686785323 -8.45611939e-05 0.0
0.00072533777 -0.00022557177 0.0
0.00242723199 -0.000376093783 0.0
0.00232294388 -0.000349761947 0.0
0.000373267336 -3.07603659e-05 0.0
0.00147473556 4.45446058e-05 0.0
0.000635670207 -0.00014930722 0.0
0.00231546583 -0.000271372759 0.0
0.00232953369 -0.000286475522 0.0
0.000504714379 -0.000179226874 0.0
0.00131338369 -0.000392512826 0.0
0.00107364822 -0.000326341542 0.0
0.00215322315 -0.000204519165 0.0
8.69792057e-05 -9.60917441e-06 0.0
0.00197239546 -7.4953743e-05 0.0
0.000768227212 -0.000132164045 0.0
0.00145548978 -0.000262875896 0.0
0.00240987027 -0.000331458141 0.0
0.00113274751 -0.000203650809 0.0
0.00149243744 1.40407101e-05 0.0
0.00188455801 -4.24858517e-05 0.0
0.00121889904 -0.00039969309 0.0
0.000101694481 -1.4833091e-05 0.0
0.00134539651 8.59321008e-05 0.0
0.00202916353 -0.000272381643 0.0
0.0013179736 -0.000372256036 0.0
0.0014592997 6.9340851e-05 0.0
0.00126233639 -0.000214803615 0.0
0.00139284157 4.79215885e-07 0.0
0.00103394815 -0.000357361423 0.0
0.00153036823 5.95270103e-05 0.0
0.00131145178 -3.08475755e-05 0.0
0.0013335062 -0.000406102103 0.0
0.00209741807 -0.000276596285 0.0
0.00201553851 -0.000274180173 0.0
0.00157562643 -0.000211194347 0.0
0.00104654685 -0.000379166653 0.0
3.97812764e-05 1.12464213e-05 0.0
0.00113206008 -0.000238748456 0.0
0.00123383559 -0.000160621261 0.0
0.000413565431 -0.000178735179 0.0
0.000821563823 -0.000217016466 0.0
0.000809309073 -0.000219205627 0.0
0.0019502464 -0.000294267578 0.0
0.00204557856 -0.000267320545 0.0
0.000846748648 -0.000340381084 0.0
0.000675815972 -0.000158362571 0.0
0.00109001365 -0.000309857889 0.0
0.000990682864 3.69130757e-05 0.0
0.00134765205 -6.97420328e-05 0.0
0.00096205005 -0.000367336877 0.0
0.0022134739 -0.000223922863 0.0
0.00157445937 -7.92167775e-05 0.0
0.00125874567 -0.000270107907 0.0
0.00157786754 4.58889699e-05 0.0
0.000979049597 -0.000279545231 0.0
0.00115316489 -0.000385727064 0.0
0.000287156174 -0.000127476786 0.0
0.00119671319 0.000140077478 0.0
0.0015050614 6.83940088e-05 0.0
0.00175489136 -0.000115697803 0.0
0.000650652742 -8.96236234e-05 0.0
0.00219826167 -0.000266916322 0.0
0.000873405195 -0.000318265462 0.0
0.0010802286 -0.000273162848 0.0
0.00166551734 -0.000230875667 0.0
0.00192923751 -0.000104573257 0.0
0.000761615054 -0.000196500856 0.0
0.00166259252 1.40886295e-05 0.0
0.00190389494 -0.00024066116 0.0
0.00107730192 -0.000359325815 0.0
0.00136811135 -9.5417397e-07 0.0
0.00107097276 -0.00019621836 0.0
0.000861404347 -0.000227342593 0.0
0.0016869579 1.74752186e-05 0.0
0.000676386815 -0.000101949248 0.0
0.00216560531 -0.00020225448 0.0
0.00125381048 -0.000439248222 0.0
0.00116446638 -0.000458817551 0.0
0.00160695845 6.55852e-06 0.0
0.0016408019 -1.37468705e-05 0.0
0.00122600887 0.000104654013 0.0
0.000985097606 -0.000367897999 0.0
0.000958951074 -0.00032462005 0.0
0.00099069695 -0.000316000078 0.0
0.000816776766 -0.000319777435 0.0
0.000767300313 -0.00023799912 0.0
0.0016846509 2.86226878e-05 0.0
0.00224092207 -0.000270100369 0.0
0.000430980523 -8.05247182e-05 0.0
0.00117205677 -0.000167761449 0.0
0.000429816573 -0.000178448245 0.0
0.00272655301 -0.000407022337 0.0
0.00159372308 -0.000197051326 0.0
0.00134925288 -0.000215471868 0.0
0.00141999859 8.41246729e-05 0.0
0.00177966733 2.36342858e-05 0.0
0.000635463803 -8.78922874e-05 0.0
0.0015879157 1.58764069e-05 0.0
0.00205358816 -0.000251150457 0.0
0.00144256093 6.92364119e-05 0.0
0.00179801963 -0.000183956887 0.0
0.00144755363 -4.04988605e-05 0.0
0.000492852472 -7.26303188e-05 0.0
0.00208427757 -0.000256756379 0.0
0.00180707837 -1.63933055e-05 0.0
0.00109417678 -0.000362798717 0.0
0.00212170323 -0.000285313232 0.0
0.00112496957 -0.00035283179 0.0
0.0011090443 -0.000444756297 0.0
0.00147495465 -0.000168290673 0.0
0.000516701606 -0.000210798928 0.0
0.00156303321 -0.00053077651 0.0
0.00128442538 -0.000417216768 0.0
0.00135338109 6.30536451e-05 0.0
0.000906145433 -0.0002943461 0.0
0.000948593311 -9.24533815e-05 0.0
0.00168699212 3.11570002e-05 0.0
0.00232226844 -0.000338214624 0.0
0.00234281318 -0.000284318405 0.0
0.00222276407 -0.000276375242 0.0
0.0019066853 -0.000138769159 0.0
0.00105547847 -0.000377567776 0.0
0.000881716027 -0.000269965705 0.0
0.00232255249 -0.000371489907 0.0
0.00244907872 -0.000310840813 0.0
0.00180532143 -0.000123069913 0.0
0.00102073466 -0.000325451925 0.0
0.00244050659 -0.000349202484 0.0
0.00280057802 -0.000438293238 0.0
0.00129882374 -0.000200585593 0.0
0.00135402835 -0.000541493471 0.0
0.00121485803 -6.30766808e-05 0.0
0.00214299094 -0.000269312353 0.0
0.000135460548 -3.4914221e-05 0.0
0.000746375124 -0.000197496585 0.0
0.00234428863 -0.000297251128 0.0
0.00135842431 -0.000410995854 0.0
0.00176863617 5.09397694e-07 0.0
0.000557952386 -9.74893774e-05 0.0
0.00129100494 -0.000425781531 0.0
0.00210381323 -0.000128042055 0.0
0.000370638794 -3.98690463e-05 0.0
0.00124466582 -0.000419408287 0.0
0.00149642921 6.74927214e-05 0.0
0.00118145859 -0.000401486352 0.0
0.00123720092 -0.000454037916 0.0
0.00157008448 -0.000353801268 0.0
0.00145930261 -0.000127163774 0.0
0.00203395309 -0.000270193123 0.0
0.00108297041 3.85202111e-05 0.0
2.80393524e-05 -1.167905e-06 0.0
0.00192143396 -0.000294589787 0.0
0.00235787546 -0.000271820667 0.0
0.00175696576 -5.43644137e-06 0.0
0.00135533174 -0.000479208335 0.0
0.000528310658 -7.01365352e-05 0.0
0.00121789495 5.0134815e-05 0.0
0.000833133236 -0.00027002921 0.0
0.00177092548 -9.53291528e-05 0.0
0.00100732129 -8.55118778e-05 0.0
0.00200031884 -0.000265316863 0.0
0.00102798012 -0.000346643297 0.0
0.00124728261 -0.000453932676 0.0
0.0015074918 -0.000186469668 0.0
0.00141842791 -0.000469815626 0.0
0.00120297947 -0.000339364808 0.0
0.000669137517 -0.000103703867 0.0
0.00125437963 -0.000254717626 0.0
0.00117244443 -0.000474143511 0.0
0.00111630571 -7.69878316e-05 0.0
0.000960238685 -0.000333598291 0.0
0.00134426961 -0.000395561045 0.0
0.00108471652 -0.000361563725 0.0
8.68686693e-05 -4.56077805e-06 0.0
0.000500935828 -0.000151348358 0.0
