5.87241011e-05 4.29688225e-05 0.0
5.64906841e-05 4.36370246e-05 0.0
5.73655016e-05 4.38952593e-05 0.0
5.84761037e-05 4.22221419e-05 0.0
-3.23614154e-06 4.67619466e-05 0.0
-3.55058683e-06 4.44274156e-05 0.0
-3.71143187e-06 4.27691266e-05 0.0
-1.10379392e-06 4.53406828e-05 0.0
6.92901667e-05 4.27691266e-05 0.0
6.94510163e-05 4.44274156e-05 0.0
6.97654614e-05 4.67619466e-05 0.0
1.36299077e-05 6.56032571e-05 0.0
1.22497731e-05 6.69290021e-05 0.0
1.10076471e-05 6.77193311e-05 0.0
1.09683842e-05 6.43869062e-05 0.0
9.62904687e-06 -6.09765436e-07 0.0
1.08711729e-05 -1.40009922e-06 0.0
1.22513075e-05 -2.72584361e-06 0.0
3.00652828e-05 5.99452469e-05 0.0
2.88992269e-05 6.08590199e-05 0.0
2.78381067e-05 6.19429557e-05 0.0
2.62066351e-05 5.89938463e-05 0.0
2.64595074e-05 -6.38614392e-06 0.0
2.75206276e-05 -7.47008153e-06 0.0
2.86866816e-05 -8.38385495e-06 0.0
7.04681661e-05 1.31209326e-05 0.0
6.70578593e-05 1.52828979e-05 0.0
6.7805071e-05 1.56438582e-05 0.0
6.87216598e-05 1.34942393e-05 0.0
6.77883218e-05 5.64709262e-05 0.0
6.83992766e-05 5.81646636e-05 0.0
6.90757442e-05 5.92924625e-05 0.0
6.52069502e-05 5.96385435e-05 0.0
-3.92585753e-06 5.92924625e-05 0.0
-4.60232422e-06 5.81646636e-05 0.0
-5.21328184e-06 5.64709262e-05 0.0
1.73050375e-05 5.30002399e-05 0.0
1.44010182e-05 5.40203182e-05 0.0
1.55280595e-05 5.45306066e-05 0.0
1.64078247e-05 5.30831385e-05 0.0
5.43469141e-05 5.89121737e-05 0.0
5.02965559e-05 5.65860537e-05 0.0
5.16476539e-05 5.80560809e-05 0.0
5.33027451e-05 5.69711083e-05 0.0
3.81800273e-05 2.47149237e-05 0.0
3.34409997e-05 2.05150955e-05 0.0
3.59599107e-05 2.40907884e-05 0.0
3.56833189e-05 2.1927297e-05 0.0
8.72769215e-06 1.41058763e-05 0.0
7.17329067e-06 1.32452506e-05 0.0
6.04903153e-06 1.26897767e-05 0.0
1.15806615e-05 1.11547888e-05 0.0
9.30719398e-06 1.29005384e-05 0.0
8.8672823e-06 1.13444703e-05 0.0
7.9050631e-05 1.26897767e-05 0.0
8.01748902e-05 1.32452506e-05 0.0
8.17292894e-05 1.41058763e-05 0.0
1.07176875e-05 3.45720946e-05 0.0
7.14045837e-06 3.20266627e-05 0.0
7.72994827e-06 3.36582307e-05 0.0
9.66228617e-06 3.26073605e-05 0.0
2.3405064e-05 1.51253043e-05 0.0
1.80364477e-05 1.22760493e-05 0.0
2.07543308e-05 1.40551565e-05 0.0
2.09312893e-05 1.2807669e-05 0.0
3.53894829e-05 2.96294147e-05 0.0
3.0782423e-05 3.16781006e-05 0.0
3.34310062e-05 3.08074632e-05 0.0
3.38888167e-05 2.94131605e-05 0.0
6.45343753e-05 3.77889955e-05 0.0
6.11935029e-05 3.74264528e-05 0.0
6.36881377e-05 3.80320635e-05 0.0
6.16734833e-05 3.71899259e-05 0.0
2.5028834e-05 3.49055699e-05 0.0
1.98136404e-05 3.72845097e-05 0.0
2.18325695e-05 3.74986921e-05 0.0
2.22619892e-05 3.59392507e-05 0.0
5.80733031e-05 2.88017236e-05 0.0
5.41475529e-05 2.65509498e-05 0.0
5.58222746e-05 2.82284836e-05 0.0
5.78377185e-05 2.72093021e-05 0.0
1.37860002e-06 6.83291e-05 0.0
0.0 0.0 0.0
7.30016036e-05 0.0 0.0
7.43802011e-05 6.83291e-05 0.0
5.85947564e-05 4.35265829e-05 0.0
5.85730922e-05 4.39857831e-05 0.0
5.84916743e-05 4.43937388e-05 0.0
5.82954381e-05 4.46628292e-05 0.0
5.80088636e-05 4.49424006e-05 0.0
5.76508537e-05 4.52005916e-05 0.0
5.74258665e-05 4.52317581e-05 0.0
5.7264202e-05 4.49556574e-05 0.0
5.70579396e-05 4.45939804e-05 0.0
5.68457035e-05 4.42567798e-05 0.0
5.66664457e-05 4.39527066e-05 0.0
5.63245194e-05 4.32670859e-05 0.0
5.61997003e-05 4.29023821e-05 0.0
5.61567249e-05 4.25690196e-05 0.0
5.62452551e-05 4.2329506e-05 0.0
5.65561677e-05 4.21246586e-05 0.0
5.70524062e-05 4.19377466e-05 0.0
5.76453021e-05 4.16768635e-05 0.0
5.84660156e-05 4.12447334e-05 0.0
5.94848461e-05 4.07675943e-05 0.0
5.93910227e-05 4.15009054e-05 0.0
5.89260235e-05 4.23280871e-05 0.0
5.78048785e-05 4.31739973e-05 0.0
-3.28841634e-06 4.62075695e-05 0.0
-3.32772606e-06 4.54518886e-05 0.0
-3.91602771e-06 4.35140755e-05 0.0
-4.02182923e-06 4.30177133e-05 0.0
-2.88536967e-06 4.28837811e-05 0.0
-2.26984139e-06 4.30779401e-05 0.0
-1.93219762e-06 4.32900815e-05 0.0
-1.70992269e-06 4.3670585e-05 0.0
-1.58426667e-06 4.41569209e-05 0.0
-1.42024135e-06 4.45725527e-05 0.0
-1.28756346e-06 4.49818654e-05 0.0
-9.94521542e-07 4.56087182e-05 0.0
-1.0985143e-06 4.57363276e-05 0.0
-1.38947439e-06 4.58438735e-05 0.0
-1.73079991e-06 4.59365801e-05 0.0
-2.0463192e-06 4.60627816e-05 0.0
-2.4112544e-06 4.62187709e-05 0.0
-2.82312226e-06 4.64260847e-05 0.0
6.89797744e-05 4.30177133e-05 0.0
6.90855741e-05 4.35140755e-05 0.0
6.96738716e-05 4.54518886e-05 0.0
6.97131836e-05 4.62075695e-05 0.0
6.94744813e-05 4.67821628e-05 0.0
6.94106639e-05 4.6316276e-05 0.0
6.93474503e-05 4.55856898e-05 0.0
6.91600362e-05 4.49590334e-05 0.0
6.88447981e-05 4.42841338e-05 0.0
6.83179533e-05 4.34824397e-05 0.0
6.7640598e-05 4.25084472e-05 0.0
6.83580511e-05 4.24073114e-05 0.0
1.32940659e-05 6.59197831e-05 0.0
1.28395377e-05 6.63505125e-05 0.0
1.17068912e-05 6.74084804e-05 0.0
1.1312628e-05 6.76029449e-05 0.0
1.05672307e-05 6.72778915e-05 0.0
1.0181001e-05 6.68109205e-05 0.0
9.92228343e-06 6.64164108e-05 0.0
9.88382362e-06 6.60550068e-05 0.0
1.00151392e-05 6.56616103e-05 0.0
1.02497879e-05 6.52500094e-05 0.0
1.05757235e-05 6.48177738e-05 0.0
1.1549434e-05 6.38608253e-05 0.0
1.20439281e-05 6.35193574e-05 0.0
1.23628752e-05 6.36098266e-05 0.0
1.26472887e-05 6.39700593e-05 0.0
1.30417202e-05 6.43476014e-05 0.0
1.33652202e-05 6.46924891e-05 0.0
1.35586197e-05 6.50692236e-05 0.0
9.93402773e-06 -7.26154497e-07 0.0
1.0328291e-05 -9.20620039e-07 0.0
1.14609384e-05 -1.97858481e-06 0.0
1.19154656e-05 -2.40931513e-06 0.0
1.22955971e-05 -2.16465651e-06 0.0
1.2298965e-05 -1.57929458e-06 0.0
1.21853936e-05 -1.07157553e-06 0.0
1.18869884e-05 -5.82183873e-07 0.0
1.14662143e-05 -3.53574521e-08 0.0
1.10098817e-05 4.66628478e-07 0.0
1.06884308e-05 5.18402203e-07 0.0
1.03858683e-05 1.67687588e-07 0.0
1.00072539e-05 -2.34059527e-07 0.0
2.95832579e-05 6.03122062e-05 0.0
2.82675283e-05 6.14679739e-05 0.0
2.72193411e-05 6.18629856e-05 0.0
2.6626527e-05 6.1691142e-05 0.0
2.61368205e-05 6.14123346e-05 0.0
2.57278389e-05 6.09428716e-05 0.0
2.52616064e-05 6.02109103e-05 0.0
2.49136792e-05 5.94772573e-05 0.0
2.50286339e-05 5.90976342e-05 0.0
2.55412015e-05 5.90446507e-05 0.0
2.68676413e-05 5.88442963e-05 0.0
2.75599541e-05 5.86947499e-05 0.0
2.83382869e-05 5.86028036e-05 0.0
2.91411325e-05 5.85718226e-05 0.0
2.9808396e-05 5.85648231e-05 0.0
3.01856926e-05 5.86893329e-05 0.0
3.02542649e-05 5.89652445e-05 0.0
3.01675573e-05 5.94314042e-05 0.0
2.68889289e-05 -6.86112571e-06 0.0
2.82046567e-05 -8.01689384e-06 0.0
2.85069327e-05 -7.87775207e-06 0.0
2.8257713e-05 -7.40901123e-06 0.0
2.79273227e-05 -6.99192606e-06 0.0
2.75039383e-05 -6.65168091e-06 0.0
2.70361943e-05 -6.4411538e-06 0.0
7.11634129e-05 1.3593668e-05 0.0
7.10481108e-05 1.39749536e-05 0.0
7.04801205e-05 1.43432853e-05 0.0
6.98389413e-05 1.48772087e-05 0.0
6.91852401e-05 1.55206726e-05 0.0
6.85016566e-05 1.62189954e-05 0.0
6.77792486e-05 1.6996024e-05 0.0
6.72915558e-05 1.73386179e-05 0.0
6.72222595e-05 1.6981674e-05 0.0
6.72179813e-05 1.63357399e-05 0.0
6.71417511e-05 1.57981394e-05 0.0
6.69466099e-05 1.4803687e-05 0.0
6.68798384e-05 1.42916006e-05 0.0
6.68483917e-05 1.37925526e-05 0.0
6.68966677e-05 1.32738069e-05 0.0
6.70462323e-05 1.27448811e-05 0.0
6.72438764e-05 1.22487427e-05 0.0
6.74926341e-05 1.20104105e-05 0.0
6.7822526e-05 1.20292407e-05 0.0
6.82894024e-05 1.22021102e-05 0.0
6.88368673e-05 1.24082089e-05 0.0
6.95222552e-05 1.26888999e-05 0.0
6.83620528e-05 1.45292652e-05 0.0
6.80201047e-05 5.72786812e-05 0.0
6.88075597e-05 5.88747862e-05 0.0
6.88528526e-05 5.97561448e-05 0.0
6.85557388e-05 6.0287337e-05 0.0
6.82116151e-05 6.08813534e-05 0.0
6.7872832e-05 6.12840522e-05 0.0
6.75393894e-05 6.13649972e-05 0.0
6.70340451e-05 6.11580326e-05 0.0
6.64486506e-05 6.07337606e-05 0.0
6.58564459e-05 6.03487642e-05 0.0
6.53495299e-05 6.00009225e-05 0.0
6.53146853e-05 5.91995013e-05 0.0
6.53979223e-05 5.87440481e-05 0.0
6.54993273e-05 5.83437395e-05 0.0
6.56749035e-05 5.80812557e-05 0.0
6.58857462e-05 5.7833553e-05 0.0
6.62072998e-05 5.74774785e-05 0.0
6.66154228e-05 5.69713375e-05 0.0
6.71064554e-05 5.62866444e-05 0.0
6.75452611e-05 5.60852532e-05 0.0
-4.19404068e-06 5.88747862e-05 0.0
-4.98149529e-06 5.72786812e-05 0.0
-4.93762855e-06 5.70428601e-05 0.0
-4.63046445e-06 5.75544764e-05 0.0
-4.29353395e-06 5.80515953e-05 0.0
-4.022756e-06 5.85459056e-05 0.0
-3.88213357e-06 5.89257579e-05 0.0
1.75907535e-05 5.34396713e-05 0.0
1.79643357e-05 5.4043041e-05 0.0
1.83739085e-05 5.47214913e-05 0.0
1.84551864e-05 5.52485399e-05 0.0
1.80590232e-05 5.54125472e-05 0.0
1.73595363e-05 5.55309234e-05 0.0
1.67217368e-05 5.57569183e-05 0.0
1.61093267e-05 5.60469489e-05 0.0
1.56785009e-05 5.60296721e-05 0.0
1.54411428e-05 5.5660872e-05 0.0
1.51082177e-05 5.51099438e-05 0.0
1.47608662e-05 5.45170988e-05 0.0
1.41128867e-05 5.35490908e-05 0.0
1.41376458e-05 5.32388622e-05 0.0
1.44075029e-05 5.29784484e-05 0.0
1.47959254e-05 5.26239382e-05 0.0
1.52304065e-05 5.22216978e-05 0.0
1.57126997e-05 5.17481967e-05 0.0
1.6048185e-05 5.13929808e-05 0.0
1.62051074e-05 5.1401872e-05 0.0
1.63711702e-05 5.17108165e-05 0.0
1.6556718e-05 5.20791618e-05 0.0
1.67837625e-05 5.23895105e-05 0.0
1.70486092e-05 5.26725853e-05 0.0
1.60454983e-05 5.38554232e-05 0.0
5.37278938e-05 5.91901116e-05 0.0
5.30863108e-05 5.93879158e-05 0.0
5.24775933e-05 5.93991499e-05 0.0
5.19132045e-05 5.92101642e-05 0.0
5.1374016e-05 5.88961775e-05 0.0
5.09202109e-05 5.8504811e-05 0.0
5.05351163e-05 5.80611049e-05 0.0
5.02321927e-05 5.75836239e-05 0.0
4.9989023e-05 5.71501259e-05 0.0
4.99397429e-05 5.68115174e-05 0.0
5.09970487e-05 5.64330694e-05 0.0
5.1777417e-05 5.6269273e-05 0.0
5.25251307e-05 5.617649e-05 0.0
5.32129889e-05 5.6106328e-05 0.0
5.37849446e-05 5.60986373e-05 0.0
5.41628215e-05 5.61822017e-05 0.0
5.43607166e-05 5.66149829e-05 0.0
5.45335715e-05 5.73135403e-05 0.0
5.46164993e-05 5.80332344e-05 0.0
5.46460724e-05 5.85655071e-05 0.0
5.24455209e-05 5.75649719e-05 0.0
3.81015925e-05 2.50331541e-05 0.0
3.74838055e-05 2.50573139e-05 0.0
3.65292944e-05 2.50433368e-05 0.0
3.55005759e-05 2.49736659e-05 0.0
3.47633104e-05 2.5009851e-05 0.0
3.4279321e-05 2.47877706e-05 0.0
3.39837425e-05 2.38369394e-05 0.0
3.38394821e-05 2.28701028e-05 0.0
3.37566344e-05 2.21535047e-05 0.0
3.37232595e-05 2.15138862e-05 0.0
3.36109006e-05 2.09927293e-05 0.0
3.35306177e-05 2.02855372e-05 0.0
3.4225417e-05 2.03574655e-05 0.0
3.52222814e-05 2.06041332e-05 0.0
3.60302074e-05 2.09449627e-05 0.0
3.66647255e-05 2.13332351e-05 0.0
3.71211463e-05 2.18024306e-05 0.0
3.74761548e-05 2.23248571e-05 0.0
3.7707232e-05 2.28603985e-05 0.0
3.78747573e-05 2.3413264e-05 0.0
3.79773592e-05 2.39150286e-05 0.0
3.80578531e-05 2.43888135e-05 0.0
3.5829562e-05 2.29982306e-05 0.0
8.16590727e-06 1.37245343e-05 0.0
6.26877318e-06 1.29038199e-05 0.0
6.55397434e-06 1.2297367e-05 0.0
6.9718235e-06 1.17245463e-05 0.0
7.41607846e-06 1.11000272e-05 0.0
7.88982652e-06 1.03898756e-05 0.0
8.38402138e-06 9.8824903e-06 0.0
8.8165616e-06 9.8310411e-06 0.0
9.37250206e-06 1.01242622e-05 0.0
1.00580828e-05 1.04984429e-05 0.0
1.09247731e-05 1.07995984e-05 0.0
1.15300645e-05 1.1520423e-05 0.0
1.11184936e-05 1.19425831e-05 0.0
1.08430204e-05 1.24889748e-05 0.0
1.06386033e-05 1.30827775e-05 0.0
1.05071822e-05 1.36220879e-05 0.0
1.03695675e-05 1.39653357e-05 0.0
1.01224068e-05 1.40554775e-05 0.0
9.74654631e-06 1.4086736e-05 0.0
9.28431382e-06 1.41039145e-05 0.0
7.92703722e-05 1.29038199e-05 0.0
8.11675054e-05 1.37245343e-05 0.0
8.10864367e-05 1.40347247e-05 0.0
8.01834831e-05 1.38119703e-05 0.0
7.92380015e-05 1.34829197e-05 0.0
7.87383324e-05 1.30611425e-05 0.0
1.07549768e-05 3.49288639e-05 0.0
1.01812675e-05 3.50125629e-05 0.0
9.2387545e-06 3.49827424e-05 0.0
8.36659729e-06 3.48850117e-05 0.0
7.5998496e-06 3.47546884e-05 0.0
6.9700036e-06 3.45737863e-05 0.0
6.56412249e-06 3.43281718e-05 0.0
6.38247593e-06 3.38867758e-05 0.0
6.30924933e-06 3.32958698e-05 0.0
6.33938225e-06 3.27940288e-05 0.0
6.60945989e-06 3.24113935e-05 0.0
7.78508092e-06 3.1689091e-05 0.0
8.400154e-06 3.13754026e-05 0.0
8.97848349e-06 3.11395852e-05 0.0
9.44461226e-06 3.09771458e-05 0.0
9.81037465e-06 3.09237439e-05 0.0
1.00532852e-05 3.1180989e-05 0.0
1.02375743e-05 3.17136291e-05 0.0
1.03999464e-05 3.23193926e-05 0.0
1.04878127e-05 3.2914646e-05 0.0
1.05229656e-05 3.34790057e-05 0.0
1.05531972e-05 3.40301558e-05 0.0
8.82529366e-06 3.31919764e-05 0.0
2.34371655e-05 1.54416866e-05 0.0
2.27583823e-05 1.54383051e-05 0.0
2.17786819e-05 1.52631983e-05 0.0
2.09810987e-05 1.50433734e-05 0.0
2.03981763e-05 1.47952878e-05 0.0
1.99470069e-05 1.45124041e-05 0.0
1.96055425e-05 1.42179233e-05 0.0
1.92977022e-05 1.38631467e-05 0.0
1.90482406e-05 1.35049422e-05 0.0
1.87747537e-05 1.30801127e-05 0.0
1.82979602e-05 1.26423547e-05 0.0
1.85257468e-05 1.20061841e-05 0.0
1.9381363e-05 1.1843792e-05 0.0
2.0011561e-05 1.16965466e-05 0.0
2.05806737e-05 1.17381969e-05 0.0
2.10987309e-05 1.19603037e-05 0.0
2.15440868e-05 1.22507972e-05 0.0
2.19723297e-05 1.25586603e-05 0.0
2.22646886e-05 1.29240698e-05 0.0
2.25363856e-05 1.34148449e-05 0.0
2.27998607e-05 1.39846061e-05 0.0
2.31090071e-05 1.45974263e-05 0.0
2.08428683e-05 1.34611055e-05 0.0
3.54259391e-05 2.99591193e-05 0.0
3.55188313e-05 3.02985554e-05 0.0
3.55302764e-05 3.05766953e-05 0.0
3.53997966e-05 3.07930386e-05 0.0
3.50567207e-05 3.10144242e-05 0.0
3.45627814e-05 3.12523262e-05 0.0
3.3913213e-05 3.14874051e-05 0.0
3.3075321e-05 3.17198464e-05 0.0
3.20089421e-05 3.19650426e-05 0.0
3.07550254e-05 3.21088592e-05 0.0
3.15376274e-05 3.11028925e-05 0.0
3.21096195e-05 3.05335052e-05 0.0
3.25616893e-05 2.99504391e-05 0.0
3.2936834e-05 2.91961569e-05 0.0
3.33193057e-05 2.84650687e-05 0.0
3.37680503e-05 2.85631049e-05 0.0
3.42755557e-05 2.88938591e-05 0.0
3.49186121e-05 2.89740074e-05 0.0
3.52800453e-05 2.91144734e-05 0.0
3.53861906e-05 2.93193934e-05 0.0
3.35008881e-05 3.01475138e-05 0.0
6.47351917e-05 3.84495652e-05 0.0
6.5152024e-05 3.9254428e-05 0.0
6.52150702e-05 3.98762677e-05 0.0
6.41484075e-05 3.93469199e-05 0.0
6.33622694e-05 3.89195302e-05 0.0
6.28773778e-05 3.87459368e-05 0.0
6.23677261e-05 3.87549335e-05 0.0
6.17064288e-05 3.90568202e-05 0.0
6.06426293e-05 3.95202405e-05 0.0
6.08117225e-05 3.87910586e-05 0.0
6.11734504e-05 3.80164747e-05 0.0
6.10840507e-05 3.68968613e-05 0.0
6.08497539e-05 3.61791572e-05 0.0
6.04055895e-05 3.51425915e-05 0.0
6.02264627e-05 3.40453043e-05 0.0
6.12488875e-05 3.49137154e-05 0.0
6.20111969e-05 3.58276084e-05 0.0
6.26543042e-05 3.63153922e-05 0.0
6.31646253e-05 3.67036191e-05 0.0
6.36585173e-05 3.69605186e-05 0.0
6.41034858e-05 3.71237365e-05 0.0
6.44099055e-05 3.73773946e-05 0.0
6.25227767e-05 3.74897681e-05 0.0
2.42857986e-05 3.54513322e-05 0.0
2.38012126e-05 3.59908991e-05 0.0
2.33901701e-05 3.6503563e-05 0.0
2.30000951e-05 3.70904054e-05 0.0
2.26045941e-05 3.77094693e-05 0.0
2.22302879e-05 3.83080187e-05 0.0
2.19242302e-05 3.86797037e-05 0.0
2.16302396e-05 3.85959247e-05 0.0
2.12805189e-05 3.82920953e-05 0.0
2.08907441e-05 3.79861121e-05 0.0
2.04306871e-05 3.76617172e-05 0.0
1.93294254e-05 3.69135778e-05 0.0
1.94825134e-05 3.66929817e-05 0.0
1.99768001e-05 3.65212727e-05 0.0
2.04012413e-05 3.62029605e-05 0.0
2.07541561e-05 3.5889454e-05 0.0
2.11337665e-05 3.5613717e-05 0.0
2.1524811e-05 3.53598552e-05 0.0
2.20736201e-05 3.51082672e-05 0.0
2.28706631e-05 3.48740978e-05 0.0
2.39130459e-05 3.46246779e-05 0.0
2.51070705e-05 3.45179578e-05 0.0
2.20903275e-05 3.65999986e-05 0.0
5.78783875e-05 2.92912937e-05 0.0
5.78178842e-05 2.98653122e-05 0.0
5.79180305e-05 3.06300535e-05 0.0
5.81894128e-05 3.18490456e-05 0.0
5.72977988e-05 3.13942728e-05 0.0
5.63394678e-05 3.01911605e-05 0.0
5.55664556e-05 2.93484409e-05 0.0
5.49810356e-05 2.86439481e-05 0.0
5.45525945e-05 2.81093689e-05 0.0
5.41710615e-05 2.77078725e-05 0.0
5.40921719e-05 2.73411424e-05 0.0
5.41538175e-05 2.69432749e-05 0.0
5.42228445e-05 2.63027468e-05 0.0
5.47838863e-05 2.62760932e-05 0.0
5.55961888e-05 2.62673566e-05 0.0
5.64251095e-05 2.6224403e-05 0.0
5.72666577e-05 2.61817822e-05 0.0
5.79709085e-05 2.61432342e-05 0.0
5.86473434e-05 2.60014458e-05 0.0
5.92464203e-05 2.57683441e-05 0.0
5.93901859e-05 2.60707966e-05 0.0
5.90572236e-05 2.68815747e-05 0.0
5.86721617e-05 2.76923947e-05 0.0
5.8348538e-05 2.83221725e-05 0.0
5.6820325e-05 2.79297656e-05 0.0
9.19068782e-07 6.51170485e-05 0.0
-4.55523946e-07 6.19777784e-05 0.0
-5.25822179e-06 3.83385159e-05 0.0
-4.55338522e-06 3.6085843e-05 0.0
-1.57120064e-06 3.51367817e-05 0.0
2.24360383e-06 3.45001536e-05 0.0
3.99326746e-06 3.36164994e-05 0.0
3.96152382e-06 3.16677069e-05 0.0
4.15782824e-06 2.89740492e-05 0.0
4.70860277e-06 2.53147991e-05 0.0
5.58976353e-06 2.1538166e-05 0.0
6.75385036e-06 1.74948855e-05 0.0
1.83141537e-06 1.23331865e-05 0.0
7.84596921e-07 1.01410069e-05 0.0
7.06555113e-07 7.01731369e-06 0.0
3.57905549e-07 3.53889186e-06 0.0
4.09217773e-06 -6.20958573e-08 0.0
1.77587353e-05 -2.56700741e-06 0.0
2.23263451e-05 -3.65853566e-06 0.0
3.354414e-05 -6.77928301e-06 0.0
3.82902108e-05 -6.54025871e-06 0.0
4.26607767e-05 -6.12471285e-06 0.0
4.63412944e-05 -6.39623977e-06 0.0
4.90567327e-05 -6.71914313e-06 0.0
5.07423683e-05 -6.55247368e-06 0.0
5.29195204e-05 -5.02613693e-06 0.0
5.60424996e-05 -2.30061164e-06 0.0
5.98400402e-05 9.97737516e-07 0.0
6.33754898e-05 4.00165072e-06 0.0
6.61809972e-05 6.50643824e-06 0.0
6.74332041e-05 7.33704564e-06 0.0
6.71857997e-05 6.46753551e-06 0.0
6.63073079e-05 4.14778333e-06 0.0
6.66963315e-05 2.07083258e-06 0.0
6.92626127e-05 6.87300485e-07 0.0
7.3359508e-05 3.53889186e-06 0.0
7.37081573e-05 7.01731369e-06 0.0
7.37861992e-05 1.01410069e-05 0.0
7.48330131e-05 1.23331865e-05 0.0
7.9755453e-05 1.74948855e-05 0.0
7.85913653e-05 2.1538166e-05 0.0
7.77102032e-05 2.53147991e-05 0.0
7.71594277e-05 2.89740492e-05 0.0
7.69631224e-05 3.16677069e-05 0.0
7.69948674e-05 3.36164994e-05 0.0
7.52452033e-05 3.45001536e-05 0.0
7.14303969e-05 3.51367817e-05 0.0
6.84482147e-05 3.6085843e-05 0.0
6.77433782e-05 3.83385159e-05 0.0
7.25460777e-05 6.19777784e-05 0.0
7.39206662e-05 6.51170485e-05 0.0
7.06412102e-05 6.90164015e-05 0.0
6.80749363e-05 7.03999322e-05 0.0
6.76859127e-05 7.24768834e-05 0.0
6.85644045e-05 7.47966333e-05 0.0
6.88118089e-05 7.56661466e-05 0.0
6.7559602e-05 7.48355378e-05 0.0
6.47540946e-05 7.2330753e-05 0.0
6.12186413e-05 6.93268375e-05 0.0
5.74210972e-05 6.60284859e-05 0.0
5.42981179e-05 6.33029631e-05 0.0
5.21209695e-05 6.17766273e-05 0.0
5.04353338e-05 6.16099569e-05 0.0
4.77198955e-05 6.19328639e-05 0.0
4.40393742e-05 6.22043881e-05 0.0
3.9668812e-05 6.17888436e-05 0.0
3.49227412e-05 6.15498138e-05 0.0
2.37049462e-05 6.46705666e-05 0.0
1.91373365e-05 6.57620913e-05 0.0
5.47077798e-06 6.8267007e-05 0.0
5.80839005e-05 4.38134448e-05 0.0
5.71793316e-05 4.27675986e-05 0.0
5.76971943e-05 4.22674457e-05 0.0
5.77244427e-05 4.43265199e-05 0.0
5.83785586e-05 4.31060798e-05 0.0
5.69889453e-05 4.33037676e-05 0.0
5.83270194e-05 4.38630814e-05 0.0
5.6677156e-05 4.28535168e-05 0.0
5.69263284e-05 4.24247337e-05 0.0
5.80341366e-05 4.44063808e-05 0.0
5.74709957e-05 4.46688682e-05 0.0
5.82037392e-05 4.18058116e-05 0.0
5.6841458e-05 4.36814626e-05 0.0
5.86650203e-05 4.25617291e-05 0.0
5.77995124e-05 4.47593156e-05 0.0
5.65820665e-05 4.25685394e-05 0.0
5.8237878e-05 4.42238052e-05 0.0
5.65740374e-05 4.31422523e-05 0.0
5.71700184e-05 4.21463155e-05 0.0
5.84729278e-05 4.35129732e-05 0.0
5.90316668e-05 4.15124268e-05 0.0
5.71050805e-05 4.42636374e-05 0.0
5.72580648e-05 4.44809484e-05 0.0
5.88132752e-05 4.15095747e-05 0.0
5.75733684e-05 4.19885801e-05 0.0
5.76118437e-05 4.48455576e-05 0.0
5.88806688e-05 4.1941672e-05 0.0
5.69757467e-05 4.40162148e-05 0.0
5.66504023e-05 4.34093308e-05 0.0
5.85523303e-05 4.31074841e-05 0.0
5.78171494e-05 4.37377166e-05 0.0
5.77170249e-05 4.27146588e-05 0.0
5.81139429e-05 4.31732478e-05 0.0
5.73865473e-05 4.3185235e-05 0.0
-2.63809284e-06 4.43541758e-05 0.0
-2.54006022e-06 4.52612803e-05 0.0
-1.90119749e-06 4.51088999e-05 0.0
-3.02163426e-06 4.34938447e-05 0.0
-2.81272378e-06 4.57891947e-05 0.0
-2.2992042e-06 4.38111092e-05 0.0
-2.04168896e-06 4.43516765e-05 0.0
-1.78009509e-06 4.54669898e-05 0.0
-2.9781645e-06 4.47202001e-05 0.0
-2.16034618e-06 4.56427952e-05 0.0
-3.25684641e-06 4.39371142e-05 0.0
-2.96963663e-06 4.53191933e-05 0.0
-1.68448366e-06 4.49097497e-05 0.0
-2.42332544e-06 4.4879569e-05 0.0
-1.45834065e-06 4.52696804e-05 0.0
-3.35233881e-06 4.31284934e-05 0.0
-3.54338954e-06 4.33973182e-05 0.0
-2.45140791e-06 4.58934446e-05 0.0
-2.158911e-06 4.47124767e-05 0.0
-1.94796553e-06 4.40080694e-05 0.0
-2.46788682e-06 4.34482099e-05 0.0
-3.01765749e-06 4.61642703e-05 0.0
-1.77941865e-06 4.57097231e-05 0.0
-3.10819132e-06 4.57439783e-05 0.0
-1.45080321e-06 4.5445453e-05 0.0
-2.76945252e-06 4.38835123e-05 0.0
-2.17109573e-06 4.52539898e-05 0.0
-2.81819712e-06 4.3208016e-05 0.0
-2.71049498e-06 4.60886076e-05 0.0
-2.53131361e-06 4.55977388e-05 0.0
-1.67588689e-06 4.46222766e-05 0.0
-3.23405561e-06 4.49630024e-05 0.0
6.88863147e-05 4.38065144e-05 0.0
6.93608454e-05 4.50512234e-05 0.0
6.95348062e-05 4.60964839e-05 0.0
6.84375846e-05 4.28935964e-05 0.0
6.8466521e-05 4.31547523e-05 0.0
6.94577902e-05 4.56995404e-05 0.0
6.91597015e-05 4.44640973e-05 0.0
1.12650368e-05 6.60544101e-05 0.0
1.21714293e-05 6.53679526e-05 0.0
1.15274051e-05 6.48558707e-05 0.0
1.2842158e-05 6.531494e-05 0.0
1.09244302e-05 6.68394714e-05 0.0
1.059638e-05 6.6207278e-05 0.0
1.09239209e-05 6.52787276e-05 0.0
1.26394134e-05 6.45094988e-05 0.0
1.20453433e-05 6.43419771e-05 0.0
1.24070102e-05 6.58975478e-05 0.0
1.18279422e-05 6.57935598e-05 0.0
1.14087325e-05 6.67193744e-05 0.0
1.04999981e-05 6.57387791e-05 0.0
1.32445557e-05 6.54555188e-05 0.0
1.13972692e-05 6.54849428e-05 0.0
1.17388645e-05 6.42352315e-05 0.0
1.29395712e-05 6.48216592e-05 0.0
1.11152131e-05 6.47866109e-05 0.0
1.04788878e-05 6.65927655e-05 0.0
1.23941272e-05 6.42061495e-05 0.0
1.29217469e-05 6.58115387e-05 0.0
1.09417306e-05 6.72475726e-05 0.0
1.13240549e-05 6.71582966e-05 0.0
1.18854068e-05 6.50932925e-05 0.0
1.10196452e-05 6.64539184e-05 0.0
1.18382013e-05 6.64832041e-05 0.0
1.25076149e-05 6.51163573e-05 0.0
1.06150064e-05 6.69518195e-05 0.0
1.13993174e-05 6.44183019e-05 0.0
1.09402208e-05 6.57632409e-05 0.0
1.31974284e-05 6.50449438e-05 0.0
1.22828651e-05 6.47358465e-05 0.0
1.08153563e-05 -4.37191858e-07 0.0
1.12852895e-05 -7.57830037e-07 0.0
1.17787831e-05 -1.50571589e-06 0.0
1.02584518e-05 -3.47278245e-07 0.0
1.11053469e-05 -2.21275798e-07 0.0
1.19426541e-05 -1.92583707e-06 0.0
1.17205154e-05 -1.04076696e-06 0.0
1.13903889e-05 -1.35454673e-06 0.0
1.0594481e-05 -6.36183088e-08 0.0
2.82209548e-05 5.9718488e-05 0.0
2.75219172e-05 6.04361667e-05 0.0
2.66478601e-05 5.95148704e-05 0.0
2.74823087e-05 5.91819735e-05 0.0
2.94031579e-05 5.95081547e-05 0.0
2.62971771e-05 6.02582222e-05 0.0
2.87859511e-05 5.91009994e-05 0.0
2.7458198e-05 6.10271491e-05 0.0
2.67622472e-05 6.10625284e-05 0.0
2.82489109e-05 6.02994951e-05 0.0
2.75153561e-05 5.98755614e-05 0.0
2.58728669e-05 5.96229365e-05 0.0
2.63384245e-05 5.92183096e-05 0.0
2.90038661e-05 5.99477571e-05 0.0
2.82577057e-05 5.89103838e-05 0.0
2.95789669e-05 5.90250056e-05 0.0
2.81165885e-05 6.08653754e-05 0.0
2.68156127e-05 6.00000421e-05 0.0
2.97197603e-05 5.97297658e-05 0.0
2.7411159e-05 5.94829362e-05 0.0
2.81232406e-05 5.92945435e-05 0.0
2.6869262e-05 5.90745221e-05 0.0
2.6268257e-05 6.07537841e-05 0.0
2.56684052e-05 5.99507403e-05 0.0
2.58174059e-05 5.92755459e-05 0.0
2.71140761e-05 6.14258606e-05 0.0
2.98626983e-05 5.93417753e-05 0.0
2.73974019e-05 5.895098e-05 0.0
2.88835581e-05 5.9418071e-05 0.0
2.585119e-05 6.04033921e-05 0.0
2.91561664e-05 5.88180446e-05 0.0
2.75678303e-05 6.1556304e-05 0.0
2.69375087e-05 5.93068726e-05 0.0
2.68604581e-05 6.05755959e-05 0.0
2.74118102e-05 -6.9429957e-06 0.0
2.80253862e-05 -7.53026279e-06 0.0
2.72038942e-05 -6.72411488e-06 0.0
2.82504388e-05 -7.71914074e-06 0.0
6.86923013e-05 1.53686124e-05 0.0
6.76177078e-05 1.43549669e-05 0.0
6.76382188e-05 1.33594731e-05 0.0
6.96767311e-05 1.44513051e-05 0.0
6.98284057e-05 1.37412908e-05 0.0
6.79653895e-05 1.28628672e-05 0.0
6.79903678e-05 1.6181446e-05 0.0
6.73860559e-05 1.50643709e-05 0.0
6.92542017e-05 1.51643317e-05 0.0
6.72659226e-05 1.37869529e-05 0.0
6.90863235e-05 1.42256495e-05 0.0
6.74659896e-05 1.58617222e-05 0.0
6.91000314e-05 1.30803473e-05 0.0
6.71782909e-05 1.46012926e-05 0.0
6.75981501e-05 1.66285408e-05 0.0
6.82235623e-05 1.62233446e-05 0.0
7.04329941e-05 1.39652084e-05 0.0
6.75709598e-05 1.26552986e-05 0.0
6.81882375e-05 1.25786846e-05 0.0
6.99274096e-05 1.46021584e-05 0.0
6.72514507e-05 1.32053046e-05 0.0
6.81729725e-05 1.36717135e-05 0.0
7.03272526e-05 1.42562776e-05 0.0
6.71206362e-05 1.41478722e-05 0.0
6.87768043e-05 1.57137474e-05 0.0
6.73669347e-05 1.28495194e-05 0.0
6.74743133e-05 1.63251498e-05 0.0
6.86188359e-05 1.27693429e-05 0.0
6.72710012e-05 1.55038779e-05 0.0
6.97339565e-05 1.31976485e-05 0.0
6.6897388e-05 5.91526514e-05 0.0
6.78624856e-05 5.95308666e-05 0.0
6.7305984e-05 5.78413892e-05 0.0
6.71157322e-05 6.01810607e-05 0.0
6.64348991e-05 5.83939909e-05 0.0
6.61199738e-05 5.96228274e-05 0.0
6.76855052e-05 5.86164642e-05 0.0
6.6050452e-05 5.9001879e-05 0.0
6.77309436e-05 6.04091983e-05 0.0
6.6686669e-05 5.77545616e-05 0.0
6.64085601e-05 6.01952815e-05 0.0
6.84844636e-05 5.93685654e-05 0.0
6.76318596e-05 5.70883822e-05 0.0
6.81915844e-05 5.88244438e-05 0.0
6.7828485e-05 5.7884532e-05 0.0
6.59171274e-05 5.84764093e-05 0.0
6.73048999e-05 5.95235579e-05 0.0
6.81616511e-05 5.99857594e-05 0.0
6.67300046e-05 5.96875871e-05 0.0
6.56916091e-05 5.94106459e-05 0.0
6.72118404e-05 5.72224017e-05 0.0
6.69790534e-05 5.85323141e-05 0.0
6.65770858e-05 5.89007541e-05 0.0
6.7190289e-05 6.08379523e-05 0.0
6.62484163e-05 5.79421903e-05 0.0
6.58918507e-05 5.99561354e-05 0.0
6.75493939e-05 6.08211994e-05 0.0
6.67658824e-05 6.06365793e-05 0.0
6.56939737e-05 5.87294453e-05 0.0
6.56199481e-05 5.90457166e-05 0.0
6.76409763e-05 5.91158023e-05 0.0
6.7387431e-05 5.83652254e-05 0.0
6.75757474e-05 5.99091727e-05 0.0
6.80235826e-05 5.83551446e-05 0.0
6.65076732e-05 5.93292971e-05 0.0
6.69486035e-05 5.80280903e-05 0.0
6.56071061e-05 5.971473e-05 0.0
6.80594167e-05 6.04540182e-05 0.0
6.68750145e-05 5.72369972e-05 0.0
6.73164686e-05 5.88893126e-05 0.0
6.59903453e-05 5.81714885e-05 0.0
-4.22337962e-06 5.84826084e-05 0.0
-4.67547943e-06 5.76920611e-05 0.0
-4.08433016e-06 5.87055547e-05 0.0
-4.80600011e-06 5.73915095e-05 0.0
1.5784437e-05 5.26075091e-05 0.0
1.50859041e-05 5.34407591e-05 0.0
1.7044933e-05 5.41933223e-05 0.0
1.65774745e-05 5.50210461e-05 0.0
1.73907192e-05 5.49436336e-05 0.0
1.60102882e-05 5.53302525e-05 0.0
1.48211611e-05 5.39101784e-05 0.0
1.52598641e-05 5.27489101e-05 0.0
1.61381831e-05 5.2249321e-05 0.0
1.70535641e-05 5.35064792e-05 0.0
1.58033145e-05 5.19585774e-05 0.0
1.77254242e-05 5.43579918e-05 0.0
1.6896649e-05 5.5430286e-05 0.0
1.45913382e-05 5.32225531e-05 0.0
1.64969842e-05 5.25611977e-05 0.0
1.67900071e-05 5.29357567e-05 0.0
1.54263798e-05 5.5038905e-05 0.0
1.50334308e-05 5.45023468e-05 0.0
1.74116958e-05 5.53075442e-05 0.0
1.63941822e-05 5.55950683e-05 0.0
1.60217041e-05 5.18447923e-05 0.0
1.55002981e-05 5.22362643e-05 0.0
1.74792058e-05 5.38624263e-05 0.0
1.78686296e-05 5.48262578e-05 0.0
1.44951482e-05 5.35169274e-05 0.0
1.48275067e-05 5.29207573e-05 0.0
1.63807072e-05 5.21416696e-05 0.0
1.56631177e-05 5.55204861e-05 0.0
1.65038055e-05 5.43574351e-05 0.0
1.56484766e-05 5.33712846e-05 0.0
5.32587837e-05 5.82714747e-05 0.0
5.1573461e-05 5.69990589e-05 0.0
5.38877648e-05 5.76784842e-05 0.0
5.08909507e-05 5.73988436e-05 0.0
5.26953081e-05 5.87559443e-05 0.0
5.22441296e-05 5.66029921e-05 0.0
5.07880359e-05 5.69360018e-05 0.0
5.39314824e-05 5.83868969e-05 0.0
5.18528323e-05 5.86074057e-05 0.0
5.31829646e-05 5.65174523e-05 0.0
5.07853583e-05 5.77799583e-05 0.0
5.40638212e-05 5.71233904e-05 0.0
5.24094867e-05 5.70255033e-05 0.0
5.25105315e-05 5.81557142e-05 0.0
5.32675367e-05 5.88976327e-05 0.0
5.15695829e-05 5.65812188e-05 0.0
5.37477172e-05 5.87508803e-05 0.0
5.1001025e-05 5.66965646e-05 0.0
5.42884591e-05 5.81722015e-05 0.0
5.03839401e-05 5.70662123e-05 0.0
5.39304383e-05 5.66724739e-05 0.0
5.36991211e-05 5.64498841e-05 0.0
5.1044688e-05 5.81702479e-05 0.0
5.1357707e-05 5.84838017e-05 0.0
5.22291339e-05 5.89863266e-05 0.0
5.27933153e-05 5.63468348e-05 0.0
5.31530532e-05 5.77141218e-05 0.0
5.17087174e-05 5.74282312e-05 0.0
3.48086323e-05 2.27282635e-05 0.0
3.70252601e-05 2.39345118e-05 0.0
3.71056376e-05 2.32180118e-05 0.0
3.43623033e-05 2.16117205e-05 0.0
3.67355497e-05 2.23339775e-05 0.0
3.45659537e-05 2.12011219e-05 0.0
3.48874346e-05 2.38474331e-05 0.0
3.70386042e-05 2.44786625e-05 0.0
3.75461132e-05 2.39596848e-05 0.0
3.42104722e-05 2.20932325e-05 0.0
3.6379326e-05 2.28077224e-05 0.0
3.54769654e-05 2.45444644e-05 0.0
3.60844679e-05 2.15975069e-05 0.0
3.43540523e-05 2.3281129e-05 0.0
3.76430144e-05 2.46149211e-05 0.0
3.67869798e-05 2.47391781e-05 0.0
3.72842624e-05 2.27690816e-05 0.0
3.39630824e-05 2.0904803e-05 0.0
3.48717331e-05 2.09755708e-05 0.0
3.39567814e-05 2.14338761e-05 0.0
3.75925556e-05 2.35463831e-05 0.0
3.75064847e-05 2.31649228e-05 0.0
3.41463674e-05 2.25892454e-05 0.0
3.38542886e-05 2.10687231e-05 0.0
3.77505057e-05 2.43873292e-05 0.0
3.51027666e-05 2.20364291e-05 0.0
3.60622325e-05 2.46793534e-05 0.0
3.55627999e-05 2.12305295e-05 0.0
3.48274043e-05 2.45398733e-05 0.0
3.66565801e-05 2.17808501e-05 0.0
3.53845571e-05 2.34687141e-05 0.0
1.0128073e-05 1.18276866e-05 0.0
7.12310339e-06 1.23227592e-05 0.0
1.01632813e-05 1.27532721e-05 0.0
9.97485495e-06 1.11607114e-05 0.0
7.73387183e-06 1.15631174e-05 0.0
9.94274251e-06 1.33746516e-05 0.0
8.36880281e-06 1.2398441e-05 0.0
1.0642686e-05 1.21764688e-05 0.0
1.07883316e-05 1.14582144e-05 0.0
8.88845261e-06 1.35499531e-05 0.0
9.22611616e-06 1.06134958e-05 0.0
8.32211117e-06 1.08170016e-05 0.0
8.20231799e-06 1.30389635e-05 0.0
7.87838144e-06 1.20710738e-05 0.0
7.47550121e-06 1.26314453e-05 0.0
1.05477757e-05 1.26876184e-05 0.0
1.08671966e-05 1.17531208e-05 0.0
1.07492069e-05 1.11283916e-05 0.0
7.12815017e-06 1.19792712e-05 0.0
9.54675306e-06 1.35837572e-05 0.0
1.042652e-05 1.31114484e-05 0.0
1.02635504e-05 1.34149923e-05 0.0
1.02835183e-05 1.08563863e-05 0.0
9.76837873e-06 1.06397292e-05 0.0
9.66796233e-06 1.21874182e-05 0.0
7.87307636e-06 1.09827106e-05 0.0
8.73000681e-06 1.04745423e-05 0.0
8.0582322e-05 1.36402232e-05 0.0
7.94605003e-05 1.31815395e-05 0.0
8.07988399e-05 1.37947327e-05 0.0
7.91730199e-05 1.3122979e-05 0.0
8.13277511e-05 1.3955042e-05 0.0
7.9019781e-05 1.28849115e-05 0.0
7.87478075e-06 3.26757618e-05 0.0
9.72317139e-06 3.40017577e-05 0.0
8.94424284e-06 3.2092059e-05 0.0
8.99968927e-06 3.43257198e-05 0.0
1.01311598e-05 3.3621378e-05 0.0
7.17333114e-06 3.31333067e-05 0.0
8.24383642e-06 3.19921601e-05 0.0
9.58026612e-06 3.18372331e-05 0.0
7.87886438e-06 3.42334861e-05 0.0
9.90556418e-06 3.45154258e-05 0.0
7.24544088e-06 3.23846434e-05 0.0
1.00865918e-05 3.29054928e-05 0.0
9.10931158e-06 3.14289937e-05 0.0
1.03299017e-05 3.41362756e-05 0.0
6.83812868e-06 3.35258155e-05 0.0
9.46513228e-06 3.46926863e-05 0.0
8.8598872e-06 3.46792622e-05 0.0
8.27618896e-06 3.45763547e-05 0.0
1.03508473e-05 3.45043227e-05 0.0
7.68554582e-06 3.20742474e-05 0.0
6.92378126e-06 3.27126581e-05 0.0
9.59193039e-06 3.337819e-05 0.0
9.47626449e-06 3.13580567e-05 0.0
8.67024846e-06 3.15622783e-05 0.0
9.90695662e-06 3.18254351e-05 0.0
7.22255709e-06 3.41966079e-05 0.0
6.94984828e-06 3.39186845e-05 0.0
1.00554162e-05 3.22784363e-05 0.0
8.84288511e-06 3.38057325e-05 0.0
1.02919266e-05 3.32292548e-05 0.0
2.21195623e-05 1.39609747e-05 0.0
1.96486562e-05 1.27875119e-05 0.0
1.94440199e-05 1.31892812e-05 0.0
2.21259688e-05 1.45216445e-05 0.0
1.98397483e-05 1.37559928e-05 0.0
2.20341281e-05 1.33720478e-05 0.0
1.99311489e-05 1.23264344e-05 0.0
2.27216078e-05 1.4514012e-05 0.0
1.8881874e-05 1.26522373e-05 0.0
2.14309621e-05 1.46159282e-05 0.0
2.15044111e-05 1.27656222e-05 0.0
2.24386658e-05 1.37311972e-05 0.0
2.15095934e-05 1.34100483e-05 0.0
2.07638786e-05 1.23155769e-05 0.0
1.92464504e-05 1.22615265e-05 0.0
1.99851984e-05 1.41338114e-05 0.0
1.93855176e-05 1.35288074e-05 0.0
2.2893586e-05 1.49430934e-05 0.0
2.269166e-05 1.5050482e-05 0.0
2.21440605e-05 1.49603884e-05 0.0
1.88840386e-05 1.29364007e-05 0.0
2.02023093e-05 1.35376158e-05 0.0
2.26941211e-05 1.41983619e-05 0.0
1.87515616e-05 1.23724012e-05 0.0
1.91162744e-05 1.3230343e-05 0.0
2.03878917e-05 1.44137066e-05 0.0
2.08263718e-05 1.46303091e-05 0.0
2.19317299e-05 1.29293212e-05 0.0
2.15637338e-05 1.39627564e-05 0.0
2.03292366e-05 1.20151944e-05 0.0
2.12107516e-05 1.23826267e-05 0.0
3.27289381e-05 3.0237079e-05 0.0
3.45624903e-05 2.98563155e-05 0.0
3.45399349e-05 3.0405914e-05 0.0
3.21128355e-05 3.10098039e-05 0.0
3.46727938e-05 2.944261e-05 0.0
3.32144591e-05 2.9410292e-05 0.0
3.42786843e-05 3.08504968e-05 0.0
3.2089225e-05 3.07228402e-05 0.0
3.50225891e-05 3.00661814e-05 0.0
3.26103327e-05 3.12529228e-05 0.0
3.35143195e-05 2.89491309e-05 0.0
3.28448368e-05 2.97092702e-05 0.0
3.46956876e-05 2.91960223e-05 0.0
3.50353221e-05 2.95473983e-05 0.0
3.51120034e-05 2.98017912e-05 0.0
3.24593166e-05 3.026794e-05 0.0
3.15314392e-05 3.12712727e-05 0.0
3.13206183e-05 3.15472316e-05 0.0
3.17154336e-05 3.15255456e-05 0.0
3.51280978e-05 3.03676698e-05 0.0
3.50810624e-05 3.05717222e-05 0.0
3.48535432e-05 3.07296905e-05 0.0
3.39463368e-05 2.897788e-05 0.0
3.43389402e-05 2.90840198e-05 0.0
3.39666403e-05 3.11280201e-05 0.0
3.33509815e-05 3.13005803e-05 0.0
3.33235621e-05 2.97780734e-05 0.0
3.41162486e-05 2.97127208e-05 0.0
6.16422403e-05 3.62076935e-05 0.0
6.30063441e-05 3.8337319e-05 0.0
6.28223206e-05 3.70841699e-05 0.0
6.18925551e-05 3.84142586e-05 0.0
6.13070442e-05 3.60202393e-05 0.0
6.41344959e-05 3.88390945e-05 0.0
6.21347499e-05 3.6313093e-05 0.0
6.3644562e-05 3.74939191e-05 0.0
6.1478946e-05 3.81039645e-05 0.0
6.25939792e-05 3.85252861e-05 0.0
6.09906565e-05 3.51502349e-05 0.0
6.43499225e-05 3.87171895e-05 0.0
6.31733274e-05 3.69150512e-05 0.0
6.36931654e-05 3.8831633e-05 0.0
6.12478616e-05 3.65433079e-05 0.0
6.19501952e-05 3.86638822e-05 0.0
6.13625089e-05 3.88766421e-05 0.0
6.1194638e-05 3.87786858e-05 0.0
6.31178118e-05 3.86444517e-05 0.0
6.15552053e-05 3.56928285e-05 0.0
6.08262817e-05 3.51232593e-05 0.0
6.33625168e-05 3.81980135e-05 0.0
6.35937031e-05 3.71739952e-05 0.0
6.27110203e-05 3.6613339e-05 0.0
6.13778611e-05 3.7664744e-05 0.0
6.41216029e-05 3.77156575e-05 0.0
6.42688756e-05 3.81616555e-05 0.0
6.13515294e-05 3.71323113e-05 0.0
6.22545995e-05 3.79172452e-05 0.0
6.46922199e-05 3.92181573e-05 0.0
2.28115296e-05 3.6722573e-05 0.0
2.08634265e-05 3.69640693e-05 0.0
2.34593863e-05 3.57299177e-05 0.0
2.07401281e-05 3.65327069e-05 0.0
2.12825162e-05 3.60859631e-05 0.0
2.23748266e-05 3.74428491e-05 0.0
2.099021e-05 3.75029667e-05 0.0
2.36164451e-05 3.58945763e-05 0.0
2.32143921e-05 3.5455887e-05 0.0
2.01503481e-05 3.68430119e-05 0.0
2.30706955e-05 3.67510365e-05 0.0
2.44564744e-05 3.50968694e-05 0.0
2.14726697e-05 3.78646437e-05 0.0
2.04409826e-05 3.73151743e-05 0.0
2.20991678e-05 3.80175879e-05 0.0
2.15148248e-05 3.57445642e-05 0.0
2.07468147e-05 3.62250248e-05 0.0
2.01348648e-05 3.66239292e-05 0.0
2.00233371e-05 3.70501111e-05 0.0
2.0395637e-05 3.64330481e-05 0.0
2.27297114e-05 3.72385512e-05 0.0
2.34366962e-05 3.62519713e-05 0.0
2.42663718e-05 3.53503783e-05 0.0
2.41022062e-05 3.5068224e-05 0.0
2.17947108e-05 3.81340105e-05 0.0
2.19926023e-05 3.55181219e-05 0.0
2.25644217e-05 3.53324322e-05 0.0
2.15587006e-05 3.63638319e-05 0.0
2.14713164e-05 3.71596616e-05 0.0
2.11720217e-05 3.79096964e-05 0.0
2.29754478e-05 3.62448336e-05 0.0
5.75457998e-05 2.87485782e-05 0.0
5.70488482e-05 2.9696168e-05 0.0
5.68346331e-05 2.67945816e-05 0.0
5.54441067e-05 2.71278222e-05 0.0
5.63423382e-05 2.9384948e-05 0.0
5.74655714e-05 2.99007497e-05 0.0
5.57450767e-05 2.66835523e-05 0.0
5.48900534e-05 2.73729402e-05 0.0
5.80357409e-05 2.79224441e-05 0.0
5.78962899e-05 2.65022027e-05 0.0
5.78042273e-05 2.89770196e-05 0.0
5.68272444e-05 2.64039136e-05 0.0
5.75163285e-05 3.08715025e-05 0.0
5.46685842e-05 2.66731822e-05 0.0
5.85306661e-05 2.65202052e-05 0.0
5.84498011e-05 2.70698256e-05 0.0
5.53850077e-05 2.83994123e-05 0.0
5.48680837e-05 2.78427342e-05 0.0
5.69516451e-05 3.03006273e-05 0.0
5.76529928e-05 3.07649134e-05 0.0
5.4978238e-05 2.65458366e-05 0.0
5.45840667e-05 2.69249576e-05 0.0
5.76659477e-05 2.95002446e-05 0.0
5.79833431e-05 2.84912367e-05 0.0
5.7456833e-05 2.637543e-05 0.0
5.61378438e-05 2.64363771e-05 0.0
5.55678816e-05 2.89377149e-05 0.0
5.8628917e-05 2.61856549e-05 0.0
5.70460725e-05 2.87951279e-05 0.0
5.63803114e-05 2.73737987e-05 0.0
3.66602544e-05 4.66086167e-05 0.0
4.97436959e-05 1.14309923e-05 0.0
4.10947687e-05 5.27616612e-05 0.0
4.13223497e-05 6.86934936e-06 0.0
2.73452315e-05 4.41466291e-05 0.0
4.24077807e-05 4.04229977e-05 0.0
3.02438202e-05 5.20953108e-05 0.0
3.3725697e-05 6.92405592e-06 0.0
6.64632244e-05 4.10709799e-05 0.0
5.05097451e-05 1.96553938e-05 0.0
4.89763042e-05 3.39740363e-05 0.0
1.06976886e-05 4.39202486e-05 0.0
7.08336374e-05 2.14005231e-05 0.0
2.48255019e-05 2.43885115e-05 0.0
6.86913336e-05 2.79977885e-05 0.0
5.62433743e-05 5.42795897e-06 0.0
4.54998844e-05 4.72976208e-05 0.0
2.89641666e-05 6.61839022e-06 0.0
1.70670173e-05 2.64863829e-05 0.0
2.05283663e-06 5.65119954e-05 0.0
3.37130732e-05 2.73276892e-05 0.0
3.37684651e-05 3.95175121e-05 0.0
2.9015926e-05 4.84523371e-05 0.0
5.67639399e-05 1.50501064e-05 0.0
6.3742882e-05 4.75970846e-05 0.0
4.39268697e-05 1.52247558e-05 0.0
4.70828927e-05 2.59275703e-06 0.0
4.92155013e-05 5.03862393e-05 0.0
6.37705125e-06 5.4723725e-05 0.0
3.66056629e-05 7.910931e-07 0.0
1.95475186e-05 2.4633262e-05 0.0
1.25939241e-05 2.07461981e-05 0.0
4.04156999e-05 5.77685169e-05 0.0
3.74425799e-05 1.19324886e-05 0.0
4.66424972e-05 3.77708348e-05 0.0
2.75980237e-05 2.82667024e-05 0.0
1.47649489e-05 2.35486423e-05 0.0
3.38494756e-05 5.48210955e-05 0.0
4.76054774e-05 4.35667498e-05 0.0
2.15705422e-05 4.47635757e-05 0.0
4.560866e-05 3.55996199e-05 0.0
2.81189205e-05 3.95729803e-05 0.0
3.70707021e-05 5.01865616e-05 0.0
2.2363738e-05 2.21898563e-06 0.0
3.39897451e-05 4.37121125e-05 0.0
5.83195251e-05 1.97201625e-05 0.0
2.60647885e-05 3.57641284e-06 0.0
7.0097296e-05 3.21468433e-05 0.0
3.26490954e-05 1.21515241e-05 0.0
5.98423685e-06 4.12948139e-05 0.0
2.47095431e-05 5.41985428e-05 0.0
7.99872214e-06 4.81557363e-05 0.0
5.16583787e-05 1.54905808e-06 0.0
4.55365007e-05 3.03976631e-05 0.0
4.75614142e-05 2.42818351e-05 0.0
5.81450877e-06 5.5493033e-06 0.0
3.40805927e-05 2.58935779e-05 0.0
1.34132742e-05 3.92560396e-05 0.0
6.04971283e-05 5.72236468e-06 0.0
7.23763005e-05 2.38331431e-05 0.0
4.01332181e-05 1.4261982e-05 0.0
4.24652135e-05 1.9566653e-07 0.0
2.19003414e-05 2.76296159e-05 0.0
2.59837343e-05 1.97046429e-05 0.0
6.56050834e-05 2.57157426e-05 0.0
4.54090004e-05 8.81421511e-06 0.0
3.03091347e-05 1.53199053e-05 0.0
1.82023814e-05 3.78594405e-06 0.0
6.11913201e-05 6.46071276e-05 0.0
6.42563245e-05 3.16438345e-05 0.0
2.43965151e-05 3.49516381e-06 0.0
2.30757996e-05 4.79305527e-05 0.0
7.39617608e-05 1.73783919e-05 0.0
6.0037044e-05 1.18219068e-05 0.0
1.61599037e-05 4.46359481e-05 0.0
6.52274321e-05 2.17272081e-05 0.0
4.43011741e-05 2.00000413e-05 0.0
4.60524243e-05 5.46312222e-05 0.0
6.94455321e-06 5.07151162e-05 0.0
2.4528912e-05 5.15790343e-05 0.0
5.48987737e-05 3.68205183e-05 0.0
4.11277833e-05 4.39690739e-05 0.0
9.21432911e-06 2.24677515e-05 0.0
5.53884893e-05 3.39230537e-05 0.0
3.02692788e-05 1.6939108e-06 0.0
5.89671217e-05 5.32719605e-05 0.0
3.81012032e-05 3.72213799e-05 0.0
2.8352415e-06 6.06469366e-05 0.0
6.63553801e-05 4.96168359e-05 0.0
6.24521999e-05 5.10819591e-05 0.0
3.33322059e-05 -2.72211281e-07 0.0
4.66055135e-05 3.66039203e-05 0.0
1.36915414e-05 6.19492585e-06 0.0
4.84637712e-05 4.07570624e-05 0.0
1.63505338e-05 3.24900648e-05 0.0
4.369815e-05 3.55062475e-05 0.0
3.10770229e-05 3.52119023e-05 0.0
3.21331645e-05 4.91351166e-05 0.0
4.89205959e-05 1.48872014e-05 0.0
5.07926925e-05 4.72851789e-05 0.0
2.22263297e-05 2.1349093e-05 0.0
3.58022444e-05 1.44140513e-05 0.0
6.58938152e-05 4.0901883e-05 0.0
2.50462235e-05 2.86643281e-05 0.0
-1.03242883e-06 5.30255638e-05 0.0
6.51681112e-05 4.39777432e-05 0.0
2.93709509e-05 2.3286284e-05 0.0
5.29583158e-05 2.25578988e-05 0.0
5.35903455e-05 5.04183336e-05 0.0
7.59769537e-05 1.32167334e-05 0.0
5.47246273e-05 9.87803014e-06 0.0
1.87579662e-05 6.05797068e-05 0.0
1.06724665e-05 5.78684012e-05 0.0
6.91218611e-06 5.92864999e-05 0.0
2.63218794e-06 5.20530375e-05 0.0
3.9755294e-05 5.76859748e-05 0.0
1.85570916e-05 2.16959797e-05 0.0
4.48226165e-05 5.02919356e-05 0.0
6.67918794e-05 4.09101776e-05 0.0
6.20557985e-05 4.37129383e-05 0.0
5.6210838e-06 4.43478748e-05 0.0
9.95868868e-06 2.23955358e-05 0.0
2.69708507e-05 3.13004457e-05 0.0
3.26318368e-05 4.60178926e-05 0.0
7.46965961e-05 1.92406205e-05 0.0
4.26394217e-05 3.22344858e-05 0.0
4.43897115e-05 2.66088209e-05 0.0
3.48084068e-05 5.72106728e-05 0.0
4.03654885e-05 5.9399219e-05 0.0
6.66579726e-05 4.0911109e-05 0.0
3.3695771e-05 2.68149615e-05 0.0
4.02300175e-05 4.76895875e-05 0.0
2.45266165e-05 4.11061665e-05 0.0
7.36922957e-05 2.76931787e-05 0.0
1.9078032e-05 2.96877297e-05 0.0
3.64458137e-05 4.14750793e-05 0.0
5.02371986e-05 4.53362445e-05 0.0
1.40568281e-05 2.85373335e-05 0.0
6.35889373e-05 2.82821293e-05 0.0
2.9213581e-05 5.54510952e-05 0.0
5.6317891e-05 1.49203436e-06 0.0
6.10172829e-05 1.70469139e-05 0.0
5.18939014e-05 3.80160018e-05 0.0
1.73756562e-05 2.02999072e-05 0.0
5.00903625e-05 5.54551571e-06 0.0
2.65438721e-05 9.7948905e-06 0.0
1.40698694e-05 1.49179295e-05 0.0
6.16718753e-05 2.12096274e-05 0.0
6.18766207e-05 9.89653836e-06 0.0
3.79760968e-05 6.80286257e-06 0.0
7.41281765e-05 1.37371153e-05 0.0
3.98823977e-05 -2.47401294e-06 0.0
5.24844545e-05 1.67238577e-05 0.0
7.19940508e-05 3.43226493e-05 0.0
2.83329464e-05 2.60005947e-07 0.0
4.36376431e-05 2.85295519e-05 0.0
1.21282064e-05 2.57694664e-05 0.0
1.21373123e-05 4.84904049e-05 0.0
1.73235312e-05 5.92501783e-06 0.0
1.51933873e-05 1.94996974e-05 0.0
2.11094812e-05 6.35352189e-05 0.0
1.88810645e-05 4.45137921e-05 0.0
1.61359421e-05 4.1230247e-05 0.0
3.03259258e-05 4.15624963e-05 0.0
7.07524596e-05 7.20899743e-06 0.0
3.45755107e-05 3.61388848e-05 0.0
6.54780379e-05 6.84343759e-05 0.0
2.70705391e-06 4.00163408e-05 0.0
5.11173275e-05 6.04465349e-05 0.0
6.1364437e-05 5.26283256e-05 0.0
2.05398283e-05 1.98626803e-05 0.0
8.37843527e-06 1.86380148e-05 0.0
6.15623503e-05 5.15531501e-05 0.0
1.99519832e-06 6.20710998e-05 0.0
2.14038009e-05 5.06924516e-05 0.0
4.10561624e-05 1.91315467e-05 0.0
4.38084717e-05 4.52681561e-05 0.0
6.96967836e-05 1.89638049e-05 0.0
3.45510562e-05 5.23734998e-05 0.0
1.98018988e-05 4.11982057e-07 0.0
6.79730101e-06 4.97842811e-05 0.0
3.08738959e-06 6.23943997e-05 0.0
4.05368082e-05 3.5497771e-05 0.0
4.14450687e-06 2.86035674e-06 0.0
2.30362002e-05 5.6120909e-05 0.0
1.56900715e-05 5.76672528e-06 0.0
4.56144471e-06 6.48201967e-05 0.0
6.46668341e-05 5.23909221e-05 0.0
5.73657053e-05 6.37712292e-05 0.0
6.6460434e-06 4.87678735e-05 0.0
4.88089063e-05 -1.38734458e-06 0.0
2.22080907e-05 5.76344064e-05 0.0
6.39143182e-05 2.45616611e-05 0.0
8.49721971e-07 3.80491256e-05 0.0
6.61425074e-05 3.32288655e-05 0.0
5.07840632e-05 5.31001315e-05 0.0
6.15248209e-05 4.68491198e-05 0.0
5.09999591e-05 3.14960162e-05 0.0
-4.24265863e-07 5.71776145e-05 0.0
9.29553062e-06 3.87911059e-05 0.0
2.71384924e-05 4.65391458e-05 0.0
4.2364838e-05 1.09522225e-05 0.0
6.29223287e-05 6.43390104e-06 0.0
3.50159607e-05 2.6761687e-05 0.0
4.41094053e-05 4.74248691e-06 0.0
3.84257801e-05 5.53460959e-05 0.0
3.41442251e-06 4.99089801e-05 0.0
3.15024226e-05 2.64741429e-05 0.0
1.869056e-05 4.5190176e-05 0.0
3.41994855e-05 -3.03640968e-06 0.0
3.98842749e-05 5.68578253e-05 0.0
4.60031079e-05 -1.70874625e-06 0.0
2.8695229e-05 3.44163673e-05 0.0
4.67459067e-05 2.62192716e-05 0.0
5.96629434e-06 6.11899159e-05 0.0
5.67977404e-05 3.58050966e-05 0.0
4.10905814e-05 4.9963186e-05 0.0
3.48801113e-05 4.4485696e-06 0.0
3.98094235e-05 2.71210592e-06 0.0
4.66340643e-05 1.24895942e-05 0.0
3.17105587e-05 7.30082047e-06 0.0
1.08780787e-05 2.31383838e-05 0.0
1.99591777e-05 4.84826305e-05 0.0
3.58125732e-07 5.11333019e-05 0.0
6.09192284e-05 6.13502125e-05 0.0
4.35895236e-05 2.30709375e-05 0.0
5.40742913e-05 1.89953334e-05 0.0
3.99327519e-06 8.26522773e-06 0.0
9.49625064e-06 2.28381214e-05 0.0
7.05996135e-05 6.33307282e-05 0.0
9.89587625e-06 5.43589595e-05 0.0
5.35949584e-05 4.75208253e-05 0.0
5.14060557e-05 4.04970706e-05 0.0
7.64545766e-05 1.47239898e-05 0.0
4.50084226e-05 2.78206717e-05 0.0
2.18082641e-05 5.29744575e-05 0.0
3.96270079e-05 1.06058978e-05 0.0
4.02198239e-05 5.91468379e-05 0.0
2.06312343e-05 3.00319316e-05 0.0
8.47998308e-06 5.0206686e-06 0.0
2.81660996e-05 3.68178298e-05 0.0
3.41436426e-05 2.62204558e-05 0.0
6.15181998e-05 1.46860821e-05 0.0
2.8725201e-06 6.26938345e-05 0.0
2.47503449e-05 -1.77888671e-06 0.0
3.31462616e-05 2.63891689e-05 0.0
1.94089607e-05 6.2381936e-05 0.0
5.38126405e-05 6.10911411e-06 0.0
4.49044201e-05 5.27180164e-05 0.0
1.60567706e-05 -8.74235937e-08 0.0
5.6241719e-05 5.07367149e-05 0.0
3.73045805e-05 1.71846841e-05 0.0
5.30958569e-05 1.26493396e-05 0.0
6.26670735e-05 2.19442936e-05 0.0
2.12300347e-05 5.89367592e-05 0.0
2.2876e-05 3.12418379e-05 0.0
4.56063353e-05 5.66903182e-05 0.0
5.05452444e-05 3.89606103e-05 0.0
1.5571859e-05 4.32280285e-06 0.0
1.46445536e-05 3.66420754e-05 0.0
5.2283307e-05 6.08906375e-05 0.0
1.45561826e-05 1.1915502e-05 0.0
5.29158897e-05 -1.48038657e-06 0.0
6.75109914e-05 5.13885934e-05 0.0
5.79385451e-05 3.86987376e-05 0.0
5.79195876e-05 3.32808377e-05 0.0
3.54182048e-05 5.86684364e-05 0.0
3.01644068e-05 1.15270968e-05 0.0
1.14684208e-05 1.72004711e-05 0.0
2.77157906e-05 1.67328526e-05 0.0
8.9138266e-06 5.95905258e-05 0.0
3.98923876e-05 5.77874962e-05 0.0
7.60061157e-05 2.10490234e-05 0.0
3.74197989e-05 4.42237651e-05 0.0
7.84185886e-06 2.60419238e-05 0.0
5.01010945e-05 6.00537605e-05 0.0
2.05743327e-05 6.26768961e-05 0.0
4.09131062e-05 3.41893247e-05 0.0
2.86245031e-05 5.06402102e-05 0.0
4.26631195e-05 2.81184821e-05 0.0
3.31994015e-05 1.64259036e-05 0.0
1.49859734e-05 1.16346146e-05 0.0
1.27919848e-05 5.96264181e-05 0.0
7.78322574e-05 1.61087173e-05 0.0
5.1489551e-05 4.27966806e-05 0.0
2.48307151e-05 4.36099326e-05 0.0
-3.29517161e-06 5.19274836e-05 0.0
2.35477637e-05 1.87826172e-05 0.0
3.4081484e-05 2.69668872e-05 0.0
2.80918957e-05 1.7215576e-05 0.0
6.62211896e-05 4.11648434e-05 0.0
6.62567254e-05 4.29149441e-05 0.0
2.89709151e-05 1.76317844e-05 0.0
6.85475243e-05 5.64878701e-06 0.0
3.4310176e-06 1.07336127e-05 0.0
4.30355394e-05 3.83735569e-05 0.0
1.12573553e-05 4.81889128e-06 0.0
6.07619077e-05 3.25053261e-05 0.0
4.90291859e-05 3.83564657e-05 0.0
3.0797557e-05 5.65744485e-05 0.0
6.78442593e-05 3.06528309e-05 0.0
7.62816635e-05 1.32723635e-05 0.0
4.40580989e-05 5.90916097e-05 0.0
7.37572627e-05 3.09108837e-05 0.0
2.1919901e-05 5.71808923e-05 0.0
5.9784561e-05 3.34729848e-05 0.0
2.44503408e-05 6.20286664e-06 0.0
3.0419722e-05 2.48561282e-05 0.0
3.55878037e-05 9.55381984e-06 0.0
5.56262858e-05 5.03429474e-05 0.0
5.94956109e-05 5.68336072e-05 0.0
6.76364798e-05 6.86940839e-05 0.0
2.66925472e-05 2.58242671e-05 0.0
4.01011239e-05 3.26085428e-05 0.0
3.02736735e-05 -2.59955368e-06 0.0
2.11743645e-05 6.46556055e-06 0.0
4.51631968e-05 2.55469331e-05 0.0
2.63109159e-05 5.26415497e-05 0.0
2.60289598e-05 1.88244599e-07 0.0
2.97540864e-05 2.88587889e-05 0.0
9.65862364e-06 4.1651645e-05 0.0
6.87100692e-05 2.35790612e-05 0.0
2.28089411e-05 6.07604488e-06 0.0
7.06890496e-05 3.56875389e-05 0.0
3.09819734e-05 3.83257102e-05 0.0
5.85439693e-06 4.99527523e-05 0.0
4.41189841e-05 4.24119644e-05 0.0
7.49678293e-05 2.46078362e-05 0.0
1.01659525e-05 2.18176119e-05 0.0
3.55270931e-05 5.94714293e-05 0.0
1.84244127e-05 4.4671815e-05 0.0
3.06249894e-05 4.4376884e-05 0.0
3.72769136e-05 5.34737337e-05 0.0
6.718441e-05 9.24038068e-06 0.0
2.22210838e-06 4.27402701e-05 0.0
1.52049906e-05 3.46127563e-05 0.0
1.46264829e-05 1.1280963e-05 0.0
5.84912414e-06 4.92382642e-05 0.0
1.26656678e-05 2.79283468e-05 0.0
4.27352024e-05 5.52201527e-05 0.0
1.07229207e-05 2.60676461e-05 0.0
2.6231497e-05 5.59898654e-05 0.0
6.74344847e-05 1.00040052e-05 0.0
2.17277884e-05 4.16919174e-05 0.0
4.73173204e-05 5.98361949e-05 0.0
6.10711577e-05 4.16837938e-05 0.0
3.91296936e-07 3.53842297e-05 0.0
3.12488119e-05 5.36596272e-05 0.0
2.92455843e-05 1.86746383e-05 0.0
3.32417658e-05 5.07050972e-05 0.0
1.58333496e-05 2.4865225e-05 0.0
3.48974791e-05 1.60715917e-05 0.0
4.83240292e-05 8.48313175e-06 0.0
6.70125519e-05 7.99444388e-06 0.0
5.77558494e-05 2.29303187e-05 0.0
2.17146753e-05 5.72543868e-05 0.0
1.39844706e-05 1.13330652e-05 0.0
5.1284751e-05 5.99675986e-05 0.0
3.59820624e-05 4.851825e-05 0.0
4.79047339e-05 3.51491399e-05 0.0
2.71687022e-05 -1.0790327e-06 0.0
6.35040706e-05 4.29722641e-05 0.0
5.23900999e-05 6.06551257e-05 0.0
6.67283166e-05 4.61577438e-05 0.0
1.81796077e-05 3.198997e-05 0.0
4.959117e-05 2.95833597e-05 0.0
1.46105976e-05 9.50831964e-06 0.0
5.42188573e-05 2.56366775e-06 0.0
3.11470976e-05 -4.89043032e-06 0.0
6.19183556e-05 2.70892615e-05 0.0
4.01937032e-05 4.5745066e-05 0.0
2.71466888e-05 1.3661348e-05 0.0
2.86850955e-05 1.84484143e-05 0.0
6.86037893e-05 2.59352946e-05 0.0
2.06513505e-05 5.1947718e-05 0.0
3.37652964e-05 1.05860699e-05 0.0
5.1374187e-05 2.54093284e-05 0.0
1.70510029e-05 3.85947242e-05 0.0
4.0787967e-05 3.03195411e-05 0.0
2.1018499e-05 2.47619209e-05 0.0
3.65214219e-05 -3.84114946e-06 0.0
4.10794701e-06 4.60143019e-05 0.0
3.83367915e-05 5.17332846e-05 0.0
1.57088871e-05 1.65162746e-05 0.0
2.71558583e-05 4.37080598e-06 0.0
1.37736906e-05 3.19864521e-05 0.0
6.17780461e-05 6.77281132e-05 0.0
5.98417209e-05 5.95110614e-05 0.0
1.00973239e-05 1.84695855e-05 0.0
5.71340242e-05 1.23424688e-05 0.0
2.484787e-05 8.34601269e-06 0.0
6.64815088e-05 4.12066402e-05 0.0
5.99054656e-05 5.88403673e-05 0.0
1.53350957e-05 1.25348233e-05 0.0
2.38351895e-05 4.59206312e-05 0.0
1.10787178e-05 5.05804892e-05 0.0
6.73272079e-05 3.46106754e-05 0.0
7.18413912e-06 2.79271558e-06 0.0
7.17194926e-05 2.59880944e-05 0.0
3.21621847e-05 2.32452999e-06 0.0
3.32370328e-05 4.2039559e-05 0.0
6.63284591e-05 5.34829269e-05 0.0
3.8885566e-05 1.842046e-05 0.0
5.65812152e-05 1.74887609e-05 0.0
7.26756771e-05 2.17441993e-05 0.0
2.5742851e-05 3.85050844e-05 0.0
6.54888481e-06 7.93305753e-06 0.0
5.91345597e-05 2.26123643e-06 0.0
5.35935105e-05 4.54995352e-05 0.0
2.72041343e-05 4.20631732e-05 0.0
6.5229302e-05 8.98407507e-06 0.0
2.71274403e-05 3.27339148e-05 0.0
4.75417983e-05 2.1749207e-05 0.0
2.30249207e-05 2.46884647e-05 0.0
6.74492912e-05 9.00768282e-06 0.0
4.54932851e-05 1.68696406e-05 0.0
1.55718899e-05 6.01246138e-05 0.0
5.62672103e-05 5.05969037e-05 0.0
5.27905577e-05 4.39110117e-05 0.0
4.22592493e-05 3.42285421e-05 0.0
2.15672353e-05 3.20558102e-05 0.0
3.21319339e-06 5.63307822e-06 0.0
2.94945949e-05 2.13424428e-05 0.0
4.10371649e-05 2.19017911e-05 0.0
2.250939e-05 -1.14511909e-06 0.0
2.71594035e-06 3.856478e-05 0.0
1.84278906e-05 2.56134299e-05 0.0
4.73132932e-05 4.8411126e-05 0.0
4.5410161e-05 5.77617247e-05 0.0
-8.72866622e-07 5.89592892e-05 0.0
1.70957755e-05 1.83088923e-05 0.0
2.66379848e-05 2.22119415e-05 0.0
4.36291375e-05 -3.15616785e-06 0.0
4.34324429e-05 2.47730277e-05 0.0
2.6773539e-06 4.80763883e-05 0.0
6.80963058e-05 3.61999628e-05 0.0
4.80430172e-05 3.22633568e-05 0.0
2.88495121e-05 3.30076291e-05 0.0
6.36133555e-05 1.35961e-05 0.0
9.1885131e-06 4.61916898e-05 0.0
1.92627122e-05 4.56143753e-05 0.0
1.55114576e-05 1.82619283e-06 0.0
5.08196426e-05 -2.49176014e-06 0.0
6.36494005e-05 9.58657802e-06 0.0
5.20060712e-05 3.42587155e-05 0.0
5.70056409e-06 3.24384164e-05 0.0
5.87163959e-05 4.8748243e-05 0.0
6.71944406e-07 4.88391634e-05 0.0
2.90223779e-05 1.92772332e-05 0.0
4.0253035e-05 4.19945973e-05 0.0
5.87759096e-05 3.330256e-05 0.0
1.95851771e-05 1.89242037e-05 0.0
6.17494734e-05 2.459803e-05 0.0
5.14070671e-05 3.9644503e-05 0.0
1.84203782e-05 4.16516741e-05 0.0
4.76698478e-05 1.84436121e-05 0.0
3.86850661e-05 1.43824018e-05 0.0
6.21809932e-06 3.81577302e-05 0.0
7.09092201e-05 3.21799666e-06 0.0
5.33121965e-06 3.29793802e-05 0.0
6.07204493e-05 4.0569008e-05 0.0
1.39282538e-05 5.95508245e-05 0.0
4.21681307e-06 6.62969105e-05 0.0
6.35207107e-05 2.10252347e-05 0.0
5.4443768e-05 3.1567899e-05 0.0
4.93698826e-05 2.10949656e-06 0.0
3.97292433e-06 5.57763778e-05 0.0
2.45669453e-05 1.71191787e-05 0.0
1.28076354e-05 4.19772841e-05 0.0
-2.49791833e-06 5.55558327e-05 0.0
1.88804086e-06 3.88097797e-05 0.0
7.16406503e-05 9.58413875e-06 0.0
6.30884897e-05 4.94326523e-05 0.0
1.0867635e-05 2.0493957e-05 0.0
4.17397387e-05 1.52751363e-05 0.0
1.98763591e-05 8.23438586e-06 0.0
6.89194057e-05 6.586987e-05 0.0
3.94059134e-05 3.9582188e-05 0.0
3.90493369e-05 2.68286021e-05 0.0
5.88742696e-05 6.44696456e-06 0.0
7.45629222e-05 1.34153661e-05 0.0
5.30288753e-06 3.22767046e-05 0.0
6.31890944e-05 1.81369451e-05 0.0
4.88172991e-05 5.5091481e-05 0.0
5.75606755e-05 8.70634449e-06 0.0
5.09994352e-05 3.56792625e-05 0.0
4.69003171e-05 2.70263936e-05 0.0
9.39486745e-06 2.66524894e-05 0.0
5.90663622e-05 3.96039832e-05 0.0
7.11417815e-05 1.98147754e-05 0.0
1.50659589e-05 4.79357368e-05 0.0
5.56788909e-05 5.08392513e-05 0.0
2.44528474e-05 3.20102408e-05 0.0
2.84496741e-06 6.26786132e-05 0.0
3.69833033e-05 3.45243679e-05 0.0
2.32597595e-05 8.17236105e-06 0.0
2.80862205e-05 5.37813867e-05 0.0
2.0401274e-05 5.00113711e-05 0.0
5.17655717e-05 8.85763984e-06 0.0
1.148519e-05 3.72949471e-05 0.0
3.23335116e-05 1.80916686e-05 0.0
6.66432315e-05 1.9292238e-05 0.0
5.45272887e-05 6.20261344e-05 0.0
6.51160299e-05 4.71733838e-05 0.0
6.10257994e-05 5.03269766e-05 0.0
6.5359287e-05 2.97269235e-05 0.0
5.71993223e-06 6.33515301e-05 0.0
3.57874569e-06 4.71489147e-05 0.0
5.7446523e-05 6.17216065e-05 0.0
6.75510964e-05 4.78426482e-05 0.0
6.15900572e-05 3.02999269e-05 0.0
1.31261768e-05 4.49411345e-05 0.0
6.38602432e-05 6.39732025e-05 0.0
7.21160759e-05 6.6723449e-05 0.0
2.8107841e-05 3.32099662e-05 0.0
1.7738088e-05 6.37440316e-05 0.0
4.435542e-05 1.21296034e-05 0.0
6.02816181e-05 4.71853236e-05 0.0
9.54654024e-06 5.80974529e-06 0.0
1.56260867e-05 2.93884932e-05 0.0
6.40385333e-05 5.50171426e-05 0.0
2.48224769e-05 5.02769108e-05 0.0
6.77579519e-05 2.197303e-05 0.0
2.57510019e-05 -1.77360187e-06 0.0
1.42081726e-05 5.97905782e-05 0.0
7.09125306e-05 2.98666073e-05 0.0
6.95990047e-06 2.31983977e-05 0.0
1.83969987e-05 4.78733236e-05 0.0
6.70760492e-05 9.41843791e-06 0.0
1.09359689e-05 5.24542411e-05 0.0
1.37839825e-05 6.06031062e-05 0.0
3.34455908e-05 4.75603374e-05 0.0
4.58626128e-05 2.78683838e-05 0.0
5.57738458e-05 3.90967107e-05 0.0
4.48678184e-05 1.53450162e-06 0.0
2.04076809e-06 1.5375366e-06 0.0
4.68102371e-05 4.54196124e-05 0.0
6.21737054e-05 5.62823079e-05 0.0
7.23983321e-05 1.64492467e-05 0.0
2.09637601e-05 5.43016067e-05 0.0
6.55666736e-06 2.83765985e-05 0.0
4.69989536e-05 6.02562659e-06 0.0
2.16021253e-05 1.78575428e-05 0.0
5.8892434e-05 3.18304228e-05 0.0
4.19843345e-05 3.6415654e-06 0.0
4.77676876e-05 5.31305814e-05 0.0
2.41171419e-05 2.1819189e-05 0.0
1.35432037e-05 6.05673886e-05 0.0
3.64894513e-05 3.88561493e-05 0.0
2.09929403e-05 5.67450115e-05 0.0
2.79792312e-05 3.34073266e-05 0.0
2.91026918e-05 -2.28713952e-06 0.0
2.71198769e-05 3.37259007e-05 0.0
1.05495646e-05 6.13823941e-05 0.0
4.33070345e-05 7.87624685e-06 0.0
1.48520639e-05 3.57613717e-05 0.0
2.44521088e-05 4.88262667e-05 0.0
2.40644822e-05 2.72891994e-05 0.0
6.62359253e-06 1.01872297e-06 0.0
2.39721212e-05 1.82174574e-06 0.0
