0.000406646985 0.000314000266 0.0
0.00039442422 0.000312369666 0.0
0.000398139819 0.000315400481 0.0
0.000404209626 0.000310740172 0.0
-1.18129019e-05 0.000334042503 0.0
-1.11486634e-05 0.000325200148 0.0
-1.24674889e-05 0.000317647209 0.0
-7.05462128e-07 0.000328279915 0.0
0.000498543726 0.000317647209 0.0
0.000499862537 0.000325200148 0.0
0.000499198271 0.000334042503 0.0
9.16497302e-05 0.00046502339 0.0
8.47692136e-05 0.000471715874 0.0
7.82100105e-05 0.000476693182 0.0
7.70897313e-05 0.000459879433 0.0
6.85598134e-05 -1.61051241e-06 0.0
7.51190091e-05 -6.58781664e-06 0.0
8.1999533e-05 -1.32803098e-05 0.0
0.000202095631 0.000429381966 0.0
0.000196152876 0.000435099006 0.0
0.000190753024 0.000440881035 0.0
0.000181951225 0.000424994301 0.0
0.00018110282 -3.74226729e-05 0.0
0.000186502672 -4.32046909e-05 0.0
0.000192445441 -4.89217382e-05 0.0
0.000481942232 8.32918959e-05 0.0
0.000466438738 9.04312619e-05 0.0
0.000470594881 9.09431474e-05 0.0
0.000475278823 8.29301352e-05 0.0
0.000475068606 0.000405777653 0.0
0.000477180496 0.000412736699 0.0
0.000479547511 0.000417742995 0.0
0.000461299525 0.000417275442 0.0
-3.14636927e-05 0.000417742995 0.0
-3.38307109e-05 0.000412736699 0.0
-3.59425867e-05 0.000405777653 0.0
0.000118145792 0.000378394005 0.0
0.000103944658 0.0003882194 0.0
0.000109551758 0.000388902467 0.0
0.000113128328 0.000379869598 0.0
0.00037669763 0.000413144182 0.0
0.000358935882 0.0004011766 0.0
0.00036396709 0.000408999418 0.0
0.000372223993 0.000403641548 0.0
0.000257989916 0.000166888625 0.0
0.000239748231 0.000154207868 0.0
0.000249826437 0.000166109254 0.0
0.00024773131 0.000157330374 0.0
5.40103756e-05 9.49813984e-05 0.0
5.03509655e-05 9.06236965e-05 0.0
4.71852472e-05 8.7525179e-05 0.0
6.70191366e-05 8.48442942e-05 0.0
5.78372055e-05 9.13514596e-05 0.0
5.78040672e-05 8.42895097e-05 0.0
0.000558196451 8.7525179e-05 0.0
0.000561362191 9.06236965e-05 0.0
0.00056502159 9.49813984e-05 0.0
6.17902551e-05 0.000244756084 0.0
4.58197355e-05 0.000232571358 0.0
4.86267272e-05 0.000240606343 0.0
5.74486803e-05 0.000235103129 0.0
0.000145460494 0.000107761589 0.0
0.000125403894 9.3384464e-05 0.0
0.000134371949 0.000103430815 0.0
0.000137025316 9.57465672e-05 0.0
0.000258043146 0.000205102973 0.0
0.000240866575 0.000219851223 0.0
0.000251302146 0.000215294596 0.0
0.000249232777 0.000206451165 0.0
0.000453226472 0.000272576755 0.0
0.000436687871 0.000270218472 0.0
0.000448872248 0.000272549252 0.0
0.000439922005 0.000270147983 0.0
0.000152806257 0.00025623964 0.0
0.000133924026 0.000267292169 0.0
0.000142903111 0.000267906405 0.0
0.000143110068 0.000259345135 0.0
0.000392986811 0.000190461593 0.0
0.000375016243 0.000179083174 0.0
0.000380595855 0.000186833786 0.0
0.000390563189 0.000183104145 0.0
9.6501999e-06 0.0004783037 0.0
0.0 0.0 0.0
0.000511011225 0.0 0.0
0.000520661415 0.0004783037 0.0
0.000405775965 0.000316733465 0.0
0.000405107363 0.00031868642 0.0
0.000404127029 0.000320221443 0.0
0.000402714126 0.000321085739 0.0
0.000400923658 0.000321786298 0.0
0.000398983946 0.000322106614 0.0
0.000397831813 0.00032159331 0.0
0.000396947114 0.000320143503 0.0
0.000395933486 0.00031817102 0.0
0.000395085663 0.000316117919 0.0
0.000394627335 0.000314225734 0.0
0.000394463859 0.000310423115 0.0
0.000394823728 0.000308793155 0.0
0.000395514042 0.000307566894 0.0
0.000396564341 0.000306896982 0.0
0.000398349948 0.000306506379 0.0
0.000400858 0.00030640958 0.0
0.000403656391 0.000306486996 0.0
0.000406497071 0.000306428963 0.0
0.000407907588 0.000307162059 0.0
0.000408369146 0.000308799761 0.0
0.000407432788 0.000311177311 0.0
0.000400926743 0.000313266617 0.0
-1.13493361e-05 0.0003318573 0.0
-1.10792644e-05 0.000328968599 0.0
-1.14550385e-05 0.000321681466 0.0
-1.1879215e-05 0.000319234881 0.0
-9.19002196e-06 0.0003171477 0.0
-6.43647218e-06 0.000317513157 0.0
-4.8676502e-06 0.000318205944 0.0
-3.61762886e-06 0.000319659419 0.0
-2.6551977e-06 0.000321876694 0.0
-1.75874663e-06 0.000324053981 0.0
-1.17244599e-06 0.000326335925 0.0
-6.93086974e-07 0.00032967719 0.0
-1.25924794e-06 0.000330542709 0.0
-2.52938571e-06 0.000331388525 0.0
-4.1893959e-06 0.000332086958 0.0
-5.92137167e-06 0.000332730764 0.0
-7.97823577e-06 0.000333286996 0.0
-1.01458154e-05 0.00033363566 0.0
0.000499131973 0.000319234881 0.0
0.00049955619 0.000321681466 0.0
0.000499931921 0.000328968599 0.0
0.000499661837 0.0003318573 0.0
0.000498214969 0.000333413336 0.0
0.000497855362 0.000331962976 0.0
0.0004974521 0.000329021452 0.0
0.000496942899 0.000326246751 0.0
0.000496449298 0.000323294778 0.0
0.000495817454 0.000320799358 0.0
0.000495789864 0.000319294311 0.0
0.000496798311 0.000318146107 0.0
8.99747247e-05 0.000466693222 0.0
8.77295533e-05 0.000468879618 0.0
8.19021516e-05 0.000474268541 0.0
7.98007313e-05 0.000475746288 0.0
7.58757014e-05 0.000474609638 0.0
7.3960211e-05 0.000472436805 0.0
7.25991267e-05 0.000470582803 0.0
7.21010801e-05 0.000468678278 0.0
7.24698039e-05 0.000466536032 0.0
7.35150825e-05 0.000464284618 0.0
7.5120799e-05 0.000462029275 0.0
7.97723551e-05 0.000457605609 0.0
8.18929911e-05 0.000456213224 0.0
8.3793886e-05 0.000456043694 0.0
8.57663545e-05 0.000457027549 0.0
8.80729567e-05 0.000458693248 0.0
8.98863073e-05 0.000460389419 0.0
9.10921153e-05 0.000462303025 0.0
7.01505342e-05 -2.55740429e-06 0.0
7.22519544e-05 -4.03516515e-06 0.0
7.80793562e-05 -9.42406859e-06 0.0
8.03245202e-05 -1.16104802e-05 0.0
8.22692527e-05 -1.0422953e-05 0.0
8.22524453e-05 -7.50899017e-06 0.0
8.17144391e-05 -4.95963559e-06 0.0
8.03136791e-05 -2.57826969e-06 0.0
7.84285876e-05 -2.57208825e-07 0.0
7.65941222e-05 1.57559998e-06 0.0
7.49383616e-05 2.20746233e-06 0.0
7.30760439e-05 1.4790827e-06 0.0
7.07605359e-05 2.86354975e-08 0.0
0.000199593895 0.00043182692 0.0
0.000192941719 0.000438413088 0.0
0.000187628219 0.000440456119 0.0
0.000184677978 0.000439520256 0.0
0.000182239994 0.000438045419 0.0
0.000180303439 0.000435614318 0.0
0.000178624949 0.00043225332 0.0
0.000177712907 0.000429628592 0.0
0.000177918351 0.000427535968 0.0
0.000179173861 0.000426109502 0.0
0.00018510886 0.000423768011 0.0
0.000188499107 0.000422849698 0.0
0.000192069812 0.000422411977 0.0
0.000195473782 0.00042227353 0.0
0.000198219597 0.000422168436 0.0
0.000200447219 0.000422684068 0.0
0.000201766277 0.00042400966 0.0
0.000202195879 0.000426476676 0.0
0.00018329153 -3.98906159e-05 0.0
0.00018994369 -4.64767909e-05 0.0
0.000191750907 -4.59955336e-05 0.0
0.000190523977 -4.32696725e-05 0.0
0.000188808015 -4.08848682e-05 0.0
0.000186575489 -3.89943962e-05 0.0
0.000184096629 -3.77856668e-05 0.0
0.000483029231 8.5016567e-05 0.0
0.000483055512 8.65373222e-05 0.0
0.000482020376 8.80679145e-05 0.0
0.000479414273 9.03698528e-05 0.0
0.000476551155 9.26202774e-05 0.0
0.00047385451 9.44334242e-05 0.0
0.000471929845 9.61290716e-05 0.0
0.000470351602 9.67804881e-05 0.0
0.00046921146 9.66128064e-05 0.0
0.000468081009 9.5100535e-05 0.0
0.000467120757 9.29412272e-05 0.0
0.000465947349 8.80987063e-05 0.0
0.000465903315 8.55932667e-05 0.0
0.000466183206 8.33137456e-05 0.0
0.000466872152 8.11448044e-05 0.0
0.000467974809 7.91975399e-05 0.0
0.000469166349 7.76086235e-05 0.0
0.000470524945 7.68173995e-05 0.0
0.000472256099 7.6926488e-05 0.0
0.000474524946 7.78857284e-05 0.0
0.00047690497 7.93311192e-05 0.0
0.000479422772 8.11518039e-05 0.0
0.000473127846 8.67997805e-05 0.0
0.000475911191 0.000409016822 0.0
0.000478539645 0.000415843882 0.0
0.000478296919 0.000419638556 0.0
0.00047662147 0.000421608158 0.0
0.000474754284 0.000423579622 0.0
0.000473076856 0.000424666679 0.0
0.000471453852 0.000424861064 0.0
0.000469095772 0.000424067868 0.0
0.000466430443 0.000422204117 0.0
0.000463933888 0.000420416938 0.0
0.000462021271 0.000418838492 0.0
0.000461608783 0.000415239192 0.0
0.000462175842 0.000413045171 0.0
0.000462982658 0.000411180197 0.0
0.000464192504 0.000409914326 0.0
0.000465686811 0.000408842257 0.0
0.000467825186 0.000407607906 0.0
0.000470149098 0.000406270527 0.0
0.000472224317 0.000404665945 0.0
0.000473902939 0.000404605526 0.0
-3.24715511e-05 0.000415843882 0.0
-3.51000199e-05 0.000409016822 0.0
-3.46704437e-05 0.00040795753 0.0
-3.34218203e-05 0.000410276611 0.0
-3.22099986e-05 0.000412513793 0.0
-3.14029458e-05 0.000414639362 0.0
-3.10801443e-05 0.00041620119 0.0
0.000119767203 0.000380796118 0.0
0.000121348035 0.000383957726 0.0
0.000122654732 0.000386633794 0.0
0.000122955607 0.0003889699 0.0
0.000122049933 0.000390882924 0.0
0.000119406308 0.000392441405 0.0
0.000116511372 0.000394017668 0.0
0.000113863593 0.000395401905 0.0
0.000111719557 0.000395709416 0.0
0.000110056244 0.000394969829 0.0
0.000107913453 0.000392978603 0.0
0.000105875682 0.000390411908 0.0
0.000102438877 0.000386036321 0.0
0.00010187085 0.000384275598 0.0
0.000102236278 0.000382447091 0.0
0.000103409584 0.000380162994 0.0
0.000104990933 0.000377803459 0.0
0.000106908446 0.000375442731 0.0
0.000108191183 0.000373741263 0.0
0.000109243992 0.000372878596 0.0
0.000110768022 0.00037307301 0.0
0.000112561938 0.000374023133 0.0
0.00011448955 0.000375202333 0.0
0.000116411742 0.000376599113 0.0
0.000111559399 0.00038454801 0.0
0.000373937452 0.00041443744 0.0
0.000370784459 0.0004154364 0.0
0.000367700297 0.000415526563 0.0
0.000364826847 0.000414679002 0.0
0.000362104096 0.000413170637 0.0
0.000359826285 0.000411188405 0.0
0.00035801818 0.000408858672 0.0
0.000356849952 0.000406312931 0.0
0.000356340781 0.000403979851 0.0
0.000357051962 0.000402275909 0.0
0.000361655315 0.00040053649 0.0
0.000364882639 0.000399654033 0.0
0.000368337729 0.000399161218 0.0
0.000371767324 0.000398906937 0.0
0.00037460879 0.000399298413 0.0
0.000376387063 0.000400321005 0.0
0.000377423334 0.000402419566 0.0
0.000378412107 0.000405594008 0.0
0.000378727127 0.000408972934 0.0
0.000378404278 0.000411506189 0.0
0.000368090259 0.000406473555 0.0
0.000257212989 0.000168171799 0.0
0.000255514926 0.000168752187 0.0
0.000252920116 0.000169390827 0.0
0.000249480043 0.000169963387 0.0
0.000246911834 0.000170501793 0.0
0.000245039089 0.000169596824 0.0
0.000243414659 0.000167202394 0.0
0.000241915768 0.000164027573 0.0
0.000240674359 0.000161219505 0.0
0.000240001493 0.000158367387 0.0
0.000239543209 0.000155909802 0.0
0.000240563488 0.000153487694 0.0
0.000242165275 0.000153122746 0.0
0.000244576659 0.000153104702 0.0
0.000247407297 0.000153439876 0.0
0.000250037032 0.000154106834 0.0
0.000252271362 0.000155272137 0.0
0.000254160695 0.000156897891 0.0
0.000255629915 0.000158807336 0.0
0.000256803149 0.000161027274 0.0
0.000257527776 0.000163221819 0.0
0.000257899082 0.000165375095 0.0
0.000248833123 0.000161715463 0.0
5.24857023e-05 9.29495218e-05 0.0
4.85046694e-05 8.87151691e-05 0.0
4.87877551e-05 8.59224892e-05 0.0
5.07395962e-05 8.37294938e-05 0.0
5.2848467e-05 8.15873791e-05 0.0
5.48858552e-05 7.95169399e-05 0.0
5.67772222e-05 7.82621501e-05 0.0
5.85463022e-05 7.81489143e-05 0.0
6.08080663e-05 7.95318047e-05 0.0
6.32624578e-05 8.17333712e-05 0.0
6.56331322e-05 8.33932718e-05 0.0
6.73507893e-05 8.65637339e-05 0.0
6.61797676e-05 8.86502676e-05 0.0
6.47365596e-05 9.1150243e-05 0.0
6.3337764e-05 9.35588978e-05 0.0
6.23530141e-05 9.5338859e-05 0.0
6.14629971e-05 9.64261126e-05 0.0
6.01449537e-05 9.67075975e-05 0.0
5.83392466e-05 9.64538558e-05 0.0
5.62277637e-05 9.58648598e-05 0.0
0.000559515844 8.87151691e-05 0.0
0.000563496898 9.29495218e-05 0.0
0.000562820758 9.36756333e-05 0.0
0.000560299086 9.18082587e-05 0.0
0.000558617408 9.03645923e-05 0.0
0.000557935215 8.8919478e-05 0.0
6.07102156e-05 0.000245994248 0.0
5.85080634e-05 0.00024647286 0.0
5.52996353e-05 0.000246627256 0.0
5.17693879e-05 0.000246526499 0.0
4.84731354e-05 0.000246146839 0.0
4.57802089e-05 0.000245363713 0.0
4.40853983e-05 0.000244167168 0.0
4.31372246e-05 0.00024224048 0.0
4.25498729e-05 0.000239453744 0.0
4.26444894e-05 0.000236823005 0.0
4.37962372e-05 0.000234632083 0.0
4.83926779e-05 0.000230702819 0.0
5.10910031e-05 0.00022899764 0.0
5.38585919e-05 0.000227787823 0.0
5.62227433e-05 0.000227268814 0.0
5.80411943e-05 0.00022753005 0.0
5.9316113e-05 0.000228782214 0.0
6.02954497e-05 0.000230908539 0.0
6.12500298e-05 0.000233554747 0.0
6.18082704e-05 0.000236375272 0.0
6.20055725e-05 0.000239259389 0.0
6.18880804e-05 0.000242069596 0.0
5.33687089e-05 0.00023798061 0.0
0.000144200996 0.000108700282 0.0
0.000142088189 0.000108959313 0.0
0.000139076496 0.000108873239 0.0
0.000135761526 0.000108308697 0.0
0.000132919653 0.000107428299 0.0
0.000130545857 0.000106042397 0.0
0.000128709697 0.000104331113 0.0
0.000127225983 0.000102202262 0.0
0.000126242507 9.99288313e-05 0.0
0.000125535094 9.73243659e-05 0.0
0.000124842627 9.50237954e-05 0.0
0.000127186344 9.21065584e-05 0.0
0.000130233224 9.1037291e-05 0.0
0.000133101246 9.01838575e-05 0.0
0.000135879774 9.02923639e-05 0.0
0.00013846354 9.13564727e-05 0.0
0.000140697768 9.29042508e-05 0.0
0.000142722085 9.4680021e-05 0.0
0.000143994184 9.6829237e-05 0.0
0.00014493386 9.95184309e-05 0.0
0.000145627419 0.000102589765 0.0
0.000145988364 0.000105697683 0.0
0.000135640876 9.96534509e-05 0.0
0.000259364111 0.00020731322 0.0
0.000260449131 0.000209635313 0.0
0.000260910077 0.000211797204 0.0
0.000260576722 0.000213799067 0.0
0.000258992921 0.000215835986 0.0
0.000256448082 0.000217643217 0.0
0.000252947939 0.000219084322 0.0
0.00024894427 0.000219878217 0.0
0.000245527131 0.000220580681 0.0
0.000242757538 0.000220669477 0.0
0.000239942121 0.000218237095 0.0
0.000240101625 0.000215421591 0.0
0.0002409179 0.000211713268 0.0
0.000241934948 0.00020764448 0.0
0.000243179442 0.000204252938 0.0
0.000245102594 0.000202586045 0.0
0.000248007913 0.00020245208 0.0
0.000251703372 0.000202185416 0.0
0.000254418555 0.00020245045 0.0
0.000256456726 0.000203311851 0.0
0.000250154902 0.000210994054 0.0
0.000453179528 0.000275435945 0.0
0.000452736567 0.000277353451 0.0
0.000451659173 0.000278418505 0.0
0.000449655054 0.000278573309 0.0
0.000447026337 0.000278024992 0.0
0.000444224162 0.000277632324 0.0
0.000441407872 0.000277543237 0.0
0.000438581919 0.000277667481 0.0
0.000436908507 0.00027720962 0.0
0.000436134025 0.000275694183 0.0
0.000436658069 0.000273213926 0.0
0.000436865084 0.000267417752 0.0
0.000437158713 0.000264790637 0.0
0.000437568466 0.000262926536 0.0
0.000438602932 0.000262176938 0.0
0.000439982745 0.000262316637 0.0
0.000441871845 0.000263281458 0.0
0.000444589794 0.000264423026 0.0
0.000447460538 0.000265892741 0.0
0.000449886109 0.000267341646 0.0
0.00045174759 0.000268685311 0.0
0.000452891545 0.00027032764 0.0
0.000444136269 0.000271231867 0.0
0.000153026544 0.000257677835 0.0
0.00015239566 0.000260127359 0.0
0.000151170098 0.000263013877 0.0
0.000149526822 0.000266088551 0.0
0.000147777871 0.000268957345 0.0
0.000146157065 0.000271361059 0.0
0.000144756457 0.000272981211 0.0
0.000143017998 0.000273372047 0.0
0.000140865857 0.000272434001 0.0
0.000138566349 0.000270939199 0.0
0.000136261515 0.000269189331 0.0
0.000132314701 0.000265667622 0.0
0.000132043526 0.000264126051 0.0
0.000133156092 0.000262778893 0.0
0.000134841612 0.000260622153 0.0
0.000136652292 0.000258688815 0.0
0.0001386925 0.000257241016 0.0
0.000140855307 0.000256166357 0.0
0.000143609548 0.000255452003 0.0
0.000146967956 0.000255272578 0.0
0.000149657659 0.000255085266 0.0
0.000151680491 0.000255373714 0.0
0.000142893085 0.00026335608 0.0
0.000391584355 0.000193054788 0.0
0.000390177156 0.000195515968 0.0
0.000388725981 0.000196846537 0.0
0.000387005683 0.000197158472 0.0
0.000384989136 0.000196473993 0.0
0.000383085571 0.000194635315 0.0
0.000380366517 0.000192385356 0.0
0.000377621094 0.000189892511 0.0
0.000375559088 0.000187520694 0.0
0.000374026946 0.000185228128 0.0
0.000373804301 0.000183185461 0.0
0.000374212192 0.000181064286 0.0
0.000376390351 0.000177900671 0.0
0.000378668396 0.000177555266 0.0
0.000381482852 0.000177225767 0.0
0.000384792365 0.000176869507 0.0
0.000388635905 0.000176659072 0.0
0.000391854497 0.000177034643 0.0
0.000394327333 0.000177569222 0.0
0.000395661482 0.000178293441 0.0
0.000396180549 0.00017991208 0.0
0.000395854528 0.000182065094 0.0
0.000395233626 0.00018500266 0.0
0.000394217204 0.000187876474 0.0
0.000385531894 0.000185275509 0.0
6.17447904e-06 0.000456037174 0.0
-4.68819189e-06 0.000434962683 0.0
-3.43072461e-05 0.000281663699 0.0
-3.00320335e-05 0.000263266149 0.0
-1.07049291e-05 0.000255187799 0.0
1.37743837e-05 0.00024961718 0.0
2.3771554e-05 0.000242317066 0.0
2.156554e-05 0.000227320881 0.0
2.09850386e-05 0.000206545781 0.0
2.40452428e-05 0.000178824324 0.0
2.99662024e-05 0.000150125081 0.0
3.82462749e-05 0.000119777571 0.0
1.04035507e-05 8.62123125e-05 0.0
3.52119923e-06 7.1026363e-05 0.0
3.72629734e-06 4.89152371e-05 0.0
2.14514694e-06 2.46709242e-05 0.0
2.9664996e-05 9.2200213e-07 0.0
0.000120202545 -1.19267825e-05 0.0
0.000152381239 -1.90142e-05 0.0
0.000228518184 -4.14228089e-05 0.0
0.000264279282 -4.33875757e-05 0.0
0.000297054678 -4.17702977e-05 0.0
0.000324489054 -4.37501585e-05 0.0
0.00034435073 -4.62247917e-05 0.0
0.000356100936 -4.56028283e-05 0.0
0.000370744063 -3.6123718e-05 0.0
0.000391958019 -1.92438074e-05 0.0
0.000417862931 8.69790085e-07 0.0
0.0004424199 1.98987054e-05 0.0
0.000462026423 3.62980318e-05 0.0
0.000470653758 4.26540864e-05 0.0
0.000468696642 3.75821874e-05 0.0
0.000462430122 2.30928963e-05 0.0
0.000465429097 1.06694943e-05 0.0
0.000483908952 2.96638768e-06 0.0
0.000513156352 2.46709242e-05 0.0
0.000514737505 4.89152371e-05 0.0
0.000514532381 7.1026363e-05 0.0
0.000521414739 8.62123125e-05 0.0
0.0005492575 0.000119777571 0.0
0.000540977402 0.000150125081 0.0
0.000535056461 0.000178824324 0.0
0.000531996251 0.000206545781 0.0
0.000532576756 0.000227320881 0.0
0.000534782768 0.000242317066 0.0
0.000524785602 0.00024961718 0.0
0.000500306254 0.000255187799 0.0
0.000480979157 0.000263266149 0.0
0.00047670395 0.000281663699 0.0
0.000506323006 0.000434962683 0.0
0.000517185661 0.000456037174 0.0
0.000493559113 0.000481270079 0.0
0.000475079287 0.000488973223 0.0
0.000472080312 0.0005013966 0.0
0.000478346861 0.000515885884 0.0
0.000480303948 0.000520957808 0.0
0.000471676613 0.000514601707 0.0
0.00045207009 0.000498202397 0.0
0.00042751315 0.000479173497 0.0
0.000401608238 0.000459059898 0.0
0.000380394282 0.000442179968 0.0
0.000365751126 0.000432700879 0.0
0.00035400092 0.000432078901 0.0
0.000334139244 0.000434553542 0.0
0.000306704897 0.000436533417 0.0
0.000273929501 0.000434916117 0.0
0.000238168373 0.000436880888 0.0
0.000162031429 0.000459289498 0.0
0.00012985275 0.000466376921 0.0
3.93151968e-05 0.00047922571 0.0
0.000402157108 0.000316939695 0.0
0.000398978591 0.000310059346 0.0
0.000401762809 0.000308832969 0.0
0.000399833982 0.000318227365 0.0
0.000404218474 0.000314518926 0.0
0.000397194613 0.000311974203 0.0
0.000403642829 0.000317707862 0.0
0.000396863499 0.000309516647 0.0
0.000398880453 0.000308188581 0.0
0.000401545723 0.000319438375 0.0
0.000398206641 0.000319114595 0.0
0.000404145569 0.000307767041 0.0
0.000395916781 0.000313333323 0.0
0.000405883504 0.000312643708 0.0
0.000400054181 0.000320421066 0.0
0.00039721161 0.000308260322 0.0
0.000402812992 0.000319063372 0.0
0.000395788724 0.000310478499 0.0
0.00040045628 0.000307418959 0.0
0.000404819351 0.000316468417 0.0
0.000406603765 0.000308995921 0.0
0.000396452786 0.000316596357 0.0
0.000397125201 0.000317896222 0.0
0.000405829516 0.000308192481 0.0
0.000402223697 0.000307364098 0.0
0.000398978009 0.000320294261 0.0
0.000406476203 0.000310430303 0.0
0.000396076241 0.00031515435 0.0
0.000395553507 0.000311729673 0.0
0.000405494589 0.000314814446 0.0
0.000400661753 0.000315843412 0.0
0.000401061843 0.000310904521 0.0
0.000402539474 0.000314229314 0.0
0.000399108481 0.000312314747 0.0
-6.79991581e-06 0.000324060995 0.0
-7.18878755e-06 0.000328618509 0.0
-4.21476125e-06 0.000327511138 0.0
-8.50243214e-06 0.000320111052 0.0
-8.96121492e-06 0.000330937619 0.0
-5.68022369e-06 0.000320924475 0.0
-4.39363521e-06 0.000323393062 0.0
-4.0539644e-06 0.000329496368 0.0
-8.62850175e-06 0.000326126872 0.0
-5.91498838e-06 0.000330581272 0.0
-9.10191011e-06 0.000322700973 0.0
-9.16611316e-06 0.000328789843 0.0
-3.00684724e-06 0.000326136418 0.0
-6.31165176e-06 0.000326629844 0.0
-2.37743689e-06 0.000328047929 0.0
-1.00525285e-05 0.000318668317 0.0
-1.02113772e-05 0.000320430874 0.0
-7.56447571e-06 0.000331732968 0.0
-4.97738301e-06 0.000325513334 0.0
-4.19313756e-06 0.000321527797 0.0
-6.66390451e-06 0.000319340645 0.0
-1.02557224e-05 0.00033222718 0.0
-4.23106485e-06 0.000330833631 0.0
-1.01723799e-05 0.000330366835 0.0
-2.57073248e-06 0.000329101749 0.0
-7.36154016e-06 0.000321774365 0.0
-5.56073201e-06 0.00032849022 0.0
-8.21474896e-06 0.000318501756 0.0
-8.99131737e-06 0.00033237529 0.0
-7.50766822e-06 0.000330245937 0.0
-2.83251347e-06 0.000324540422 0.0
-1.00543375e-05 0.000327243877 0.0
0.000497778587 0.000322938053 0.0
0.00049831887 0.00032721521 0.0
0.000498790352 0.00033109801 0.0
0.000497733359 0.000319836457 0.0
0.000497330155 0.000320971943 0.0
0.000498377369 0.000329620758 0.0
0.00049783726 0.000325000554 0.0
7.91519706e-05 0.000468040031 0.0
8.37606422e-05 0.000464440585 0.0
7.99465051e-05 0.000462242955 0.0
8.74273537e-05 0.000463832461 0.0
7.76553788e-05 0.000472150568 0.0
7.58020687e-05 0.000469092833 0.0
7.70067636e-05 0.000464294135 0.0
8.60157816e-05 0.000459952891 0.0
8.25099924e-05 0.000459805655 0.0
8.52790763e-05 0.000466836995 0.0
8.20570058e-05 0.000466586323 0.0
8.013755e-05 0.000471191393 0.0
7.50413892e-05 0.000466718368 0.0
8.95928169e-05 0.000464380108 0.0
7.95752858e-05 0.000465252931 0.0
8.07327742e-05 0.000459381961 0.0
8.77546554e-05 0.000461289688 0.0
7.7818142e-05 0.000461877527 0.0
7.53802087e-05 0.000471169769 0.0
8.44477545e-05 0.000458784576 0.0
8.80027437e-05 0.000466236816 0.0
7.77959722e-05 0.000474233704 0.0
7.97786415e-05 0.000473443652 0.0
8.20226996e-05 0.000463287812 0.0
7.80267364e-05 0.000470133964 0.0
8.23678638e-05 0.000469837018 0.0
8.55353428e-05 0.000463055592 0.0
7.61174451e-05 0.000472925429 0.0
7.91214043e-05 0.000460157811 0.0
7.73287757e-05 0.000466706464 0.0
8.91920936e-05 0.000462305965 0.0
8.41009678e-05 0.000461424526 0.0
7.51386979e-05 -2.19640719e-06 0.0
7.75263034e-05 -3.68627525e-06 0.0
7.97632019e-05 -7.13975851e-06 0.0
7.20445169e-05 -1.05518609e-06 0.0
7.6797558e-05 -1.31292825e-06 0.0
8.05253949e-05 -9.22096024e-06 0.0
7.95280939e-05 -4.87434863e-06 0.0
7.78763133e-05 -6.45323416e-06 0.0
7.40535907e-05 -3.07251895e-07 0.0
0.000192129883 0.000429143169 0.0
0.000189039594 0.000433296635 0.0
0.000184937497 0.000428571802 0.0
0.000188378239 0.000425948063 0.0
0.00019782802 0.000427587598 0.0
0.00018322283 0.000432722765 0.0
0.000194187509 0.000425346661 0.0
0.000188767604 0.000436304836 0.0
0.000185321114 0.000436486094 0.0
0.000192566004 0.000432343193 0.0
0.000188904349 0.00043026291 0.0
0.00018158798 0.000429797597 0.0
0.000183301949 0.000426699582 0.0
0.000196207373 0.00043019373 0.0
0.000191676605 0.000424140628 0.0
0.00019791149 0.000424836675 0.0
0.000192078543 0.00043536257 0.0
0.000185696481 0.000431270688 0.0
0.000199891219 0.000428587227 0.0
0.000188289676 0.000427961437 0.0
0.000191351821 0.000426592131 0.0
0.000185453668 0.000425333856 0.0
0.000182924603 0.000434971065 0.0
0.000180522722 0.000431459135 0.0
0.000181213123 0.000427703781 0.0
0.000187079699 0.000438286166 0.0
0.000200142895 0.000426370389 0.0
0.000187810074 0.000424409867 0.0
0.000195026441 0.000427225052 0.0
0.00018108428 0.000433343637 0.0
0.000195555243 0.000423637568 0.0
0.000189365514 0.000438943796 0.0
0.000186049248 0.000427003572 0.0
0.000185830679 0.000434142246 0.0
0.000186037345 -4.04585626e-05 0.0
0.000189207887 -4.37826457e-05 0.0
0.000184964549 -3.92766342e-05 0.0
0.000190366482 -4.49332547e-05 0.0
0.000474829489 9.04983099e-05 0.0
0.000469535124 8.58312924e-05 0.0
0.000470288098 8.19622946e-05 0.0
0.000478298665 8.76655977e-05 0.0
0.000479076582 8.45346003e-05 0.0
0.000472326414 8.02384457e-05 0.0
0.000472220039 9.30765309e-05 0.0
0.000468174723 8.89689909e-05 0.0
0.00047703262 9.06663045e-05 0.0
0.000468171405 8.34407983e-05 0.0
0.000476171321 8.60431101e-05 0.0
0.000468820683 9.23028347e-05 0.0
0.00047724176 8.17688633e-05 0.0
0.00046722847 8.69718278e-05 0.0
0.000470569939 9.45670981e-05 0.0
0.000473314925 9.36323922e-05 0.0
0.000480795716 8.61028238e-05 0.0
0.000470482832 7.9297628e-05 0.0
0.000473660999 7.92447754e-05 0.0
0.000479529932 8.88832292e-05 0.0
0.000468538783 8.11413047e-05 0.0
0.000472640269 8.3375613e-05 0.0
0.000480675109 8.7446715e-05 0.0
0.000467201869 8.49470962e-05 0.0
0.000475233624 9.25244676e-05 0.0
0.000469335966 7.98861802e-05 0.0
0.000469418359 9.3905117e-05 0.0
0.000475531095 8.02697905e-05 0.0
0.000467614504 9.11682655e-05 0.0
0.000479451526 8.277913e-05 0.0
0.000469427614 0.000415526156 0.0
0.000473853928 0.000417862146 0.0
0.0004719024 0.000410574721 0.0
0.000470022002 0.000419953372 0.0
0.000467633479 0.000411800487 0.0
0.000465614256 0.000417169795 0.0
0.000473409717 0.000414019305 0.0
0.000465443416 0.00041430979 0.0
0.000472849904 0.000421241304 0.0
0.000469279155 0.000409355009 0.0
0.000466684229 0.000419810531 0.0
0.000476810295 0.000417711213 0.0
0.000473844004 0.000408179418 0.0
0.000475723617 0.000415258837 0.0
0.000474486646 0.00041131 0.0
0.000465106656 0.000411838875 0.0
0.0004712152 0.000417377771 0.0
0.00047505449 0.000419977732 0.0
0.00046842458 0.000417697593 0.0
0.000463594479 0.000416103838 0.0
0.000471812265 0.000408060499 0.0
0.000470059662 0.000412975234 0.0
0.00046802088 0.000414176058 0.0
0.000470018946 0.000422673562 0.0
0.000467234669 0.000409622298 0.0
0.000464445067 0.000418665237 0.0
0.000471754989 0.000422704412 0.0
0.000468076818 0.000421777746 0.0
0.000463778357 0.000412981957 0.0
0.000463246804 0.000414437207 0.0
0.000472974963 0.000415992661 0.0
0.000472089596 0.000412744674 0.0
0.000472342159 0.000419142918 0.0
0.000475189649 0.000413284492 0.0
0.000467531208 0.000416019 0.0
0.00047018085 0.000410841603 0.0
0.000463203207 0.000417525647 0.0
0.000474349567 0.000421740144 0.0
0.000470583269 0.000407593296 0.0
0.000471523294 0.000414786016 0.0
0.000465758174 0.000410465029 0.0
-3.22920532e-05 0.000414243317 0.0
-3.37888123e-05 0.000410807668 0.0
-3.18313869e-05 0.00041522528 0.0
-3.42394378e-05 0.000409506698 0.0
0.00010887385 0.000379058154 0.0
0.000106396001 0.000383994455 0.0
0.000116841249 0.000384791958 0.0
0.000114973365 0.000389972934 0.0
0.000118453616 0.000388561864 0.0
0.000112618945 0.000392213347 0.0
0.000105727995 0.000386937114 0.0
0.00010615978 0.000380383048 0.0
0.000110545283 0.000376522046 0.0
0.000116869865 0.000381250808 0.0
0.000107835847 0.00037629396 0.0
0.000120062512 0.000385129184 0.0
0.000116959956 0.000392089481 0.0
0.000103743761 0.000383517036 0.0
0.000113084126 0.000376893295 0.0
0.000115185772 0.000378397875 0.0
0.000109436209 0.000391692098 0.0
0.000107138134 0.000389745139 0.0
0.000119030272 0.000390836562 0.0
0.000114798742 0.000393153168 0.0
0.000108999775 0.000375336967 0.0
0.000106554951 0.000377799239 0.0
0.000119104043 0.000382882688 0.0
0.000120526638 0.000387306325 0.0
0.000103873092 0.000385238702 0.0
0.000104227278 0.00038164237 0.0
0.000111720088 0.000375090778 0.0
0.000111036643 0.000393625698 0.0
0.000114165749 0.00038645009 0.0
0.000109083165 0.000382840895 0.0
0.000371738803 0.000410086301 0.0
0.000364307081 0.000403343583 0.0
0.000374997064 0.00040721675 0.0
0.000360813981 0.000405525032 0.0
0.000368897803 0.000412458321 0.0
0.000367239467 0.000401304831 0.0
0.000360812381 0.000402976439 0.0
0.000374954834 0.000410637382 0.0
0.000364722509 0.000411756424 0.0
0.000371600647 0.000401201891 0.0
0.000359711034 0.000407484971 0.0
0.000376005541 0.000404642778 0.0
0.000368045818 0.000403619866 0.0
0.00036815583 0.000409499946 0.0
0.000371683069 0.000413122063 0.0
0.000364232517 0.000401149329 0.0
0.000373969378 0.000412414694 0.0
0.000361854502 0.000401722587 0.0
0.000376830518 0.000409604516 0.0
0.000358737219 0.000403665123 0.0
0.000375284901 0.000402488367 0.0
0.000374115363 0.00040121749 0.0
0.0003607377 0.000409523636 0.0
0.000362199091 0.00041112749 0.0
0.000366517022 0.000413581671 0.0
0.000369725662 0.000400095683 0.0
0.000371418515 0.000407294516 0.0
0.000364675972 0.000405686558 0.0
0.000245043513 0.00016222363 0.0
0.000253405218 0.00016411113 0.0
0.00025352076 0.0001609022 0.0
0.000243196104 0.000158150317 0.0
0.000251465244 0.000157692499 0.0
0.000243977091 0.000155891074 0.0
0.000246074749 0.000166169601 0.0
0.000253604463 0.00016662509 0.0
0.000255552033 0.000163690464 0.0
0.000242452734 0.000160481592 0.0
0.000250630459 0.00016009761 0.0
0.000248744502 0.000168212442 0.0
0.000248554454 0.000155602494 0.0
0.000243887713 0.000164886427 0.0
0.000255744788 0.000166592014 0.0
0.00025306287 0.000168013852 0.0
0.000253884005 0.000158858005 0.0
0.000241865186 0.000155567715 0.0
0.000244480674 0.000154622045 0.0
0.000241281959 0.00015785759 0.0
0.000255669554 0.000161832199 0.0
0.000255077728 0.000160281081 0.0
0.00024257628 0.000162562137 0.0
0.000241128379 0.000156353111 0.0
0.000256359723 0.000165474412 0.0
0.000245981995 0.000158753304 0.0
0.000250843354 0.00016839389 0.0
0.000246534037 0.000154809168 0.0
0.000246669719 0.000168571598 0.0
0.0002505999 0.00015568739 0.0
0.000247461547 0.000164224213 0.0
6.18110062e-05 8.7411674e-05 0.0
5.13213017e-05 8.67220588e-05 0.0
6.14535529e-05 9.14708871e-05 0.0
6.18291888e-05 8.42289592e-05 0.0
5.36554035e-05 8.39594795e-05 0.0
5.99115883e-05 9.37504228e-05 0.0
5.517315e-05 8.83907996e-05 0.0
6.37909689e-05 8.94759069e-05 0.0
6.43460662e-05 8.61581793e-05 0.0
5.5356817e-05 9.33428237e-05 0.0
5.97434409e-05 8.15159729e-05 0.0
5.61616798e-05 8.16564643e-05 0.0
5.37571032e-05 9.08755173e-05 0.0
5.39205394e-05 8.64607937e-05 0.0
5.21743968e-05 8.86232156e-05 0.0
6.32124647e-05 9.16644713e-05 0.0
6.4737942e-05 8.76437625e-05 0.0
6.44622341e-05 8.44592796e-05 0.0
5.12234728e-05 8.50983633e-05 0.0
5.79632942e-05 9.42231636e-05 0.0
6.23671804e-05 9.32261755e-05 0.0
6.13804732e-05 9.42038532e-05 0.0
6.33416639e-05 8.30978752e-05 0.0
6.1788669e-05 8.18943372e-05 0.0
5.98377264e-05 8.85901318e-05 0.0
5.44822105e-05 8.17427936e-05 0.0
5.78749095e-05 8.07095348e-05 0.0
0.00056184642 9.20061575e-05 0.0
0.000559618231 8.9775509e-05 0.0
0.000562249159 9.26588691e-05 0.0
0.000558962231 8.93801771e-05 0.0
0.000563779788 9.38688536e-05 0.0
0.000558549189 8.83866014e-05 0.0
4.91139836e-05 0.000235694883 0.0
5.7183981e-05 0.000241602567 0.0
5.38620225e-05 0.00023272555 0.0
5.39340326e-05 0.000243566246 0.0
5.9677739e-05 0.000239735586 0.0
4.62009957e-05 0.000238227556 0.0
5.06114193e-05 0.00023218384 0.0
5.69937038e-05 0.00023160968 0.0
4.93906737e-05 0.000243447896 0.0
5.75790691e-05 0.000244134673 0.0
4.64012628e-05 0.000234349311 0.0
5.96723148e-05 0.000236381049 0.0
5.45372677e-05 0.000229452489 0.0
6.02843902e-05 0.0002422502 0.0
4.48488427e-05 0.000240300695 0.0
5.58040083e-05 0.000245219329 0.0
5.35408944e-05 0.000245396688 0.0
5.1155519e-05 0.00024506601 0.0
5.96973296e-05 0.000243959526 0.0
4.81541101e-05 0.000232659382 0.0
4.51077358e-05 0.000236163978 0.0
5.69509721e-05 0.000238650129 0.0
5.63734138e-05 0.000229354162 0.0
5.2438445e-05 0.000230004225 0.0
5.86997048e-05 0.000231567887 0.0
4.66909332e-05 0.000243407689 0.0
4.54584733e-05 0.000242125752 0.0
5.9493861e-05 0.000233522835 0.0
5.33498933e-05 0.00024098657 0.0
6.07442998e-05 0.00023791338 0.0
0.000141204029 0.000101804901 0.0
0.000131208624 9.60562247e-05 0.0
0.000129282256 9.86500381e-05 0.0
0.000139889919 0.000104973406 0.0
0.000130274682 0.000101926955 0.0
0.000142030098 9.88272732e-05 0.0
0.00013280187 9.33188567e-05 0.0
0.000143191122 0.000104533909 0.0
0.000127954758 9.55385549e-05 0.0
0.000137087118 0.000106061983 0.0
0.000140014396 9.55516225e-05 0.0
0.000143729863 0.00010086986 0.0
0.000139041222 9.89737018e-05 0.0
0.000136596995 9.31382237e-05 0.0
0.000129967681 9.30570459e-05 0.0
0.000130782486 0.000104022714 0.0
0.000128165135 0.000100441663 0.0
0.000142849385 0.000106598076 0.0
0.000141734286 0.000107315667 0.0
0.000139809388 0.000107315289 0.0
0.000126933388 9.7011216e-05 0.0
0.000132445552 0.000100508369 0.0
0.000144256599 0.000103226514 0.0
0.000128005209 9.38300509e-05 0.0
0.000127269494 9.86693922e-05 0.0
0.000132688772 0.00010546152 0.0
0.000134724149 0.000106474952 0.0
0.000142128381 9.6558113e-05 0.0
0.000138262083 0.000102090467 0.0
0.000134604619 9.1710921e-05 0.0
0.000138820513 9.35242133e-05 0.0
0.000245065923 0.000211935097 0.0
0.000254716113 0.000208182173 0.0
0.00025589182 0.000211922612 0.0
0.000245682488 0.000216025059 0.0
0.000253494916 0.000205369288 0.0
0.000245052041 0.000207945559 0.0
0.000255077612 0.000215225475 0.0
0.00024260908 0.000214891363 0.0
0.000257538893 0.000208832731 0.0
0.000248283177 0.000217764667 0.0
0.000245546777 0.000205183082 0.0
0.000243038798 0.000209875332 0.0
0.000252119004 0.000203872856 0.0
0.000255876745 0.00020539925 0.0
0.000257284933 0.000206870012 0.0
0.000242158625 0.00021284548 0.0
0.000242570255 0.000217466382 0.0
0.000243460643 0.000218570334 0.0
0.000245267991 0.000218757457 0.0
0.000258670945 0.000210857543 0.0
0.000258727785 0.000212473999 0.0
0.000257792271 0.000213922322 0.0
0.000247545686 0.000204033364 0.0
0.000249723002 0.000203743853 0.0
0.00025357047 0.000217095643 0.0
0.000250764337 0.000218157162 0.0
0.00024747118 0.000209237012 0.0
0.000251742807 0.00020776903 0.0
0.000441875251 0.000266985444 0.0
0.000444949779 0.00027505483 0.0
0.000446461636 0.000268664211 0.0
0.000440898613 0.000274948135 0.0
0.000439400523 0.000266593735 0.0
0.00044870656 0.000276074512 0.0
0.000443835568 0.000265925162 0.0
0.000449640851 0.000270316319 0.0
0.000438752264 0.000273047073 0.0
0.00044318079 0.000276297709 0.0
0.00044024628 0.000264032307 0.0
0.000450501189 0.000274974271 0.0
0.000447805942 0.00026729927 0.0
0.000447558879 0.000276985229 0.0
0.000438118353 0.000267186493 0.0
0.000440554373 0.00027651366 0.0
0.000438946649 0.000276300387 0.0
0.000438159681 0.000275306433 0.0
0.000445402053 0.000276891777 0.0
0.000441680459 0.000264325994 0.0
0.00043911711 0.000264319766 0.0
0.000446716032 0.000273774116 0.0
0.000449589541 0.00026860385 0.0
0.000445791695 0.000266032963 0.0
0.000437774404 0.000271471596 0.0
0.000451427186 0.000271620316 0.0
0.000451530068 0.000273451675 0.0
0.000437891198 0.000269291515 0.0
0.000442448683 0.000272991398 0.0
0.000450829888 0.000276642473 0.0
0.000146995691 0.000264447852 0.0
0.000138152303 0.000265279028 0.0
0.000147415616 0.0002595158 0.0
0.000137128591 0.000262454327 0.0
0.000139208598 0.000259733933 0.0
0.000145974976 0.000267671567 0.0
0.000138871736 0.00026837294 0.0
0.000149585132 0.000260742236 0.0
0.000146514401 0.000257545587 0.0
0.00013518949 0.000264696107 0.0
0.000149206215 0.00026449174 0.0
0.00015043687 0.000257205771 0.0
0.000141384997 0.000269935292 0.0
0.000136514005 0.000267522148 0.0
0.000145026352 0.000270130811 0.0
0.000140431846 0.000258002226 0.0
0.000136737086 0.000260591012 0.0
0.000134566653 0.000263238413 0.0
0.000134896982 0.000266154209 0.0
0.000135277369 0.000261923007 0.0
0.000147913117 0.000266793475 0.0
0.000150382024 0.000262100744 0.0
0.000151064887 0.000258256943 0.0
0.000149171115 0.000256627623 0.0
0.000143383979 0.000270837947 0.0
0.000142623991 0.00025713662 0.0
0.000144997626 0.000256603584 0.0
0.000140472723 0.000261636975 0.0
0.000140794727 0.00026636821 0.0
0.000139937722 0.000270415738 0.0
0.00014667034 0.000262082584 0.0
0.000389734429 0.0001888525 0.0
0.000385206367 0.000191337414 0.0
0.000386252796 0.000180184652 0.0
0.000380151876 0.000181825744 0.0
0.000382118626 0.000191160245 0.0
0.000388307177 0.000192622232 0.0
0.000382018334 0.000179427458 0.0
0.000377259217 0.000183243406 0.0
0.000392329704 0.00018618723 0.0
0.000390515721 0.000179572075 0.0
0.000391369278 0.000190804072 0.0
0.000386477535 0.000177911963 0.0
0.00038575643 0.000194731532 0.0
0.00037741079 0.000179777082 0.0
0.00039315602 0.0001809026 0.0
0.000393525086 0.000183080832 0.0
0.00037876764 0.000188216 0.0
0.000376856216 0.00018568708 0.0
0.000384006562 0.000193721949 0.0
0.000387395994 0.000194860826 0.0
0.000379099278 0.000178954535 0.0
0.000376431446 0.00018105621 0.0
0.000390205038 0.000192830979 0.0
0.000392438174 0.000188688995 0.0
0.000389127177 0.000178056842 0.0
0.000383647741 0.000178060815 0.0
0.000379722012 0.000190478997 0.0
0.000393469585 0.000179134047 0.0
0.00038655597 0.000188327918 0.0
0.000383986742 0.000182757489 0.0
0.00025359969 0.000330045761 0.0
0.000343211228 7.68909595e-05 0.0
0.000284214388 0.000377787394 0.0
0.000283002737 4.89621307e-05 0.0
0.0001881926 0.000310655189 0.0
0.000297421502 0.000284474227 0.0
0.000208185593 0.00037231014 0.0
0.000227932745 5.43763344e-05 0.0
0.000472312036 0.000299084611 0.0
0.000347484049 0.000131982873 0.0
0.000352869683 0.000240409616 0.0
7.45021316e-05 0.000314227043 0.0
0.000484928052 0.000142688572 0.0
0.000171652326 0.000177718481 0.0
0.00046914324 0.000195009896 0.0
0.000390998874 3.32990385e-05 0.0
0.000315369572 0.000336620229 0.0
0.000193371292 5.43238166e-05 0.0
0.000110994741 0.000191024403 0.0
1.60003856e-05 0.000404580584 0.0
0.000243327566 0.000192042295 0.0
0.000236272113 0.000274628459 0.0
0.000199926944 0.000343780266 0.0
0.000393963826 9.83489299e-05 0.0
0.000448976003 0.00033898314 0.0
0.000300706335 0.000104840161 0.0
0.000325540721 1.74190718e-05 0.0
0.000341400533 0.000359435537 0.0
4.80561903e-05 0.000393100403 0.0
0.000250009529 9.36848664e-06 0.0
0.000130013999 0.000178255723 0.0
7.73679058e-05 0.000150035426 0.0
0.000280214037 0.000415834831 0.0
0.000254427548 8.62092566e-05 0.0
0.0003305469 0.000266644463 0.0
0.000195358429 0.000208556943 0.0
9.33574775e-05 0.000170198298 0.0
0.000233296436 0.000393673545 0.0
0.000331673276 0.000309259136 0.0
0.000145335798 0.00031820382 0.0
0.000329076574 0.000253756734 0.0
0.000193720844 0.000275680766 0.0
0.000255979074 0.000357849058 0.0
0.000149916872 2.25590666e-05 0.0
0.000235705884 0.000307051785 0.0
0.000404001534 0.000129973647 0.0
0.000173375651 3.25062938e-05 0.0
0.000483982323 0.000227606186 0.0
0.000219498252 9.2240356e-05 0.0
4.17893898e-05 0.000294820842 0.0
0.00016937124 0.000388761517 0.0
5.91530188e-05 0.000346723187 0.0
0.0003589837 8.9172845e-06 0.0
0.00032636075 0.000211442006 0.0
0.000325055822 0.000164622747 0.0
4.12938098e-05 4.08905398e-05 0.0
0.000246929441 0.000181953365 0.0
8.89591756e-05 0.000278700085 0.0
0.000421315926 3.27918715e-05 0.0
0.000495582761 0.000163662509 0.0
0.000273616839 0.000100216595 0.0
0.000292814599 2.17265097e-06 0.0
0.000148338586 0.000200447015 0.0
0.000178967835 0.000141751952 0.0
0.00044674339 0.000173961278 0.0
0.000312162039 6.06583562e-05 0.0
0.000202254159 0.000116134746 0.0
0.000120794197 3.32279124e-05 0.0
0.000427844381 0.000447116734 0.0
0.000438522606 0.000223753144 0.0
0.000162509736 3.15771031e-05 0.0
0.000157975737 0.000340465049 0.0
0.000509026751 0.00011254735 0.0
0.00041736351 7.4132462e-05 0.0
0.000110965957 0.000320906547 0.0
0.000444426609 0.000140202494 0.0
0.000302707223 0.000136658447 0.0
0.000320207997 0.000390797475 0.0
5.32089289e-05 0.000365445449 0.0
0.000168437109 0.000368178618 0.0
0.000392300513 0.000265224633 0.0
0.000285884424 0.000310672767 0.0
5.63223584e-05 0.00016030611 0.0
0.000396914809 0.000235565283 0.0
0.00020359068 1.96835317e-05 0.0
0.000412211899 0.000378163968 0.0
0.000270802237 0.00025980972 0.0
1.9885767e-05 0.00043274471 0.0
0.000472083164 0.000353558164 0.0
0.000437710783 0.000363472209 0.0
0.0002261974 4.25505186e-06 0.0
0.000332697207 0.000258937594 0.0
8.9757661e-05 4.89724189e-05 0.0
0.000339873135 0.000288772717 0.0
0.000105053798 0.000233606173 0.0
0.000315530633 0.000251754012 0.0
0.000220100454 0.000241397211 0.0
0.000221579336 0.00034929192 0.0
0.000336864352 0.000100594531 0.0
0.000352555013 0.000337017118 0.0
0.000150539097 0.000154568785 0.0
0.000242388487 0.00010491984 0.0
0.000465710735 0.000292597222 0.0
0.00017378811 0.000210513434 0.0
-4.86417184e-06 0.000380219688 0.0
0.000463894248 0.000313702301 0.0
0.000206634737 0.000169893698 0.0
0.000363088329 0.000150947366 0.0
0.000372633687 0.000359119062 0.0
0.000530685589 8.61536391e-05 0.0
0.000379434001 6.42451996e-05 0.0
0.000129816995 0.000430352753 0.0
7.74282889e-05 0.000414852053 0.0
5.03258452e-05 0.000424131867 0.0
2.27069504e-05 0.000374424213 0.0
0.0002757193 0.000406892534 0.0
0.000121965451 0.000157447008 0.0
0.000310380536 0.000359021127 0.0
0.000473773718 0.000299644307 0.0
0.000434581103 0.000312683231 0.0
4.20501528e-05 0.000318034407 0.0
5.74527658e-05 0.000161788048 0.0
0.000190994222 0.000232655671 0.0
0.000225509182 0.000324840745 0.0
0.000513137202 0.000128674394 0.0
0.000309176219 0.000227098033 0.0
0.000307676237 0.000181066251 0.0
0.000239598521 0.000412000081 0.0
0.000280507142 0.000427630031 0.0
0.000473951775 0.000298197294 0.0
0.000242993774 0.0001875499 0.0
0.000278351101 0.000338923273 0.0
0.000165562058 0.00029109139 0.0
0.000506072422 0.000194430628 0.0
0.000125777908 0.000214029147 0.0
0.000254205719 0.000290374737 0.0
0.000349078153 0.000322850945 0.0
8.83574103e-05 0.000205195422 0.0
0.000432272995 0.000194184933 0.0
0.00020100559 0.000398050179 0.0
0.000392462243 6.59635998e-06 0.0
0.000424111699 0.000109417306 0.0
0.000370590715 0.000274599181 0.0
0.000112839196 0.000147494546 0.0
0.000346571964 3.67164757e-05 0.0
0.000174812449 7.59013856e-05 0.0
8.90678493e-05 0.000108138578 0.0
0.000427488383 0.000138967589 0.0
0.000430525717 5.98835431e-05 0.0
0.000258879067 5.04009477e-05 0.0
0.000513074687 9.07486537e-05 0.0
0.000274723337 -1.55270118e-05 0.0
0.000362561346 0.000111574853 0.0
0.000500119233 0.000244958675 0.0
0.000189944607 1.0026034e-05 0.0
0.000311406591 0.000196892754 0.0
7.36961229e-05 0.000185963669 0.0
8.57234263e-05 0.000348904228 0.0
0.000114064082 4.81063544e-05 0.0
9.66565858e-05 0.000141605735 0.0
0.000144540259 0.000451250089 0.0
0.000124777347 0.000317797123 0.0
0.000108685628 0.00029467282 0.0
0.000210062994 0.00028998882 0.0
0.000493444037 4.78832044e-05 0.0
0.00024662682 0.000250469777 0.0
0.000457445742 0.00047229536 0.0
2.01438306e-05 0.000286662776 0.0
0.000359691476 0.000424044469 0.0
0.000429767882 0.000373830175 0.0
0.00013702162 0.000144244608 0.0
4.99291418e-05 0.000129930864 0.0
0.000430422981 0.000367182656 0.0
1.31293054e-05 0.000441573851 0.0
0.000146807972 0.000361326005 0.0
0.000279649685 0.000132264366 0.0
0.000304054003 0.000321081956 0.0
0.000478208647 0.000121296333 0.0
0.000238313834 0.000374662486 0.0
0.000133190057 9.48480738e-06 0.0
5.18521229e-05 0.000358990626 0.0
2.14901047e-05 0.00044051552 0.0
0.000290356285 0.000248481985 0.0
2.94389083e-05 2.13824478e-05 0.0
0.000157808623 0.000403626123 0.0
0.000103669277 4.61027448e-05 0.0
3.28745082e-05 0.000455579459 0.0
0.000456579408 0.000371548231 0.0
0.000401522964 0.000443113211 0.0
5.16286927e-05 0.000352085597 0.0
0.000339462567 -1.00866673e-05 0.0
0.000154837384 0.000412843045 0.0
0.00043467409 0.00016259565 0.0
9.89310593e-06 0.000279180327 0.0
0.00045873897 0.000236630294 0.0
0.000353860494 0.000378597761 0.0
0.000429701671 0.00033564074 0.0
0.000363500876 0.000217570778 0.0
-2.55365217e-06 0.000408786291 0.0
6.10352654e-05 0.000274959282 0.0
0.000186798061 0.000328944647 0.0
0.000289934134 7.65461373e-05 0.0
0.000438638905 3.60870363e-05 0.0
0.000248177123 0.000185129364 0.0
0.000303534529 3.31354022e-05 0.0
0.000265537295 0.000397738739 0.0
2.90937587e-05 0.000359844998 0.0
0.000226094577 0.000191060913 0.0
0.000127907391 0.000325803761 0.0
0.000233073442 -1.57947943e-05 0.0
0.000277143816 0.00040373698 0.0
0.000319278624 -1.18425105e-05 0.0
0.00019900949 0.000235995627 0.0
0.000318979553 0.000178133705 0.0
4.2804204e-05 0.000436813221 0.0
0.00040614215 0.000255050458 0.0
0.000284154463 0.000356418779 0.0
0.000236748296 3.61548628e-05 0.0
0.000272909005 2.08228048e-05 0.0
0.000320544583 8.52653466e-05 0.0
0.00021312217 5.84366971e-05 0.0
6.73787872e-05 0.000166934173 0.0
0.000135655617 0.00034585016 0.0
7.0992578e-06 0.000367895322 0.0
0.000426900864 0.000425085891 0.0
0.000297337538 0.000157168368 0.0
0.000373408344 0.000126350133 0.0
2.76125484e-05 5.9256945e-05 0.0
5.41112458e-05 0.000165230958 0.0
0.000492411782 0.000442979363 0.0
7.27881634e-05 0.000390385947 0.0
0.000372212671 0.000338609359 0.0
0.00036174967 0.00028849949 0.0
0.000528264209 9.35382996e-05 0.0
0.000314173056 0.000189295359 0.0
0.000149445594 0.000378894008 0.0
0.000270287885 7.5657983e-05 0.0
0.000279450673 0.000425104052 0.0
0.000137525029 0.000216862667 0.0
6.08432201e-05 3.74072551e-05 0.0
0.000194257897 0.000254170503 0.0
0.000247180957 0.000186494493 0.0
0.000428029482 9.23341868e-05 0.0
1.97743102e-05 0.000444440549 0.0
0.000167624778 -5.46127558e-06 0.0
0.000240470428 0.000188106234 0.0
0.000133944384 0.000443840283 0.0
0.000373319228 3.91185386e-05 0.0
0.000311251817 0.000377063785 0.0
0.000107405882 5.24723919e-06 0.0
0.000390245288 0.000361175393 0.0
0.000253215083 0.000122370198 0.0
0.000367449771 8.38237538e-05 0.0
0.000424945989 0.000140289601 0.0
0.000148273364 0.000418572105 0.0
0.000155191112 0.000227782919 0.0
0.000317990722 0.0004059278 0.0
0.000360492209 0.000280568813 0.0
0.000102935563 3.57303907e-05 0.0
9.56420554e-05 0.000258988177 0.0
0.00036734686 0.000426512648 0.0
9.60058824e-05 9.16595163e-05 0.0
0.000369142508 -1.20552077e-05 0.0
0.000481252209 0.000367193454 0.0
0.000412096095 0.00028223134 0.0
0.000413748436 0.000228185425 0.0
0.000243763934 0.000422847923 0.0
0.00020125731 8.89061994e-05 0.0
6.92473986e-05 0.000124406084 0.0
0.000189144324 0.000119225355 0.0
6.4518812e-05 0.000426428713 0.0
0.000277199986 0.000413343805 0.0
0.000522011658 0.000144305843 0.0
0.000259655237 0.00031169827 0.0
4.66397869e-05 0.000186947334 0.0
0.000353146519 0.000421797886 0.0
0.000141759185 0.00044589187 0.0
0.000295014877 0.000239483721 0.0
0.000196985551 0.000360948703 0.0
0.000302668632 0.000193153115 0.0
0.000223741095 0.000122525511 0.0
9.58187156e-05 8.74146353e-05 0.0
9.20692764e-05 0.000426278013 0.0
0.000536692678 0.000106552754 0.0
0.000359704689 0.000304880785 0.0
0.000169513136 0.000308106304 0.0
-2.02557312e-05 0.00037247804 0.0
0.000159552219 0.000135046444 0.0
0.000245114032 0.000188376755 0.0
0.000188727237 0.00012566174 0.0
0.000474494242 0.000294546771 0.0
0.000474646251 0.000307046954 0.0
0.000192203952 0.000132998204 0.0
0.000478317903 3.57049066e-05 0.0
2.36460874e-05 7.60295443e-05 0.0
0.000304182788 0.000269905577 0.0
7.39154057e-05 3.81754799e-05 0.0
0.000414806418 0.000230662306 0.0
0.000349383132 0.000274040649 0.0
0.000211574908 0.000407079584 0.0
0.000464654033 0.000215912471 0.0
0.000529592216 8.41748697e-05 0.0
0.000308710296 0.000415307353 0.0
0.00050877413 0.000219252717 0.0
0.00015201082 0.000406477135 0.0
0.000412974157 0.000240201887 0.0
0.000161562057 5.04640338e-05 0.0
0.000215730266 0.000181072319 0.0
0.000241169502 7.12407636e-05 0.0
0.000386892556 0.000358731399 0.0
0.000416119001 0.000402065169 0.0
0.000472432876 0.000473816093 0.0
0.000186838544 0.000189608458 0.0
0.000291803561 0.000229273806 0.0
0.000204186377 -1.00988127e-05 0.0
0.000140270567 5.23997369e-05 0.0
0.00031097859 0.000172371001 0.0
0.000180708841 0.000376563083 0.0
0.000174353161 8.84987912e-06 0.0
0.000215136839 0.000209001228 0.0
6.59535435e-05 0.000296855957 0.0
0.000469188264 0.000158829702 0.0
0.000151319706 4.92876388e-05 0.0
0.000494500331 0.000256749365 0.0
0.000216218614 0.000264787348 0.0
4.58680188e-05 0.000360537408 0.0
0.000307834067 0.000299758569 0.0
0.00051469187 0.000171399122 0.0
5.95994425e-05 0.000157312752 0.0
0.000242846989 0.000422224228 0.0
0.000121235804 0.000319908722 0.0
0.000211690858 0.000311942713 0.0
0.000257385807 0.000383306644 0.0
0.000468457816 5.74377045e-05 0.0
1.9499872e-05 0.000307892624 0.0
9.66597581e-05 0.000248760218 0.0
9.58204691e-05 8.79120562e-05 0.0
4.59855837e-05 0.000355523167 0.0
7.78144604e-05 0.000201143528 0.0
0.000296271202 0.000396178686 0.0
6.33056334e-05 0.000188280508 0.0
0.000180377625 0.000402660226 0.0
0.000470673578 6.12290969e-05 0.0
0.000144112288 0.000297158811 0.0
0.00033309625 0.000420485449 0.0
0.000426023296 0.000300257641 0.0
4.08836922e-06 0.000258797721 0.0
0.000215206252 0.000384406012 0.0
0.000199961491 0.000138326781 0.0
0.00022919086 0.000361617567 0.0
0.000101541664 0.000179507057 0.0
0.000235987667 0.000117857504 0.0
0.000333287288 5.73596881e-05 0.0
0.000467226957 4.91410865e-05 0.0
0.00039618538 0.000153057947 0.0
0.000150023057 0.00041115412 0.0
8.66093833e-05 8.55128383e-05 0.0
0.000361123995 0.000420706696 0.0
0.000248521566 0.000344800297 0.0
0.000345159991 0.000250477751 0.0
0.000182221862 3.51786724e-07 0.0
0.000448539475 0.000307761016 0.0
0.000368070032 0.000424750237 0.0
0.000476253685 0.000329873466 0.0
0.000118876531 0.000230529608 0.0
0.000349053007 0.00020209128 0.0
9.59987738e-05 7.44308054e-05 0.0
0.000377135177 1.48550589e-05 0.0
0.000210774131 -2.64948121e-05 0.0
0.000420611352 0.000181209834 0.0
0.000278601423 0.000324004533 0.0
0.000178504648 0.000103494611 0.0
0.000191355051 0.000138231189 0.0
0.000468264276 0.000178032424 0.0
0.000141577679 0.000370839058 0.0
0.00022770121 8.01026399e-05 0.0
0.000351170369 0.000171563996 0.0
0.000113122682 0.00027467552 0.0
0.000295204227 0.000211446924 0.0
0.000141632583 0.000179414812 0.0
0.000250418641 -2.31896684e-05 0.0
3.35341574e-05 0.000331536139 0.0
0.000264812144 0.000369888614 0.0
0.000101231533 0.000120394761 0.0
0.000180747622 3.83491133e-05 0.0
8.5843225e-05 0.000229557292 0.0
0.000431739783 0.000468118553 0.0
0.000419214688 0.000414334354 0.0
6.17885671e-05 0.000130088752 0.0
0.000396593328 7.97349858e-05 0.0
0.000163307413 6.52738818e-05 0.0
0.000470811327 0.00030273007 0.0
0.000419589371 0.000414534443 0.0
9.91632478e-05 9.183769e-05 0.0
0.000162938144 0.000325223838 0.0
7.96661261e-05 0.000364830048 0.0
0.000470166502 0.000247635238 0.0
5.11324361e-05 2.16296175e-05 0.0
0.000490935578 0.000180358344 0.0
0.00021723262 2.32143448e-05 0.0
0.000230968653 0.0002939392 0.0
0.000470392028 0.000380184327 0.0
0.000264354429 0.000129027525 0.0
0.000392073765 0.000115220522 0.0
0.000498017413 0.000147110608 0.0
0.000173468114 0.000271844096 0.0
4.70015402e-05 5.78416148e-05 0.0
0.000412569789 1.01240221e-05 0.0
0.000372552691 0.000324502005 0.0
0.000186864665 0.00029505539 0.0
0.000455115834 5.24195857e-05 0.0
0.000192887339 0.000241359157 0.0
0.000325583998 0.000147172264 0.0
0.000157491362 0.000179362483 0.0
0.000470703846 5.4580134e-05 0.0
0.000311748794 0.000115280352 0.0
0.000106777727 0.000426784827 0.0
0.00039093307 0.000360298407 0.0
0.000367953384 0.000313223311 0.0
0.000305288006 0.000240637906 0.0
0.000143979691 0.000232056234 0.0
2.23284987e-05 4.05317842e-05 0.0
0.000207059231 0.000155442598 0.0
0.000279170112 0.000150165884 0.0
0.000152427368 -1.18443802e-06 0.0
2.04894313e-05 0.000277256098 0.0
0.000121324352 0.000185072189 0.0
0.000327965419 0.00034506165 0.0
0.000317935919 0.000413446018 0.0
-7.01965291e-06 0.00042041039 0.0
0.000110761786 0.000133466296 0.0
0.000185042474 0.000161350312 0.0
0.000302574626 -2.13454896e-05 0.0
0.000295706792 0.000168467377 0.0
2.48237175e-05 0.00034708844 0.0
0.000478059897 0.000262926915 0.0
0.000345175009 0.000225991738 0.0
0.00020430384 0.000226618999 0.0
0.000442675984 8.28495467e-05 0.0
6.58495701e-05 0.000331590301 0.0
0.00013001301 0.00032816641 0.0
0.000103075312 1.8610961e-05 0.0
0.000354541669 -1.82228905e-05 0.0
0.000443196623 5.65470509e-05 0.0
0.000374019524 0.000241487316 0.0
3.49313959e-05 0.000234717707 0.0
0.000408157823 0.000347884023 0.0
1.09162547e-05 0.000352191506 0.0
0.000202273091 0.000139242533 0.0
0.000280838052 0.000295490841 0.0
0.000418752112 0.000233428189 0.0
0.000129340813 0.000137791416 0.0
0.000418565585 0.000160945143 0.0
0.00036294607 0.000282630412 0.0
0.000124119222 0.000298269239 0.0
0.00032723989 0.000124967613 0.0
0.0002632057 0.000102105107 0.0
4.11595465e-05 0.000271303754 0.0
0.000495510583 2.10225899e-05 0.0
3.44637592e-05 0.000238940047 0.0
0.000424943282 0.000291777367 0.0
9.72448324e-05 0.000423574878 0.0
3.015533e-05 0.000465191668 0.0
0.000440182834 0.000135061302 0.0
0.000383967534 0.00021424063 0.0
0.000342298415 1.35293621e-05 0.0
3.04268415e-05 0.000400056742 0.0
0.000165557009 0.000121975463 0.0
8.69928699e-05 0.000299552921 0.0
-1.71954562e-05 0.000397467433 0.0
1.73617918e-05 0.000282497669 0.0
0.000498587557 6.44761531e-05 0.0
0.000443312136 0.000351970346 0.0
6.58342033e-05 0.000145840619 0.0
0.000284915615 0.000106290332 0.0
0.000130801476 6.48197311e-05 0.0
0.000480713352 0.000459132105 0.0
0.000276985578 0.000277350569 0.0
0.000273305865 0.000184529141 0.0
0.000409606902 3.86312968e-05 0.0
0.00051701261 8.59579741e-05 0.0
3.17492268e-05 0.000233162733 0.0
0.000439636293 0.000114518436 0.0
0.000340898085 0.00039300244 0.0
0.000399913028 5.47945492e-05 0.0
0.000366263528 0.000254899962 0.0
0.000319262734 0.000183141965 0.0
5.71380479e-05 0.000193347136 0.0
0.000417517353 0.000289905292 0.0
0.000487922603 0.000129862106 0.0
0.000104696817 0.000345972134 0.0
0.00038605131 0.00036180485 0.0
0.000168062412 0.000235562213 0.0
1.9721725e-05 0.00044116698 0.0
0.000267449126 0.000240818539 0.0
0.000152924607 6.40743674e-05 0.0
0.000192997977 0.000385369494 0.0
0.000139523254 0.00035665094 0.0
0.00035815296 5.86363785e-05 0.0
7.43869095e-05 0.000263667753 0.0
0.000218376459 0.000135471055 0.0
0.000456286944 0.000120924866 0.0
0.000382211903 0.00043298633 0.0
0.000461827934 0.000335968216 0.0
0.00042601637 0.00035909799 0.0
0.000445211394 0.00020776334 0.0
4.07907864e-05 0.000451029657 0.0
3.05388094e-05 0.000340271043 0.0
0.000401742727 0.000429001055 0.0
0.000482948817 0.000343047344 0.0
0.000417426869 0.000210133396 0.0
9.10869057e-05 0.00032230388 0.0
0.000447054335 0.000442875957 0.0
0.000504173047 0.000466350233 0.0
0.000207871708 0.000239536224 0.0
0.000120830242 0.00045302324 0.0
0.000304123329 8.37155094e-05 0.0
0.000419520919 0.000339033402 0.0
6.82966274e-05 4.35322254e-05 0.0
0.000100032979 0.000211367937 0.0
0.000450725172 0.000389513589 0.0
0.000170635016 0.00035802598 0.0
0.000462811266 0.000144462741 0.0
0.000173680994 -5.11050621e-06 0.0
9.72299531e-05 0.000424772064 0.0
0.000486895093 0.000210238606 0.0
4.01971702e-05 0.000164018478 0.0
0.000123756094 0.00034230118 0.0
0.000468268525 5.61601664e-05 0.0
8.02564173e-05 0.000377260294 0.0
9.65957151e-05 0.000432997214 0.0
0.000230950842 0.000337052741 0.0
0.000321177125 0.00018960498 0.0
0.000395908719 0.000284868118 0.0
0.00030984942 1.07602973e-05 0.0
1.46174725e-05 1.1392819e-05 0.0
0.000325152505 0.000322815438 0.0
0.000437361567 0.000397764146 0.0
0.000498318579 0.000103912993 0.0
0.000143185185 0.000388818182 0.0
3.79686207e-05 0.000204747717 0.0
0.000324154127 4.09882086e-05 0.0
0.000143716577 0.000129025677 0.0
0.000399455341 0.000219042689 0.0
0.000288451294 2.62925278e-05 0.0
0.00033207261 0.000379420264 0.0
0.000165402031 0.0001579862 0.0
9.38579542e-05 0.000431621535 0.0
0.000256920495 0.00027099729 0.0
0.000144676975 0.000404838298 0.0
0.000188199396 0.000236109277 0.0
0.000195814617 -7.68289556e-06 0.0
0.000190675884 0.000249107805 0.0
7.5658274e-05 0.000439029449 0.0
0.00029718742 5.50242257e-05 0.0
9.58944074e-05 0.000252433092 0.0
0.000167965292 0.000346835965 0.0
0.000165855279 0.000199328715 0.0
4.74324333e-05 9.06546393e-06 0.0
0.000160802418 1.963254e-05 0.0
