-0.000396212068 -0.00114446913 0.0
-0.000375897653 -0.00116055855 0.0
-1.35984192e-05 -0.00118754129 0.0
-4.04569328e-05 -0.00113005959 0.0
-4.62943754e-05 -0.00118919008 0.0
-0.000460753334 -0.00113005959 0.0
-0.000433894806 -0.00118754129 0.0
-0.00012635054 -0.00172098831 0.0
-0.000104048588 -0.00172623468 0.0
-0.000113583388 -0.00167891372 0.0
-9.16177887e-05 2.39647434e-05 0.0
-0.000113919741 2.92110617e-05 0.0
-0.000218917747 -0.0016405551 0.0
-0.000202018055 -0.0016545658 0.0
-0.000189734172 -0.00160399743 0.0
-0.000189587256 9.56336444e-05 0.0
-0.000206486933 0.000109644279 0.0
-0.000445077399 -0.000267006661 0.0
-0.000420297438 -0.000311616634 0.0
-0.000456214999 -0.00146453071 0.0
-0.000448006613 -0.00151103828 0.0
-0.000432289351 -0.00147891394 0.0
-2.77102081e-05 -0.00151103828 0.0
-3.59186051e-05 -0.00146453071 0.0
-0.000149656145 -0.00140115782 0.0
-0.000127248641 -0.0013736987 0.0
-0.000371664559 -0.00151547056 0.0
-0.000348773785 -0.00153977796 0.0
-0.000275959173 -0.00060106453 0.0
-0.000246232463 -0.000527722819 0.0
-9.84147046e-05 -0.000326343987 0.0
-8.38195265e-05 -0.000294717815 0.0
-0.000114228547 -0.000297787774 0.0
-0.000504115946 -0.000294717815 0.0
-0.000518711109 -0.000326343987 0.0
-0.000105135718 -0.000846649287 0.0
-8.46184921e-05 -0.000846250739 0.0
-0.000183118143 -0.000403780083 0.0
-0.000152018823 -0.000316872378 0.0
-0.000262946385 -0.000756269088 0.0
-0.000233376399 -0.000794130727 0.0
-0.000425767037 -0.000985963736 0.0
-0.00039761042 -0.000963970204 0.0
-0.000189030849 -0.000868567615 0.0
-0.000159583564 -0.000929927395 0.0
-0.000412269437 -0.000673224567 0.0
-0.000382889848 -0.000654806849 0.0
-1.24307999e-05 -0.00175019936 0.0
0.0 0.0 0.0
-0.00042029639 0.0 0.0
-0.000432727189 -0.00175019936 0.0
-0.000396900141 -0.00115572789 0.0
-0.000397558586 -0.00116360746 0.0
-0.000397512049 -0.00117141742 0.0
-0.000395951793 -0.00117785437 0.0
-0.000393153081 -0.00118242356 0.0
-0.000390206085 -0.00118594582 0.0
-0.00038878317 -0.00118698389 0.0
-0.000387381326 -0.00118525885 0.0
-0.00038503416 -0.00118163193 0.0
-0.000381351216 -0.00117537996 0.0
-0.00037846464 -0.00116834522 0.0
-0.00037377447 -0.00115189306 0.0
-0.000372840324 -0.00114537147 0.0
-0.000372283044 -0.00113991112 0.0
-0.000372024399 -0.00113524089 0.0
-0.000373346847 -0.0011309901 0.0
-0.000376636192 -0.00112812966 0.0
-0.000381483376 -0.00112520973 0.0
-0.000386489934 -0.00112308422 0.0
-0.000392044021 -0.00112239714 0.0
-0.000393748458 -0.00112668541 0.0
-0.000393789494 -0.00113484624 0.0
-4.86422068e-05 -0.00113276881 0.0
-5.38776912e-05 -0.00113837235 0.0
-5.51481025e-05 -0.00114427647 0.0
-5.52906386e-05 -0.00115150446 0.0
-5.45011753e-05 -0.00116090174 0.0
-5.3157306e-05 -0.00117028505 0.0
-5.02745788e-05 -0.00118082901 0.0
-4.10741086e-05 -0.00119519001 0.0
-3.57498211e-05 -0.00119808398 0.0
-3.03513953e-05 -0.00119991344 0.0
-2.54349252e-05 -0.00119947735 0.0
-2.15099135e-05 -0.00119794963 0.0
-1.77269922e-05 -0.00119540968 0.0
-1.44813766e-05 -0.00119128521 0.0
-0.000434283633 -0.00118204905 0.0
-0.000436759321 -0.0011740214 0.0
-0.000439368945 -0.0011624723 0.0
-0.000441262411 -0.00115225557 0.0
-0.000444280624 -0.0011413336 0.0
-0.000446429127 -0.00113314146 0.0
-0.000447600469 -0.00112847309 0.0
-0.00045321323 -0.00112746563 0.0
-0.000102110804 -0.00171649421 0.0
-0.000102281068 -0.001707435 0.0
-0.000103912265 -0.00170040899 0.0
-0.000105467196 -0.00169463025 0.0
-0.000107051907 -0.0016898968 0.0
-0.000108566208 -0.00168570108 0.0
-0.000110558794 -0.00168154738 0.0
-0.000117714095 -0.00167726283 0.0
-0.000120032957 -0.00167763 0.0
-0.000120532284 -0.00168106577 0.0
-0.000120741133 -0.00168584695 0.0
-0.00012191054 -0.00169394736 0.0
-0.000123462843 -0.00170260586 0.0
-0.000125184204 -0.00171110209 0.0
-0.000114263945 2.10551716e-05 0.0
-0.000113826456 1.40408856e-05 0.0
-0.000112255431 8.39530003e-06 0.0
-0.000108816384 3.34109836e-06 0.0
-0.00010425692 9.61414003e-07 0.0
-0.000100789941 -7.11132543e-07 0.0
-9.86152809e-05 1.90025219e-06 0.0
-9.67366796e-05 8.25977349e-06 0.0
-9.39196834e-05 1.563964e-05 0.0
-0.000197673449 -0.00164955761 0.0
-0.000193670989 -0.00164240866 0.0
-0.000189712868 -0.00163432688 0.0
-0.000185336336 -0.00162374612 0.0
-0.000182867137 -0.001614579 0.0
-0.000180790536 -0.00160821923 0.0
-0.00018150649 -0.00160411885 0.0
-0.000184788558 -0.00160343759 0.0
-0.000194398119 -0.00160463608 0.0
-0.000198768103 -0.00160555006 0.0
-0.000203388787 -0.00160749129 0.0
-0.000208087149 -0.00161016569 0.0
-0.0002126092 -0.0016132585 0.0
-0.00021629117 -0.00161748333 0.0
-0.000218466535 -0.00162401376 0.0
-0.000219071982 -0.001631964 0.0
-0.000204828 0.000102802413 0.0
-0.000202657422 9.74805953e-05 0.0
-0.000199985778 9.41233302e-05 0.0
-0.000196594367 9.27623187e-05 0.0
-0.000193275351 9.3131639e-05 0.0
-0.000451436848 -0.000273866841 0.0
-0.000454108755 -0.000279977568 0.0
-0.000453943299 -0.000288031646 0.0
-0.000453096203 -0.000298070663 0.0
-0.000451011234 -0.000309071125 0.0
-0.000447379862 -0.000317654689 0.0
-0.000444353966 -0.00032891336 0.0
-0.00043977052 -0.000334683165 0.0
-0.000436254311 -0.000334701763 0.0
-0.000431571301 -0.000329668197 0.0
-0.000425128848 -0.000322474341 0.0
-0.000415605027 -0.000301741326 0.0
-0.00041274642 -0.000290961296 0.0
-0.000410895387 -0.000281460379 0.0
-0.000409577682 -0.000272933743 0.0
-0.000409463217 -0.000265057723 0.0
-0.000410512963 -0.00025776145 0.0
-0.000412509107 -0.000252526399 0.0
-0.000415679999 -0.00025047324 0.0
-0.00042160743 -0.000250895013 0.0
-0.000428842963 -0.00025397478 0.0
-0.000436622853 -0.000259283115 0.0
-0.000443858851 -0.00151461968 0.0
-0.000440222124 -0.00151730992 0.0
-0.000437002105 -0.00151855184 0.0
-0.000435902533 -0.00151754287 0.0
-0.000436504692 -0.00151431852 0.0
-0.000435514434 -0.00150938716 0.0
-0.000433844252 -0.00150184019 0.0
-0.000433101202 -0.00149357412 0.0
-0.000432481378 -0.00148605788 0.0
-0.000432712055 -0.00147076556 0.0
-0.000433669804 -0.00146355131 0.0
-0.000436806149 -0.00145833183 0.0
-0.000440650765 -0.00145530386 0.0
-0.000444272562 -0.0014536964 0.0
-0.000448447536 -0.00145331374 0.0
-0.000452560809 -0.00145430455 0.0
-0.000454574882 -0.00145396788 0.0
-0.00045622926 -0.001457504 0.0
-3.63697982e-05 -0.0014733813 0.0
-3.65927845e-05 -0.00148229487 0.0
-3.61117418e-05 -0.00149181718 0.0
-3.37841884e-05 -0.00150049222 0.0
-3.08119779e-05 -0.00150629028 0.0
-0.000147757746 -0.00141054369 0.0
-0.000145475875 -0.00141957391 0.0
-0.000144418751 -0.00142452214 0.0
-0.000142314209 -0.00142722926 0.0
-0.000137790776 -0.00142698316 0.0
-0.000131122739 -0.00142496184 0.0
-0.000126174331 -0.0014221482 0.0
-0.000122369136 -0.00141852943 0.0
-0.000121332676 -0.001412855 0.0
-0.000122945115 -0.00140541489 0.0
-0.000123380334 -0.00139540539 0.0
-0.000124910061 -0.00138325791 0.0
-0.000130864137 -0.00136541331 0.0
-0.00013591125 -0.00136029616 0.0
-0.000141299301 -0.00135674176 0.0
-0.000146837905 -0.00135409052 0.0
-0.000151594446 -0.00135333068 0.0
-0.00015564909 -0.00135317165 0.0
-0.000157262373 -0.00135489868 0.0
-0.000155979797 -0.00135948916 0.0
-0.000154944384 -0.00136709178 0.0
-0.000153837231 -0.00137532246 0.0
-0.000152354769 -0.00138386083 0.0
-0.000151241169 -0.00139222178 0.0
-0.000374193391 -0.00152336259 0.0
-0.000376440817 -0.00153224682 0.0
-0.000376600743 -0.0015400406 0.0
-0.000374928408 -0.00154579349 0.0
-0.000372045819 -0.00154992961 0.0
-0.000368392066 -0.00155245152 0.0
-0.000364307401 -0.00155303709 0.0
-0.000360066217 -0.00155146979 0.0
-0.000355430908 -0.0015484594 0.0
-0.000351287308 -0.00154441758 0.0
-0.000347826834 -0.00153317198 0.0
-0.000348178524 -0.00152504584 0.0
-0.000349548995 -0.00151642621 0.0
-0.000352407689 -0.00150775176 0.0
-0.000354564399 -0.0015012112 0.0
-0.000356388307 -0.00149632478 0.0
-0.000358121702 -0.00149469927 0.0
-0.000361410406 -0.00149695901 0.0
-0.000365013198 -0.00150297151 0.0
-0.000368711771 -0.00150900218 0.0
-0.000270735036 -0.000606260495 0.0
-0.000261948444 -0.000608332455 0.0
-0.000251878577 -0.000609444105 0.0
-0.000242624461 -0.000610543881 0.0
-0.00023629998 -0.000609750918 0.0
-0.000231877813 -0.000603569264 0.0
-0.00022954063 -0.000590704207 0.0
-0.000228877761 -0.000575924525 0.0
-0.000229820944 -0.000561242574 0.0
-0.000233590632 -0.000547657022 0.0
-0.000238982873 -0.000536128413 0.0
-0.000254068756 -0.000524722622 0.0
-0.000262628047 -0.000523863884 0.0
-0.000272329809 -0.000525447365 0.0
-0.000280246604 -0.000529287674 0.0
-0.000286207593 -0.000535634113 0.0
-0.000289555726 -0.000543888076 0.0
-0.000290976139 -0.000553048274 0.0
-0.000290529715 -0.000562910573 0.0
-0.000288907526 -0.000573630445 0.0
-0.000285673625 -0.000583921676 0.0
-0.000281237997 -0.000593609642 0.0
-8.71244702e-05 -0.000288725627 0.0
-9.00622908e-05 -0.000281128305 0.0
-9.3644463e-05 -0.000274868391 0.0
-9.71808549e-05 -0.000270469318 0.0
-0.000100277917 -0.000266975636 0.0
-0.000103021426 -0.000268210628 0.0
-0.000106796077 -0.00027390194 0.0
-0.000110088971 -0.00028323938 0.0
-0.000112991715 -0.000291262899 0.0
-0.000112811635 -0.000303589215 0.0
-0.000110844245 -0.00031038298 0.0
-0.000110021661 -0.000318045146 0.0
-0.0001090429 -0.000324341614 0.0
-0.000109833927 -0.000329424365 0.0
-0.000109975794 -0.000331995863 0.0
-0.000108506509 -0.000332918979 0.0
-0.000106042011 -0.000332391064 0.0
-0.000102769365 -0.000329894625 0.0
-0.000514812418 -0.000320212217 0.0
-0.000510389276 -0.000313158293 0.0
-0.00050576136 -0.000306018075 0.0
-0.000503127754 -0.000300635147 0.0
-0.000105345403 -0.000853955513 0.0
-0.000103842489 -0.000858642627 0.0
-0.000100763689 -0.000863017747 0.0
-9.79702163e-05 -0.000867843453 0.0
-9.41056933e-05 -0.000872021541 0.0
-9.04313129e-05 -0.000873713754 0.0
-8.82558961e-05 -0.000873600133 0.0
-8.68978896e-05 -0.000871881843 0.0
-8.58134663e-05 -0.000867035938 0.0
-8.45250688e-05 -0.000861174078 0.0
-8.40339271e-05 -0.00085404003 0.0
-8.62647939e-05 -0.000838020234 0.0
-8.83651082e-05 -0.000829341065 0.0
-9.10599047e-05 -0.000822496135 0.0
-9.19815575e-05 -0.000817692722 0.0
-9.29248927e-05 -0.000813685765 0.0
-9.36630095e-05 -0.000811819918 0.0
-9.54795905e-05 -0.00081287208 0.0
-9.84213111e-05 -0.000815957668 0.0
-0.000100821992 -0.000821558933 0.0
-0.000103246675 -0.000828110962 0.0
-0.000104303195 -0.000836871972 0.0
-0.000173188964 -0.000407782674 0.0
-0.000162423326 -0.000408096617 0.0
-0.000150496999 -0.000405788363 0.0
-0.000140298318 -0.000400908146 0.0
-0.000133255598 -0.000393469236 0.0
-0.000128935353 -0.000384028041 0.0
-0.000127227744 -0.000373593881 0.0
-0.00012803619 -0.000361761777 0.0
-0.000131370878 -0.000350021612 0.0
-0.000137790426 -0.000336997502 0.0
-0.000144756879 -0.000324961205 0.0
-0.000161434567 -0.000312474323 0.0
-0.000171845459 -0.000309362978 0.0
-0.000180450807 -0.000308239192 0.0
-0.000188915728 -0.000312720193 0.0
-0.000195918445 -0.000319470448 0.0
-0.00020130421 -0.000328690046 0.0
-0.000204702388 -0.000339911261 0.0
-0.000204366719 -0.000352554925 0.0
-0.000202204217 -0.00036570683 0.0
-0.00019826545 -0.000379923295 0.0
-0.000192120642 -0.000393855851 0.0
-0.000266152609 -0.000764354132 0.0
-0.000268664793 -0.000771137944 0.0
-0.000270657678 -0.000777363777 0.0
-0.00027162832 -0.000783334719 0.0
-0.000270123972 -0.000788554607 0.0
-0.000266697141 -0.000792690902 0.0
-0.000261833717 -0.000795610191 0.0
-0.000255555642 -0.000797189365 0.0
-0.000247248361 -0.000798051013 0.0
-0.00023824512 -0.000797923596 0.0
-0.000231161874 -0.000785818207 0.0
-0.000229136582 -0.000773708511 0.0
-0.000228902325 -0.000760599447 0.0
-0.000229199315 -0.000747799 0.0
-0.000230780031 -0.000736937451 0.0
-0.000235143525 -0.000733843888 0.0
-0.000240830719 -0.000736707065 0.0
-0.000248108146 -0.000740410702 0.0
-0.000254193379 -0.000744086807 0.0
-0.000258804794 -0.000748971535 0.0
-0.000424431637 -0.000995574752 0.0
-0.00042359595 -0.00100206642 0.0
-0.000421016361 -0.00100545061 0.0
-0.000414580602 -0.00100384979 0.0
-0.00040825241 -0.00100059679 0.0
-0.000404551713 -0.000998220523 0.0
-0.000400960358 -0.000995751354 0.0
-0.00039726356 -0.000994024565 0.0
-0.000393240887 -0.000991778914 0.0
-0.000394553674 -0.000984864077 0.0
-0.000396920543 -0.000975374191 0.0
-0.000399882614 -0.000951971277 0.0
-0.000402217935 -0.000942516781 0.0
-0.000401680183 -0.000932471594 0.0
-0.000403627608 -0.000927891757 0.0
-0.000409265253 -0.000933243311 0.0
-0.000414215174 -0.000940582366 0.0
-0.000417990901 -0.000947670138 0.0
-0.000420570432 -0.00095551298 0.0
-0.000421817182 -0.000962720194 0.0
-0.00042334196 -0.000969508896 0.0
-0.000424875092 -0.000977111165 0.0
-0.000192389867 -0.000877153303 0.0
-0.000195591128 -0.000888815091 0.0
-0.000197047906 -0.000901283231 0.0
-0.000196937515 -0.000914190896 0.0
-0.000196151057 -0.000925778295 0.0
-0.000194659428 -0.000937014935 0.0
-0.000192704538 -0.000946104643 0.0
-0.000188304941 -0.000949298963 0.0
-0.000181999159 -0.000948094297 0.0
-0.000174376313 -0.000944753003 0.0
-0.000166730752 -0.000938408833 0.0
-0.000153318106 -0.0009223331 0.0
-0.000149556276 -0.000915670476 0.0
-0.0001470469 -0.000907881476 0.0
-0.000145548634 -0.000897537568 0.0
-0.000144791396 -0.0008889889 0.0
-0.000145763377 -0.000880686566 0.0
-0.000148860971 -0.000873918296 0.0
-0.000154515816 -0.000868933974 0.0
-0.000162523313 -0.00086622563 0.0
-0.000172587359 -0.000864693022 0.0
-0.000183005439 -0.000864791044 0.0
-0.000410518842 -0.000684712373 0.0
-0.000408601016 -0.000694549817 0.0
-0.00040820564 -0.000702682941 0.0
-0.000407550862 -0.000711105939 0.0
-0.000401689176 -0.000710804481 0.0
-0.000396099116 -0.000702242076 0.0
-0.000390884816 -0.000695414725 0.0
-0.000387125852 -0.000687350053 0.0
-0.000384608546 -0.000679916353 0.0
-0.000382009603 -0.000673200295 0.0
-0.000381582446 -0.000667220738 0.0
-0.000381842401 -0.000661091006 0.0
-0.00038459248 -0.000649922702 0.0
-0.000388909888 -0.000647287758 0.0
-0.000394489412 -0.000644154265 0.0
-0.000399307901 -0.000640503422 0.0
-0.000404654129 -0.000637054734 0.0
-0.000409604283 -0.000635166594 0.0
-0.000413492613 -0.000634271128 0.0
-0.000416285591 -0.000632779673 0.0
-0.000417259696 -0.000636230398 0.0
-0.000415491348 -0.000643874169 0.0
-0.000414184673 -0.000653975876 0.0
-0.000413407804 -0.00066329079 0.0
-1.25228944e-05 -0.00167921919 0.0
-2.27480596e-05 -0.00160249684 0.0
-3.84775012e-05 -0.00103151088 0.0
-4.09554923e-05 -0.000974046823 0.0
-4.22433877e-05 -0.000926215725 0.0
-5.47928103e-05 -0.000886488066 0.0
-5.94887242e-05 -0.000851474237 0.0
-5.94315316e-05 -0.000797266839 0.0
-8.82975728e-05 -0.000720048789 0.0
-0.000117633033 -0.000628353388 0.0
-0.000125873135 -0.000535540283 0.0
-0.000115631643 -0.000436340168 0.0
-6.2473744e-05 -0.000256905245 0.0
-5.10076352e-05 -0.00020655735 0.0
-3.94356575e-05 -0.000142546574 0.0
-1.68010829e-05 -7.22328914e-05 0.0
-3.65510496e-05 -5.91139678e-06 0.0
-0.000152703549 -1.74631623e-05 0.0
-0.000177892842 6.28224143e-06 0.0
-0.000239312125 5.08281846e-05 0.0
-0.000280187436 4.37139643e-05 0.0
-0.000313694065 6.64473337e-05 0.0
-0.000337567384 0.000105063918 0.0
-0.000350996474 0.000135009657 0.0
-0.000356406206 0.000141629411 0.0
-0.000365224871 0.000116736614 0.0
-0.000383388222 6.57327619e-05 0.0
-0.000413462752 8.30672889e-06 0.0
-0.000443368161 -4.11853071e-05 0.0
-0.000463568489 -8.56200422e-05 0.0
-0.000454216788 -0.000136273622 0.0
-0.00042347936 -0.000104650375 0.0
-0.000378348574 -5.12429688e-05 0.0
-0.000362310617 -1.24189482e-05 0.0
-0.000387051492 1.93831261e-06 0.0
-0.000437097478 -7.22328914e-05 0.0
-0.000459732051 -0.000142546574 0.0
-0.000471304025 -0.00020655735 0.0
-0.000482770149 -0.000256905245 0.0
-0.000535928062 -0.000436340168 0.0
-0.000546169525 -0.000535540283 0.0
-0.000537929416 -0.000628353388 0.0
-0.000508593977 -0.000720048789 0.0
-0.000479727925 -0.000797266839 0.0
-0.000479785114 -0.000851474237 0.0
-0.000475089211 -0.000886488066 0.0
-0.000462539785 -0.000926215725 0.0
-0.000461251882 -0.000974046823 0.0
-0.000458773895 -0.00103151088 0.0
-0.000443044468 -0.00160249684 0.0
-0.000432819303 -0.00167921919 0.0
-0.000399482291 -0.00174826104 0.0
-0.000374741416 -0.00176261831 0.0
-0.000390779373 -0.00180144235 0.0
-0.000435910159 -0.00185484975 0.0
-0.000466647587 -0.00188647304 0.0
-0.000475999288 -0.00183581945 0.0
-0.00045579896 -0.00179138465 0.0
-0.000425893551 -0.00174189266 0.0
-0.000395819021 -0.00168446661 0.0
-0.00037765567 -0.00163346273 0.0
-0.000368837005 -0.00160856999 0.0
-0.000363427273 -0.00161518971 0.0
-0.000349998183 -0.00164513546 0.0
-0.000326124864 -0.00168375205 0.0
-0.000292618235 -0.0017064854 0.0
-0.000251742924 -0.00169937126 0.0
-0.000190323641 -0.00174391712 0.0
-0.000165134348 -0.00176766259 0.0
-4.89818485e-05 -0.00175611081 0.0
-0.000250857236 -0.0012080333 0.0
-0.000326125592 -0.000264584902 0.0
-0.00028575855 -0.00138831418 0.0
-0.000283524423 -0.000205589793 0.0
-0.000187727172 -0.0011095159 0.0
-0.000288029958 -0.00103028386 0.0
-0.000221514623 -0.00139065611 0.0
-0.000242345573 -0.000213314837 0.0
-0.00043718837 -0.00108189345 0.0
-0.00035551886 -0.000455642381 0.0
-0.000347503985 -0.000893457967 0.0
-0.000137200142 -0.00110643147 0.0
-0.000473687105 -0.00049864914 0.0
-0.000145164042 -0.00063310808 0.0
-0.000470938132 -0.000698074407 0.0
-0.00036052402 -0.000104244675 0.0
-0.000307002018 -0.00125327986 0.0
-0.000225536409 -0.000203163567 0.0
-0.000135909417 -0.000652487273 0.0
-7.54492576e-05 -0.00143420207 0.0
-0.00022818493 -0.000691686 0.0
-0.00024757866 -0.000988857239 0.0
-0.000210990722 -0.00125186471 0.0
-0.00036232057 -0.000345322274 0.0
-0.000431722292 -0.00121222623 0.0
-0.000297499646 -0.000364505104 0.0
-0.000322781096 -7.92780193e-05 0.0
-0.000357228477 -0.00134770037 0.0
-7.74131404e-05 -0.00144267664 0.0
-0.000254555867 -9.80946279e-05 0.0
-0.000136635485 -0.000614482735 0.0
-7.71035629e-05 -0.000534373976 0.0
-0.000273327081 -0.00150328409 0.0
-0.000263481896 -0.00031999292 0.0
-0.000319598184 -0.000971840927 0.0
-0.000182097516 -0.00070412166 0.0
-0.000109486544 -0.00058667385 0.0
-0.000232518563 -0.00146932947 0.0
-0.000306661241 -0.00114450569 0.0
-0.000137583906 -0.00111519219 0.0
-0.000324884895 -0.000948709087 0.0
-0.000208010402 -0.000997203635 0.0
-0.000258042564 -0.00132256781 0.0
-0.000191251645 -0.000128116284 0.0
-0.000235214626 -0.00110832462 0.0
-0.000401961035 -0.000477042282 0.0
-0.00020709385 -0.000150592707 0.0
-0.000449714687 -0.000804460957 0.0
-0.000258524407 -0.000323341461 0.0
-8.07754768e-05 -0.0010322656 0.0
-0.000190841325 -0.00147399423 0.0
-0.000131725683 -0.00120885961 0.0
-0.000345355598 -3.05097437e-05 0.0
-0.000345534441 -0.000783123716 0.0
-0.000351210067 -0.00055158016 0.0
-8.9357869e-05 -0.00013738581 0.0
-0.000239869158 -0.000651510491 0.0
-0.000124402839 -0.00099883019 0.0
-0.000393118447 -9.34125856e-05 0.0
-0.000499674759 -0.000580932072 0.0
-0.0002756514 -0.000360393286 0.0
-0.00030106536 -6.13659649e-05 0.0
-0.000129958207 -0.000697613752 0.0
-0.000155352129 -0.000534981664 0.0
-0.000462280907 -0.000615295605 0.0
-0.000304172398 -0.000224136849 0.0
-0.000257070089 -0.000384384155 0.0
-0.000160584372 -0.000154503388 0.0
-0.000436559203 -0.00164409378 0.0
-0.000421245088 -0.000813327555 0.0
-0.000203041127 -0.000141945638 0.0
-0.00016791794 -0.00121452834 0.0
-0.000469502993 -0.000397941214 0.0
-0.000368593697 -0.000246992713 0.0
-0.000189418774 -0.00114670559 0.0
-0.000430218643 -0.000467538339 0.0
-0.000312792632 -0.000462071825 0.0
-0.000322322769 -0.00143759383 0.0
-6.32818628e-05 -0.00134784554 0.0
-0.000199674701 -0.00136471528 0.0
-0.000360405946 -0.000989376917 0.0
-0.000273991085 -0.00113683776 0.0
-0.000153078494 -0.000563324022 0.0
-0.000387602136 -0.000841773057 0.0
-0.000215624255 -0.000103331739 0.0
-0.000365255604 -0.00135368877 0.0
-0.00027809164 -0.000928397407 0.0
-9.09289956e-05 -0.00152841955 0.0
-0.000428627915 -0.00126170355 0.0
-0.000430713932 -0.00130323821 0.0
-0.000228577817 -7.15077404e-05 0.0
-0.000325055589 -0.000953767216 0.0
-0.000122744794 -0.00014825174 0.0
-0.000318124949 -0.00105835847 0.0
-0.000146292776 -0.000782533782 0.0
-0.000311940094 -0.000935080869 0.0
-0.000248314958 -0.000889041985 0.0
-0.000229972473 -0.00128360745 0.0
-0.000327837159 -0.000344615692 0.0
-0.000349012378 -0.00126688869 0.0
-0.000127027815 -0.000553174817 0.0
-0.000263535214 -0.000366482738 0.0
-0.000427342049 -0.00104748108 0.0
-0.000154759793 -0.000722049328 0.0
-5.08961712e-05 -0.00135376106 0.0
-0.00041524737 -0.00112028501 0.0
-0.000192755804 -0.000607969414 0.0
-0.000387276523 -0.000538944616 0.0
-0.000397657801 -0.00135695818 0.0
-0.000483353331 -0.000289895455 0.0
-0.000346911431 -0.000215496257 0.0
-0.000142311925 -0.00154341443 0.0
-0.000113419032 -0.00152170262 0.0
-9.95764276e-05 -0.00153263693 0.0
-5.45651019e-05 -0.00135194161 0.0
-0.000294731319 -0.001627094 0.0
-0.000134734772 -0.000550266239 0.0
-0.000314356002 -0.00133206672 0.0
-0.000443120371 -0.00107652694 0.0
-0.000418607873 -0.00111987127 0.0
-9.96618037e-05 -0.0011129342 0.0
-4.91158607e-05 -0.000578042585 0.0
-0.00017927881 -0.000764948549 0.0
-0.000226539298 -0.00117801002 0.0
-0.000494090433 -0.000459910108 0.0
-0.000317268597 -0.000849113916 0.0
-0.000294488302 -0.0006707469 0.0
-0.000235478059 -0.00152428297 0.0
-0.000272497215 -0.00155002123 0.0
-0.000438001065 -0.00107048312 0.0
-0.000225820884 -0.000676166965 0.0
-0.000273317622 -0.00125077995 0.0
-0.000171614593 -0.00102462736 0.0
-0.000498705136 -0.000682378653 0.0
-0.000147799059 -0.00072693004 0.0
-0.000254584942 -0.00104625372 0.0
-0.00033090444 -0.00120959477 0.0
-0.000113850663 -0.000692944624 0.0
-0.00045348503 -0.000698067946 0.0
-0.000206358833 -0.00150695839 0.0
-0.000371703325 -1.43694424e-05 0.0
-0.000391601527 -0.000390212401 0.0
-0.000349142792 -0.00103190565 0.0
-0.00012681316 -0.000519677473 0.0
-0.000331403484 -0.000129698732 0.0
-0.000222296047 -0.000272033794 0.0
-0.000106565341 -0.000412476511 0.0
-0.00042667432 -0.00050311198 0.0
-0.000383833161 -0.000188573787 0.0
-0.000263484311 -0.000215622975 0.0
-0.000473021442 -0.00028794547 0.0
-0.000286774215 -2.61935274e-05 0.0
-0.000353096082 -0.000388767832 0.0
-0.000448946841 -0.00084830058 0.0
-0.000206672266 -7.65343066e-05 0.0
-0.000329357921 -0.000738612493 0.0
-8.53385427e-05 -0.00063070684 0.0
-0.000163637436 -0.00122545147 0.0
-0.000156062699 -0.000193629603 0.0
-0.000107113832 -0.000500892114 0.0
-0.000168930215 -0.00171068113 0.0
-0.000116429357 -0.0011094925 0.0
-0.000167616177 -0.00105581537 0.0
-0.000215567139 -0.0010443452 0.0
-0.000425304868 -0.000136212839 0.0
-0.000264777715 -0.000898725179 0.0
-0.000473765482 -0.00171000767 0.0
-5.66900017e-05 -0.0010106616 0.0
-0.000367070228 -0.0015866562 0.0
-0.000395143958 -0.00134180195 0.0
-0.000125886858 -0.000501084898 0.0
-0.000139965166 -0.00047569655 0.0
-0.000419676013 -0.00132345106 0.0
-8.23320806e-05 -0.00156583288 0.0
-0.000171733511 -0.00131415145 0.0
-0.000286845054 -0.000456887006 0.0
-0.000288767274 -0.00118751521 0.0
-0.000441361539 -0.000399730139 0.0
-0.00024202565 -0.00139270246 0.0
-0.000172205211 -9.13364493e-05 0.0
-0.000110513261 -0.00125163398 0.0
-5.944437e-05 -0.00161128922 0.0
-0.00029296815 -0.000895005534 0.0
-5.53938044e-05 -7.08635052e-05 0.0
-0.000168759288 -0.00153002341 0.0
-0.000144818303 -0.00015854738 0.0
-4.41362135e-05 -0.00167915761 0.0
-0.000442107004 -0.00133677339 0.0
-0.00040615935 -0.00163696159 0.0
-6.78409488e-05 -0.00129726878 0.0
-0.000339395308 1.89061375e-05 0.0
-0.000164739715 -0.00153989624 0.0
-0.000441729528 -0.00056349847 0.0
-8.04045776e-05 -0.0010354619 0.0
-0.000427579129 -0.000857370091 0.0
-0.00036329549 -0.00142318965 0.0
-0.000429321954 -0.00121046603 0.0
-0.000375360047 -0.000788152858 0.0
-6.62756865e-05 -0.00144649192 0.0
-9.40539685e-05 -0.000966680236 0.0
-0.000190775361 -0.00118057383 0.0
-0.000286947645 -0.000284199516 0.0
-0.00042138758 -9.08264992e-05 0.0
-0.000229474026 -0.000668159511 0.0
-0.000301931723 -0.000144285106 0.0
-0.000262356858 -0.00145677244 0.0
-5.03190022e-05 -0.00132439472 0.0
-0.000230645834 -0.000669678207 0.0
-0.00021677003 -0.00117194839 0.0
-0.000237081433 -2.15256769e-05 0.0
-0.000289304269 -0.00159313972 0.0
-0.000327666057 5.83769088e-06 0.0
-0.000235534506 -0.000878877239 0.0
-0.000344856031 -0.000594794517 0.0
-0.000101895064 -0.0015531244 0.0
-0.000366667344 -0.000923912739 0.0
-0.000284124952 -0.00131806952 0.0
-0.000242868395 -0.000166535989 0.0
-0.000276929088 -0.000127543972 0.0
-0.00031084381 -0.00029742028 0.0
-0.000237653061 -0.000217790235 0.0
-0.000164123281 -0.000577856903 0.0
-0.000146924693 -0.00122026308 0.0
-4.45672704e-05 -0.00131349242 0.0
-0.000419006392 -0.00156869576 0.0
-0.000318526319 -0.000527901575 0.0
-0.000374325347 -0.000449494255 0.0
-7.91610437e-05 -0.000184755467 0.0
-6.11587602e-05 -0.000599465391 0.0
-0.00041706796 -0.00162882672 0.0
-8.69097858e-05 -0.00143221382 0.0
-0.000375765521 -0.00127675431 0.0
-0.000339880527 -0.00106214406 0.0
-0.000479697977 -0.00034453941 0.0
-0.00031108188 -0.00069225434 0.0
-0.000185713536 -0.00141664327 0.0
-0.000272849808 -0.000288540119 0.0
-0.000276130624 -0.00157303922 0.0
-0.00013936375 -0.000758873532 0.0
-0.000108824388 -0.000137920259 0.0
-0.000221040929 -0.000934399723 0.0
-0.000244950439 -0.000654373958 0.0
-0.000374942872 -0.000319497311 0.0
-6.94880437e-05 -0.001597928 0.0
-0.000197575311 -3.49741786e-05 0.0
-0.000240636 -0.000665438012 0.0
-0.000146250124 -0.00161555992 0.0
-0.00034681437 -0.00012804594 0.0
-0.000318069739 -0.00138935412 0.0
-0.000142193545 -6.29912611e-05 0.0
-0.000349107111 -0.00132503908 0.0
-0.000269412674 -0.000429784879 0.0
-0.000341883133 -0.000287969684 0.0
-0.00042038993 -0.000477862486 0.0
-0.000155036076 -0.00152257865 0.0
-0.000140129647 -0.000780373928 0.0
-0.000312900287 -0.00148419233 0.0
-0.000344351516 -0.00104346662 0.0
-0.000140804565 -0.000130015993 0.0
-0.000123907128 -0.000938469137 0.0
-0.000371904607 -0.00158850849 0.0
-0.000134733215 -0.00030622186 0.0
-0.000357805722 4.12852678e-05 0.0
-0.000434822985 -0.00130194135 0.0
-0.000370018155 -0.00103880302 0.0
-0.000398031581 -0.000797112763 0.0
-0.000241479385 -0.00155420369 0.0
-0.000250145997 -0.000303127745 0.0
-8.06614044e-05 -0.000459885865 0.0
-0.000187048703 -0.000467027043 0.0
-0.000107709668 -0.00155504141 0.0
-0.000281467248 -0.00158199016 0.0
-0.00052204018 -0.000516298576 0.0
-0.000254067796 -0.00113338162 0.0
-0.000135966446 -0.000651191105 0.0
-0.000362695835 -0.00158845726 0.0
-0.000154456327 -0.0016506305 0.0
-0.000297105347 -0.00087071181 0.0
-0.000215897831 -0.00133545441 0.0
-0.000312018936 -0.000719022122 0.0
-0.000273680518 -0.000417644362 0.0
-0.000131057401 -0.000309291907 0.0
-0.000123425343 -0.00155967986 0.0
-0.000500120106 -0.000385453721 0.0
-0.000329947827 -0.00112889428 0.0
-0.000166634039 -0.00109122449 0.0
-3.51322196e-05 -0.00133113889 0.0
-0.000137676529 -0.000505073869 0.0
-0.000233209634 -0.00067842711 0.0
-0.000201115035 -0.000454352936 0.0
-0.000423039979 -0.00105800107 0.0
-0.000416190771 -0.00110235927 0.0
-0.000243384537 -0.000429947744 0.0
-0.00039191515 -9.04200497e-05 0.0
-7.32264889e-05 -0.00023557106 0.0
-0.000295671518 -0.000975337869 0.0
-0.000104497361 -0.000122697122 0.0
-0.000397041324 -0.000852089899 0.0
-0.000338175916 -0.001016416 0.0
-0.000213612642 -0.00153690146 0.0
-0.000447305967 -0.000777400041 0.0
-0.000485244498 -0.000293276913 0.0
-0.00032647379 -0.00162571471 0.0
-0.000475070905 -0.00076212408 0.0
-0.000160181909 -0.00148905034 0.0
-0.000393778028 -0.00088965625 0.0
-0.000202848663 -0.000198404348 0.0
-0.000209451609 -0.000634803204 0.0
-0.000254487793 -0.000269013341 0.0
-0.000403118145 -0.00135470135 0.0
-0.000387141365 -0.00143183011 0.0
-0.000475422072 -0.0016954618 0.0
-0.000165969599 -0.000661440601 0.0
-0.00029883135 -0.000854153885 0.0
-0.000207233883 -1.86336802e-05 0.0
-0.000187896207 -0.000215097243 0.0
-0.00031014136 -0.000641987717 0.0
-0.000204458192 -0.00141379784 0.0
-0.000207071324 -7.54690918e-05 0.0
-0.000205826844 -0.000722358876 0.0
-0.000111675145 -0.00104548654 0.0
-0.000472410145 -0.000557395513 0.0
-0.000197200075 -0.000200318202 0.0
-0.000448664272 -0.000902129977 0.0
-0.000234524428 -0.00096348871 0.0
-9.36472279e-05 -0.00126803224 0.0
-0.000290125172 -0.00109721464 0.0
-0.000519402849 -0.000606555026 0.0
-9.50106187e-05 -0.00055833807 0.0
-0.000262145331 -0.00165842264 0.0
-0.000131603796 -0.00112743292 0.0
-0.000212497835 -0.00112192135 0.0
-0.000256703555 -0.00141527154 0.0
-0.000407233776 -0.000192421241 0.0
-6.850723e-05 -0.00109095592 0.0
-0.000138319854 -0.00083354878 0.0
-0.000140189863 -0.000277213985 0.0
-8.18487533e-05 -0.00127788167 0.0
-0.000101364501 -0.000678859651 0.0
-0.00029623037 -0.00144263706 0.0
-6.95359922e-05 -0.000646277796 0.0
-0.000189405546 -0.00153617712 0.0
-0.000431372959 -0.000203286865 0.0
-0.000148949301 -0.00103995402 0.0
-0.000347596855 -0.00161040958 0.0
-0.000413764588 -0.00108546601 0.0
-7.36271613e-05 -0.000966679305 0.0
-0.000221487047 -0.00144236861 0.0
-0.00022845187 -0.000482967414 0.0
-0.000237026499 -0.00133968878 0.0
-0.000122809273 -0.000615170109 0.0
-0.000274119986 -0.000413844245 0.0
-0.000319622224 -0.000203039061 0.0
-0.000400201621 -0.000158870986 0.0
-0.000412264111 -0.000563966052 0.0
-0.000165305712 -0.00154641119 0.0
-0.000126902727 -0.00030428014 0.0
-0.000368609704 -0.00157488568 0.0
-0.000249839766 -0.00126883737 0.0
-0.00033952581 -0.000938731711 0.0
-0.000204520024 -3.92839829e-05 0.0
-0.000413764355 -0.00108801818 0.0
-0.000373357965 -0.00158151018 0.0
-0.000423672551 -0.00117625226 0.0
-0.000150487409 -0.000785150391 0.0
-0.000365566084 -0.000736816088 0.0
-0.000140990232 -0.000229068217 0.0
-0.000355699187 -4.50232619e-05 0.0
-0.000213911626 2.48758352e-05 0.0
-0.000445342623 -0.000639422156 0.0
-0.00026967036 -0.00118962617 0.0
-0.00023384043 -0.000349675858 0.0
-0.000235704632 -0.000456126552 0.0
-0.000478780101 -0.000632093754 0.0
-0.000179142546 -0.00136691891 0.0
-0.000251687597 -0.000286191877 0.0
-0.000373812421 -0.000598975457 0.0
-0.000144341277 -0.000981856603 0.0
-0.000311773882 -0.00078859966 0.0
-0.000127433057 -0.000626686844 0.0
-0.000258673826 -8.96257734e-06 0.0
-0.000101772122 -0.00116598594 0.0
-0.000265659473 -0.00136631262 0.0
-0.000109265966 -0.000437181705 0.0
-0.000211189152 -0.000161849166 0.0
-0.000129232387 -0.000771585503 0.0
-0.000439654337 -0.00170796167 0.0
-0.000407823245 -0.00151988631 0.0
-0.000148198567 -0.000469229446 0.0
-0.000355984463 -0.000271703553 0.0
-0.000204870463 -0.000248783414 0.0
-0.00044329543 -0.00109078642 0.0
-0.000393311551 -0.00147352985 0.0
-0.000123570077 -0.000345994602 0.0
-0.000162177836 -0.00115252298 0.0
-0.000139103111 -0.00127959414 0.0
-0.000431191729 -0.000884016161 0.0
-8.93327233e-05 -7.33686393e-05 0.0
-0.000494307198 -0.000639552658 0.0
-0.000224437594 -0.000119258235 0.0
-0.000234216568 -0.00105770177 0.0
-0.000444004516 -0.00136686349 0.0
-0.000274978462 -0.00044939373 0.0
-0.000378475699 -0.000412900117 0.0
-0.000493994157 -0.000521313457 0.0
-0.000199658738 -0.000963343831 0.0
-9.57394441e-05 -0.000200497598 0.0
-0.000395931827 -2.2270644e-05 0.0
-0.000358298945 -0.00121660077 0.0
-0.00018927957 -0.00105519604 0.0
-0.000431329885 -0.000138552787 0.0
-0.000185219615 -0.000800453476 0.0
-0.000343634951 -0.000495583867 0.0
-0.000131654699 -0.000634731783 0.0
-0.000432379718 -0.000177342401 0.0
-0.00031077498 -0.000393548078 0.0
-0.00011036174 -0.00153374951 0.0
-0.000394259579 -0.00135043147 0.0
-0.000340892613 -0.00116618804 0.0
-0.000303275156 -0.000886450754 0.0
-0.000139596988 -0.000803540694 0.0
-6.06512367e-05 -0.000126627958 0.0
-0.000190081293 -0.000566853734 0.0
-0.000299541629 -0.000518356974 0.0
-0.00018885787 -5.56856612e-05 0.0
-6.23947853e-05 -0.000982763246 0.0
-0.000137425945 -0.000636720157 0.0
-0.000326646725 -0.00129043742 0.0
-0.000304743997 -0.00151880109 0.0
-6.92733956e-05 -0.00149433804 0.0
-0.000120492623 -0.000475735549 0.0
-0.00016159752 -0.000588820665 0.0
-0.000316361926 1.50483938e-05 0.0
-0.00032355939 -0.000568698859 0.0
-4.18618474e-05 -0.00127587502 0.0
-0.000449556275 -0.000959123543 0.0
-0.000354631484 -0.000832304591 0.0
-0.00022849199 -0.000839022337 0.0
-0.000386832864 -0.000280213688 0.0
-0.000138409596 -0.00115945702 0.0
-0.000201569419 -0.00118064636 0.0
-0.000139758791 -0.000100132675 0.0
-0.000350544171 5.54489889e-05 0.0
-0.000403575657 -0.000168233673 0.0
-0.000360663282 -0.000887117814 0.0
-7.05553466e-05 -0.000839546323 0.0
-0.000377401651 -0.00126830954 0.0
-3.73738367e-05 -0.00127185753 0.0
-0.000187605736 -0.000525320123 0.0
-0.000273021287 -0.00107133109 0.0
-0.000394072355 -0.000833694532 0.0
-0.000129790613 -0.000480424234 0.0
-0.000427984982 -0.000552901358 0.0
-0.000344863656 -0.00104244368 0.0
-0.000185144687 -0.00106872118 0.0
-0.000330386974 -0.000424463244 0.0
-0.00026978628 -0.000368855079 0.0
-7.63544886e-05 -0.000951560214 0.0
-0.000409609958 -5.64498914e-05 0.0
-7.44820354e-05 -0.000862259301 0.0
-0.000394282804 -0.00104614627 0.0
-0.000118839213 -0.00152949162 0.0
-3.93800256e-05 -0.0017133347 0.0
-0.000430953747 -0.000492314051 0.0
-0.000389359891 -0.000759236224 0.0
-0.000333430682 -5.59351247e-05 0.0
-7.74731088e-05 -0.00143771304 0.0
-0.000153441069 -0.000470394909 0.0
-0.000141841985 -0.0010642003 0.0
-5.21917027e-05 -0.00141901767 0.0
-7.9779551e-05 -0.00102281303 0.0
-0.000449198793 -0.000190374019 0.0
-0.000436340109 -0.00126562314 0.0
-0.00013252288 -0.000483725948 0.0
-0.000285101851 -0.00037592178 0.0
-0.000180283809 -0.000245013245 0.0
-0.000395176088 -0.00167685712 0.0
-0.000275040918 -0.000997603172 0.0
-0.000254573766 -0.000671746267 0.0
-0.000375156727 -0.000116284136 0.0
-0.000475126202 -0.000287018134 0.0
-6.76109703e-05 -0.000829807715 0.0
-0.000407965679 -0.00040807671 0.0
-0.000337236415 -0.00146622723 0.0
-0.000360196806 -0.000177459136 0.0
-0.000350146671 -0.000952208706 0.0
-0.000342319603 -0.000625160697 0.0
-0.000137405732 -0.000658507401 0.0
-0.000391788722 -0.00106274779 0.0
-0.000460385781 -0.00044749066 0.0
-0.000182824035 -0.0012253226 0.0
-0.000362776074 -0.00133827562 0.0
-0.000157856004 -0.000791452476 0.0
-4.71346939e-05 -0.00162457349 0.0
-0.000277330662 -0.000861321983 0.0
-0.000203403353 -0.000244120514 0.0
-0.000207039091 -0.00145647128 0.0
-0.000165290912 -0.0012809207 0.0
-0.000334977143 -0.000200008959 0.0
-0.000107235923 -0.000939384452 0.0
-0.000265648181 -0.000452804554 0.0
-0.000429310428 -0.000393655209 0.0
-0.000384927029 -0.00160286715 0.0
-0.000425056904 -0.00119947153 0.0
-0.000412925874 -0.00130482076 0.0
-0.000447073136 -0.000750983658 0.0
-9.79364122e-05 -0.00160226563 0.0
-9.4955547e-05 -0.00119826791 0.0
-0.0004059723 -0.00158991909 0.0
-0.000425148231 -0.00121605373 0.0
-0.000423272984 -0.000761896954 0.0
-0.000165017133 -0.00114091695 0.0
-0.000443030789 -0.0016060879 0.0
-0.000414627895 -0.00170757878 0.0
-0.000202787589 -0.000819667999 0.0
-0.000154353518 -0.00169260101 0.0
-0.000298269879 -0.000298580038 0.0
-0.000416446797 -0.0012291267 0.0
-0.000113974609 -0.000160914889 0.0
-0.000133126901 -0.000710091379 0.0
-0.000436153554 -0.00138876296 0.0
-0.000193994187 -0.00130942464 0.0
-0.000449878804 -0.000493743981 0.0
-0.000203526957 -2.94721958e-05 0.0
-0.000112033005 -0.00151751982 0.0
-0.000468082493 -0.000743807585 0.0
-0.000137769544 -0.000580054359 0.0
-0.000131848239 -0.0012018386 0.0
-0.000443418743 -0.000166509213 0.0
-9.02695974e-05 -0.00136991637 0.0
-0.000123915554 -0.00159040594 0.0
-0.000234161038 -0.001232357 0.0
-0.000323734828 -0.000698426564 0.0
-0.000364393636 -0.00106200029 0.0
-0.000313048193 -7.14330745e-05 0.0
-2.55952145e-05 -3.72122377e-05 0.0
-0.000308261893 -0.00119929027 0.0
-0.000399010605 -0.00140923879 0.0
-0.000457741116 -0.000354178366 0.0
-0.000171001695 -0.00145905674 0.0
-0.000101807047 -0.000719864503 0.0
-0.000315503275 -0.00015517915 0.0
-0.000131403445 -0.000468404352 0.0
-0.000407151587 -0.000798253284 0.0
-0.000290432043 -0.000134790665 0.0
-0.000340200902 -0.00141132553 0.0
-0.000138409945 -0.000575676444 0.0
-0.000119251796 -0.00156579423 0.0
-0.000264076312 -0.00097158557 0.0
-0.000158399693 -0.00150555943 0.0
-0.000221048147 -0.000843215093 0.0
-0.000204612297 -2.06446493e-05 0.0
-0.000192953652 -0.000827953569 0.0
-0.000113981965 -0.00160545332 0.0
-0.000293859048 -0.000214597821 0.0
-0.000125346472 -0.000906787463 0.0
-0.000183633339 -0.0012514441 0.0
-0.000142468969 -0.000694469549 0.0
-6.7769739e-05 -2.76194587e-05 0.0
-0.000198294627 -0.000110724046 0.0
