-6.29155256e-05 0.00155901932 0.0
-6.52701201e-05 0.00168440491 0.0
-4.56391281e-05 0.00165341818 0.0
-8.42929803e-05 0.00159618375 0.0
0.000355168362 0.0014632151 0.0
0.00034583587 0.00145193038 0.0
0.000336866244 0.00144103379 0.0
0.000347483554 0.0014435245 0.0
-0.000216142813 0.00144103379 0.0
-0.000207173187 0.00145193038 0.0
-0.000197840694 0.0014632151 0.0
0.000368871057 0.00226820726 0.0
0.00037141185 0.00224739173 0.0
0.00037219096 0.00222545024 0.0
0.000401264318 0.00222654268 0.0
-1.69502291e-05 -2.51613146e-05 0.0
-1.77293441e-05 -3.21967423e-06 0.0
-2.02701522e-05 1.75958994e-05 0.0
0.000218336179 0.00209030951 0.0
0.000220085712 0.00213828706 0.0
0.000223247596 0.00218604715 0.0
0.000106324456 0.00211499515 0.0
-0.000165893609 -6.45642576e-05 0.0
-0.000169055478 -0.000112324371 0.0
-0.000170805026 -0.000160301992 0.0
-0.000434056157 0.000222841816 0.0
-0.00043347411 0.000149487067 0.0
-0.000442636956 0.000171805135 0.0
-0.000424176629 0.000195725777 0.0
-1.60354364e-06 0.0018020994 0.0
1.64295143e-05 0.00181169691 0.0
3.00582324e-05 0.00182121329 0.0
2.26421307e-05 0.00186204689 0.0
0.000583067304 0.00182121329 0.0
0.000569438562 0.00181169691 0.0
0.000551405479 0.0018020994 0.0
0.000267791213 0.00173010479 0.0
0.000268486823 0.00162295217 0.0
0.00025567034 0.00165672484 0.0
0.000279831555 0.00169759849 0.0
8.05425152e-05 0.00189992948 0.0
9.36639626e-05 0.00200369488 0.0
0.000114516268 0.00196083146 0.0
6.11780342e-05 0.00194169767 0.0
-2.31574359e-05 0.000735336391 0.0
-1.90953815e-05 0.000628271897 0.0
-4.25981198e-05 0.000703493482 0.0
2.61982791e-06 0.000664568564 0.0
3.57622303e-05 0.000294386788 0.0
7.30582251e-05 0.000286537397 0.0
0.000109294662 0.000279478205 0.0
6.38558704e-05 0.000401455996 0.0
4.77592148e-05 0.000332611118 0.0
9.35281205e-05 0.000342172658 0.0
-0.00044371438 0.000279478205 0.0
-0.000479950832 0.000286537397 0.0
-0.000517246837 0.000294386788 0.0
0.000165940583 0.00104088476 0.0
0.0001711121 0.00109674921 0.0
0.000182824384 0.0010769919 0.0
0.000156253052 0.00105391862 0.0
4.01980942e-05 0.000554841186 0.0
4.86994177e-05 0.000419550604 0.0
9.4402485e-06 0.000501209171 0.0
7.42078992e-05 0.000472032756 0.0
9.51518959e-05 0.000944556843 0.0
0.000101948746 0.00105610292 0.0
0.000122846192 0.00101660797 0.0
6.81612291e-05 0.000981733785 0.0
-0.000227192271 0.00128826872 0.0
-0.000229390193 0.00143528008 0.0
-0.000223972806 0.00132541999 0.0
-0.000232795312 0.0013966877 0.0
0.000130230284 0.00107233203 0.0
0.000139352458 0.00112115254 0.0
0.000146854596 0.00111183547 0.0
0.000122194862 0.00108871306 0.0
-4.89875201e-05 0.000738181756 0.0
-4.82646828e-05 0.000801354996 0.0
-3.33322423e-05 0.000784647709 0.0
-6.2134146e-05 0.000756325608 0.0
0.000389141205 0.00225061155 0.0
0.0 0.0 0.0
-0.000553009042 0.0 0.0
-0.000163867851 0.00225061155 0.0
-4.55819463e-05 0.00156650529 0.0
-2.95071623e-05 0.00157610001 0.0
-1.63077366e-05 0.0015889561 0.0
-6.96235202e-06 0.00160405273 0.0
-1.70315718e-06 0.0016202922 0.0
-6.27853012e-07 0.00163682597 0.0
-3.44204864e-06 0.00165253668 0.0
-9.91830893e-06 0.00166630209 0.0
-1.98250691e-05 0.00167720485 0.0
-3.3774988e-05 0.00168389152 0.0
-4.93563239e-05 0.00168622471 0.0
-8.08799014e-05 0.00167918636 0.0
-9.61424666e-05 0.0016710083 0.0
-0.000109758352 0.00165971217 0.0
-0.000120592995 0.00164600252 0.0
-0.000127694555 0.00163030194 0.0
-0.000130929358 0.00161380391 0.0
-0.000129119289 0.00159715279 0.0
-0.000123651407 0.00158215419 0.0
-0.000112738104 0.00156993256 0.0
-9.92278729e-05 0.00156100502 0.0
-8.20049172e-05 0.00155709486 0.0
-6.43100429e-05 0.00162538677 0.0
0.000352484232 0.00146037037 0.0
0.000349364826 0.00145662436 0.0
0.000342654326 0.00144729624 0.0
0.000339526887 0.00144366908 0.0
0.000336975208 0.0014383879 0.0
0.000337729201 0.00143635215 0.0
0.000338777638 0.00143510324 0.0
0.000339927588 0.00143459532 0.0
0.000341637438 0.001435271 0.0
0.000344170141 0.00143676286 0.0
0.000346542423 0.00144000305 0.0
0.000346825313 0.00144719239 0.0
0.000346903515 0.00144940172 0.0
0.000348461006 0.00145178405 0.0
0.000351107155 0.0014541609 0.0
0.000353283423 0.00145688129 0.0
0.000354866643 0.00145944685 0.0
0.00035533341 0.00146182219 0.0
-0.00021348217 0.00144366908 0.0
-0.00021035473 0.00144729624 0.0
-0.000203644231 0.00145662436 0.0
-0.00020052481 0.00146037037 0.0
-0.000198983427 0.00146410498 0.0
-0.000200702227 0.00146414689 0.0
-0.000203082804 0.00146263244 0.0
-0.000206007229 0.0014599188 0.0
-0.00020790071 0.00145534216 0.0
-0.000209837002 0.00145140802 0.0
-0.000212709318 0.00144821277 0.0
-0.000215227599 0.0014445096 0.0
0.000369644578 0.00226321304 0.0
0.000370486261 0.00225652824 0.0
0.000371859409 0.00223785616 0.0
0.000372040115 0.00223052758 0.0
0.000376419834 0.00221968 0.0
0.000382705941 0.00221529929 0.0
0.000389732653 0.00221305666 0.0
0.000394581759 0.00221303967 0.0
0.000397555734 0.00221490255 0.0
0.000399629556 0.00221792399 0.0
0.000400741177 0.0022217629 0.0
0.000400746096 0.0022321688 0.0
0.000398658856 0.00223860447 0.0
0.000394403993 0.00224496354 0.0
0.000387800508 0.00225062366 0.0
0.000379269361 0.00225621136 0.0
0.000373702671 0.00226250291 0.0
0.000370424241 0.00226586917 0.0
-1.71010979e-05 -2.0083864e-05 0.0
-1.72818e-05 -1.27553121e-05 0.0
-1.86549441e-05 5.91684238e-06 0.0
-1.94966269e-05 1.26015248e-05 0.0
-2.14422707e-05 1.77599904e-05 0.0
-2.35218431e-05 1.67684848e-05 0.0
-2.5657926e-05 1.42770105e-05 0.0
-2.77315048e-05 1.063121e-05 0.0
-2.90083262e-05 5.65566961e-06 0.0
-2.91403649e-05 -2.43257432e-07 0.0
-2.75589337e-05 -6.76580657e-06 0.0
-2.44956118e-05 -1.32388514e-05 0.0
-2.09296268e-05 -1.95708435e-05 0.0
0.000218894347 0.00211050408 0.0
0.00022168961 0.00216592709 0.0
0.000211530147 0.00219304604 0.0
0.000196602385 0.00219486281 0.0
0.000179064897 0.00219240808 0.0
0.00015835902 0.00218527997 0.0
0.00014004219 0.00217615487 0.0
0.000125090155 0.00216352311 0.0
0.000114386661 0.00214823289 0.0
0.000108294946 0.00213165209 0.0
0.0001084658 0.00209926371 0.0
0.000114164126 0.00208531832 0.0
0.000122899815 0.00207405677 0.0
0.000134147384 0.00206612656 0.0
0.000148530118 0.00206232257 0.0
0.000166119076 0.00206290162 0.0
0.000185430341 0.00206863065 0.0
0.000203146192 0.00207766751 0.0
-0.000167451595 -8.46844632e-05 0.0
-0.000170246858 -0.000140107295 0.0
-0.000158437382 -0.000144267906 0.0
-0.000150752181 -0.000126388797 0.0
-0.000147940722 -0.000108248976 0.0
-0.000150075983 -9.10421586e-05 0.0
-0.000156569789 -7.61823758e-05 0.0
-0.000445107551 0.000224155156 0.0
-0.000454581925 0.000221641938 0.0
-0.000461146614 0.000217294102 0.0
-0.000464506069 0.000211062405 0.0
-0.000466078782 0.000203616073 0.0
-0.000466525671 0.000195165907 0.0
-0.000464399491 0.00018601495 0.0
-0.000460993382 0.000177042122 0.0
-0.000455775735 0.000168724218 0.0
-0.00044889233 0.000161424832 0.0
-0.000441518641 0.000155247122 0.0
-0.000425032136 0.000146641454 0.0
-0.000416017458 0.000146055099 0.0
-0.000408460939 0.000149224157 0.0
-0.000402876409 0.000154869849 0.0
-0.000399255427 0.000162490818 0.0
-0.000397829426 0.000171595297 0.0
-0.000399154203 0.000181517637 0.0
-0.000403470505 0.000192045132 0.0
-0.00040888763 0.000201330258 0.0
-0.000415249233 0.000209968261 0.0
-0.00042327799 0.000217306137 0.0
-0.000433975365 0.000183211247 0.0
6.76146146e-06 0.00180619454 0.0
2.39938854e-05 0.00181727705 0.0
3.58919206e-05 0.00182762067 0.0
4.02781334e-05 0.00183507474 0.0
4.2644544e-05 0.00184261403 0.0
4.36463488e-05 0.00184963574 0.0
4.32459237e-05 0.00185557897 0.0
4.15060313e-05 0.0018604513 0.0
3.89342604e-05 0.0018634164 0.0
3.61115017e-05 0.00186450745 0.0
3.17347804e-05 0.00186417229 0.0
1.10747433e-05 0.00185744755 0.0
5.39127427e-07 0.00185149664 0.0
-6.80164885e-06 0.00184425956 0.0
-1.18679318e-05 0.00183669408 0.0
-1.46170478e-05 0.00182887306 0.0
-1.534902e-05 0.00182140828 0.0
-1.41330129e-05 0.00181473198 0.0
-1.17746422e-05 0.00180885755 0.0
-7.49511037e-06 0.00180458429 0.0
0.000577002938 0.00181727705 0.0
0.000559770502 0.00180619454 0.0
0.000557518739 0.00180182036 0.0
0.000563949463 0.00180376763 0.0
0.000569460506 0.00180725113 0.0
0.000573638012 0.00181177619 0.0
0.000577935309 0.00181623606 0.0
0.000254825922 0.00173292262 0.0
0.000242908296 0.00173167803 0.0
0.000233261075 0.00172647776 0.0
0.000225206735 0.00171878072 0.0
0.000219026304 0.00170879508 0.0
0.000215265522 0.00169711583 0.0
0.00021456719 0.0016843687 0.0
0.000216789398 0.00167105452 0.0
0.000222487099 0.00165820692 0.0
0.0002313812 0.00164671848 0.0
0.00024267484 0.00163669919 0.0
0.000255165738 0.00162816653 0.0
0.000282237859 0.00162042654 0.0
0.000294529455 0.0016220106 0.0
0.000304256158 0.00162713719 0.0
0.000311648415 0.00163511385 0.0
0.000316802791 0.00164517621 0.0
0.000319607701 0.00165674824 0.0
0.000319927669 0.0016695821 0.0
0.000316964724 0.00168264285 0.0
0.000310974981 0.00169534585 0.0
0.000302202418 0.00170675153 0.0
0.00029157169 0.00171655999 0.0
0.000280032371 0.00172450382 0.0
0.000267911964 0.00167728635 0.0
9.83456339e-05 0.0019058818 0.0
0.000114891765 0.00191545009 0.0
0.000127301697 0.00192783994 0.0
0.000135285984 0.00194196962 0.0
0.000139229829 0.00195673085 0.0
0.000139086405 0.00197107065 0.0
0.000135670212 0.00198392174 0.0
0.000129481094 0.00199453393 0.0
0.000120540237 0.00200169603 0.0
0.000108836022 0.00200469769 0.0
7.66678277e-05 0.00199772744 0.0
6.14709134e-05 0.00198834715 0.0
4.91891769e-05 0.0019757892 0.0
4.08858723e-05 0.00196103146 0.0
3.62790524e-05 0.00194561633 0.0
3.62667306e-05 0.00193085417 0.0
3.97776421e-05 0.00191787828 0.0
4.59963921e-05 0.00190751546 0.0
5.49666256e-05 0.00190112053 0.0
6.5694614e-05 0.00189819396 0.0
8.78010542e-05 0.00195138645 0.0
-3.59366641e-05 0.000737059745 0.0
-4.75682864e-05 0.000734980335 0.0
-5.69332078e-05 0.000729196472 0.0
-6.39739228e-05 0.000720591575 0.0
-6.89898006e-05 0.000709300744 0.0
-7.12931724e-05 0.000696258096 0.0
-7.0005357e-05 0.000682249491 0.0
-6.52259478e-05 0.000668392866 0.0
-5.80433916e-05 0.000655483105 0.0
-4.80207455e-05 0.000644154963 0.0
-3.5084704e-05 0.000634665135 0.0
-3.04056857e-06 0.000627061701 0.0
9.90651279e-06 0.000630206778 0.0
1.967756e-05 0.00063712179 0.0
2.63040638e-05 0.000646530243 0.0
3.04861769e-05 0.000658249017 0.0
3.15672478e-05 0.000671569374 0.0
2.92047025e-05 0.000685414067 0.0
2.35486241e-05 0.000698965916 0.0
1.49028992e-05 0.000711434637 0.0
4.03963077e-06 0.000721594493 0.0
-8.25976076e-06 0.000729552004 0.0
-2.04653879e-05 0.000684253231 0.0
5.14014682e-05 0.000290955068 0.0
9.44416752e-05 0.000282200053 0.0
0.000119401346 0.000288429699 0.0
0.000126579282 0.000299754116 0.0
0.000130887245 0.000313466648 0.0
0.000131927896 0.00032872954 0.0
0.000129126114 0.000344542466 0.0
0.000122644095 0.000360087375 0.0
0.00011246316 0.000374363968 0.0
9.86464438e-05 0.000387248991 0.0
8.14230516e-05 0.000396821735 0.0
4.97686196e-05 0.000401669648 0.0
3.85603489e-05 0.000398826669 0.0
2.86204649e-05 0.000392722432 0.0
1.99196966e-05 0.000382918632 0.0
1.37995194e-05 0.000370287307 0.0
1.06368307e-05 0.000355403201 0.0
1.14368659e-05 0.000339285034 0.0
1.63373006e-05 0.000322949025 0.0
2.50728244e-05 0.000307559909 0.0
-0.000458567374 0.000282200053 0.0
-0.000501607603 0.000290955068 0.0
-0.000503641088 0.000283328292 0.0
-0.000487856974 0.000275417144 0.0
-0.000470770348 0.000271617522 0.0
-0.000456106733 0.000273631245 0.0
0.000169336985 0.00104574184 0.0
0.000175542838 0.00105033757 0.0
0.000183407028 0.00105588068 0.0
0.000190787163 0.0010633464 0.0
0.000195324974 0.00107158686 0.0
0.000197390749 0.00107944023 0.0
0.000197162604 0.00108658464 0.0
0.0001953951 0.00109225651 0.0
0.000192974971 0.00109660346 0.0
0.0001885987 0.00109915633 0.0
0.000180882998 0.00109929766 0.0
0.000162281125 0.00109171437 0.0
0.000155368223 0.00108512514 0.0
0.000149520318 0.00107758516 0.0
0.000144338599 0.00106929615 0.0
0.000141356621 0.00106079248 0.0
0.000140621705 0.00105258694 0.0
0.00014226549 0.00104549294 0.0
0.00014577707 0.00104006229 0.0
0.000150542081 0.00103662536 0.0
0.000156521433 0.00103546167 0.0
0.000162075739 0.00103683735 0.0
0.000168923943 0.00106509146 0.0
2.10861017e-05 0.000556253071 0.0
5.6465783e-06 0.000551870617 0.0
-6.34274284e-06 0.000543400529 0.0
-1.54995832e-05 0.000531706028 0.0
-2.13621806e-05 0.000517191191 0.0
-2.36998512e-05 0.000500786409 0.0
-2.21265018e-05 0.000483358774 0.0
-1.59306346e-05 0.000466003956 0.0
-5.44854538e-06 0.000449953863 0.0
9.74956583e-06 0.000435885275 0.0
2.90590124e-05 0.000425043894 0.0
6.42855593e-05 0.000419887656 0.0
7.64246361e-05 0.000423607155 0.0
8.7096807e-05 0.000431062916 0.0
9.56195508e-05 0.000442687597 0.0
0.000101882069 0.000456677983 0.0
0.000104977138 0.000472905522 0.0
0.000103788218 0.000490102102 0.0
9.80490731e-05 0.000507272896 0.0
8.82030508e-05 0.000523110677 0.0
7.55811052e-05 0.000536734355 0.0
5.962664e-05 0.000547825941 0.0
4.2767686e-05 0.000486592005 0.0
0.000110996472 0.000950880873 0.0
0.000125710401 0.000960324833 0.0
0.000137736381 0.000973021961 0.0
0.00014640989 0.000987844309 0.0
0.000150683743 0.00100367609 0.0
0.000150555963 0.00101926574 0.0
0.000146507751 0.00103308912 0.0
0.000139267679 0.00104369142 0.0
0.00012953674 0.00105101999 0.0
0.000117841657 0.00105562864 0.0
8.18840999e-05 0.0010502818 0.0
6.36809709e-05 0.0010395688 0.0
4.97815017e-05 0.00102619594 0.0
4.04051789e-05 0.00101087743 0.0
3.57386707e-05 0.000994595001 0.0
3.60574195e-05 0.000978763215 0.0
4.02159312e-05 0.000964715553 0.0
4.79779774e-05 0.000953216222 0.0
6.12623917e-05 0.000945317151 0.0
7.75733788e-05 0.000941992505 0.0
9.635061e-05 0.000999008655 0.0
-0.000207351157 0.00129492709 0.0
-0.000189354105 0.00130502158 0.0
-0.000175061155 0.0013184651 0.0
-0.000164045414 0.00133473461 0.0
-0.000157425049 0.00135237444 0.0
-0.000153979898 0.00137178251 0.0
-0.000155549715 0.00139049208 0.0
-0.000161825184 0.00140834111 0.0
-0.000174030269 0.0014225035 0.0
-0.000189134153 0.00143271394 0.0
-0.000208568032 0.00143738568 0.0
-0.000247854332 0.0014280522 0.0
-0.000265359849 0.00141730148 0.0
-0.000281301327 0.00140321068 0.0
-0.000293382996 0.00138640427 0.0
-0.000300479936 0.00136757107 0.0
-0.000302722736 0.00134825171 0.0
-0.000300945248 0.00132985262 0.0
-0.000294645783 0.00131315365 0.0
-0.000284557056 0.0012993532 0.0
-0.000269458775 0.00128987816 0.0
-0.000249639997 0.00128625717 0.0
-0.000228472141 0.00136074098 0.0
0.000140626944 0.0010770997 0.0
0.000148800667 0.00108389463 0.0
0.000154205263 0.00109147222 0.0
0.000157692644 0.00109914702 0.0
0.000159741845 0.00110632135 0.0
0.000160249911 0.00111315725 0.0
0.00015927291 0.00111908058 0.0
0.000156899259 0.001123411 0.0
0.000153103334 0.00112595351 0.0
0.000148174862 0.00112659438 0.0
0.00014266606 0.0011252379 0.0
0.000135896655 0.00111681083 0.0
0.000129849985 0.00111262989 0.0
0.000121839141 0.00110711693 0.0
0.000115699222 0.00110005902 0.0
0.00011153792 0.00109310658 0.0
0.000109539928 0.00108620827 0.0
0.000109975888 0.00108034047 0.0
0.000111553862 0.00107601518 0.0
0.000113134585 0.0010733204 0.0
0.000115705123 0.00107248325 0.0
0.000120590834 0.00107152504 0.0
0.000135075097 0.00110086217 0.0
-4.10819412e-05 0.000743695593 0.0
-3.31878073e-05 0.000749407161 0.0
-2.5851441e-05 0.000755972986 0.0
-1.99642291e-05 0.000763581193 0.0
-1.61808621e-05 0.00077174668 0.0
-1.43512279e-05 0.000779649417 0.0
-1.37712268e-05 0.000786654477 0.0
-1.45146796e-05 0.000793174782 0.0
-1.73668959e-05 0.000798708701 0.0
-2.3085855e-05 0.000802662456 0.0
-3.11081494e-05 0.000804825162 0.0
-4.10058674e-05 0.000804409035 0.0
-5.36019506e-05 0.000797062006 0.0
-5.96152822e-05 0.000792662031 0.0
-6.64469699e-05 0.00078618445 0.0
-7.36953007e-05 0.000778630842 0.0
-7.91683342e-05 0.000770384562 0.0
-8.20343557e-05 0.000761963311 0.0
-8.27022814e-05 0.000753940491 0.0
-8.13257575e-05 0.000746979553 0.0
-7.79682596e-05 0.000741204945 0.0
-7.25916834e-05 0.000736943213 0.0
-6.5941902e-05 0.000734961941 0.0
-5.76524872e-05 0.000735236332 0.0
-4.74231128e-05 0.000770864601 0.0
0.000382481434 0.00218271115 0.0
0.000420094118 0.00210076664 0.0
0.000346089917 0.00133812521 0.0
0.000321503641 0.00128444273 0.0
0.000246516021 0.00120394432 0.0
0.000188871156 0.00113406859 0.0
0.000164115598 0.00109880988 0.0
0.000158671595 0.00105780072 0.0
0.000205584263 0.000988827785 0.0
0.00028872714 0.000855632301 0.0
0.0003026755 0.000696703326 0.0
0.000163316829 0.000473931606 0.0
0.00013535688 0.000237296772 0.0
0.00013772017 0.000200424678 0.0
0.00011341364 0.000147968574 0.0
5.09019446e-05 7.47669619e-05 0.0
-1.61082644e-05 2.00113232e-06 0.0
-5.33787352e-05 0.000142067933 0.0
-8.40325811e-05 0.00011591697 0.0
-0.00019996622 -8.53944803e-05 0.0
-0.000206541168 -8.10228812e-05 0.0
-0.000215311113 -0.000119051154 0.0
-0.000229229481 -0.000179537688 0.0
-0.000247358228 -0.000233883402 0.0
-0.000262632442 -0.000246581301 0.0
-0.000278035761 -0.000225393815 0.0
-0.000287851261 -0.000183786222 0.0
-0.000286940311 -0.000140391829 0.0
-0.000283469621 -0.000100067395 0.0
-0.000284113019 -5.54916223e-05 0.0
-0.000320484774 6.07314632e-06 0.0
-0.000370707916 -9.67764936e-06 0.0
-0.000453563145 -7.37726822e-08 0.0
-0.000511160877 -2.37556696e-06 0.0
-0.000533977116 -7.01438375e-06 0.0
-0.000502107083 7.47669619e-05 0.0
-0.000439595402 0.000147968574 0.0
-0.000415288872 0.000200424678 0.0
-0.000417652162 0.000237296772 0.0
-0.000389692228 0.000473931606 0.0
-0.000250333542 0.000696703326 0.0
-0.000264281902 0.000855632301 0.0
-0.000347424793 0.000988827785 0.0
-0.000394337461 0.00105780072 0.0
-0.000388893444 0.00109880988 0.0
-0.000364137901 0.00113406859 0.0
-0.000306493021 0.00120394432 0.0
-0.000231505401 0.00128444273 0.0
-0.000206919125 0.00133812521 0.0
-0.000132914938 0.00210076664 0.0
-0.000170527608 0.00218271115 0.0
-0.000144835896 0.00224359706 0.0
-0.000122019686 0.00224823598 0.0
-6.44219472e-05 0.00225053774 0.0
1.84332712e-05 0.00224093371 0.0
6.86564235e-05 0.0022566847 0.0
0.000105028179 0.00219511986 0.0
0.00010567157 0.00215054397 0.0
0.000102200895 0.00211021956 0.0
0.000101289937 0.00206682528 0.0
0.00011110543 0.00202521775 0.0
0.000126508749 0.00200403016 0.0
0.000141782963 0.00201672805 0.0
0.000159911724 0.00207107374 0.0
0.000173830093 0.00213156035 0.0
0.000182600023 0.00216958858 0.0
0.000189174985 0.00216521695 0.0
0.00030510861 0.00236652838 0.0
0.000335762452 0.00239267945 0.0
0.000373032934 0.0022526125 0.0
-3.75150485e-05 0.00161061855 0.0
-9.05499619e-05 0.00163972017 0.0
-0.00010272194 0.0016158612 0.0
-2.7050557e-05 0.00163468672 0.0
-5.617442e-05 0.00158984878 0.0
-7.18367664e-05 0.00165894791 0.0
-3.35489531e-05 0.00159332331 0.0
-9.34745913e-05 0.00165573694 0.0
-0.000109099441 0.00163495622 0.0
-1.93830929e-05 0.00161548832 0.0
-1.90898518e-05 0.0016517865 0.0
-0.000112353155 0.0015978606 0.0
-5.89208321e-05 0.00167284557 0.0
-7.03364203e-05 0.00157399441 0.0
-1.2175351e-05 0.00162975467 0.0
-0.00010643321 0.00164825085 0.0
-2.26912343e-05 0.00160251244 0.0
-8.28136399e-05 0.00166768511 0.0
-0.00011779651 0.00162086391 0.0
-4.40951553e-05 0.00157983147 0.0
-9.81295234e-05 0.00157685613 0.0
-3.37246674e-05 0.0016706218 0.0
-2.56374897e-05 0.00166378659 0.0
-0.000106154781 0.00158461148 0.0
-0.000118659635 0.00160887523 0.0
-1.23355321e-05 0.00164137513 0.0
-8.67544513e-05 0.00157332921 0.0
-4.43435747e-05 0.00167348108 0.0
-7.17868461e-05 0.00167290668 0.0
-5.57674102e-05 0.00157369254 0.0
-4.48012361e-05 0.00162727048 0.0
-8.41231231e-05 0.0016233644 0.0
-5.73444049e-05 0.00160839211 0.0
-7.10862878e-05 0.00164180365 0.0
0.00034463068 0.0014439621 0.0
0.00034846933 0.00145088835 0.0
0.000347061228 0.00144571986 0.0
0.000340723491 0.0014412232 0.0
0.000351335621 0.00145646592 0.0
0.000341410545 0.00143873983 0.0
0.000344018685 0.00143999781 0.0
0.000347967318 0.00144902535 0.0
0.000346521323 0.00144924759 0.0
0.000349849695 0.00145276601 0.0
0.000343468302 0.00144535699 0.0
0.000349023176 0.00145364285 0.0
0.000346388115 0.00144206185 0.0
0.000346727174 0.00144690636 0.0
0.000347170077 0.00144482194 0.0
0.000339026214 0.0014410757 0.0
0.000341119798 0.00144373882 0.0
0.00035210434 0.00145631284 0.0
0.00034585988 0.00144363474 0.0
0.00034185336 0.00143736065 0.0
0.000339786318 0.00143817614 0.0
0.000353108015 0.00145963207 0.0
0.000349213573 0.00145180849 0.0
0.000350812887 0.00145702786 0.0
0.000347220048 0.00144707353 0.0
0.000342438027 0.00144182576 0.0
0.000347878842 0.00144883513 0.0
0.000338853337 0.00143900886 0.0
0.000353298819 0.00145874254 0.0
0.000350128248 0.00145378697 0.0
0.000345051434 0.00143937464 0.0
0.000347676425 0.00145280373 0.0
-0.000208845726 0.00145221443 0.0
-0.000205251185 0.00145749899 0.0
-0.000201409464 0.00146102498 0.0
-0.000212358675 0.00144662114 0.0
-0.000210629951 0.00144940009 0.0
-0.000202915428 0.00146033708 0.0
-0.000207225501 0.00145544682 0.0
0.000384372106 0.00223171478 0.0
0.000381439546 0.00224466063 0.0
0.000392193731 0.00223352131 0.0
0.000375348987 0.00225563301 0.0
0.000379426696 0.00222641136 0.0
0.000387854205 0.00222265627 0.0
0.000394212519 0.00222621881 0.0
0.000382507773 0.00225088373 0.0
0.000390765519 0.00224055978 0.0
0.000375958276 0.00224934448 0.0
0.000381670659 0.00223982846 0.0
0.000378074474 0.00223377929 0.0
0.000393367285 0.00222135568 0.0
0.000371501286 0.00226208381 0.0
0.000388065964 0.00223285495 0.0
0.000395497162 0.00223523169 0.0
0.000377222954 0.00225622253 0.0
0.00039677287 0.00222798809 0.0
0.000384170155 0.00222050794 0.0
0.000387960055 0.00224650605 0.0
0.0003724134 0.0022574293 0.0
0.000375694071 0.00222564256 0.0
0.000375149044 0.00223181699 0.0
0.000386430067 0.0022394429 0.0
0.000382639613 0.00222821138 0.0
0.000376863289 0.00224050926 0.0
0.000379718869 0.00224983413 0.0
0.000379552745 0.00222158572 0.0
0.000397311524 0.00223102397 0.0
0.000389603665 0.00222702743 0.0
0.000373418297 0.00226074667 0.0
0.000384771236 0.00224539265 0.0
-2.27142791e-05 -4.33044397e-06 0.0
-2.37431814e-05 3.44733598e-06 0.0
-2.2294189e-05 1.02436634e-05 0.0
-2.07153189e-05 -1.49139432e-05 0.0
-2.59105163e-05 9.84110557e-07 0.0
-2.11562237e-05 1.28185147e-05 0.0
-2.42818969e-05 9.00886971e-06 0.0
-2.11654187e-05 4.98069539e-06 0.0
-2.36162196e-05 -8.71912198e-06 0.0
0.000171001971 0.00211686245 0.0
0.000182480668 0.0021489975 0.0
0.000141370314 0.00213213637 0.0
0.000135957584 0.00210626097 0.0
0.000186206904 0.00209425366 0.0
0.000158382943 0.00216233544 0.0
0.000154358029 0.00208931766 0.0
0.000196477631 0.00216660509 0.0
0.000184309712 0.00217699329 0.0
0.000190837134 0.00213382859 0.0
0.000165279067 0.0021317217 0.0
0.00013763945 0.00215004897 0.0
0.000124227357 0.00212427019 0.0
0.000194348089 0.00211221632 0.0
0.000135072856 0.00208697631 0.0
0.000168291459 0.00207916531 0.0
0.000204566299 0.00215199986 0.0
0.000159576084 0.00214659981 0.0
0.000202473981 0.00209379708 0.0
0.000149205356 0.00211932464 0.0
0.000151673041 0.00210339576 0.0
0.000121284713 0.00210915483 0.0
0.000167618113 0.00217520096 0.0
0.000142808582 0.00216420158 0.0
0.000124329061 0.00213724351 0.0
0.000199551359 0.00218222872 0.0
0.000190508275 0.00208271784 0.0
0.000122965575 0.00209730305 0.0
0.000170850806 0.00209864625 0.0
0.000153498695 0.00217261515 0.0
0.000147109124 0.00207567797 0.0
0.000210736034 0.00217947341 0.0
0.000135185954 0.0021190471 0.0
0.000174903747 0.00216271472 0.0
-0.000158664741 -9.65287909e-05 0.0
-0.000159538627 -0.000124166821 0.0
-0.000158390962 -8.68487477e-05 0.0
-0.000159908144 -0.000134048038 0.0
-0.000451314001 0.000191326311 0.0
-0.000423614139 0.000166016544 0.0
-0.000412664725 0.000172783766 0.0
-0.000448551611 0.000204384865 0.0
-0.000436221337 0.000208962287 0.0
-0.000411597197 0.000185748097 0.0
-0.000454276073 0.000181907686 0.0
-0.000431530963 0.000158845651 0.0
-0.000458007125 0.000201177245 0.0
-0.000413058355 0.000160258394 0.0
-0.000437133131 0.000196373832 0.0
-0.000442951539 0.000163404751 0.0
-0.000422860117 0.000205991833 0.0
-0.000423282647 0.000153619389 0.0
-0.000454122084 0.000174579938 0.0
-0.000459891628 0.000189083687 0.0
-0.000447348226 0.00021426224 0.0
-0.000405285478 0.000177114227 0.0
-0.00041112781 0.000194216031 0.0
-0.000457332673 0.00020928013 0.0
-0.000406519248 0.000164061814 0.0
-0.00042143694 0.000183061085 0.0
-0.000453749992 0.000213180261 0.0
-0.000416154391 0.000154045309 0.0
-0.0004612997 0.00019671263 0.0
-0.000404499413 0.000169724881 0.0
-0.000448899169 0.000167852719 0.0
-0.000416309049 0.000201519695 0.0
-0.000437518407 0.000156713519 0.0
-0.000428946951 0.000213662483 0.0
1.74371489e-05 0.00183613331 0.0
2.73694695e-05 0.00183171069 0.0
4.31247418e-06 0.00181986333 0.0
3.1582349e-05 0.00184609112 0.0
9.74660225e-07 0.00183170929 0.0
2.21886366e-05 0.00184967765 0.0
1.64603553e-05 0.00182353682 0.0
9.20085586e-06 0.00184300984 0.0
3.58354773e-05 0.00184239633 0.0
-5.29121235e-06 0.00182287139 0.0
3.16426958e-05 0.00185448164 0.0
2.86618761e-05 0.0018253614 0.0
1.50865469e-06 0.00181069609 0.0
2.15556192e-05 0.00182126532 0.0
1.05123872e-05 0.00181517994 0.0
-2.34167169e-06 0.00183841249 0.0
2.4485571e-05 0.00183652819 0.0
3.39201797e-05 0.00183434598 0.0
2.43315244e-05 0.00184403465 0.0
1.67325379e-05 0.0018524389 0.0
-3.5482617e-06 0.00181546423 0.0
9.16432055e-06 0.00182883337 0.0
1.10760166e-05 0.00183622818 0.0
3.84015693e-05 0.00185354205 0.0
-8.43609268e-06 0.00182760868 0.0
2.90045318e-05 0.00185733172 0.0
3.88729313e-05 0.00184893678 0.0
3.64051702e-05 0.00185646478 0.0
1.7481716e-06 0.00184528017 0.0
8.3245186e-06 0.00185010012 0.0
2.16209646e-05 0.00182915048 0.0
1.12335265e-05 0.00182382169 0.0
3.00871998e-05 0.00183831842 0.0
1.63124969e-05 0.00181787624 0.0
1.79615308e-05 0.00184179062 0.0
1.89079867e-06 0.00182414392 0.0
2.41268899e-05 0.00185730471 0.0
3.80062411e-05 0.00183988025 0.0
-8.37317748e-06 0.00181685935 0.0
1.6841419e-05 0.00182959926 0.0
-7.50646132e-06 0.00183325214 0.0
0.000573045923 0.00181244384 0.0
0.000564890215 0.00180649722 0.0
0.000575407001 0.00181439973 0.0
0.000561587221 0.00180458685 0.0
0.000296662212 0.00167060923 0.0
0.000284353824 0.00164772815 0.0
0.000252411177 0.00170573557 0.0
0.000238029665 0.00168385194 0.0
0.000235402404 0.00170278689 0.0
0.000234520674 0.00166737183 0.0
0.000272307429 0.00163764181 0.0
0.000300657528 0.00165122619 0.0
0.000299990468 0.00168668735 0.0
0.000263895432 0.00171559234 0.0
0.000311358162 0.00166562782 0.0
0.00024311959 0.00172032812 0.0
0.000223441937 0.00168843661 0.0
0.000293963501 0.00163336983 0.0
0.000290138763 0.00170376454 0.0
0.000278154941 0.00171351607 0.0
0.000244571856 0.00165012304 0.0
0.000256940228 0.00163957442 0.0
0.000225197364 0.00169898011 0.0
0.000224275791 0.00167783524 0.0
0.000310168019 0.00167621917 0.0
0.000310296076 0.00165517104 0.0
0.000252131489 0.0017228733 0.0
0.000235232874 0.00171518861 0.0
0.000284800219 0.00163081812 0.0
0.000301655062 0.00163874752 0.0
0.000300808257 0.00169819128 0.0
0.000233254716 0.00165555172 0.0
0.000253817358 0.00168760435 0.0
0.000281520304 0.00166587578 0.0
8.86448543e-05 0.00192710315 0.0
8.66492337e-05 0.00197595498 0.0
6.47820489e-05 0.0019202109 0.0
0.000110542154 0.00198221277 0.0
0.000110192304 0.00193208619 0.0
6.56807897e-05 0.00197128206 0.0
9.76118608e-05 0.00199028361 0.0
7.73048887e-05 0.00191274972 0.0
0.000123520469 0.0019503847 0.0
5.23924209e-05 0.0019524094 0.0
0.000123493417 0.00198112708 0.0
5.19967252e-05 0.00192100171 0.0
7.51066982e-05 0.00195989711 0.0
0.000100562735 0.00194304227 0.0
0.000101662263 0.00191916991 0.0
7.38091549e-05 0.00198441721 0.0
8.91412565e-05 0.00191211677 0.0
8.57094346e-05 0.00199131295 0.0
6.54461983e-05 0.00190804992 0.0
0.000109529305 0.00199475163 0.0
4.68295548e-05 0.0019302509 0.0
4.54385772e-05 0.00194038672 0.0
0.000128733853 0.00197186624 0.0
0.000130203625 0.0019619253 0.0
0.000124195751 0.00193811569 0.0
5.1963576e-05 0.00196507387 0.0
7.87151075e-05 0.00193539483 0.0
9.67767919e-05 0.00196732022 0.0
-4.08258966e-05 0.000672915601 0.0
-1.78862192e-05 0.000708927982 0.0
3.21643006e-06 0.000698101183 0.0
-2.60049783e-05 0.000653393334 0.0
1.50465648e-05 0.00067841186 0.0
-4.75656634e-06 0.000647380541 0.0
-5.51116354e-05 0.000689416833 0.0
-3.49029942e-05 0.000719283533 0.0
-6.80498715e-06 0.000715359638 0.0
-4.47228776e-05 0.000658637553 0.0
-2.91427955e-06 0.000684741244 0.0
-5.60651788e-05 0.0007075959 0.0
1.69788127e-05 0.0006601403 0.0
-5.88905496e-05 0.000677036005 0.0
-2.75732909e-05 0.000726104015 0.0
-4.64475124e-05 0.000722896599 0.0
1.70112089e-05 0.000691974652 0.0
-1.50706119e-05 0.000639741018 0.0
7.96152381e-06 0.000643750187 0.0
-3.6102796e-05 0.000646536762 0.0
5.59386672e-06 0.000709692598 0.0
1.27798567e-05 0.000701930549 0.0
-5.48775606e-05 0.00066570699 0.0
-2.63871189e-05 0.000640744576 0.0
-1.63949553e-05 0.000724212558 0.0
-1.49327752e-05 0.000664342835 0.0
-5.33156563e-05 0.000716806448 0.0
1.4833995e-05 0.0006504372 0.0
-6.28655398e-05 0.000700713717 0.0
2.35087082e-05 0.000667062122 0.0
-4.0495026e-05 0.000687893131 0.0
6.10089228e-05 0.000365757063 0.0
0.000101047226 0.000300648331 0.0
3.7052956e-05 0.000361596612 0.0
8.16765023e-05 0.000369483081 0.0
0.000111356923 0.000316567137 0.0
2.83457139e-05 0.000345089938 0.0
7.550788e-05 0.000319757033 0.0
4.19384633e-05 0.000380584097 0.0
6.15710378e-05 0.000384049228 0.0
4.19973767e-05 0.000309471798 0.0
0.000103817758 0.000360315811 0.0
0.000115209172 0.000335330988 0.0
6.19984639e-05 0.000305773894 0.0
9.29307134e-05 0.000315538025 0.0
8.324386e-05 0.000301850698 0.0
3.09255593e-05 0.000378158322 0.0
5.03225856e-05 0.000386411499 0.0
7.40825199e-05 0.00038678915 0.0
0.000113637587 0.000301943131 0.0
3.03944089e-05 0.000326805573 0.0
2.46421059e-05 0.000370435417 0.0
2.2017668e-05 0.000359339814 0.0
8.69254363e-05 0.0003824335 0.0
9.73757487e-05 0.000374152471 0.0
5.95314123e-05 0.000350660965 0.0
0.000121864439 0.000323550426 0.0
0.000113676026 0.000348690024 0.0
-0.00049156358 0.000284297916 0.0
-0.000468007842 0.00027939424 0.0
-0.000496775843 0.000284189446 0.0
-0.000462818745 0.0002771781 0.0
-0.000507498567 0.00028955692 0.0
-0.000452796085 0.000278436491 0.0
0.000172293949 0.00108093594 0.0
0.000168890765 0.00105167006 0.0
0.000157950926 0.0010691653 0.0
0.000178539311 0.00106014218 0.0
0.000161359523 0.00104411703 0.0
0.000183172728 0.0010868907 0.0
0.000162277051 0.00108113769 0.0
0.000150344349 0.00105922075 0.0
0.000186994628 0.00107241597 0.0
0.000172477681 0.00105080195 0.0
0.00017456786 0.00109150738 0.0
0.000154735084 0.00104503741 0.0
0.000150993583 0.0010719446 0.0
0.00016482042 0.0010428431 0.0
0.000189455212 0.00108871621 0.0
0.000178458664 0.00105532014 0.0
0.000183688753 0.00106035697 0.0
0.000187561003 0.00106636283 0.0
0.000168377519 0.00104559201 0.0
0.000167267935 0.00108879153 0.0
0.000181511365 0.00109281484 0.0
0.000163885386 0.00105321757 0.0
0.000147665021 0.00106499123 0.0
0.000155333342 0.00107856875 0.0
0.00014696279 0.0010519987 0.0
0.000191676474 0.00107978156 0.0
0.000191368425 0.00108493748 0.0
0.000149267158 0.00104726001 0.0
0.000174682136 0.00106296793 0.0
0.000155939619 0.00104049616 0.0
5.51222511e-05 0.00051517674 0.0
4.91288192e-05 0.000453892862 0.0
2.03609216e-05 0.000459642062 0.0
2.57037173e-05 0.000525560696 0.0
6.4004314e-07 0.000478967238 0.0
7.79707989e-05 0.000505705189 0.0
7.224398e-05 0.00044554245 0.0
4.77732247e-05 0.000533729617 0.0
3.96109535e-05 0.00043982442 0.0
4.09397808e-06 0.000522650778 0.0
8.78638748e-05 0.000482501928 0.0
7.42881311e-05 0.000521537149 0.0
6.29158531e-05 0.00049464684 0.0
8.65707989e-05 0.000457905582 0.0
6.55029071e-05 0.000433702109 0.0
-1.06531907e-05 0.000491360785 0.0
8.55850885e-07 0.000462458294 0.0
3.06163965e-05 0.000542162044 0.0
1.78184619e-05 0.000542416703 0.0
7.61156798e-06 0.000537065032 0.0
2.17719698e-05 0.000442558172 0.0
2.15604377e-05 0.000480041694 0.0
6.31105358e-05 0.000532424077 0.0
5.40475958e-05 0.000431310822 0.0
9.57784869e-06 0.000450585358 0.0
-1.10877427e-05 0.000505781441 0.0
-8.55213329e-06 0.000518173561 0.0
9.15732599e-05 0.000496377354 0.0
3.82166872e-05 0.000506641634 0.0
8.54227328e-05 0.000444353558 0.0
9.36067008e-05 0.000468182407 0.0
7.70548722e-05 0.00101564848 0.0
9.95214068e-05 0.00097268098 0.0
0.000122737183 0.000988475629 0.0
0.000103581144 0.00103073858 0.0
7.86317178e-05 0.000962767575 0.0
5.76869388e-05 0.00100112637 0.0
0.000135374052 0.00100811967 0.0
7.94501466e-05 0.00103221415 0.0
0.000112696987 0.000966387219 0.0
0.000124544415 0.00103405863 0.0
4.81747811e-05 0.000988344313 0.0
5.56770647e-05 0.00101432635 0.0
6.29474816e-05 0.000960255449 0.0
8.8374778e-05 0.000954627816 0.0
0.000101794176 0.000956754666 0.0
6.43951571e-05 0.00102629943 0.0
9.50190661e-05 0.00104251306 0.0
0.000107812215 0.00104562182 0.0
0.000117640906 0.001043575 0.0
0.000126583473 0.000974384835 0.0
0.000134554037 0.000984031474 0.0
0.000138381452 0.00099504285 0.0
4.90944294e-05 0.000975968142 0.0
5.35926119e-05 0.000967290369 0.0
0.000139294236 0.00102122605 0.0
0.000135248352 0.0010316557 0.0
7.53016793e-05 0.000998727977 0.0
8.54318496e-05 0.000979606761 0.0
-0.00026382666 0.00136917271 0.0
-0.000189269602 0.00136138161 0.0
-0.000259836408 0.00133324321 0.0
-0.000189729253 0.00139091699 0.0
-0.000259351043 0.001394758 0.0
-0.00018702526 0.00133573578 0.0
-0.000280414475 0.00134581025 0.0
-0.000248578523 0.00131200324 0.0
-0.000208869256 0.00141031167 0.0
-0.000173178996 0.001375817 0.0
-0.000284919719 0.00137409347 0.0
-0.000203506526 0.00131830666 0.0
-0.000278819352 0.00131625764 0.0
-0.000172959946 0.00134672131 0.0
-0.000251644669 0.00141122472 0.0
-0.000171778302 0.001394063 0.0
-0.000177560738 0.00140624901 0.0
-0.000188779901 0.00141390972 0.0
-0.000167506281 0.00136174413 0.0
-0.000289505377 0.0013583781 0.0
-0.000277343788 0.00138911651 0.0
-0.000206606332 0.0013456723 0.0
-0.000268219126 0.0013066465 0.0
-0.000286383322 0.00132839929 0.0
-0.000221089998 0.00142133504 0.0
-0.000236145439 0.00130170793 0.0
-0.000219434762 0.00130571669 0.0
-0.000236733889 0.00141862093 0.0
-0.000209331003 0.00137742306 0.0
-0.000189082086 0.00131953543 0.0
0.000145730417 0.00109933631 0.0
0.00013571998 0.00111116294 0.0
0.000129508553 0.00108671573 0.0
0.000126175044 0.00110324728 0.0
0.000118806784 0.00109284779 0.0
0.000152147739 0.00110714568 0.0
0.000143090903 0.00111888989 0.0
0.000140656179 0.00108837918 0.0
0.000120337922 0.00108099496 0.0
0.000132765912 0.00111226295 0.0
0.00015222255 0.0010966371 0.0
0.000127092004 0.00107802846 0.0
0.000148930441 0.00111876591 0.0
0.000140039803 0.00111979991 0.0
0.000155182744 0.00111325865 0.0
0.000114606148 0.00108631316 0.0
0.000118695578 0.00109810091 0.0
0.000126793107 0.00110773777 0.0
0.000136801886 0.00111707672 0.0
0.000121933714 0.00110317022 0.0
0.000154767011 0.00110253238 0.0
0.000148275823 0.00109044451 0.0
0.000135026508 0.00108053954 0.0
0.000121104305 0.00107710494 0.0
0.000153417452 0.00111728965 0.0
0.000114602677 0.00108187634 0.0
0.000115636343 0.00107887888 0.0
0.00012672662 0.00109797053 0.0
0.000140511227 0.00111117191 0.0
0.000148245279 0.00112240168 0.0
0.000137796684 0.00109402661 0.0
-4.66481579e-05 0.000753958826 0.0
-3.05029935e-05 0.000769639853 0.0
-6.35182369e-05 0.000772293308 0.0
-4.88642108e-05 0.000788235106 0.0
-2.31756057e-05 0.000780063448 0.0
-3.47715031e-05 0.000757919799 0.0
-5.90556156e-05 0.000784482458 0.0
-3.88010194e-05 0.000795012515 0.0
-5.76289422e-05 0.000745971571 0.0
-7.18136798e-05 0.000761127798 0.0
-4.53625253e-05 0.000745664118 0.0
-7.14189882e-05 0.000773801527 0.0
-2.27653472e-05 0.000768306723 0.0
-5.04027448e-05 0.000795585511 0.0
-7.16363284e-05 0.000750679639 0.0
-6.68676876e-05 0.000745414931 0.0
-2.39375713e-05 0.00078966585 0.0
-2.86233062e-05 0.000795157219 0.0
-2.02594074e-05 0.000774866843 0.0
-2.69642696e-05 0.00076148269 0.0
-5.56325722e-05 0.000791775819 0.0
-4.49035397e-05 0.000798050722 0.0
-3.86425163e-05 0.000750137959 0.0
-5.21952425e-05 0.000742634234 0.0
-7.47734739e-05 0.000766957295 0.0
-6.64327599e-05 0.000780772301 0.0
-1.88253271e-05 0.000787283643 0.0
-7.68688988e-05 0.000753177213 0.0
-4.16537623e-05 0.000765672361 0.0
-5.24730058e-05 0.000777063076 0.0
5.85573544e-05 0.00155945099 0.0
-0.000296061276 0.000184933044 0.0
5.43712995e-05 0.00185977423 0.0
-0.000210522208 0.000141294426 0.0
0.000111710346 0.00132009317 0.0
4.68162543e-05 0.00136524183 0.0
0.000127540014 0.0018368935 0.0
-0.000117720818 0.000209875376 0.0
-0.000197524627 0.00138001691 0.0
-0.00015040813 0.000497016823 0.0
-4.00810568e-05 0.00118059327 0.0
0.000298694184 0.00133447209 0.0
-0.000227761644 0.0005541711 0.0
-1.23538384e-05 0.000804408919 0.0
-0.000167616541 0.000858736981 0.0
-0.000342326908 -3.68120927e-05 0.0
-8.16241754e-06 0.00173322146 0.0
-1.97538066e-05 0.000301009539 0.0
9.12513424e-05 0.000811168924 0.0
0.000531596947 0.00176251878 0.0
-1.34063475e-05 0.000871888711 0.0
0.000122243888 0.00122930901 0.0
0.000160471987 0.00154675043 0.0
-0.000373628573 0.000230553866 0.0
-8.37339176e-05 0.00159253809 0.0
-0.000184041826 0.000365124899 0.0
-0.000257273874 -1.91254167e-05 0.0
4.86539248e-05 0.00182730495 0.0
0.000340326398 0.00173947832 0.0
-0.000199928676 4.65316552e-05 0.0
4.85250494e-05 0.000774484477 0.0
-6.94844175e-06 0.000621736515 0.0
7.45400612e-05 0.0019486302 0.0
-0.000132039291 0.000315019162 0.0
1.93999167e-05 0.00132745272 0.0
4.47004386e-05 0.000883694447 0.0
4.86173412e-05 0.000723687175 0.0
7.24281199e-05 0.00194575207 0.0
-5.1097868e-05 0.00162174681 0.0
0.000112470982 0.00129958231 0.0
-3.38567702e-06 0.00127621053 0.0
0.000129063061 0.00120684307 0.0
5.78579311e-05 0.00178550568 0.0
-1.53416186e-05 0.000248653552 0.0
8.97200662e-05 0.00136388279 0.0
-0.000243353716 0.000463285163 0.0
-1.05943473e-05 0.000245495874 0.0
-0.000362051243 0.00107388466 0.0
1.61291737e-05 0.000417825213 0.0
0.000249339966 0.00127886562 0.0
0.000168827421 0.00192066876 0.0
0.000367073691 0.00144261552 0.0
-0.00029505117 -9.69262182e-05 0.0
8.7299828e-05 0.000956509262 0.0
-3.25423825e-05 0.000652331393 0.0
9.58661985e-05 0.000150813881 0.0
-1.10288829e-05 0.000826109492 0.0
0.000168396495 0.00120128191 0.0
-0.000337333331 -4.88109072e-05 0.0
-0.000167834354 0.000704812177 0.0
-0.000155470698 0.000363930507 0.0
-0.000219697758 -9.79897868e-06 0.0
2.11844617e-05 0.000883660105 0.0
-5.14196217e-05 0.000692660746 0.0
-8.77215934e-05 0.000712924404 0.0
-0.00024955385 0.00016056103 0.0
6.82325481e-05 0.000502506737 0.0
-1.65283509e-05 0.000267894735 0.0
0.000110922898 0.00202619634 0.0
-0.00027881065 0.00109295745 0.0
-4.6340474e-06 0.000245568692 0.0
0.000180661737 0.0014729047 0.0
-0.00047561244 0.000331130548 0.0
-0.000412290974 0.00010422941 0.0
0.000308030139 0.00138011947 0.0
-0.000220502829 0.000504238124 0.0
-9.34254786e-05 0.000539279077 0.0
6.71272646e-05 0.00189895416 0.0
0.000268739153 0.00161798683 0.0
0.000243041286 0.00171939563 0.0
-0.000207335193 0.00145691505 0.0
1.72521668e-05 0.00151515892 0.0
0.000253039878 0.000775624125 0.0
-9.12554169e-05 0.00116956118 0.0
-0.000133793772 0.000109318134 0.0
-1.86820798e-05 0.00175393571 0.0
0.00011665059 0.00119361957 0.0
0.000564491667 0.00185481494 0.0
-0.000149551648 0.00159996527 0.0
-3.48831163e-05 0.00169279822 0.0
-0.000192134816 3.62601349e-05 0.0
2.00980776e-05 0.00130330131 0.0
7.184079e-05 0.00025467237 0.0
-2.61406913e-05 0.00150394184 0.0
0.000156748181 0.000968075765 0.0
2.62214453e-05 0.00124778284 0.0
0.000156890601 0.00112415908 0.0
0.000126562591 0.00164145359 0.0
-0.000242280221 0.000318923412 0.0
-7.33189518e-06 0.00175684597 0.0
-3.07111659e-05 0.00072134129 0.0
-4.64252989e-05 0.000435954484 0.0
-0.00018298121 0.00136820332 0.0
3.45348308e-05 0.00090054021 0.0
0.000507050718 0.00168638513 0.0
-0.000182469084 0.00145962927 0.0
-1.95701268e-05 0.000759357354 0.0
-5.85603375e-05 0.000642069848 0.0
6.26129186e-05 0.00182925025 0.0
-0.000457929244 0.000252637634 0.0
-0.000361657614 8.5978354e-05 0.0
0.000251031452 0.00190740603 0.0
0.000340346654 0.00184556481 0.0
0.000485867553 0.00192604645 0.0
0.000364837208 0.00162697432 0.0
0.000174537781 0.00210317387 0.0
4.48518149e-05 0.000692431815 0.0
3.46234629e-05 0.0018117585 0.0
-0.000207344507 0.00137786905 0.0
-8.46018156e-05 0.00151345623 0.0
0.000325018977 0.00136614777 0.0
-1.81638716e-05 0.000647726294 0.0
6.42928644e-05 0.000949354202 0.0
9.83436257e-05 0.00144285336 0.0
-0.000355892465 0.000458676979 0.0
7.77818423e-05 0.0010391 0.0
-7.09730448e-05 0.000817111228 0.0
7.7810364e-05 0.00198403886 0.0
8.78586652e-05 0.00198442768 0.0
-0.000200703755 0.00137652492 0.0
-2.63582187e-05 0.000843415561 0.0
1.8399387e-05 0.00170464627 0.0
0.000118111187 0.00121289911 0.0
-0.000268244854 0.000908048125 0.0
0.000104719453 0.000905505847 0.0
8.79432991e-05 0.00131408777 0.0
-4.34554167e-05 0.00170470402 0.0
0.000106714317 0.000871543714 0.0
-6.48020505e-05 0.00078804174 0.0
9.15546407e-05 0.00199877657 0.0
-0.000312430668 -0.00011827697 0.0
-0.000394132745 0.000248165365 0.0
-0.000133640147 0.0015215876 0.0
3.32872733e-05 0.000653523894 0.0
-0.000297638442 1.64504563e-05 0.0
4.88716978e-05 0.000414692215 0.0
6.45058708e-06 0.000501703937 0.0
-0.000260916131 0.000473008287 0.0
-0.000398387783 5.32031991e-05 0.0
-0.000183722863 0.000156526614 0.0
-0.00044177525 0.000247197051 0.0
-0.000209859529 -2.79012038e-05 0.0
-0.000255004183 0.000365749904 0.0
-0.000388170505 0.00110275799 0.0
-9.82177007e-05 0.000100831145 0.0
7.82840798e-05 0.000917094119 0.0
4.59005059e-05 0.000766180921 0.0
0.000359682483 0.00145586417 0.0
1.74477427e-05 0.000315859099 0.0
9.79785273e-06 0.000608797942 0.0
0.000298617582 0.00233264593 0.0
0.000128597268 0.00129056722 0.0
0.000219119538 0.00124226557 0.0
0.000113401096 0.00126464444 0.0
-0.000445698563 0.000135554423 0.0
0.000148565552 0.00113972207 0.0
0.000126001629 0.00208010338 0.0
0.000252164988 0.00126040028 0.0
0.000137267576 0.00198917487 0.0
-1.30528206e-05 0.00174432807 0.0
-1.12970965e-05 0.000639884151 0.0
0.000217531866 0.000591201824 0.0
-1.89458442e-05 0.00171718025 0.0
0.000558437954 0.00188414066 0.0
0.000243801464 0.00164238981 0.0
-9.5856456e-05 0.000518007728 0.0
-2.13096755e-05 0.00164547586 0.0
-0.000454427965 0.000297401915 0.0
7.53325003e-05 0.00186648208 0.0
-3.20137478e-05 0.000220911912 0.0
0.000355436176 0.00148018508 0.0
0.000435946742 0.00209126342 0.0
9.50993126e-05 0.00116711098 0.0
3.62357314e-05 7.0616974e-05 0.0
0.000136215502 0.00200725417 0.0
5.58170359e-05 0.00025371791 0.0
0.000374396099 0.00219050376 0.0
-5.32157101e-05 0.00173348328 0.0
0.000112715083 0.00202571438 0.0
0.000283076515 0.00157236028 0.0
-0.000259752938 -0.000125154387 0.0
0.000160015945 0.00198798673 0.0
-0.000102262085 0.000659831974 0.0
0.000325841451 0.0013508125 0.0
-0.00033744704 0.00117923075 0.0
6.69986985e-05 0.00188946608 0.0
-4.16075782e-05 0.00160247146 0.0
5.52503298e-05 0.000955357915 0.0
0.000558698841 0.00177620596 0.0
0.000177893526 0.00117722724 0.0
0.000129497392 0.00141357922 0.0
-0.000208574376 0.000246381853 0.0
-0.000317294907 -5.44846298e-05 0.0
-6.68894427e-05 0.000784101139 0.0
-0.000236523643 6.51572118e-05 0.0
6.63062892e-05 0.00191999937 0.0
0.000314455596 0.00160057412 0.0
5.23042727e-05 0.000855856808 0.0
0.00031734223 0.00142064306 0.0
-0.000201751376 -1.56573806e-05 0.0
0.000154039706 0.00206113001 0.0
-0.000234414343 -9.21826941e-05 0.0
0.000155384376 0.00110853394 0.0
-2.26739012e-05 0.000704636797 0.0
0.000529986341 0.00192755158 0.0
-0.00022586211 0.00138643978 0.0
3.55245975e-05 0.00179251493 0.0
-0.000173528737 0.000121762911 0.0
-0.000208813697 6.21733852e-05 0.0
-0.000245745003 0.000255801453 0.0
-5.98547922e-05 0.000265599083 0.0
0.000222218674 0.000811223814 0.0
0.000203690041 0.0014922705 0.0
0.000403120968 0.00157575461 0.0
8.11279751e-05 0.00195840141 0.0
-3.71160786e-05 0.000630788796 0.0
-0.000205752847 0.000454705732 0.0
0.000133897061 0.00019775414 0.0
6.60641217e-06 0.000659700017 0.0
-0.000139168711 0.00211699144 0.0
0.000272805482 0.00169737183 0.0
6.00432395e-06 0.00176174974 0.0
-5.35158288e-05 0.00152454316 0.0
-0.000497391215 0.00029194387 0.0
-2.34658273e-05 0.00084231596 0.0
0.000256560248 0.00176952616 0.0
-0.000177534908 0.00025218926 0.0
0.000107238142 0.00201195176 0.0
6.76818236e-05 0.000952800736 0.0
7.29573076e-05 0.000153181027 0.0
0.000145109589 0.00115245604 0.0
-1.43346915e-06 0.000840687659 0.0
-0.000431522174 0.000167307458 0.0
0.00049397751 0.0019978066 0.0
-5.67726493e-05 0.000143802419 0.0
3.9930168e-05 0.000877371989 0.0
0.000241364978 0.00210806471 0.0
-0.00033383962 -8.08105415e-06 0.0
5.81234235e-05 0.00185980846 0.0
-3.31291521e-05 0.000179074239 0.0
-1.55930011e-05 0.00174368254 0.0
-5.71534401e-05 0.000511542894 0.0
-0.00034126328 0.000187859492 0.0
-0.000185327008 0.000533839455 0.0
0.00019818265 0.00188834546 0.0
4.9848426e-05 0.000959448633 0.0
7.17696748e-05 0.00193503639 0.0
-8.23181763e-05 0.00149296783 0.0
1.42896861e-05 0.000210237267 0.0
0.00014579721 0.00114549196 0.0
0.000128472733 0.00198484049 0.0
6.53290772e-05 0.000408590859 0.0
-0.000290185446 -0.000163692413 0.0
-0.000147145314 0.00161496922 0.0
-0.000208403813 0.00149456493 0.0
-0.000144560792 0.00107045064 0.0
9.2274051e-05 0.00200039288 0.0
4.74121516e-05 0.000421862991 0.0
-7.04380636e-06 0.000527019089 0.0
-3.21576481e-05 0.000612688309 0.0
0.000429856766 0.00195585797 0.0
0.000130381275 0.00203507603 0.0
-0.00023349504 0.000625767338 0.0
6.02336077e-05 0.00144054519 0.0
0.000247229531 0.000905553636 0.0
0.000142388322 0.00200262875 0.0
0.000231814658 0.00219470239 0.0
8.95732082e-05 0.00114082138 0.0
0.000185589539 0.00170567201 0.0
4.84003758e-05 0.000897284423 0.0
5.88150979e-05 0.000533796556 0.0
4.52328059e-05 0.000412637019 0.0
0.00031818237 0.00193651323 0.0
-0.000481724157 0.00033777635 0.0
-6.90331581e-05 0.00163248798 0.0
0.000111866153 0.00128800806 0.0
0.000501576229 0.00167061388 0.0
-4.95021595e-05 0.000669963832 0.0
-1.54457848e-05 0.000853318314 0.0
-3.38738403e-07 0.000588362454 0.0
-0.000196556415 0.00140530861 0.0
-0.00020571085 0.00144447514 0.0
6.18049307e-05 0.000540862442 0.0
-0.000478187139 8.62520174e-05 0.0
0.00013848189 0.000235952219 0.0
5.60828084e-05 0.00130312308 0.0
5.41236077e-05 0.000207862511 0.0
-0.00025690021 0.00118967658 0.0
-2.29493107e-05 0.00141084974 0.0
8.69775686e-05 0.00202017813 0.0
-0.000294858823 0.00103642989 0.0
-0.000474860688 0.000250007608 0.0
0.000166868282 0.00208775722 0.0
-0.000365635642 0.00102334144 0.0
0.000177114242 0.00188715418 0.0
-0.000267346157 0.0012819987 0.0
1.65985293e-05 0.00030534112 0.0
5.45295643e-06 0.00079455768 0.0
-0.000119416458 0.000259374938 0.0
5.3709744e-05 0.00182919519 0.0
2.11990082e-05 0.00182266964 0.0
0.00010301343 0.00204267004 0.0
6.99292468e-06 0.000833293074 0.0
8.85282498e-05 0.00106441544 0.0
-0.00018077073 -8.36121399e-06 0.0
1.00586212e-05 0.000315398676 0.0
-6.10441275e-05 0.000784779899 0.0
0.000186441292 0.00183103792 0.0
-3.52126663e-05 0.000165006146 0.0
5.77470237e-05 0.00093037216 0.0
0.000240744499 0.0012753756 0.0
-0.000138003976 0.000648381829 0.0
1.07575506e-05 0.000302009372 0.0
-0.000352562463 0.00116716907 0.0
0.000138024785 0.0011900753 0.0
0.000341033039 0.00149907777 0.0
-5.04842956e-06 0.00150057173 0.0
-0.000208394762 0.000784434262 0.0
5.19679452e-05 0.000641902501 0.0
0.000189135666 0.00212305202 0.0
0.000168643004 0.00130558677 0.0
0.000103930899 0.00135448575 0.0
6.22150837e-05 0.00188828819 0.0
-0.00040404679 0.00013304998 0.0
0.000308955583 0.0013625148 0.0
0.000164569385 0.00102124701 0.0
8.50167635e-05 0.000384055747 0.0
0.000318796781 0.0015275206 0.0
9.28361842e-05 0.0008514254 0.0
6.6569417e-05 0.00190152635 0.0
3.12888696e-05 0.000769467384 0.0
0.000106374937 0.00204004184 0.0
-0.000365798012 0.000101293357 0.0
0.000121009063 0.00121266115 0.0
0.000156818351 0.00205162633 0.0
-8.24050512e-05 0.00150291168 0.0
0.000308280403 0.00127753173 0.0
9.16071367e-05 0.00192059134 0.0
1.67227317e-05 0.00059799169 0.0
9.98650139e-05 0.00177717092 0.0
7.17724979e-05 0.000768307596 0.0
2.18510049e-05 0.000526772172 0.0
-0.00028519638 0.000113505106 0.0
-0.000417850242 9.9832956e-05 0.0
-0.0001169596 0.000665902917 0.0
0.000165581368 0.00198708312 0.0
5.17184599e-05 0.000408773776 0.0
0.000136930903 0.00197867281 0.0
7.04699196e-05 0.00167527166 0.0
-3.55930024e-05 0.00127658981 0.0
-7.72415442e-05 7.77395035e-05 0.0
-0.000142667603 0.0014285011 0.0
0.000128692889 0.001976948 0.0
-0.000191014478 0.00149829988 0.0
0.000140022035 0.000976178038 0.0
5.19286659e-05 0.000887700357 0.0
9.39038437e-05 0.000341034814 0.0
-0.00031558171 -8.92528478e-05 0.0
-0.000193071071 -5.04189848e-05 0.0
-5.78920226e-05 0.000724881887 0.0
1.98635535e-05 0.0015899241 0.0
7.06863866e-05 0.000482740666 0.0
4.85887176e-05 0.000570492062 0.0
-0.000117159892 0.00074780517 0.0
0.000272305362 0.00170896191 0.0
-4.8803282e-05 0.000336059951 0.0
-4.191482e-05 0.000716457318 0.0
0.000151194879 0.00117134827 0.0
0.000100636069 0.000967607659 0.0
1.05759382e-05 0.000804378826 0.0
-0.000206584387 -3.24264875e-05 0.0
0.000359595811 0.00141494907 0.0
5.4636319e-05 0.00183955685 0.0
7.21036786e-10 0.000532851031 0.0
-1.92609568e-05 0.0002608746 0.0
0.000157273593 0.000965414511 0.0
0.000114858609 0.00208100444 0.0
7.11067332e-05 0.00190741604 0.0
0.000182568881 0.000603723689 0.0
-0.000393130438 0.000139957148 0.0
3.41389896e-05 0.000376326207 0.0
-0.000202141266 0.00138756447 0.0
2.95086538e-05 0.00185713649 0.0
2.07813446e-05 0.000442861463 0.0
0.000127040126 0.00135720184 0.0
0.000348494272 0.00152314489 0.0
-0.000347460329 0.00119384169 0.0
3.9904e-05 7.36912989e-05 0.0
-0.000177311915 0.000794771186 0.0
-0.000162904355 9.72881971e-05 0.0
0.000101471393 0.00129879673 0.0
-7.28998421e-05 0.00172906113 0.0
-8.74477701e-05 0.000513386331 0.0
-0.000291006261 0.00035861184 0.0
-0.00020553061 0.000608795614 0.0
0.000139256867 0.00116044434 0.0
0.000125327744 0.000236529871 0.0
-0.000307607581 -0.000112400572 0.0
-3.57963072e-05 0.00171663112 0.0
0.000113497437 0.00125979527 0.0
-0.000331040443 -2.98742322e-07 0.0
7.64062643e-05 0.00101132784 0.0
-6.62315142e-05 0.000587666756 0.0
-8.43586622e-06 0.000813926628 0.0
-0.000363434228 7.47533923e-05 0.0
-0.00017208494 0.00041556207 0.0
0.00024409403 0.00185564149 0.0
3.73829207e-05 0.00181667833 0.0
-6.42417581e-05 0.0016755535 0.0
6.05900314e-05 0.00118091388 0.0
6.86043932e-05 0.000996315503 0.0
9.38549783e-05 0.000135700175 0.0
-4.54722031e-05 0.000702695863 0.0
-3.63344589e-05 0.000623523665 0.0
-4.55030895e-05 0.000190977691 0.0
0.000244990457 0.00121462229 0.0
7.15148999e-05 0.000796630397 0.0
7.17042849e-06 0.00177511747 0.0
7.30357569e-05 0.00196614256 0.0
0.000574732956 0.00181421568 0.0
1.23810696e-05 0.000590486277 0.0
-3.22879132e-05 0.000748382183 0.0
-0.000219496884 -8.23960727e-05 0.0
-1.3920434e-05 0.000682447106 0.0
0.000299269333 0.00154611247 0.0
-0.000262547372 0.00125821307 0.0
5.60567096e-05 0.00101971917 0.0
0.000141629876 0.00107755815 0.0
-0.000431637745 0.000130837987 0.0
0.000347784895 0.00139405439 0.0
0.000285004091 0.00145938958 0.0
-2.63731745e-05 0.00019711291 0.0
-0.000272691133 -0.000172492131 0.0
-0.000372438866 3.56195196e-05 0.0
-9.4975403e-05 0.00121280865 0.0
0.000162809447 0.00109143357 0.0
-1.5650041e-05 0.00168520072 0.0
0.000341680949 0.00151940656 0.0
-5.05527823e-05 0.000663370185 0.0
5.12509141e-05 0.0013895767 0.0
-0.000200779512 0.00118766818 0.0
7.9983256e-06 0.000613403565 0.0
-0.000104968771 0.000648352318 0.0
-4.31940607e-05 0.00148613052 0.0
0.000220420217 0.00125503319 0.0
-0.000158804993 0.000462246244 0.0
-0.00012917725 0.000385565101 0.0
0.000202597585 0.00116263179 0.0
-0.000505796284 5.59973414e-05 0.0
0.00018028864 0.00111003814 0.0
-0.000125013001 0.00145946804 0.0
0.000300865446 0.00192705204 0.0
0.00037468446 0.00221726112 0.0
-0.000308123097 0.000452119537 0.0
3.954747e-07 0.000885622285 0.0
-0.000277768268 -5.60131957e-05 0.0
0.000470713741 0.00177366554 0.0
-4.64718905e-05 0.000627722766 0.0
0.000239814457 0.00127335521 0.0
0.00055168767 0.001758417 0.0
0.000297920662 0.0013136476 0.0
-0.000420172437 0.000179300478 0.0
-4.65193989e-05 0.00165994547 0.0
0.000103883503 0.000595838181 0.0
-0.000161088959 0.000389907626 0.0
3.83822407e-05 0.000361318875 0.0
-0.000124832208 0.00214917515 0.0
8.04388255e-05 0.00129157898 0.0
-7.02772086e-05 0.000805026328 0.0
-0.000353483338 -2.75391485e-05 0.0
-0.000457460788 0.000243053655 0.0
0.000160966723 0.00108379801 0.0
-0.00040251133 0.000263363414 0.0
6.60403457e-05 0.0019267915 0.0
-0.000378630561 3.62740429e-05 0.0
-0.000111066562 0.00133813336 0.0
-2.94343845e-05 0.000746491249 0.0
0.000216445667 0.000918528414 0.0
-0.000162967059 0.00152618403 0.0
-0.000370480528 0.000417004863 0.0
0.000347057852 0.00147933094 0.0
8.76303875e-06 0.0017772828 0.0
6.61784579e-05 0.000971789414 0.0
0.000409455533 0.00213231985 0.0
0.000134224756 0.00109670381 0.0
4.24578793e-05 0.000358205027 0.0
0.000126117549 0.00192813994 0.0
0.000245828007 0.00159251434 0.0
-0.000325978675 8.46675466e-05 0.0
0.000161530174 0.00114624656 0.0
5.48728967e-05 0.000564423157 0.0
-0.000401000667 0.000301122665 0.0
0.000116598741 0.00199596607 0.0
-0.000143426456 0.00155195838 0.0
-1.13899341e-05 0.0017041571 0.0
-0.000146509439 0.000909471652 0.0
0.0005105444 0.00198484631 0.0
0.000362040679 0.00144111866 0.0
0.000105504594 0.00197942485 0.0
-0.000193093088 0.00152081484 0.0
-9.30991009e-05 0.000869023846 0.0
0.000319760176 0.00136315799 0.0
9.116617e-05 0.00198161416 0.0
-0.000160235621 0.00220785593 0.0
9.5917756e-05 0.00105279277 0.0
0.000353353447 0.0022757519 0.0
-0.000222451999 0.000263142283 0.0
-3.2616128e-05 0.0016235275 0.0
7.91319981e-05 0.000192620093 0.0
0.000126478699 0.000887175323 0.0
-2.18367986e-05 0.00178002997 0.0
0.000226646021 0.00163478288 0.0
-0.000212239247 0.000550079625 0.0
-5.47916788e-05 0.000123798629 0.0
0.000272915233 0.00187962514 0.0
-0.000309189461 0.000988776563 0.0
0.000284587179 0.000793491665 0.0
0.000191907588 0.00146211882 0.0
-0.000336118625 4.57124479e-05 0.0
0.0002559899 0.00162962999 0.0
0.000331618474 0.00202209456 0.0
0.000102601975 0.00156024529 0.0
-7.2951633e-07 0.000855765771 0.0
-0.000168423372 0.001548058 0.0
-0.000237748725 -1.21314915e-05 0.0
1.61133776e-05 3.65723827e-05 0.0
-3.25881629e-05 0.00167667761 0.0
-4.20994775e-06 0.0018005938 0.0
-0.000480067974 0.000272155128 0.0
0.000225187759 0.00182490377 0.0
0.000195793618 0.000988372718 0.0
-0.000267832074 6.45456967e-05 0.0
-3.38393838e-05 0.000603607332 0.0
-0.000110620917 0.00098264229 0.0
-0.000221491704 6.34967655e-05 0.0
6.50495349e-05 0.00187991664 0.0
-3.46696979e-05 0.000744981633 0.0
0.000323876477 0.00200626603 0.0
0.000112420537 0.00123128982 0.0
0.000181106065 0.00190536003 0.0
0.000137800744 0.00107061863 0.0
-0.000148189734 2.15232177e-07 0.0
9.64957217e-05 0.00104255998 0.0
0.000398652803 0.00209702947 0.0
-0.000228901874 0.000150316118 0.0
0.000147571322 0.00111147901 0.0
0.000197115907 0.00154206296 0.0
1.57342129e-05 0.000872261648 0.0
-2.87305397e-06 1.97903519e-05 0.0
-2.14088941e-05 0.000218834539 0.0
