0.000565376598 0.000283901434 0.0
0.000548326003 0.000267733441 0.0
-0.000108742388 0.000295822188 0.0
-9.54576972e-05 0.000280775217 0.0
-8.75027836e-05 0.000300375134 0.0
0.00074532273 0.000280775217 0.0
0.000732037995 0.000295822188 0.0
7.16378099e-06 0.000425451493 0.0
-1.09359944e-05 0.000417723379 0.0
5.97218286e-06 0.000410960289 0.0
0.000101221958 -1.00711231e-05 0.0
0.000119321732 -2.3429975e-06 0.0
0.000185581215 0.000386590749 0.0
0.000170079613 0.000396559131 0.0
0.000167047299 0.000381766091 0.0
0.000282237568 -3.12353695e-05 0.0
0.00029773917 -4.12037516e-05 0.0
0.000752051303 8.51557634e-05 0.0
0.000732980028 7.04175254e-05 0.0
0.000670493813 0.000367391302 0.0
0.000666799198 0.000378338242 0.0
0.000648724148 0.000367749919 0.0
-0.000173981185 0.000378338242 0.0
-0.000170286614 0.000367391302 0.0
9.10562303e-05 0.000351056602 0.0
7.21493561e-05 0.000343563035 0.0
0.000495631131 0.000372521812 0.0
0.000475613109 0.000343220687 0.0
0.000385404448 0.00015168931 0.0
0.000364799431 0.000143190235 0.0
3.81447026e-05 7.73335196e-05 0.0
4.49125255e-05 7.03174883e-05 0.0
6.03681328e-05 8.46381445e-05 0.0
0.000885692949 7.03174883e-05 0.0
0.000878925086 7.73335196e-05 0.0
2.29877096e-05 0.000235289408 0.0
3.21482094e-06 0.000201071016 0.0
0.000193632179 0.000105906467 0.0
0.000171479187 8.89611183e-05 0.0
0.000384690677 0.000186365796 0.0
0.000364872598 0.000197202462 0.0
0.000669138855 0.000241718022 0.0
0.00064824248 0.00023309025 0.0
0.00016913093 0.000251977384 0.0
0.000147948973 0.000239645044 0.0
0.000599395542 0.000173844135 0.0
0.000577862316 0.000152222608 0.0
-0.000112157948 0.000427794497 0.0
0.0 0.0 0.0
0.000840780383 0.0 0.0
0.000728622428 0.000427794497 0.0
0.000562333968 0.000286311726 0.0
0.000559500535 0.000287533301 0.0
0.000556498009 0.000287970382 0.0
0.000553303224 0.000287427654 0.0
0.000550058321 0.000286243012 0.0
0.000547003176 0.000284339854 0.0
0.000545454212 0.000281661138 0.0
0.000544793904 0.000278380932 0.0
0.000544501934 0.000275000493 0.0
0.000545038783 0.000272074423 0.0
0.00054639281 0.000269665412 0.0
0.000550674973 0.000266203395 0.0
0.000553381687 0.000265270501 0.0
0.000556255982 0.000265104609 0.0
0.000559252454 0.000265748211 0.0
0.000562595611 0.000267034891 0.0
0.000566302158 0.000268910138 0.0
0.000569465396 0.000271282392 0.0
0.000571176934 0.000273786194 0.0
0.000571136596 0.000276230625 0.0
0.00057017745 0.00027878664 0.0
0.000568049494 0.000281268556 0.0
-9.12676551e-05 0.000281354733 0.0
-8.76876657e-05 0.000283525267 0.0
-8.58995991e-05 0.000286077324 0.0
-8.49288917e-05 0.00028914382 0.0
-8.47111733e-05 0.000292623503 0.0
-8.50304205e-05 0.000295702164 0.0
-8.60458167e-05 0.000298403844 0.0
-8.95616467e-05 0.000301335822 0.0
-9.19372178e-05 0.000301507185 0.0
-9.47484659e-05 0.000301437627 0.0
-9.79391771e-05 0.00030100529 0.0
-0.00010114607 0.000300273852 0.0
-0.000104494364 0.000299264531 0.0
-0.000107297412 0.000297546445 0.0
0.000731835375 0.000293603196 0.0
0.000732548593 0.000291148404 0.0
0.000733644294 0.000287678471 0.0
0.000734960893 0.000284697337 0.0
0.000736444374 0.000282053428 0.0
0.00073810172 0.00028034579 0.0
0.000740208023 0.000279883941 0.0
0.000742678472 0.000280089909 0.0
-1.0720486e-05 0.000415187416 0.0
-9.84385315e-06 0.000413153786 0.0
-8.4079511e-06 0.000412054476 0.0
-6.4085234e-06 0.000411342568 0.0
-3.8349317e-06 0.000410789187 0.0
-6.16883767e-07 0.000410447217 0.0
2.871383e-06 0.000410453649 0.0
8.93772358e-06 0.000411624467 0.0
1.03918019e-05 0.00041287925 0.0
1.12450143e-05 0.000414695329 0.0
1.16483161e-05 0.000417154341 0.0
1.18178205e-05 0.000419863645 0.0
1.0962025e-05 0.000421912933 0.0
9.44745807e-06 0.000423553283 0.0
0.000116734918 -7.59951263e-07 0.0
0.000114185939 5.14104102e-07 0.0
0.000111577952 1.04910976e-06 0.0
0.000108584689 1.21718301e-06 0.0
0.00010579091 7.6246539e-07 0.0
0.00010378944 -2.46058079e-07 0.0
0.000102666767 -1.93809865e-06 0.0
0.000101921076 -4.59131434e-06 0.0
0.00010126445 -7.48309776e-06 0.0
0.000167067948 0.000395940646 0.0
0.000164564146 0.000395050825 0.0
0.000162650118 0.000393742608 0.0
0.000161407457 0.000391659647 0.0
0.0001606968 0.000388546119 0.0
0.000160775962 0.000386266125 0.0
0.000161692267 0.000384473416 0.0
0.000163538789 0.000382969301 0.0
0.000170904343 0.000380737474 0.0
0.000174556859 0.000380302867 0.0
0.000177792448 0.000380272948 0.0
0.000180275441 0.000380305632 0.0
0.000182305987 0.000380162412 0.0
0.000184152857 0.000380576646 0.0
0.000185406374 0.000381611724 0.0
0.000186023826 0.000383742212 0.0
0.000296283572 -3.83040388e-05 0.0
0.000294055528 -3.56178862e-05 0.0
0.000291410106 -3.34096403e-05 0.0
0.000288436771 -3.19376122e-05 0.0
0.000285494607 -3.12068514e-05 0.0
0.000749666069 8.63821624e-05 0.0
0.000746781647 8.66747505e-05 0.0
0.000743656245 8.62949237e-05 0.0
0.000739244744 8.65360926e-05 0.0
0.000734592322 8.61156877e-05 0.0
0.000731029257 8.47879783e-05 0.0
0.000729068299 8.3203282e-05 0.0
0.000728320796 8.1201797e-05 0.0
0.000728530926 7.88719481e-05 0.0
0.000729247578 7.59938775e-05 0.0
0.000730780244 7.30365064e-05 0.0
0.000735594484 6.85579798e-05 0.0
0.000738616975 6.71413945e-05 0.0
0.000741746102 6.65249827e-05 0.0
0.000744868361 6.66349079e-05 0.0
0.000747852726 6.74860057e-05 0.0
0.000750141859 6.89133667e-05 0.0
0.000751746702 7.10670356e-05 0.0
0.000752929773 7.38124218e-05 0.0
0.000753753935 7.6958182e-05 0.0
0.000753904227 8.00473426e-05 0.0
0.000753476168 8.29027485e-05 0.0
0.000664099411 0.000379222503 0.0
0.000660959631 0.000379837729 0.0
0.000657833123 0.000380215148 0.0
0.000655282172 0.00037959023 0.0
0.000653283263 0.00037818565 0.0
0.000651128415 0.000375989184 0.0
0.000649241963 0.000373177725 0.0
0.000648152316 0.000370838941 0.0
0.000648039393 0.000369138172 0.0
0.000650061469 0.000366182008 0.0
0.000652158342 0.000364480482 0.0
0.000654620468 0.000363277766 0.0
0.000657436205 0.000362918887 0.0
0.000660341815 0.000362983381 0.0
0.000663849525 0.000363148603 0.0
0.000666914508 0.000363611616 0.0
0.000668965746 0.000363999803 0.0
0.000670106849 0.000365372398 0.0
-0.000170059997 0.000370026304 0.0
-0.000170061568 0.00037263555 0.0
-0.000170300627 0.000374814699 0.0
-0.000171079562 0.000376531825 0.0
-0.000172264205 0.000377501914 0.0
9.01339517e-05 0.000352940231 0.0
8.91932723e-05 0.000355158525 0.0
8.7997556e-05 0.000356592849 0.0
8.63533205e-05 0.000357319281 0.0
8.40143693e-05 0.000357580051 0.0
8.0290185e-05 0.000357516139 0.0
7.67200108e-05 0.000356801436 0.0
7.42998163e-05 0.000355705124 0.0
7.28692248e-05 0.000354062446 0.0
7.23481862e-05 0.000351914437 0.0
7.18553274e-05 0.000348867528 0.0
7.17782023e-05 0.000345781911 0.0
7.31120745e-05 0.000341916602 0.0
7.46594014e-05 0.000341029547 0.0
7.68220125e-05 0.000340355502 0.0
7.98090114e-05 0.000339525926 0.0
8.31119323e-05 0.000339074526 0.0
8.6446038e-05 0.000338989747 0.0
8.839168e-05 0.000339627266 0.0
8.95539706e-05 0.000340903469 0.0
9.06204368e-05 0.000342966581 0.0
9.13860786e-05 0.000345287495 0.0
9.1757247e-05 0.000347393448 0.0
9.16640493e-05 0.000349264301 0.0
0.000490727311 0.000373201503 0.0
0.000485170342 0.000373275048 0.0
0.000479614129 0.000371960778 0.0
0.000474668428 0.000369333138 0.0
0.000470397295 0.000365554675 0.0
0.000467300124 0.000361018232 0.0
0.000465617049 0.000356078002 0.0
0.000465789315 0.000351228984 0.0
0.000467649807 0.000347155321 0.0
0.000471152482 0.000344571075 0.0
0.000480586052 0.000343188702 0.0
0.000485665223 0.000343487889 0.0
0.000491123821 0.000344545842 0.0
0.000496586785 0.000346217508 0.0
0.000501129834 0.000349239766 0.0
0.000503637479 0.000352969713 0.0
0.00050452468 0.000357537589 0.0
0.000504619442 0.000362789462 0.0
0.000503047602 0.000367519475 0.0
0.000499957416 0.000370752998 0.0
0.00038446777 0.000152865148 0.0
0.00038292032 0.000153566129 0.0
0.000380855665 0.000154385925 0.0
0.000377423683 0.000155183661 0.0
0.000374563358 0.000155951522 0.0
0.000372387818 0.000155510294 0.0
0.000370240043 0.000153615794 0.0
0.000367905071 0.000151279062 0.0
0.000365982822 0.000149149768 0.0
0.000364894862 0.000146662554 0.0
0.00036446334 0.000144559264 0.0
0.000365551328 0.000142447912 0.0
0.000366849825 0.00014192528 0.0
0.000368615787 0.000141611381 0.0
0.000371103088 0.000141252312 0.0
0.000374182506 0.000141090553 0.0
0.000377335062 0.000141467506 0.0
0.000380069599 0.000142588906 0.0
0.00038236726 0.000144173784 0.0
0.000384226849 0.000146239414 0.0
0.000385317137 0.000148331717 0.0
0.000385680469 0.000150325563 0.0
4.79965274e-05 7.02478501e-05 0.0
5.15952852e-05 6.9913156e-05 0.0
5.51065823e-05 7.01018071e-05 0.0
5.7965055e-05 7.07213476e-05 0.0
5.98176593e-05 7.20657117e-05 0.0
6.08740156e-05 7.41721306e-05 0.0
6.17840415e-05 7.74097207e-05 0.0
6.22906809e-05 8.08285913e-05 0.0
6.17324331e-05 8.30725985e-05 0.0
5.83769615e-05 8.58814092e-05 0.0
5.56873165e-05 8.69358482e-05 0.0
5.20949034e-05 8.79983854e-05 0.0
4.8537564e-05 8.86427806e-05 0.0
4.5570283e-05 8.82433014e-05 0.0
4.35160837e-05 8.69498181e-05 0.0
4.16896764e-05 8.48376367e-05 0.0
4.00711506e-05 8.23653099e-05 0.0
3.88182416e-05 7.98324254e-05 0.0
0.00087894639 7.48029561e-05 0.0
0.0008795553 7.24367055e-05 0.0
0.000881101412 7.11133252e-05 0.0
0.000883247703 7.03892729e-05 0.0
1.83465745e-05 0.000235920583 0.0
1.3263133e-05 0.000235178246 0.0
8.12772487e-06 0.000233587722 0.0
2.5578945e-06 0.00023144584 0.0
-2.64329378e-06 0.000228528588 0.0
-6.46171156e-06 0.000224766176 0.0
-8.44936221e-06 0.000220488437 0.0
-8.79793606e-06 0.000215815846 0.0
-8.00643738e-06 0.00021075808 0.0
-5.57531257e-06 0.000206386831 0.0
-1.62108404e-06 0.000203255826 0.0
8.68893312e-06 0.000199774862 0.0
1.44312571e-05 0.000199277216 0.0
2.0099129e-05 0.000199896662 0.0
2.49590576e-05 0.000201770279 0.0
2.86506329e-05 0.000204740558 0.0
3.10124597e-05 0.000208893733 0.0
3.22803826e-05 0.000213818217 0.0
3.25274486e-05 0.000219033362 0.0
3.15794859e-05 0.000224084928 0.0
2.95552727e-05 0.000228729899 0.0
2.66821953e-05 0.000232539227 0.0
0.000191565894 0.000106660169 0.0
0.000189021201 0.000106706073 0.0
0.000186039688 0.000106461455 0.0
0.00018253563 0.000105892912 0.0
0.000178900766 0.000104860505 0.0
0.000175471592 0.000103202947 0.0
0.000172776723 0.000101110498 0.0
0.000170841231 9.84985745e-05 0.0
0.000169756706 9.56938238e-05 0.0
0.000169292704 9.26540015e-05 0.0
0.000169971725 9.04919434e-05 0.0
0.000173702181 8.79251747e-05 0.0
0.000176641784 8.71686279e-05 0.0
0.00018010709 8.66143164e-05 0.0
0.000183747077 8.67587733e-05 0.0
0.000187169702 8.79810468e-05 0.0
0.000190073275 8.97902064e-05 0.0
0.000192629668 9.19876766e-05 0.0
0.000194202919 9.46775981e-05 0.0
0.00019514907 9.78124517e-05 0.0
0.000195588756 0.000101135003 0.0
0.000195195666 0.00010415366 0.0
0.000385284249 0.000188599806 0.0
0.000385388441 0.00019092494 0.0
0.000384725601 0.000193048516 0.0
0.000383257429 0.000194941924 0.0
0.000380542624 0.000196606794 0.0
0.000377181452 0.000197706104 0.0
0.000373190589 0.000198212176 0.0
0.000369960384 0.000197978981 0.0
0.000367872184 0.000198059075 0.0
0.000366128108 0.000197922534 0.0
0.000364207895 0.00019597041 0.0
0.000364383071 0.000193927772 0.0
0.000365814049 0.000190714461 0.0
0.000367839937 0.000187377052 0.0
0.00036973806 0.000184502147 0.0
0.000372031122 0.000183278957 0.0
0.000375340605 0.000183310665 0.0
0.000379187579 0.000183206066 0.0
0.000381627178 0.00018365802 0.0
0.000383509323 0.000184612873 0.0
0.000667807355 0.000244205236 0.0
0.000665796048 0.000245565345 0.0
0.000663548126 0.000245952164 0.0
0.000660733727 0.000245568721 0.0
0.000657486788 0.000244785071 0.0
0.000653398223 0.000243537128 0.0
0.000649777765 0.000242618393 0.0
0.000647552195 0.000241226342 0.0
0.000646728207 0.000239871093 0.0
0.000646492175 0.000238091001 0.0
0.000647239271 0.000235891523 0.0
0.000649674272 0.000230514779 0.0
0.000651384878 0.000228280682 0.0
0.00065317878 0.00022701823 0.0
0.00065534719 0.000227027849 0.0
0.000657441036 0.000228074976 0.0
0.000659948564 0.00022969085 0.0
0.000663303945 0.000231338039 0.0
0.00066651369 0.000233576779 0.0
0.000668700843 0.000235830084 0.0
0.000669608824 0.000237721499 0.0
0.000669741712 0.000239577319 0.0
0.000166742524 0.000252699014 0.0
0.000163894234 0.000253627106 0.0
0.000160358308 0.000254610204 0.0
0.00015627961 0.000255383988 0.0
0.000152565917 0.000255389488 0.0
0.000149723986 0.000254589366 0.0
0.000148015461 0.000253058213 0.0
0.000146935679 0.00025063951 0.0
0.000146197955 0.000247410528 0.0
0.000146045451 0.000244247727 0.0
0.000146622362 0.000241542904 0.0
0.000149888059 0.000238625886 0.0
0.000152496228 0.000238344961 0.0
0.000155635222 0.000238828652 0.0
0.000159331379 0.000238778841 0.0
0.000163297475 0.000239287707 0.0
0.000166800586 0.000240809677 0.0
0.000169420673 0.000242706723 0.0
0.000171509833 0.000244969822 0.0
0.000172619941 0.000247562275 0.0
0.000172190237 0.000249395787 0.0
0.000171008389 0.000250852259 0.0
0.000596423633 0.000176041809 0.0
0.000593347533 0.000177880574 0.0
0.0005902712 0.000178485643 0.0
0.00058714248 0.000177831258 0.0
0.000584174297 0.000175955473 0.0
0.000581577129 0.000173018328 0.0
0.00057822594 0.000169866747 0.0
0.000575079175 0.000166326485 0.0
0.000573295983 0.000162803481 0.0
0.000572700519 0.000159484247 0.0
0.000573629979 0.00015676023 0.0
0.000575250888 0.000154268026 0.0
0.000580999127 0.000151139568 0.0
0.000584578607 0.000151180284 0.0
0.000588379975 0.00015158375 0.0
0.000592399912 0.000152035034 0.0
0.000597572711 0.000152721856 0.0
0.00060179428 0.000154504218 0.0
0.000604731205 0.000156839204 0.0
0.000605969399 0.000159125906 0.0
0.00060616358 0.00016188118 0.0
0.00060547411 0.000164879748 0.0
0.000604126079 0.000168232582 0.0
0.000602011627 0.000171304448 0.0
-0.000112995724 0.000406371575 0.0
-0.000130246044 0.00038838535 0.0
-0.000135294176 0.000244341936 0.0
-0.000128727523 0.000227847093 0.0
-9.27274523e-05 0.000224099917 0.0
-5.01922441e-05 0.000222697025 0.0
-3.14850258e-05 0.000218138244 0.0
-3.18403254e-05 0.000204372132 0.0
-3.49065558e-05 0.000185724799 0.0
-3.30806142e-05 0.000158121955 0.0
-2.04717398e-05 0.000128912929 0.0
2.32829143e-06 9.87007807e-05 0.0
-1.9191928e-05 8.13379665e-05 0.0
-2.59846929e-05 6.92820395e-05 0.0
-1.75640471e-05 4.81295137e-05 0.0
-7.41668828e-06 2.437482e-05 0.0
4.45622572e-05 -5.40860492e-06 0.0
0.000180057657 -1.42875451e-05 0.0
0.000231935672 -2.13628191e-05 0.0
0.000363029016 -5.06744364e-05 0.0
0.000423809775 -6.31041985e-05 0.0
0.00047927702 -5.73611542e-05 0.0
0.000526908203 -5.04639029e-05 0.0
0.000562163943 -4.54525107e-05 0.0
0.000582352106 -4.16713265e-05 0.0
0.000604618574 -3.16959777e-05 0.0
0.000636234065 -1.89338789e-05 0.0
0.00067338621 -5.67158668e-06 0.0
0.000707823259 8.26685664e-06 0.0
0.000735848502 2.46730669e-05 0.0
0.000752040418 3.40287552e-05 0.0
0.00075692375 3.37455385e-05 0.0
0.000757886097 2.38701778e-05 0.0
0.000769603706 1.52894008e-05 0.0
0.000799566275 7.83404084e-06 0.0
0.000833363738 2.437482e-05 0.0
0.000823216338 4.81295137e-05 0.0
0.000814795727 6.92820395e-05 0.0
0.000821588445 8.13379665e-05 0.0
0.00084310869 9.87007807e-05 0.0
0.000820308633 0.000128912929 0.0
0.000807699806 0.000158121955 0.0
0.000805873831 0.000185724799 0.0
0.000808940094 0.000204372132 0.0
0.000809295394 0.000218138244 0.0
0.00079058815 0.000222697025 0.0
0.00074805296 0.000224099917 0.0
0.000712052861 0.000227847093 0.0
0.000705486222 0.000244341936 0.0
0.000710534339 0.00038838535 0.0
0.000727784703 0.000406371575 0.0
0.000687408319 0.00043562855 0.0
0.000657445751 0.000443083904 0.0
0.000645728142 0.000451664673 0.0
0.000644765852 0.000461540039 0.0
0.000639882463 0.000461823249 0.0
0.000623690546 0.000452467561 0.0
0.000595665304 0.000436061353 0.0
0.000561228255 0.000422122917 0.0
0.000524076109 0.000408860622 0.0
0.000492460618 0.000396098534 0.0
0.000470194151 0.000386123167 0.0
0.000450006017 0.000382341997 0.0
0.000414750277 0.000377330609 0.0
0.000367119093 0.00037043335 0.0
0.00031165182 0.000364690291 0.0
0.00025087106 0.000377120072 0.0
0.000119777716 0.000406431674 0.0
6.78997094e-05 0.000413506961 0.0
-6.75956908e-05 0.0004223859 0.0
0.000319144921 0.00030203865 0.0
0.00053982297 7.20150783e-05 0.0
0.000353459414 0.000346061104 0.0
0.000446805614 3.5309029e-05 0.0
0.000227076263 0.000287364208 0.0
0.00040011137 0.000262197427 0.0
0.000234206571 0.000337156758 0.0
0.00035137785 4.77159192e-05 0.0
0.000692893576 0.00026042902 0.0
0.000535415602 0.000120129698 0.0
0.000522959977 0.000206516139 0.0
3.39622056e-05 0.000286436523 0.0
0.000746513833 0.000125638049 0.0
0.000251511054 0.000166544371 0.0
0.000712614798 0.000170468033 0.0
0.000623639906 3.26696791e-05 0.0
0.000413916976 0.000301532767 0.0
0.000285156508 6.17955884e-05 0.0
0.00011983548 0.000184049335 0.0
-8.91024247e-05 0.000367528381 0.0
0.000370494556 0.0001744084 0.0
0.00030844225 0.000249345176 0.0
0.000231788857 0.000315956975 0.0
0.000618301565 8.63712703e-05 0.0
0.000639904349 0.000298445724 0.0
0.000467942911 9.68933382e-05 0.0
0.000518131361 1.24058852e-05 0.0
0.000444806414 0.000315201178 0.0
-2.29913476e-05 0.000345525506 0.0
0.000396872725 -5.0553349e-06 0.0
0.000163238044 0.000169627063 0.0
8.44499809e-05 0.000136482777 0.0
0.000339134393 0.000387366134 0.0
0.000394951901 7.15699935e-05 0.0
0.00045891566 0.000243861126 0.0
0.000285352697 0.000204588214 0.0
9.87357198e-05 0.000162675744 0.0
0.000266816409 0.000359063706 0.0
0.000448802166 0.000277905317 0.0
0.000162460055 0.000301368651 0.0
0.000483175594 0.00021730666 0.0
0.000240751309 0.000248794327 0.0
0.000314400182 0.00032665563 0.0
0.00021859142 1.72423152e-05 0.0
0.000298569852 0.000281723216 0.0
0.000624324544 0.000108441731 0.0
0.000254491111 3.89655761e-05 0.0
0.000733561523 0.000203415097 0.0
0.000325678673 8.83559333e-05 0.0
-1.03877883e-05 0.000275441416 0.0
0.000166533937 0.000346901856 0.0
4.60404544e-06 0.000317986531 0.0
0.000574912876 1.08614404e-05 0.0
0.00048701698 0.000181042284 0.0
0.000495898363 0.000153733781 0.0
4.13714915e-05 3.02123426e-05 0.0
0.000373301853 0.000165957448 0.0
6.58368663e-05 0.00025149298 0.0
0.000671989343 2.78872103e-05 0.0
0.000754836772 0.000142210367 0.0
0.000425636856 8.74377947e-05 0.0
0.000466545142 -1.1942735e-05 0.0
0.000203231626 0.000188095015 0.0
0.000266036455 0.00012780627 0.0
0.000681032659 0.000153579851 0.0
0.000492259336 5.30159159e-05 0.0
0.000289398042 0.00011878919 0.0
0.000173430468 2.82103974e-05 0.0
0.000572625431 0.000386017433 0.0
0.000668013643 0.000193473592 0.0
0.000236724387 3.30041257e-05 0.0
0.000170988904 0.000318125851 0.0
0.000790627906 9.68664899e-05 0.0
0.000660872844 6.53906463e-05 0.0
8.63342066e-05 0.000285035378 0.0
0.000687848602 0.000130717439 0.0
0.000464246812 0.000129386593 0.0
0.000408110238 0.000352826115 0.0
-5.54772987e-06 0.000320164167 0.0
0.000172296481 0.000334916112 0.0
0.000578925887 0.000229383964 0.0
0.000374952477 0.000283839472 0.0
1.50881224e-05 0.000140278426 0.0
0.000588425028 0.000208946571 0.0
0.000311644049 2.47823991e-05 0.0
0.000571638462 0.00034686341 0.0
0.000369654706 0.000240912545 0.0
-9.01166495e-05 0.000392127928 0.0
0.000686965534 0.000310402393 0.0
0.000615971629 0.000321339961 0.0
0.000356883014 -1.71389263e-06 0.0
0.000469634484 0.00023204126 0.0
0.000113942006 5.74939186e-05 0.0
0.000465575344 0.00026245552 0.0
0.000100475125 0.000225044918 0.0
0.000460302079 0.000220344897 0.0
0.000294880068 0.00021168997 0.0
0.000263239228 0.000319309649 0.0
0.000525393232 9.40090686e-05 0.0
0.00047163773 0.000293737045 0.0
0.000214636777 0.000146812992 0.0
0.000369211717 9.23415719e-05 0.0
0.000687461463 0.000257289037 0.0
0.00024819246 0.000202890951 0.0
-0.000118154596 0.000346593268 0.0
0.000678528857 0.000276994979 0.0
0.000308874151 0.000156240116 0.0
0.000556146784 0.000130790111 0.0
0.000491574465 0.000309200521 0.0
0.000834907987 7.40955729e-05 0.0
0.000600683154 6.03021763e-05 0.0
8.41172587e-05 0.000399696728 0.0
1.86825619e-05 0.000362863037 0.0
-3.17939521e-05 0.000374925381 0.0
-6.38651618e-05 0.000336311903 0.0
0.000316876511 0.000338153186 0.0
0.000148026258 0.000151972068 0.0
0.000398696342 0.000322894426 0.0
0.000703123864 0.000264904462 0.0
0.000616415928 0.000275605387 0.0
-1.62422166e-05 0.000295262696 0.0
5.18765337e-05 0.000148793493 0.0
0.000272595382 0.000233292332 0.0
0.000277656742 0.000298336992 0.0
0.000791394035 0.000108396343 0.0
0.000459447969 0.000194181208 0.0
0.000463857403 0.000159986244 0.0
0.000270563265 0.000379286153 0.0
0.000336946163 0.000397057825 0.0
0.000700460922 0.000262030284 0.0
0.000370260357 0.00017003309 0.0
0.000355152384 0.000308501301 0.0
0.000194531574 0.000274128048 0.0
0.000766704674 0.000173286564 0.0
0.000144904203 0.000201402436 0.0
0.000331393036 0.000266421965 0.0
0.000472104264 0.000283699774 0.0
8.0023492e-05 0.000199114103 0.0
0.000656629098 0.000169783758 0.0
0.000212704414 0.000357695331 0.0
0.000630360853 7.86895544e-06 0.0
0.00066268089 9.175577e-05 0.0
0.000539372384 0.000234119638 0.0
0.000134299116 0.000142684075 0.0
0.000550299941 3.479921e-05 0.0
0.000247603282 8.31707293e-05 0.0
0.000102629136 9.37012737e-05 0.0
0.000657764031 0.000115731651 0.0
0.000683382445 5.17037042e-05 0.0
0.000407344545 3.55533775e-05 0.0
0.000803468109 8.53436286e-05 0.0
0.000438554853 -3.3718934e-05 0.0
0.000563977752 0.000100694997 0.0
0.000756734808 0.000223516719 0.0
0.000287241535 1.8556766e-05 0.0
0.000467600388 0.000167290389 0.0
6.76649215e-05 0.00017474826 0.0
4.58997783e-05 0.000315343408 0.0
0.00015924238 4.5739449e-05 0.0
0.000113159389 0.000131633133 0.0
9.6026044e-05 0.000400818797 0.0
0.000129801207 0.000300375017 0.0
9.0596237e-05 0.000261639594 0.0
0.000264331873 0.00026367142 0.0
0.000793025887 5.07402401e-05 0.0
0.00033646985 0.0002286526 0.0
0.000609623385 0.000410652981 0.0
-4.16027142e-05 0.000265764247 0.0
0.00046302611 0.000375751988 0.0
0.000598697457 0.000337140751 0.0
0.000186170786 0.000140245422 0.0
1.30489734e-05 0.000110736219 0.0
0.000602459593 0.000327278307 0.0
-0.000102021564 0.000399959594 0.0
0.000143839381 0.000334426179 0.0
0.000429229171 0.000122110199 0.0
0.000400967547 0.000290272408 0.0
0.000742549542 0.000114545801 0.0
0.000281521003 0.000341591833 0.0
0.000195914414 2.79545225e-06 0.0
-5.56013629e-06 0.000329105998 0.0
-8.84284964e-05 0.000390213274 0.0
0.000405376049 0.000230771198 0.0
3.40075603e-05 1.45879021e-05 0.0
0.000143918063 0.000359985512 0.0
0.000136394301 5.0963321e-05 0.0
-7.19648015e-05 0.000400179677 0.0
0.000650741567 0.000325180881 0.0
0.000530353573 0.000389816385 0.0
-5.67167126e-06 0.000309368246 0.0
0.000545128249 -1.0822876e-05 0.0
0.000130291941 0.00037447075 0.0
0.000666620443 0.000146815568 0.0
-6.77193239e-05 0.000242319278 0.0
0.000693273847 0.000206249621 0.0
0.000462411728 0.000329608796 0.0
0.000602178508 0.000297267863 0.0
0.000541579735 0.000190095554 0.0
-0.000121969424 0.000373358198 0.0
2.12962186e-05 0.000256910425 0.0
0.000218379166 0.000304802641 0.0
0.000454998168 6.54271935e-05 0.0
0.000699149852 2.68724853e-05 0.0
0.000378972065 0.00016825815 0.0
0.000481239462 2.31364429e-05 0.0
0.000318807783 0.000367741799 0.0
-4.70588348e-05 0.000319191429 0.0
0.000333940901 0.00017817448 0.0
0.000109297442 0.00029033763 0.0
0.000370518246 -2.55964442e-05 0.0
0.000321852043 0.000342507905 0.0
0.000511327991 -1.89944258e-05 0.0
0.000255145656 0.000205457676 0.0
0.000485624187 0.000166803016 0.0
-5.04826603e-05 0.000390286237 0.0
0.00060389057 0.000222352464 0.0
0.000358959544 0.000324037945 0.0
0.000371278555 2.62867889e-05 0.0
0.00043333348 5.03239789e-06 0.0
0.000502288225 7.90064732e-05 0.0
0.000321196596 5.87396535e-05 0.0
3.3811506e-05 0.000147718907 0.0
0.000136878982 0.000324861961 0.0
-9.05896377e-05 0.000335013785 0.0
0.000580140739 0.000365389686 0.0
0.00045241075 0.000149055268 0.0
0.000577268249 0.000110252411 0.0
1.45996701e-05 5.13590785e-05 0.0
3.96484866e-05 0.000151956454 0.0
0.000689770677 0.000398611621 0.0
2.08552865e-05 0.000340809027 0.0
0.000500585476 0.000291660079 0.0
0.000502559473 0.000256280386 0.0
0.000822943228 7.4401556e-05 0.0
0.000473381602 0.000167429651 0.0
0.000138116564 0.00034325305 0.0
0.000423278747 6.15548706e-05 0.0
0.000331613934 0.000387582288 0.0
0.000173702691 0.000201155926 0.0
7.20946846e-05 2.57187348e-05 0.0
0.000243726041 0.000224176634 0.0
0.000373634743 0.000169805237 0.0
0.000675115385 7.81665003e-05 0.0
-9.07269859e-05 0.000397550291 0.0
0.000251923309 -4.48165747e-06 0.0
0.000359766476 0.000171384236 0.0
8.7024142e-05 0.000408706925 0.0
0.000593989796 3.87297114e-05 0.0
0.00039553747 0.00034105964 0.0
0.000157025002 4.37891731e-06 0.0
0.000535905245 0.000324298831 0.0
0.000386658154 0.000107165106 0.0
0.000578022562 7.73102438e-05 0.0
0.000657244993 0.000128375745 0.0
0.000114494695 0.00038438302 0.0
0.000210158905 0.000217059976 0.0
0.000403307728 0.000369353336 0.0
0.000519682188 0.00024091643 0.0
0.000140219578 3.97068361e-05 0.0
7.87303725e-05 0.000231689221 0.0
0.000475395937 0.000380335783 0.0
0.000116705181 9.14550037e-05 0.0
0.000595804071 -8.00850557e-06 0.0
0.000700769131 0.000324998517 0.0
0.000605249021 0.000246413867 0.0
0.000614452234 0.000203217016 0.0
0.000273867568 0.000391063804 0.0
0.000290855038 9.40337632e-05 0.0
6.90708403e-05 0.000113353584 0.0
0.000278368854 0.000104621598 0.0
-6.75637193e-06 0.000375691423 0.0
0.000324593799 0.000363925676 0.0
0.000796518754 0.000122683312 0.0
0.000333749835 0.000285754475 0.0
1.25082295e-07 0.000164902624 0.0
0.000452739681 0.000370453519 0.0
9.76598676e-05 0.000405305298 0.0
0.000418864947 0.000220805872 0.0
0.000220290764 0.000328411872 0.0
0.000453459448 0.000168822153 0.0
0.000328082911 0.000116674462 0.0
0.000112403177 8.35174942e-05 0.0
3.75045274e-05 0.0003771013 0.0
0.000833069731 8.54294267e-05 0.0
0.000495720305 0.000269565353 0.0
0.000200238544 0.000288035488 0.0
-0.000139155527 0.000337844453 0.0
0.000231882514 0.000124832412 0.0
0.000372363051 0.000171212989 0.0
0.00027329661 0.000118040378 0.0
0.000701540848 0.000258538057 0.0
0.000701115467 0.000268471573 0.0
0.000272697478 0.00013663432 0.0
0.000778796093 3.92817383e-05 0.0
5.28992587e-06 6.72708557e-05 0.0
0.000416347262 0.00024979189 0.0
9.28565059e-05 4.17198135e-05 0.0
0.000632907089 0.00019858696 0.0
0.000496712397 0.000239535977 0.0
0.000223980693 0.000367537956 0.0
0.000706014631 0.000188823149 0.0
0.000828432851 7.18227675e-05 0.0
0.000374664582 0.000348662375 0.0
0.000771873281 0.000198567868 0.0
0.000124269514 0.000370115857 0.0
0.000627614674 0.000209668055 0.0
0.000232338163 5.33941929e-05 0.0
0.000320875115 0.000169308958 0.0
0.000373054412 5.96845421e-05 0.0
0.000515987049 0.000309096067 0.0
0.000570534728 0.000368055131 0.0
0.000636829936 0.000418687239 0.0
0.00027517791 0.000180620715 0.0
0.000431898341 0.00020093983 0.0
0.000318134087 -5.58398096e-06 0.0
0.00019885537 4.63026954e-05 0.0
0.000467419974 0.000150485663 0.0
0.000188876395 0.000338954822 0.0
0.000259615685 1.42811432e-05 0.0
0.000318453938 0.000198374517 0.0
2.57303709e-05 0.000273473735 0.0
0.000718300522 0.000140279677 0.0
0.000216175104 4.65189623e-05 0.0
0.000742534758 0.000231783109 0.0
0.000279372238 0.000235968924 0.0
-1.60291693e-05 0.000328400056 0.0
0.000412525173 0.000273621496 0.0
0.000779972877 0.000149886793 0.0
3.9262286e-05 0.000143245328 0.0
0.000258494605 0.000361819868 0.0
0.000119136908 0.000299339212 0.0
0.000261147448 0.000286949129 0.0
0.000309435418 0.000351743016 0.0
0.000753987522 5.18749548e-05 0.0
-4.79414593e-05 0.000284726935 0.0
8.40322173e-05 0.00023855461 0.0
0.000117234515 9.20130478e-05 0.0
-1.52256616e-05 0.000319139712 0.0
6.62557068e-05 0.000192330423 0.0
0.000368883135 0.000364750769 0.0
5.36141415e-05 0.000174822126 0.0
0.000176909409 0.000357937446 0.0
0.000752155203 5.1788702e-05 0.0
0.000158554074 0.000283230678 0.0
0.000417134434 0.000361309591 0.0
0.000603334047 0.000264622126 0.0
-7.4993819e-05 0.000221901762 0.0
0.000241290181 0.000347905909 0.0
0.000291627832 0.000132603556 0.0
0.00027105186 0.000329480827 0.0
0.000107294021 0.000173695618 0.0
0.000353393436 0.000106790925 0.0
0.000526386953 5.29180215e-05 0.0
0.000755107205 4.52147287e-05 0.0
0.000608372851 0.000128057087 0.0
0.000126084953 0.000372534036 0.0
9.55665309e-05 8.23385999e-05 0.0
0.000466607249 0.000372814626 0.0
0.000306734582 0.000315017678 0.0
0.000508448633 0.000213610576 0.0
0.00027470311 8.8646957e-06 0.0
0.000649331661 0.000275823026 0.0
0.000477238005 0.000378893717 0.0
0.000699098746 0.000289740972 0.0
0.000127550447 0.000216011395 0.0
0.000526030024 0.000175078734 0.0
0.000118032716 8.12123108e-05 0.0
0.000603954599 1.67030521e-05 0.0
0.000331994292 -2.66994011e-05 0.0
0.00064042717 0.00016247631 0.0
0.000359958096 0.000295600417 0.0
0.000249116216 0.000109728178 0.0
0.000270643475 0.000138945121 0.0
0.000712330104 0.000156105612 0.0
0.000129754277 0.000340958824 0.0
0.000345055771 7.30200263e-05 0.0
0.000538408582 0.000152856504 0.0
0.000106316918 0.000244198571 0.0
0.000439578871 0.000183085853 0.0
0.000191847124 0.00016964924 0.0
0.000399701734 -3.92237125e-05 0.0
-3.39843864e-05 0.000306654227 0.0
0.000324949244 0.000338251411 0.0
0.000124837694 0.000109312277 0.0
0.000265929149 4.69179431e-05 0.0
6.79755831e-05 0.000223099138 0.0
0.000571314304 0.000407919113 0.0
0.000568410498 0.000362235325 0.0
3.08802446e-05 0.000113339636 0.0
0.00062640931 7.18508163e-05 0.0
0.000232363571 6.94654373e-05 0.0
0.000698208401 0.000267260766 0.0
0.000575530576 0.000375985459 0.0
0.000118976866 8.17542896e-05 0.0
0.000185616736 0.000304856483 0.0
3.8957478e-05 0.000329251139 0.0
0.000707831641 0.000219391964 0.0
6.42640953e-05 1.16894644e-05 0.0
0.00074543769 0.000158157272 0.0
0.000337579491 2.17644956e-05 0.0
0.000294951577 0.000268765842 0.0
0.000675808522 0.0003347889 0.0
0.000405055034 0.000115313029 0.0
0.000609793875 9.92240894e-05 0.0
0.000763064541 0.000127054038 0.0
0.000204857613 0.000253239705 0.0
4.62297758e-05 4.41733937e-05 0.0
0.000662569306 6.45182217e-06 0.0
0.000508380472 0.000280512002 0.0
0.000228332501 0.000271311117 0.0
0.00072478631 3.89246998e-05 0.0
0.000275409635 0.000238123932 0.0
0.000498419628 0.000137671406 0.0
0.000225611031 0.000168649349 0.0
0.000753823086 4.66790225e-05 0.0
0.000483103999 0.000108463035 0.0
5.55453626e-05 0.000394154486 0.0
0.000525810989 0.000314182136 0.0
0.000506391458 0.00027368468 0.0
0.00044105135 0.000215786815 0.0
0.000185451616 0.000217193287 0.0
1.39735876e-05 3.46135785e-05 0.0
0.000311399868 0.000140065051 0.0
0.000423649355 0.000139798009 0.0
0.000227190612 -5.72580939e-06 0.0
-4.2638625e-05 0.00025315184 0.0
0.000142641293 0.000176472357 0.0
0.000430497603 0.000305830617 0.0
0.000403651269 0.000374616735 0.0
-0.00013200898 0.000383329083 0.0
0.000135988696 0.000127252308 0.0
0.000275658793 0.000148008752 0.0
0.000484976597 -3.44473447e-05 0.0
0.000447990635 0.000158651412 0.0
-4.99227172e-05 0.000308924122 0.0
0.000709950691 0.000230507823 0.0
0.000512984989 0.000194923079 0.0
0.000283849775 0.000198432186 0.0
0.000699788739 6.83951148e-05 0.0
1.65598012e-05 0.000303952111 0.0
0.000117515483 0.000297627441 0.0
0.000147591636 1.91822874e-05 0.0
0.000572535035 -1.51946215e-05 0.0
0.000704402046 4.57081514e-05 0.0
0.000554698461 0.000210066573 0.0
-1.30631079e-05 0.000207107281 0.0
0.000564354705 0.00031543104 0.0
-7.68943355e-05 0.000318284467 0.0
0.000302383618 0.000122557569 0.0
0.00037094517 0.000271615601 0.0
0.000625675544 0.000202829353 0.0
0.000167720675 0.000134066271 0.0
0.000643198495 0.000146923077 0.0
0.000506893557 0.000249502802 0.0
0.000112801376 0.000265810842 0.0
0.000505285512 0.000117068324 0.0
0.000407703628 8.75896003e-05 0.0
-1.01384594e-05 0.00025378156 0.0
0.000809182005 2.39896217e-05 0.0
-1.61989992e-05 0.000209007747 0.0
0.000612908043 0.000257623673 0.0
4.25515464e-05 0.000381986581 0.0
-7.85729935e-05 0.000410325039 0.0
0.000677563425 0.000112208596 0.0
0.000574384117 0.000191360712 0.0
0.000546675117 1.22640495e-05 0.0
-6.01415886e-05 0.000358356017 0.0
0.000240334251 0.000111604022 0.0
5.68140968e-05 0.000270796532 0.0
-0.000143004232 0.000362260151 0.0
-5.32293452e-05 0.000251533056 0.0
0.000791689905 6.58161371e-05 0.0
0.000626924506 0.000309544906 0.0
4.09517415e-05 0.000132254369 0.0
0.000442576827 9.56522563e-05 0.0
0.000182063653 5.98275219e-05 0.0
0.000670903013 0.000415697286 0.0
0.000371145288 0.000256150204 0.0
0.000413732691 0.000167133039 0.0
0.000652988558 3.57166064e-05 0.0
0.000809369027 7.73897991e-05 0.0
-1.74581637e-05 0.000206750774 0.0
0.000685023086 9.41976396e-05 0.0
0.000442596705 0.000346996589 0.0
0.000635221601 5.11691323e-05 0.0
0.00054051826 0.000218901696 0.0
0.000483048148 0.000168211176 0.0
1.8400242e-05 0.000170440442 0.0
0.00060209824 0.000253285631 0.0
0.000755482819 0.000115975032 0.0
7.54213179e-05 0.000308339891 0.0
0.000524639385 0.000319562561 0.0
0.000229423691 0.000230737525 0.0
-9.23449188e-05 0.00038959441 0.0
0.0003773793 0.000223626208 0.0
0.000214937259 6.27018308e-05 0.0
0.000205278266 0.00034580112 0.0
0.000135522758 0.00033256106 0.0
0.000566659612 5.55725819e-05 0.0
4.26723236e-05 0.000242899172 0.0
0.000318939536 0.000131234905 0.0
0.000707621512 0.000114629271 0.0
0.000499324 0.000386413129 0.0
0.000668677734 0.000295802747 0.0
0.000593095669 0.000322580658 0.0
0.000676786876 0.000180515708 0.0
-5.64667316e-05 0.000403586018 0.0
-3.96767682e-05 0.000314058183 0.0
0.000535222411 0.000374494994 0.0
0.000710257445 0.000301478256 0.0
0.00063598447 0.000183014025 0.0
5.65445298e-05 0.000289783929 0.0
0.000607127731 0.000384387095 0.0
0.000706593099 0.000419040793 0.0
0.000301717839 0.000228297242 0.0
5.74117839e-05 0.000409781118 0.0
0.000476507063 7.55191577e-05 0.0
0.00058458565 0.000302996574 0.0
8.18887129e-05 3.34362558e-05 0.0
9.59496174e-05 0.000205639575 0.0
0.000636723882 0.000344100787 0.0
0.000180732211 0.000328772847 0.0
0.000714291818 0.000131423876 0.0
0.000261120993 -7.77133096e-07 0.0
4.12967383e-05 0.000387482694 0.0
0.000738946314 0.000186920617 0.0
-9.09068785e-06 0.000143213023 0.0
0.000121381425 0.000321072643 0.0
0.000745928497 4.44514517e-05 0.0
3.63123218e-05 0.000330473267 0.0
3.95421739e-05 0.000388709595 0.0
0.000281826389 0.000308665272 0.0
0.000485639874 0.000165238569 0.0
0.000574448146 0.000246683048 0.0
0.000493337633 1.54596944e-06 0.0
1.71677548e-05 7.99793725e-06 0.0
0.000434108515 0.000289088697 0.0
0.000610646734 0.000359525438 0.0
0.000772900414 9.51015609e-05 0.0
0.000124898783 0.000351779308 0.0
-9.07842514e-06 0.000181058029 0.0
0.000513596053 3.54386939e-05 0.0
0.000201329545 0.000124896687 0.0
0.000607700669 0.00019494025 0.0
0.000457780261 1.27127751e-05 0.0
0.000427707098 0.000336733152 0.0
0.000242334572 0.0001465245 0.0
3.46657398e-05 0.00039017541 0.0
0.000342607149 0.000249205565 0.0
0.000116820265 0.000368957641 0.0
0.000236722859 0.000219034599 0.0
0.000300765591 -2.82900903e-09 0.0
0.000259563356 0.000245897361 0.0
8.78391529e-06 0.000386545638 0.0
0.000468945538 4.45502301e-05 0.0
7.96356617e-05 0.000227700424 0.0
0.000182358068 0.000321443717 0.0
0.000237249697 0.000189384809 0.0
6.61871018e-05 4.95565757e-07 0.0
0.000236515989 1.9443949e-05 0.0
