-0.000143026642 -4.58290524e-05 0.0
-0.000127957683 6.64800109e-06 0.0
-0.000123322825 -8.26575342e-06 0.0
-0.000152061155 -2.47211065e-05 0.0
0.000307840353 -5.40680194e-05 0.0
0.000285498332 -4.8345526e-05 0.0
0.000270460499 -4.45069454e-05 0.0
0.000272889127 -7.00695382e-05 0.0
-0.00024872506 -4.45069454e-05 0.0
-0.000233687213 -4.8345526e-05 0.0
-0.000211345192 -5.40680194e-05 0.0
0.00030466789 -8.68476345e-05 0.0
0.000314809382 -6.38144556e-05 0.0
0.000322739914 -4.10218054e-05 0.0
0.000270347606 -5.90551354e-05 0.0
-6.11513897e-05 3.36352423e-05 0.0
-6.90819143e-05 1.08425966e-05 0.0
-7.92233986e-05 -1.21905859e-05 0.0
0.000163911551 -6.64867039e-05 0.0
0.000172261207 -6.33383825e-05 0.0
0.000180408897 -6.05005916e-05 0.0
0.000157215793 -6.30416616e-05 0.0
-0.000203482399 1.41564597e-05 0.0
-0.000211630089 1.13186716e-05 0.0
-0.00021997976 8.17034834e-06 0.0
-0.000421039964 -4.32197194e-05 0.0
-0.000399080105 7.62642503e-06 0.0
-0.000394427218 -1.17401469e-05 0.0
-0.0004204828 -3.17748636e-05 0.0
-0.000153493835 -7.2300274e-05 0.0
-0.000135436392 -7.5280841e-05 0.0
-0.000121449884 -7.66970988e-05 0.0
-0.000111711532 -3.91867034e-05 0.0
0.000397735654 -7.66970988e-05 0.0
0.000383749168 -7.5280841e-05 0.0
0.000365691725 -7.2300274e-05 0.0
0.000180704563 -7.93025974e-05 0.0
0.00019782962 -3.87769505e-05 0.0
0.000198556823 -5.2074327e-05 0.0
0.000179748153 -6.80263183e-05 0.0
-2.29920588e-05 -5.85523521e-05 0.0
7.89810747e-06 -1.88608155e-05 0.0
6.40486223e-06 -3.69473237e-05 0.0
-2.20604543e-05 -3.85220592e-05 0.0
-0.000131214532 -2.99132462e-05 0.0
-0.000104440536 -4.35300535e-06 0.0
-0.000115037124 -2.16563858e-05 0.0
-0.000120213539 -1.30603148e-05 0.0
5.25704745e-05 1.85753345e-06 0.0
4.62306562e-05 2.7630042e-06 0.0
3.80521487e-05 2.8118443e-06 0.0
1.70638032e-05 -1.85535446e-05 0.0
4.2641881e-05 -3.40664496e-06 0.0
2.61107452e-05 -6.35960987e-06 0.0
-0.000481133407 2.8118443e-06 0.0
-0.000472954882 2.7630042e-06 0.0
-0.000466615078 1.85753345e-06 0.0
0.000122683283 -6.91970417e-05 0.0
0.000149654355 -2.71423014e-05 0.0
0.000151932894 -4.74409935e-05 0.0
0.000121732701 -5.38412532e-05 0.0
-5.25496798e-05 -2.67893884e-05 0.0
-2.0492138e-05 -8.46087823e-06 0.0
-3.39783073e-05 -1.88549147e-05 0.0
-4.42748496e-05 -1.68668666e-05 0.0
-5.69359181e-05 -3.62928622e-05 0.0
-2.41499765e-05 -2.258516e-05 0.0
-3.35793775e-05 -2.74930535e-05 0.0
-5.65044211e-05 -3.09116804e-05 0.0
-0.000232876395 -4.60888696e-05 0.0
-0.000210584272 -2.18167952e-05 0.0
-0.000225625554 -4.16485054e-05 0.0
-0.000215519234 -3.10044052e-05 0.0
2.52539721e-05 -4.44171856e-05 0.0
6.27929403e-05 -3.22748747e-05 0.0
5.659831e-05 -3.69948684e-05 0.0
3.67272005e-05 -4.0949777e-05 0.0
-0.000233232335 -3.71466558e-05 0.0
-0.00020707451 6.8283839e-06 0.0
-0.000206543453 -8.69579617e-06 0.0
-0.000239241592 -1.73270546e-05 0.0
0.000383891311 -7.46570513e-05 0.0
0.0 0.0 0.0
-0.00051918556 0.0 0.0
-0.000135294249 -7.46570513e-05 0.0
-0.000132438305 -4.5612971e-05 0.0
-0.000123267033 -4.32677916e-05 0.0
-0.00011537761 -3.97022523e-05 0.0
-0.000108894514 -3.49777329e-05 0.0
-0.000104011953 -2.90648368e-05 0.0
-0.000100667858 -2.24085088e-05 0.0
-0.00010035561 -1.50330179e-05 0.0
-0.000102824924 -7.61523233e-06 0.0
-0.000107169217 -1.38391704e-06 0.0
-0.000113027694 2.94918846e-06 0.0
-0.000120136203 5.67574943e-06 0.0
-0.000135990631 5.8488713e-06 0.0
-0.000143690559 3.63152776e-06 0.0
-0.000150649779 1.63890903e-07 0.0
-0.000156707945 -4.21837694e-06 0.0
-0.000162038588 -9.4093084e-06 0.0
-0.000166513608 -1.51634995e-05 0.0
-0.00016982673 -2.09136633e-05 0.0
-0.000172805987 -2.58483087e-05 0.0
-0.000173987268 -3.0184543e-05 0.0
-0.000167144506 -3.74071315e-05 0.0
-0.000154695474 -4.32492416e-05 0.0
-0.000136762872 -1.6890499e-05 0.0
0.000301381835 -5.28446326e-05 0.0
0.000293607125 -5.0946277e-05 0.0
0.000279247964 -4.60326664e-05 0.0
0.000274781109 -4.49421314e-05 0.0
0.000264684175 -4.70023733e-05 0.0
0.000260468718 -5.14080966e-05 0.0
0.000259041059 -5.62653768e-05 0.0
0.000259726687 -6.10231764e-05 0.0
0.000262150366 -6.49621579e-05 0.0
0.000265220093 -6.76850032e-05 0.0
0.000269011653 -6.92749018e-05 0.0
0.000276944542 -6.98077856e-05 0.0
0.00028190366 -6.86387502e-05 0.0
0.000287793984 -6.67769782e-05 0.0
0.000293438497 -6.43217791e-05 0.0
0.000298276427 -6.16883117e-05 0.0
0.000302536646 -5.92327415e-05 0.0
0.000305704132 -5.64992224e-05 0.0
-0.000244404422 -4.49421314e-05 0.0
-0.000239937566 -4.60326664e-05 0.0
-0.000225578435 -5.0946277e-05 0.0
-0.00021780371 -5.28446326e-05 0.0
-0.000212506013 -5.02637013e-05 0.0
-0.000217303314 -4.56383459e-05 0.0
-0.000223004405 -4.19131175e-05 0.0
-0.000228207879 -4.00767494e-05 0.0
-0.000232651917 -3.96998948e-05 0.0
-0.000235657237 -4.00077806e-05 0.0
-0.000236682565 -4.04200946e-05 0.0
-0.000242418479 -4.2082811e-05 0.0
0.000307404291 -8.06262178e-05 0.0
0.000310802367 -7.31329346e-05 0.0
0.000318270613 -5.42977614e-05 0.0
0.000320823165 -4.66761194e-05 0.0
0.000316065038 -3.90762725e-05 0.0
0.000309322844 -3.85151361e-05 0.0
0.000302476867 -3.95700554e-05 0.0
0.000295055041 -4.19147e-05 0.0
0.000287475763 -4.53299472e-05 0.0
0.000280418142 -4.9545084e-05 0.0
0.000274420454 -5.41458612e-05 0.0
0.000267315103 -6.37556223e-05 0.0
0.000266993331 -6.89065564e-05 0.0
0.000269754237 -7.50794788e-05 0.0
0.00027446344 -8.10707716e-05 0.0
0.000279395957 -8.51184086e-05 0.0
0.00028593131 -8.71426455e-05 0.0
0.000294582482 -8.76395789e-05 0.0
-6.30681243e-05 2.79809301e-05 0.0
-6.5620683e-05 2.03592881e-05 0.0
-7.30889224e-05 1.52411349e-06 0.0
-7.64870128e-05 -5.96916971e-06 0.0
-6.94606206e-05 -9.73939859e-06 0.0
-6.11003052e-05 -6.12693611e-06 0.0
-5.44196191e-05 -1.75427942e-06 0.0
-4.9263901e-05 2.57289844e-06 0.0
-4.58440518e-05 7.49193214e-06 0.0
-4.41090851e-05 1.2462704e-05 0.0
-4.5776047e-05 1.87418827e-05 0.0
-4.98809313e-05 2.52848022e-05 0.0
-5.5060249e-05 3.02877979e-05 0.0
0.000167294667 -6.49428766e-05 0.0
0.000177071764 -6.17332189e-05 0.0
0.00018064052 -5.97519429e-05 0.0
0.00017999293 -5.95274796e-05 0.0
0.000177710113 -5.9687809e-05 0.0
0.000173883556 -6.01155953e-05 0.0
0.000170428655 -6.03573535e-05 0.0
0.000167555118 -6.12937438e-05 0.0
0.000164440513 -6.23756787e-05 0.0
0.000160886862 -6.28592534e-05 0.0
0.000153858651 -6.32682641e-05 0.0
0.000150951426 -6.36565746e-05 0.0
0.000148328792 -6.4120075e-05 0.0
0.000146089093 -6.46024491e-05 0.0
0.000145403392 -6.46878107e-05 0.0
0.000147516199 -6.50271832e-05 0.0
0.000152280569 -6.54636315e-05 0.0
0.000158282914 -6.63593455e-05 0.0
-0.000206819532 1.29238324e-05 0.0
-0.000216596629 9.71417103e-06 0.0
-0.000214719155 8.73018598e-06 0.0
-0.000210304657 9.65627078e-06 0.0
-0.000206928948 1.05631143e-05 0.0
-0.00020480025 1.17518221e-05 0.0
-0.000203951975 1.30127901e-05 0.0
-0.000414877431 -4.35034126e-05 0.0
-0.000406421605 -4.20492179e-05 0.0
-0.000396529387 -3.9317194e-05 0.0
-0.000386034691 -3.59602018e-05 0.0
-0.000376980985 -3.12020384e-05 0.0
-0.000370424299 -2.54362822e-05 0.0
-0.000365903368 -1.88514659e-05 0.0
-0.000366581138 -1.20839131e-05 0.0
-0.000372104405 -4.54580504e-06 0.0
-0.000380233163 2.12779628e-06 0.0
-0.000389478984 6.10707139e-06 0.0
-0.000408701686 7.11810162e-06 0.0
-0.000417798699 4.77410595e-06 0.0
-0.000425675797 8.27413601e-07 0.0
-0.000432003639 -4.39104588e-06 0.0
-0.000436636823 -1.06963307e-05 0.0
-0.000439111434 -1.74656288e-05 0.0
-0.000439358293 -2.43839204e-05 0.0
-0.00043772682 -3.07428818e-05 0.0
-0.000434518151 -3.58173675e-05 0.0
-0.000430088607 -3.93987793e-05 0.0
-0.000425091072 -4.1848667e-05 0.0
-0.000408301508 -2.23623629e-05 0.0
-0.000144923877 -7.38400267e-05 0.0
-0.000127393738 -7.61720439e-05 0.0
-0.000114693517 -7.39011593e-05 0.0
-0.000108755361 -7.01850004e-05 0.0
-0.00010414367 -6.58455319e-05 0.0
-0.000101359597 -6.05177484e-05 0.0
-0.000100498823 -5.49367251e-05 0.0
-0.000100695324 -4.97525252e-05 0.0
-0.000101522455 -4.53792709e-05 0.0
-0.000102795108 -4.23153797e-05 0.0
-0.000105197367 -4.0422623e-05 0.0
-0.000121422658 -3.89505221e-05 0.0
-0.00013112009 -4.01121215e-05 0.0
-0.000139487442 -4.28469721e-05 0.0
-0.000146345366 -4.66447709e-05 0.0
-0.000151333967 -5.10088212e-05 0.0
-0.000155519243 -5.51631747e-05 0.0
-0.000158443116 -5.89722367e-05 0.0
-0.000160299067 -6.23116212e-05 0.0
-0.000158882191 -6.6695342e-05 0.0
0.000391791807 -7.61720439e-05 0.0
0.000374261668 -7.38400267e-05 0.0
0.000371188624 -7.64262659e-05 0.0
0.000376636483 -7.87050376e-05 0.0
0.000381748192 -7.96877212e-05 0.0
0.000386699976 -7.94573716e-05 0.0
0.000391900307 -7.83164287e-05 0.0
0.000186959514 -7.85837619e-05 0.0
0.000192604508 -7.67840393e-05 0.0
0.000197269561 -7.45886427e-05 0.0
0.000201229734 -7.2216797e-05 0.0
0.000205869903 -6.95936906e-05 0.0
0.000210914441 -6.69822839e-05 0.0
0.000214900298 -6.32014926e-05 0.0
0.000217193432 -5.89128213e-05 0.0
0.000216306245 -5.37112464e-05 0.0
0.000212325016 -4.79752962e-05 0.0
0.000207587233 -4.32399429e-05 0.0
0.00020275556 -4.0360439e-05 0.0
0.00019285694 -3.85246458e-05 0.0
0.000186793957 -3.97021031e-05 0.0
0.000179618291 -4.15825562e-05 0.0
0.00017223593 -4.43851168e-05 0.0
0.000165648889 -4.80929775e-05 0.0
0.000160111973 -5.25175237e-05 0.0
0.000157508548 -5.77599822e-05 0.0
0.000158009119 -6.35586839e-05 0.0
0.000160390002 -6.91982423e-05 0.0
0.000164317811 -7.37930022e-05 0.0
0.000169074177 -7.69749386e-05 0.0
0.000174607092 -7.87828176e-05 0.0
0.000189258266 -5.98679944e-05 0.0
-1.29886694e-05 -5.83147521e-05 0.0
-2.81151961e-06 -5.65068767e-05 0.0
5.804588e-06 -5.28429446e-05 0.0
1.22697229e-05 -4.78056718e-05 0.0
1.69452815e-05 -4.20312826e-05 0.0
1.94981185e-05 -3.60645063e-05 0.0
2.03808904e-05 -3.0425208e-05 0.0
1.98001144e-05 -2.54911611e-05 0.0
1.807642e-05 -2.17802426e-05 0.0
1.47235951e-05 -1.98032885e-05 0.0
-1.63829839e-06 -1.91374493e-05 0.0
-1.18824519e-05 -2.03190029e-05 0.0
-2.12765117e-05 -2.31769427e-05 0.0
-2.91975211e-05 -2.72043344e-05 0.0
-3.50412993e-05 -3.27674534e-05 0.0
-3.76540702e-05 -3.89084744e-05 0.0
-3.7396414e-05 -4.54250549e-05 0.0
-3.57471108e-05 -5.12699007e-05 0.0
-3.31912379e-05 -5.53568461e-05 0.0
-2.9889261e-05 -5.76819803e-05 0.0
-7.54734538e-06 -3.7808888e-05 0.0
-0.000128252315 -3.06297661e-05 0.0
-0.00012274232 -3.02331173e-05 0.0
-0.000114935887 -2.94068159e-05 0.0
-0.000106218882 -2.65654853e-05 0.0
-9.98482428e-05 -2.23901516e-05 0.0
-9.72100606e-05 -1.80784518e-05 0.0
-9.68007589e-05 -1.35905975e-05 0.0
-9.8162971e-05 -9.73499027e-06 0.0
-0.000100027355 -7.57711769e-06 0.0
-0.000102098908 -5.87096793e-06 0.0
-0.000103648017 -4.88425894e-06 0.0
-0.000106508109 -4.44315265e-06 0.0
-0.000111878857 -5.61791057e-06 0.0
-0.000118977783 -7.33938941e-06 0.0
-0.000125285456 -1.00773586e-05 0.0
-0.000130392917 -1.31003007e-05 0.0
-0.000134004484 -1.63682598e-05 0.0
-0.000136061921 -1.9817071e-05 0.0
-0.000136567673 -2.29951365e-05 0.0
-0.000135993338 -2.56780459e-05 0.0
-0.000134590402 -2.78042171e-05 0.0
-0.000132704939 -2.93905941e-05 0.0
-0.000117895819 -1.69708219e-05 0.0
4.93209409e-05 2.31300828e-06 0.0
4.23559759e-05 2.79775395e-06 0.0
3.09056195e-05 2.05331821e-06 0.0
2.43838676e-05 1.29285468e-06 0.0
1.90077953e-05 -3.50894197e-07 0.0
1.49846628e-05 -2.50716266e-06 0.0
1.29032396e-05 -5.45636703e-06 0.0
1.3859144e-05 -9.74273553e-06 0.0
1.5456817e-05 -1.36952349e-05 0.0
1.65724359e-05 -1.6082955e-05 0.0
1.61809967e-05 -1.73837198e-05 0.0
2.29447214e-05 -1.91523468e-05 0.0
3.16339174e-05 -1.89000839e-05 0.0
3.93180744e-05 -1.75422738e-05 0.0
4.55350491e-05 -1.52074172e-05 0.0
5.02983494e-05 -1.18756234e-05 0.0
5.28390374e-05 -8.28045813e-06 0.0
5.41787267e-05 -4.7343342e-06 0.0
5.44576033e-05 -1.91210279e-06 0.0
5.38442073e-05 3.5082445e-07 0.0
-0.000476829562 2.79775395e-06 0.0
-0.000469864608 2.31300828e-06 0.0
-0.000468376034 2.74922331e-06 0.0
-0.000469239865 3.25945393e-06 0.0
-0.000470804138 3.51444169e-06 0.0
-0.000474905653 3.50995629e-06 0.0
0.000126329629 -6.89339722e-05 0.0
0.000133417911 -6.77396674e-05 0.0
0.000143168741 -6.55883196e-05 0.0
0.000152587716 -6.20141145e-05 0.0
0.000160301133 -5.74787991e-05 0.0
0.000165757927 -5.21279289e-05 0.0
0.000168479964 -4.62269309e-05 0.0
0.000168520695 -4.03791491e-05 0.0
0.000166951824 -3.51058552e-05 0.0
0.000163859528 -3.1163454e-05 0.0
0.000158139461 -2.88353003e-05 0.0
0.000139924276 -2.69161756e-05 0.0
0.000130623768 -2.83450372e-05 0.0
0.000122034086 -3.1471609e-05 0.0
0.000115082366 -3.61615312e-05 0.0
0.00011015276 -4.1707659e-05 0.0
0.000107570748 -4.78018665e-05 0.0
0.000107285494 -5.36926054e-05 0.0
0.0001088219 -5.87388349e-05 0.0
0.000111767935 -6.30238501e-05 0.0
0.000115846764 -6.62539242e-05 0.0
0.000119748154 -6.83299659e-05 0.0
0.000136239149 -5.10553509e-05 0.0
-5.11751605e-05 -2.67176674e-05 0.0
-4.60371775e-05 -2.60235938e-05 0.0
-3.92323745e-05 -2.47606949e-05 0.0
-3.33781354e-05 -2.27741366e-05 0.0
-2.88046558e-05 -2.04135595e-05 0.0
-2.52803347e-05 -1.81077939e-05 0.0
-2.3035378e-05 -1.60982654e-05 0.0
-2.18715995e-05 -1.41456239e-05 0.0
-2.17918514e-05 -1.23914042e-05 0.0
-2.1601938e-05 -1.07873429e-05 0.0
-2.00309387e-05 -9.48850993e-06 0.0
-2.65716608e-05 -7.73135616e-06 0.0
-3.51804301e-05 -8.45906834e-06 0.0
-4.2247877e-05 -1.00461921e-05 0.0
-4.81440002e-05 -1.20530804e-05 0.0
-5.23352464e-05 -1.42226618e-05 0.0
-5.48630851e-05 -1.63797322e-05 0.0
-5.63576104e-05 -1.87240166e-05 0.0
-5.63046051e-05 -2.11925071e-05 0.0
-5.53991267e-05 -2.34924591e-05 0.0
-5.38948952e-05 -2.5192383e-05 0.0
-5.28324599e-05 -2.62280373e-05 0.0
-3.82560174e-05 -1.80235111e-05 0.0
-5.13306441e-05 -3.61165803e-05 0.0
-4.65735684e-05 -3.51231065e-05 0.0
-4.22007906e-05 -3.33933276e-05 0.0
-3.83717561e-05 -3.16506703e-05 0.0
-3.48248832e-05 -2.99694711e-05 0.0
-3.16814039e-05 -2.83466652e-05 0.0
-2.88532319e-05 -2.6994323e-05 0.0
-2.573249e-05 -2.61037294e-05 0.0
-2.19966059e-05 -2.59423759e-05 0.0
-1.88111662e-05 -2.55129489e-05 0.0
-3.53866271e-05 -2.04810403e-05 0.0
-4.57769966e-05 -2.04172375e-05 0.0
-5.45717267e-05 -2.17425204e-05 0.0
-6.140201e-05 -2.42474416e-05 0.0
-6.58857098e-05 -2.70407927e-05 0.0
-6.75931369e-05 -3.01568962e-05 0.0
-6.82399332e-05 -3.23698805e-05 0.0
-6.91227106e-05 -3.31604606e-05 0.0
-6.73249888e-05 -3.40914921e-05 0.0
-6.28050111e-05 -3.52471652e-05 0.0
-4.35751754e-05 -2.92360401e-05 0.0
-0.000227449156 -4.66531128e-05 0.0
-0.000223655414 -4.66505044e-05 0.0
-0.000220123431 -4.5789162e-05 0.0
-0.000212775645 -4.29008396e-05 0.0
-0.00020702272 -4.01593861e-05 0.0
-0.000202410243 -3.74112933e-05 0.0
-0.000198201509 -3.56723322e-05 0.0
-0.000193915519 -3.47494097e-05 0.0
-0.000190408231 -3.29837203e-05 0.0
-0.000195980916 -2.72352936e-05 0.0
-0.000204231881 -2.31954546e-05 0.0
-0.000215738037 -2.24335909e-05 0.0
-0.000219909285 -2.38673929e-05 0.0
-0.000222430172 -2.52426125e-05 0.0
-0.000224522766 -2.70455039e-05 0.0
-0.000229341866 -3.10044234e-05 0.0
-0.000233551371 -3.43734537e-05 0.0
-0.000237032233 -3.70868911e-05 0.0
-0.000239430185 -3.98419361e-05 0.0
-0.000240990878 -4.22145531e-05 0.0
-0.000240925132 -4.38277748e-05 0.0
-0.000238312859 -4.49252839e-05 0.0
-0.000219867521 -3.68281362e-05 0.0
3.55431184e-05 -4.66994898e-05 0.0
4.42763558e-05 -4.74053159e-05 0.0
5.19142959e-05 -4.68293838e-05 0.0
5.82741122e-05 -4.5516419e-05 0.0
6.31975054e-05 -4.33869536e-05 0.0
6.6549801e-05 -4.09009954e-05 0.0
6.79602235e-05 -3.82219732e-05 0.0
6.73621835e-05 -3.52408169e-05 0.0
6.60335936e-05 -3.31147967e-05 0.0
6.43092353e-05 -3.22064006e-05 0.0
6.29297792e-05 -3.19932551e-05 0.0
6.16171528e-05 -3.29972718e-05 0.0
5.71717756e-05 -3.39633698e-05 0.0
5.03892879e-05 -3.48691319e-05 0.0
4.4306129e-05 -3.61459679e-05 0.0
3.94301969e-05 -3.79632438e-05 0.0
3.54817566e-05 -3.99532764e-05 0.0
3.29633913e-05 -4.13645466e-05 0.0
3.06652473e-05 -4.21421901e-05 0.0
2.76447299e-05 -4.23860256e-05 0.0
2.38033062e-05 -4.18870513e-05 0.0
2.05695505e-05 -4.20708711e-05 0.0
4.59671319e-05 -3.8522976e-05 0.0
-0.000225542652 -3.62495375e-05 0.0
-0.000218608518 -3.39318867e-05 0.0
-0.000213354855 -3.11838339e-05 0.0
-0.000210570928 -2.85368569e-05 0.0
-0.000206020908 -2.42017759e-05 0.0
-0.000200729555 -1.85736426e-05 0.0
-0.000196716472 -1.33695075e-05 0.0
-0.000193809712 -8.50911329e-06 0.0
-0.000192516978 -4.52524864e-06 0.0
-0.000192675492 -1.41590829e-06 0.0
-0.000195871587 1.5639738e-06 0.0
-0.000201497038 4.44562784e-06 0.0
-0.000213029256 7.30990223e-06 0.0
-0.000221230061 6.48062451e-06 0.0
-0.000230643695 4.36035361e-06 0.0
-0.000239888264 1.34504592e-06 0.0
-0.000248736498 -2.33106539e-06 0.0
-0.000255416962 -6.96944426e-06 0.0
-0.000260315341 -1.18354656e-05 0.0
-0.000263043097 -1.66099653e-05 0.0
-0.000261384237 -2.26160555e-05 0.0
-0.000255714927 -2.90985918e-05 0.0
-0.000248590368 -3.37464917e-05 0.0
-0.000241045258 -3.6423593e-05 0.0
-0.00022190118 -1.2782476e-05 0.0
0.000374121882 -7.0635826e-05 0.0
0.00037751862 -6.9757516e-05 0.0
0.000270759687 -3.31169431e-05 0.0
0.000257185369 -3.1418258e-05 0.0
0.000224455493 -3.61937673e-05 0.0
0.000188508217 -4.04002858e-05 0.0
0.000169596402 -4.15364739e-05 0.0
0.000163852106 -3.80060992e-05 0.0
0.000159548144 -3.2834334e-05 0.0
0.000148233521 -2.26004904e-05 0.0
0.00012333988 -1.21936164e-05 0.0
8.87802817e-05 -2.71876092e-06 0.0
6.47983834e-05 -1.61360495e-05 0.0
5.91176868e-05 -1.46088259e-05 0.0
4.03526792e-05 -1.04790979e-05 0.0
1.86439884e-05 -5.0060803e-06 0.0
-2.95824739e-05 1.69621271e-05 0.0
-0.000124158832 1.31404386e-05 0.0
-0.000163167671 1.88800568e-05 0.0
-0.000252269645 2.53204998e-05 0.0
-0.000280266366 4.21626028e-05 0.0
-0.000305293332 4.30990403e-05 0.0
-0.000328241003 3.80907404e-05 0.0
-0.000346574554 3.13822165e-05 0.0
-0.000358116435 2.51278943e-05 0.0
-0.000370033202 1.83446646e-05 0.0
-0.000387213659 1.56760852e-05 0.0
-0.000406895357 1.69119248e-05 0.0
-0.000424411235 1.68413826e-05 0.0
-0.000438591058 9.43750365e-06 0.0
-0.000448059203 -8.29865542e-07 0.0
-0.000454589928 -8.48788568e-06 0.0
-0.000460365525 -1.280792e-05 0.0
-0.000471653824 -1.52477596e-05 0.0
-0.000491840125 -1.20767409e-05 0.0
-0.000500541588 -5.0060803e-06 0.0
-0.000478832866 -1.04790979e-05 0.0
-0.000460067851 -1.46088259e-05 0.0
-0.000454387162 -1.61360495e-05 0.0
-0.000430405285 -2.71876092e-06 0.0
-0.00039584568 -1.21936164e-05 0.0
-0.000370952039 -2.26004904e-05 0.0
-0.000359637401 -3.2834334e-05 0.0
-0.000355333439 -3.80060992e-05 0.0
-0.000349589158 -4.15364739e-05 0.0
-0.000330677343 -4.04002858e-05 0.0
-0.000294730067 -3.61937673e-05 0.0
-0.000262000191 -3.1418258e-05 0.0
-0.000248425873 -3.31169431e-05 0.0
-0.000141666926 -6.9757516e-05 0.0
-0.000145063677 -7.0635826e-05 0.0
-0.00010794885 -8.67337876e-05 0.0
-8.77625207e-05 -8.990481e-05 0.0
-7.64742217e-05 -8.74649704e-05 0.0
-7.06986248e-05 -8.31449361e-05 0.0
-6.41678998e-05 -7.54869179e-05 0.0
-5.46997508e-05 -6.52195449e-05 0.0
-4.0519928e-05 -5.78156687e-05 0.0
-2.30040696e-05 -5.77451246e-05 0.0
-3.32235049e-06 -5.89809642e-05 0.0
1.38580908e-05 -5.63123867e-05 0.0
2.57748525e-05 -4.9529157e-05 0.0
3.73167422e-05 -4.32748311e-05 0.0
5.56502928e-05 -3.65663109e-05 0.0
7.85979646e-05 -3.15580073e-05 0.0
0.000103624923 -3.24944485e-05 0.0
0.000131621651 -4.93365478e-05 0.0
0.000220723625 -5.57769927e-05 0.0
0.000259732478 -6.15166136e-05 0.0
0.000354308839 -5.76949242e-05 0.0
-0.000124155617 -2.69967768e-05 0.0
-0.00014690822 -8.71926659e-06 0.0
-0.000156687238 -1.61555381e-05 0.0
-0.000115878363 -1.88018003e-05 0.0
-0.00013650734 -3.24208922e-05 0.0
-0.000135269758 -3.16553678e-06 0.0
-0.00012368738 -3.50302398e-05 0.0
-0.000145266502 -2.52725476e-06 0.0
-0.000155099551 -9.03920773e-06 0.0
-0.000113910792 -2.8137043e-05 0.0
-0.000109549721 -1.27399671e-05 0.0
-0.000164999874 -2.15519249e-05 0.0
-0.000126839863 1.09481584e-06 0.0
-0.000146327264 -3.67643916e-05 0.0
-0.000108281944 -2.34640956e-05 0.0
-0.000151555127 -4.34274853e-06 0.0
-0.000117118369 -3.30058901e-05 0.0
-0.000138698611 1.28307761e-06 0.0
-0.000161012213 -1.34140864e-05 0.0
-0.0001305927 -3.91834656e-05 0.0
-0.000163296514 -3.00977426e-05 0.0
-0.00011484258 -2.58233422e-06 0.0
-0.000111598332 -6.51494338e-06 0.0
-0.000165830628 -2.63169914e-05 0.0
-0.000164070094 -1.76255053e-05 0.0
-0.000106918167 -1.84171167e-05 0.0
-0.000156540002 -3.38206919e-05 0.0
-0.000119663913 -2.17708262e-07 0.0
-0.000132914327 2.39474616e-06 0.0
-0.00013773852 -3.98518096e-05 0.0
-0.00012619562 -1.9023857e-05 0.0
-0.00014693955 -1.53438796e-05 0.0
-0.000135180511 -2.44651419e-05 0.0
-0.000137606025 -9.83773771e-06 0.0
0.000276595529 -5.70318189e-05 0.0
0.000288184034 -5.86947317e-05 0.0
0.000279708649 -6.36296463e-05 0.0
0.00027083914 -5.08323646e-05 0.0
0.000296817481 -5.68499927e-05 0.0
0.000267121766 -5.72241115e-05 0.0
0.000270161137 -6.17542391e-05 0.0
0.00028486285 -6.42832601e-05 0.0
0.000284204609 -5.44644245e-05 0.0
0.000291606557 -6.15327081e-05 0.0
0.000277642248 -5.13432642e-05 0.0
0.0002913629 -5.51105295e-05 0.0
0.00027344696 -6.56437041e-05 0.0
0.000281674264 -5.93110744e-05 0.0
0.000276799343 -6.7061279e-05 0.0
0.000270277989 -4.73009641e-05 0.0
0.00027466123 -4.78526163e-05 0.0
0.000297339429 -5.93982186e-05 0.0
0.000276411505 -6.14882229e-05 0.0
0.000265304174 -6.11700088e-05 0.0
0.000265325623 -5.36034386e-05 0.0
0.000301748951 -5.55411571e-05 0.0
0.000289409625 -6.40940925e-05 0.0
0.000296492188 -5.42622038e-05 0.0
0.000280283042 -6.67606655e-05 0.0
0.000272472855 -5.43765964e-05 0.0
0.000285021 -6.14723758e-05 0.0
0.000266436546 -4.99011512e-05 0.0
0.000300870539 -5.75167578e-05 0.0
0.000293012534 -5.89126466e-05 0.0
0.000269202283 -6.55237091e-05 0.0
0.000288723561 -5.22105584e-05 0.0
-0.000235226224 -4.29477805e-05 0.0
-0.000227965793 -4.52157365e-05 0.0
-0.000219427617 -4.93924636e-05 0.0
-0.000240142661 -4.27940504e-05 0.0
-0.000237617758 -4.19985408e-05 0.0
-0.000222884832 -4.65902631e-05 0.0
-0.000231719285 -4.32367669e-05 0.0
0.000297745544 -5.45918374e-05 0.0
0.000292391749 -6.78932629e-05 0.0
0.000281212822 -6.13872762e-05 0.0
0.000294969999 -7.7372657e-05 0.0
0.000309179246 -4.66581623e-05 0.0
0.000298455736 -4.71036619e-05 0.0
0.000283950358 -5.46225529e-05 0.0
0.000282177469 -7.78855829e-05 0.0
0.00027782176 -6.86408093e-05 0.0
0.000301333872 -6.92451649e-05 0.0
0.00029663858 -6.20933424e-05 0.0
0.000307929469 -5.34180872e-05 0.0
0.00029008789 -4.89625854e-05 0.0
0.000299309293 -8.19750494e-05 0.0
0.00028978943 -5.8126061e-05 0.0
0.000273918966 -6.48467176e-05 0.0
0.000287460658 -8.09832418e-05 0.0
0.000277259591 -5.81439272e-05 0.0
0.000305130379 -4.3385553e-05 0.0
0.000277680403 -7.47381055e-05 0.0
0.000303105335 -7.63258722e-05 0.0
0.000315484707 -4.4054319e-05 0.0
0.000314298784 -4.98143636e-05 0.0
0.000286924042 -6.4887965e-05 0.0
0.000303139095 -5.00027818e-05 0.0
0.000306376867 -5.97378021e-05 0.0
0.000290538068 -7.34571513e-05 0.0
0.000311011216 -4.2286596e-05 0.0
0.000273915706 -6.13634766e-05 0.0
0.000291984295 -5.26565345e-05 0.0
0.000292097335 -8.33137674e-05 0.0
0.000284289359 -7.13521513e-05 0.0
-5.68877331e-05 1.4383294e-05 0.0
-5.72250901e-05 7.32902481e-06 0.0
-6.35715332e-05 -1.32413689e-07 0.0
-5.75113118e-05 2.46663712e-05 0.0
-5.14820094e-05 1.04461033e-05 0.0
-6.87295396e-05 -4.0093164e-06 0.0
-5.73817415e-05 2.41643511e-06 0.0
-6.44886459e-05 4.50943935e-06 0.0
-5.35312101e-05 1.92658081e-05 0.0
0.000160955373 -6.33324744e-05 0.0
0.000169085499 -6.20562205e-05 0.0
0.00016198626 -6.27063419e-05 0.0
0.000156005597 -6.34697135e-05 0.0
0.00015803428 -6.45237014e-05 0.0
0.000169534615 -6.14544988e-05 0.0
0.000152960085 -6.41513252e-05 0.0
0.000174158136 -6.12036456e-05 0.0
0.000175068722 -6.06315079e-05 0.0
0.000166932674 -6.28599373e-05 0.0
0.000163666438 -6.2756124e-05 0.0
0.000165499878 -6.20655337e-05 0.0
0.000159594434 -6.29114729e-05 0.0
0.00016308669 -6.38936835e-05 0.0
0.000151384287 -6.40466606e-05 0.0
0.000151782369 -6.4607586e-05 0.0
0.000172343338 -6.2095125e-05 0.0
0.000166383106 -6.2162937e-05 0.0
0.000160999713 -6.51891169e-05 0.0
0.000159680669 -6.31405928e-05 0.0
0.000156169655 -6.36831683e-05 0.0
0.000156225346 -6.32515439e-05 0.0
0.000173026958 -6.0778726e-05 0.0
0.000168558618 -6.12701042e-05 0.0
0.000162395809 -6.25736575e-05 0.0
0.000177589958 -6.03144763e-05 0.0
0.000156339709 -6.52355302e-05 0.0
0.000153660585 -6.35892429e-05 0.0
0.000156807291 -6.40394064e-05 0.0
0.000171077496 -6.08112387e-05 0.0
0.000148973413 -6.44999091e-05 0.0
0.000178114627 -6.05846144e-05 0.0
0.000158851428 -6.30797804e-05 0.0
0.000171189866 -6.14165547e-05 0.0
-0.000207253717 1.18567596e-05 0.0
-0.00021175007 1.02146223e-05 0.0
-0.000205749893 1.24157486e-05 0.0
-0.000213430962 9.5832811e-06 0.0
-0.000391722249 -2.60664783e-05 0.0
-0.00041463034 -1.02561016e-05 0.0
-0.00042617906 -1.6823069e-05 0.0
-0.000402151141 -3.46074667e-05 0.0
-0.000415033806 -3.82406615e-05 0.0
-0.00042941366 -2.60785018e-05 0.0
-0.000382024591 -1.77944057e-05 0.0
-0.000404119404 -2.23327106e-06 0.0
-0.000388595974 -3.13555283e-05 0.0
-0.000423472637 -7.12612291e-06 0.0
-0.000409693341 -3.10665964e-05 0.0
-0.00039081485 -3.15825196e-06 0.0
-0.000423638441 -3.72087961e-05 0.0
-0.000412113819 3.04620755e-07 0.0
-0.000378203695 -1.12620237e-05 0.0
-0.000376829732 -2.25960175e-05 0.0
-0.000408485852 -3.94911149e-05 0.0
-0.00043342344 -2.06771238e-05 0.0
-0.000431223278 -3.14194476e-05 0.0
-0.000395179231 -3.60177073e-05 0.0
-0.00043021809 -1.09521598e-05 0.0
-0.000420181925 -2.34084055e-05 0.0
-0.000401830795 -3.83672632e-05 0.0
-0.000419315533 -1.5872597e-06 0.0
-0.000379967736 -2.75779221e-05 0.0
-0.000432974135 -1.54394802e-05 0.0
-0.000383303646 -5.9105505e-06 0.0
-0.000427962834 -3.52846946e-05 0.0
-0.000395941403 2.06055915e-06 0.0
-0.000421198056 -4.03738049e-05 0.0
-0.000125613253 -5.62169334e-05 0.0
-0.000119776269 -6.52294184e-05 0.0
-0.000142174293 -6.21888612e-05 0.0
-0.000112126094 -5.53907703e-05 0.0
-0.000139364172 -5.35166218e-05 0.0
-0.000116890122 -4.77246249e-05 0.0
-0.000131040797 -6.54404066e-05 0.0
-0.000128363317 -4.83905969e-05 0.0
-0.000110029207 -6.14381861e-05 0.0
-0.00014818499 -5.69828917e-05 0.0
-0.000109224602 -4.81907155e-05 0.0
-0.000120829107 -7.16950308e-05 0.0
-0.000148020103 -6.71052621e-05 0.0
-0.000127771971 -7.04250269e-05 0.0
-0.000138816496 -6.86176936e-05 0.0
-0.000138654985 -4.82429932e-05 0.0
-0.000120394507 -5.9394144e-05 0.0
-0.000113884103 -6.71946837e-05 0.0
-0.000117799136 -5.31663682e-05 0.0
-0.000119262462 -4.39959513e-05 0.0
-0.000150511725 -6.17007681e-05 0.0
-0.000134649657 -5.81183813e-05 0.0
-0.000130076005 -5.37381675e-05 0.0
-0.00010485138 -5.34274404e-05 0.0
-0.000147926257 -5.33807288e-05 0.0
-0.000109671782 -4.45136066e-05 0.0
-0.000105746782 -5.77242608e-05 0.0
-0.000105431383 -4.96413268e-05 0.0
-0.000132709407 -4.46877566e-05 0.0
-0.000126077459 -4.3210377e-05 0.0
-0.000125069768 -6.38647398e-05 0.0
-0.000135048773 -6.25608882e-05 0.0
-0.000115640025 -6.12431613e-05 0.0
-0.000133206093 -6.98890726e-05 0.0
-0.000122948317 -5.21717484e-05 0.0
-0.00014222115 -5.85384114e-05 0.0
-0.000112586247 -4.27978084e-05 0.0
-0.000108950757 -6.50966467e-05 0.0
-0.000153487417 -5.93799923e-05 0.0
-0.000128553933 -6.09343188e-05 0.0
-0.000144668418 -5.01725117e-05 0.0
0.0003867099 -7.77634195e-05 0.0
0.00037832497 -7.69293983e-05 0.0
0.000389298279 -7.79347902e-05 0.0
0.000375138712 -7.64617726e-05 0.0
0.000174185203 -5.76430648e-05 0.0
0.000185825149 -4.83808508e-05 0.0
0.000192740874 -6.98272634e-05 0.0
0.000203333911 -6.28494236e-05 0.0
0.000201058749 -6.86417843e-05 0.0
0.000207712961 -5.69101321e-05 0.0
0.000193543121 -4.43151803e-05 0.0
0.000175614783 -4.99039343e-05 0.0
0.000169172752 -6.45941836e-05 0.0
0.000185327764 -7.36218135e-05 0.0
0.000164906116 -5.59776854e-05 0.0
0.000194378314 -7.36604561e-05 0.0
0.000209386766 -6.44351821e-05 0.0
0.00018391879 -4.33480891e-05 0.0
0.000172390151 -7.12987603e-05 0.0
0.000177827911 -7.4129508e-05 0.0
0.000204934506 -4.95106397e-05 0.0
0.000200315568 -4.49409708e-05 0.0
0.000206110359 -6.75639239e-05 0.0
0.000211449747 -6.10994175e-05 0.0
0.000163879304 -6.0472983e-05 0.0
0.000167898208 -5.16562868e-05 0.0
0.000189906743 -7.50414838e-05 0.0
0.00019862238 -7.18110678e-05 0.0
0.000189252431 -4.2227457e-05 0.0
0.000178054193 -4.54549481e-05 0.0
0.000166646001 -6.97248397e-05 0.0
0.000210162849 -5.20708927e-05 0.0
0.000195036046 -6.38210986e-05 0.0
0.000184019023 -5.545979e-05 0.0
-1.29342407e-05 -4.82788673e-05 0.0
-2.18538457e-06 -2.78029602e-05 0.0
-2.49768709e-05 -4.84633892e-05 0.0
9.64526316e-06 -2.7897664e-05 0.0
-1.83857503e-06 -4.8657821e-05 0.0
-1.34624343e-05 -2.70659966e-05 0.0
6.1710989e-06 -2.36782635e-05 0.0
-2.13279291e-05 -5.30794387e-05 0.0
8.28284556e-06 -4.25147191e-05 0.0
-2.43959712e-05 -3.26249574e-05 0.0
1.4633014e-05 -2.99138628e-05 0.0
-3.05864087e-05 -4.62069365e-05 0.0
-1.13799788e-05 -3.27524649e-05 0.0
-3.85667045e-06 -4.2822543e-05 0.0
-8.67341987e-06 -5.31556798e-05 0.0
-6.32180127e-06 -2.33077917e-05 0.0
-1.61708576e-05 -5.46180963e-05 0.0
1.12909413e-06 -2.219817e-05 0.0
-2.75081329e-05 -5.37399537e-05 0.0
1.22865849e-05 -2.31816102e-05 0.0
-3.16273181e-05 -4.12191039e-05 0.0
-3.06000147e-05 -3.65686465e-05 0.0
1.4985605e-05 -3.42964413e-05 0.0
1.36774106e-05 -3.85783896e-05 0.0
6.20965375e-06 -4.79102819e-05 0.0
-2.20824768e-05 -2.74580361e-05 0.0
-1.53440378e-05 -4.35794427e-05 0.0
1.71745768e-07 -3.22973501e-05 0.0
-0.000108539061 -1.21608819e-05 0.0
-0.000125388513 -2.46131112e-05 0.0
-0.000129233973 -2.23203897e-05 0.0
-0.000108612556 -8.14508348e-06 0.0
-0.000128722313 -1.75596615e-05 0.0
-0.000112456924 -8.15208114e-06 0.0
-0.000105631778 -1.62146534e-05 0.0
-0.000122607977 -2.67928663e-05 0.0
-0.00013014584 -2.64033424e-05 0.0
-0.000104765859 -8.510523e-06 0.0
-0.000123831749 -1.8274397e-05 0.0
-0.000108954839 -2.22729595e-05 0.0
-0.000124631246 -1.2879811e-05 0.0
-0.00010203803 -1.24371099e-05 0.0
-0.000127239182 -2.85567785e-05 0.0
-0.00011896513 -2.75554939e-05 0.0
-0.000132643516 -2.11683382e-05 0.0
-0.000107767657 -5.97479902e-06 0.0
-0.000115691691 -8.22886705e-06 0.0
-0.000105041239 -6.48184505e-06 0.0
-0.000132593719 -2.52083828e-05 0.0
-0.000133333087 -2.3481467e-05 0.0
-0.000102191021 -9.66077096e-06 0.0
-0.000105883635 -5.76174534e-06 0.0
-0.000129724489 -2.83100671e-05 0.0
-0.000114391609 -1.16226674e-05 0.0
-0.000113182323 -2.5490499e-05 0.0
-0.000120846831 -1.03921584e-05 0.0
-0.000102887934 -1.95665289e-05 0.0
-0.000129469976 -1.50195028e-05 0.0
-0.000111914786 -1.68429888e-05 0.0
3.00103602e-05 -1.09866542e-05 0.0
3.4520428e-05 8.70713734e-07 0.0
4.08390988e-05 -9.40862446e-06 0.0
2.2754406e-05 -1.26233563e-05 0.0
2.62212179e-05 -1.31094203e-06 0.0
4.72914689e-05 -5.77836272e-06 0.0
3.72811228e-05 -1.58619662e-06 0.0
3.42112762e-05 -1.39415824e-05 0.0
2.41681009e-05 -1.51795793e-05 0.0
4.85853197e-05 2.26857665e-07 0.0
1.96033488e-05 -1.05103472e-05 0.0
2.05030065e-05 -4.50594007e-06 0.0
4.42208293e-05 7.87062447e-07 0.0
3.30350704e-05 -1.12496116e-06 0.0
3.97071562e-05 1.00117791e-06 0.0
4.05904939e-05 -1.35388818e-05 0.0
2.82962683e-05 -1.5459882e-05 0.0
1.97662594e-05 -1.61594944e-05 0.0
2.92633322e-05 7.76084391e-07 0.0
4.93742336e-05 -2.41672001e-06 0.0
4.49357613e-05 -1.16841984e-05 0.0
4.7796595e-05 -8.97213977e-06 0.0
1.87020705e-05 -1.54313184e-05 0.0
1.85699755e-05 -1.37442812e-05 0.0
3.45365224e-05 -7.38463768e-06 0.0
2.03031977e-05 -2.14159218e-06 0.0
1.85155823e-05 -7.39853067e-06 0.0
-0.000470409956 2.82651376e-06 0.0
-0.000473715161 3.08553945e-06 0.0
-0.000469519931 2.80057429e-06 0.0
-0.000474310102 3.21606854e-06 0.0
-0.00046828526 2.3065752e-06 0.0
-0.000477622903 3.03985166e-06 0.0
0.000144972248 -3.9450475e-05 0.0
0.00013067908 -6.19851926e-05 0.0
0.000128298358 -4.28215717e-05 0.0
0.000141656928 -6.00491003e-05 0.0
0.000122186204 -6.33670425e-05 0.0
0.000155755057 -3.89870365e-05 0.0
0.000136352086 -3.51940507e-05 0.0
0.000118191019 -4.71146013e-05 0.0
0.000153608722 -5.35553845e-05 0.0
0.000132554254 -6.50727743e-05 0.0
0.000150637425 -3.21251864e-05 0.0
0.000117556498 -5.94621488e-05 0.0
0.000122302677 -3.72197246e-05 0.0
0.000123758102 -6.63777901e-05 0.0
0.000161613105 -4.03048725e-05 0.0
0.000139058044 -6.41974329e-05 0.0
0.000145654849 -6.20463543e-05 0.0
0.000151485132 -5.87331742e-05 0.0
0.000126944928 -6.70208465e-05 0.0
0.00014356045 -3.14218996e-05 0.0
0.000156461756 -3.35758596e-05 0.0
0.000127662046 -5.80337983e-05 0.0
0.000117222531 -4.12597365e-05 0.0
0.000128594067 -3.38761347e-05 0.0
0.000113153335 -5.10229111e-05 0.0
0.000160624535 -4.93803054e-05 0.0
0.000162171709 -4.47231541e-05 0.0
0.000113744965 -5.54575636e-05 0.0
0.00013992122 -5.5626635e-05 0.0
0.000117031836 -6.29439237e-05 0.0
-4.72617394e-05 -2.27262917e-05 0.0
-3.16346304e-05 -1.32829909e-05 0.0
-2.67937612e-05 -1.30671569e-05 0.0
-4.38995921e-05 -2.33465325e-05 0.0
-2.72349262e-05 -1.541452e-05 0.0
-5.0795923e-05 -2.14113261e-05 0.0
-3.77666474e-05 -1.27439553e-05 0.0
-4.95592212e-05 -2.50757112e-05 0.0
-2.52085374e-05 -1.07419664e-05 0.0
-3.77468095e-05 -2.19430403e-05 0.0
-5.03235751e-05 -1.82090735e-05 0.0
-5.20271897e-05 -2.34538256e-05 0.0
-4.53254506e-05 -1.99009319e-05 0.0
-4.63689903e-05 -1.48101099e-05 0.0
-3.17705744e-05 -1.06459474e-05 0.0
-2.69235006e-05 -1.69829218e-05 0.0
-2.44381081e-05 -1.34869724e-05 0.0
-4.88117148e-05 -2.56497497e-05 0.0
-4.65603407e-05 -2.52363134e-05 0.0
-4.24778773e-05 -2.41706111e-05 0.0
-2.33127375e-05 -1.10107239e-05 0.0
-3.18115635e-05 -1.61708722e-05 0.0
-5.13544219e-05 -2.48679207e-05 0.0
-2.62654685e-05 -9.94796119e-06 0.0
-2.36575506e-05 -1.20262039e-05 0.0
-2.96144444e-05 -1.89926523e-05 0.0
-3.28202768e-05 -2.07903504e-05 0.0
-5.3244632e-05 -1.99486476e-05 0.0
-4.19750213e-05 -2.10318267e-05 0.0
-4.36314876e-05 -1.24255403e-05 0.0
-5.04272721e-05 -1.61135449e-05 0.0
-4.49501786e-05 -2.67476644e-05 0.0
-4.97800938e-05 -3.22218038e-05 0.0
-4.1089661e-05 -3.08194576e-05 0.0
-3.17843624e-05 -2.60030683e-05 0.0
-5.80589367e-05 -3.28756578e-05 0.0
-5.56395607e-05 -2.78383213e-05 0.0
-3.48737085e-05 -2.87813891e-05 0.0
-3.99019227e-05 -2.42160186e-05 0.0
-4.803911e-05 -3.35734658e-05 0.0
-2.77458294e-05 -2.5980582e-05 0.0
-6.16829857e-05 -2.93458943e-05 0.0
-5.39760949e-05 -2.50948451e-05 0.0
-6.33301388e-05 -3.28655624e-05 0.0
-5.70327138e-05 -3.41858249e-05 0.0
-5.26650656e-05 -3.45375229e-05 0.0
-4.78621914e-05 -2.36625874e-05 0.0
-3.10047799e-05 -2.4128256e-05 0.0
-2.54900187e-05 -2.4876832e-05 0.0
-2.4550638e-05 -2.5324669e-05 0.0
-4.36106275e-05 -3.28347815e-05 0.0
-4.04146667e-05 -3.1771895e-05 0.0
-3.75779673e-05 -3.04816276e-05 0.0
-6.37743506e-05 -3.11747899e-05 0.0
-6.437517e-05 -3.21785265e-05 0.0
-3.15396937e-05 -2.76216451e-05 0.0
-2.88795436e-05 -2.64983555e-05 0.0
-4.99916932e-05 -2.88099927e-05 0.0
-5.1892097e-05 -3.13363562e-05 0.0
-0.000225207463 -3.2800901e-05 0.0
-0.00021105638 -3.84856394e-05 0.0
-0.000230717895 -3.86990832e-05 0.0
-0.000204004886 -3.54503572e-05 0.0
-0.00022126011 -2.85863916e-05 0.0
-0.000216939457 -4.22721059e-05 0.0
-0.000231425322 -3.55384036e-05 0.0
-0.000232820777 -4.19832795e-05 0.0
-0.000206831435 -3.10313626e-05 0.0
-0.000204225493 -3.70814232e-05 0.0
-0.000226610908 -3.0245661e-05 0.0
-0.000223154784 -4.38830684e-05 0.0
-0.000236827516 -4.01256257e-05 0.0
-0.000211516905 -4.08349078e-05 0.0
-0.00021815105 -2.60533343e-05 0.0
-0.000199125498 -3.54402473e-05 0.0
-0.000196767825 -3.44205946e-05 0.0
-0.000198911162 -3.24647299e-05 0.0
-0.000206766766 -3.86408792e-05 0.0
-0.000230014586 -3.30889343e-05 0.0
-0.000223808122 -2.80260683e-05 0.0
-0.000218218032 -3.9963983e-05 0.0
-0.000237267872 -4.18493546e-05 0.0
-0.000235523388 -3.80070051e-05 0.0
-0.000209590216 -2.65707149e-05 0.0
-0.000232486316 -4.3714077e-05 0.0
-0.000228254838 -4.42793717e-05 0.0
-0.000214092448 -2.57140146e-05 0.0
-0.000212274346 -3.5897614e-05 0.0
-0.000220821312 -4.46718041e-05 0.0
4.91449609e-05 -4.1072446e-05 0.0
5.37033084e-05 -3.49302209e-05 0.0
3.4421395e-05 -4.18988348e-05 0.0
4.80595991e-05 -3.65221822e-05 0.0
4.036873e-05 -3.92501206e-05 0.0
5.74037003e-05 -4.01574107e-05 0.0
5.92956312e-05 -3.34907672e-05 0.0
4.01548641e-05 -4.30335349e-05 0.0
3.03690522e-05 -4.24686405e-05 0.0
5.54620783e-05 -3.4145618e-05 0.0
5.2572097e-05 -4.41201555e-05 0.0
2.73201895e-05 -4.28630956e-05 0.0
6.09561939e-05 -3.48081594e-05 0.0
6.00591629e-05 -3.2715423e-05 0.0
6.2374711e-05 -3.89469024e-05 0.0
3.62261162e-05 -4.06608451e-05 0.0
4.37190283e-05 -3.7329206e-05 0.0
5.1904135e-05 -3.50563278e-05 0.0
5.92160213e-05 -3.30236289e-05 0.0
4.77492104e-05 -3.60224731e-05 0.0
5.73034122e-05 -4.29034808e-05 0.0
4.66999772e-05 -4.48379833e-05 0.0
3.26316294e-05 -4.36873815e-05 0.0
2.60789693e-05 -4.25555663e-05 0.0
6.28673952e-05 -3.67765133e-05 0.0
3.33769785e-05 -4.1671181e-05 0.0
3.0876512e-05 -4.23430793e-05 0.0
4.37049021e-05 -3.84290433e-05 0.0
5.39863177e-05 -3.57536992e-05 0.0
6.24423701e-05 -3.34321921e-05 0.0
4.24676218e-05 -4.10836765e-05 0.0
-0.000226916876 -2.54427723e-05 0.0
-0.000211503517 -2.01745006e-05 0.0
-0.000234378153 -5.95629353e-06 0.0
-0.000214972169 -1.49873904e-06 0.0
-0.000203884265 -1.5254559e-05 0.0
-0.000217412555 -2.69451393e-05 0.0
-0.000225049196 2.51483669e-07 0.0
-0.000204734781 -9.75431249e-07 0.0
-0.000238361346 -2.74088416e-05 0.0
-0.000246785348 -1.04244127e-05 0.0
-0.000228404737 -3.24222383e-05 0.0
-0.000240498688 -2.36507799e-06 0.0
-0.000209090649 -2.43032118e-05 0.0
-0.00021208945 3.98010525e-06 0.0
-0.000250787969 -1.76811227e-05 0.0
-0.000247162592 -2.40547906e-05 0.0
-0.000199581424 -8.16893044e-06 0.0
-0.00019898334 -3.82682447e-06 0.0
-0.000205416552 -2.02654919e-05 0.0
-0.000212589031 -2.73466758e-05 0.0
-0.000218397559 3.8657854e-06 0.0
-0.000206977551 2.86985187e-06 0.0
-0.000222119023 -3.14218523e-05 0.0
-0.000234638166 -3.2287302e-05 0.0
-0.000246622687 -5.81904033e-06 0.0
-0.000233139435 5.55062627e-07 0.0
-0.000198451729 -1.13753795e-05 0.0
-0.000255349121 -1.39993081e-05 0.0
-0.000219408612 -1.87315891e-05 0.0
-0.000222945993 -7.03307114e-06 0.0
2.35913103e-05 -5.03442643e-05 0.0
-0.000279627449 -6.88822047e-06 0.0
2.91627293e-05 -4.67346144e-05 0.0
-0.000244276307 6.32415777e-06 0.0
6.28108901e-05 -6.2819985e-05 0.0
-4.0222978e-05 -4.04993552e-05 0.0
9.4398747e-05 -5.60346161e-05 0.0
-0.000184261764 -6.83044107e-07 0.0
-0.000229843208 -4.41646262e-05 0.0
-0.0002416098 -8.83541452e-06 0.0
-0.000138447154 -5.55074894e-06 0.0
0.000170629763 -5.18854467e-05 0.0
-0.000358161837 -2.50489738e-05 0.0
-3.7300917e-05 -2.46696691e-05 0.0
-0.00030652844 -2.7333881e-05 0.0
-0.000353286538 1.67981989e-06 0.0
-3.13804157e-05 -2.92415098e-05 0.0
-0.000131441877 -1.16490119e-05 0.0
5.25767464e-05 -3.72054528e-05 0.0
0.000324193505 -6.54542891e-05 0.0
-7.65036821e-05 -2.64683495e-05 0.0
7.32031231e-06 -4.73200234e-05 0.0
8.27734621e-05 -6.13613156e-05 0.0
-0.000320450345 -2.85144256e-06 0.0
-0.000173220702 -4.22020457e-05 0.0
-0.000219878362 -1.49280258e-05 0.0
-0.000297165185 1.17582804e-05 0.0
-3.0165198e-05 -1.83110369e-05 0.0
0.000263897411 -5.00072092e-05 0.0
-0.000241941947 1.64759513e-05 0.0
1.83565153e-05 -3.03414745e-05 0.0
3.84186169e-05 -3.05586145e-05 0.0
6.00854983e-05 -6.27595728e-05 0.0
-0.000193899512 -2.25588497e-06 0.0
-7.97936518e-05 -2.83908266e-05 0.0
-3.425467e-05 -2.85162296e-05 0.0
5.09614656e-05 -3.6924841e-05 0.0
8.52511439e-05 -5.87608884e-05 0.0
-6.64848485e-05 -2.62045851e-05 0.0
9.45580105e-05 -6.90866145e-05 0.0
-0.000112325477 -7.54468192e-06 0.0
3.42808271e-05 -4.93975058e-05 0.0
4.01414036e-05 -4.94915403e-05 0.0
-0.000127052364 9.44783733e-06 0.0
2.51092715e-05 -5.43300484e-05 0.0
-0.000303261681 3.31825572e-06 0.0
-0.000127054067 -8.07832294e-06 0.0
-0.000306566304 -3.94849267e-05 0.0
-0.000137952069 -6.32196816e-06 0.0
0.000193540443 -6.73446484e-05 0.0
0.000140886303 -5.70829143e-05 0.0
0.000214536602 -5.56930681e-05 0.0
-0.000332527357 8.01012629e-06 0.0
-0.000119424149 -4.81837787e-06 0.0
-0.000193707063 -1.64476496e-05 0.0
9.4448103e-07 1.36987646e-05 0.0
-8.59281354e-05 -1.77407892e-05 0.0
0.000121465149 -4.86477256e-05 0.0
-0.000387465087 5.68775431e-06 0.0
-0.00034895417 -2.09519858e-05 0.0
-0.000201490999 -1.00360858e-05 0.0
-0.0002790867 2.37542608e-05 0.0
-2.26418661e-06 -3.12488301e-05 0.0
-6.14220189e-05 -1.60654745e-05 0.0
-0.000294099853 -2.76266255e-05 0.0
-0.000260893896 -1.45393437e-06 0.0
-9.84391008e-05 -1.56514961e-05 0.0
-9.30857423e-05 4.57227725e-06 0.0
-4.78774309e-05 -4.27000596e-05 0.0
-0.000267482043 -2.90879743e-05 0.0
-0.00012498979 -2.67059477e-06 0.0
0.000112407528 -7.10556997e-05 0.0
-0.00040939718 -2.13514722e-05 0.0
-0.000361851446 -1.75937294e-06 0.0
0.000134270726 -3.49710972e-05 0.0
-0.000319792365 -3.81070495e-05 0.0
-0.000195013999 -2.18362038e-05 0.0
1.32348878e-05 -3.75064883e-05 0.0
0.000240438152 -4.6764173e-05 0.0
0.000130295157 -6.30518116e-05 0.0
-0.000172632353 -9.59855333e-06 0.0
-1.83477168e-05 -4.23752826e-05 0.0
0.000108246262 -1.50048663e-05 0.0
-0.000181369309 -1.7333492e-05 0.0
-0.000177265974 -4.76386231e-06 0.0
-8.89948496e-05 -5.60374174e-05 0.0
-2.53130493e-05 -4.21698351e-05 0.0
0.00033667509 -6.51957525e-05 0.0
-0.00019636564 -4.66317797e-05 0.0
-0.000148241204 -4.26369006e-05 0.0
-0.000222526403 8.04000683e-06 0.0
-9.17717989e-05 -2.10447997e-05 0.0
-1.83761331e-05 -1.40323009e-05 0.0
-8.14875384e-05 -2.7001659e-05 0.0
7.79546099e-05 -4.94953383e-05 0.0
-9.45421125e-05 -1.56932965e-05 0.0
2.64097139e-06 -3.35693294e-05 0.0
6.65582993e-05 -5.60570406e-05 0.0
-0.000256259256 -1.10928331e-05 0.0
-6.38996135e-05 -1.18927765e-05 0.0
-2.71435893e-05 -2.7144808e-05 0.0
-0.000164609824 -5.30407306e-06 0.0
-0.00022285209 -4.28992062e-05 0.0
-1.95971134e-05 -3.19115898e-05 0.0
0.000335894933 -6.83753315e-05 0.0
-0.000203281204 -4.40033109e-05 0.0
-6.95477866e-05 -1.33352205e-05 0.0
-0.000237570726 4.68999872e-07 0.0
-5.35851104e-05 -1.1048628e-05 0.0
-0.00045273843 -1.18789103e-05 0.0
-0.000325324974 -3.72555314e-06 0.0
0.000226111646 -8.3730738e-05 0.0
0.000243633753 -4.55154404e-05 0.0
0.000286710158 -5.02095318e-05 0.0
0.000288914656 -6.06331487e-05 0.0
9.13595577e-05 -2.16742337e-05 0.0
2.06127079e-05 -2.82670426e-05 0.0
-7.61976298e-06 -3.26170557e-05 0.0
-0.000235876782 -4.53347129e-05 0.0
-0.000169001854 -4.00355784e-05 0.0
0.000213676962 -6.43164458e-05 0.0
6.04678171e-05 -3.55562916e-05 0.0
-1.64780813e-05 -3.85163585e-05 0.0
4.58271024e-05 -5.70401789e-05 0.0
-0.000396696967 -1.49409261e-05 0.0
-9.8779492e-05 -8.17940327e-06 0.0
-0.000149344341 -2.48625674e-05 0.0
9.33189076e-05 -6.56672346e-05 0.0
6.84804399e-05 -6.50912043e-05 0.0
-0.00023197355 -4.4299024e-05 0.0
-7.95772503e-05 -2.46183754e-05 0.0
5.67461757e-06 -4.32434135e-05 0.0
5.71231976e-05 -5.95509919e-05 0.0
-0.000340252649 -2.98972245e-05 0.0
4.30419605e-05 -3.50948758e-05 0.0
6.10945904e-07 -4.92146028e-05 0.0
-7.49111132e-05 -1.470796e-05 0.0
7.89819023e-05 -4.93110747e-05 0.0
-0.000268692645 -2.70968867e-05 0.0
0.000117248732 -5.82375178e-05 0.0
-0.00036903756 7.61574574e-06 0.0
-0.00034399805 7.94676509e-07 0.0
-0.000149294414 -4.15987734e-06 0.0
2.25285785e-05 -2.65358722e-05 0.0
-0.000305971218 2.42568126e-06 0.0
-9.16349163e-05 -1.89131424e-05 0.0
1.29130176e-05 -1.44100541e-05 0.0
-0.000320416118 9.19259548e-07 0.0
-0.000383388251 1.20620609e-06 0.0
-0.000223217328 6.30504383e-06 0.0
-0.000437021285 -2.77982599e-05 0.0
-0.000274482241 3.15629659e-05 0.0
-0.000274559367 -6.29703391e-06 0.0
-0.000315971149 -4.8977392e-05 0.0
-0.000162892218 -5.03045339e-06 0.0
-0.000111732217 -4.2468705e-06 0.0
7.05673447e-05 -4.55629561e-05 0.0
0.000181825657 -4.63756005e-05 0.0
-6.83696271e-05 -2.3706466e-06 0.0
2.4163186e-05 -2.64895843e-05 0.0
0.000231962244 -5.93282311e-05 0.0
0.000108607921 -6.4617263e-05 0.0
0.000113892114 -3.69345871e-05 0.0
3.3276312e-05 -5.40810397e-05 0.0
-0.000463136588 -2.31436989e-05 0.0
-1.06354282e-05 -3.93666996e-05 0.0
-6.03511653e-05 -4.98127556e-05 0.0
0.000213424064 -6.55342374e-05 0.0
2.62830417e-05 -4.32700035e-05 0.0
-0.00011125904 -4.85319397e-05 0.0
-1.32295099e-05 -2.81030443e-05 0.0
9.1529073e-05 -5.94674884e-06 0.0
-0.000132294503 -4.38581083e-05 0.0
0.000348332425 -6.79220466e-05 0.0
0.000140975855 -7.16499708e-05 0.0
-0.000179249459 -2.22403196e-05 0.0
-3.12187731e-05 -3.48932663e-05 0.0
-0.000372876995 -3.88961271e-05 0.0
6.76590935e-05 -5.41333757e-05 0.0
-0.000123617865 1.448482e-05 0.0
0.000226909775 -5.86423012e-05 0.0
0.000347754452 -5.79462794e-05 0.0
-4.63507204e-05 -3.68415676e-05 0.0
-9.36130436e-06 1.18143407e-05 0.0
0.000159579606 -5.88219555e-05 0.0
-3.82071412e-05 -1.09834673e-05 0.0
0.000346205226 -5.50402983e-05 0.0
-0.000167324237 -4.33070891e-05 0.0
-1.98201014e-05 -5.13324594e-05 0.0
0.000236183303 -4.64625373e-05 0.0
-0.00032305732 1.84924083e-05 0.0
0.000180309726 -6.63632527e-05 0.0
-0.000291046686 -3.26459885e-05 0.0
0.000226844146 -3.40185397e-05 0.0
-0.000273917685 -3.43984393e-05 0.0
-2.067081e-05 -1.908794e-05 0.0
-0.000151615517 -4.1715346e-05 0.0
-0.000154648907 -8.21127105e-06 0.0
0.000348807953 -7.13372938e-05 0.0
0.000154125984 -6.45755354e-05 0.0
8.07973702e-05 -6.53542011e-05 0.0
-0.000231791666 -4.48105675e-06 0.0
-0.000409059867 8.98272629e-06 0.0
-9.24812848e-05 -2.99144322e-05 0.0
-0.000270455348 9.51988932e-06 0.0
5.94919438e-05 -5.82513239e-05 0.0
0.000269220502 -5.55415354e-05 0.0
-6.07703732e-05 -1.59798747e-05 0.0
0.00012101332 -3.38913342e-05 0.0
-0.000242852751 1.7790635e-05 0.0
8.43912203e-05 -2.7750888e-05 0.0
-0.000306884933 2.52575028e-05 0.0
1.21916446e-05 -3.08704257e-05 0.0
-0.000181029376 -2.02153897e-05 0.0
0.000308467395 -5.51119956e-05 0.0
-0.000189228376 -1.61592216e-05 0.0
1.29571054e-05 -4.19931348e-05 0.0
-0.000210733255 5.10452446e-06 0.0
-0.000253763603 1.6723905e-05 0.0
-0.000251950725 -9.45670308e-06 0.0
-0.000157436327 -5.87783506e-06 0.0
9.57748343e-05 -1.94722561e-05 0.0
0.00013096066 -7.38604067e-05 0.0
0.00030788139 -6.70346635e-05 0.0
-6.1070823e-05 -3.57347635e-05 0.0
-0.000174699366 -2.44640305e-05 0.0
-0.000272880949 -1.9379022e-06 0.0
2.91268607e-05 2.29801049e-06 0.0
7.22168479e-05 -3.46073502e-05 0.0
-0.00012439031 -7.61807532e-05 0.0
0.000231702841 -4.29549182e-05 0.0
-7.67146848e-05 -5.52664005e-06 0.0
-0.000107843305 -1.3259295e-05 0.0
-0.000438894087 -9.65956406e-06 0.0
-0.000142208504 -2.20723832e-05 0.0
0.000155466842 -6.49257199e-05 0.0
-0.000216149987 -1.52699113e-06 0.0
7.49333849e-05 -5.7232588e-05 0.0
2.23342286e-05 -3.16034238e-05 0.0
-1.97299341e-05 1.83824268e-05 0.0
2.37699096e-05 -3.90838104e-05 0.0
-8.39952409e-05 -1.93284795e-05 0.0
-0.000363534869 -6.22549763e-08 0.0
0.00034551174 -6.13045922e-05 0.0
-0.00016528694 1.11975187e-05 0.0
-7.20909011e-05 -1.39380682e-05 0.0
0.000227760989 -8.11590289e-05 0.0
-0.000331739342 4.5910614e-08 0.0
8.14578925e-06 -3.65763299e-05 0.0
-9.88307074e-05 4.93264497e-06 0.0
-7.38075978e-05 -4.21212317e-05 0.0
-0.000164545403 -9.79844845e-06 0.0
-0.000300522515 -5.83378687e-06 0.0
-0.000297704799 -3.30677976e-05 0.0
0.000200584676 -7.37274822e-05 0.0
3.78452978e-06 -3.65889973e-05 0.0
2.53904072e-05 -4.49842701e-05 0.0
-0.000134799862 -5.70821703e-06 0.0
-5.53933642e-05 -9.12943233e-06 0.0
0.000103046536 -4.41613556e-05 0.0
1.85966019e-05 -4.91431529e-05 0.0
-1.50624123e-06 -1.57934901e-05 0.0
-0.000353519019 1.22255678e-05 0.0
-0.000198309732 -5.11638464e-05 0.0
-0.000186372636 -1.68670067e-05 0.0
-0.000201367075 -2.27151577e-05 0.0
9.79594188e-05 -6.863819e-05 0.0
-0.000114232469 -1.3365323e-05 0.0
3.69233931e-05 -2.37998811e-05 0.0
-7.62511991e-05 -9.73908845e-06 0.0
0.000266725663 -4.99039452e-05 0.0
8.04464435e-05 -4.22039993e-05 0.0
-0.000386716827 -1.3298386e-05 0.0
7.02755324e-06 -4.95159984e-05 0.0
0.000129468943 -2.2622813e-05 0.0
3.11683289e-05 -3.71184906e-05 0.0
0.000224349395 -7.30081374e-05 0.0
-5.71835481e-05 -3.31454175e-05 0.0
9.83238569e-05 -5.8521382e-05 0.0
-0.00011142053 -1.48843001e-05 0.0
-0.000119628654 -8.23198388e-06 0.0
-6.96037091e-07 -1.21941093e-05 0.0
0.000236947526 -4.96107532e-05 0.0
-0.000436714385 -5.65745177e-06 0.0
-9.86886735e-05 -1.25697798e-05 0.0
7.14603302e-05 -6.44765969e-05 0.0
0.000343922118 -6.79944642e-05 0.0
-4.5825469e-05 -2.12589457e-05 0.0
-8.13150182e-05 -2.63385009e-05 0.0
-7.75600565e-05 -1.42086674e-05 0.0
-0.000221893497 -4.19651624e-05 0.0
-0.000217119523 -4.24483042e-05 0.0
-8.37556581e-05 -2.18627847e-05 0.0
-0.000464874669 -2.31534614e-05 0.0
4.74467379e-05 -3.69717009e-06 0.0
-5.1861316e-05 -3.74200863e-05 0.0
-1.6081005e-05 -7.07877962e-06 0.0
-0.00023870662 -2.74539561e-05 0.0
-0.00011389346 -1.12270418e-05 0.0
0.000116159172 -6.0841925e-05 0.0
-0.000294410565 -3.13554883e-05 0.0
-0.000448931532 -1.22504443e-05 0.0
6.68171633e-05 -2.22299641e-05 0.0
-0.000334377983 -3.95966017e-05 0.0
0.000185798679 -6.74591429e-05 0.0
-0.000226945704 -3.03742218e-05 0.0
-0.000105625571 -1.08498807e-05 0.0
-6.77805729e-05 -1.40987331e-05 0.0
-0.000189044702 -4.8379286e-07 0.0
-6.61038794e-05 -1.23043392e-05 0.0
-7.62314739e-05 -6.02254331e-05 0.0
-7.6612072e-05 -5.97282669e-05 0.0
-4.27515697e-05 -2.38756857e-05 0.0
-7.93727668e-05 -1.97638637e-05 0.0
-0.000205683231 6.34502157e-07 0.0
-9.57137017e-05 2.58099874e-07 0.0
-0.000160358642 -1.74882389e-05 0.0
0.000123413498 -5.79090483e-05 0.0
-0.000149299318 5.30902071e-07 0.0
-3.96387186e-05 -2.35956304e-05 0.0
0.000165692894 -5.87631257e-05 0.0
-0.000328079332 -2.64085247e-05 0.0
-0.000106128005 -3.37038523e-06 0.0
-0.000298253464 -4.77905232e-05 0.0
1.57669783e-05 -4.36343289e-05 0.0
0.000236732289 -5.87893192e-05 0.0
-4.53135945e-05 -3.64870248e-05 0.0
-0.000359088794 -2.1107584e-05 0.0
7.55936562e-05 -2.69886277e-05 0.0
0.000122476544 -4.23115016e-05 0.0
0.000112953196 -5.98940096e-05 0.0
4.75904053e-05 -5.92184479e-05 0.0
5.61104098e-05 -5.40164365e-05 0.0
-0.000447202881 -1.54997906e-05 0.0
0.000231521 -6.76772033e-05 0.0
9.10379531e-05 -5.50409641e-05 0.0
-5.70010889e-06 -1.83757911e-05 0.0
0.000239255343 -5.41013833e-05 0.0
8.21755093e-05 -5.0775132e-05 0.0
3.36650446e-05 -4.99289526e-05 0.0
7.47819431e-05 -4.5087374e-05 0.0
0.000140634336 -5.63784924e-05 0.0
-0.000443710916 -8.21433514e-06 0.0
7.80205082e-05 -6.05142595e-05 0.0
4.82360629e-05 -2.87628027e-05 0.0
-0.000166651851 -3.90218338e-05 0.0
0.000221859926 -2.6402653e-05 0.0
9.50237663e-05 -5.64650873e-05 0.0
-8.22367365e-05 -1.59412411e-05 0.0
6.77476273e-05 -5.40678811e-05 0.0
5.32331032e-05 -3.78038276e-05 0.0
-0.000142323013 -5.9689205e-06 0.0
-0.000282098947 -2.27284772e-06 0.0
-0.000450416002 -1.52653338e-05 0.0
-0.000273153128 3.92729135e-06 0.0
0.000178697504 -6.63888641e-05 0.0
4.70385066e-06 -1.34902739e-05 0.0
2.26875709e-05 -4.3088512e-05 0.0
3.81068676e-05 -5.08250887e-05 0.0
-0.000128821222 -5.29217141e-06 0.0
-0.000162331431 -9.8066937e-07 0.0
-0.000189913771 -4.47458842e-05 0.0
1.60802429e-05 -4.95408349e-05 0.0
-0.000209939593 -4.51689084e-05 0.0
6.03956287e-05 -3.77408833e-05 0.0
-0.000151261105 -5.09646816e-06 0.0
-9.96995914e-06 -1.77372513e-05 0.0
-0.000348072033 5.41340341e-06 0.0
-0.000227158453 9.51132824e-06 0.0
-0.00026358242 -3.22544802e-05 0.0
-4.20601145e-06 -4.39367614e-05 0.0
-8.04268857e-05 -2.18720106e-05 0.0
-7.86614182e-05 -2.17460092e-05 0.0
-0.000313558616 -2.58597629e-05 0.0
0.000155463713 -7.12751789e-05 0.0
-0.000162116121 -3.55169254e-06 0.0
-0.000210388287 -5.20720641e-06 0.0
8.97102145e-05 -3.64647603e-05 0.0
-8.8076602e-05 -1.42176896e-05 0.0
-1.94550466e-06 -2.99237181e-05 0.0
-0.000260619534 2.87563034e-05 0.0
0.000236935477 -6.47532361e-05 0.0
4.02506666e-05 -4.92707113e-05 0.0
5.90536365e-06 -1.81245123e-05 0.0
-0.000127741223 -1.13054266e-05 0.0
9.59426688e-05 -5.74376063e-05 0.0
-3.69762383e-05 -5.05064636e-05 0.0
-5.99610612e-05 -4.11200272e-05 0.0
8.10742058e-05 -8.83706707e-06 0.0
-0.000335766672 -3.56240616e-06 0.0
-9.21922328e-05 -1.64491539e-05 0.0
-0.000233061903 -4.50764346e-05 0.0
-7.44150166e-05 -5.73264952e-05 0.0
1.20950361e-07 -9.47632452e-06 0.0
9.25852219e-05 -6.94327173e-05 0.0
0.000197078291 -4.73825385e-05 0.0
-0.000278340012 -4.11036381e-05 0.0
-2.54020088e-05 2.07835765e-05 0.0
-0.000333907898 -2.47665794e-05 0.0
-0.000195592467 -1.45847764e-07 0.0
2.08324363e-05 -5.3079686e-05 0.0
-0.000177717578 -4.94062697e-05 0.0
-0.000170617626 -1.67545695e-05 0.0
-0.000303393841 -6.91549928e-07 0.0
-0.000364989828 -1.97508944e-05 0.0
4.13260714e-05 -5.02503972e-05 0.0
1.14514014e-05 1.19415699e-05 0.0
-0.000392197835 1.10943774e-05 0.0
-9.31584145e-05 -3.425356e-06 0.0
5.04619347e-05 -5.82888679e-05 0.0
-0.000424287282 7.48602406e-06 0.0
-8.63615332e-06 -3.94832168e-05 0.0
-0.000207606441 -1.57429058e-05 0.0
-2.28455301e-05 -2.80040695e-05 0.0
-0.000446844846 -8.49190837e-06 0.0
-0.000220733244 -1.67958297e-05 0.0
0.00023780769 -7.92103601e-05 0.0
-7.01607642e-05 -2.06705881e-05 0.0
-0.000101072932 -6.78390961e-06 0.0
-7.73780121e-05 -2.42369679e-05 0.0
1.79654398e-05 -3.54492004e-05 0.0
1.63926416e-05 3.75888453e-06 0.0
-7.94299121e-05 -1.00822735e-05 0.0
-0.000162477794 -2.56681087e-05 0.0
-0.000148957319 1.61501484e-05 0.0
0.000207827645 -5.69675612e-05 0.0
3.49359834e-05 -3.24983012e-05 0.0
-3.52602656e-05 -2.29905727e-05 0.0
3.23747408e-05 -4.57441456e-05 0.0
0.000360201841 -7.39844909e-05 0.0
1.12227262e-05 -2.24762989e-05 0.0
-5.75837767e-05 -1.77020811e-05 0.0
-0.000298616389 3.31005795e-05 0.0
-0.000164516649 -2.56044405e-05 0.0
0.000264645962 -5.63513859e-05 0.0
-0.000265015464 -3.75122909e-05 0.0
-0.000133640657 -6.22999778e-06 0.0
4.23624442e-06 -2.79039705e-05 0.0
-0.000384640181 2.49992513e-06 0.0
0.000196064415 -5.45024486e-05 0.0
0.00011611425 -4.31887602e-05 0.0
-8.1928265e-05 -7.04130798e-07 0.0
-0.000341693638 1.70640997e-05 0.0
-0.000402738428 4.83126541e-06 0.0
-0.000158555413 -9.13473468e-06 0.0
0.00015633236 -3.35507793e-05 0.0
-9.9460347e-05 -4.52534514e-05 0.0
0.000287693867 -6.35740944e-05 0.0
-8.16652246e-05 -8.47292267e-06 0.0
-2.04176049e-05 -4.46304875e-05 0.0
-0.000210790677 -2.16457574e-05 0.0
-2.54448719e-06 -2.50193698e-05 0.0
-0.000277990039 -3.4922261e-05 0.0
-0.000113583112 -1.17073305e-05 0.0
0.000100256118 -3.25815927e-05 0.0
-0.000227471406 -1.46790208e-05 0.0
-0.000190306237 -7.84368149e-06 0.0
0.000178958668 -6.50512884e-05 0.0
-0.00048793375 -1.33911872e-05 0.0
0.000165433667 -3.21258412e-05 0.0
-0.000176381276 -3.86961947e-05 0.0
0.000241877511 -6.33389282e-05 0.0
0.000355837459 -6.0359991e-05 0.0
-0.000332763855 -1.09158077e-06 0.0
-0.00018079899 -1.59751708e-05 0.0
-0.000314151199 1.01476344e-05 0.0
0.000298754399 -5.81434033e-05 0.0
-5.64819929e-05 -1.7952425e-05 0.0
0.000142596036 -4.78112888e-05 0.0
0.00035749434 -7.34315981e-05 0.0
0.000219212554 -4.60467199e-05 0.0
-0.000451896281 -2.47955086e-05 0.0
-0.000159941061 -4.18840391e-05 0.0
7.67450474e-05 -2.01259099e-05 0.0
-0.000205011223 -1.41282535e-05 0.0
-7.38601229e-05 -4.0645964e-06 0.0
-0.000106335232 -8.25840398e-05 0.0
-2.44557577e-05 -4.37911476e-05 0.0
-0.000117768686 -3.19424944e-05 0.0
-0.000371493341 1.99628198e-06 0.0
-0.000440106844 -2.07170579e-05 0.0
0.000157622504 -3.47973473e-05 0.0
-0.000353691517 2.17158504e-06 0.0
8.86852604e-07 -2.83442569e-05 0.0
-0.000352294708 -1.76569245e-06 0.0
-0.000149294356 -5.62807054e-06 0.0
-0.000176327201 -1.83015454e-05 0.0
0.00011683815 -2.3824432e-05 0.0
-0.000184366581 -1.99817787e-05 0.0
-0.000374718133 -2.8321334e-05 0.0
0.000157881572 -3.78407676e-05 0.0
-6.77629578e-05 -3.11179319e-05 0.0
4.50045235e-07 -3.98435113e-05 0.0
0.000353984622 -5.8797028e-05 0.0
-3.07183e-05 -3.75193049e-05 0.0
-8.94040641e-05 -1.141136e-05 0.0
0.000116511605 -5.63098365e-05 0.0
0.000141271928 -7.42381599e-05 0.0
-0.000305799593 -3.15458169e-06 0.0
0.000130534609 -5.73920588e-05 0.0
-0.000105526167 -1.17590871e-05 0.0
-0.000345506676 -3.8682414e-05 0.0
1.57792522e-06 -5.44522482e-05 0.0
-0.000191277009 -4.46092636e-05 0.0
-0.000121461984 -4.5468023e-05 0.0
-0.000278689695 -2.77067411e-05 0.0
0.000319836283 -5.63300964e-05 0.0
0.000244845607 -6.51479349e-05 0.0
-3.12510565e-05 -4.58181821e-05 0.0
-0.000212349696 -4.60686424e-05 0.0
-0.000249874429 -2.78023344e-05 0.0
0.000157980787 -4.31065928e-05 0.0
-7.0612281e-05 -4.304494e-05 0.0
-0.000126563071 -7.85996745e-05 0.0
-8.56760744e-06 -3.47603782e-05 0.0
0.000257368578 -7.43362252e-05 0.0
-0.000238626337 -8.54941936e-06 0.0
-0.000136860341 -4.32445013e-05 0.0
-1.78954087e-05 1.35241935e-05 0.0
7.43057244e-05 -4.7382302e-05 0.0
-0.000147026003 -4.45774058e-05 0.0
0.000120088036 -6.54957184e-05 0.0
-0.000335968187 -3.27712733e-05 0.0
-0.000165576581 6.75481715e-06 0.0
0.000246155774 -7.26607104e-05 0.0
-0.000317312602 -3.37061501e-05 0.0
0.000125398845 -1.63415334e-05 0.0
0.000132208806 -7.0949849e-05 0.0
-0.000439702184 -6.12355535e-08 0.0
0.000216829911 -4.05489445e-05 0.0
0.000242840324 -5.91904682e-05 0.0
4.95534987e-05 -5.49383221e-05 0.0
-0.000141557714 -1.31170063e-05 0.0
-0.00017031077 -1.12056578e-05 0.0
-0.000287860341 1.74390316e-05 0.0
-5.12284305e-06 5.98645556e-06 0.0
-5.13730956e-05 -2.69215489e-05 0.0
-0.000105741776 -5.11121798e-05 0.0
-0.000403812417 -3.1414118e-05 0.0
0.000167449762 -6.57369892e-05 0.0
0.000141306969 -2.72949401e-05 0.0
-0.000283402827 3.77913693e-06 0.0
-3.22789201e-05 -2.56075855e-05 0.0
-0.000223057155 -3.16784972e-05 0.0
-0.000262656773 1.42661975e-05 0.0
-3.52379107e-06 -2.73085952e-05 0.0
-4.12279551e-05 -2.30042151e-05 0.0
0.000249027828 -6.66205815e-05 0.0
-1.00458055e-05 -4.505795e-05 0.0
0.000185832614 -6.884709e-05 0.0
8.16477313e-06 -3.31099254e-05 0.0
-0.000188228165 -1.12038833e-06 0.0
-2.85365945e-06 -4.07713851e-05 0.0
0.000260134577 -4.9224629e-05 0.0
-0.000252170488 2.21199048e-06 0.0
9.78218886e-05 -4.59391704e-05 0.0
0.000111919973 -6.83917388e-05 0.0
-2.05179695e-05 -3.03544293e-05 0.0
-3.62350911e-05 2.34049567e-05 0.0
-0.000137681069 4.00952422e-06 0.0
