-0.000803154544 0.00057600555 0.0
-0.000784050499 0.000584850204 0.0
-0.000789924583 0.000588236551 0.0
-0.000800327689 0.000580585271 0.0
-7.49323874e-07 0.000559003267 0.0
3.72530189e-06 0.000550547033 0.0
1.62959459e-05 0.000543481496 0.0
-1.49612879e-05 0.000554261089 0.0
-0.0009962779 0.000543481496 0.0
-0.00100884854 0.000550547033 0.0
-0.0010133232 0.000559003267 0.0
-0.000201247691 0.000892759825 0.0
-0.000186733625 0.000853434321 0.0
-0.000174727829 0.000810731668 0.0
-0.000123599937 0.000835147628 0.0
-6.67992281e-05 2.62045296e-06 0.0
-7.88050238e-05 4.53231187e-05 0.0
-9.33190968e-05 8.46486e-05 0.0
-0.000457334565 0.000828247343 0.0
-0.000447822269 0.000841779518 0.0
-0.000436484523 0.000852201076 0.0
-0.00047429878 0.000825863739 0.0
-0.000328555936 4.40898912e-05 0.0
-0.000339893682 3.36683224e-05 0.0
-0.000349405978 2.0136149e-05 0.0
-0.000975704635 3.72760842e-05 0.0
-0.000944413943 -9.41180042e-06 0.0
-0.000959201599 4.49026038e-06 0.0
-0.000956640695 1.6943779e-05 0.0
-0.000903867651 0.000663606916 0.0
-0.000917285332 0.000671065121 0.0
-0.000933603267 0.000678238168 0.0
-0.000884378911 0.000641557272 0.0
7.897061e-05 0.000678238168 0.0
9.52885748e-05 0.000671065121 0.0
0.000108706277 0.000663606916 0.0
-0.000256147352 0.000679044286 0.0
-0.000227128898 0.000639118953 0.0
-0.000242616748 0.000652991235 0.0
-0.000242868773 0.000663644285 0.0
-0.000774903572 0.000655300857 0.0
-0.000735266891 0.000688835746 0.0
-0.000746332866 0.000674995885 0.0
-0.000763533171 0.000662737992 0.0
-0.000453644607 0.000309771975 0.0
-0.000412739231 0.00028569522 0.0
-0.000447816448 0.000309044291 0.0
-0.000419046381 0.000292884564 0.0
-9.71395784e-05 9.62835475e-05 0.0
-6.85054838e-05 9.19963131e-05 0.0
-4.55316986e-05 8.73493336e-05 0.0
-0.00011575596 0.000157666494 0.0
-9.77003874e-05 0.00012240489 0.0
-7.47278609e-05 0.000121404351 0.0
-0.00105810561 8.73493336e-05 0.0
-0.00108107936 9.19963131e-05 0.0
-0.00110971346 9.62835475e-05 0.0
-0.000188599603 0.000335092103 0.0
-0.000154100504 0.000308666436 0.0
-0.000174900037 0.000323210465 0.0
-0.000166064608 0.000314308651 0.0
-0.000250055455 0.000236573775 0.0
-0.000199304952 0.000154268666 0.0
-0.000253425445 0.000206717188 0.0
-0.000203537609 0.000184991237 0.0
-0.000461039803 0.000352135103 0.0
-0.000432007859 0.000362449209 0.0
-0.000444278703 0.000356919976 0.0
-0.000455839763 0.000347703695 0.0
-0.000920242397 0.000497847388 0.0
-0.000897406368 0.000477400579 0.0
-0.000916183693 0.000491221086 0.0
-0.000902689761 0.000480002462 0.0
-0.000367618661 0.000415204384 0.0
-0.000328959111 0.000433294161 0.0
-0.000341770385 0.000438606367 0.0
-0.000354876014 0.00042234888 0.0
-0.000605205016 0.000266112416 0.0
-0.000568523945 0.0003050378 0.0
-0.000576425868 0.000293188554 0.0
-0.000600058178 0.000274065038 0.0
-0.000107928601 0.000808111217 0.0
0.0 0.0 0.0
-0.00101257395 0.0 0.0
-0.00112050248 0.000808111217 0.0
-0.000800789916 0.000578842999 0.0
-0.000799011497 0.0005811968 0.0
-0.000797516142 0.000583329296 0.0
-0.000795827189 0.000585312839 0.0
-0.000793863554 0.000588324678 0.0
-0.000791688159 0.000591803167 0.0
-0.000790181453 0.000593641482 0.0
-0.000788544014 0.000593147706 0.0
-0.000786461693 0.000591347285 0.0
-0.000785197655 0.000589064963 0.0
-0.00078434794 0.000586966635 0.0
-0.000784293399 0.000582805427 0.0
-0.00078508415 0.000581558561 0.0
-0.000786988123 0.000580596854 0.0
-0.000789755955 0.000580043532 0.0
-0.000793418963 0.00057962467 0.0
-0.000798497116 0.000578926527 0.0
-0.000803019269 0.000576834369 0.0
-0.000807284261 0.00057509169 0.0
-0.000808644108 0.000574432139 0.0
-0.000808698591 0.000573439931 0.0
-0.000806132448 0.000574242149 0.0
-0.000794490625 0.000584912428 0.0
-1.04294918e-06 0.000556614774 0.0
2.29468391e-08 0.000553782738 0.0
9.24732467e-06 0.000547601143 0.0
1.34817628e-05 0.000545194955 0.0
1.25169408e-05 0.000543370203 0.0
8.75187015e-06 0.000542485679 0.0
5.73953093e-06 0.000542625203 0.0
2.13788212e-06 0.000544148905 0.0
-1.83286045e-06 0.000547218544 0.0
-6.31279454e-06 0.000550149765 0.0
-1.06628841e-05 0.000552676967 0.0
-1.85329791e-05 0.000555652543 0.0
-1.92799689e-05 0.000556674844 0.0
-1.68905099e-05 0.000558190804 0.0
-1.29262007e-05 0.000559524691 0.0
-9.5196001e-06 0.000560054847 0.0
-6.05240211e-06 0.000559811248 0.0
-3.51073641e-06 0.000559953391 0.0
-0.000999092124 0.000545194955 0.0
-0.00100332662 0.000547601143 0.0
-0.0010125509 0.000553782738 0.0
-0.0010136168 0.000556614774 0.0
-0.00101142179 0.000557058374 0.0
-0.00100954867 0.000554325059 0.0
-0.00100742246 0.000550545112 0.0
-0.0010049094 0.000547216681 0.0
-0.00100124953 0.000544064387 0.0
-0.000997224241 0.000542749767 0.0
-0.000993514317 0.000543572649 0.0
-0.000994621543 0.000543646107 0.0
-0.000197422967 0.000882843276 0.0
-0.000192713356 0.000869827345 0.0
-0.000181140844 0.000836724706 0.0
-0.000177243797 0.000822498929 0.0
-0.000161586868 0.000805795658 0.0
-0.000148292762 0.000803985749 0.0
-0.000136000323 0.00080462714 0.0
-0.000127655963 0.000807475531 0.0
-0.000123539139 0.000812403683 0.0
-0.000121898003 0.000818977773 0.0
-0.00012230534 0.000826835574 0.0
-0.00012637701 0.000844359107 0.0
-0.000131843321 0.000854942948 0.0
-0.000141343146 0.000865865499 0.0
-0.000154359645 0.000875609112 0.0
-0.000170238563 0.000884499808 0.0
-0.000183318232 0.000891189149 0.0
-0.000194076216 0.000893118733 0.0
-6.93152033e-05 1.43877432e-05 0.0
-7.32122353e-05 2.86135146e-05 0.0
-8.47847623e-05 6.17161277e-05 0.0
-8.9494366e-05 7.47320664e-05 0.0
-9.84219951e-05 8.16606116e-05 0.0
-0.000102898717 7.64958022e-05 0.0
-0.000106049192 6.92200047e-05 0.0
-0.000107343163 6.04579764e-05 0.0
-0.00010644961 5.23231902e-05 0.0
-0.000103379767 4.35063303e-05 0.0
-9.78100579e-05 3.24907924e-05 0.0
-8.96944548e-05 2.10297512e-05 0.0
-7.89516853e-05 1.04243554e-05 0.0
-0.000453584129 0.000834460836 0.0
-0.00044158558 0.000848071068 0.0
-0.000436467817 0.000851638208 0.0
-0.000438991585 0.000849613803 0.0
-0.000443359226 0.000847042946 0.0
-0.000451046391 0.00084273814 0.0
-0.000456484442 0.000839743996 0.0
-0.000462566793 0.000836088206 0.0
-0.000467045349 0.000832065125 0.0
-0.000470265775 0.000828499033 0.0
-0.000478498871 0.000823104347 0.0
-0.000482237578 0.000819675915 0.0
-0.000485322787 0.000816924789 0.0
-0.000487316051 0.000815220759 0.0
-0.000486156321 0.000815137755 0.0
-0.000481074967 0.000816357031 0.0
-0.000472904532 0.000819806184 0.0
-0.000464926765 0.000823282637 0.0
-0.000333656964 3.99598539e-05 0.0
-0.000345655513 2.63496477e-05 0.0
-0.000342735962 2.58116816e-05 0.0
-0.000337530975 3.15101934e-05 0.0
-0.000333786884 3.64245025e-05 0.0
-0.000331397256 4.04654893e-05 0.0
-0.000330086041 4.30474174e-05 0.0
-0.000985460938 3.64111147e-05 0.0
-0.000989608816 3.37377132e-05 0.0
-0.000989100081 3.1061034e-05 0.0
-0.000985314371 2.69500979e-05 0.0
-0.000981062301 2.29924208e-05 0.0
-0.000978103024 1.9297966e-05 0.0
-0.000973388087 1.50454498e-05 0.0
-0.000969292189 9.97828647e-06 0.0
-0.000964097911 4.53927987e-06 0.0
-0.000957849086 -9.19214585e-07 0.0
-0.000951331749 -5.66980543e-06 0.0
-0.000938608369 -1.13088381e-05 0.0
-0.000933033181 -1.19118713e-05 0.0
-0.000928536116 -1.04759656e-05 0.0
-0.000925931614 -7.69656071e-06 0.0
-0.000925853907 -4.53673874e-06 0.0
-0.000927036279 -3.15653637e-07 0.0
-0.000929850561 6.21175013e-06 0.0
-0.000936063472 1.48998934e-05 0.0
-0.000943305437 2.3375178e-05 0.0
-0.000952295435 3.07010523e-05 0.0
-0.000962928229 3.54546937e-05 0.0
-0.000958879653 9.65832623e-06 0.0
-0.000908505754 0.000666886102 0.0
-0.000927326502 0.000675236864 0.0
-0.000933647272 0.00067757949 0.0
-0.00093282148 0.000676584721 0.0
-0.000931712508 0.000674464682 0.0
-0.000928450841 0.000670957786 0.0
-0.000923161861 0.000665289408 0.0
-0.000916457444 0.000658907637 0.0
-0.000907798589 0.000652261195 0.0
-0.000897714985 0.00064674858 0.0
-0.000888321723 0.000643106643 0.0
-0.000884642999 0.000641044811 0.0
-0.000885435089 0.000641721126 0.0
-0.00088543602 0.000642807514 0.0
-0.00088586763 0.00064471201 0.0
-0.00088728359 0.000647000328 0.0
-0.000890201482 0.000649549416 0.0
-0.000893146731 0.00065221102 0.0
-0.000896694197 0.000654977921 0.0
-0.00089996407 0.000659000827 0.0
8.52473822e-05 0.000675236864 0.0
0.000104068145 0.000666886102 0.0
0.000104352519 0.000668140652 0.0
9.86794039e-05 0.000672381138 0.0
9.22737454e-05 0.000675474934 0.0
8.59735228e-05 0.000677453179 0.0
8.1010774e-05 0.000678079959 0.0
-0.000261999492 0.000681503327 0.0
-0.0002668612 0.000682023063 0.0
-0.000269782759 0.0006809716 0.0
-0.000271633733 0.000678855926 0.0
-0.000272639067 0.00067544973 0.0
-0.00027190891 0.000670655863 0.0
-0.000269126584 0.000666623237 0.0
-0.000265920768 0.000662503764 0.0
-0.000260722096 0.0006573071 0.0
-0.000253448263 0.000651583658 0.0
-0.000245118426 0.000646200497 0.0
-0.000236042979 0.000641485327 0.0
-0.000219429567 0.000637671154 0.0
-0.00021455923 0.000637224352 0.0
-0.000213660824 0.000636991754 0.0
-0.00021478851 0.000637697871 0.0
-0.00021660568 0.00063938339 0.0
-0.000218749643 0.000641823164 0.0
-0.000220689253 0.00064589968 0.0
-0.000224458141 0.000651404436 0.0
-0.000229654164 0.000657863624 0.0
-0.000235783416 0.000664717169 0.0
-0.000243047602 0.000670662266 0.0
-0.000249755831 0.000675485411 0.0
-0.000242552196 0.000658101402 0.0
-0.000767198042 0.000657650817 0.0
-0.000759161019 0.000660766789 0.0
-0.000752795429 0.000664917636 0.0
-0.00074780453 0.000669584144 0.0
-0.00074291788 0.00067492394 0.0
-0.000738824834 0.000680300815 0.0
-0.000735440932 0.000685043982 0.0
-0.000732790737 0.000688381318 0.0
-0.000730566389 0.000690176385 0.0
-0.000730810512 0.000690100132 0.0
-0.000743054785 0.000685454637 0.0
-0.000750936568 0.000681561651 0.0
-0.000758378534 0.000676055555 0.0
-0.000764356402 0.000669390371 0.0
-0.00076917588 0.000662044971 0.0
-0.000771568331 0.000656058895 0.0
-0.000773387554 0.000653018651 0.0
-0.000775795139 0.000652171497 0.0
-0.000777551264 0.00065272575 0.0
-0.000778662448 0.000653451192 0.0
-0.000754858367 0.000669225527 0.0
-0.000459470059 0.000309954077 0.0
-0.000461038522 0.000311404758 0.0
-0.000458483701 0.000312243967 0.0
-0.000454660272 0.000314147415 0.0
-0.000452172855 0.000315972778 0.0
-0.000451545377 0.000314747944 0.0
-0.000449467188 0.000309832452 0.0
-0.000446160178 0.000303155888 0.0
-0.000440793956 0.000296920422 0.0
-0.000433543726 0.000291802571 0.0
-0.000423700636 0.000287621398 0.0
-0.000404032413 0.000285284565 0.0
-0.000402462756 0.000284923444 0.0
-0.000405654398 0.000285004789 0.0
-0.000409495638 0.000285221788 0.0
-0.000413182832 0.000286732946 0.0
-0.000416975556 0.00028960919 0.0
-0.000421284669 0.000292939047 0.0
-0.000425869657 0.000297020422 0.0
-0.000431537366 0.000301408581 0.0
-0.000437993265 0.000305119029 0.0
-0.00044511247 0.000307805807 0.0
-0.000433530047 0.00030143914 0.0
-8.52152007e-05 9.4386749e-05 0.0
-5.35552681e-05 8.92363532e-05 0.0
-4.47422426e-05 9.14611301e-05 0.0
-4.49275212e-05 9.68164313e-05 0.0
-4.61920681e-05 0.000103085848 0.0
-4.85072123e-05 0.000110058056 0.0
-5.32540907e-05 0.000118618256 0.0
-6.04660672e-05 0.000128797212 0.0
-7.09018059e-05 0.000139204916 0.0
-8.48984273e-05 0.000149055893 0.0
-0.000101612161 0.000155342786 0.0
-0.000122028861 0.000157990144 0.0
-0.000122497731 0.000157574643 0.0
-0.000122711703 0.000156387818 0.0
-0.000123846374 0.00015337934 0.0
-0.000123763617 0.000148018997 0.0
-0.00012294497 0.000139545809 0.0
-0.000119852622 0.00012897671 0.0
-0.000114403374 0.000117135016 0.0
-0.000106463325 0.000105946201 0.0
-0.00106612919 8.92363532e-05 0.0
-0.00109778915 9.4386749e-05 0.0
-0.00109800801 8.82107342e-05 0.0
-0.00108423864 8.38600245e-05 0.0
-0.00107069849 8.24456438e-05 0.0
-0.0010618479 8.47241972e-05 0.0
-0.000196474604 0.000337056845 0.0
-0.000198248206 0.000337083475 0.0
-0.000195169559 0.000336084777 0.0
-0.000190844978 0.000335493358 0.0
-0.000187276761 0.00033452161 0.0
-0.000183983066 0.000332584546 0.0
-0.000180733012 0.000329343107 0.0
-0.000176177447 0.000324688328 0.0
-0.000169090417 0.000319410203 0.0
-0.000162252501 0.000315194367 0.0
-0.000157152434 0.000311030046 0.0
-0.000152786204 0.000306718255 0.0
-0.000151954024 0.000304797402 0.0
-0.000152182693 0.00030334256 0.0
-0.000153497487 0.000302548695 0.0
-0.000154926951 0.000302907691 0.0
-0.000156791095 0.000305353577 0.0
-0.000159029863 0.000310223229 0.0
-0.000161696924 0.000316029938 0.0
-0.000165972044 0.000321803556 0.0
-0.00017165071 0.000327206217 0.0
-0.000179341165 0.000331890362 0.0
-0.000171238004 0.000318193226 0.0
-0.000265505339 0.000236996057 0.0
-0.000272558769 0.000234924752 0.0
-0.000274665537 0.000231097263 0.0
-0.000276017905 0.000225543394 0.0
-0.000276032049 0.000217799097 0.0
-0.000273725978 0.000207893943 0.0
-0.000269336626 0.000196510227 0.0
-0.000261744921 0.000185162629 0.0
-0.000250994024 0.000174142231 0.0
-0.000235373998 0.000164544297 0.0
-0.000216100729 0.000157355855 0.0
-0.000191300875 0.000154911861 0.0
-0.000189262675 0.000156367882 0.0
-0.000187119993 0.000159929448 0.0
-0.000185100085 0.000166992599 0.0
-0.000183910321 0.000176221714 0.0
-0.000184568926 0.000186649384 0.0
-0.000188256628 0.00019672171 0.0
-0.000194637047 0.000206960613 0.0
-0.000204468946 0.000216923174 0.0
-0.000217177279 0.000226080942 0.0
-0.00023262079 0.000232937979 0.0
-0.000227283395 0.000195525616 0.0
-0.000460081821 0.000354520889 0.0
-0.000459236471 0.000356424454 0.0
-0.000457983755 0.000358467456 0.0
-0.000455819216 0.000359780883 0.0
-0.000452827284 0.000360270351 0.0
-0.000448908337 0.00036066887 0.0
-0.000443685072 0.000360956765 0.0
-0.000437860581 0.000361504004 0.0
-0.000432856526 0.000361365528 0.0
-0.000428817089 0.000362016814 0.0
-0.000439268624 0.000360246981 0.0
-0.000446220249 0.000355617172 0.0
-0.000451043335 0.000350440125 0.0
-0.000454045163 0.000345045264 0.0
-0.000455862406 0.000341479987 0.0
-0.00045648159 0.000341846549 0.0
-0.000458748982 0.000345528999 0.0
-0.000462231314 0.00034836441 0.0
-0.000463290402 0.000349277543 0.0
-0.000462507101 0.00035040651 0.0
-0.000449304731 0.000351846742 0.0
-0.000924579159 0.000498855952 0.0
-0.000928350317 0.000498376321 0.0
-0.000929902482 0.000496629335 0.0
-0.000926981214 0.000495840795 0.0
-0.000923748885 0.000493729895 0.0
-0.000918333826 0.00049245538 0.0
-0.000913138792 0.000490096456 0.0
-0.000907939626 0.000488292659 0.0
-0.000904613 0.000485310622 0.0
-0.000901151681 0.000483184587 0.0
-0.000899380655 0.000480725692 0.0
-0.000894523342 0.000473977329 0.0
-0.000890565047 0.000472114363 0.0
-0.000889857474 0.000471659121 0.0
-0.000889791583 0.000472554966 0.0
-0.000889610383 0.000475091976 0.0
-0.000891559175 0.000478445785 0.0
-0.000897038262 0.000482899923 0.0
-0.000903898734 0.000486118894 0.0
-0.000910764618 0.000489137077 0.0
-0.000916076126 0.000492300431 0.0
-0.000918896345 0.000495556975 0.0
-0.000909532013 0.000485251221 0.0
-0.00036026552 0.000417672331 0.0
-0.00035387199 0.000421863457 0.0
-0.000348926231 0.000426869956 0.0
-0.000345111213 0.000432660745 0.0
-0.000342255255 0.000438263669 0.0
-0.000339938997 0.00044283134 0.0
-0.000338430837 0.000445406185 0.0
-0.000337355421 0.000444904901 0.0
-0.000335882884 0.000442354591 0.0
-0.000334258395 0.000438978663 0.0
-0.000332462863 0.000436101051 0.0
-0.000326723122 0.000431211287 0.0
-0.000329555594 0.000429469976 0.0
-0.000337153615 0.000426656712 0.0
-0.000343305001 0.000422799058 0.0
-0.000348751229 0.000420006632 0.0
-0.000353456941 0.000417595642 0.0
-0.000356829143 0.000416300056 0.0
-0.000360364676 0.000415633665 0.0
-0.0003647946 0.000415114861 0.0
-0.000368367881 0.000415454211 0.0
-0.000371436327 0.000415082352 0.0
-0.000347769848 0.000430886634 0.0
-0.000600345666 0.000270155288 0.0
-0.000595179445 0.000273726357 0.0
-0.000590338837 0.000277826097 0.0
-0.000585318601 0.000283298112 0.0
-0.000582350534 0.000288061914 0.0
-0.000579913147 0.000291949225 0.0
-0.000576452876 0.000294931582 0.0
-0.000572893303 0.000296802551 0.0
-0.000569464406 0.000298846804 0.0
-0.000567130279 0.000300775835 0.0
-0.000566892268 0.000302459288 0.0
-0.000568164804 0.000304120622 0.0
-0.000569850381 0.000304801506 0.0
-0.000577216095 0.000301730761 0.0
-0.000586062204 0.000296646293 0.0
-0.000595594407 0.000290571217 0.0
-0.000604109082 0.000283988338 0.0
-0.000609268143 0.000276938663 0.0
-0.000612623582 0.000270936114 0.0
-0.000614051067 0.000266343239 0.0
-0.000614208111 0.000263514114 0.0
-0.000613601354 0.000262194721 0.0
-0.000612100412 0.000262588088 0.0
-0.000609103299 0.000263841677 0.0
-0.000586971408 0.000284741254 0.0
-9.21347164e-05 0.000789901067 0.0
-4.84119846e-05 0.000761706964 0.0
7.65379882e-05 0.000515683554 0.0
7.68068421e-05 0.000496608147 0.0
-2.16099579e-05 0.000415905059 0.0
-0.000110460212 0.000341618928 0.0
-0.000126581479 0.000312510849 0.0
-0.000114096249 0.000287704694 0.0
-6.06331341e-05 0.000255262305 0.0
-2.40477948e-06 0.000214507716 0.0
5.32609056e-06 0.000178878778 0.0
-3.46046399e-05 0.000142155768 0.0
1.17546688e-05 4.96870671e-05 0.0
2.2930466e-05 3.67219654e-05 0.0
1.83454722e-05 2.50803514e-05 0.0
4.84112388e-06 1.28054235e-05 0.0
-3.06802904e-05 1.35511327e-05 0.0
-0.000161428979 0.000144349237 0.0
-0.000223486306 0.000131114444 0.0
-0.000407655607 6.1732957e-05 0.0
-0.000450809981 6.59573707e-05 0.0
-0.00050440355 1.71012853e-05 0.0
-0.000570147065 -5.62188325e-05 0.0
-0.000630455732 -0.000113890848 0.0
-0.000661485537 -0.000121900681 0.0
-0.000695403258 -0.000116062474 0.0
-0.000730010623 -0.000102280821 0.0
-0.000760155963 -8.47793053e-05 0.0
-0.000785380194 -6.75644842e-05 0.0
-0.0008079416 -5.67228417e-05 0.0
-0.000844016962 -4.87687284e-05 0.0
-0.000879053492 -4.93271291e-05 0.0
-0.000926173758 -3.64084117e-05 0.0
-0.000962018792 -3.47989699e-05 0.0
-0.0009855791 -2.19780522e-05 0.0
-0.00100773282 1.28054235e-05 0.0
-0.000994228409 2.50803514e-05 0.0
-0.000989643391 3.67219654e-05 0.0
-0.00100081926 4.96870671e-05 0.0
-0.00104717852 0.000142155768 0.0
-0.00100724783 0.000178878778 0.0
-0.00101497862 0.000214507716 0.0
-0.00107320701 0.000255262305 0.0
-0.00112667016 0.000287704694 0.0
-0.00113915536 0.000312510849 0.0
-0.00112303416 0.000341618928 0.0
-0.00103418389 0.000415905059 0.0
-0.000935767079 0.000496608147 0.0
-0.000936035882 0.000515683554 0.0
-0.00106098584 0.000761706964 0.0
-0.00110470864 0.000789901067 0.0
-0.00109350774 0.000786133169 0.0
-0.00106994738 0.000773312233 0.0
-0.0010341024 0.000771702791 0.0
-0.000986982021 0.000758784066 0.0
-0.000951945549 0.000759342453 0.0
-0.000915870245 0.000751388376 0.0
-0.000893308839 0.000740546733 0.0
-0.000868084549 0.000723331876 0.0
-0.000837939268 0.000705830404 0.0
-0.000803331845 0.00069204875 0.0
-0.000769414124 0.000686210522 0.0
-0.000738384319 0.000694220362 0.0
-0.000678075652 0.000751892338 0.0
-0.000612332136 0.000825212512 0.0
-0.000558738597 0.000874068588 0.0
-0.000515584194 0.000869844167 0.0
-0.000331414893 0.000939225662 0.0
-0.000269357581 0.000952460454 0.0
-0.000138608884 0.00082166231 0.0
-0.000795745116 0.000585043163 0.0
-0.000792326813 0.000583350076 0.0
-0.000797539658 0.000581308675 0.0
-0.00079272053 0.000588904426 0.0
-0.000798945024 0.00058131991 0.0
-0.000788776379 0.000585209229 0.0
-0.000797436107 0.000582935289 0.0
-0.000788833539 0.000582793495 0.0
-0.000793187704 0.000581475731 0.0
-0.000794885971 0.000586719834 0.0
-0.000790243561 0.000591296353 0.0
-0.00080211286 0.000578575127 0.0
-0.000786488235 0.000586392882 0.0
-0.000802264723 0.000578137173 0.0
-0.000793116982 0.000589421426 0.0
-0.00079004775 0.000581557979 0.0
-0.000796289067 0.000584604801 0.0
-0.000786670833 0.000583533489 0.0
-0.000796475855 0.000580359832 0.0
-0.000799306144 0.00058065576 0.0
-0.00080537016 0.000576690363 0.0
-0.000787262165 0.000589647738 0.0
-0.00078842364 0.000590806885 0.0
-0.000804560201 0.000577147235 0.0
-0.000799517788 0.000579274551 0.0
-0.000791662722 0.000591193209 0.0
-0.000804413052 0.000576869817 0.0
-0.000786606339 0.000588187831 0.0
-0.000786085904 0.000584659632 0.0
-0.000800780719 0.000579009124 0.0
-0.000793806626 0.000586613955 0.0
-0.000795471831 0.000583200017 0.0
-0.000796694832 0.000583607296 0.0
-0.000791900908 0.000585211557 0.0
-1.13605347e-06 0.00054961798 0.0
-6.60420483e-06 0.000554631406 0.0
-1.0262358e-05 0.000553108228 0.0
7.41676149e-06 0.00054601318 0.0
-4.89276181e-06 0.000556911167 0.0
2.77935806e-06 0.000545884599 0.0
-2.90082471e-06 0.000548491545 0.0
-1.30923536e-05 0.000555651961 0.0
-1.41712985e-06 0.000551896112 0.0
-1.02051808e-05 0.000557215826 0.0
4.21576078e-06 0.000548691896 0.0
-3.28468263e-06 0.000554521452 0.0
-9.18216392e-06 0.000551592733 0.0
-5.77375431e-06 0.00055231445 0.0
-1.34125748e-05 0.000553641992 0.0
1.14991335e-05 0.000545026269 0.0
9.20864568e-06 0.000546642113 0.0
-7.27908719e-06 0.000558188942 0.0
-5.8799119e-06 0.000550928933 0.0
2.79749166e-08 0.000546414172 0.0
6.48528976e-06 0.000544393435 0.0
-3.13170904e-06 0.000557845924 0.0
-1.33334324e-05 0.000557551219 0.0
-2.48454171e-06 0.000555728737 0.0
-1.51235008e-05 0.000554894621 0.0
3.36897551e-06 0.000547289557 0.0
-9.3598328e-06 0.000554448226 0.0
9.50645062e-06 0.000544301467 0.0
-5.10718064e-06 0.000558601459 0.0
-7.12042447e-06 0.000556424493 0.0
-6.32258389e-06 0.000550119905 0.0
-2.32192093e-07 0.000552733836 0.0
-0.00100278552 0.000547216972 0.0
-0.0010081199 0.000550616242 0.0
-0.00101147511 0.000554888044 0.0
-0.000997748924 0.000545335351 0.0
-0.000998944393 0.000545725983 0.0
-0.00100982434 0.000552851125 0.0
-0.00100535294 0.000548309006 0.0
-0.000153230256 0.000833768281 0.0
-0.000164440818 0.000856627594 0.0
-0.00014066213 0.000842223235 0.0
-0.000180521354 0.000874471792 0.0
-0.00015941399 0.000820958405 0.0
-0.000142797944 0.000819576206 0.0
-0.000134094051 0.000830130186 0.0
-0.00016379499 0.00087194267 0.0
-0.000145875776 0.000854990503 0.0
-0.000177496055 0.000861176522 0.0
-0.00016210317 0.000847195101 0.0
-0.000166065583 0.000833546859 0.0
-0.000133113572 0.000820751127 0.0
-0.000191469429 0.000883961038 0.0
-0.000147308238 0.000838312262 0.0
-0.000135944472 0.00084732892 0.0
-0.000175875015 0.000879130792 0.0
-0.000130960034 0.000835003273 0.0
-0.000148039035 0.000813648046 0.0
-0.000152770124 0.000865798094 0.0
-0.000188264297 0.00087435171 0.0
-0.000166288868 0.000816551503 0.0
-0.00017092748 0.00082781777 0.0
-0.000153080764 0.000849924632 0.0
-0.000154565438 0.000826273521 0.0
-0.000171857522 0.000844961265 0.0
-0.000169518869 0.000866184302 0.0
-0.000156665381 0.000812307582 0.0
-0.000131356792 0.000840667926 0.0
-0.000141992845 0.000828589022 0.0
-0.000185374578 0.00088486023 0.0
-0.000158204974 0.00086098077 0.0
-8.9208319e-05 3.98650955e-05 0.0
-9.5181982e-05 5.22341034e-05 0.0
-9.56494696e-05 6.56712364e-05 0.0
-7.99945628e-05 2.14224347e-05 0.0
-9.80510813e-05 4.68746221e-05 0.0
-9.43614723e-05 7.22066252e-05 0.0
-9.93702561e-05 6.10897623e-05 0.0
-9.02665925e-05 5.71650598e-05 0.0
-8.91229429e-05 3.145749e-05 0.0
-0.000464995886 0.000831983401 0.0
-0.000454111752 0.000839748245 0.0
-0.000466756785 0.000831927406 0.0
-0.000474375352 0.000826408796 0.0
-0.000466727972 0.000827571261 0.0
-0.00045597303 0.000839171 0.0
-0.00047627918 0.000823731127 0.0
-0.000446504593 0.000844785827 0.0
-0.000446370133 0.000844902417 0.0
-0.000456047186 0.00083772029 0.0
-0.000462329161 0.000834447041 0.0
-0.000462987955 0.00083465362 0.0
-0.000471040199 0.000828885066 0.0
-0.00046026794 0.00083306263 0.0
-0.000480272342 0.000821554626 0.0
-0.000475852168 0.000821980066 0.0
-0.000448487292 0.000843121496 0.0
-0.000459631061 0.000836531573 0.0
-0.00046189726 0.00082852412 0.0
-0.000468732615 0.000830330246 0.0
-0.000472688553 0.000827084179 0.0
-0.000475122157 0.000825918221 0.0
-0.000450832624 0.000842325331 0.0
-0.000458699215 0.000837916275 0.0
-0.000467926729 0.000830975128 0.0
-0.000441786629 0.000847954536 0.0
-0.000468084007 0.000824365998 0.0
-0.000478180998 0.000823327224 0.0
-0.000469834136 0.000827596057 0.0
-0.000454683759 0.000840449764 0.0
-0.000482012227 0.00081917824 0.0
-0.000440330536 0.000849157572 0.0
-0.00047101386 0.00082894502 0.0
-0.000452236942 0.000841199304 0.0
-0.000334362092 3.835596e-05 0.0
-0.00033960992 3.14242061e-05 0.0
-0.000332407857 4.05099745e-05 0.0
-0.000341481733 2.870348e-05 0.0
-0.000972602749 1.58986986e-05 0.0
-0.000944605272 -9.02651493e-07 0.0
-0.000938684214 1.82894507e-06 0.0
-0.000977781136 2.31081303e-05 0.0
-0.000972225156 2.61845125e-05 0.0
-0.000941964216 9.71743157e-06 0.0
-0.000969243411 1.15526282e-05 0.0
-0.000946881773 -4.0288387e-06 0.0
-0.000979574048 2.16163098e-05 0.0
-0.000934998272 -4.58307113e-06 0.0
-0.000966955675 1.77689508e-05 0.0
-0.000955707568 -2.12919403e-07 0.0
-0.000959147641 2.51429192e-05 0.0
-0.000939931429 -7.47757213e-06 0.0
-0.000965930696 7.59854447e-06 0.0
-0.000973949558 1.57401919e-05 0.0
-0.000982072786 2.94914298e-05 0.0
-0.000934111013 3.68204746e-06 0.0
-0.000943917257 1.638092e-05 0.0
-0.0009836721 2.61462374e-05 0.0
-0.000931276008 -3.14573413e-06 0.0
-0.000949364039 8.61976241e-06 0.0
-0.000984568847 2.8632483e-05 0.0
-0.000935337157 -7.68110476e-06 0.0
-0.000977783347 1.96890596e-05 0.0
-0.000931443356 -5.37257336e-07 0.0
-0.000960615464 3.11199869e-06 0.0
-0.000951130176 2.21777791e-05 0.0
-0.000949604786 -4.83950134e-06 0.0
-0.000967604632 3.07263799e-05 0.0
-0.000901750696 0.000656548538 0.0
-0.000918239937 0.000667734537 0.0
-0.000900797138 0.000658095581 0.0
-0.000911046343 0.000661260216 0.0
-0.000893066637 0.000650735863 0.0
-0.000894452562 0.000649666938 0.0
-0.000909896917 0.000663565123 0.0
-0.000891262025 0.000647672859 0.0
-0.000921484083 0.000668453111 0.0
-0.000893795921 0.000652525923 0.0
-0.000901756459 0.000653522729 0.0
-0.000926496694 0.00067332352 0.0
-0.000902704487 0.000661073253 0.0
-0.000918628008 0.00066916662 0.0
-0.00090830127 0.000664111692 0.0
-0.000888876442 0.000646391942 0.0
-0.000909753493 0.000661879487 0.0
-0.000925699307 0.00067218428 0.0
-0.000902599248 0.000656091783 0.0
-0.000888796756 0.000644820742 0.0
-0.000897765043 0.000656323391 0.0
-0.000899598293 0.000655948534 0.0
-0.000896562939 0.000652791641 0.0
-0.000916165707 0.000661981816 0.0
-0.000890487107 0.000649467227 0.0
-0.000893975666 0.000648015528 0.0
-0.000920932449 0.000666422246 0.0
-0.000909559429 0.000657003606 0.0
-0.000887633534 0.000644295244 0.0
-0.000887365022 0.000643691688 0.0
-0.000912221789 0.000664303428 0.0
-0.000904426211 0.000660009566 0.0
-0.00091618899 0.000665752043 0.0
-0.000913461321 0.000666930282 0.0
-0.000897661317 0.000652908697 0.0
-0.000897227786 0.00065493962 0.0
-0.000889114104 0.000644915039 0.0
-0.000926897745 0.000672250928 0.0
-0.000894851633 0.000653708004 0.0
-0.000906101428 0.000660354912 0.0
-0.000888715556 0.000647234148 0.0
8.86192793e-05 0.000675107294 0.0
9.84857761e-05 0.000670986192 0.0
8.52120938e-05 0.000676429132 0.0
0.000101439604 0.000669602596 0.0
-0.000228815043 0.000650699192 0.0
-0.000226607386 0.000645862252 0.0
-0.000256694417 0.000670645211 0.0
-0.000258135638 0.000664373743 0.0
-0.000263553986 0.000671496149 0.0
-0.000256249972 0.000659179757 0.0
-0.000229109035 0.000644412357 0.0
-0.00022193529 0.000643973239 0.0
-0.000231910963 0.000655944343 0.0
-0.000254259154 0.000673248142 0.0
-0.000222750095 0.000646171451 0.0
-0.000264212751 0.000677497243 0.0
-0.000266163173 0.000667152985 0.0
-0.000218632398 0.000640265178 0.0
-0.000240322261 0.00066473661 0.0
-0.000247775955 0.000670674897 0.0
-0.000246978743 0.00065180799 0.0
-0.000237611574 0.000646492583 0.0
-0.000267500785 0.000670918555 0.0
-0.000263596012 0.000663785089 0.0
-0.000225611599 0.000650113449 0.0
-0.000220516493 0.00064320059 0.0
-0.000260925939 0.000677514065 0.0
-0.0002664614 0.000676341238 0.0
-0.000221350783 0.000640819431 0.0
-0.000217951674 0.00064043107 0.0
-0.000234387568 0.000660732097 0.0
-0.000254341227 0.000655031996 0.0
-0.000251493679 0.000663744751 0.0
-0.000233190614 0.000651936687 0.0
-0.000763391668 0.000662388687 0.0
-0.000746553589 0.000677675067 0.0
-0.000770248065 0.000657388766 0.0
-0.00073924585 0.000682165788 0.0
-0.000756356516 0.000665566244 0.0
-0.000753790955 0.000674515613 0.0
-0.000738919014 0.000683871214 0.0
-0.000770932762 0.000657747558 0.0
-0.000747808837 0.000672038645 0.0
-0.000762612384 0.000665963395 0.0
-0.000738032686 0.000682986225 0.0
-0.000771375024 0.00065566611 0.0
-0.000754630193 0.000670731475 0.0
-0.000755204237 0.00066804589 0.0
-0.000762530311 0.000661428377 0.0
-0.000747636193 0.000680181663 0.0
-0.000768308993 0.000658786157 0.0
-0.000741897325 0.000683434831 0.0
-0.000774625572 0.000655278156 0.0
-0.0007347262 0.000686632819 0.0
-0.000769549981 0.000657329743 0.0
-0.000767393853 0.000660584599 0.0
-0.000740286894 0.000680008845 0.0
-0.000743110082 0.000676417956 0.0
-0.000751023181 0.000668047345 0.0
-0.000759828428 0.00067145162 0.0
-0.000762322452 0.00066331774 0.0
-0.000747433689 0.000675521151 0.0
-0.000436569535 0.000302849541 0.0
-0.000442531804 0.000304365851 0.0
-0.000431522029 0.000299213221 0.0
-0.00042398111 0.00029498912 0.0
-0.000421851699 0.000293359801 0.0
-0.000413406698 0.000290663011 0.0
-0.000446065183 0.00030997704 0.0
-0.000451857282 0.000308516202 0.0
-0.000440661883 0.000304114306 0.0
-0.000434541842 0.000298225495 0.0
-0.000428565196 0.00029790838 0.0
-0.000451545173 0.000312682794 0.0
-0.000414919632 0.000289388554 0.0
-0.000444754813 0.000306479546 0.0
-0.000452353735 0.000308038201 0.0
-0.000455836154 0.000310695352 0.0
-0.000425664126 0.000295976119 0.0
-0.000414367911 0.000289812655 0.0
-0.000409037981 0.000287910283 0.0
-0.000427049439 0.000293040765 0.0
-0.000434238755 0.000301618245 0.0
-0.000429758511 0.000298944971 0.0
-0.000440805772 0.000301609805 0.0
-0.000420241413 0.000290559808 0.0
-0.000447246828 0.000306710339 0.0
-0.000423880061 0.000296265702 0.0
-0.00045424531 0.000312027085 0.0
-0.000411315705 0.000287880306 0.0
-0.000450332591 0.00031372864 0.0
-0.000416786032 0.000289652118 0.0
-0.000441573618 0.000306133938 0.0
-0.000102171864 0.000139206953 0.0
-5.64683651e-05 9.87877793e-05 0.0
-0.000111516631 0.000140495336 0.0
-9.19622471e-05 0.000138176503 0.0
-5.63149806e-05 0.000105844556 0.0
-0.000111543777 0.000131773879 0.0
-7.73471911e-05 0.000111806345 0.0
-0.000115630755 0.000149716012 0.0
-0.000109374771 0.000148740161 0.0
-9.56308795e-05 0.000107482396 0.0
-7.38628805e-05 0.000130381697 0.0
-5.95331985e-05 0.000115164024 0.0
-8.1320155e-05 0.000104492567 0.0
-6.59711659e-05 0.000107478532 0.0
-6.67678032e-05 0.000100891106 0.0
-0.000118530901 0.000149872154 0.0
-0.000114968934 0.000151279834 0.0
-0.000103364684 0.000149014028 0.0
-5.12023107e-05 9.86309533e-05 0.0
-0.000106490239 0.000119647106 0.0
-0.000119221688 0.000146714927 0.0
-0.000117858013 0.000140880351 0.0
-9.28640293e-05 0.000145674479 0.0
-8.25433963e-05 0.000139726646 0.0
-9.72848502e-05 0.000131192399 0.0
-5.2868254e-05 0.000108409251 0.0
-6.40490107e-05 0.00012257653 0.0
-0.00108897523 8.99546576e-05 0.0
-0.00107122143 8.75952901e-05 0.0
-0.00109282881 8.95479825e-05 0.0
-0.00106721069 8.64008834e-05 0.0
-0.00110183691 9.29604939e-05 0.0
-0.00106202753 8.71032826e-05 0.0
-0.000163197998 0.000313750352 0.0
-0.000181959331 0.000325807778 0.0
-0.000160236581 0.000309280993 0.0
-0.000186655801 0.00032951351 0.0
-0.000175398571 0.000324066757 0.0
-0.000167296821 0.000318094419 0.0
-0.000157112721 0.000308490446 0.0
-0.000159815201 0.000308371906 0.0
-0.000182797012 0.000329333037 0.0
-0.00018991869 0.000331209798 0.0
-0.000158306357 0.000311268494 0.0
-0.000167812716 0.000318430219 0.0
-0.000155263144 0.000305093476 0.0
-0.000182119446 0.000329068047 0.0
-0.000171797001 0.000321791449 0.0
-0.000192496867 0.000333260861 0.0
-0.000190804421 0.000333454431 0.0
-0.000187673897 0.000332538999 0.0
-0.000188491278 0.000331785879 0.0
-0.000156055277 0.000308908988 0.0
-0.000161724776 0.000314212986 0.0
-0.000173812892 0.000320214225 0.0
-0.000156337206 0.00030507418 0.0
-0.000154717549 0.000305828551 0.0
-0.000160178606 0.000309435185 0.0
-0.000180798292 0.000328971335 0.0
-0.000176809641 0.000325800997 0.0
-0.000162946599 0.000313479453 0.0
-0.000179110619 0.000324101245 0.0
-0.000170124244 0.000322742359 0.0
-0.000227923156 0.00021177216 0.0
-0.00021234421 0.000175159206 0.0
-0.000233241532 0.000180554809 0.0
-0.000251561636 0.00021937424 0.0
-0.0002527982 0.000193567466 0.0
-0.000208859215 0.000205639561 0.0
-0.000197099638 0.000168807455 0.0
-0.000238699256 0.000223223396 0.0
-0.000213162421 0.000167239137 0.0
-0.000263402646 0.000219372887 0.0
-0.000197153495 0.000191571657 0.0
-0.00021508956 0.000215696055 0.0
-0.000216799381 0.000199128088 0.0
-0.000193106112 0.000176203597 0.0
-0.000196410256 0.000162110431 0.0
-0.000263304537 0.00020165446 0.0
-0.000248640077 0.000182757547 0.0
-0.0002537244 0.000228580378 0.0
-0.000262357527 0.000229310535 0.0
-0.000266258838 0.00022700605 0.0
-0.000227099066 0.000169372914 0.0
-0.000238904744 0.000193022322 0.0
-0.000226286211 0.000222629373 0.0
-0.000200998606 0.000161376345 0.0
-0.00023895831 0.000174811517 0.0
-0.000267209311 0.000210457176 0.0
-0.00026891008 0.000217743596 0.0
-0.00019732595 0.000200117007 0.0
-0.000236889071 0.000207536927 0.0
-0.000190656719 0.000168020808 0.0
-0.000190895065 0.000183022858 0.0
-0.000447067257 0.000350270217 0.0
-0.000455742615 0.000352784962 0.0
-0.000452448265 0.000356021716 0.0
-0.000439220254 0.000355482014 0.0
-0.000458856142 0.00035058221 0.0
-0.000452734239 0.000345707056 0.0
-0.000448583189 0.000358446501 0.0
-0.000443046069 0.000353847543 0.0
-0.000457147806 0.000354592194 0.0
-0.000438410876 0.000358751277 0.0
-0.000455623143 0.000343745836 0.0
-0.00045111918 0.000347678259 0.0
-0.00046039687 0.000348988397 0.0
-0.000459691742 0.000351621304 0.0
-0.000458810217 0.000353216456 0.0
-0.000447637751 0.000351350289 0.0
-0.000437255396 0.000357627257 0.0
-0.000433906127 0.000359074882 0.0
-0.000434130576 0.000359423721 0.0
-0.00045623249 0.000356708653 0.0
-0.000454879308 0.000357904617 0.0
-0.000452577136 0.000358557969 0.0
-0.00045769132 0.000344969769 0.0
-0.000459395116 0.000347050576 0.0
-0.000445511279 0.000359404046 0.0
-0.000441311742 0.000359735772 0.0
-0.000451368542 0.00034872652 0.0
-0.000454865192 0.000350459828 0.0
-0.000900746498 0.000479929469 0.0
-0.000916013087 0.00048901909 0.0
-0.000908247894 0.000486914185 0.0
-0.000909647148 0.000485811906 0.0
-0.000897084421 0.000476644345 0.0
-0.000922239851 0.000492663588 0.0
-0.000900713494 0.000482297328 0.0
-0.000914014701 0.000491565501 0.0
-0.000903809443 0.000481627503 0.0
-0.000914990262 0.000489297614 0.0
-0.000893883291 0.000475997775 0.0
-0.000921753992 0.000493986649 0.0
-0.000907587411 0.000487594487 0.0
-0.00092215708 0.000492750492 0.0
-0.000896188198 0.000475678564 0.0
-0.000910780451 0.000487773039 0.0
-0.000907642476 0.000486218982 0.0
-0.000904928485 0.00048406623 0.0
-0.000919363694 0.000491496525 0.0
-0.000895037549 0.000478264497 0.0
-0.000893423217 0.000474615808 0.0
-0.000916139863 0.000489396276 0.0
-0.000912237447 0.000490232313 0.0
-0.000902674859 0.000484860269 0.0
-0.000900617568 0.000479427341 0.0
-0.000917583704 0.000494576641 0.0
-0.0009198935 0.000495163258 0.0
-0.000898491475 0.000477240857 0.0
-0.000909742957 0.000485001248 0.0
-0.000925374974 0.000495189335 0.0
-0.000349047099 0.000432707166 0.0
-0.000338128739 0.000433469831 0.0
-0.00035905288 0.000423640886 0.0
-0.000341263862 0.000427193154 0.0
-0.000349439593 0.000422033307 0.0
-0.00034409223 0.000437942392 0.0
-0.000336337951 0.000437853392 0.0
-0.000355855533 0.00042550909 0.0
-0.000361803861 0.000419278455 0.0
-0.000333746168 0.000431397493 0.0
-0.00034811144 0.000431040186 0.0
-0.000365552231 0.000418764743 0.0
-0.000338292302 0.000440748176 0.0
-0.000333263073 0.000435732072 0.0
-0.00034107297 0.000441681972 0.0
-0.000353801908 0.00041896425 0.0
-0.000344964792 0.000423318153 0.0
-0.000336078083 0.000428036816 0.0
-0.00033144778 0.000433388312 0.0
-0.000340448227 0.000425416394 0.0
-0.000345096341 0.000435291382 0.0
-0.000351896597 0.000426692422 0.0
-0.000361717364 0.000420468888 0.0
-0.00036635797 0.000417816831 0.0
-0.000339460414 0.000442512217 0.0
-0.000357528159 0.000417958392 0.0
-0.000360911625 0.000417413859 0.0
-0.000347398047 0.000426615909 0.0
-0.000340920727 0.000435918424 0.0
-0.000336335157 0.000440068019 0.0
-0.000352957373 0.000428509025 0.0
-0.000596388418 0.000274947233 0.0
-0.000584447058 0.000285633781 0.0
-0.0005920314 0.000284568814 0.0
-0.000576988386 0.000295745966 0.0
-0.000578484905 0.000291464559 0.0
-0.000591322198 0.000278663647 0.0
-0.000582521199 0.000293758902 0.0
-0.00057177234 0.000299005245 0.0
-0.000604033004 0.000269087468 0.0
-0.000602421758 0.000276359002 0.0
-0.000600335421 0.000270659861 0.0
-0.000596247264 0.000286202208 0.0
-0.000584191352 0.000285715301 0.0
-0.000572190678 0.000301638822 0.0
-0.000607254566 0.000269586308 0.0
-0.000607544614 0.00026731909 0.0
-0.000573585217 0.00029551817 0.0
-0.000570889504 0.000298095722 0.0
-0.000581198896 0.000289294519 0.0
-0.000587988296 0.000281454006 0.0
-0.000575939601 0.000299590145 0.0
-0.000570816221 0.00030187433 0.0
-0.00059632468 0.000273815967 0.0
-0.000603992725 0.00026816543 0.0
-0.000601848762 0.000280740234 0.0
-0.000589223404 0.000291575154 0.0
-0.000575247337 0.000294698402 0.0
-0.000609020994 0.000270682154 0.0
-0.000588487368 0.000282302673 0.0
-0.000584682799 0.000288209761 0.0
-0.000564089743 0.000549983408 0.0
-0.000657875265 0.000104200364 0.0
-0.000647036533 0.000643351057 0.0
-0.000521542679 0.000146325066 0.0
-0.000439193274 0.000479973212 0.0
-0.000604189991 0.000471619511 0.0
-0.000495030661 0.000668487337 0.0
-0.000398076081 0.000152463443 0.0
-0.000953539566 0.000516008877 0.0
-0.000588966417 0.000202059644 0.0
-0.000663928571 0.000440032833 0.0
-0.000161274918 0.000482437375 0.0
-0.000919926446 0.000132350906 0.0
-0.000396347023 0.000340799335 0.0
-0.000859076332 0.000287424074 0.0
-0.000793122745 -5.30538418e-05 0.0
-0.000682495767 0.000602785847 0.0
-0.000311728683 0.000123842809 0.0
-0.00023392553 0.000275316503 0.0
1.84817127e-05 0.000648981077 0.0
-0.000456007197 0.000333252916 0.0
-0.000471109088 0.000431772991 0.0
-0.000455246191 0.000546652533 0.0
-0.000774615561 9.19670128e-05 0.0
-0.000874768128 0.000577521569 0.0
-0.000552231446 0.00019050148 0.0
-0.000611088122 3.06431284e-05 0.0
-0.000701627519 0.000633920194 0.0
-9.76825977e-05 0.000725143414 0.0
-0.000450178632 0.00011560398 0.0
-0.000289412186 0.000288609648 0.0
-0.000209089252 0.000250692188 0.0
-0.000652210671 0.000667470391 0.0
-0.000459359377 0.000208296857 0.0
-0.000645691878 0.000462917553 0.0
-0.000418670184 0.000340643659 0.0
-0.000216541623 0.000253200997 0.0
-0.000577448693 0.000710152788 0.0
-0.000705635583 0.000559135806 0.0
-0.000400842575 0.000489921193 0.0
-0.00062313315 0.000476519694 0.0
-0.000414774404 0.000449430459 0.0
-0.000595641905 0.000621833664 0.0
-0.00019949062 0.000167033722 0.0
-0.000506312703 0.000483932643 0.0
-0.00069557043 0.000200148905 0.0
-0.000271661585 0.000117563221 0.0
-0.00100496062 0.00034746874 0.0
-0.000345521461 0.00018528018 0.0
-0.000169452818 0.000421181234 0.0
-0.000389539171 0.000759046059 0.0
-8.12308353e-05 0.000525174371 0.0
-0.00070958439 -5.95506826e-05 0.0
-0.000524740724 0.000346761721 0.0
-0.000523332099 0.000241808259 0.0
-1.42278232e-05 5.36257794e-05 0.0
-0.000449612446 0.000323020329 0.0
-0.000268898875 0.000445700658 0.0
-0.000826082542 -6.65376356e-05 0.0
-0.000917651632 0.000188907317 0.0
-0.000505091681 0.000212941959 0.0
-0.00051999971 7.38154777e-05 0.0
-0.000369230285 0.000359618716 0.0
-0.000388034998 0.000316761958 0.0
-0.000757089176 0.00022119192 0.0
-0.000588407682 0.000126172468 0.0
-0.000296512997 0.00018906052 0.0
-0.000164204612 0.000163105869 0.0
-0.000832243881 0.000714218011 0.0
-0.000857148902 0.000425164209 0.0
-0.000234354084 0.000141235592 0.0
-0.0003887903 0.000528426666 0.0
-0.00102879107 8.85495974e-05 0.0
-0.000870254124 -7.3828196e-06 0.0
-0.000189040482 0.000543563568 0.0
-0.000837014581 9.29260641e-05 0.0
-0.000528190634 0.000221950744 0.0
-0.000690064859 0.000646702596 0.0
-0.000163648641 0.000670480484 0.0
-0.000348104571 0.000643180916 0.0
-0.000812383892 0.000528495468 0.0
-0.000613923534 0.000529495475 0.0
-4.38927345e-05 0.000196544686 0.0
-0.000760846888 0.000406531006 0.0
-0.000357794343 9.1471753e-05 0.0
-0.000840331719 0.000602161046 0.0
-0.000515452353 0.000405310217 0.0
2.89260752e-05 0.000683997932 0.0
-0.000947263208 0.000592842174 0.0
-0.000842516602 0.000610560121 0.0
-0.000412415626 0.000100413876 0.0
-0.000636033132 0.000467584672 0.0
-0.000132266505 8.47854681e-05 0.0
-0.000697732496 0.000513851002 0.0
-0.000225522483 0.000314069213 0.0
-0.000598166778 0.000458704337 0.0
-0.000412351219 0.000403444225 0.0
-0.000507507531 0.000578591833 0.0
-0.000614380988 0.000156146954 0.0
-0.0007276283 0.000614768011 0.0
-0.000359142345 0.000302492554 0.0
-0.000412572001 0.000228508288 0.0
-0.000951369584 0.00051174016 0.0
-0.00040371521 0.000361448649 0.0
4.1223575e-05 0.000611462863 0.0
-0.000950413698 0.000534222752 0.0
-0.000415563554 0.000326081412 0.0
-0.000570296892 0.000245797244 0.0
-0.000727133418 0.000637351652 0.0
-0.00104005029 6.81145539e-05 0.0
-0.000772221712 1.8156361e-05 0.0
-0.000333800213 0.000701289915 0.0
-0.00012870552 0.000770966057 0.0
-5.83211477e-05 0.000752201362 0.0
-4.9154416e-05 0.000642567873 0.0
-0.00055034348 0.000845625647 0.0
-0.000257169682 0.000247168471 0.0
-0.000673221832 0.000627198431 0.0
-0.000956664444 0.000521673879 0.0
-0.00085255329 0.000544515031 0.0
-0.000104038343 0.000479091192 0.0
-0.000196903507 0.000253291335 0.0
-0.00041827606 0.00035432697 0.0
-0.000501231756 0.000513989478 0.0
-0.000997558469 0.000127099629 0.0
-0.000525485724 0.000392077636 0.0
-0.000521200127 0.00033101422 0.0
-0.000594114303 0.000720123062 0.0
-0.000657880679 0.000679362798 0.0
-0.000958841352 0.000519346679 0.0
-0.000455329573 0.000329226372 0.0
-0.000624531996 0.000591178308 0.0
-0.00039931474 0.000460857642 0.0
-0.000987058855 0.000243702758 0.0
-0.000275502942 0.000327190122 0.0
-0.00052242371 0.000460914162 0.0
-0.00073114509 0.000595466816 0.0
-0.000206219585 0.000280353939 0.0
-0.000685678155 0.00029967993 0.0
-0.000500329072 0.000772196334 0.0
-0.000768037222 -8.54623868e-05 0.0
-0.000838742242 8.46974071e-05 0.0
-0.000748834165 0.000554785249 0.0
-0.000239762128 0.000229393176 0.0
-0.00067883695 2.26532557e-05 0.0
-0.000264476868 0.000156534981 0.0
-0.000189475992 0.000220709626 0.0
-0.000740460295 0.000185606987 0.0
-0.000880936161 -3.7592803e-05 0.0
-0.000472218933 0.00016064987 0.0
-0.00100529217 5.25704418e-05 0.0
-0.000477660098 8.15175154e-05 0.0
-0.000650146918 0.000161506527 0.0
-0.00107085297 0.000330087816 0.0
-0.000325659261 7.77544556e-05 0.0
-0.000502827519 0.000337121543 0.0
-0.000200969269 0.000273421087 0.0
-0.000132338493 0.000540739042 0.0
-0.000159839459 0.000151345841 0.0
-0.000220810791 0.000234035004 0.0
-0.000308514311 0.000931785326 0.0
-0.000372589129 0.000493063882 0.0
-0.00025031346 0.000482503994 0.0
-0.000451467495 0.000457064103 0.0
-0.000979205244 1.04913515e-05 0.0
-0.000458056747 0.000389865396 0.0
-0.000864553731 0.000726861414 0.0
-0.000142391757 0.000405219616 0.0
-0.00074710371 0.000683464925 0.0
-0.000847202959 0.000609455805 0.0
-0.000308935472 0.000254658895 0.0
-3.69330883e-05 0.000161047443 0.0
-0.000836129359 0.000611861935 0.0
3.53384785e-05 0.000697941112 0.0
-0.000332672469 0.000604222529 0.0
-0.000503022631 0.000237495013 0.0
-0.000661244499 0.000570282922 0.0
-0.000981692458 4.66828569e-05 0.0
-0.00057473575 0.000662701961 0.0
-0.000175390989 0.000164886398 0.0
-7.50688705e-05 0.000544650597 0.0
-6.17108453e-05 0.000764184922 0.0
-0.000545083778 0.000404422084 0.0
-1.83896045e-05 2.95225891e-05 0.0
-0.000404609076 0.000793887884 0.0
-0.000139879339 0.00010544675 0.0
-0.000118594566 0.000800970884 0.0
-0.000878434686 0.000627044821 0.0
-0.000810517929 0.000700853416 0.0
-0.000163769815 0.000642664148 0.0
-0.000638828205 -5.09107049e-05 0.0
-0.00038756564 0.000775310386 0.0
-0.000745016965 0.000182166914 0.0
2.09237678e-05 0.000511811406 0.0
-0.000927944668 0.00044624327 0.0
-0.000720941171 0.000649596448 0.0
-0.000824709598 0.000585791015 0.0
-0.000588864321 0.000335765304 0.0
5.64777038e-05 0.000646723667 0.0
-0.000226501506 0.000390082481 0.0
-0.000439251337 0.000506588782 0.0
-0.000540607318 0.000171944688 0.0
-0.000825076422 -6.36392288e-05 0.0
-0.000466906436 0.000329983857 0.0
-0.000562344852 9.6968477e-05 0.0
-0.000629378366 0.00067149027 0.0
-9.24758278e-05 0.000657066063 0.0
-0.000427290564 0.000328597787 0.0
-0.000201672301 0.000575545651 0.0
-0.000421880191 8.65945476e-05 0.0
-0.000566653383 0.000804996176 0.0
-0.000574116595 -2.3642051e-06 0.0
-0.00038565672 0.000418665528 0.0
-0.0005091239 0.000259959983 0.0
-2.68253734e-05 0.000727034698 0.0
-0.000850080163 0.000469594233 0.0
-0.000640168786 0.000621973013 0.0
-0.000427921041 0.000138292889 0.0
-0.000492985768 0.000119685232 0.0
-0.00059699337 0.000149561514 0.0
-0.000353405165 0.000139261989 0.0
-7.70669139e-05 0.000213166553 0.0
-0.00035454554 0.000544141454 0.0
-7.13221152e-06 0.000596067577 0.0
-0.000834975799 0.000697675219 0.0
-0.000501282804 0.000244720868 0.0
-0.000640857324 0.000190972918 0.0
1.73430533e-06 5.14958265e-05 0.0
-0.000173771681 0.000241750575 0.0
-0.00105689012 0.000756982481 0.0
-0.000178790448 0.000708793697 0.0
-0.000745828263 0.000618479855 0.0
-0.000727367587 0.000528786972 0.0
-0.00105955382 8.66294431e-05 0.0
-0.000519692199 0.000326628971 0.0
-0.00029845105 0.000690182962 0.0
-0.000498933136 0.000187431506 0.0
-0.00064563076 0.00070903881 0.0
-0.000335474208 0.000374460011 0.0
-3.68568762e-05 6.37086487e-05 0.0
-0.000395224633 0.000433497276 0.0
-0.000450320484 0.000326194335 0.0
-0.000892873737 2.13986004e-05 0.0
-1.63290024e-05 0.000734520901 0.0
-0.000248850469 0.000113372269 0.0
-0.000439349446 0.00032610193 0.0
-0.000341474894 0.000784004573 0.0
-0.000758420967 -2.54145252e-05 0.0
-0.000675550138 0.000638128142 0.0
-0.000142048157 0.000139595184 0.0
-0.000810727885 0.000611270312 0.0
-0.000442716962 0.00025864091 0.0
-0.000718048657 8.76249978e-05 0.0
-0.000767652527 0.000132336485 0.0
-0.000353105395 0.00073119736 0.0
-0.000386040512 0.00038645012 0.0
-0.000693196256 0.000655022857 0.0
-0.000714929833 0.000537201297 0.0
-0.00014000776 0.000111463036 0.0
-0.000290432479 0.0004292542 0.0
-0.000765183475 0.000681078352 0.0
-0.000150977576 0.00015081685 0.0
-0.000715476053 -9.59412937e-05 0.0
-0.000960351434 0.000600199099 0.0
-0.000851806311 0.000536300126 0.0
-0.000790393678 0.000380191457 0.0
-0.000600035826 0.000717653311 0.0
-0.000302156201 0.00015900658 0.0
-0.000180230054 0.000219455265 0.0
-0.000375122152 0.00029495373 0.0
-9.24139895e-05 0.000777293521 0.0
-0.000604519155 0.000756284455 0.0
-0.000977035961 0.000163389428 0.0
-0.000557755178 0.000510130893 0.0
-5.12421902e-05 0.000229341487 0.0
-0.000729892286 0.000692115515 0.0
-0.000365988904 0.000843330869 0.0
-0.00054766587 0.00040153446 0.0
-0.000445514132 0.000612936623 0.0
-0.00050023658 0.000335116114 0.0
-0.000338987447 0.000220307586 0.0
-0.000163257122 0.000160359865 0.0
-0.000156457856 0.000785153417 0.0
-0.00106187142 0.00010721376 0.0
-0.000748104067 0.000561338151 0.0
-0.000418733543 0.000478317816 0.0
5.8694397e-05 0.000605539128 0.0
-0.000364030682 0.000300729938 0.0
-0.000454887195 0.000330357463 0.0
-0.000342932937 0.000263668626 0.0
-0.000972369045 0.000519538822 0.0
-0.000977976248 0.000535395055 0.0
-0.000285310845 0.000201435221 0.0
-0.000974399562 -6.87591955e-06 0.0
-2.07841254e-07 5.92448851e-05 0.0
-0.000602524611 0.000447805913 0.0
-0.0001103209 8.23764058e-05 0.0
-0.0008217984 0.000449998479 0.0
-0.000676541124 0.000506067125 0.0
-0.000531510392 0.000776965346 0.0
-0.000918280333 0.000375013507 0.0
-0.00105053058 6.58754434e-05 0.0
-0.000607799215 0.000804903568 0.0
-0.00105671014 0.000281020766 0.0
-0.000366575288 0.000738436065 0.0
-0.000832196092 0.00045682065 0.0
-0.000238087843 0.000150201158 0.0
-0.000421799807 0.000323574379 0.0
-0.000425592298 0.000183176933 0.0
-0.000750194013 0.00063601369 0.0
-0.000831742189 0.000617729092 0.0
-0.000901053194 0.000707797881 0.0
-0.000410850364 0.000341856154 0.0
-0.000513308391 0.000399824756 0.0
-0.000372863899 6.55606855e-05 0.0
-0.00018521749 0.000181641575 0.0
-0.000516119704 0.000322701264 0.0
-0.000402729929 0.00069977087 0.0
-0.000273343117 0.000100614277 0.0
-0.000431870634 0.000341532053 0.0
-0.000201762377 0.000446743798 0.0
-0.000849557749 0.000169143619 0.0
-0.000203500953 0.000172985237 0.0
-0.00105735543 0.000375641976 0.0
-0.000431247841 0.000428851665 0.0
-7.83960568e-05 0.000563936192 0.0
-0.000649212277 0.000519207621 0.0
-0.00096548174 0.000206164666 0.0
-0.000144574879 0.000218243862 0.0
-0.000513238308 0.000853670121 0.0
-0.000335214194 0.000505049946 0.0
-0.000470936211 0.000484892953 0.0
-0.000614244142 0.000664371531 0.0
-0.000918796519 -1.18994067e-05 0.0
-8.32965452e-05 0.000475287234 0.0
-0.00021797813 0.000332855852 0.0
-0.000140015778 0.000128775049 0.0
-0.000112694965 0.000596809899 0.0
-0.000196414927 0.000282176072 0.0
-0.000664619787 0.000649637252 0.0
-0.000194371751 0.000277312123 0.0
-0.000457256712 0.000808927638 0.0
-0.000889984018 -2.28959561e-05 0.0
-0.000381520047 0.000465904013 0.0
-0.000667448447 0.000747344689 0.0
-0.000836901425 0.000543907925 0.0
2.48139386e-05 0.000482446078 0.0
-0.000528986158 0.000709063606 0.0
-0.000332742988 0.000261356094 0.0
-0.000541519606 0.000626636611 0.0
-0.000222048198 0.000258372456 0.0
-0.000380346493 0.000239766712 0.0
-0.000641093124 8.48914351e-05 0.0
-0.000920368591 -1.67970866e-05 0.0
-0.000630820461 0.000257655425 0.0
-0.000373064773 0.000782343268 0.0
-0.000149220126 0.000161048622 0.0
-0.000747787883 0.000680163095 0.0
-0.000567881041 0.000585768081 0.0
-0.000654657546 0.000481497787 0.0
-0.000305206486 7.22578043e-05 0.0
-0.000909153314 0.000510454236 0.0
-0.000764220837 0.000678887067 0.0
-0.000971930742 0.000557426887 0.0
-0.000259039312 0.000344714499 0.0
-0.000544497743 0.000317440368 0.0
-0.000134368645 0.000109483044 0.0
-0.000752811087 -6.78612269e-05 0.0
-0.000387323933 6.2146355e-05 0.0
-0.000657408556 0.000249385339 0.0
-0.000610872929 0.000555599749 0.0
-0.000264027825 0.000181599127 0.0
-0.000289709482 0.000225462587 0.0
-0.00082970853 0.000224814939 0.0
-0.00028734596 0.000653737574 0.0
-0.000379300996 0.000182817239 0.0
-0.000548924436 0.000266683201 0.0
-0.000307145412 0.000451746891 0.0
-0.000491044659 0.00036075298 0.0
-0.000342514308 0.000322311709 0.0
-0.000443138677 8.46252078e-05 0.0
-4.99208145e-05 0.000517949753 0.0
-0.000617808313 0.000641922874 0.0
-0.000217878784 0.000216409855 0.0
-0.000290674099 0.000112069225 0.0
-0.000196510911 0.000304650079 0.0
-0.000849834527 0.000723527337 0.0
-0.000825432944 0.00067118142 0.0
-6.70914887e-05 0.000163761288 0.0
-0.000816002663 3.31132542e-05 0.0
-0.000248434546 0.000159912175 0.0
-0.000951444847 0.00052172289 0.0
-0.000835296407 0.000629539078 0.0
-0.000186000616 0.000188016056 0.0
-0.000412088615 0.000497102737 0.0
-0.00013201627 0.000571832992 0.0
-0.000968543813 0.000428926694 0.0
-3.53760479e-05 3.84698033e-05 0.0
-0.000916762336 0.000225888594 0.0
-0.000390286383 0.000108583787 0.0
-0.000485842378 0.000460189534 0.0
-0.00091201131 0.000629969931 0.0
-0.0004738321 0.000254141662 0.0
-0.000711387256 0.000154846814 0.0
-0.000933493371 0.000155169837 0.0
-0.000382687373 0.00044351921 0.0
-2.37518507e-05 7.82247735e-05 0.0
-0.000782608229 -8.24030358e-05 0.0
-0.000758229115 0.000601450098 0.0
-0.000428287516 0.000465078658 0.0
-0.000853300095 -4.39533724e-05 0.0
-0.000415197719 0.000361993007 0.0
-0.000538961729 0.000222690185 0.0
-0.00038097467 0.000339434133 0.0
-0.000884326408 -2.96967082e-05 0.0
-0.000561071443 0.000192930573 0.0
-0.000292156328 0.000692821341 0.0
-0.000768791069 0.000630051363 0.0
-0.000758893206 0.000581220724 0.0
-0.000570535252 0.000428933796 0.0
-0.000362415885 0.000396473071 0.0
-3.50109019e-07 3.69906047e-05 0.0
-0.000411082437 0.000317950908 0.0
-0.0004819163 0.000259030989 0.0
-0.000208772239 0.000152049324 0.0
-0.00013207247 0.000393073744 0.0
-0.000262967282 0.000284522539 0.0
-0.00069667527 0.000618503895 0.0
-0.000699865399 0.000666966836 0.0
7.04821286e-05 0.000668465917 0.0
-0.000237106578 0.000217688474 0.0
-0.000400549441 0.000329062954 0.0
-0.000525994692 2.75168877e-05 0.0
-0.000487193116 0.000263433903 0.0
-0.000106715757 0.000629115442 0.0
-0.000962951395 0.000469355087 0.0
-0.000575560029 0.000371283328 0.0
-0.000393663271 0.000399029406 0.0
-0.000916184217 -8.21435242e-06 0.0
-0.000113852919 0.000500971859 0.0
-0.000239150497 0.000583702349 0.0
-0.000140636548 0.000132003232 0.0
-0.00067824329 -9.40606697e-05 0.0
-0.000876904291 -4.35909933e-05 0.0
-0.000731054402 0.000443972152 0.0
-0.000140577671 0.000306773145 0.0
-0.000821438385 0.000593346194 0.0
-4.024999e-05 0.000593837933 0.0
-0.000400285091 0.000311433425 0.0
-0.000582476147 0.000486041681 0.0
-0.000829116325 0.000425903359 0.0
-0.000276616716 0.000232923543 0.0
-0.000701323035 0.000182309988 0.0
-0.000715643924 0.00052231329 0.0
-0.000263344846 0.00049932464 0.0
-0.000572599703 0.000196413457 0.0
-0.0004794579 0.000225729018 0.0
-0.000189042796 0.000368552282 0.0
-0.000994527247 -2.31346462e-06 0.0
-0.000140571501 0.00032043815 0.0
-0.000867873547 0.000516810687 0.0
-0.000202708441 0.000748877297 0.0
-0.000122485188 0.000809427118 0.0
-0.000795922359 0.00015974656 0.0
-0.000623906613 0.000314504607 0.0
-0.000661579601 -1.38547248e-05 0.0
-2.83695426e-05 0.000682692567 0.0
-0.000358253368 0.000293493737 0.0
-0.000218723595 0.000471070147 0.0
7.58632159e-05 0.000639901322 0.0
-3.67137545e-05 0.000476756482 0.0
-0.000974886061 2.49133318e-05 0.0
-0.000850404613 0.000602226297 0.0
-0.000112256326 0.000181580195 0.0
-0.000524599978 0.00020852148 0.0
-0.000176111571 0.000175665642 0.0
-0.00105169124 0.00075320201 0.0
-0.000554668193 0.000444148143 0.0
-0.00049091893 0.000331151125 0.0
-0.000825769908 -5.83190958e-05 0.0
-0.00102663226 5.82665562e-05 0.0
-0.000134355971 0.000302555592 0.0
-0.000870765594 8.14804807e-05 0.0
-0.000716922164 0.000656752381 0.0
-0.000827194366 -2.77407453e-05 0.0
-0.000725251797 0.000496960827 0.0
-0.000508560566 0.000281244196 0.0
-8.48967102e-05 0.000241508693 0.0
-0.00083517126 0.000550566765 0.0
-0.000971152331 9.47472654e-05 0.0
-0.000170891028 0.000578102423 0.0
-0.000787503668 0.000622087973 0.0
-0.000397500611 0.000378880621 0.0
-8.28553966e-05 0.000778894173 0.0
-0.000486791774 0.000377944845 0.0
-0.000209457867 0.000178667615 0.0
-0.00046083433 0.000741618045 0.0
-0.000324635213 0.000581442611 0.0
-0.000710372871 4.50975094e-05 0.0
-0.000249324541 0.000397482596 0.0
-0.000332553638 0.000228089193 0.0
-0.000932649826 4.13362504e-05 0.0
-0.000790029939 0.000684846484 0.0
-0.000925753033 0.000568216841 0.0
-0.000831929559 0.000604224624 0.0
-0.000780332659 0.000355150201 0.0
-2.68790936e-05 0.000734541973 0.0
-4.30286273e-05 0.000533883984 0.0
-0.000800702372 0.000694120885 0.0
-0.000984487124 0.00056990853 0.0
-0.000692564703 0.000348556117 0.0
-0.000160954383 0.000508878496 0.0
-0.000859546533 0.0007001544 0.0
-0.00109663745 0.000787864148 0.0
-0.000418131618 0.000368861627 0.0
-0.000234617619 0.000899556617 0.0
-0.000566051924 0.000163577031 0.0
-0.000815346953 0.000592702767 0.0
-5.380109e-05 7.78752947e-05 0.0
-0.00021574166 0.000284420501 0.0
-0.000864823 0.000632512616 0.0
-0.000379694044 0.000588298426 0.0
-0.000874877733 0.000119414304 0.0
-0.000270055345 9.3626426e-05 0.0
-0.000252875994 0.000706335763 0.0
-0.00097928429 0.000304953457 0.0
-1.5799309e-05 0.000198597671 0.0
-0.000342057931 0.000545541698 0.0
-0.000862671062 -3.53195537e-05 0.0
-0.000208325349 0.00066182611 0.0
-0.000180727817 0.000780472183 0.0
-0.000520231668 0.000550787256 0.0
-0.0005215524 0.000324358436 0.0
-0.000805285759 0.000564101443 0.0
-0.00056562695 5.20660033e-05 0.0
-1.07209944e-05 1.48090767e-05 0.0
-0.000694699469 0.000582099135 0.0
-0.000862574321 0.00061819749 0.0
-0.00101452402 5.48583776e-05 0.0
-0.000309570751 0.000719331903 0.0
-8.73171011e-05 0.000256369385 0.0
-0.000617579499 7.34752903e-05 0.0
-0.000319866202 0.000256340165 0.0
-0.000673014147 0.000354664109 0.0
-0.000526178861 0.000110116373 0.0
-0.000698253745 0.000644616084 0.0
-0.000382936676 0.000324514695 0.0
-0.000187543425 0.000777818495 0.0
-0.000504172931 0.000423647958 0.0
-0.000350749498 0.00074598426 0.0
-0.00038420636 0.000406312378 0.0
-0.000347802968 6.06000322e-05 0.0
-0.000410132954 0.000375750154 0.0
-0.000117845579 0.000812011247 0.0
-0.00055353198 0.000134602698 0.0
-0.00028778665 0.000410969806 0.0
-0.000394447823 0.000548151904 0.0
-0.000394965347 0.000358129124 0.0
-4.52271124e-05 2.16091685e-05 0.0
-0.00022815667 0.000139121621 0.0
