-0.00129275466 0.000147655752 0.0
-0.00126750406 0.000102149213 0.0
-0.000607487396 0.000144802645 0.0
-0.000515124993 0.000140690841 0.0
-0.000588439812 0.000183183525 0.0
-0.00143941981 0.000140690841 0.0
-0.00153178221 0.000144802645 0.0
-0.000977798714 0.000297508581 0.0
-0.00095074845 0.000176899979 0.0
-0.000856559142 0.000230187594 0.0
-6.35010729e-05 -4.32576126e-05 0.0
-9.05513516e-05 7.73509819e-05 0.0
-0.00116135913 0.000321371277 0.0
-0.00114104711 0.000260902714 0.0
-0.00105947116 0.000290597265 0.0
-0.000253799692 4.07451116e-05 0.0
-0.000274111779 0.000101213678 0.0
-0.000993883586 -1.69101222e-05 0.0
-0.000956337375 -6.7537454e-05 0.0
-0.00151577708 0.000179071852 0.0
-0.00159902161 0.000186265723 0.0
-0.00152038084 9.80989789e-05 0.0
-0.000674726791 0.000186265723 0.0
-0.00059148221 0.000179071852 0.0
-0.000860558066 0.000269277167 0.0
-0.000824551971 0.000142929537 0.0
-0.00141453417 0.000152485751 0.0
-0.00137623993 0.00013183555 0.0
-0.000689668872 0.000125148421 0.0
-0.000641725608 5.68867035e-05 0.0
-0.000244306866 -2.98577943e-05 0.0
-0.000151753004 -2.94924466e-05 0.0
-0.000245511066 8.09521298e-05 0.0
-0.00107604777 -2.94924466e-05 0.0
-0.00116860168 -2.98577943e-05 0.0
-0.000541576999 0.000145070997 0.0
-0.000505114323 3.90991627e-05 0.0
-0.00042059127 0.000143146128 0.0
-0.000362154766 2.70228647e-05 0.0
-0.000827348384 0.000116207055 0.0
-0.000798610214 7.1856979e-05 0.0
-0.00133013912 0.000145880389 0.0
-0.0013009283 5.02080038e-05 0.0
-0.000710679451 0.000187475933 0.0
-0.000669768662 0.000143711717 0.0
-0.000930646551 1.8704286e-05 0.0
-0.000891381234 1.28191195e-05 0.0
-0.000887247385 0.000220157599 0.0
0.0 0.0 0.0
-0.000924294814 0.0 0.0
-0.0018115422 0.000220157599 0.0
-0.00130167161 0.000147152678 0.0
-0.00131021254 0.00014426971 0.0
-0.00131679559 0.000140543067 0.0
-0.00132029969 0.000136623086 0.0
-0.00132082438 0.000132964531 0.0
-0.00131898385 0.000129314838 0.0
-0.00131558126 0.000123850405 0.0
-0.0013092201 0.000116895331 0.0
-0.00129965448 0.000110203939 0.0
-0.00128919305 0.000105405532 0.0
-0.00127825781 0.000102747072 0.0
-0.00125761342 0.000103754835 0.0
-0.00124925131 0.000107380227 0.0
-0.00124358188 0.000112298723 0.0
-0.00124103203 0.000117444622 0.0
-0.00124171772 0.000122755053 0.0
-0.00124634267 0.000127750274 0.0
-0.00125255238 0.000131395384 0.0
-0.00126000901 0.000134517177 0.0
-0.00126728194 0.000139103344 0.0
-0.00127557025 0.000143007856 0.0
-0.00128390733 0.000146405189 0.0
-0.000519193651 0.00014502932 0.0
-0.000524155912 0.00014936486 0.0
-0.000529785408 0.000155660004 0.0
-0.000537965971 0.000163470584 0.0
-0.000548123906 0.000171760359 0.0
-0.000560501881 0.000178126371 0.0
-0.000574068341 0.000182094605 0.0
-0.000601063715 0.000182529257 0.0
-0.000610172749 0.000180474613 0.0
-0.00061580952 0.000176920483 0.0
-0.000618294289 0.000171529158 0.0
-0.000618939986 0.000164513665 0.0
-0.000617097772 0.000157030037 0.0
-0.00061314262 0.00015080809 0.0
-0.00152473967 0.000137004128 0.0
-0.00151522795 0.000129014457 0.0
-0.00150274672 0.000121685865 0.0
-0.00148843729 0.000117809548 0.0
-0.00147275545 0.000117459538 0.0
-0.00145695626 0.000121496996 0.0
-0.00144256104 0.000129477427 0.0
-0.00143908279 0.000136239716 0.0
-0.000928192167 0.000173123582 0.0
-0.000906101312 0.000173507797 0.0
-0.000885972288 0.000176973699 0.0
-0.000871028809 0.000183291006 0.0
-0.000861482171 0.000192808031 0.0
-0.000856255065 0.000204666241 0.0
-0.000854823622 0.000217650551 0.0
-0.000861608831 0.000242416732 0.0
-0.000870201038 0.000256177853 0.0
-0.000883938686 0.000270854478 0.0
-0.000902341038 0.000284257112 0.0
-0.000923919957 0.000294694968 0.0
-0.000943803228 0.000300463405 0.0
-0.000962087011 0.000301059248 0.0
-0.000104712512 6.9794376e-05 0.0
-0.000116822266 5.8906222e-05 0.0
-0.00012524765 4.61752716e-05 0.0
-0.000128932967 3.30552284e-05 0.0
-0.00012779051 2.0908923e-05 0.0
-0.000123111793 8.58716339e-06 0.0
-0.000114299786 -6.71029284e-06 0.0
-0.000101163896 -2.19338999e-05 0.0
-8.35832907e-05 -3.47416535e-05 0.0
-0.00112641288 0.00025294433 0.0
-0.00111141359 0.000247432123 0.0
-0.00109714211 0.000245262374 0.0
-0.00108463597 0.000246135285 0.0
-0.00107141933 0.000252326397 0.0
-0.00106145453 0.000260911242 0.0
-0.00105602527 0.000270433957 0.0
-0.00105495309 0.000280219596 0.0
-0.00106751104 0.000300695334 0.0
-0.00107808888 0.000309476949 0.0
-0.0010913118 0.000317303318 0.0
-0.0011060203 0.00032380654 0.0
-0.00112018886 0.000328593742 0.0
-0.00113309827 0.000330549694 0.0
-0.00114393723 0.000330319599 0.0
-0.00115336524 0.000326847192 0.0
-0.000280174718 9.30717943e-05 0.0
-0.000283072994 8.33098966e-05 0.0
-0.000282232388 7.26123253e-05 0.0
-0.000276858918 6.16175239e-05 0.0
-0.000267338561 5.08279882e-05 0.0
-0.00100731 -2.00250925e-05 0.0
-0.0010131842 -2.40498266e-05 0.0
-0.00101303076 -2.65727576e-05 0.0
-0.00100992213 -3.06254769e-05 0.0
-0.00100605423 -3.48066351e-05 0.0
-0.00100214535 -3.86672327e-05 0.0
-0.000996501185 -4.20638717e-05 0.0
-0.000991246896 -4.73996588e-05 0.0
-0.000984962797 -5.33652164e-05 0.0
-0.000976473384 -5.96084028e-05 0.0
-0.000966656371 -6.47317502e-05 0.0
-0.000946748303 -6.79386503e-05 0.0
-0.00093809393 -6.63006067e-05 0.0
-0.000931545335 -6.30024879e-05 0.0
-0.000927537563 -5.87391078e-05 0.0
-0.000926616602 -5.42119342e-05 0.0
-0.000927223999 -4.86443278e-05 0.0
-0.000929912843 -4.08357628e-05 0.0
-0.000937474135 -3.16577716e-05 0.0
-0.00094773242 -2.35294974e-05 0.0
-0.000960789912 -1.78457685e-05 0.0
-0.000976233219 -1.54535865e-05 0.0
-0.00160557241 0.000179407332 0.0
-0.00160927791 0.000170810818 0.0
-0.00161053496 0.000160241965 0.0
-0.00160725857 0.000148131599 0.0
-0.00159910356 0.00013468173 0.0
-0.00158688077 0.000121945654 0.0
-0.00157093478 0.000111401496 0.0
-0.00155294174 0.000103512561 0.0
-0.00153496466 9.90035915e-05 0.0
-0.00150895119 0.000100494595 0.0
-0.00149834529 0.000106106774 0.0
-0.00148894545 0.000113426315 0.0
-0.0014827241 0.000121640711 0.0
-0.00148082932 0.000130554006 0.0
-0.001482944 0.000140148491 0.0
-0.00148726173 0.000150080639 0.0
-0.0014941449 0.000159063755 0.0
-0.0015032331 0.00016911306 0.0
-0.000605532259 0.000186921447 0.0
-0.000621619401 0.000191871484 0.0
-0.000638179365 0.000193590211 0.0
-0.000653342635 0.000192655571 0.0
-0.000665941683 0.000190005667 0.0
-0.000879934873 0.000267761527 0.0
-0.000898124592 0.000261311536 0.0
-0.000913775584 0.000251331337 0.0
-0.000923780608 0.000239331639 0.0
-0.000928772788 0.000226872216 0.0
-0.000927662069 0.000213736363 0.0
-0.000922523381 0.000202030395 0.0
-0.000915395853 0.000189885977 0.0
-0.000903862878 0.000176584857 0.0
-0.000887903501 0.000163222299 0.0
-0.000868127856 0.000152466091 0.0
-0.000846478215 0.00014535262 0.0
-0.000804606418 0.000144253354 0.0
-0.000788694131 0.000148594569 0.0
-0.000777844689 0.000154681271 0.0
-0.000770672632 0.000164253303 0.0
-0.000766656536 0.000175865469 0.0
-0.000765820267 0.000188524718 0.0
-0.000768225116 0.000202641051 0.0
-0.000775304565 0.000218188157 0.0
-0.000787103898 0.000234052946 0.0
-0.000802528753 0.000248345197 0.0
-0.000820951653 0.000259240885 0.0
-0.000840581371 0.000266344316 0.0
-0.00141749112 0.000152172099 0.0
-0.00141916075 0.000150701759 0.0
-0.00142042001 0.000148663807 0.0
-0.00142016413 0.000146244754 0.0
-0.00141743326 0.000143967045 0.0
-0.00141282252 0.000141388606 0.0
-0.00140597788 0.00013908188 0.0
-0.00139830064 0.00013702533 0.0
-0.00138935435 0.000134934933 0.0
-0.00138172857 0.000133074689 0.0
-0.00137310766 0.000130803208 0.0
-0.00137095153 0.000131130641 0.0
-0.00137023674 0.000131637658 0.0
-0.00137050333 0.00013224782 0.0
-0.00137241022 0.000133406866 0.0
-0.00137517415 0.000136303308 0.0
-0.00138074555 0.000141245531 0.0
-0.00138990139 0.00014611824 0.0
-0.00139937142 0.000149469823 0.0
-0.00140858954 0.00015120038 0.0
-0.000704296166 0.000123051301 0.0
-0.000713594491 0.000121733057 0.0
-0.000718746101 0.000117468902 0.0
-0.000721341523 0.000111521324 0.0
-0.00072292937 0.000103135608 0.0
-0.000722312776 9.4211573e-05 0.0
-0.00071757572 8.45080212e-05 0.0
-0.000708494626 7.44750359e-05 0.0
-0.000695612805 6.69384463e-05 0.0
-0.000680339232 6.12471558e-05 0.0
-0.000661658996 5.70810735e-05 0.0
-0.00062505086 5.88350194e-05 0.0
-0.00061629992 6.16065154e-05 0.0
-0.000613063807 6.5768545e-05 0.0
-0.000611367752 7.19945892e-05 0.0
-0.000611955009 8.01149145e-05 0.0
-0.000615048222 8.93610995e-05 0.0
-0.000621502812 9.85279548e-05 0.0
-0.000630757248 0.000107151005 0.0
-0.000642930623 0.000114307826 0.0
-0.000656806864 0.000120244593 0.0
-0.0006725805 0.000123863705 0.0
-0.000146736333 -2.20068068e-05 0.0
-0.00014297491 -1.20775439e-05 0.0
-0.000141631506 -2.95836799e-07 0.0
-0.000143197758 1.27862922e-05 0.0
-0.000149369502 2.73911719e-05 0.0
-0.000161146731 4.37547787e-05 0.0
-0.000178547474 5.88699477e-05 0.0
-0.000200020688 7.10382228e-05 0.0
-0.000223917523 7.85362063e-05 0.0
-0.000260389148 7.9828118e-05 0.0
-0.000269542739 7.63299176e-05 0.0
-0.000277532527 7.00352321e-05 0.0
-0.000284770242 6.04690322e-05 0.0
-0.000289375923 4.7628826e-05 0.0
-0.000290067313 3.19338578e-05 0.0
-0.000285566959 1.47961155e-05 0.0
-0.000276065199 -2.69370048e-06 0.0
-0.000261823414 -1.78561659e-05 0.0
-0.00114772946 -3.8413913e-05 0.0
-0.00112424628 -4.1084324e-05 0.0
-0.00110176718 -4.02635451e-05 0.0
-0.00108515518 -3.51610652e-05 0.0
-0.000561225403 0.000143084486 0.0
-0.000573195226 0.00013815095 0.0
-0.000578510808 0.000130472064 0.0
-0.000581294822 0.00012113143 0.0
-0.00058224902 0.000110842688 0.0
-0.000580236781 9.95959999e-05 0.0
-0.000575151935 8.73956087e-05 0.0
-0.000566029339 7.36530928e-05 0.0
-0.000552409212 6.01999236e-05 0.0
-0.000536709849 4.97718975e-05 0.0
-0.000520679692 4.24083955e-05 0.0
-0.000490504957 3.94329181e-05 0.0
-0.000476798275 4.28755702e-05 0.0
-0.00046546568 4.94278793e-05 0.0
-0.000457437069 5.8928661e-05 0.0
-0.000452940178 7.0926777e-05 0.0
-0.000452815439 8.5323416e-05 0.0
-0.000457382353 0.000101118858 0.0
-0.00046663027 0.00011587183 0.0
-0.000480487623 0.000128236483 0.0
-0.000498372596 0.000137752999 0.0
-0.000518908084 0.000143744342 0.0
-0.000442556397 0.000140862656 0.0
-0.000455077272 0.000136686387 0.0
-0.00046214895 0.00013010198 0.0
-0.000467152306 0.000120801495 0.0
-0.00046911824 0.000108929824 0.0
-0.000467279489 9.47493027e-05 0.0
-0.000461427058 7.8826255e-05 0.0
-0.000449967541 6.35558608e-05 0.0
-0.000433333946 4.93394109e-05 0.0
-0.000411160872 3.79432204e-05 0.0
-0.000385807274 2.98153209e-05 0.0
-0.00034579882 2.93028479e-05 0.0
-0.000335158722 3.46448323e-05 0.0
-0.000325632165 4.34925823e-05 0.0
-0.000318219973 5.55446859e-05 0.0
-0.000314934412 6.89696462e-05 0.0
-0.000316118472 8.3377643e-05 0.0
-0.000322934851 9.78891912e-05 0.0
-0.000334350829 0.000112215501 0.0
-0.000350847607 0.000124913437 0.0
-0.000371652044 0.000135264723 0.0
-0.000395669311 0.000141356679 0.0
-0.000838091481 0.000115296469 0.0
-0.000847458025 0.000112133632 0.0
-0.000854278216 0.000107456777 0.0
-0.000856833707 0.000102059006 0.0
-0.000855736143 9.59296449e-05 0.0
-0.00085091556 8.9563895e-05 0.0
-0.000841739879 8.3704188e-05 0.0
-0.000830541831 7.96078966e-05 0.0
-0.000819105946 7.51031985e-05 0.0
-0.000806701602 7.25231948e-05 0.0
-0.000792676175 7.24005222e-05 0.0
-0.000787779107 7.31272376e-05 0.0
-0.000782897463 7.5691074e-05 0.0
-0.000778718968 8.13703227e-05 0.0
-0.000777304405 8.90325173e-05 0.0
-0.00077916868 9.74968643e-05 0.0
-0.000786140561 0.000105765044 0.0
-0.000796783075 0.000111715482 0.0
-0.00080661953 0.000113895403 0.0
-0.000816698186 0.00011570075 0.0
-0.00134921877 0.000142352364 0.0
-0.00136752322 0.000134695787 0.0
-0.00137878291 0.000124305428 0.0
-0.00137971085 0.000116581155 0.0
-0.00137764134 0.00010746099 0.0
-0.0013721768 9.82353085e-05 0.0
-0.00136492448 8.80268271e-05 0.0
-0.00135584502 7.90808772e-05 0.0
-0.00134610117 6.89602239e-05 0.0
-0.0013332169 6.03794033e-05 0.0
-0.00131809944 5.40192814e-05 0.0
-0.0012838773 4.99338421e-05 0.0
-0.00126730662 5.499291e-05 0.0
-0.00125596824 6.28683702e-05 0.0
-0.00124877773 7.31084874e-05 0.0
-0.00124532869 8.4360152e-05 0.0
-0.00124732067 9.54734496e-05 0.0
-0.001254812 0.000108563683 0.0
-0.00126691407 0.000120480669 0.0
-0.00128174538 0.000130553584 0.0
-0.00129762699 0.000138781907 0.0
-0.0013138185 0.000144145131 0.0
-0.000715243572 0.000187690443 0.0
-0.000719313102 0.000187611819 0.0
-0.000722833909 0.000186493387 0.0
-0.000725396269 0.000184898163 0.0
-0.000726342842 0.000182365839 0.0
-0.000725160178 0.000178312563 0.0
-0.000722107827 0.000172102446 0.0
-0.00071641145 0.000163328703 0.0
-0.000707521278 0.000154761117 0.0
-0.0006966613 0.00014818323 0.0
-0.000684244907 0.000144529404 0.0
-0.000657578639 0.000145782673 0.0
-0.000652279647 0.000148410385 0.0
-0.000653296709 0.000149795233 0.0
-0.000654122094 0.000152724489 0.0
-0.000656150572 0.000157694507 0.0
-0.000659990532 0.000163599703 0.0
-0.000665183237 0.000169900857 0.0
-0.000672864553 0.00017546468 0.0
-0.000682918704 0.000179755662 0.0
-0.000692956732 0.000184119112 0.0
-0.000704117876 0.000186585647 0.0
-0.000935387041 2.00670711e-05 0.0
-0.000939578458 1.91621839e-05 0.0
-0.0009429247 1.68858387e-05 0.0
-0.000944123429 1.50203159e-05 0.0
-0.000943700667 1.28745023e-05 0.0
-0.000940783473 1.17789859e-05 0.0
-0.00093549263 1.10890014e-05 0.0
-0.000929112837 9.80177902e-06 0.0
-0.000921592349 9.40502559e-06 0.0
-0.000913726282 1.02041722e-05 0.0
-0.000906732748 1.07638343e-05 0.0
-0.000899391656 1.198669e-05 0.0
-0.000884489447 1.44212026e-05 0.0
-0.000884899113 1.28665069e-05 0.0
-0.000886889815 1.18356138e-05 0.0
-0.000891066506 1.09272678e-05 0.0
-0.000896351004 9.51426864e-06 0.0
-0.000900773215 7.73132342e-06 0.0
-0.000905436696 5.50212326e-06 0.0
-0.000909302616 4.70694977e-06 0.0
-0.000912473944 6.47380057e-06 0.0
-0.000916264311 9.5904652e-06 0.0
-0.000920496474 1.33138055e-05 0.0
-0.000925506232 1.64080175e-05 0.0
-0.000845837058 0.000222052768 0.0
-0.000786244345 0.000215000167 0.0
-0.000434015936 0.000138257499 0.0
-0.000421596837 0.000134706977 0.0
-0.000451524509 9.89061009e-05 0.0
-0.000477766327 6.43056119e-05 0.0
-0.000474511937 4.99536582e-05 0.0
-0.000448068866 4.01528414e-05 0.0
-0.000388515211 2.74578924e-05 0.0
-0.000302775094 6.62208095e-06 0.0
-0.000252246682 -5.8490391e-06 0.0
-0.00023362934 -1.33152453e-05 0.0
-9.70894107e-05 -3.68770998e-05 0.0
-7.16506911e-05 -3.33384014e-05 0.0
-5.14370004e-05 -2.28295994e-05 0.0
-2.97143833e-05 -1.11970248e-05 0.0
-2.34274321e-05 -8.63515743e-06 0.0
-0.000140905977 8.81551314e-05 0.0
-0.000192400723 7.4780437e-05 0.0
-0.00032550958 0.000102290265 0.0
-0.000373106188 7.69933613e-05 0.0
-0.000439353724 3.61839739e-06 0.0
-0.000502238749 -5.68240248e-05 0.0
-0.000548224431 -7.974037e-05 0.0
-0.000580393069 -7.63083372e-05 0.0
-0.000618632766 -7.06572027e-05 0.0
-0.00065811933 -6.76976924e-05 0.0
-0.000695384864 -6.92352769e-05 0.0
-0.000730389438 -7.30728279e-05 0.0
-0.000763892953 -7.70057959e-05 0.0
-0.000802511699 -6.91850437e-05 0.0
-0.000832344696 -6.14960809e-05 0.0
-0.000866861199 -4.14210626e-05 0.0
-0.000886091962 -2.74141148e-05 0.0
-0.000903008564 -1.11256159e-05 0.0
-0.000954009185 -1.11970248e-05 0.0
-0.000975731818 -2.28295994e-05 0.0
-0.000995945535 -3.33384014e-05 0.0
-0.00102138426 -3.68770998e-05 0.0
-0.00115792418 -1.33152453e-05 0.0
-0.00117654144 -5.8490391e-06 0.0
-0.00122706988 6.62208095e-06 0.0
-0.00131281 2.74578924e-05 0.0
-0.00137236365 4.01528414e-05 0.0
-0.00139880669 4.99536582e-05 0.0
-0.00140206108 6.43056119e-05 0.0
-0.00137581932 9.89061009e-05 0.0
-0.00134589162 0.000134706977 0.0
-0.00135831069 0.000138257499 0.0
-0.0017105391 0.000215000167 0.0
-0.00177013187 0.000222052768 0.0
-0.00179025601 0.00020903199 0.0
-0.00177333935 0.000192743479 0.0
-0.00175410858 0.000178736533 0.0
-0.00171959214 0.000158661511 0.0
-0.00168975908 0.000150972555 0.0
-0.0016511404 0.000143151803 0.0
-0.00161763688 0.000147084778 0.0
-0.00158263231 0.000150922322 0.0
-0.00154536671 0.000152459907 0.0
-0.00150588015 0.000149500396 0.0
-0.00146764051 0.000143849262 0.0
-0.00143547182 0.000140417236 0.0
-0.00138948613 0.000163333578 0.0
-0.00132660114 0.000223775991 0.0
-0.0012603536 0.000297150953 0.0
-0.00121275696 0.000322447857 0.0
-0.00107964815 0.000294938043 0.0
-0.00102815335 0.000308312738 0.0
-0.000910674804 0.000211522449 0.0
-0.00106329843 0.000172489381 0.0
-0.000738354458 -3.28701412e-06 0.0
-0.00118607096 0.000170130297 0.0
-0.000562331115 6.87134961e-05 0.0
-0.00090436649 0.0001849275 0.0
-0.00108986802 0.000126196916 0.0
-0.00102917617 0.000235982079 0.0
-0.000460905751 8.65955808e-05 0.0
-0.0013980018 0.000130492932 0.0
-0.000785644574 5.71540204e-06 0.0
-0.00105359103 7.88205725e-05 0.0
-0.000651353272 0.000132129979 0.0
-0.00106809149 -1.49019661e-05 0.0
-0.000642711471 0.000149351312 0.0
-0.00110329688 3.10139112e-05 0.0
-0.000776043511 -5.58902721e-05 0.0
-0.00117936917 0.00015194407 0.0
-0.000417442323 6.09651433e-05 0.0
-0.000529819517 0.000100396093 0.0
-0.000699217606 0.000157005285 0.0
-0.000756591093 9.63631828e-05 0.0
-0.000932446215 0.000129440887 0.0
-0.000976131181 0.000200953989 0.0
-0.000844679249 -1.69788018e-05 0.0
-0.00138341961 0.000115352799 0.0
-0.00068472611 5.19681344e-05 0.0
-0.000617815182 -2.12601044e-05 0.0
-0.00124187954 0.000134282003 0.0
-0.000747603073 0.000208102923 0.0
-0.000433728244 9.26836874e-05 0.0
-0.000561077613 0.000118730881 0.0
-0.000403578917 0.000115459348 0.0
-0.00124876457 0.00016715024 0.0
-0.00054749765 9.63933271e-05 0.0
-0.0011258485 0.000111199057 0.0
-0.000714339491 0.000101572798 0.0
-0.000471741951 9.75075891e-05 0.0
-0.00112211402 0.00024357035 0.0
-0.00118082925 0.000137608848 0.0
-0.000843077083 0.00020313554 0.0
-0.00101667701 0.000102978607 0.0
-0.000829580182 0.000176228277 0.0
-0.00110513403 0.000189786093 0.0
-0.000228266406 9.11410461e-05 0.0
-0.000994801521 0.000159695468 0.0
-0.000865033944 -3.16222042e-07 0.0
-0.000351141818 7.358312e-05 0.0
-0.00127137138 7.71225168e-05 0.0
-0.000487097917 6.72977185e-05 0.0
-0.000620045408 0.000125005652 0.0
-0.000969589746 0.000278469146 0.0
-0.000657484867 0.000128925545 0.0
-0.000679581659 -5.69610966e-05 0.0
-0.00091179664 3.73249895e-05 0.0
-0.000780175789 8.56051702e-06 0.0
-6.99642187e-05 -1.72646669e-05 0.0
-0.000744987861 8.5032596e-05 0.0
-0.00064937165 0.000145202939 0.0
-0.000805888092 -7.02562684e-05 0.0
-0.00111033639 -2.68333838e-06 0.0
-0.000614334072 8.80660518e-05 0.0
-0.000503702555 3.09384559e-05 0.0
-0.000630425347 0.000156889204 0.0
-0.00059962098 0.000150042993 0.0
-0.00102009531 2.64990376e-06 0.0
-0.000654027157 2.57651864e-05 0.0
-0.00048401425 4.91846331e-05 0.0
-0.000193605534 8.49307398e-05 0.0
-0.00151245657 0.00015333941 0.0
-0.00111232442 7.49338724e-05 0.0
-0.000294590689 8.25947573e-05 0.0
-0.000892027107 0.000208954996 0.0
-0.00108263292 -1.68768565e-05 0.0
-0.000872444827 -4.5082772e-05 0.0
-0.000685594452 0.000156447873 0.0
-0.00100370112 -2.69838474e-05 0.0
-0.000720835116 4.31461231e-05 0.0
-0.00127125974 0.000136689545 0.0
-0.000747826241 0.000203368938 0.0
-0.000935065967 0.000242803784 0.0
-0.00119104434 0.000120314813 0.0
-0.0011015737 0.000149243933 0.0
-0.000321413303 6.56831708e-06 0.0
-0.00116219011 4.57339811e-05 0.0
-0.00039045047 7.71258638e-05 0.0
-0.00143263419 0.000122282639 0.0
-0.000986886909 0.000102921171 0.0
-0.00072121853 0.000155670059 0.0
-0.00145132083 0.000134760674 0.0
-0.00137662853 0.00012421039 0.0
-0.000393572816 9.73206334e-05 0.0
-0.00110543123 0.000109842214 0.0
-0.00023549443 2.0584177e-05 0.0
-0.00117169647 0.000123089936 0.0
-0.000562036061 0.000113287184 0.0
-0.000991434907 0.000116204043 0.0
-0.000812019047 0.000119146469 0.0
-0.00102514529 0.000199587463 0.0
-0.00074757915 9.63681669e-06 0.0
-0.00123493094 0.0001333697 0.0
-0.000582600012 0.00014255727 0.0
-0.000538821332 8.94899713e-05 0.0
-0.00140515028 0.00012079443 0.0
-0.000685018313 0.000145314421 0.0
-0.000655484677 0.000154125548 0.0
-0.00142215949 0.000114460163 0.0
-0.000665055064 0.000113514987 0.0
-0.000822808477 3.21047105e-06 0.0
-0.00128168042 0.000125254388 0.0
-0.00106101623 -2.93979065e-05 0.0
-0.000795590575 -3.26021218e-05 0.0
-0.00101414789 0.000216283253 0.0
-0.000798716443 0.000222200862 0.0
-0.000767681573 0.000195065513 0.0
-0.000697627722 0.000179911251 0.0
-0.00123196724 0.00029074811 0.0
-0.000515508291 9.50375324e-05 0.0
-0.00119697396 0.000153146175 0.0
-0.00139143807 0.000139758704 0.0
-0.0013466879 0.000104778846 0.0
-0.000624165637 0.000128368498 0.0
-0.000393566152 0.000103844257 0.0
-0.000737221562 0.000106156025 0.0
-0.00100217748 0.000177323323 0.0
-0.00110188476 -1.31519173e-05 0.0
-0.000917563506 7.32563494e-05 0.0
-0.000818500586 0.000114124407 0.0
-0.00116848119 0.00024153995 0.0
-0.00127579051 0.000168190905 0.0
-0.00140154047 0.000133809575 0.0
-0.000749343948 9.4853247e-05 0.0
-0.00112007011 0.000168977247 0.0
-0.000808720884 0.000194428518 0.0
-0.00120711676 2.0932197e-05 0.0
-0.000581166474 0.000124267783 0.0
-0.00100709253 0.000138352174 0.0
-0.00121805328 0.000136896997 0.0
-0.000507122779 0.00010411429 0.0
-0.00100281357 2.63555339e-05 0.0
-0.00105656008 0.000279986794 0.0
-0.000727202452 -6.7912275e-05 0.0
-0.000896425277 -2.18547866e-05 0.0
-0.00114527403 0.000124895087 0.0
-0.000480496674 7.97656103e-05 0.0
-0.000697567419 -2.91165779e-05 0.0
-0.000409984845 7.11118555e-05 0.0
-0.000345918059 0.000108533794 0.0
-0.000903578184 -5.90835907e-06 0.0
-0.000876613602 -6.13413649e-05 0.0
-0.000510697078 9.11400712e-05 0.0
-0.00103330542 -3.08129929e-05 0.0
-0.000434981805 6.46741319e-05 0.0
-0.000797430519 -2.05143897e-06 0.0
-0.00133863825 6.98690419e-05 0.0
-0.000363559811 6.94333066e-05 0.0
-0.000871943776 4.64174664e-05 0.0
-0.000455720088 0.00011819628 0.0
-0.000687827414 0.000136981835 0.0
-0.000215651526 6.85377672e-05 0.0
-0.000427912077 9.61538899e-05 0.0
-0.00104283763 0.000295419653 0.0
-0.000805260206 0.000206098965 0.0
-0.000669759524 0.000151584318 0.0
-0.000905950728 0.000164114666 0.0
-0.000959884375 -1.86856705e-05 0.0
-0.000892570359 9.23554253e-05 0.0
-0.00157034013 0.000143859506 0.0
-0.000594869256 0.000124356739 0.0
-0.00143399637 0.000140697477 0.0
-0.00143369369 0.000123962658 0.0
-0.000540031004 0.000118808821 0.0
-0.000266526069 -7.30837246e-06 0.0
-0.00138360483 0.000125624283 0.0
-0.000719962816 0.000163680379 0.0
-0.000889336341 0.000232839855 0.0
-0.000672363967 8.28646371e-05 0.0
-0.00114567718 0.000152058084 0.0
-0.00104266708 -2.97573552e-05 0.0
-0.00109798566 0.00021657176 0.0
-0.000178647257 9.16707795e-05 0.0
-0.000665936619 0.000133943206 0.0
-0.000801408896 0.000199497401 0.0
-0.00101582368 0.000105508661 0.0
-4.36898408e-05 -1.29424561e-05 0.0
-0.000979573117 0.000286388589 0.0
-0.000228852092 3.9201208e-05 0.0
-0.000868953997 0.000215336768 0.0
-0.00141779031 0.00013213708 0.0
-0.00149017316 0.000156970258 0.0
-0.00073327811 0.000194308246 0.0
-0.000602883985 -5.52515994e-05 0.0
-0.00100095745 0.000257418054 0.0
-0.000993995462 -1.01208652e-05 0.0
-0.00048962608 0.000130043205 0.0
-0.00123498077 0.000111672263 0.0
-0.00130251551 0.000125661638 0.0
-0.0013365089 0.000124935221 0.0
-0.000990156084 1.98555445e-05 0.0
-0.000671259535 0.000154905676 0.0
-0.000623847765 0.000126423241 0.0
-0.000933189993 0.000192840758 0.0
-0.000621961372 6.58176068e-05 0.0
-0.000799476518 -7.48780876e-05 0.0
-0.000755749235 0.000110137211 0.0
-0.000589393487 2.51767469e-05 0.0
-0.00119133817 0.000192007283 0.0
-0.000703319092 0.000198203415 0.0
-0.000726283761 7.76892412e-05 0.0
-0.000705143495 0.000169485647 0.0
-0.000371383241 9.90721601e-05 0.0
-0.00122686254 0.00027236779 0.0
-0.000546749681 -3.43436586e-05 0.0
-0.000762233511 0.000161791497 0.0
-0.000785884215 1.02663571e-05 0.0
-0.000764081953 0.000171598309 0.0
-0.00123194396 6.74788971e-05 0.0
-0.00115199073 0.000170765299 0.0
-0.000452292326 9.30091919e-05 0.0
-0.000493908126 7.30810352e-05 0.0
-0.00070230104 2.31152317e-05 0.0
-0.000444915146 7.1669514e-05 0.0
-0.000353351847 2.76515329e-05 0.0
-0.000854755228 0.000218857036 0.0
-0.000667541579 0.000161282311 0.0
-0.0014955037 0.000148545165 0.0
-0.000731716864 3.86676365e-05 0.0
-0.000820559333 -9.14782447e-07 0.0
-7.89347105e-05 -2.6341826e-05 0.0
-0.000382652273 8.35182218e-05 0.0
-0.00171408465 0.000208674959 0.0
-0.000791274011 0.00020684769 0.0
-0.00126488053 0.0001231403 0.0
-0.00119749585 0.000111389745 0.0
-0.00109695643 -1.63752065e-05 0.0
-0.000839473272 8.6414344e-05 0.0
-0.000911234238 0.000263460999 0.0
-0.000572020072 8.77206548e-05 0.0
-0.00128100778 0.00018960693 0.0
-0.000618859776 0.000151306376 0.0
-8.3831088e-05 -1.31143233e-05 0.0
-0.00078612077 0.0001692941 0.0
-0.000751890009 8.7203196e-05 0.0
-0.000904109736 -3.84473569e-05 0.0
-0.00076505146 0.000179626542 0.0
-0.000242435824 6.6852801e-05 0.0
-0.000742308795 7.16456125e-05 0.0
-0.00102462142 0.000238947527 0.0
-0.00075507682 -4.53785433e-05 0.0
-0.00122843089 0.000145845217 0.0
-0.000140220116 8.39796558e-05 0.0
-0.00138557854 0.000136435439 0.0
-0.000585482514 9.97663446e-05 0.0
-0.000790531805 -1.49594407e-05 0.0
-0.000968524837 -2.00258746e-05 0.0
-0.00101951347 0.000229046884 0.0
-0.000672504015 0.000165062316 0.0
-0.0012952094 0.000136818679 0.0
-0.0011230997 0.000113241345 0.0
-0.000196766647 5.27308657e-05 0.0
-0.000643827312 0.000152195178 0.0
-0.00145330082 0.000145677972 0.0
-0.000301179825 4.46898011e-05 0.0
-0.000661558821 -6.85333725e-05 0.0
-0.00147962826 0.00013947858 0.0
-0.00125524099 0.000116493815 0.0
-0.00119292561 2.55116938e-05 0.0
-0.00119759422 0.000227812576 0.0
-0.000456645794 5.25341748e-05 0.0
-0.000344675733 9.92004061e-05 0.0
-0.000555031002 0.000147478364 0.0
-0.000790207123 0.000213595165 0.0
-0.00125143107 0.000233453204 0.0
-0.00113197567 -8.0203954e-06 0.0
-0.00105182047 0.000156731345 0.0
-0.000360936858 1.65696929e-05 0.0
-0.00141318364 0.000139815194 0.0
-0.00104459305 0.000259537774 0.0
-0.00100737659 0.000103386737 0.0
-0.000989018008 0.000223570081 0.0
-0.000855289982 7.28408049e-05 0.0
-0.000522559683 6.01840911e-05 0.0
-0.000307165319 6.27388144e-05 0.0
-0.000836439431 0.000218163768 0.0
-0.00112261157 -1.81802607e-05 0.0
-0.0012192966 0.000121002406 0.0
-0.000863678579 0.000194537541 0.0
-0.00062321272 0.000156931725 0.0
-0.000569252938 0.00014895387 0.0
-0.000752896536 9.89986147e-05 0.0
-0.000532452657 0.000109973844 0.0
-0.00143170031 0.000119338052 0.0
-0.0014441614 0.000122285273 0.0
-0.000490964216 4.47016573e-05 0.0
-0.000933476083 -1.88464219e-05 0.0
-0.000100945093 -3.09904935e-05 0.0
-0.00108405482 0.000117101197 0.0
-0.000187349317 3.12501797e-05 0.0
-0.00108635041 8.13655715e-05 0.0
-0.00112456526 0.00011357059 0.0
-0.00110129523 0.000284246926 0.0
-0.00116198813 7.13270638e-05 0.0
-0.00107444776 -2.82870533e-05 0.0
-0.00130274298 0.000220602873 0.0
-0.00130390993 4.50774351e-05 0.0
-0.00100174837 0.000240406865 0.0
-0.0011198509 8.25910611e-05 0.0
-0.000333883771 8.6305372e-05 0.0
-0.000689832785 8.71055381e-05 0.0
-0.000501562783 9.21167084e-05 0.0
-0.0013097187 0.000123263977 0.0
-0.00145062106 0.000120744975 0.0
-0.00160885614 0.000132055866 0.0
-0.000676112482 0.00012893221 0.0
-0.000901620253 0.000103595637 0.0
-0.000349451002 9.05340275e-05 0.0
-0.000246266136 9.41787366e-05 0.0
-0.000796286797 0.000107201835 0.0
-0.000973464455 0.000256482104 0.0
-0.000311993965 6.94450428e-05 0.0
-0.000750022591 8.22360817e-05 0.0
-0.000639996957 0.000130555825 0.0
-0.00105292443 -8.5023612e-06 0.0
-0.000272071804 9.37419318e-05 0.0
-0.0013533996 8.73876124e-05 0.0
-0.000855821185 0.000138999007 0.0
-0.000671358895 0.0001456842 0.0
-0.00112954702 0.000137066978 0.0
-0.00116478954 3.68534984e-06 0.0
-0.000363942992 6.01975225e-05 0.0
-0.00119886361 0.000318375271 0.0
-0.000776191533 0.000204407901 0.0
-0.000953744981 0.000173977285 0.0
-0.00115129433 0.000199719638 0.0
-0.000895622303 -4.74441258e-05 0.0
-0.000593484612 0.000142436285 0.0
-0.00056839874 0.000121964644 0.0
-0.00028581309 2.84112175e-05 0.0
-0.000695334282 0.000166550861 0.0
-0.000482357311 0.000114749288 0.0
-0.00123792537 0.000154266352 0.0
-0.00043653106 0.000115316841 0.0
-0.00102385972 0.000295763079 0.0
-0.000870807853 -5.9238133e-05 0.0
-0.00079236232 0.000197525776 0.0
-0.00136380375 0.000167406964 0.0
-0.00132387364 0.00011512624 0.0
-0.000466790487 0.000117284064 0.0
-0.00106476608 0.000248422264 0.0
-0.000543773349 8.62598463e-05 0.0
-0.00105807849 0.000209383958 0.0
-0.000498157809 9.32235926e-05 0.0
-0.000539457018 7.95878877e-05 0.0
-0.000696232251 -3.68147789e-06 0.0
-0.000888302806 -4.56403177e-05 0.0
-0.000875188038 7.86238252e-06 0.0
-0.000979979755 0.000273494021 0.0
-0.000287020288 7.14973721e-05 0.0
-0.00143066049 0.000141477925 0.0
-0.0010725304 0.000184817502 0.0
-0.00104712474 0.00010159189 0.0
-0.000331594114 6.4375432e-05 0.0
-0.00138309796 9.58480814e-05 0.0
-0.00144906843 0.000146261707 0.0
-0.0014527688 0.000126165352 0.0
-0.000585526228 0.000126146071 0.0
-0.00091795536 1.39110944e-05 0.0
-0.000267724594 2.30206279e-05 0.0
-0.000722077733 -5.99405394e-05 0.0
-0.000329593808 0.000101444923 0.0
-0.000968563429 8.74014859e-06 0.0
-0.00110281678 0.000160248848 0.0
-0.000439615425 6.35828765e-05 0.0
-0.000507807126 5.98399747e-05 0.0
-0.00107002049 7.82361712e-06 0.0
-0.000884686131 0.000250867393 0.0
-0.00048713517 8.01355345e-05 0.0
-0.000831002195 5.90284526e-06 0.0
-0.000670154754 0.000151270098 0.0
-0.000873153156 7.35044523e-05 0.0
-0.000593435485 0.000141528784 0.0
-0.000385242602 8.94542609e-05 0.0
-0.000616175472 0.000140571894 0.0
-0.00114027644 0.000188023332 0.0
-0.000395552895 8.88984359e-05 0.0
-0.000381421793 6.62359453e-05 0.0
-0.000529775978 0.000114333707 0.0
-0.00154961995 0.000152901397 0.0
-0.00147233158 0.000141524477 0.0
-0.000297378399 4.15234626e-06 0.0
-0.000841047789 -3.04365876e-05 0.0
-0.000371144008 8.87218048e-05 0.0
-0.00138701848 0.00013773737 0.0
-0.00146301568 0.00011631356 0.0
-0.000335690711 8.32139121e-05 0.0
-0.000883580069 0.000199397284 0.0
-0.000710138411 0.000138822739 0.0
-0.00128520548 0.000108616856 0.0
-6.34535027e-05 -1.82056447e-05 0.0
-0.00112979347 9.10390008e-06 0.0
-0.000410466921 8.79215513e-05 0.0
-0.000960000674 0.000150587686 0.0
-0.00146032625 0.000143499201 0.0
-0.000625719433 0.000100373938 0.0
-0.000843936519 -6.81779966e-06 0.0
-0.00109348458 -9.92267269e-06 0.0
-0.000772960542 0.000186936319 0.0
-0.000100484162 -1.3216255e-05 0.0
-0.000737990427 -7.07290092e-05 0.0
-0.00125510839 0.000120783996 0.0
-0.000867691066 0.000182957956 0.0
-0.000835289771 -7.31555265e-05 0.0
-0.000751994725 9.78725002e-05 0.0
-0.000764659198 1.2798605e-05 0.0
-0.000624776585 0.000153607252 0.0
-0.000857406354 -5.97936923e-05 0.0
-0.000717998017 3.53125433e-05 0.0
-0.000960605103 0.000210351907 0.0
-0.00133209932 0.000126452709 0.0
-0.00123894098 0.000120515149 0.0
-0.000987998443 0.000110731729 0.0
-0.000650974864 0.000165296282 0.0
-5.63764625e-05 -1.91924501e-05 0.0
-0.000636781857 0.000121842197 0.0
-0.00068951986 7.88114849e-05 0.0
-0.000205123768 8.40738503e-05 0.0
-0.000572989753 0.000115870251 0.0
-0.000547159812 0.000109259447 0.0
-0.00120734272 0.000145929924 0.0
-0.00131677592 0.000140108838 0.0
-0.000669756031 0.000166387574 0.0
-0.000450964028 7.63386561e-05 0.0
-0.000633331132 0.000141455646 0.0
-0.000487011625 -7.41673432e-07 0.0
-0.000742892502 4.19862772e-05 0.0
-0.000688677013 0.000195627726 0.0
-0.00134517765 0.000125918494 0.0
-0.000974969356 4.47413331e-05 0.0
-0.000759317714 0.000141048746 0.0
-0.000919685699 -5.56019877e-05 0.0
-0.000652790361 0.000127415056 0.0
-0.000732389221 0.000182271659 0.0
-0.000157152434 7.45324796e-05 0.0
-0.000622546766 -6.98213626e-05 0.0
-0.000871008029 -7.01485915e-05 0.0
-0.00111732259 7.98509573e-05 0.0
-0.000484371471 4.32776978e-05 0.0
-0.00138425373 0.000130733024 0.0
-0.000662954466 0.000175099776 0.0
-0.000605687906 0.000138581338 0.0
-0.00107141025 0.000137284282 0.0
-0.00121591601 5.18288798e-05 0.0
-0.00050908298 9.72378621e-05 0.0
-0.000963266008 -9.05104935e-06 0.0
-0.00118703453 0.000110285866 0.0
-0.000687951979 0.000156474038 0.0
-0.0007516357 1.75956611e-05 0.0
-0.000589665375 9.71424233e-05 0.0
-0.000604119967 0.000115867297 0.0
-0.000937791076 -1.07515207e-05 0.0
-0.000501187111 4.86041572e-05 0.0
-0.00133462483 9.85406077e-05 0.0
-0.000893231889 0.000217779627 0.0
-0.000884170935 0.000220165617 0.0
-0.000932526891 -1.48794015e-05 0.0
-0.00101943687 5.47708487e-06 0.0
-0.000652453338 -4.15678187e-05 0.0
-0.000721470686 0.000178171671 0.0
-0.00054740638 0.000150598396 0.0
-0.000655113312 0.000139840355 0.0
-0.000640091486 0.0001654269 0.0
-0.000531449972 0.000125363513 0.0
-0.000976400392 -2.39957535e-05 0.0
-0.00137572573 0.000125010629 0.0
-0.000340124534 3.49098846e-05 0.0
-0.000651856652 7.69536127e-05 0.0
-0.000254803541 8.12880753e-05 0.0
-0.00172690442 0.000197075729 0.0
-0.00103829138 0.000119391385 0.0
-0.000781547045 0.000118363911 0.0
-0.00080925395 -6.33696618e-05 0.0
-0.00104805583 -2.78088519e-05 0.0
-0.00047474954 4.28387393e-05 0.0
-0.000924966997 -2.90158987e-05 0.0
-0.0013158411 0.000128487562 0.0
-0.000823029026 -4.83097101e-05 0.0
-0.00111119787 0.000105226725 0.0
-0.000796793262 2.54507904e-05 0.0
-0.000390652654 2.66568386e-05 0.0
-0.0012655668 0.000121747427 0.0
-0.00106404687 -2.03532782e-05 0.0
-0.000708400854 0.000156190523 0.0
-0.00135549612 0.000132468063 0.0
-0.000702313788 0.000150053151 0.0
-0.000821128197 0.000212486673 0.0
-0.000926501933 9.09853115e-05 0.0
-0.000312862248 0.000101515296 0.0
-0.0010156295 0.000268039439 0.0
-0.000868162839 0.000228345903 0.0
-0.000749362051 -2.36516298e-05 0.0
-0.000624363718 0.000137646566 0.0
-0.000534094928 5.38711465e-05 0.0
-0.00100688892 -3.58948673e-05 0.0
-0.00147369108 0.000151559594 0.0
-0.00141845807 0.000121544224 0.0
-0.0013873959 0.000129975684 0.0
-0.00106317445 4.80077397e-05 0.0
-0.000778390211 0.000165121659 0.0
-0.000621222425 0.000146480437 0.0
-0.00146557612 0.00015684127 0.0
-0.00147538865 0.000129633336 0.0
-0.0010042158 4.68296821e-05 0.0
-0.000668271387 0.000139847325 0.0
-0.00153772102 0.000137860581 0.0
-0.00177522725 0.000217366658 0.0
-0.000775025925 8.86886337e-05 0.0
-0.000993506284 0.000292980141 0.0
-0.0006642589 4.47074453e-05 0.0
-0.00133224437 0.000133279143 0.0
-0.000111133115 -2.91579363e-06 0.0
-0.000532228732 0.00010239012 0.0
-0.00143030821 0.000124437167 0.0
-0.000932544237 0.000224354764 0.0
-0.00103411276 -2.06403529e-05 0.0
-0.000274523976 6.32701413e-05 0.0
-0.00092921441 0.000217690133 0.0
-0.00121067802 4.81642528e-05 0.0
-0.000297447084 2.235191e-06 0.0
-0.000824481889 0.000220220594 0.0
-0.000840701046 -6.9939153e-05 0.0
-0.000795878004 0.000181216019 0.0
-0.000877722574 0.000221605413 0.0
-0.0010288147 0.000185542682 0.0
-0.000855054415 6.26202673e-05 0.0
-0.00121713558 0.000133222115 0.0
-0.000563561858 5.06754304e-07 0.0
-2.31799258e-05 -6.7676533e-06 0.0
-0.00118035381 0.000144840669 0.0
-0.00147238479 0.000111891866 0.0
-0.00105511409 -2.25800995e-05 0.0
-0.000922804466 0.000272615114 0.0
-0.000409573724 2.58142009e-05 0.0
-0.000652723073 -2.8985794e-06 0.0
-0.000528657401 0.00012902767 0.0
-0.000990115455 4.36323717e-05 0.0
-0.000539486238 4.92115396e-05 0.0
-0.00126991887 0.00013320522 0.0
-0.000609357317 0.00015196875 0.0
-0.000891603413 0.000231686761 0.0
-0.0009780447 0.000114364557 0.0
-0.000973422313 0.000255512947 0.0
-0.000738072558 0.000166280632 0.0
-0.000345223409 7.82740753e-05 0.0
-0.000760107301 0.000110389912 0.0
-0.000823319191 0.000226043194 0.0
-0.000606937159 4.57388414e-05 0.0
-0.000632579031 0.000150431559 0.0
-0.00091709703 0.000211295206 0.0
-0.000659470388 0.000154966983 0.0
-5.05671924e-05 -2.14784068e-05 0.0
-0.000259978202 7.84556541e-05 0.0
