4.16891417e-05 6.43610974e-06 0.0
4.12364461e-05 1.06635262e-05 0.0
3.29164468e-05 5.57344629e-06 0.0
2.73564601e-05 5.04492027e-06 0.0
3.07038608e-05 2.97679321e-06 0.0
4.14016104e-05 5.04492027e-06 0.0
4.69615952e-05 5.57344629e-06 0.0
4.84437987e-05 5.3990675e-06 0.0
4.80169292e-05 1.19281021e-05 0.0
4.2304513e-05 8.52843914e-06 0.0
8.27728854e-07 3.21525181e-06 0.0
1.25459974e-06 -3.3137826e-06 0.0
4.90885395e-05 4.50666676e-06 0.0
4.89383674e-05 6.93081711e-06 0.0
4.48222454e-05 5.17165472e-06 0.0
1.74916897e-06 -1.78203277e-06 0.0
1.89934133e-06 -4.20618289e-06 0.0
2.13757594e-05 1.42806141e-06 0.0
2.04911139e-05 6.60596152e-06 0.0
4.9869439e-05 6.3451148e-06 0.0
5.52213678e-05 6.6637258e-06 0.0
5.19890709e-05 1.23571199e-05 0.0
4.11762194e-05 6.6637258e-06 0.0
3.58242905e-05 6.3451148e-06 0.0
3.82923026e-05 2.81390226e-06 0.0
3.73561925e-05 8.95470384e-06 0.0
5.11443504e-05 9.57971042e-06 0.0
5.04728305e-05 1.11886602e-05 0.0
2.16990829e-05 2.655559e-06 0.0
2.0128964e-05 4.35235461e-06 0.0
1.27408321e-05 4.4331382e-06 0.0
8.97178143e-06 4.10901293e-06 0.0
1.20324567e-05 2.79050965e-07 0.0
2.30169317e-05 4.10901293e-06 0.0
2.67859814e-05 4.4331382e-06 0.0
2.42668339e-05 2.06840036e-06 0.0
2.35249026e-05 5.63501908e-06 0.0
1.56582137e-05 -6.84829544e-08 0.0
1.38560799e-05 2.268971e-06 0.0
2.8453851e-05 3.70853149e-06 0.0
2.80268032e-05 5.3887884e-06 0.0
3.78373188e-05 3.02567105e-06 0.0
3.72742252e-05 8.42939698e-06 0.0
2.76941155e-05 3.39675375e-06 0.0
2.69621887e-05 4.64707227e-06 0.0
2.79964588e-05 4.01990155e-06 0.0
2.71053523e-05 8.75774185e-06 0.0
4.71892017e-05 8.7128501e-06 0.0
0.0 0.0 0.0
1.40451502e-05 0.0 0.0
6.12343501e-05 8.7128501e-06 0.0
4.25009894e-05 6.58031968e-06 0.0
4.32538582e-05 6.89388116e-06 0.0
4.38675852e-05 7.2887965e-06 0.0
4.42882447e-05 7.71516716e-06 0.0
4.45121404e-05 8.20053083e-06 0.0
4.45644837e-05 8.72000328e-06 0.0
4.44298857e-05 9.27740803e-06 0.0
4.40650401e-05 9.80789719e-06 0.0
4.34898066e-05 1.02471558e-05 0.0
4.28038475e-05 1.05323479e-05 0.0
4.20398828e-05 1.06767957e-05 0.0
4.04390667e-05 1.04718692e-05 0.0
3.97070471e-05 1.01489131e-05 0.0
3.91157955e-05 9.73556598e-06 0.0
3.87177279e-05 9.30102578e-06 0.0
3.85616877e-05 8.84385918e-06 0.0
3.86227002e-05 8.39364293e-06 0.0
3.88153858e-05 7.9676629e-06 0.0
3.91236972e-05 7.58921669e-06 0.0
3.95689385e-05 7.22380582e-06 0.0
4.01381803e-05 6.79705363e-06 0.0
4.08649212e-05 6.50440552e-06 0.0
2.74087397e-05 4.83926124e-06 0.0
2.75046532e-05 4.54323481e-06 0.0
2.76953124e-05 4.14423266e-06 0.0
2.80605018e-05 3.72493628e-06 0.0
2.85610386e-05 3.34912488e-06 0.0
2.9198125e-05 3.08042377e-06 0.0
2.99185358e-05 2.96124085e-06 0.0
3.14360259e-05 3.09996472e-06 0.0
3.20105719e-05 3.27866314e-06 0.0
3.24512221e-05 3.52766074e-06 0.0
3.27638772e-05 3.86387819e-06 0.0
3.29957911e-05 4.26926181e-06 0.0
3.31096016e-05 4.69194219e-06 0.0
3.30746552e-05 5.12173801e-06 0.0
4.65768462e-05 6.08343953e-06 0.0
4.59519324e-05 6.49941876e-06 0.0
4.51679007e-05 6.75852834e-06 0.0
4.43061981e-05 6.81584243e-06 0.0
4.33881069e-05 6.64929939e-06 0.0
4.24575846e-05 6.23497772e-06 0.0
4.1563937e-05 5.55544193e-06 0.0
4.13704984e-05 5.17692979e-06 0.0
4.68259095e-05 1.20145205e-05 0.0
4.56523412e-05 1.1882842e-05 0.0
4.46000158e-05 1.15931889e-05 0.0
4.37562558e-05 1.11757918e-05 0.0
4.3122036e-05 1.0612277e-05 0.0
4.26554798e-05 9.94418951e-06 0.0
4.23717611e-05 9.22995605e-06 0.0
4.24342688e-05 7.83712494e-06 0.0
4.27891828e-05 7.11547727e-06 0.0
4.34176654e-05 6.37737367e-06 0.0
4.4281489e-05 5.72586896e-06 0.0
4.52790955e-05 5.28134115e-06 0.0
4.63131073e-05 5.08386802e-06 0.0
4.73790569e-05 5.12070346e-06 0.0
2.261703e-06 -2.81816597e-06 0.0
3.11767803e-06 -2.15937848e-06 0.0
3.73583975e-06 -1.43435534e-06 0.0
4.07841435e-06 -7.16079171e-07 0.0
4.15352088e-06 3.95628525e-08 0.0
4.02437763e-06 7.94951859e-07 0.0
3.57783233e-06 1.60999582e-06 0.0
2.84455291e-06 2.33468631e-06 0.0
1.89600757e-06 2.8848242e-06 0.0
4.8367383e-05 7.16852492e-06 0.0
4.77302492e-05 7.28017631e-06 0.0
4.70485029e-05 7.26043345e-06 0.0
4.63310862e-05 7.09005781e-06 0.0
4.55562804e-05 6.69589235e-06 0.0
4.49154541e-05 6.1433243e-06 0.0
4.46254817e-05 5.69028543e-06 0.0
4.46436679e-05 5.41680993e-06 0.0
4.50865737e-05 4.89669765e-06 0.0
4.54530273e-05 4.63559536e-06 0.0
4.5931527e-05 4.42337478e-06 0.0
4.64720397e-05 4.26361476e-06 0.0
4.70137566e-05 4.17437832e-06 0.0
4.75440684e-05 4.13704765e-06 0.0
4.80571289e-05 4.15169688e-06 0.0
4.85887504e-05 4.27379928e-06 0.0
2.31910531e-06 -3.85989142e-06 0.0
2.60062825e-06 -3.44935097e-06 0.0
2.70237251e-06 -3.01704563e-06 0.0
2.58258933e-06 -2.56542899e-06 0.0
2.25425924e-06 -2.1418773e-06 0.0
2.23211591e-05 1.67516578e-06 0.0
2.29298948e-05 1.95151233e-06 0.0
2.33445535e-05 2.21793266e-06 0.0
2.369701e-05 2.65103267e-06 0.0
2.39442652e-05 3.2093244e-06 0.0
2.40369154e-05 3.83983979e-06 0.0
2.39469264e-05 4.51690084e-06 0.0
2.36262731e-05 5.19088917e-06 0.0
2.30713031e-05 5.80115375e-06 0.0
2.23066363e-05 6.27606505e-06 0.0
2.14213233e-05 6.55661188e-06 0.0
1.95693046e-05 6.46956778e-06 0.0
1.87174155e-05 6.14785949e-06 0.0
1.79992912e-05 5.6813833e-06 0.0
1.74753459e-05 5.0910503e-06 0.0
1.71836637e-05 4.41260408e-06 0.0
1.71193751e-05 3.67421558e-06 0.0
1.73086519e-05 2.92833147e-06 0.0
1.77754446e-05 2.25924873e-06 0.0
1.84476448e-05 1.75231219e-06 0.0
1.93011165e-05 1.42674457e-06 0.0
2.03013369e-05 1.30219576e-06 0.0
5.58138272e-05 7.21319702e-06 0.0
5.62410496e-05 7.90650574e-06 0.0
5.64906877e-05 8.72417331e-06 0.0
5.64761176e-05 9.60764191e-06 0.0
5.61511224e-05 1.04841001e-05 0.0
5.55504157e-05 1.12326688e-05 0.0
5.47502095e-05 1.17866448e-05 0.0
5.38463937e-05 1.21630173e-05 0.0
5.29102435e-05 1.23472691e-05 0.0
5.10488462e-05 1.21786079e-05 0.0
5.01040777e-05 1.17970249e-05 0.0
4.92779509e-05 1.1263377e-05 0.0
4.86728604e-05 1.06451444e-05 0.0
4.83239128e-05 9.94883794e-06 0.0
4.81882707e-05 9.20203001e-06 0.0
4.82462019e-05 8.41967358e-06 0.0
4.84964767e-05 7.64731431e-06 0.0
4.90264283e-05 6.93631227e-06 0.0
3.67403081e-05 5.97802727e-06 0.0
3.77347606e-05 5.80857522e-06 0.0
3.87431646e-05 5.83488554e-06 0.0
3.96882751e-05 6.03044282e-06 0.0
4.05079954e-05 6.3165453e-06 0.0
3.93446026e-05 3.01136947e-06 0.0
4.03828963e-05 3.47241189e-06 0.0
4.1332074e-05 4.11831525e-06 0.0
4.19020071e-05 4.78761103e-06 0.0
4.21282202e-05 5.30792204e-06 0.0
4.21053592e-05 5.80653114e-06 0.0
4.19721036e-05 6.34856087e-06 0.0
4.17216906e-05 6.96520965e-06 0.0
4.12110676e-05 7.61829733e-06 0.0
4.04446509e-05 8.26066116e-06 0.0
3.94770286e-05 8.71895281e-06 0.0
3.84320301e-05 8.93492233e-06 0.0
3.63593426e-05 8.7901708e-06 0.0
3.55675329e-05 8.51558798e-06 0.0
3.49511029e-05 8.18718217e-06 0.0
3.44548171e-05 7.68829068e-06 0.0
3.40871957e-05 7.06548553e-06 0.0
3.38734208e-05 6.3562843e-06 0.0
3.38725804e-05 5.58560987e-06 0.0
3.41354971e-05 4.83266422e-06 0.0
3.46592351e-05 4.13384578e-06 0.0
3.53862488e-05 3.53976452e-06 0.0
3.62657265e-05 3.10782252e-06 0.0
3.72515642e-05 2.85547117e-06 0.0
5.15489046e-05 9.65806248e-06 0.0
5.1932795e-05 9.82047186e-06 0.0
5.22406262e-05 1.00379639e-05 0.0
5.24102907e-05 1.0281e-05 0.0
5.24139105e-05 1.05245008e-05 0.0
5.22728005e-05 1.07557516e-05 0.0
5.20049798e-05 1.0950851e-05 0.0
5.16457985e-05 1.10871315e-05 0.0
5.12221013e-05 1.11659137e-05 0.0
5.08240119e-05 1.11673035e-05 0.0
5.01597424e-05 1.12189546e-05 0.0
4.98339723e-05 1.11812114e-05 0.0
4.95408203e-05 1.10710153e-05 0.0
4.93042789e-05 1.09060056e-05 0.0
4.91744722e-05 1.06429907e-05 0.0
4.91877217e-05 1.03030206e-05 0.0
4.94000742e-05 9.95329083e-06 0.0
4.97927977e-05 9.69948451e-06 0.0
5.02208786e-05 9.58662167e-06 0.0
5.06816759e-05 9.56822987e-06 0.0
2.22917479e-05 2.78954963e-06 0.0
2.2644901e-05 2.80422842e-06 0.0
2.28756162e-05 2.85848364e-06 0.0
2.31180911e-05 3.05221101e-06 0.0
2.33460323e-05 3.44138493e-06 0.0
2.33837654e-05 3.83332508e-06 0.0
2.31274316e-05 4.07681409e-06 0.0
2.27095788e-05 4.28480644e-06 0.0
2.21890296e-05 4.41581187e-06 0.0
2.15890341e-05 4.48196943e-06 0.0
2.08781075e-05 4.48903302e-06 0.0
1.95325192e-05 4.1892531e-06 0.0
1.92709431e-05 4.09268978e-06 0.0
1.92043408e-05 4.01865827e-06 0.0
1.91149757e-05 3.87020691e-06 0.0
1.90544215e-05 3.65695564e-06 0.0
1.90610808e-05 3.41263876e-06 0.0
1.92213993e-05 3.15842681e-06 0.0
1.9509429e-05 2.91738138e-06 0.0
1.99335191e-05 2.73697697e-06 0.0
2.04562875e-05 2.61244372e-06 0.0
2.10597482e-05 2.59088324e-06 0.0
8.63117384e-06 3.87566024e-06 0.0
8.3049581e-06 3.52690427e-06 0.0
8.09195262e-06 3.06159609e-06 0.0
8.0152131e-06 2.49510026e-06 0.0
8.18098852e-06 1.87390015e-06 0.0
8.68272673e-06 1.21433447e-06 0.0
9.41880626e-06 6.9671654e-07 0.0
1.02860758e-05 3.75844053e-07 0.0
1.12039379e-05 2.46275931e-07 0.0
1.25977394e-05 3.64238844e-07 0.0
1.30299213e-05 5.16341572e-07 0.0
1.34812817e-05 8.16788429e-07 0.0
1.38963487e-05 1.2559467e-06 0.0
1.42205663e-05 1.83080147e-06 0.0
1.43309635e-05 2.453457e-06 0.0
1.42176168e-05 3.050244e-06 0.0
1.38963978e-05 3.61013122e-06 0.0
1.33923959e-05 4.07972038e-06 0.0
2.59876269e-05 4.65872699e-06 0.0
2.50824087e-05 4.65819812e-06 0.0
2.41760717e-05 4.51661799e-06 0.0
2.34568597e-05 4.26537645e-06 0.0
2.49107561e-05 2.23089773e-06 0.0
2.53253402e-05 2.39284395e-06 0.0
2.56123785e-05 2.61874447e-06 0.0
2.58664459e-05 2.92690743e-06 0.0
2.60399429e-05 3.28579722e-06 0.0
2.60736288e-05 3.69234863e-06 0.0
2.59621756e-05 4.14344504e-06 0.0
2.5679672e-05 4.61430864e-06 0.0
2.52385289e-05 5.03472029e-06 0.0
2.47126063e-05 5.34378023e-06 0.0
2.4132858e-05 5.543528e-06 0.0
2.2912358e-05 5.58600595e-06 0.0
2.23334555e-05 5.40088013e-06 0.0
2.18255191e-05 5.08240601e-06 0.0
2.14301508e-05 4.63287142e-06 0.0
2.11782517e-05 4.09875156e-06 0.0
2.11197112e-05 3.54879626e-06 0.0
2.12771829e-05 3.04498303e-06 0.0
2.16270655e-05 2.63148058e-06 0.0
2.21395549e-05 2.30234605e-06 0.0
2.27958644e-05 2.07798917e-06 0.0
2.35085063e-05 1.98728026e-06 0.0
1.63165059e-05 1.1855245e-07 0.0
1.65813162e-05 2.19622777e-07 0.0
1.66670761e-05 2.84956997e-07 0.0
1.67691614e-05 4.49249285e-07 0.0
1.68467795e-05 6.95326435e-07 0.0
1.68425922e-05 1.00306556e-06 0.0
1.67196049e-05 1.35141704e-06 0.0
1.64138019e-05 1.67342785e-06 0.0
1.59392421e-05 1.97523082e-06 0.0
1.53095152e-05 2.19143931e-06 0.0
1.4568971e-05 2.28652448e-06 0.0
1.33937183e-05 2.19982348e-06 0.0
1.30589615e-05 2.06730624e-06 0.0
1.26802333e-05 1.80116581e-06 0.0
1.23569753e-05 1.49895016e-06 0.0
1.21993608e-05 1.20435163e-06 0.0
1.22151951e-05 8.97350844e-07 0.0
1.24209382e-05 5.66964047e-07 0.0
1.27884114e-05 2.26932727e-07 0.0
1.33402073e-05 -3.7941664e-08 0.0
1.40440825e-05 -1.96626885e-07 0.0
1.48488607e-05 -1.92701677e-07 0.0
2.89864474e-05 3.82241251e-06 0.0
2.94723231e-05 4.03189506e-06 0.0
2.98523082e-05 4.27542636e-06 0.0
3.00554384e-05 4.50367088e-06 0.0
3.00601732e-05 4.73030877e-06 0.0
2.99128569e-05 4.9477726e-06 0.0
2.96166418e-05 5.13778423e-06 0.0
2.92304048e-05 5.26547137e-06 0.0
2.88082083e-05 5.33783896e-06 0.0
2.83550071e-05 5.31617025e-06 0.0
2.76487353e-05 5.473702e-06 0.0
2.72011257e-05 5.42418957e-06 0.0
2.67410305e-05 5.25085306e-06 0.0
2.63256461e-05 4.87221087e-06 0.0
2.60807901e-05 4.38140705e-06 0.0
2.61947735e-05 4.0457312e-06 0.0
2.65441904e-05 3.85562589e-06 0.0
2.69738684e-05 3.74566685e-06 0.0
2.74217582e-05 3.72972522e-06 0.0
2.79182423e-05 3.69996587e-06 0.0
3.89717752e-05 3.33039225e-06 0.0
4.01179859e-05 3.92425272e-06 0.0
4.08256783e-05 4.62427397e-06 0.0
4.09136555e-05 4.90844013e-06 0.0
4.09408967e-05 5.30775742e-06 0.0
4.09073618e-05 5.81552831e-06 0.0
4.07367625e-05 6.35145034e-06 0.0
4.04101447e-05 6.83757207e-06 0.0
3.99302662e-05 7.30517286e-06 0.0
3.92809779e-05 7.83855558e-06 0.0
3.83503175e-05 8.24008657e-06 0.0
3.6179259e-05 8.34445291e-06 0.0
3.50748742e-05 7.93183153e-06 0.0
3.40298575e-05 7.19869604e-06 0.0
3.32459713e-05 6.24081986e-06 0.0
3.33495918e-05 5.70095926e-06 0.0
3.35882542e-05 5.21980837e-06 0.0
3.39553808e-05 4.64891127e-06 0.0
3.44711079e-05 4.11682686e-06 0.0
3.51348972e-05 3.6307481e-06 0.0
3.59219703e-05 3.24327175e-06 0.0
3.68276123e-05 3.04176319e-06 0.0
2.79374763e-05 3.28677697e-06 0.0
2.82352812e-05 3.27046655e-06 0.0
2.85327005e-05 3.323079e-06 0.0
2.8777331e-05 3.43689794e-06 0.0
2.89436794e-05 3.62840569e-06 0.0
2.89985474e-05 3.89321985e-06 0.0
2.89312375e-05 4.20445485e-06 0.0
2.86979321e-05 4.49955996e-06 0.0
2.83401241e-05 4.69195083e-06 0.0
2.7912607e-05 4.77533013e-06 0.0
2.74562153e-05 4.75871502e-06 0.0
2.6527041e-05 4.45541536e-06 0.0
2.63041111e-05 4.33045807e-06 0.0
2.6226211e-05 4.29097872e-06 0.0
2.61495552e-05 4.17277988e-06 0.0
2.610704e-05 3.9861784e-06 0.0
2.61396344e-05 3.78360483e-06 0.0
2.62559843e-05 3.60709942e-06 0.0
2.64761566e-05 3.47548553e-06 0.0
2.67845007e-05 3.41700297e-06 0.0
2.71064546e-05 3.40866609e-06 0.0
2.74673166e-05 3.46350089e-06 0.0
2.89277232e-05 4.12942472e-06 0.0
2.98870291e-05 4.47731463e-06 0.0
3.08146773e-05 5.09162601e-06 0.0
3.16949408e-05 6.00375915e-06 0.0
3.17546401e-05 6.62519278e-06 0.0
3.14901954e-05 7.00836654e-06 0.0
3.11665681e-05 7.43590363e-06 0.0
3.075309e-05 7.84798522e-06 0.0
3.02506651e-05 8.20062814e-06 0.0
2.96260278e-05 8.47455976e-06 0.0
2.89106447e-05 8.67751532e-06 0.0
2.80472741e-05 8.77334878e-06 0.0
2.62283847e-05 8.59070315e-06 0.0
2.56731619e-05 8.47419687e-06 0.0
2.52496811e-05 8.25291409e-06 0.0
2.49192308e-05 7.91659477e-06 0.0
2.46646923e-05 7.50407753e-06 0.0
2.45185929e-05 7.02191119e-06 0.0
2.45299871e-05 6.49690537e-06 0.0
2.46728832e-05 5.9344452e-06 0.0
2.5012303e-05 5.33495177e-06 0.0
2.55685027e-05 4.787119e-06 0.0
2.62750291e-05 4.37047674e-06 0.0
2.70994169e-05 4.10838447e-06 0.0
4.52271197e-05 7.99016561e-06 0.0
4.33054811e-05 7.34594914e-06 0.0
2.47591834e-05 4.29706643e-06 0.0
2.37990353e-05 3.83741826e-06 0.0
2.34206527e-05 4.23469737e-06 0.0
2.32373277e-05 4.82208998e-06 0.0
2.28024401e-05 5.06283277e-06 0.0
2.18714886e-05 5.10264863e-06 0.0
2.03926065e-05 5.08386393e-06 0.0
1.84173841e-05 5.10170003e-06 0.0
1.61126391e-05 4.96610073e-06 0.0
1.39972517e-05 4.61520722e-06 0.0
7.55587052e-06 3.37253823e-06 0.0
6.04518027e-06 2.85728993e-06 0.0
4.21420054e-06 1.97929467e-06 0.0
2.11247288e-06 1.01409501e-06 0.0
2.65884665e-08 1.28841498e-06 0.0
1.37968459e-06 -1.83778468e-06 0.0
1.61850346e-06 -1.4112361e-06 0.0
2.75105594e-06 -2.52505424e-06 0.0
3.74490037e-06 -3.39439651e-07 0.0
4.98242071e-06 1.48226889e-06 0.0
6.0110051e-06 2.33580772e-06 0.0
6.78518609e-06 2.46658942e-06 0.0
7.37152141e-06 2.14218676e-06 0.0
8.41233123e-06 1.99376314e-06 0.0
9.6672411e-06 2.46694208e-06 0.0
1.09941075e-05 3.48716321e-06 0.0
1.23051623e-05 4.37862582e-06 0.0
1.35142318e-05 4.58648537e-06 0.0
1.44231863e-05 3.82138296e-06 0.0
1.45112826e-05 2.87208741e-06 0.0
1.42571416e-05 1.51159838e-06 0.0
1.40116599e-05 4.00294141e-07 0.0
1.40115308e-05 -2.47826648e-07 0.0
1.61576227e-05 1.01409501e-06 0.0
1.82593503e-05 1.97929467e-06 0.0
2.00903305e-05 2.85728993e-06 0.0
2.16010212e-05 3.37253823e-06 0.0
2.80424028e-05 4.61520722e-06 0.0
3.01577893e-05 4.96610073e-06 0.0
3.24625362e-05 5.10170003e-06 0.0
3.44377586e-05 5.08386393e-06 0.0
3.5916637e-05 5.10264863e-06 0.0
3.68475885e-05 5.06283277e-06 0.0
3.72824761e-05 4.82208998e-06 0.0
3.74658048e-05 4.23469737e-06 0.0
3.78441873e-05 3.83741826e-06 0.0
3.88043336e-05 4.29706643e-06 0.0
5.73506331e-05 7.34594914e-06 0.0
5.92722718e-05 7.99016561e-06 0.0
6.12007279e-05 8.46502371e-06 0.0
6.12008589e-05 9.11314419e-06 0.0
6.14463424e-05 1.02244485e-05 0.0
6.17004844e-05 1.15849371e-05 0.0
6.16123871e-05 1.25342331e-05 0.0
6.07034308e-05 1.32993355e-05 0.0
5.94943631e-05 1.30914759e-05 0.0
5.81833083e-05 1.22000129e-05 0.0
5.68564428e-05 1.11797917e-05 0.0
5.56015329e-05 1.07066135e-05 0.0
5.45607218e-05 1.08550366e-05 0.0
5.39743851e-05 1.11794398e-05 0.0
5.3200205e-05 1.10486581e-05 0.0
5.21716211e-05 1.01951191e-05 0.0
5.09341007e-05 8.37341031e-06 0.0
4.99402558e-05 6.18779586e-06 0.0
4.88077021e-05 7.301614e-06 0.0
4.85688834e-05 6.87506508e-06 0.0
4.72157881e-05 1.00012649e-05 0.0
3.94393719e-05 5.73279658e-06 0.0
1.67114467e-05 3.26832742e-06 0.0
4.42851524e-05 7.51712332e-06 0.0
1.18381286e-05 1.35852304e-06 0.0
3.50061455e-05 4.13705857e-06 0.0
3.76542084e-05 5.97480812e-06 0.0
4.10868233e-05 5.09087704e-06 0.0
1.07532978e-05 6.4703265e-08 0.0
4.09029999e-05 4.80532071e-06 0.0
2.0704445e-05 5.26134045e-06 0.0
3.26570043e-05 7.86202145e-06 0.0
2.9777224e-05 5.532042e-06 0.0
2.74849044e-05 4.17312322e-06 0.0
2.19934118e-05 2.07652579e-06 0.0
3.08817434e-05 4.5652273e-06 0.0
1.4942726e-05 3.37380902e-06 0.0
4.16758121e-05 7.78146023e-06 0.0
1.16348174e-05 -1.50400822e-07 0.0
2.20672064e-05 2.99721228e-06 0.0
3.85417115e-05 7.41239364e-06 0.0
2.51725432e-05 3.96685118e-06 0.0
3.40908991e-05 5.22321625e-06 0.0
3.85756539e-05 4.78821039e-06 0.0
1.92493171e-05 4.78049242e-06 0.0
4.35628717e-05 7.89700425e-06 0.0
1.74149809e-05 2.58903287e-06 0.0
1.13516053e-05 2.42196984e-06 0.0
4.4473396e-05 9.83785048e-06 0.0
3.72748764e-05 6.57497549e-06 0.0
7.22064624e-06 -5.50869231e-07 0.0
2.16491935e-05 2.48516562e-06 0.0
1.68762817e-05 1.3419351e-06 0.0
4.75684174e-05 7.70106362e-06 0.0
1.35089458e-05 1.34093193e-06 0.0
3.71965107e-05 6.44742158e-06 0.0
2.47992084e-05 3.83713768e-06 0.0
1.984341e-05 2.23428196e-06 0.0
4.39975811e-05 5.40624887e-06 0.0
4.01425605e-05 7.39484904e-06 0.0
3.36526027e-05 3.33158459e-06 0.0
3.2465945e-05 7.48598586e-06 0.0
3.1750671e-05 4.1299304e-06 0.0
4.16582225e-05 6.16978377e-06 0.0
5.07807954e-06 -6.60036392e-07 0.0
3.69134541e-05 5.15902366e-06 0.0
2.12925825e-05 6.04822026e-06 0.0
9.32005605e-06 -1.0434436e-06 0.0
3.37928614e-05 4.32777551e-06 0.0
1.41604623e-05 1.67797077e-06 0.0
2.87611711e-05 3.97155918e-06 0.0
4.09649583e-05 4.52552285e-06 0.0
3.17961312e-05 6.50563334e-06 0.0
1.2111519e-05 2.77011281e-06 0.0
3.04263176e-05 7.59222257e-06 0.0
2.24961605e-05 6.13213297e-06 0.0
3.88096259e-06 2.91513788e-06 0.0
2.44242347e-05 4.33917512e-06 0.0
2.76715728e-05 4.12049985e-06 0.0
1.50245623e-05 4.0170703e-06 0.0
2.95583886e-05 4.71424937e-06 0.0
1.55874932e-05 1.81109976e-06 0.0
8.42395457e-06 1.45837191e-06 0.0
2.30288915e-05 2.35925836e-06 0.0
1.97796144e-05 1.3864252e-06 0.0
2.86501127e-05 4.47330012e-06 0.0
1.428417e-05 2.28936278e-06 0.0
1.59529118e-05 2.4058927e-06 0.0
5.11160624e-06 -4.25213017e-07 0.0
5.46295996e-05 1.18447742e-05 0.0
3.15083089e-05 4.40396116e-06 0.0
7.55485098e-06 -8.77683078e-07 0.0
3.64583648e-05 3.83357337e-06 0.0
2.57095653e-05 3.50403116e-06 0.0
1.83111915e-05 4.60256297e-06 0.0
3.02038134e-05 6.19376715e-06 0.0
2.63135771e-05 3.89381239e-06 0.0
2.00780305e-05 3.61366074e-06 0.0
4.70462001e-05 9.5884061e-06 0.0
3.57571407e-05 5.69650638e-06 0.0
3.92436341e-05 4.35586571e-06 0.0
3.55006268e-05 7.73877491e-06 0.0
3.91173817e-05 6.15719773e-06 0.0
1.79176095e-05 4.82539735e-06 0.0
3.39167163e-05 8.08227742e-06 0.0
8.2889992e-06 -1.55889381e-06 0.0
4.89279519e-05 9.0608919e-06 0.0
3.45242734e-05 5.56842815e-06 0.0
4.03108243e-05 8.6774844e-06 0.0
4.46450722e-05 7.46938986e-06 0.0
4.47111197e-05 8.95496942e-06 0.0
6.37822268e-06 -1.72676675e-06 0.0
3.57317695e-05 6.62524099e-06 0.0
9.79305332e-06 3.74009716e-07 0.0
3.91568428e-05 7.00168448e-06 0.0
2.4208075e-05 3.54895087e-06 0.0
3.25916408e-05 6.77492835e-06 0.0
3.02202934e-05 5.08297762e-06 0.0
3.97693584e-05 5.28138889e-06 0.0
1.8294686e-05 3.67030475e-06 0.0
4.26465012e-05 9.47524768e-06 0.0
2.02552419e-05 1.29574232e-06 0.0
1.47009705e-05 1.93428946e-06 0.0
4.13989801e-05 5.25590713e-06 0.0
2.4295161e-05 2.89026593e-06 0.0
3.70319976e-05 6.23156166e-06 0.0
4.2923657e-05 6.48136847e-06 0.0
2.19640006e-05 3.33534103e-06 0.0
2.24644828e-05 6.79185405e-06 0.0
4.53653738e-05 1.06592479e-05 0.0
2.32816838e-05 3.27874682e-06 0.0
1.68346123e-05 3.6883589e-06 0.0
4.54887013e-05 6.04450724e-06 0.0
3.88475237e-05 7.61453975e-06 0.0
3.95853131e-05 8.29626242e-06 0.0
3.62544888e-05 5.76598222e-06 0.0
4.95192871e-05 8.01191163e-06 0.0
2.02904212e-05 2.34617346e-06 0.0
4.34062022e-05 8.30892805e-06 0.0
4.02844453e-05 4.37153312e-06 0.0
4.23033089e-05 7.28473833e-06 0.0
3.00099382e-05 4.8576826e-06 0.0
1.70847106e-05 1.59065519e-06 0.0
2.6257414e-05 3.90757759e-06 0.0
3.80283927e-05 5.09908841e-06 0.0
2.71938407e-05 4.21978302e-06 0.0
3.053826e-05 7.02441002e-06 0.0
2.60780216e-05 3.98524071e-06 0.0
4.60552255e-05 5.58468901e-06 0.0
4.84703487e-05 7.86879809e-06 0.0
4.07972402e-05 4.6355799e-06 0.0
2.48048163e-05 3.98174234e-06 0.0
4.08679625e-05 6.51227401e-06 0.0
3.14122663e-05 3.34564629e-06 0.0
3.24461362e-05 4.84384418e-06 0.0
2.35694115e-05 3.37253141e-06 0.0
3.63319486e-05 5.42367297e-06 0.0
4.13749331e-05 8.65278707e-06 0.0
2.20996553e-05 2.73169235e-06 0.0
2.94150177e-05 4.47848197e-06 0.0
4.30649779e-05 4.81730058e-06 0.0
1.26929444e-05 2.95945051e-06 0.0
2.05015604e-05 5.629523e-06 0.0
3.51161179e-05 8.07512424e-06 0.0
1.9169509e-05 2.38768621e-06 0.0
1.38407268e-05 2.83674717e-06 0.0
1.33681624e-05 1.0283123e-07 0.0
1.4553344e-05 9.31854061e-07 0.0
2.22589279e-05 6.37447101e-06 0.0
1.75737023e-05 4.65874291e-06 0.0
1.08270033e-05 6.06509673e-07 0.0
2.25496551e-05 2.92805271e-06 0.0
6.21451045e-06 4.73788475e-07 0.0
1.957928e-05 4.73953196e-06 0.0
3.54671974e-05 4.41794464e-06 0.0
7.91966886e-06 -1.80842505e-06 0.0
2.93831181e-05 7.04347576e-06 0.0
1.97968948e-05 1.74309957e-06 0.0
3.19232386e-05 7.06834498e-06 0.0
7.15675515e-06 1.35466451e-07 0.0
1.74003217e-05 1.75794139e-06 0.0
4.77931171e-05 6.72159786e-06 0.0
3.26675363e-05 3.40128963e-06 0.0
2.85890383e-05 5.20525919e-06 0.0
3.40893384e-05 4.57889792e-06 0.0
1.78565242e-05 1.10026201e-06 0.0
3.23897002e-05 5.53106611e-06 0.0
5.70407392e-05 1.26385967e-05 0.0
2.81151752e-05 3.59537444e-06 0.0
5.34040155e-05 1.09009188e-05 0.0
4.81934767e-05 9.2648188e-06 0.0
1.94908225e-05 1.37723043e-06 0.0
1.53960355e-05 4.65955827e-06 0.0
4.56351409e-05 9.16495719e-06 0.0
4.09498534e-05 8.72498094e-06 0.0
3.7682621e-05 3.80523898e-06 0.0
1.88441809e-05 2.48314609e-06 0.0
4.03056074e-05 6.88360251e-06 0.0
2.55216546e-05 3.32798686e-06 0.0
4.24251411e-05 5.71509599e-06 0.0
3.10431824e-06 -9.32336093e-07 0.0
3.24991051e-05 6.60577598e-06 0.0
4.30096225e-05 8.53767779e-06 0.0
3.45664448e-05 5.45164403e-06 0.0
1.89947673e-06 1.92453786e-06 0.0
4.18812597e-05 4.6671953e-06 0.0
8.94312234e-06 9.22111596e-08 0.0
4.51970009e-05 9.05222714e-06 0.0
4.52414388e-05 8.77168623e-06 0.0
5.43834722e-05 1.1006412e-05 0.0
3.47664209e-05 5.35657864e-06 0.0
9.77446143e-06 2.54932206e-06 0.0
4.35086622e-05 5.36791549e-06 0.0
2.75256989e-05 4.26650968e-06 0.0
2.56293933e-05 4.73944192e-06 0.0
3.33303033e-05 4.09993027e-06 0.0
4.7193811e-05 1.0754251e-05 0.0
4.31359404e-05 7.89109436e-06 0.0
3.19157189e-05 8.11935752e-06 0.0
3.85924941e-05 7.25485779e-06 0.0
2.75502171e-05 3.55855468e-06 0.0
3.6785048e-05 4.32836168e-06 0.0
1.44948499e-05 1.83312045e-06 0.0
1.45134154e-05 4.54994051e-06 0.0
2.46507443e-05 3.30609214e-06 0.0
1.15687508e-05 1.90952142e-06 0.0
4.54768779e-05 6.75032379e-06 0.0
3.52833122e-05 4.97439942e-06 0.0
2.46544387e-05 4.70249097e-06 0.0
3.06943402e-05 6.13138945e-06 0.0
4.75870547e-06 -1.85172621e-06 0.0
4.91117571e-05 7.73322427e-06 0.0
8.557814e-06 2.33891024e-06 0.0
2.89245654e-05 4.38500683e-06 0.0
2.30326605e-05 6.37511721e-06 0.0
4.06465842e-05 9.13358599e-06 0.0
3.53915566e-05 8.07985089e-06 0.0
4.24004756e-05 7.10864788e-06 0.0
9.15754754e-06 -3.85624475e-07 0.0
9.0345402e-06 7.31999194e-07 0.0
1.66117788e-05 2.82288602e-06 0.0
1.14824943e-05 1.64085975e-07 0.0
1.85109766e-05 4.23870915e-06 0.0
3.56961718e-05 3.46134357e-06 0.0
3.59181904e-05 5.55473343e-06 0.0
5.32881641e-05 1.15854764e-05 0.0
2.12987434e-05 4.36887058e-06 0.0
2.07441062e-05 5.63433878e-06 0.0
5.42273574e-06 3.19982246e-06 0.0
1.73438912e-05 2.16122771e-06 0.0
5.79542357e-05 7.54553093e-06 0.0
3.74384799e-05 7.07316894e-06 0.0
4.34488175e-05 1.02999975e-05 0.0
3.90138375e-05 8.17059026e-06 0.0
2.5058207e-05 3.49097695e-06 0.0
2.73218302e-05 5.31403066e-06 0.0
3.94415547e-05 4.01313491e-06 0.0
1.33701451e-05 1.33742299e-06 0.0
4.88866608e-05 7.77994683e-06 0.0
2.3875331e-05 3.05734966e-06 0.0
3.80282381e-06 2.97021097e-06 0.0
3.00930642e-05 4.27900795e-06 0.0
2.4646286e-05 4.28142539e-06 0.0
1.95969587e-05 5.30882653e-06 0.0
4.21029072e-05 8.91273885e-06 0.0
3.5385392e-06 -1.19822471e-06 0.0
2.48726992e-05 4.95821814e-06 0.0
4.62003227e-05 6.18491367e-06 0.0
1.49381003e-05 3.20804224e-06 0.0
4.52478562e-05 8.88391878e-06 0.0
2.50304356e-06 -1.55032501e-06 0.0
4.76833666e-05 8.80462267e-06 0.0
1.63648656e-05 2.27127953e-06 0.0
1.78638438e-05 3.91523508e-06 0.0
2.57734428e-05 4.08070764e-06 0.0
4.49316321e-05 6.06418462e-06 0.0
2.48832566e-05 2.87590387e-06 0.0
4.82649557e-05 9.6155527e-06 0.0
3.52971801e-05 8.35690389e-06 0.0
6.88164982e-06 -4.73590376e-07 0.0
2.68589956e-05 3.51907579e-06 0.0
5.37922533e-05 1.0602932e-05 0.0
1.26453697e-05 1.28251543e-06 0.0
1.06917969e-05 2.52462542e-06 0.0
4.56587113e-05 7.51632933e-06 0.0
3.73340263e-05 7.77575588e-06 0.0
3.37975689e-05 7.83255837e-06 0.0
4.71455241e-05 6.04813658e-06 0.0
1.41752653e-05 1.39256588e-06 0.0
1.50670694e-05 1.05781953e-06 0.0
1.85231074e-05 1.34428046e-06 0.0
3.95313546e-05 7.97364919e-06 0.0
4.89505182e-05 7.62520949e-06 0.0
2.8900442e-05 4.70718123e-06 0.0
3.82961844e-05 5.616625e-06 0.0
1.95796911e-05 5.1212196e-06 0.0
5.28370474e-05 1.11123418e-05 0.0
4.68710568e-05 6.33789114e-06 0.0
3.36914854e-05 5.30948819e-06 0.0
3.97919866e-05 4.88526393e-06 0.0
2.86304276e-05 5.86747637e-06 0.0
1.64633566e-05 2.97727502e-06 0.0
1.33158619e-05 1.24575251e-06 0.0
4.00931312e-05 8.11583141e-06 0.0
2.62595804e-05 4.12174677e-06 0.0
4.02986261e-05 8.57466057e-06 0.0
3.37496167e-05 3.6363997e-06 0.0
3.58780417e-05 5.84424333e-06 0.0
1.91584495e-05 8.49975606e-07 0.0
2.49044551e-05 3.81798691e-06 0.0
1.79758863e-05 1.86871239e-06 0.0
4.21653422e-05 5.51125777e-06 0.0
4.289356e-05 5.99277746e-06 0.0
1.65759775e-05 2.68306644e-06 0.0
1.63187287e-05 6.50318782e-07 0.0
7.13573263e-06 3.54127201e-06 0.0
3.68360998e-05 5.90072614e-06 0.0
7.85209522e-06 2.36503013e-07 0.0
3.14510435e-05 4.67699556e-06 0.0
3.59116966e-05 7.81170093e-06 0.0
4.46525519e-05 4.83784333e-06 0.0
3.21387088e-05 4.36061555e-06 0.0
2.38535631e-05 3.29967497e-06 0.0
5.0758812e-05 9.96499239e-06 0.0
3.43325664e-05 4.73486898e-06 0.0
4.37129929e-05 5.61307843e-06 0.0
3.20145627e-05 5.12404631e-06 0.0
9.8863211e-06 -6.83271026e-07 0.0
2.3034474e-05 4.21717505e-06 0.0
1.20664563e-05 7.7147979e-07 0.0
4.59590156e-05 1.0679536e-05 0.0
5.04330892e-05 9.80708865e-06 0.0
5.79889384e-05 1.22735728e-05 0.0
2.30649148e-05 2.94433448e-06 0.0
3.03825218e-05 5.82469374e-06 0.0
5.33154389e-06 -2.79617507e-06 0.0
7.3774504e-06 -6.4421009e-08 0.0
2.50877474e-05 4.46485456e-06 0.0
4.03811027e-05 4.63504193e-06 0.0
6.80005905e-06 -1.4026939e-06 0.0
2.59769167e-05 4.68841336e-06 0.0
2.88412539e-05 4.51769665e-06 0.0
2.82944056e-05 4.39847599e-06 0.0
7.84384792e-06 -3.51784536e-07 0.0
3.62545179e-05 4.17200454e-06 0.0
3.21220323e-05 4.90301227e-06 0.0
3.3037777e-05 6.27338613e-06 0.0
3.90276691e-05 6.44168449e-06 0.0
3.097015e-05 4.92696518e-06 0.0
1.73266781e-05 2.81612415e-06 0.0
4.92262843e-05 6.22814287e-06 0.0
3.20200888e-05 3.74863976e-06 0.0
3.62889587e-05 4.68856706e-06 0.0
4.38618044e-05 6.38221582e-06 0.0
1.59551382e-05 2.93337553e-06 0.0
2.91164979e-05 3.68345104e-06 0.0
2.47474527e-05 3.50400342e-06 0.0
1.20256909e-05 1.2929537e-06 0.0
3.37590791e-05 5.7543225e-06 0.0
2.12490413e-05 2.14217539e-06 0.0
4.64315708e-05 8.37288189e-06 0.0
1.91416239e-05 1.80625671e-06 0.0
4.28093845e-05 4.6538421e-06 0.0
1.58990188e-05 3.87688533e-06 0.0
3.13406017e-05 3.28108263e-06 0.0
5.18653724e-05 1.08771092e-05 0.0
4.15524883e-05 6.79521645e-06 0.0
2.45932151e-05 4.63826973e-06 0.0
4.23720012e-05 5.1613556e-06 0.0
1.79918861e-05 2.59654621e-06 0.0
4.10145258e-05 5.51127232e-06 0.0
2.09386999e-05 2.68073745e-06 0.0
1.59173906e-05 2.58458476e-06 0.0
1.48838271e-05 2.77093704e-06 0.0
1.55466187e-05 2.54566817e-06 0.0
2.29961606e-05 6.82216205e-06 0.0
4.28333224e-05 4.84559951e-06 0.0
1.29068994e-05 9.05689888e-07 0.0
5.31275145e-05 1.07812075e-05 0.0
4.03736412e-05 5.82938355e-06 0.0
3.28448587e-05 7.70364841e-06 0.0
6.75244382e-06 -1.79159213e-06 0.0
4.22570301e-05 6.71179214e-06 0.0
5.35652071e-05 1.05150721e-05 0.0
4.38256975e-05 6.71217686e-06 0.0
2.44515049e-05 3.72850604e-06 0.0
3.04960595e-05 8.05755826e-06 0.0
1.14661325e-05 1.00989598e-06 0.0
1.31474808e-05 2.9466969e-06 0.0
3.69061718e-06 -3.11708072e-06 0.0
2.81003267e-05 4.29216971e-06 0.0
3.97856493e-05 6.22101561e-06 0.0
1.50061924e-05 1.1777546e-06 0.0
1.71671127e-05 2.59049284e-06 0.0
2.96374637e-05 4.59305602e-06 0.0
3.83184088e-05 3.66061317e-06 0.0
1.29043083e-05 1.1042689e-06 0.0
2.37754484e-05 7.36955735e-06 0.0
2.75288166e-05 4.52167978e-06 0.0
2.9603927e-05 6.17354135e-06 0.0
2.17401303e-05 2.02660499e-06 0.0
4.71735939e-06 -9.50935998e-07 0.0
3.07719129e-05 4.88186333e-06 0.0
4.2951473e-05 6.59432044e-06 0.0
1.57445156e-05 1.60947695e-06 0.0
1.03799503e-05 -9.04240721e-07 0.0
2.35053631e-05 2.92521145e-06 0.0
5.66141207e-05 1.21987232e-05 0.0
5.23924173e-05 1.10593073e-05 0.0
1.60312266e-05 4.21081359e-06 0.0
1.82269887e-05 4.30597629e-06 0.0
1.18489397e-05 -4.66964394e-07 0.0
4.03684571e-05 4.56385624e-06 0.0
5.10414538e-05 1.06296065e-05 0.0
1.40830525e-05 1.23625614e-06 0.0
3.526008e-05 3.7308123e-06 0.0
3.31756019e-05 7.52112464e-06 0.0
3.45553708e-05 4.01032366e-06 0.0
2.38459643e-06 2.63479774e-06 0.0
3.06947404e-05 4.76084278e-06 0.0
8.20717287e-06 -1.31705372e-06 0.0
3.55123666e-05 5.0435915e-06 0.0
4.61644122e-05 8.24947983e-06 0.0
1.75155965e-05 2.22495692e-06 0.0
2.02504652e-05 5.36338348e-06 0.0
2.82712554e-05 4.45297974e-06 0.0
2.99927397e-05 3.56536088e-06 0.0
5.86133228e-06 3.30285752e-06 0.0
1.25963061e-05 3.44113596e-06 0.0
4.21882723e-05 9.94780839e-06 0.0
3.32762393e-05 3.97285521e-06 0.0
1.53467608e-05 5.05822572e-06 0.0
2.70824094e-05 4.28816975e-06 0.0
2.13348103e-05 5.28418286e-06 0.0
2.18951664e-05 1.85589818e-06 0.0
1.54879144e-05 3.57777617e-06 0.0
1.87418846e-05 3.27107182e-06 0.0
4.39746364e-05 6.25531584e-06 0.0
4.65202575e-05 1.02046633e-05 0.0
4.10603898e-05 9.28249847e-06 0.0
3.29104296e-05 5.82413259e-06 0.0
2.48362776e-05 3.10027531e-06 0.0
3.63672461e-06 2.37258473e-06 0.0
2.07700668e-05 2.9377436e-06 0.0
2.03270993e-05 3.06487073e-06 0.0
2.97204087e-06 -1.06535458e-06 0.0
2.70990549e-05 3.88428998e-06 0.0
2.1918835e-05 2.81475377e-06 0.0
4.26922998e-05 8.66350001e-06 0.0
4.91018545e-05 9.68781842e-06 0.0
3.92191832e-05 7.28625719e-06 0.0
1.77256825e-05 2.11668134e-06 0.0
2.10600992e-05 2.12042414e-06 0.0
6.93642642e-06 1.77237348e-06 0.0
2.20682505e-05 4.69406814e-06 0.0
3.41931191e-05 4.434532e-06 0.0
3.737921e-05 3.70464886e-06 0.0
3.16795304e-05 7.86703367e-06 0.0
2.85078313e-05 4.60871888e-06 0.0
1.93066644e-05 5.5692326e-06 0.0
3.08878443e-05 6.0975849e-06 0.0
3.13354285e-05 5.42434282e-06 0.0
3.94581821e-06 -1.12951886e-06 0.0
9.68503355e-06 2.55775376e-06 0.0
1.67638973e-05 5.01411068e-06 0.0
3.35237673e-05 7.97780285e-06 0.0
2.29272155e-05 5.34534411e-06 0.0
4.67176433e-05 8.28652719e-06 0.0
3.44741748e-05 4.70949135e-06 0.0
1.97918016e-05 2.22256017e-06 0.0
3.78515469e-05 5.83343854e-06 0.0
3.36121011e-05 7.34892956e-06 0.0
1.90726096e-05 1.74925219e-06 0.0
2.66978641e-05 4.1561716e-06 0.0
3.8256785e-05 8.07066954e-06 0.0
2.89481777e-05 5.52466054e-06 0.0
1.9871939e-05 4.26829138e-06 0.0
1.52217635e-05 1.71786394e-06 0.0
2.74334525e-05 3.54137683e-06 0.0
1.5740894e-05 3.70751479e-07 0.0
2.36317028e-05 5.33355342e-06 0.0
4.09116255e-05 6.73582281e-06 0.0
4.21890181e-05 7.10824543e-06 0.0
4.61751442e-05 9.01152907e-06 0.0
2.28380341e-05 6.3147213e-06 0.0
3.22615888e-05 8.01962778e-06 0.0
1.18475264e-05 2.6610121e-06 0.0
3.80906931e-05 7.11679377e-06 0.0
1.83281209e-05 6.34986066e-07 0.0
2.88663487e-05 5.05682056e-06 0.0
3.75903874e-05 6.31917828e-06 0.0
2.65258332e-05 4.39331006e-06 0.0
1.93074138e-05 1.80832421e-06 0.0
4.41234879e-05 8.38131655e-06 0.0
1.70906205e-05 3.38130326e-06 0.0
1.68515489e-05 2.09763334e-06 0.0
8.71118482e-06 4.65672116e-07 0.0
5.90464842e-05 8.18402259e-06 0.0
3.63093459e-05 5.69481699e-06 0.0
2.51776473e-05 3.12402312e-06 0.0
1.55585076e-05 3.82792996e-06 0.0
2.31815848e-05 2.85873398e-06 0.0
2.26345637e-05 5.276916e-06 0.0
2.13199492e-05 6.15034514e-06 0.0
4.8304315e-05 1.05363488e-05 0.0
1.67266462e-05 3.85418207e-06 0.0
3.38635837e-05 7.88316629e-06 0.0
2.38162829e-05 6.54286532e-06 0.0
2.0045014e-05 4.90115644e-06 0.0
3.83999177e-05 7.76132038e-06 0.0
2.64758492e-05 3.7819409e-06 0.0
3.1929354e-05 6.96563666e-06 0.0
4.70984014e-05 9.54389452e-06 0.0
2.58651889e-05 3.25194583e-06 0.0
4.37607814e-05 8.27788244e-06 0.0
3.25924193e-05 5.36009065e-06 0.0
1.01838723e-05 -3.97064156e-07 0.0
4.15902032e-05 4.77114645e-06 0.0
3.68261826e-05 3.56679084e-06 0.0
1.58684197e-05 3.25153928e-06 0.0
2.68749118e-05 3.33008484e-06 0.0
1.73603003e-05 3.344996e-06 0.0
2.51993206e-05 3.65464211e-06 0.0
5.41327463e-05 1.04704086e-05 0.0
4.36819355e-05 7.28289024e-06 0.0
4.62361568e-05 8.70868826e-06 0.0
3.07224072e-05 4.47259163e-06 0.0
4.17389492e-05 9.83385326e-06 0.0
3.1289841e-05 4.99217913e-06 0.0
5.30245743e-05 1.08285994e-05 0.0
4.45733967e-05 7.03002843e-06 0.0
3.0162335e-05 4.43729277e-06 0.0
3.0232537e-05 6.18384774e-06 0.0
5.48856406e-05 1.20713166e-05 0.0
6.00658132e-05 8.09814264e-06 0.0
2.75841285e-05 4.72900365e-06 0.0
4.71680469e-05 5.83711517e-06 0.0
1.57710747e-05 2.32700177e-06 0.0
4.35625152e-05 7.87656518e-06 0.0
5.1696029e-06 2.65105723e-06 0.0
2.29507314e-05 3.15885222e-06 0.0
4.67183127e-05 9.84719827e-06 0.0
3.85405292e-05 4.34720187e-06 0.0
2.69979701e-05 4.01815623e-06 0.0
4.66359324e-06 -1.43331738e-06 0.0
4.33262685e-05 6.39791824e-06 0.0
3.27292837e-05 4.56230782e-06 0.0
1.76739013e-05 5.03404544e-06 0.0
3.45157823e-05 3.43427973e-06 0.0
1.53985347e-05 4.50558173e-06 0.0
3.68118708e-05 7.30855299e-06 0.0
4.18451564e-05 7.66473295e-06 0.0
3.91986541e-05 5.35249274e-06 0.0
2.81324992e-05 6.41221823e-06 0.0
3.68795772e-05 7.83076666e-06 0.0
9.99129225e-06 2.04591493e-06 0.0
9.46918021e-07 1.00805846e-06 0.0
4.08456945e-05 7.64273045e-06 0.0
4.99913331e-05 1.04077908e-05 0.0
2.47634925e-05 2.951429e-06 0.0
4.02802216e-05 4.02362321e-06 0.0
2.07220182e-05 5.22253686e-06 0.0
1.31956212e-05 2.46341665e-06 0.0
1.83908141e-05 8.00645182e-07 0.0
3.09182033e-05 4.89665035e-06 0.0
1.02250369e-05 1.40312079e-06 0.0
4.64817786e-05 9.97802181e-06 0.0
2.06706172e-05 1.43877128e-06 0.0
4.25286635e-05 6.88585123e-06 0.0
3.48163157e-05 5.51494077e-06 0.0
4.28408894e-05 4.99212501e-06 0.0
2.82156943e-05 4.07521293e-06 0.0
5.98458837e-06 -2.52407835e-06 0.0
2.74073482e-05 4.17538467e-06 0.0
4.05420433e-05 8.31444231e-06 0.0
1.3030638e-05 1.85741123e-06 0.0
2.63617894e-05 3.30166699e-06 0.0
3.74880874e-05 4.16816374e-06 0.0
2.32827842e-05 2.39475003e-06 0.0
1.14077648e-06 2.39006135e-06 0.0
5.67261304e-06 -8.42720453e-07 0.0
