0.000221124079 0.000374215248 0.0
0.000210616068 0.000361233921 0.0
-0.000113675 0.000386877451 0.0
-9.6470314e-05 0.000369309826 0.0
-9.56020522e-05 0.000392191519 0.0
0.000294555968 0.000369309826 0.0
0.000277351297 0.000386877451 0.0
-6.23532687e-05 0.000559431617 0.0
-7.38817689e-05 0.000553254795 0.0
-6.1254781e-05 0.000543928822 0.0
6.01346292e-05 -1.16683086e-05 0.0
7.16631257e-05 -5.49149627e-06 0.0
2.59499193e-05 0.000523736759 0.0
1.6210075e-05 0.000525858894 0.0
1.95820066e-05 0.00051372865 0.0
0.000150226479 -3.90641981e-05 0.0
0.000159966323 -4.11863512e-05 0.0
0.000358098041 9.27371002e-05 0.0
0.0003444592 8.91204763e-05 0.0
0.000253651378 0.000481184426 0.0
0.000245156116 0.000494444335 0.0
0.000236146007 0.000477616733 0.0
-0.000145870188 0.000494444335 0.0
-0.00013737494 0.000481184426 0.0
-1.41192804e-05 0.000460847485 0.0
-2.58132932e-05 0.000449746178 0.0
0.000168914645 0.000484731718 0.0
0.000153636007 0.000471512583 0.0
0.000158691066 0.000202314419 0.0
0.000142594115 0.000171874519 0.0
1.5890957e-05 0.000103367071 0.0
1.90875344e-05 9.49339301e-05 0.0
3.18441562e-05 0.000105878767 0.0
0.000410113833 9.49339301e-05 0.0
0.000406917243 0.000103367071 0.0
-1.44538944e-05 0.000289342366 0.0
-2.78537573e-05 0.0002661201 0.0
8.83050961e-05 0.000138453339 0.0
7.05369384e-05 0.000105804698 0.0
0.00013034181 0.00024783393 0.0
0.00011490559 0.000251646998 0.0
0.000272640958 0.000327697548 0.0
0.000258130254 0.000308230927 0.0
4.91144638e-05 0.000303446752 0.0
3.24453322e-05 0.000310297386 0.0
0.000257199979 0.00022757113 0.0
0.000241335889 0.000203419972 0.0
-0.000134016402 0.000564923103 0.0
0.0 0.0 0.0
0.000391026289 0.0 0.0
0.000257009902 0.000564923103 0.0
0.000218374087 0.000377094606 0.0
0.000215945503 0.000378652359 0.0
0.000213459731 0.00037943793 0.0
0.000210970335 0.000379229605 0.0
0.000208674552 0.000378679862 0.0
0.000206837984 0.000377561839 0.0
0.000206204815 0.000375567091 0.0
0.000206263721 0.000372742739 0.0
0.000206707162 0.000369419402 0.0
0.000207509162 0.000366186752 0.0
0.000208903133 0.000363491359 0.0
0.000212518557 0.000359319616 0.0
0.000214579995 0.000358181627 0.0
0.000216643137 0.000357819139 0.0
0.000218662273 0.000358329184 0.0
0.000220870628 0.00035935131 0.0
0.000223185925 0.000360683363 0.0
0.000225387703 0.000362046034 0.0
0.000227087017 0.000363349624 0.0
0.000227227996 0.00036548925 0.0
0.000226127318 0.000368096429 0.0
0.00022364709 0.000371013739 0.0
-9.27924993e-05 0.000370740134 0.0
-9.04095432e-05 0.000373052986 0.0
-8.96584097e-05 0.000375731121 0.0
-8.96902857e-05 0.000378992961 0.0
-9.04595072e-05 0.000382903992 0.0
-9.17099751e-05 0.00038649913 0.0
-9.35287826e-05 0.000389773661 0.0
-9.80249461e-05 0.00039360419 0.0
-0.000100766869 0.000393894821 0.0
-0.000103799059 0.000393693976 0.0
-0.000106660205 0.000392907416 0.0
-0.000109100401 0.000391730748 0.0
-0.000111350208 0.000390276837 0.0
-0.000113062633 0.000388601969 0.0
0.000277801009 0.000384248444 0.0
0.000279311411 0.000381368794 0.0
0.000281059765 0.000377359393 0.0
0.000282987196 0.000373866351 0.0
0.000285063405 0.000370623689 0.0
0.00028670812 0.000368264562 0.0
0.000288516108 0.000367543049 0.0
0.000291303732 0.000367818808 0.0
-7.34034911e-05 0.000550429977 0.0
-7.24732527e-05 0.000548054348 0.0
-7.11758039e-05 0.000546497176 0.0
-6.94422488e-05 0.000545447983 0.0
-6.74318653e-05 0.000544664741 0.0
-6.53307434e-05 0.000544173119 0.0
-6.32121883e-05 0.000543955248 0.0
-5.92709257e-05 0.000543962349 0.0
-5.84234331e-05 0.000544912589 0.0
-5.82501343e-05 0.000546671625 0.0
-5.84657719e-05 0.000549069315 0.0
-5.87023169e-05 0.000552113459 0.0
-5.93865916e-05 0.000554709637 0.0
-6.06072608e-05 0.000556955812 0.0
6.97866271e-05 -3.49960419e-06 0.0
6.78775905e-05 -1.99364626e-06 0.0
6.59248471e-05 -1.28067416e-06 0.0
6.37073172e-05 -1.0157778e-06 0.0
6.18260819e-05 -1.03071568e-06 0.0
6.06550893e-05 -1.59567082e-06 0.0
6.01154716e-05 -3.14220483e-06 0.0
5.99284394e-05 -5.63503272e-06 0.0
5.98018996e-05 -8.74830766e-06 0.0
1.49355383e-05 0.000524242932 0.0
1.39426629e-05 0.000522434246 0.0
1.34297616e-05 0.000520481379 0.0
1.32750938e-05 0.00051794789 0.0
1.33878184e-05 0.000515082851 0.0
1.38492205e-05 0.000513329753 0.0
1.50693031e-05 0.000512603146 0.0
1.70038984e-05 0.000513002102 0.0
2.18953028e-05 0.00051418104 0.0
2.39885157e-05 0.000514696352 0.0
2.60066754e-05 0.000515445601 0.0
2.77833296e-05 0.000516304455 0.0
2.88872143e-05 0.000517002656 0.0
2.92516052e-05 0.000517972338 0.0
2.87259427e-05 0.000519453606 0.0
2.74700797e-05 0.000521576207 0.0
0.000158143113 -3.94769522e-05 0.0
0.000156266047 -3.82856051e-05 0.0
0.000154472829 -3.76022253e-05 0.0
0.000152818 -3.74683368e-05 0.0
0.000151522516 -3.7925849e-05 0.0
0.000357732817 9.44793355e-05 0.0
0.00035612451 9.55023788e-05 0.0
0.000353449985 9.64719147e-05 0.0
0.000350129005 9.77045493e-05 0.0
0.000347046269 9.87359599e-05 0.0
0.000344614731 9.90309854e-05 0.0
0.00034340503 9.93295762e-05 0.0
0.000342672429 9.85694787e-05 0.0
0.000342698768 9.72692796e-05 0.0
0.000342869142 9.50790782e-05 0.0
0.000343430846 9.21982428e-05 0.0
0.000345661421 8.66721821e-05 0.0
0.000347251131 8.43916132e-05 0.0
0.000348957634 8.27674885e-05 0.0
0.000350661197 8.16086758e-05 0.0
0.000352226343 8.09805788e-05 0.0
0.000353339565 8.08977638e-05 0.0
0.000354198972 8.15668827e-05 0.0
0.000354899938 8.30960707e-05 0.0
0.000355814263 8.53318124e-05 0.0
0.000356540346 8.77633138e-05 0.0
0.00035718357 9.02046377e-05 0.0
0.000242397437 0.000495024375 0.0
0.000239777364 0.00049527915 0.0
0.000237524699 0.000495137705 0.0
0.00023619167 0.000493941479 0.0
0.000235559681 0.000491917308 0.0
0.000234785912 0.000489093305 0.0
0.000234167674 0.000485424534 0.0
0.000234031715 0.00048217905 0.0
0.000234477498 0.000479631533 0.0
0.000238727327 0.000475657784 0.0
0.000241388465 0.000474139466 0.0
0.000244119132 0.000473382621 0.0
0.000246821699 0.000473636028 0.0
0.000249142031 0.000474374887 0.0
0.000251426449 0.000475129171 0.0
0.000253330625 0.000475961715 0.0
0.000254244864 0.000476564048 0.0
0.000254406332 0.000478517875 0.0
-0.000138097283 0.000484395307 0.0
-0.000139142518 0.000487552636 0.0
-0.000140324322 0.000490266189 0.0
-0.000141873315 0.0004924651 0.0
-0.000143694007 0.000493654283 0.0
-1.53513247e-05 0.000463251054 0.0
-1.64440389e-05 0.000465733843 0.0
-1.73682347e-05 0.000467267208 0.0
-1.87326204e-05 0.000467838516 0.0
-2.0876867e-05 0.000467447797 0.0
-2.39709825e-05 0.000466449885 0.0
-2.63913644e-05 0.000465636957 0.0
-2.79355227e-05 0.000464398559 0.0
-2.8499564e-05 0.000462361699 0.0
-2.80733602e-05 0.000459806208 0.0
-2.77095642e-05 0.000456314883 0.0
-2.68613276e-05 0.000452534732 0.0
-2.44198e-05 0.000447559112 0.0
-2.23343759e-05 0.000446455582 0.0
-1.97886347e-05 0.000445803482 0.0
-1.70258845e-05 0.000445259648 0.0
-1.44655851e-05 0.000445062818 0.0
-1.2285328e-05 0.000445241894 0.0
-1.13983297e-05 0.00044619554 0.0
-1.12833141e-05 0.00044777157 0.0
-1.13099277e-05 0.000450052932 0.0
-1.15888597e-05 0.000452952459 0.0
-1.21602252e-05 0.000455815316 0.0
-1.29888958e-05 0.000458424445 0.0
0.0001657385 0.000486242934 0.0
0.000162388766 0.000487311685 0.0
0.000159134404 0.000487381942 0.0
0.000156195747 0.000486403587 0.0
0.000153675021 0.000484732329 0.0
0.000151824104 0.000482567411 0.0
0.000150629319 0.000480060524 0.0
0.00015012786 0.000477348774 0.0
0.000150219901 0.000474832457 0.0
0.000151296437 0.000472883345 0.0
0.000156824739 0.000470488594 0.0
0.000160443335 0.00046935858 0.0
0.000164139376 0.000468721351 0.0
0.000167685532 0.000468415965 0.0
0.000170345433 0.00046895101 0.0
0.000171750609 0.00047034811 0.0
0.0001722827 0.000472776272 0.0
0.000172501605 0.000476267916 0.0
0.000172071464 0.000480024697 0.0
0.000171136824 0.000482826988 0.0
0.000155625006 0.00020356712 0.0
0.000151474276 0.000203545002 0.0
0.000146704231 0.000203067626 0.0
0.000141801414 0.00020198233 0.0
0.000138453179 0.000200249749 0.0
0.000136491217 0.000196985624 0.0
0.000135437789 0.000192372841 0.0
0.000135344002 0.000186881502 0.0
0.000136126007 0.00018212905 0.0
0.000137850453 0.000177847105 0.0
0.000140023505 0.000174338347 0.0
0.000145914863 0.00017119362 0.0
0.000150088876 0.000171632259 0.0
0.00015491627 0.000173002074 0.0
0.000159099684 0.000175149718 0.0
0.000162372089 0.000177976239 0.0
0.000164557874 0.000181504773 0.0
0.000165722478 0.000185446625 0.0
0.00016581644 0.000189518527 0.0
0.000165027581 0.000193570057 0.0
0.000163399658 0.000197193498 0.0
0.000161184813 0.000200302544 0.0
2.22451745e-05 9.43961422e-05 0.0
2.51197016e-05 9.35477219e-05 0.0
2.76010542e-05 9.30913739e-05 0.0
2.93277681e-05 9.304993e-05 0.0
3.04732494e-05 9.37598961e-05 0.0
3.10237629e-05 9.52977789e-05 0.0
3.15924663e-05 9.79774049e-05 0.0
3.19546452e-05 0.000101395199 0.0
3.23716085e-05 0.000103947896 0.0
2.99083313e-05 0.000107545529 0.0
2.67972246e-05 0.000109289773 0.0
2.39942729e-05 0.000111036075 0.0
2.14836436e-05 0.000112137328 0.0
1.98911894e-05 0.000112229405 0.0
1.88444719e-05 0.00011151161 0.0
1.78905484e-05 0.000109990622 0.0
1.70011153e-05 0.000107914704 0.0
1.63067834e-05 0.000105639367 0.0
0.000406879291 0.000101042679 0.0
0.000406605832 9.8659053e-05 0.0
0.000406707841 9.68346721e-05 0.0
0.000407846557 9.56742442e-05 0.0
-1.69699815e-05 0.00029079974 0.0
-2.07342619e-05 0.000290895376 0.0
-2.52812933e-05 0.00029031586 0.0
-2.9498784e-05 0.000289217045 0.0
-3.31216397e-05 0.000287657225 0.0
-3.57067584e-05 0.000285496266 0.0
-3.67894354e-05 0.000282776513 0.0
-3.67508765e-05 0.000279428263 0.0
-3.59390106e-05 0.000275360886 0.0
-3.42999992e-05 0.000271658937 0.0
-3.15334109e-05 0.000268662174 0.0
-2.36547785e-05 0.000264132599 0.0
-1.9446461e-05 0.000262634596 0.0
-1.53569872e-05 0.000262042711 0.0
-1.20735713e-05 0.000262660004 0.0
-9.8069404e-06 0.000264373171 0.0
-8.50858851e-06 0.000267087918 0.0
-7.98395013e-06 0.000270700926 0.0
-7.93264735e-06 0.000274796475 0.0
-8.7524304e-06 0.000278900407 0.0
-1.03263174e-05 0.000282773806 0.0
-1.24261096e-05 0.000286306778 0.0
8.45257382e-05 0.000139421652 0.0
7.97699322e-05 0.00013890941 0.0
7.43120763e-05 0.000137449431 0.0
6.95763156e-05 0.000135133465 0.0
6.60704682e-05 0.0001320874 0.0
6.37441699e-05 0.00012833465 0.0
6.26194233e-05 0.000124190206 0.0
6.25706889e-05 0.000119813994 0.0
6.36917248e-05 0.00011559204 0.0
6.56445482e-05 0.000111494519 0.0
6.75417468e-05 0.000108016327 0.0
7.50732943e-05 0.000104656436 0.0
8.05833406e-05 0.000104209037 0.0
8.53298479e-05 0.000104545004 0.0
8.96210695e-05 0.000106486099 0.0
9.30642418e-05 0.000109724737 0.0
9.54303396e-05 0.000113621521 0.0
9.67672895e-05 0.000117755779 0.0
9.66216539e-05 0.000122134297 0.0
9.55412106e-05 0.000126766579 0.0
9.36972792e-05 0.000131401379 0.0
9.13111362e-05 0.000135608469 0.0
0.000129741442 0.000249964301 0.0
0.000129109656 0.000251712772 0.0
0.000128203566 0.000252889207 0.0
0.000127012667 0.000253535603 0.0
0.000125252656 0.000253987178 0.0
0.000123191494 0.00025424757 0.0
0.000120846969 0.000254277169 0.0
0.000118265802 0.000253942155 0.0
0.000116092146 0.000253595441 0.0
0.000114895978 0.000252843281 0.0
0.000115915769 0.000250012876 0.0
0.000117667259 0.000247329299 0.0
0.000119854114 0.000244294992 0.0
0.000121803874 0.00024152924 0.0
0.000123408812 0.000239878413 0.0
0.000125207589 0.000239895569 0.0
0.000127230524 0.000241456393 0.0
0.000129450098 0.000242803304 0.0
0.000130516797 0.00024411855 0.0
0.000130700471 0.000245703588 0.0
0.000269989308 0.000330423296 0.0
0.000267365627 0.000331866351 0.0
0.000264499336 0.000331736606 0.0
0.000260866538 0.000329996838 0.0
0.000257257052 0.000327231042 0.0
0.000254714309 0.000324734807 0.0
0.000252655271 0.000322495849 0.0
0.000251222751 0.000320597319 0.0
0.000251297985 0.000318083738 0.0
0.000252721453 0.000315137004 0.0
0.000255502906 0.000311818614 0.0
0.000260940462 0.000305260473 0.0
0.000263747876 0.000303140318 0.0
0.000266008603 0.000302428176 0.0
0.000268346252 0.000303418637 0.0
0.000270627672 0.00030559962 0.0
0.000272791513 0.000309010182 0.0
0.00027472779 0.000312677439 0.0
0.000276019651 0.000316308084 0.0
0.000276427396 0.000319584535 0.0
0.000276066363 0.000322366133 0.0
0.000274803722 0.00032500329 0.0
4.83613985e-05 0.000305122521 0.0
4.69976731e-05 0.000307794689 0.0
4.51684682e-05 0.000310669973 0.0
4.31231674e-05 0.000313517317 0.0
4.13479829e-05 0.00031582886 0.0
4.00271383e-05 0.000317476661 0.0
3.9059807e-05 0.000318393577 0.0
3.78564255e-05 0.000318279694 0.0
3.64641528e-05 0.000316841324 0.0
3.50960618e-05 0.000314787991 0.0
3.38133759e-05 0.00031259071 0.0
3.15879879e-05 0.000308504619 0.0
3.22627675e-05 0.000307175098 0.0
3.39827384e-05 0.000305898837 0.0
3.58078905e-05 0.000304048823 0.0
3.74672891e-05 0.000302679662 0.0
3.91472422e-05 0.000301825581 0.0
4.07981825e-05 0.000301369641 0.0
4.28363601e-05 0.00030117741 0.0
4.53745379e-05 0.000301365566 0.0
4.75541383e-05 0.000301598862 0.0
4.88962796e-05 0.000302325992 0.0
0.000253904873 0.00023038809 0.0
0.000250654703 0.000232556413 0.0
0.000247750839 0.000233148108 0.0
0.000245045754 0.000232352933 0.0
0.00024228949 0.000230316495 0.0
0.000239971749 0.000226831311 0.0
0.000237530825 0.000222641946 0.0
0.000235739353 0.00021842451 0.0
0.000234980398 0.000214614876 0.0
0.000234989871 0.000211233637 0.0
0.000236470645 0.00020834629 0.0
0.000238732988 0.000205714387 0.0
0.000244380935 0.000202256822 0.0
0.000248343946 0.000202256313 0.0
0.000252735626 0.000202570562 0.0
0.00025708825 0.000203183794 0.0
0.00026145266 0.000204208656 0.0
0.000264755683 0.000206051816 0.0
0.000266712188 0.000208140031 0.0
0.000267304189 0.0002105444 0.0
0.000266821735 0.000213675172 0.0
0.000265140756 0.000217008404 0.0
0.000263029215 0.000220842703 0.0
0.000260280998 0.000224466086 0.0
-0.000131511013 0.000540759705 0.0
-0.000132740417 0.000516340777 0.0
-9.92275018e-05 0.000333157019 0.0
-9.30376191e-05 0.000314135628 0.0
-7.69482285e-05 0.000300317071 0.0
-5.5644352e-05 0.000288729148 0.0
-4.58795585e-05 0.000278018531 0.0
-4.48773972e-05 0.00025996656 0.0
-3.71694659e-05 0.000234904874 0.0
-2.38588491e-05 0.000202279349 0.0
-9.95801383e-06 0.000169169682 0.0
1.74805905e-06 0.00013450504 0.0
-3.01895034e-06 8.94571567e-05 0.0
-4.65443509e-06 7.2415758e-05 0.0
-1.38991379e-06 4.99322887e-05 0.0
-9.5740404e-07 2.51614892e-05 0.0
2.66414118e-05 -1.11414249e-06 0.0
0.00010398755 -1.93666801e-06 0.0
0.000129402382 -1.25751394e-05 0.0
0.000188355145 -3.04490623e-05 0.0
0.000217424778 -3.60376907e-05 0.0
0.000242216469 -4.31235785e-05 0.0
0.00026233567 -5.25643227e-05 0.0
0.000276464649 -5.90837044e-05 0.0
0.000284355017 -5.86285278e-05 0.0
0.000293882476 -4.75471461e-05 0.0
0.000309253606 -2.8771221e-05 0.0
0.000329758535 -7.32515036e-06 0.0
0.000349272566 1.23618402e-05 0.0
0.000363826519 2.9749699e-05 0.0
0.000367036409 3.85865751e-05 0.0
0.000361381331 3.31765696e-05 0.0
0.000351216935 1.98484977e-05 0.0
0.000351269671 7.70244787e-06 0.0
0.000366938271 1.53194276e-06 0.0
0.00039006889 2.51614892e-05 0.0
0.000389636378 4.99322887e-05 0.0
0.000386371859 7.2415758e-05 0.0
0.000388007349 8.94571567e-05 0.0
0.000392774353 0.00013450504 0.0
0.000381068297 0.000169169682 0.0
0.000367167464 0.000202279349 0.0
0.000353856827 0.000234904874 0.0
0.00034614891 0.00025996656 0.0
0.000345146749 0.000278018531 0.0
0.000335381948 0.000288729148 0.0
0.000314078061 0.000300317071 0.0
0.000297988678 0.000314135628 0.0
0.000291798788 0.000333157019 0.0
0.000258285902 0.000516340777 0.0
0.000259515276 0.000540759705 0.0
0.00023292187 0.00056645507 0.0
0.000217253284 0.000572625548 0.0
0.000217200548 0.000584771624 0.0
0.000227364915 0.000598099665 0.0
0.000233020008 0.000603509659 0.0
0.000229810132 0.000594672805 0.0
0.000215256165 0.000577284954 0.0
0.000195742148 0.000557597959 0.0
0.000175237205 0.000536151871 0.0
0.00015986606 0.000517375942 0.0
0.000150338601 0.0005062946 0.0
0.000142448262 0.000505839416 0.0
0.000128319283 0.000512358791 0.0
0.000108200067 0.000521799549 0.0
8.34083839e-05 0.000528885401 0.0
5.43387396e-05 0.000534474035 0.0
-4.61401532e-06 0.000552347978 0.0
-3.00288502e-05 0.000562986417 0.0
-0.000107374988 0.00056380895 0.0
9.53080598e-05 0.000391489564 0.0
0.000246191397 8.64683971e-05 0.0
0.000109156659 0.000445625832 0.0
0.000208840007 6.34048192e-05 0.0
5.05266398e-05 0.000369533926 0.0
0.000137283248 0.00033357105 0.0
5.40054498e-05 0.000448502891 0.0
0.000165910795 7.03989426e-05 0.0
0.000277713843 0.000351754104 0.0
0.00024152633 0.000148630221 0.0
0.000200420007 0.000281778339 0.0
-2.33830124e-05 0.000366547814 0.0
0.000336404803 0.00016229981 0.0
7.54371067e-05 0.000214266402 0.0
0.000313836761 0.000227377575 0.0
0.000291480304 3.08953058e-05 0.0
0.000142092424 0.000397237513 0.0
0.000136091767 6.53636671e-05 0.0
3.28306996e-05 0.000221112379 0.0
-0.000100155405 0.000470572675 0.0
0.000127166015 0.000226401389 0.0
9.69433313e-05 0.000322890992 0.0
5.2779902e-05 0.000410173292 0.0
0.000283459871 0.000109343171 0.0
0.000250932848 0.00039460379 0.0
0.000207857651 0.000123418446 0.0
0.000247062562 1.87370551e-05 0.0
0.000160036565 0.000421133387 0.0
-7.38946328e-05 0.000466583093 0.0
0.000193693559 2.36902742e-05 0.0
4.69367442e-05 0.000209907812 0.0
1.70907515e-05 0.000181019277 0.0
9.54277566e-05 0.00048803963 0.0
0.00018018292 0.000107481232 0.0
0.00016746865 0.000312190125 0.0
8.75653568e-05 0.000239209025 0.0
2.3430026e-05 0.000199243033 0.0
6.58295903e-05 0.000473863096 0.0
0.000158374896 0.000363974366 0.0
1.51570976e-05 0.000378909608 0.0
0.000179156865 0.000299446488 0.0
6.77346907e-05 0.00032956191 0.0
9.21495885e-05 0.000425966777 0.0
0.000120871809 3.63489526e-05 0.0
8.68726856e-05 0.000362983788 0.0
0.000290479686 0.000148659456 0.0
0.000125809951 4.42511409e-05 0.0
0.000311918586 0.000266649964 0.0
0.000152422319 0.00010762598 0.0
-5.24396091e-05 0.000344541506 0.0
2.20005459e-05 0.00047274027 0.0
-4.2833206e-05 0.000401694968 0.0
0.000272766949 4.28221165e-06 0.0
0.000187848709 0.00024555737 0.0
0.000216394721 0.000184026154 0.0
3.34265897e-05 4.23951788e-05 0.0
0.000134659713 0.000209851671 0.0
-6.92451658e-06 0.000329635077 0.0
0.000318973674 2.7812006e-05 0.0
0.00034156724 0.000187020443 0.0
0.000189883562 0.000122235331 0.0
0.000228112796 7.91362436e-06 0.0
5.37362248e-05 0.000239544956 0.0
9.0000045e-05 0.000176436224 0.0
0.000302143395 0.000201585761 0.0
0.00022647898 7.17509538e-05 0.0
0.000135051421 0.000130333676 0.0
9.55374853e-05 4.77382746e-05 0.0
0.000206191486 0.000522223709 0.0
0.000282533176 0.000266082381 0.0
0.000123373189 4.48694591e-05 0.0
2.12458235e-05 0.000406627398 0.0
0.000361707731 0.000128520056 0.0
0.000304481015 7.71169289e-05 0.0
9.82829624e-06 0.000376610114 0.0
0.000303068577 0.000157315881 0.0
0.000203248026 0.000157579008 0.0
0.000132352099 0.000455944188 0.0
-6.79056757e-05 0.000435528316 0.0
2.65458802e-05 0.000444245583 0.0
0.000224210744 0.000313822879 0.0
0.00012297451 0.000366705441 0.0
7.95712913e-06 0.000181065159 0.0
0.000235849875 0.000270981109 0.0
0.000151510176 3.01962991e-05 0.0
0.000199758215 0.000439322845 0.0
0.000124501879 0.000302282278 0.0
-9.92539935e-05 0.00050209288 0.0
0.000263638998 0.000413115165 0.0
0.000239362562 0.000423080201 0.0
0.000175066569 1.79859708e-05 0.0
0.000173433218 0.000304494228 0.0
5.37256237e-05 5.55149782e-05 0.0
0.000168737955 0.000338546233 0.0
2.21483242e-05 0.000268668198 0.0
0.000166603277 0.000297207094 0.0
9.60770194e-05 0.000285395217 0.0
6.82156024e-05 0.000416941737 0.0
0.000237097265 0.000114176895 0.0
0.000172325235 0.000395361101 0.0
6.43505264e-05 0.000188248581 0.0
0.00016822973 0.000126168306 0.0
0.00027069138 0.000343332795 0.0
7.05104976e-05 0.000247954828 0.0
-0.000115465475 0.000443557481 0.0
0.000260592758 0.000366935099 0.0
0.000107293556 0.000199578149 0.0
0.000250548765 0.000170857951 0.0
0.000186188219 0.000420408964 0.0
0.000388807268 9.42152328e-05 0.0
0.000276171893 6.87322972e-05 0.0
-2.74877111e-05 0.000508782919 0.0
-5.08138146e-05 0.00049221504 0.0
-7.49628089e-05 0.000498262991 0.0
-9.263026e-05 0.00044113546 0.0
8.8472545e-05 0.000497508619 0.0
4.63288052e-05 0.000184026052 0.0
0.000134559756 0.000422556011 0.0
0.000280276261 0.000352370087 0.0
0.000242725306 0.00036386025 0.0
-5.41551999e-05 0.00037059345 0.0
-2.064103e-06 0.000193498301 0.0
7.90835766e-05 0.000265279261 0.0
7.51091211e-05 0.000385492807 0.0
0.000362085557 0.000146715771 0.0
0.00016940874 0.000267421594 0.0
0.000183195443 0.000218710178 0.0
6.51326845e-05 0.000494075182 0.0
9.31097093e-05 0.000502284733 0.0
0.000278795924 0.000350482034 0.0
0.000127935957 0.000221224647 0.0
0.00011266768 0.000401686033 0.0
4.30141699e-05 0.000346950517 0.0
0.000339815975 0.000222807823 0.0
3.93910814e-05 0.000249324512 0.0
0.000104704523 0.000341471547 0.0
0.000170950254 0.000379579316 0.0
1.32766245e-05 0.00023779826 0.0
0.000288461742 0.000228590667 0.0
4.13243979e-05 0.000483387324 0.0
0.000300009822 -1.81359411e-07 0.0
0.000307790498 0.000120936973 0.0
0.00020666921 0.000325134111 0.0
4.25198741e-05 0.000171432795 0.0
0.000257142732 3.88386979e-05 0.0
0.000118116324 9.18319856e-05 0.0
3.80379352e-05 0.000134909656 0.0
0.000309360388 0.000158102368 0.0
0.000318419101 5.8385911e-05 0.0
0.000191127605 6.79553123e-05 0.0
0.000378701399 9.81486592e-05 0.0
0.000219115711 -7.4507625e-06 0.0
0.000256760075 0.000125593913 0.0
0.000318550476 0.000284174253 0.0
0.00014134412 1.82735221e-05 0.0
0.0001779999 0.000230401798 0.0
5.34041828e-06 0.000220592032 0.0
-1.90402061e-05 0.00040532666 0.0
8.39655695e-05 6.15541212e-05 0.0
3.35395598e-05 0.000168253304 0.0
-1.76102894e-05 0.000543516711 0.0
1.68301298e-07 0.00037845943 0.0
1.02883259e-05 0.000346873712 0.0
7.35151334e-05 0.000344210828 0.0
0.000370605238 5.04198433e-05 0.0
0.00011077174 0.000291302393 0.0
0.000228159915 0.000547591771 0.0
-7.05470084e-05 0.000336140074 0.0
0.000148572784 0.000496592547 0.0
0.000219049645 0.000434650632 0.0
5.79123698e-05 0.000173154491 0.0
9.62089507e-06 0.000145633487 0.0
0.00022938996 0.000427418883 0.0
-0.000107029191 0.000513762934 0.0
1.08957911e-05 0.000434793648 0.0
0.000186191552 0.000157341798 0.0
0.000135119597 0.000379373028 0.0
0.000335666293 0.000134705988 0.0
7.51079569e-05 0.000448868814 0.0
0.000111741472 2.24184678e-05 0.0
-5.36432672e-05 0.000416203926 0.0
-0.000109027613 0.000519613794 0.0
0.00014069055 0.000290228811 0.0
2.48043834e-05 2.10146427e-05 0.0
7.99146892e-06 0.000490373408 0.0
7.03230107e-05 5.4865759e-05 0.0
-0.000107898923 0.000538632215 0.0
0.000252612343 0.000433255744 0.0
0.000182831674 0.000519030553 0.0
-6.56902484e-05 0.000419600256 0.0
0.000263676018 -1.60124073e-05 0.0
6.50873801e-07 0.000495566288 0.0
0.000293004152 0.000187123209 0.0
-6.36809709e-05 0.000328068592 0.0
0.000291082892 0.000282078254 0.0
0.000162085693 0.000442497723 0.0
0.000238548309 0.000392867514 0.0
0.000216114873 0.000250016485 0.0
-0.000114892246 0.000475880224 0.0
-3.08519593e-05 0.000322527776 0.0
4.48715546e-05 0.00039145982 0.0
0.000206847471 9.35432763e-05 0.0
0.000337435515 3.03471352e-05 0.0
0.000132791407 0.000220435337 0.0
0.000227360113 4.12697409e-05 0.0
8.91257587e-05 0.000471393141 0.0
-8.62832239e-05 0.000428418047 0.0
0.000117231568 0.000218129848 0.0
2.44553394e-05 0.000383331964 0.0
0.000185848621 -3.06549191e-06 0.0
8.99303705e-05 0.000490808918 0.0
0.000250609737 -1.47203646e-05 0.0
8.34299208e-05 0.000284047506 0.0
0.000208539364 0.000199665068 0.0
-8.24391027e-05 0.000508399273 0.0
0.000235801199 0.000295388192 0.0
0.000114162962 0.000421878591 0.0
0.000176795758 5.22632581e-05 0.0
0.000208436977 3.31996489e-05 0.0
0.00022713712 9.86827072e-05 0.0
0.000152685403 7.16611758e-05 0.0
1.47727378e-05 0.000190675812 0.0
3.66946256e-06 0.000414133625 0.0
-0.000104518505 0.000430532236 0.0
0.000206418597 0.00049664441 0.0
0.000195542292 0.000179801747 0.0
0.000264325325 0.000142887307 0.0
1.78466562e-05 6.10072275e-05 0.0
-3.62268747e-06 0.000195532848 0.0
0.000243574585 0.000523908762 0.0
-5.43848109e-05 0.00046299817 0.0
0.000188186692 0.0003958421 0.0
0.000188342136 0.000336710305 0.0
0.000380451209 0.000107777167 0.0
0.000185848374 0.000224568415 0.0
1.044489e-05 0.000459627976 0.0
0.00019352739 9.51355978e-05 0.0
9.11163224e-05 0.000503641204 0.0
4.49030085e-05 0.000256446423 0.0
5.08545672e-05 3.92013753e-05 0.0
7.50585168e-05 0.000305193942 0.0
0.000134305548 0.000214000276 0.0
0.00031078959 9.83447317e-05 0.0
-0.000106712119 0.000520071306 0.0
0.000137801529 1.15436751e-06 0.0
0.000128481028 0.000215411972 0.0
-2.49621189e-05 0.000527197728 0.0
0.000276321749 3.9147646e-05 0.0
0.000130418892 0.00044158168 0.0
9.06545247e-05 1.64773173e-05 0.0
0.000185118595 0.000423996389 0.0
0.00017176391 0.000147432511 0.0
0.000263757771 9.30084498e-05 0.0
0.000288269628 0.000160193013 0.0
-9.27318433e-06 0.000497078465 0.0
5.37103551e-05 0.000269748823 0.0
0.000125986437 0.000472866173 0.0
0.000197347428 0.000329732487 0.0
7.54370558e-05 4.53285138e-05 0.0
1.18343371e-06 0.000308606832 0.0
0.000153949994 0.000499553455 0.0
5.10575628e-05 0.000107511223 0.0
0.000285713963 -2.07154044e-05 0.0
0.00026822064 0.000427502964 0.0
0.000235976506 0.000331808144 0.0
0.00025170148 0.000261382957 0.0
6.58744175e-05 0.000504595868 0.0
0.000138277625 0.000101348764 0.0
1.80382867e-05 0.000151397704 0.0
0.000107019048 0.000150298001 0.0
-6.32246738e-05 0.000504009251 0.0
8.95529374e-05 0.000496550405 0.0
0.000367174507 0.000163755016 0.0
0.000103236081 0.00036837277 0.0
-8.13535553e-06 0.000211906852 0.0
0.000144679871 0.000494502019 0.0
-1.9622883e-05 0.000532370061 0.0
0.00014685365 0.000281197106 0.0
4.83101794e-05 0.000433498935 0.0
0.00017194495 0.000228715697 0.0
0.000150601976 0.000139103911 0.0
5.06427095e-05 0.000104932493 0.0
-4.09635977e-05 0.000503490912 0.0
0.000384429266 0.000120892699 0.0
0.000181798212 0.000356240867 0.0
3.73772382e-05 0.00036714453 0.0
-0.000126439292 0.000436260802 0.0
7.60677867e-05 0.000168912578 0.0
0.000130275628 0.000222182294 0.0
0.000111598027 0.000151112137 0.0
0.000271922036 0.000345760229 0.0
0.000267976342 0.000360055506 0.0
0.000124464612 0.000148603853 0.0
0.000358379388 3.7293652e-05 0.0
8.6673881e-06 7.94378284e-05 0.0
0.000145440863 0.000315724756 0.0
4.49511936e-05 4.58308314e-05 0.0
0.000260666129 0.000275029364 0.0
0.000186488905 0.000321276952 0.0
4.55410263e-05 0.000493914296 0.0
0.000303203851 0.000254723447 0.0
0.000386447966 9.29531088e-05 0.0
0.000113282695 0.000498189649 0.0
0.000332232448 0.000252210739 0.0
-1.26797534e-06 0.000486066681 0.0
0.000255436433 0.000283671223 0.0
0.000115903109 6.63850078e-05 0.0
0.000112397807 0.000207901263 0.0
0.000173480556 9.01308886e-05 0.0
0.000195880799 0.000419815711 0.0
0.000201570147 0.000465495687 0.0
0.000236666616 0.000547210395 0.0
8.5381871e-05 0.000223328592 0.0
0.0001535802 0.000272520818 0.0
0.000159199757 -6.17353706e-08 0.0
0.000107162632 7.02203033e-05 0.0
0.000191067549 0.000207164805 0.0
3.35041768e-05 0.000455828645 0.0
0.000133399735 1.73838507e-05 0.0
0.000100843012 0.000238423003 0.0
-3.00600914e-05 0.000347521302 0.0
0.000321457424 0.000181698575 0.0
0.000114757306 6.63629253e-05 0.0
0.000311578973 0.000300377957 0.0
8.64548419e-05 0.000313677592 0.0
-6.16902107e-05 0.000420123339 0.0
0.000141574623 0.000352808624 0.0
0.000354261923 0.000195058587 0.0
5.03388765e-06 0.00018348718 0.0
6.11256037e-05 0.000517852022 0.0
1.79918584e-06 0.000381156075 0.0
6.77469507e-05 0.000370028429 0.0
8.69733849e-05 0.000456379028 0.0
0.000355401571 5.8922571e-05 0.0
-7.29631356e-05 0.000362542167 0.0
1.29586333e-05 0.000286620227 0.0
5.42769085e-05 0.000100601734 0.0
-6.53002571e-05 0.000418571988 0.0
6.09391145e-06 0.000236182517 0.0
0.000113216731 0.000463795266 0.0
-2.48689912e-06 0.000223870127 0.0
2.46202071e-05 0.000490623119 0.0
0.000360471749 6.07848524e-05 0.0
2.3865492e-05 0.000352546631 0.0
0.000130724366 0.000497282948 0.0
0.000238686902 0.000352058705 0.0
-6.48473506e-05 0.000304737739 0.0
5.56967825e-05 0.000464051671 0.0
0.000121010577 0.000160680909 0.0
7.15373026e-05 0.000432778033 0.0
2.79787891e-05 0.000208058846 0.0
0.000160773794 0.000138040356 0.0
0.000242815426 6.4793785e-05 0.0
0.000354613003 4.97070287e-05 0.0
0.000277354819 0.000176935981 0.0
-1.59429806e-06 0.000495981367 0.0
4.50545922e-05 0.000104383063 0.0
0.000150570879 0.000492875581 0.0
8.9009096e-05 0.0004101503 0.0
0.000192620413 0.000295541889 0.0
0.000138603064 6.9443272e-06 0.0
0.000252467522 0.00035736867 0.0
0.000155321381 0.000497626723 0.0
0.000267627096 0.00038517284 0.0
3.16599835e-05 0.000267369556 0.0
0.000209423131 0.00023200312 0.0
5.60978915e-05 8.41868168e-05 0.0
0.00028501937 1.01677151e-05 0.0
0.000169442326 -1.56214373e-05 0.0
0.000281746848 0.000212891391 0.0
0.000115260424 0.000383371545 0.0
0.000117956537 0.000120480363 0.0
0.000120327517 0.000156946087 0.0
0.000317861995 0.00020565599 0.0
6.3703701e-06 0.000448681531 0.0
0.000161290096 9.70457841e-05 0.0
0.000233473693 0.000193456915 0.0
1.3881523e-05 0.000323539047 0.0
0.000161365373 0.000249963661 0.0
5.32651211e-05 0.000214551226 0.0
0.000201663308 -1.21071253e-05 0.0
-6.28962589e-05 0.000387570472 0.0
9.60752368e-05 0.000439471391 0.0
4.31756234e-05 0.000144243328 0.0
0.000128588959 4.94400811e-05 0.0
8.46829516e-06 0.0002655508 0.0
0.000204837677 0.000545369112 0.0
0.000201275383 0.00048322833 0.0
1.77012625e-05 0.000146598555 0.0
0.000287052942 8.62693123e-05 0.0
0.000111915855 8.31219368e-05 0.0
0.000277669606 0.000354801945 0.0
0.000203495525 0.000478452625 0.0
4.90526654e-05 0.000112741152 0.0
2.71449571e-05 0.00038742958 0.0
-3.11844597e-05 0.000423496909 0.0
0.000295749458 0.000293499237 0.0
4.4078577e-05 2.00441646e-05 0.0
0.000333760487 0.000207236648 0.0
0.000162752403 3.64333864e-05 0.0
8.72539531e-05 0.000347025896 0.0
0.000259805034 0.000444534759 0.0
0.000177166876 0.000155499743 0.0
0.000281381741 0.000130098531 0.0
0.000346759247 0.000167689621 0.0
5.73822035e-05 0.000324358378 0.0
3.21127227e-05 6.31454095e-05 0.0
0.000319046725 2.99162389e-06 0.0
0.000189595215 0.000378709665 0.0
5.5143948e-05 0.000351749419 0.0
0.000349472568 4.81043935e-05 0.0
7.86002711e-05 0.000274858088 0.0
0.000220473405 0.000165315156 0.0
6.39714272e-05 0.000216595159 0.0
0.000361662183 5.31496298e-05 0.0
0.000214099869 0.000133104026 0.0
-4.35824441e-05 0.000504592375 0.0
0.000195757559 0.000421717647 0.0
0.000187190293 0.000365562097 0.0
0.000157385817 0.00028461052 0.0
4.60004994e-05 0.000274822727 0.0
1.62979013e-05 4.13025846e-05 0.0
0.000111370835 0.000184788398 0.0
0.000182500997 0.000177174399 0.0
0.00012767798 8.81539745e-06 0.0
-6.49845388e-05 0.000324462599 0.0
4.04341081e-05 0.000215940279 0.0
0.000151121305 0.000406126666 0.0
0.000122776692 0.000482536387 0.0
-0.000118996279 0.000491874292 0.0
4.49978543e-05 0.00015609301 0.0
9.06138011e-05 0.000195700995 0.0
0.000241323141 -2.1359996e-05 0.0
0.00019199487 0.000193162516 0.0
-8.74024554e-05 0.0004139714 0.0
0.000295624253 0.000313151511 0.0
0.000199158952 0.000262525602 0.0
8.6444561e-05 0.000269424083 0.0
0.00032446906 8.4035848e-05 0.0
-3.36203811e-05 0.00038478442 0.0
2.07499725e-05 0.000387087872 0.0
8.2925173e-05 2.96533653e-05 0.0
0.000276473816 -2.73020087e-05 0.0
0.000333130913 5.31203841e-05 0.0
0.000215696622 0.000281785877 0.0
-3.61893071e-05 0.000268866075 0.0
0.000205060001 0.000407613843 0.0
-9.88479078e-05 0.000415736722 0.0
0.000111231624 0.000169909123 0.0
0.000122580037 0.000347523019 0.0
0.000254289393 0.000268930627 0.0
5.52099045e-05 0.000163013305 0.0
0.00028117036 0.000186657402 0.0
0.000191986881 0.000330392329 0.0
2.32176499e-05 0.000349635113 0.0
0.000225173018 0.0001417319 0.0
0.000182491392 0.000125250823 0.0
-4.78294642e-05 0.000316837948 0.0
0.000374302996 2.16410244e-05 0.0
-3.83435872e-05 0.000274503604 0.0
0.000237311004 0.000340164668 0.0
-4.36451555e-05 0.000500783848 0.0
-0.000113018468 0.000550242199 0.0
0.000318982056 0.000150631487 0.0
0.000233838044 0.000244585099 0.0
0.000259496359 1.17185818e-05 0.0
-8.85479094e-05 0.000468976505 0.0
8.59768479e-05 0.000155227346 0.0
-1.02884715e-05 0.000351511728 0.0
-0.000125357852 0.000466545986 0.0
-6.25836401e-05 0.000330890703 0.0
0.000374247815 6.79142759e-05 0.0
0.000245968258 0.000410611217 0.0
1.51293534e-05 0.000166343962 0.0
0.000195889384 0.000127809937 0.0
9.52517585e-05 8.21869617e-05 0.0
0.000229277051 0.000539749453 0.0
0.000124060578 0.000324401946 0.0
0.000154306486 0.000222179675 0.0
0.000306058588 3.53234427e-05 0.0
0.000379305682 9.43501727e-05 0.0
-3.81636164e-05 0.000267026218 0.0
0.000319803425 0.000124944025 0.0
0.000145846745 0.000458922063 0.0
0.000293706224 5.56441555e-05 0.0
0.000207369376 0.000300602871 0.0
0.000206473196 0.000207733116 0.0
-1.55170005e-06 0.000220517002 0.0
0.000239708621 0.000340973027 0.0
0.000340930623 0.000147051003 0.0
-2.12621171e-06 0.000405113737 0.0
0.000185964265 0.000424433645 0.0
6.18178092e-05 0.000275220023 0.0
-0.000113294089 0.000522481976 0.0
0.000126501574 0.000279728964 0.0
0.00010980785 8.39027198e-05 0.0
3.97285658e-05 0.000467529346 0.0
6.32444699e-06 0.000428653409 0.0
0.000260951812 6.37773628e-05 0.0
-1.64552021e-05 0.000311667303 0.0
0.000142969104 0.000151980465 0.0
0.000318843347 0.000132278728 0.0
0.000166083744 0.000507293909 0.0
0.000258524029 0.000392471935 0.0
0.000223597977 0.000419547519 0.0
0.000293571764 0.000245286268 0.0
-8.72272212e-05 0.000523612311 0.0
-6.77992575e-05 0.000398170028 0.0
0.000186460704 0.000503314834 0.0
0.000270685734 0.000397823198 0.0
0.000271696423 0.000250001816 0.0
-8.48706986e-06 0.000376327342 0.0
0.000220989168 0.000513791922 0.0
0.000245549803 0.000551282603 0.0
8.84218098e-05 0.00027468981 0.0
-3.51691961e-05 0.000545313116 0.0
0.000215381267 9.92772912e-05 0.0
0.000227786149 0.000398329837 0.0
5.26421973e-05 4.72771753e-05 0.0
2.15296222e-05 0.00024328084 0.0
0.000242756912 0.000451702537 0.0
2.91792403e-05 0.000429745356 0.0
0.000317512109 0.000163462435 0.0
0.000138964766 8.74267073e-07 0.0
-4.87612815e-05 0.000503499177 0.0
0.000320436375 0.000244530733 0.0
-5.73337957e-06 0.000184985125 0.0
-4.21627738e-06 0.000410191366 0.0
0.000361453218 5.31934675e-05 0.0
-4.67468381e-05 0.000444326317 0.0
-4.29626416e-05 0.000512929226 0.0
7.70697297e-05 0.000400940247 0.0
0.00019013288 0.00022253026 0.0
0.000223618539 0.00033758342 0.0
0.000237905726 1.39302538e-05 0.0
1.20530776e-05 1.11267591e-05 0.0
0.000151798158 0.000380467362 0.0
0.000219653768 0.000458582421 0.0
0.000357613142 0.000116652525 0.0
2.11908832e-06 0.000472234708 0.0
-2.31192462e-05 0.000232887382 0.0
0.00024003601 4.68432845e-05 0.0
6.70924201e-05 0.000158606606 0.0
0.000253214268 0.000259016495 0.0
0.000218400135 3.63852632e-05 0.0
0.000145031168 0.000443368772 0.0
7.47429367e-05 0.000193915912 0.0
-4.73621985e-05 0.00051217858 0.0
0.000111949041 0.000316583144 0.0
-5.16230739e-06 0.000486889709 0.0
7.78216199e-05 0.00027991744 0.0
0.000150968583 2.35053676e-07 0.0
7.73197535e-05 0.000285937946 0.0
-5.67287279e-05 0.00051977759 0.0
0.000217427631 6.76339696e-05 0.0
3.80626921e-06 0.000300052576 0.0
2.82753117e-05 0.000414619979 0.0
6.66698252e-05 0.000237884509 0.0
4.11863984e-05 5.11807593e-06 0.0
0.000127258987 3.09805509e-05 0.0
