-1.4787749e-05 -2.53214621e-05 0.0
-1.49100879e-05 -3.05882058e-05 0.0
-2.05133165e-05 -2.76752689e-05 0.0
-1.78824539e-05 -2.58085074e-05 0.0
-1.89977727e-05 -2.56843668e-05 0.0
-1.12840535e-05 -2.58085074e-05 0.0
-1.3914917e-05 -2.76752689e-05 0.0
-2.82605761e-05 -3.83397419e-05 0.0
-2.84113066e-05 -4.31129738e-05 0.0
-2.42501119e-05 -3.95804818e-05 0.0
-3.90856883e-07 -2.23122379e-06 0.0
-2.40126553e-07 2.5420095e-06 0.0
-2.4767467e-05 -3.66471832e-05 0.0
-2.49664772e-05 -3.80582969e-05 0.0
-2.24462528e-05 -3.60870836e-05 0.0
3.05397361e-06 2.82345263e-06 0.0
3.25298333e-06 4.23456777e-06 0.0
1.7253322e-07 -4.97530755e-06 0.0
1.37883411e-08 -1.0415406e-05 0.0
-1.79870513e-05 -3.27662565e-05 0.0
-2.08563961e-05 -3.4362849e-05 0.0
-2.00097729e-05 -3.70210255e-05 0.0
-2.74547947e-05 -3.4362849e-05 0.0
-2.45854517e-05 -3.27662565e-05 0.0
-2.03260588e-05 -3.05210451e-05 0.0
-2.03086056e-05 -3.38881327e-05 0.0
-2.1870479e-05 -3.52159695e-05 0.0
-2.24286778e-05 -3.72528593e-05 0.0
-7.21411425e-06 -1.46930033e-05 0.0
-7.09722235e-06 -1.37764027e-05 0.0
-8.44208535e-06 -8.93427114e-06 0.0
-6.57924147e-06 -8.06606113e-06 0.0
-7.14783528e-06 -6.41296219e-06 0.0
1.91586835e-08 -8.06606113e-06 0.0
-1.84368571e-06 -8.93427114e-06 0.0
-1.33721633e-05 -1.80574079e-05 0.0
-1.39071144e-05 -1.92191728e-05 0.0
-7.0119263e-06 -8.72832788e-06 0.0
-7.05874209e-06 -7.62823447e-06 0.0
-1.09404182e-05 -1.73852914e-05 0.0
-1.13055103e-05 -1.99805036e-05 0.0
-1.06169718e-05 -2.25483127e-05 0.0
-1.07431115e-05 -2.328544e-05 0.0
-1.2279861e-05 -2.07136527e-05 0.0
-1.27802605e-05 -2.31697049e-05 0.0
-8.56332372e-06 -1.63501718e-05 0.0
-8.75402111e-06 -1.84687651e-05 0.0
-2.80204495e-05 -4.08817505e-05 0.0
0.0 0.0 0.0
6.59839998e-06 0.0 0.0
-2.14220508e-05 -4.08817505e-05 0.0
-1.56417846e-05 -2.57397805e-05 0.0
-1.64357862e-05 -2.62699959e-05 0.0
-1.70808926e-05 -2.68761651e-05 0.0
-1.75367313e-05 -2.74993581e-05 0.0
-1.78006812e-05 -2.82482251e-05 0.0
-1.78843493e-05 -2.90567314e-05 0.0
-1.77845595e-05 -2.97522747e-05 0.0
-1.74917277e-05 -3.02176686e-05 0.0
-1.70163057e-05 -3.05180438e-05 0.0
-1.63982641e-05 -3.06716975e-05 0.0
-1.5687212e-05 -3.07104383e-05 0.0
-1.4115235e-05 -3.02772442e-05 0.0
-1.33696267e-05 -2.98458635e-05 0.0
-1.27269604e-05 -2.93201119e-05 0.0
-1.22273623e-05 -2.87629027e-05 0.0
-1.19057086e-05 -2.81437751e-05 0.0
-1.17594418e-05 -2.74678132e-05 0.0
-1.17824511e-05 -2.67293763e-05 0.0
-1.19819451e-05 -2.5930527e-05 0.0
-1.23783002e-05 -2.51683596e-05 0.0
-1.30062845e-05 -2.50130306e-05 0.0
-1.38688756e-05 -2.50880021e-05 0.0
-1.78459341e-05 -2.570785e-05 0.0
-1.78030077e-05 -2.54774186e-05 0.0
-1.78294085e-05 -2.52412829e-05 0.0
-1.79486833e-05 -2.51524161e-05 0.0
-1.81453324e-05 -2.52168611e-05 0.0
-1.83990269e-05 -2.53236976e-05 0.0
-1.86827838e-05 -2.55013256e-05 0.0
-1.92943335e-05 -2.58799337e-05 0.0
-1.9570718e-05 -2.6044394e-05 0.0
-1.98491562e-05 -2.62431695e-05 0.0
-2.01085204e-05 -2.64674891e-05 0.0
-2.03288655e-05 -2.67163632e-05 0.0
-2.04894022e-05 -2.69641278e-05 0.0
-2.05422984e-05 -2.7284892e-05 0.0
-1.3680009e-05 -2.79572669e-05 0.0
-1.33095182e-05 -2.79474025e-05 0.0
-1.28947622e-05 -2.76991123e-05 0.0
-1.24648423e-05 -2.73928763e-05 0.0
-1.20394034e-05 -2.69634984e-05 0.0
-1.16135634e-05 -2.64325572e-05 0.0
-1.1287364e-05 -2.58112705e-05 0.0
-1.12610596e-05 -2.57098291e-05 0.0
-2.76853007e-05 -4.2972446e-05 0.0
-2.69897355e-05 -4.27193263e-05 0.0
-2.63436141e-05 -4.23863276e-05 0.0
-2.57419288e-05 -4.19747412e-05 0.0
-2.51882011e-05 -4.14627539e-05 0.0
-2.47201478e-05 -4.08787491e-05 0.0
-2.43848699e-05 -4.02487894e-05 0.0
-2.43178638e-05 -3.88565386e-05 0.0
-2.45594056e-05 -3.82295875e-05 0.0
-2.49171535e-05 -3.78396144e-05 0.0
-2.53929029e-05 -3.76491298e-05 0.0
-2.5940466e-05 -3.76170392e-05 0.0
-2.66041934e-05 -3.77106662e-05 0.0
-2.73979113e-05 -3.79298108e-05 0.0
-1.06296363e-06 1.99196097e-06 0.0
-1.74359889e-06 1.34442689e-06 0.0
-2.22120798e-06 6.90781008e-07 0.0
-2.47511457e-06 5.26349098e-08 0.0
-2.52290511e-06 -6.92898027e-07 0.0
-2.41465477e-06 -1.41365194e-06 0.0
-2.11690212e-06 -1.90322282e-06 0.0
-1.64041899e-06 -2.14062197e-06 0.0
-1.04676496e-06 -2.23498887e-06 0.0
-2.47054286e-05 -3.80025922e-05 0.0
-2.43871018e-05 -3.78599179e-05 0.0
-2.39739293e-05 -3.76362259e-05 0.0
-2.34588861e-05 -3.72863469e-05 0.0
-2.29527141e-05 -3.68228211e-05 0.0
-2.25565873e-05 -3.63130748e-05 0.0
-2.23939151e-05 -3.60484337e-05 0.0
-2.24011601e-05 -3.60605736e-05 0.0
-2.24931828e-05 -3.60407284e-05 0.0
-2.25810054e-05 -3.59700171e-05 0.0
-2.27310284e-05 -3.59181613e-05 0.0
-2.29242069e-05 -3.5893423e-05 0.0
-2.31805461e-05 -3.59104815e-05 0.0
-2.35316293e-05 -3.59772494e-05 0.0
-2.39500623e-05 -3.61303901e-05 0.0
-2.43796603e-05 -3.6345471e-05 0.0
2.93881862e-06 3.89862862e-06 0.0
2.72635202e-06 3.57036788e-06 0.0
2.63282345e-06 3.28962074e-06 0.0
2.67719952e-06 3.04155628e-06 0.0
2.83115537e-06 2.87626744e-06 0.0
-5.49308311e-07 -5.24162488e-06 0.0
-1.19170227e-06 -5.52905522e-06 0.0
-1.83335794e-06 -5.93755931e-06 0.0
-2.44473472e-06 -6.56431121e-06 0.0
-2.9063865e-06 -7.38388826e-06 0.0
-3.13511327e-06 -8.32822479e-06 0.0
-3.19966534e-06 -9.4419629e-06 0.0
-2.90691332e-06 -1.02586391e-05 0.0
-2.35131483e-06 -1.06661146e-05 0.0
-1.63316292e-06 -1.07531614e-05 0.0
-8.16647685e-07 -1.06752304e-05 0.0
8.6549079e-07 -1.00223715e-05 0.0
1.64190226e-06 -9.46481032e-06 0.0
2.29731199e-06 -8.79041818e-06 0.0
2.78077232e-06 -8.00364614e-06 0.0
3.07507321e-06 -7.118339e-06 0.0
3.16625301e-06 -6.22679454e-06 0.0
3.05528033e-06 -5.5338146e-06 0.0
2.7705637e-06 -5.08915628e-06 0.0
2.27874602e-06 -4.85430519e-06 0.0
1.65593178e-06 -4.75477509e-06 0.0
9.23431855e-07 -4.77921776e-06 0.0
-2.12521227e-05 -3.48605899e-05 0.0
-2.15512118e-05 -3.54690164e-05 0.0
-2.17215329e-05 -3.61585699e-05 0.0
-2.177442e-05 -3.67896428e-05 0.0
-2.17181641e-05 -3.71925635e-05 0.0
-2.15014425e-05 -3.73655421e-05 0.0
-2.12174455e-05 -3.73494877e-05 0.0
-2.09089121e-05 -3.72768009e-05 0.0
-2.05480592e-05 -3.71632595e-05 0.0
-1.93081651e-05 -3.67688117e-05 0.0
-1.85880072e-05 -3.64117914e-05 0.0
-1.79905273e-05 -3.59675905e-05 0.0
-1.75465757e-05 -3.55359953e-05 0.0
-1.72569744e-05 -3.5076213e-05 0.0
-1.70747935e-05 -3.45699591e-05 0.0
-1.70405092e-05 -3.39922917e-05 0.0
-1.71358006e-05 -3.33173957e-05 0.0
-1.74720062e-05 -3.28851929e-05 0.0
-2.51163037e-05 -3.28722999e-05 0.0
-2.56433032e-05 -3.3067292e-05 0.0
-2.61529512e-05 -3.3332235e-05 0.0
-2.6617372e-05 -3.36776538e-05 0.0
-2.70483506e-05 -3.40081824e-05 0.0
-2.09149821e-05 -3.08720591e-05 0.0
-2.15104283e-05 -3.1386433e-05 0.0
-2.20587935e-05 -3.19610481e-05 0.0
-2.23877978e-05 -3.24284047e-05 0.0
-2.25179156e-05 -3.26652043e-05 0.0
-2.25490221e-05 -3.28811548e-05 0.0
-2.25485346e-05 -3.33017742e-05 0.0
-2.24101768e-05 -3.38149039e-05 0.0
-2.21395294e-05 -3.41796404e-05 0.0
-2.17570523e-05 -3.43290376e-05 0.0
-2.12781015e-05 -3.42928797e-05 0.0
-2.07997728e-05 -3.40963634e-05 0.0
-1.98390462e-05 -3.36065277e-05 0.0
-1.94334752e-05 -3.33260177e-05 0.0
-1.90390983e-05 -3.30249422e-05 0.0
-1.86684374e-05 -3.26010886e-05 0.0
-1.83794655e-05 -3.20771251e-05 0.0
-1.81943833e-05 -3.14429526e-05 0.0
-1.816041e-05 -3.08210801e-05 0.0
-1.82522563e-05 -3.04253044e-05 0.0
-1.84818782e-05 -3.02605222e-05 0.0
-1.88346603e-05 -3.0215122e-05 0.0
-1.92629523e-05 -3.02297431e-05 0.0
-1.97745449e-05 -3.03194192e-05 0.0
-2.23659154e-05 -3.54282711e-05 0.0
-2.28727258e-05 -3.57235403e-05 0.0
-2.32568927e-05 -3.606264e-05 0.0
-2.34830586e-05 -3.63912295e-05 0.0
-2.35861389e-05 -3.6704685e-05 0.0
-2.35684638e-05 -3.69835543e-05 0.0
-2.34614581e-05 -3.71979659e-05 0.0
-2.32860984e-05 -3.73276816e-05 0.0
-2.30511559e-05 -3.73756811e-05 0.0
-2.27792152e-05 -3.73276416e-05 0.0
-2.20114689e-05 -3.71057431e-05 0.0
-2.15822347e-05 -3.68701731e-05 0.0
-2.12088835e-05 -3.65269516e-05 0.0
-2.09326718e-05 -3.60891208e-05 0.0
-2.07636222e-05 -3.55579032e-05 0.0
-2.07600297e-05 -3.50490518e-05 0.0
-2.0869822e-05 -3.47751557e-05 0.0
-2.10523376e-05 -3.47521163e-05 0.0
-2.12545892e-05 -3.48911053e-05 0.0
-2.14884658e-05 -3.50508417e-05 0.0
-7.31255204e-06 -1.48222343e-05 0.0
-7.34860623e-06 -1.48737572e-05 0.0
-7.40821679e-06 -1.49232401e-05 0.0
-7.52950655e-06 -1.51098238e-05 0.0
-7.63918706e-06 -1.54673744e-05 0.0
-7.58906981e-06 -1.56700917e-05 0.0
-7.45509533e-06 -1.53898673e-05 0.0
-7.30539796e-06 -1.50132555e-05 0.0
-7.19689433e-06 -1.46641396e-05 0.0
-7.12989277e-06 -1.43436964e-05 0.0
-7.09608639e-06 -1.40514567e-05 0.0
-7.11279381e-06 -1.36234084e-05 0.0
-7.15214583e-06 -1.35816608e-05 0.0
-7.16989234e-06 -1.36104045e-05 0.0
-7.11294297e-06 -1.36168755e-05 0.0
-7.04433705e-06 -1.36468498e-05 0.0
-6.98318763e-06 -1.37213729e-05 0.0
-6.96813595e-06 -1.38185569e-05 0.0
-6.98943177e-06 -1.39516751e-05 0.0
-7.0366782e-06 -1.41332239e-05 0.0
-7.09393589e-06 -1.43191728e-05 0.0
-7.16339991e-06 -1.4513038e-05 0.0
-6.27259942e-06 -7.84333224e-06 0.0
-5.97893586e-06 -7.51539164e-06 0.0
-5.79105108e-06 -7.09275218e-06 0.0
-5.72464842e-06 -6.57358214e-06 0.0
-5.7975567e-06 -6.12622262e-06 0.0
-6.03781473e-06 -5.90001355e-06 0.0
-6.34636808e-06 -5.92127981e-06 0.0
-6.64231038e-06 -6.09632752e-06 0.0
-6.89259559e-06 -6.26100336e-06 0.0
-7.48489583e-06 -6.5925401e-06 0.0
-7.90824197e-06 -6.86703788e-06 0.0
-8.33296144e-06 -7.29326575e-06 0.0
-8.67315066e-06 -7.80324899e-06 0.0
-8.95170979e-06 -8.32933529e-06 0.0
-9.06779769e-06 -8.70416989e-06 0.0
-9.06297282e-06 -8.87343413e-06 0.0
-8.93524611e-06 -8.93355718e-06 0.0
-8.72535202e-06 -8.95856283e-06 0.0
-1.51225288e-06 -8.83954817e-06 0.0
-1.14907584e-06 -8.66213395e-06 0.0
-7.57625685e-07 -8.43364251e-06 0.0
-3.49719244e-07 -8.22053789e-06 0.0
-1.35010478e-05 -1.83076372e-05 0.0
-1.36805666e-05 -1.84114469e-05 0.0
-1.39392596e-05 -1.85049448e-05 0.0
-1.42271092e-05 -1.86845045e-05 0.0
-1.44367068e-05 -1.8926703e-05 0.0
-1.45559379e-05 -1.92036459e-05 0.0
-1.4597148e-05 -1.94839813e-05 0.0
-1.45750682e-05 -1.96023484e-05 0.0
-1.45179147e-05 -1.95612556e-05 0.0
-1.44046262e-05 -1.94852655e-05 0.0
-1.42042236e-05 -1.9366822e-05 0.0
-1.35621749e-05 -1.90017618e-05 0.0
-1.32315472e-05 -1.86748894e-05 0.0
-1.29259997e-05 -1.82744043e-05 0.0
-1.26739533e-05 -1.7810471e-05 0.0
-1.25139313e-05 -1.73682165e-05 0.0
-1.24436865e-05 -1.71214906e-05 0.0
-1.2498067e-05 -1.71010179e-05 0.0
-1.26574405e-05 -1.71915763e-05 0.0
-1.28492911e-05 -1.73220269e-05 0.0
-1.30670878e-05 -1.75031037e-05 0.0
-1.32347168e-05 -1.77485454e-05 0.0
-6.96579673e-06 -8.9356954e-06 0.0
-6.88242335e-06 -8.96287747e-06 0.0
-6.82054815e-06 -8.92103617e-06 0.0
-6.81048914e-06 -8.89560306e-06 0.0
-6.83931603e-06 -8.85938334e-06 0.0
-6.88636146e-06 -8.772e-06 0.0
-6.92177537e-06 -8.63096466e-06 0.0
-6.93151378e-06 -8.44938677e-06 0.0
-6.92898493e-06 -8.25340248e-06 0.0
-6.9767857e-06 -8.0243617e-06 0.0
-7.0550791e-06 -7.79469792e-06 0.0
-6.94814526e-06 -7.5277826e-06 0.0
-6.78664219e-06 -7.37542496e-06 0.0
-6.61646845e-06 -7.18372303e-06 0.0
-6.50528727e-06 -7.11034454e-06 0.0
-6.48716423e-06 -7.15749002e-06 0.0
-6.53884081e-06 -7.26419512e-06 0.0
-6.62513548e-06 -7.37076061e-06 0.0
-6.72200167e-06 -7.50839627e-06 0.0
-6.83345252e-06 -7.73346164e-06 0.0
-6.95123754e-06 -8.04739375e-06 0.0
-7.02223861e-06 -8.4106714e-06 0.0
-1.14302047e-05 -1.76185076e-05 0.0
-1.1880993e-05 -1.79230319e-05 0.0
-1.22595102e-05 -1.82563035e-05 0.0
-1.25248844e-05 -1.85505796e-05 0.0
-1.2659144e-05 -1.88423983e-05 0.0
-1.26800178e-05 -1.91411818e-05 0.0
-1.25919987e-05 -1.94144432e-05 0.0
-1.24218886e-05 -1.96460151e-05 0.0
-1.21655776e-05 -1.98271846e-05 0.0
-1.18145954e-05 -1.99757415e-05 0.0
-1.06889329e-05 -1.97643749e-05 0.0
-1.00858633e-05 -1.93522028e-05 0.0
-9.57981774e-06 -1.8808596e-05 0.0
-9.20872299e-06 -1.80767511e-05 0.0
-9.02935881e-06 -1.73496046e-05 0.0
-9.17149009e-06 -1.71513111e-05 0.0
-9.40632799e-06 -1.7215636e-05 0.0
-9.66882817e-06 -1.72277778e-05 0.0
-1.00101861e-05 -1.72368309e-05 0.0
-1.04466189e-05 -1.72721921e-05 0.0
-1.10187184e-05 -2.29065135e-05 0.0
-1.14132026e-05 -2.33716091e-05 0.0
-1.15973289e-05 -2.37466265e-05 0.0
-1.15575867e-05 -2.35175357e-05 0.0
-1.16024157e-05 -2.33496994e-05 0.0
-1.17713689e-05 -2.33532464e-05 0.0
-1.19208489e-05 -2.33816954e-05 0.0
-1.2013862e-05 -2.35596981e-05 0.0
-1.18862654e-05 -2.39775181e-05 0.0
-1.14626646e-05 -2.39411711e-05 0.0
-1.10989222e-05 -2.36580781e-05 0.0
-1.04292112e-05 -2.2829794e-05 0.0
-1.01274791e-05 -2.22383605e-05 0.0
-9.81853009e-06 -2.14809097e-05 0.0
-9.7419952e-06 -2.06922959e-05 0.0
-9.94775564e-06 -2.11343231e-05 0.0
-9.98121413e-06 -2.16291392e-05 0.0
-9.96514973e-06 -2.18842033e-05 0.0
-9.9190911e-06 -2.20462807e-05 0.0
-9.90652916e-06 -2.21362134e-05 0.0
-9.99963322e-06 -2.22077579e-05 0.0
-1.02365229e-05 -2.23493735e-05 0.0
-1.27892135e-05 -2.09023183e-05 0.0
-1.32735195e-05 -2.12262239e-05 0.0
-1.36920926e-05 -2.16475946e-05 0.0
-1.40054299e-05 -2.21785631e-05 0.0
-1.41879545e-05 -2.27955588e-05 0.0
-1.42523877e-05 -2.34187974e-05 0.0
-1.41929168e-05 -2.38813664e-05 0.0
-1.39832055e-05 -2.40084028e-05 0.0
-1.37028092e-05 -2.39106666e-05 0.0
-1.33785998e-05 -2.37189724e-05 0.0
-1.30577473e-05 -2.34746385e-05 0.0
-1.25087045e-05 -2.28635363e-05 0.0
-1.22302336e-05 -2.26626998e-05 0.0
-1.18839453e-05 -2.24798569e-05 0.0
-1.15657822e-05 -2.21637147e-05 0.0
-1.13159595e-05 -2.18172645e-05 0.0
-1.11562349e-05 -2.14909251e-05 0.0
-1.11277677e-05 -2.12373579e-05 0.0
-1.11979252e-05 -2.10409526e-05 0.0
-1.13351507e-05 -2.08939655e-05 0.0
-1.15438197e-05 -2.07924277e-05 0.0
-1.18374082e-05 -2.06966524e-05 0.0
-9.0363028e-06 -1.68116803e-05 0.0
-9.51130824e-06 -1.74360648e-05 0.0
-9.92235073e-06 -1.81907944e-05 0.0
-1.01649539e-05 -1.92135267e-05 0.0
-1.00156476e-05 -1.91756753e-05 0.0
-9.9469371e-06 -1.87681344e-05 0.0
-9.905365e-06 -1.86083416e-05 0.0
-9.90556873e-06 -1.8523835e-05 0.0
-9.86185114e-06 -1.84869859e-05 0.0
-9.72119051e-06 -1.84749915e-05 0.0
-9.49182413e-06 -1.84905057e-05 0.0
-9.14052907e-06 -1.84963937e-05 0.0
-8.36195795e-06 -1.83694556e-05 0.0
-8.03605417e-06 -1.82831627e-05 0.0
-7.70164661e-06 -1.80971456e-05 0.0
-7.36034281e-06 -1.7810833e-05 0.0
-7.0512674e-06 -1.74654106e-05 0.0
-6.8378863e-06 -1.70433486e-05 0.0
-6.73902605e-06 -1.65138827e-05 0.0
-6.76492209e-06 -1.59081537e-05 0.0
-7.00059218e-06 -1.55504713e-05 0.0
-7.32457647e-06 -1.55566449e-05 0.0
-7.7091272e-06 -1.57668546e-05 0.0
-8.11889913e-06 -1.60271793e-05 0.0
-2.7227803e-05 -3.90975365e-05 0.0
-2.71792669e-05 -3.69889422e-05 0.0
-1.75994301e-05 -2.39697529e-05 0.0
-1.69090454e-05 -2.25737731e-05 0.0
-1.5629339e-05 -2.11316583e-05 0.0
-1.45952454e-05 -1.99338938e-05 0.0
-1.39793574e-05 -1.90293795e-05 0.0
-1.36503895e-05 -1.7901737e-05 0.0
-1.38493242e-05 -1.64087378e-05 0.0
-1.37214993e-05 -1.47194378e-05 0.0
-1.24920389e-05 -1.30022345e-05 0.0
-1.03838393e-05 -1.10292522e-05 0.0
-6.31311013e-06 -6.40389408e-06 0.0
-5.25298492e-06 -5.16632417e-06 0.0
-3.66280028e-06 -3.56734517e-06 0.0
-1.6487993e-06 -1.8287592e-06 0.0
1.30773842e-07 -1.39586552e-06 0.0
6.51182859e-07 -1.42560097e-09 0.0
1.63003608e-06 3.07877713e-07 0.0
3.42519343e-06 1.63218465e-06 0.0
3.24883763e-06 2.69060905e-07 0.0
3.10326277e-06 4.18231224e-07 0.0
3.18172465e-06 1.44500166e-06 0.0
3.39931626e-06 2.46788045e-06 0.0
3.58667512e-06 2.91860329e-06 0.0
3.58819898e-06 2.44750322e-06 0.0
3.52203256e-06 8.09270887e-07 0.0
3.23910126e-06 -1.51632332e-06 0.0
2.90991215e-06 -3.51204721e-06 0.0
2.7307733e-06 -4.53868006e-06 0.0
3.11133726e-06 -4.28274825e-06 0.0
4.0489108e-06 -3.08334643e-06 0.0
5.27371321e-06 -1.27137764e-06 0.0
6.14665259e-06 2.16911999e-07 0.0
6.42096757e-06 7.12283281e-07 0.0
4.94960068e-06 -1.8287592e-06 0.0
2.9355997e-06 -3.56734517e-06 0.0
1.34541494e-06 -5.16632417e-06 0.0
2.852899e-07 -6.40389408e-06 0.0
-3.78543882e-06 -1.10292522e-05 0.0
-5.89363935e-06 -1.30022345e-05 0.0
-7.12309975e-06 -1.47194378e-05 0.0
-7.25092423e-06 -1.64087378e-05 0.0
-7.05198954e-06 -1.7901737e-05 0.0
-7.38095787e-06 -1.90293795e-05 0.0
-7.99684494e-06 -1.99338938e-05 0.0
-9.03093951e-06 -2.11316583e-05 0.0
-1.03106458e-05 -2.25737731e-05 0.0
-1.10010296e-05 -2.39697529e-05 0.0
-2.05808665e-05 -3.69889422e-05 0.0
-2.06294026e-05 -3.90975365e-05 0.0
-2.15994824e-05 -4.0169467e-05 0.0
-2.18737969e-05 -4.06648396e-05 0.0
-2.27467372e-05 -4.21531258e-05 0.0
-2.39715391e-05 -4.39650976e-05 0.0
-2.49091136e-05 -4.51644992e-05 0.0
-2.52896771e-05 -4.5420431e-05 0.0
-2.51105375e-05 -4.4393797e-05 0.0
-2.47813496e-05 -4.23980746e-05 0.0
-2.44984167e-05 -4.00724784e-05 0.0
-2.44322509e-05 -3.84342457e-05 0.0
-2.44337753e-05 -3.79631456e-05 0.0
-2.4621133e-05 -3.84138693e-05 0.0
-2.48387259e-05 -3.94367489e-05 0.0
-2.49171881e-05 -4.04635175e-05 0.0
-2.47716125e-05 -4.06126892e-05 0.0
-2.4595256e-05 -3.9249564e-05 0.0
-2.6390413e-05 -4.0573872e-05 0.0
-2.73692676e-05 -4.08831766e-05 0.0
-2.78896769e-05 -4.22776138e-05 0.0
-1.72491509e-05 -2.80281965e-05 0.0
-1.25239228e-06 -6.87668626e-06 0.0
-1.97282297e-05 -3.25034162e-05 0.0
-3.70524248e-07 -5.46690853e-06 0.0
-1.59285846e-05 -2.52887839e-05 0.0
-1.50981969e-05 -2.43955383e-05 0.0
-1.97149748e-05 -3.17118647e-05 0.0
-1.65192375e-06 -5.12107545e-06 0.0
-1.13771384e-05 -2.46727595e-05 0.0
-4.6209334e-06 -1.22755864e-05 0.0
-1.08713548e-05 -2.27804794e-05 0.0
-1.68649131e-05 -2.58044511e-05 0.0
-4.9863088e-06 -1.1906418e-05 0.0
-7.39123243e-06 -1.52908542e-05 0.0
-7.79502261e-06 -1.65022157e-05 0.0
1.3465941e-06 -3.25051838e-06 0.0
-1.71688389e-05 -3.02528661e-05 0.0
-3.66719723e-06 -3.7245054e-06 0.0
-1.13742999e-05 -1.50803553e-05 0.0
-2.46235159e-05 -3.32636628e-05 0.0
-8.51811637e-06 -1.66599839e-05 0.0
-1.49559046e-05 -2.31684407e-05 0.0
-1.82767071e-05 -2.84832549e-05 0.0
-1.23608856e-06 -9.65977961e-06 0.0
-1.46873917e-05 -2.88800566e-05 0.0
-3.1744562e-06 -9.08320817e-06 0.0
9.31370835e-07 -2.47156277e-06 0.0
-1.92632087e-05 -3.31310184e-05 0.0
-2.15816854e-05 -3.38821883e-05 0.0
1.42014153e-06 -2.54671795e-06 0.0
-9.64696756e-06 -1.4622603e-05 0.0
-8.30387853e-06 -1.19851666e-05 0.0
-2.16179633e-05 -3.44427717e-05 0.0
-2.45748834e-06 -8.39445875e-06 0.0
-1.40651291e-05 -2.35949956e-05 0.0
-8.8247034e-06 -1.72309501e-05 0.0
-1.02616177e-05 -1.31231127e-05 0.0
-2.05351316e-05 -3.33668431e-05 0.0
-1.53427773e-05 -2.79129945e-05 0.0
-1.54761256e-05 -2.53295657e-05 0.0
-1.12254293e-05 -2.387514e-05 0.0
-1.43851485e-05 -2.33319679e-05 0.0
-1.87048972e-05 -3.06770635e-05 0.0
-1.34735888e-06 -2.93603262e-06 0.0
-1.61891767e-05 -2.55793148e-05 0.0
-3.52515508e-06 -1.35219043e-05 0.0
-2.73901401e-06 -2.12564737e-06 0.0
-7.92315404e-06 -1.84083765e-05 0.0
-4.88096111e-06 -7.96762288e-06 0.0
-1.61430253e-05 -2.25743806e-05 0.0
-2.07067133e-05 -3.33402022e-05 0.0
-1.90671872e-05 -2.83069057e-05 0.0
1.60705042e-06 -1.16542583e-06 0.0
-1.10742749e-05 -2.02890315e-05 0.0
-6.9762159e-06 -1.46934108e-05 0.0
-3.40391648e-06 -4.67199061e-06 0.0
-8.2678589e-06 -1.63906843e-05 0.0
-1.41188229e-05 -2.30622172e-05 0.0
1.92031075e-06 -3.71321448e-06 0.0
-6.44518514e-06 -1.39406166e-05 0.0
-2.9443288e-06 -9.1614902e-06 0.0
1.48240542e-06 -2.27109308e-06 0.0
-8.66694609e-06 -1.68923198e-05 0.0
-6.39579503e-06 -1.29267128e-05 0.0
-7.48920547e-06 -1.48181643e-05 0.0
-8.27189069e-07 -5.78899244e-06 0.0
-6.94516848e-06 -9.12181713e-06 0.0
-1.99156329e-06 -3.48823073e-06 0.0
-2.31847262e-05 -4.05837527e-05 0.0
-8.53683468e-06 -1.92180087e-05 0.0
-2.30648743e-06 -2.63321522e-06 0.0
-1.77159727e-05 -2.73205169e-05 0.0
-2.5256993e-06 -9.46497039e-06 0.0
5.22741061e-07 -7.38104063e-06 0.0
-1.68207407e-05 -2.80329459e-05 0.0
-5.15792135e-06 -1.10116298e-05 0.0
-5.2951832e-06 -1.16077781e-05 0.0
-2.08724923e-05 -3.42771491e-05 0.0
-1.98784874e-05 -3.14845893e-05 0.0
-1.9924526e-05 -3.07726878e-05 0.0
-1.06732432e-05 -2.44745861e-05 0.0
-1.60887976e-05 -2.67992655e-05 0.0
-1.2972595e-05 -1.35055125e-05 0.0
-1.05934841e-05 -2.13715666e-05 0.0
-6.2813433e-07 -1.1731496e-06 0.0
-1.87732203e-05 -3.13252458e-05 0.0
-1.45090198e-05 -2.19133362e-05 0.0
-2.60660127e-05 -3.60473605e-05 0.0
-1.37619581e-05 -3.00686279e-05 0.0
-1.61263033e-05 -3.11415824e-05 0.0
1.46830428e-06 -1.16223111e-06 0.0
-1.31785855e-05 -2.34577637e-05 0.0
-5.5494761e-06 -2.90411822e-06 0.0
-1.46268967e-05 -2.58353193e-05 0.0
-1.28376287e-05 -1.81093892e-05 0.0
-1.16995943e-05 -2.31380382e-05 0.0
-1.36501158e-05 -2.14852935e-05 0.0
-1.84728287e-05 -2.94308738e-05 0.0
-2.66444181e-06 -8.90387764e-06 0.0
-1.72890359e-05 -3.16322185e-05 0.0
-7.16276418e-06 -1.29351492e-05 0.0
-4.08215192e-06 -9.75607327e-06 0.0
-1.15894927e-05 -2.4565581e-05 0.0
-8.68958068e-06 -1.74722536e-05 0.0
-2.40515019e-05 -3.06477195e-05 0.0
-1.26601853e-05 -2.63914499e-05 0.0
-7.30275042e-06 -1.52814155e-05 0.0
-6.14523242e-06 -1.50855585e-05 0.0
-1.97232075e-05 -3.36912381e-05 0.0
-6.03526587e-07 -7.08209245e-06 0.0
3.67429003e-08 -5.94317771e-06 0.0
-2.42636197e-05 -3.47297027e-05 0.0
-2.21039718e-05 -3.64417792e-05 0.0
-2.38169341e-05 -3.67906177e-05 0.0
-2.18362911e-05 -3.0923562e-05 0.0
-2.39440087e-05 -3.87869077e-05 0.0
-9.63632647e-06 -1.26472141e-05 0.0
-1.87543374e-05 -3.19625469e-05 0.0
-1.12048465e-05 -2.45429273e-05 0.0
-1.42748468e-05 -2.6341213e-05 0.0
-1.77348938e-05 -2.49580753e-05 0.0
-8.63318564e-06 -1.25579872e-05 0.0
-9.78372282e-06 -1.84331038e-05 0.0
-1.71010997e-05 -2.70347791e-05 0.0
-3.90747982e-06 -1.12507687e-05 0.0
-1.11311347e-05 -2.14378615e-05 0.0
-8.28877637e-06 -1.63847471e-05 0.0
-2.15137297e-05 -3.43484389e-05 0.0
-2.22084091e-05 -3.5365003e-05 0.0
-1.13504575e-05 -2.45848805e-05 0.0
-8.29231703e-06 -1.64935063e-05 0.0
-1.75266814e-05 -2.93894755e-05 0.0
-1.42738481e-05 -2.3641569e-05 0.0
-7.40763198e-06 -1.58391358e-05 0.0
-1.1319732e-05 -1.76264311e-05 0.0
-1.55237049e-05 -2.43798459e-05 0.0
-1.60320906e-05 -3.01210366e-05 0.0
-1.19765573e-05 -1.53916535e-05 0.0
-8.4926096e-06 -1.68332917e-05 0.0
-2.08527472e-05 -3.40714978e-05 0.0
2.29335228e-06 -1.03309628e-06 0.0
-1.45304966e-06 -1.13626093e-05 0.0
-1.10134333e-05 -2.58628843e-05 0.0
-9.35964272e-06 -1.17464197e-05 0.0
4.35315172e-07 -3.56665714e-06 0.0
-5.73968191e-06 -5.31967544e-06 0.0
-7.47897957e-06 -9.49291916e-06 0.0
-3.8332073e-06 -1.43443149e-05 0.0
1.2624165e-06 -6.20884794e-06 0.0
-5.03790829e-07 -5.65099299e-06 0.0
-3.2840731e-07 -6.56554221e-06 0.0
2.20845209e-06 -1.40626139e-06 0.0
-2.91160245e-06 -1.05159761e-05 0.0
-7.7671375e-06 -1.89833099e-05 0.0
-8.89159026e-07 -1.31004398e-07 0.0
-1.08064478e-05 -1.91334238e-05 0.0
-1.04300298e-05 -1.40125258e-05 0.0
-1.85217341e-05 -2.94211677e-05 0.0
-3.45469789e-06 -4.15682507e-06 0.0
-8.52769608e-06 -1.13505848e-05 0.0
-2.59920544e-05 -3.94691779e-05 0.0
-1.52791308e-05 -2.56133517e-05 0.0
-1.50559245e-05 -2.55184968e-05 0.0
-1.5211489e-05 -2.41641374e-05 0.0
3.35756681e-06 -2.65181552e-06 0.0
-1.41516539e-05 -2.14111169e-05 0.0
-2.42901169e-05 -4.24578684e-05 0.0
-1.6063379e-05 -2.19023023e-05 0.0
-2.41028392e-05 -3.76218377e-05 0.0
-1.83488555e-05 -3.15900179e-05 0.0
-7.69842882e-06 -1.16358351e-05 0.0
-1.14041877e-05 -1.15792773e-05 0.0
-1.695219e-05 -3.12988595e-05 0.0
-2.65287836e-05 -3.68152796e-05 0.0
-1.92231546e-05 -2.93313897e-05 0.0
-5.00483293e-06 -1.12994603e-05 0.0
-1.63252316e-05 -2.83824793e-05 0.0
-3.21118932e-06 -9.0411977e-06 0.0
-1.9605628e-05 -3.19443898e-05 0.0
-4.2020821e-07 -2.17758952e-06 0.0
-1.93008673e-05 -2.91918404e-05 0.0
-2.6664331e-05 -3.82357503e-05 0.0
-1.40213006e-05 -2.12475279e-05 0.0
-1.54493944e-06 -2.81542498e-06 0.0
-2.12291197e-05 -3.45457593e-05 0.0
-5.06362176e-06 -3.02186959e-06 0.0
-2.69365864e-05 -4.02621336e-05 0.0
-1.5511494e-05 -3.2143369e-05 0.0
-2.34466515e-05 -3.92561087e-05 0.0
-1.94906297e-05 -3.01567288e-05 0.0
1.96164524e-06 -1.45804336e-07 0.0
-2.23754178e-05 -3.46393317e-05 0.0
-6.85954683e-06 -1.35259907e-05 0.0
-1.70017538e-05 -2.34772106e-05 0.0
-8.69560427e-06 -1.99372826e-05 0.0
-2.06698514e-05 -3.47834357e-05 0.0
-1.55299822e-05 -2.8328137e-05 0.0
-1.08507847e-05 -2.0580801e-05 0.0
-2.54714123e-05 -3.31616684e-05 0.0
-1.46285138e-05 -2.11273837e-05 0.0
-1.71992851e-05 -2.67476735e-05 0.0
-1.6548679e-06 -7.23466565e-06 0.0
2.29340253e-06 -4.44328998e-06 0.0
-8.05279797e-06 -1.6045793e-05 0.0
3.15762207e-07 -4.02206479e-06 0.0
-2.06940022e-05 -3.3410437e-05 0.0
-2.05411561e-05 -3.01123328e-05 0.0
-8.9170353e-06 -1.69390878e-05 0.0
-1.71018728e-05 -2.86105806e-05 0.0
2.53927897e-06 -1.76670397e-07 0.0
-2.34215713e-05 -3.75631535e-05 0.0
1.90856485e-06 -7.08832886e-07 0.0
-1.32934993e-05 -2.14173324e-05 0.0
-7.52743881e-06 -1.57216145e-05 0.0
-2.51986294e-05 -3.74373558e-05 0.0
-1.0350539e-05 -2.28709287e-05 0.0
-1.85126664e-05 -3.10513533e-05 0.0
-1.02313678e-07 -4.02156047e-06 0.0
8.99128736e-07 -3.6408801e-06 0.0
-1.96830297e-06 -7.52906635e-06 0.0
-2.88628416e-06 -4.78532047e-06 0.0
-1.26716632e-05 -1.37838515e-05 0.0
-1.76414051e-05 -2.75438979e-05 0.0
-2.23241568e-05 -2.95720711e-05 0.0
-2.19560607e-05 -3.89574707e-05 0.0
-6.56555358e-06 -1.34154589e-05 0.0
-3.86153442e-06 -1.24705766e-05 0.0
-4.67808741e-06 -5.39628263e-06 0.0
-9.46768887e-06 -1.27522298e-05 0.0
-2.08121073e-05 -3.72556606e-05 0.0
-2.06283021e-05 -3.42422936e-05 0.0
-1.77565253e-05 -3.22489395e-05 0.0
-1.39646936e-05 -2.67930809e-05 0.0
-1.51226425e-06 -8.58712701e-06 0.0
-9.09903156e-06 -1.72222208e-05 0.0
-2.05885372e-05 -3.17156046e-05 0.0
-1.68562588e-06 -7.46160185e-06 0.0
-2.26449483e-05 -3.60676167e-05 0.0
-1.01172473e-05 -1.84069104e-05 0.0
-3.23185304e-06 -4.73973932e-06 0.0
-1.37881361e-05 -2.23484749e-05 0.0
-8.39963377e-06 -1.64686317e-05 0.0
1.22818546e-08 -9.55160431e-06 0.0
-2.65316485e-05 -3.79716585e-05 0.0
6.37909807e-07 -2.17531635e-07 0.0
-8.8229126e-06 -1.69939321e-05 0.0
-2.47249845e-05 -3.63169929e-05 0.0
8.11074642e-07 -3.63206527e-06 0.0
-1.99929655e-05 -3.31664778e-05 0.0
-5.4540709e-07 -8.84894405e-07 0.0
-1.88000286e-05 -3.10299183e-05 0.0
-4.64396453e-06 -1.12864245e-05 0.0
-1.11486963e-06 -7.73764532e-06 0.0
-5.67781854e-06 -1.16622869e-05 0.0
-2.34620838e-05 -3.46008346e-05 0.0
-9.41546023e-06 -1.8901108e-05 0.0
-2.15004748e-05 -3.49898728e-05 0.0
-1.15017019e-05 -2.63309939e-05 0.0
-3.68316523e-06 -2.32019715e-06 0.0
-1.32746272e-05 -2.17710549e-05 0.0
-2.40129011e-05 -3.74155825e-05 0.0
-7.07199843e-06 -6.90042816e-06 0.0
2.50815992e-06 5.94889798e-07 0.0
-1.40972179e-05 -3.08796079e-05 0.0
-1.08717659e-05 -2.50304092e-05 0.0
-1.03338825e-05 -2.0344798e-05 0.0
-2.21444843e-05 -3.49746551e-05 0.0
-5.6646013e-06 -6.78907463e-06 0.0
-7.9387064e-06 -1.01120886e-05 0.0
-6.51330129e-06 -1.13937094e-05 0.0
-2.31289341e-05 -3.71485476e-05 0.0
-2.30141577e-05 -3.67205321e-05 0.0
-5.36014841e-06 -1.26180039e-05 0.0
-1.63481382e-05 -2.63614984e-05 0.0
-1.36603139e-05 -1.52964785e-05 0.0
-2.40557438e-05 -3.79270459e-05 0.0
-2.50205321e-05 -3.7396574e-05 0.0
-1.33978647e-05 -2.07113444e-05 0.0
-1.93216856e-05 -3.04075347e-05 0.0
-1.03013936e-05 -1.80297393e-05 0.0
-6.56631619e-06 -1.06135158e-05 0.0
-7.18391175e-06 -7.12550082e-06 0.0
-2.25884814e-05 -3.71626447e-05 0.0
-2.32960952e-06 -9.82236634e-06 0.0
-1.46608263e-05 -2.84810212e-05 0.0
-1.53705587e-05 -2.487042e-05 0.0
-2.35876578e-05 -2.99658932e-05 0.0
-6.49706362e-06 -1.18100097e-05 0.0
-8.44293572e-06 -1.64262237e-05 0.0
-6.86865587e-06 -1.10578812e-05 0.0
-1.16676001e-05 -2.47848584e-05 0.0
-1.1965848e-05 -2.59072749e-05 0.0
-7.36793982e-06 -1.01255582e-05 0.0
4.73817317e-06 -1.58571629e-06 0.0
-5.82846269e-06 -6.41225051e-06 0.0
-1.45514005e-05 -2.32181792e-05 0.0
-4.61696982e-06 -2.69397742e-06 0.0
-9.10740528e-06 -2.00251216e-05 0.0
-1.24789976e-05 -2.54765109e-05 0.0
-2.14373667e-05 -3.46256711e-05 0.0
-8.08232926e-06 -1.81743399e-05 0.0
-9.4226516e-07 -7.21062997e-06 0.0
-2.40883146e-05 -3.9192666e-05 0.0
-7.45984926e-06 -1.72752534e-05 0.0
-2.27117034e-05 -3.41206505e-05 0.0
-9.50797494e-06 -2.03168456e-05 0.0
-3.7515365e-06 -3.74133856e-06 0.0
-7.9170577e-06 -1.60802883e-05 0.0
-2.08614824e-06 -6.94072605e-06 0.0
-1.97122972e-05 -3.34819597e-05 0.0
-2.01098355e-05 -3.33518619e-05 0.0
-2.38293142e-05 -4.16768344e-05 0.0
-7.82971074e-06 -1.6183847e-05 0.0
-1.13990609e-05 -2.07966841e-05 0.0
1.57214549e-06 1.10730161e-06 0.0
-3.22646656e-06 -4.98536838e-06 0.0
-7.99901954e-06 -1.62624128e-05 0.0
-2.01639541e-05 -3.20502659e-05 0.0
-1.04947583e-06 -5.98250836e-07 0.0
-9.42093266e-06 -1.79441686e-05 0.0
-1.58155726e-05 -2.36314809e-05 0.0
-6.31745525e-06 -1.3338612e-05 0.0
-3.13894975e-06 -4.38165443e-06 0.0
-8.48820127e-06 -2.02767969e-05 0.0
-1.44035384e-05 -2.27744276e-05 0.0
-1.95083539e-05 -2.94116217e-05 0.0
-1.53939782e-05 -2.61975511e-05 0.0
-6.83738472e-06 -1.44109708e-05 0.0
-1.03462762e-05 -1.25319511e-05 0.0
-2.4275183e-05 -3.84290324e-05 0.0
-1.55881244e-05 -2.61456771e-05 0.0
-1.63250661e-05 -2.56851126e-05 0.0
-1.99489259e-05 -3.25821529e-05 0.0
3.71153328e-06 -4.40107351e-06 0.0
-1.74247853e-05 -2.37258555e-05 0.0
-1.31863098e-05 -1.91267081e-05 0.0
-6.90321576e-06 -6.0783459e-06 0.0
-1.95529774e-05 -2.95504688e-05 0.0
-1.15835755e-05 -1.49552452e-05 0.0
-2.08063611e-05 -3.37329657e-05 0.0
-1.00581574e-05 -1.42402241e-05 0.0
-2.12610848e-05 -3.47252935e-05 0.0
3.12446309e-06 -5.47857508e-06 0.0
-1.44654323e-05 -2.40017889e-05 0.0
-2.41468915e-05 -3.87526597e-05 0.0
-1.40302e-05 -2.50270841e-05 0.0
-1.64426874e-05 -2.23027655e-05 0.0
-2.01492767e-05 -3.28186725e-05 0.0
-7.19487889e-06 -1.16853007e-05 0.0
-1.9058758e-05 -3.07595656e-05 0.0
-1.09212597e-05 -1.38823616e-05 0.0
-5.4797938e-06 -1.07385586e-05 0.0
-5.08667426e-07 -5.29799445e-06 0.0
4.06160916e-06 -3.60277818e-06 0.0
-5.57140629e-06 -1.58113507e-05 0.0
-2.20440779e-05 -3.45039043e-05 0.0
-7.19579566e-06 -6.88888485e-06 0.0
-2.39218716e-05 -3.73174444e-05 0.0
-1.80521674e-05 -2.93798348e-05 0.0
-1.10367228e-05 -2.37185868e-05 0.0
-4.56944292e-07 4.36086736e-07 0.0
-1.31107481e-05 -2.54699553e-05 0.0
-2.38899684e-05 -3.72222676e-05 0.0
-1.28018746e-05 -2.78364496e-05 0.0
-1.22251877e-05 -1.89520288e-05 0.0
-1.06021489e-05 -1.95338107e-05 0.0
-6.62835282e-06 -4.85181135e-06 0.0
1.7189177e-06 -1.60595403e-06 0.0
2.76468313e-06 1.76199126e-06 0.0
-8.13782663e-06 -1.54562076e-05 0.0
-1.67398157e-05 -2.79411233e-05 0.0
-6.9063185e-06 -7.60061812e-06 0.0
-7.51563812e-06 -1.08266431e-05 0.0
-7.36325319e-06 -1.50927272e-05 0.0
-2.00562499e-05 -3.03562483e-05 0.0
-3.43894339e-06 -7.27045017e-06 0.0
-7.39868665e-06 -1.65152051e-05 0.0
-1.3413227e-05 -2.37749719e-05 0.0
-1.120863e-05 -1.96044948e-05 0.0
-8.49292155e-06 -1.49513507e-05 0.0
2.7337519e-06 -4.97667997e-07 0.0
-1.89377788e-05 -2.61779351e-05 0.0
-1.92771895e-05 -3.17338163e-05 0.0
-7.5159146e-06 -1.00506395e-05 0.0
-3.13100099e-06 -2.30804653e-06 0.0
-1.31005218e-05 -1.70628173e-05 0.0
-2.41834314e-05 -4.1981828e-05 0.0
-2.1546577e-05 -3.71298556e-05 0.0
-1.13423293e-05 -1.13459455e-05 0.0
-1.78249536e-07 -7.66330231e-06 0.0
-4.90587672e-06 -4.69724637e-06 0.0
-1.12635626e-05 -2.47227745e-05 0.0
-2.04285643e-05 -3.49525217e-05 0.0
-7.22960476e-06 -8.11806603e-06 0.0
-1.64789835e-05 -2.60251436e-05 0.0
-1.90190076e-05 -3.07616283e-05 0.0
-8.7113167e-06 -2.02773463e-05 0.0
-1.98339626e-06 -3.49546031e-06 0.0
-7.18448246e-06 -1.51504655e-05 0.0
-4.43061055e-08 -2.09893597e-06 0.0
-1.55901707e-05 -2.44904804e-05 0.0
-1.53314686e-05 -3.24604298e-05 0.0
-4.77035655e-06 -1.14700733e-05 0.0
-2.6071566e-06 -1.15684979e-05 0.0
-5.3882568e-06 -1.25824236e-05 0.0
-1.38927189e-05 -2.26492266e-05 0.0
-4.70943314e-06 -6.04771003e-06 0.0
2.68085705e-06 -1.85230613e-06 0.0
-1.6313521e-05 -3.10854448e-05 0.0
-1.49981415e-05 -2.42752176e-05 0.0
2.49267805e-06 -6.05769992e-06 0.0
-1.04651972e-05 -1.93162359e-05 0.0
-5.88171361e-06 -1.30799408e-05 0.0
-7.65309869e-06 -1.52039884e-05 0.0
3.31989122e-06 -4.78749644e-06 0.0
-3.82052895e-06 -9.89623004e-06 0.0
-2.3622375e-05 -3.48250614e-05 0.0
-1.95911289e-05 -3.28898423e-05 0.0
-1.51573477e-05 -2.97371407e-05 0.0
-1.24206881e-05 -2.15466807e-05 0.0
-1.0007122e-05 -1.9536601e-05 0.0
-3.14558633e-06 -3.88052285e-06 0.0
-6.72176429e-06 -1.43040133e-05 0.0
-6.34495063e-06 -1.28365546e-05 0.0
3.23347336e-07 -1.21819005e-06 0.0
-1.57417708e-05 -2.16334829e-05 0.0
-1.0523182e-05 -1.50041551e-05 0.0
-1.78035298e-05 -3.15038487e-05 0.0
-2.1857757e-05 -3.56844503e-05 0.0
-2.62066569e-05 -3.42127169e-05 0.0
-8.4289959e-06 -1.07627275e-05 0.0
-6.86305657e-06 -1.44016212e-05 0.0
2.26765928e-06 -6.4953133e-07 0.0
-7.29553813e-06 -1.45040385e-05 0.0
-1.98128946e-05 -2.88049978e-05 0.0
-9.85934457e-06 -2.20182428e-05 0.0
-1.10083101e-05 -2.14364318e-05 0.0
-1.26847972e-05 -2.06192835e-05 0.0
6.53740699e-07 -8.89881994e-06 0.0
-1.82016047e-05 -2.70674154e-05 0.0
-1.67859926e-05 -2.81373123e-05 0.0
-1.57252714e-06 -1.58344972e-06 0.0
2.46479613e-06 8.50222079e-07 0.0
1.78667324e-06 -6.24546647e-06 0.0
-1.06786492e-05 -2.25661897e-05 0.0
-1.3771366e-05 -1.89158145e-05 0.0
-1.81312262e-05 -2.93096218e-05 0.0
-2.07612447e-05 -2.84852413e-05 0.0
-6.45590626e-06 -1.31634633e-05 0.0
-1.55961407e-05 -2.5161029e-05 0.0
-1.00136886e-05 -2.05746092e-05 0.0
-8.30646422e-06 -1.11091986e-05 0.0
-6.82108612e-06 -1.33872063e-05 0.0
-1.35603132e-05 -2.63432648e-05 0.0
-1.51499034e-05 -2.62388112e-05 0.0
-4.33556852e-06 -1.10076062e-05 0.0
-3.2121718e-06 -9.53243762e-06 0.0
-1.50738188e-05 -2.05760552e-05 0.0
5.29645604e-06 -8.86586975e-07 0.0
-1.42355229e-05 -1.95066241e-05 0.0
-1.29409154e-05 -2.42723818e-05 0.0
-2.33674182e-05 -3.58908401e-05 0.0
-2.74226677e-05 -4.08083106e-05 0.0
-3.76002663e-06 -1.39444355e-05 0.0
-1.04606315e-05 -1.9803987e-05 0.0
1.23145253e-06 -1.85547242e-06 0.0
-2.33848059e-05 -3.36090052e-05 0.0
-6.39399696e-06 -1.09974389e-05 0.0
-1.56334918e-05 -2.49286495e-05 0.0
-2.51764159e-05 -3.1978223e-05 0.0
-1.66114605e-05 -2.28467215e-05 0.0
1.89385503e-06 -4.05684023e-06 0.0
-1.54840709e-05 -3.01503442e-05 0.0
-1.10851652e-05 -1.20330542e-05 0.0
-3.34753713e-06 -9.38000267e-06 0.0
-4.2693905e-06 -5.67334473e-06 0.0
-2.11732677e-05 -3.82980288e-05 0.0
-1.50032874e-05 -2.34770851e-05 0.0
-8.08411914e-06 -1.5965421e-05 0.0
1.56345016e-06 -3.92118955e-06 0.0
-7.58914553e-07 -6.59099578e-06 0.0
-1.37162642e-05 -1.86741563e-05 0.0
-1.7544379e-06 -1.2197972e-05 0.0
-2.12186624e-05 -3.53244213e-05 0.0
8.23101288e-07 -5.22639994e-06 0.0
-1.08067034e-05 -2.40321733e-05 0.0
-7.84234817e-06 -1.65624569e-05 0.0
-1.33051899e-05 -1.57389477e-05 0.0
-1.15177836e-05 -2.53321959e-05 0.0
-3.80951019e-06 -1.05258305e-05 0.0
-1.80719853e-05 -2.99859075e-05 0.0
-1.92367315e-05 -3.21147782e-05 0.0
-9.88762895e-06 -1.90289375e-05 0.0
-2.6941394e-05 -3.84468767e-05 0.0
-1.37158277e-05 -2.04624157e-05 0.0
-4.59665443e-06 -5.12192992e-06 0.0
-2.03732397e-05 -3.30419425e-05 0.0
-1.87612168e-05 -2.86113136e-05 0.0
-1.87675923e-07 -5.3488925e-06 0.0
-1.38880041e-05 -2.08755791e-05 0.0
-7.17946887e-06 -1.13826691e-05 0.0
-3.89880779e-06 -9.26624853e-06 0.0
-2.37295753e-05 -3.77474098e-05 0.0
-1.36928556e-05 -2.8500488e-05 0.0
-1.75739078e-05 -3.0333933e-05 0.0
-8.36354775e-06 -1.78547725e-05 0.0
-2.59465069e-05 -3.87317268e-05 0.0
-1.92479438e-05 -2.69664524e-05 0.0
-2.26929133e-05 -3.83652296e-05 0.0
-1.29172422e-05 -2.88915617e-05 0.0
-8.84460405e-06 -1.83514912e-05 0.0
-1.7154427e-05 -2.73555652e-05 0.0
-2.26230222e-05 -3.99891396e-05 0.0
-2.10369471e-05 -3.94191775e-05 0.0
-1.1068727e-05 -2.0061756e-05 0.0
-2.64609716e-05 -3.82081635e-05 0.0
-1.98593875e-06 -7.51760717e-06 0.0
-1.61088628e-05 -2.84141825e-05 0.0
-3.96601581e-06 -4.90370758e-06 0.0
-1.23444979e-05 -1.61146218e-05 0.0
-1.68396709e-05 -3.36654084e-05 0.0
-1.9236677e-05 -2.95311747e-05 0.0
-5.16870296e-06 -1.16421252e-05 0.0
2.817103e-07 2.04862445e-07 0.0
-2.37140994e-05 -3.52586321e-05 0.0
-7.70598126e-06 -1.72061464e-05 0.0
-1.32120767e-05 -1.38149471e-05 0.0
-1.69590221e-05 -2.74168578e-05 0.0
2.79456322e-06 -5.73125863e-06 0.0
-1.99615188e-05 -3.30033145e-05 0.0
-2.34642866e-05 -3.6969388e-05 0.0
-1.77625025e-05 -2.83499412e-05 0.0
-9.5855803e-06 -1.78955579e-05 0.0
-1.10700266e-05 -2.59489407e-05 0.0
1.14104375e-06 -2.40940039e-06 0.0
-6.91836362e-07 -1.49598122e-06 0.0
-1.6202499e-05 -2.91453907e-05 0.0
-1.90007868e-05 -3.37446982e-05 0.0
-2.21152459e-06 -8.00914404e-06 0.0
-2.10214512e-05 -3.26185982e-05 0.0
-1.35721275e-05 -1.65347155e-05 0.0
8.47156727e-08 -4.19143907e-06 0.0
-6.80174662e-06 -1.06062807e-05 0.0
-9.55900123e-06 -1.90254959e-05 0.0
6.24775566e-07 -3.86794864e-06 0.0
-2.04943535e-05 -3.41505765e-05 0.0
-6.89220678e-06 -1.37316865e-05 0.0
-2.3769855e-05 -3.63524268e-05 0.0
-1.48709523e-05 -2.28375047e-05 0.0
-2.22873496e-05 -3.38242426e-05 0.0
-1.25376191e-05 -2.0550493e-05 0.0
7.26790518e-07 1.15409955e-06 0.0
-1.09945149e-05 -1.99804072e-05 0.0
-2.33291903e-05 -3.84718187e-05 0.0
-6.08980429e-07 -5.62079413e-06 0.0
-1.30211147e-05 -2.09879727e-05 0.0
-1.8382214e-05 -2.81797893e-05 0.0
-8.20534024e-06 -1.67549861e-05 0.0
-7.36567927e-07 -2.5569791e-06 0.0
-1.17717411e-06 -2.07825769e-06 0.0
