0.000277756597 5.45141374e-05 0.0
0.000283349655 0.00013172027 0.0
0.000492822845 4.61350392e-05 0.0
0.000416864146 4.62132848e-05 0.0
0.00044950773 9.00431223e-06 0.0
0.000204138356 4.62132848e-05 0.0
0.000280097069 4.61350392e-05 0.0
0.000622356369 3.44067776e-05 0.0
0.000630574592 0.000122032405 0.0
0.000546923024 7.88018588e-05 0.0
-3.25039327e-05 5.07948062e-05 0.0
-4.07221269e-05 -3.6830821e-05 0.0
0.000537559332 4.10395369e-05 0.0
0.000546387048 6.50983275e-05 0.0
0.000497029454 4.77966896e-05 0.0
-0.000116691459 -6.13927477e-06 0.0
-0.000125519146 -3.01980635e-05 0.0
-8.2844912e-05 -1.5684238e-05 0.0
-7.63326534e-05 7.37965238e-05 0.0
0.000342348649 4.52203458e-05 0.0
0.00040962387 4.64087425e-05 0.0
0.000387833948 0.00012089339 0.0
0.000622349675 4.64087425e-05 0.0
0.000555074424 4.52203458e-05 0.0
0.000455488102 8.54658083e-06 0.0
0.000458585622 8.83775501e-05 0.0
0.000437570823 8.52762387e-05 0.0
0.000451743254 0.000125413339 0.0
0.000104671555 2.56932817e-05 0.0
0.000108947548 4.98529953e-05 0.0
0.000151526066 5.19210007e-05 0.0
0.000106261497 4.97420988e-05 0.0
0.000120975383 -1.63757682e-06 0.0
-0.0001064643 4.97420988e-05 0.0
-6.11997239e-05 5.19210007e-05 0.0
0.00029610077 -5.33951061e-06 0.0
0.000307320384 5.11759245e-05 0.0
0.000107105174 -9.08276797e-06 0.0
0.000112794907 2.3012708e-05 0.0
0.000221730254 3.81211976e-05 0.0
0.000238980327 5.23215058e-05 0.0
0.000185928177 1.93435608e-05 0.0
0.000195391636 8.4550622e-05 0.0
0.000263099937 2.51372785e-05 0.0
0.000281045533 4.45367514e-05 0.0
9.70663532e-05 2.74169379e-05 0.0
0.000105805724 0.000105588348 0.0
0.000663078506 7.12375986e-05 0.0
0.0 0.0 0.0
-0.000212725805 0.0 0.0
0.000450352702 7.12375986e-05 0.0
0.000292181358 5.63596222e-05 0.0
0.000305187859 6.10421703e-05 0.0
0.000316125981 6.74730836e-05 0.0
0.00032437034 7.51364423e-05 0.0
0.000329678529 8.42300215e-05 0.0
0.000332246971 9.40499012e-05 0.0
0.000331138814 0.000104393759 0.0
0.000326178793 0.000114273003 0.0
0.000318026752 0.000122471669 0.0
0.000307790877 0.000128004904 0.0
0.000296000042 0.000131172725 0.0
0.000270588789 0.000129469612 0.0
0.000258571381 0.000125029954 0.0
0.000248315133 0.00011867586 0.0
0.000240455862 0.000111226385 0.0
0.000235347776 0.000102935905 0.0
0.000232900464 9.42608385e-05 0.0
0.000232586171 8.57428167e-05 0.0
0.000233758285 7.80789778e-05 0.0
0.000236674663 7.12374167e-05 0.0
0.000247258838 6.24747336e-05 0.0
0.000262417045 5.64042239e-05 0.0
0.000413548085 4.19290154e-05 0.0
0.00041175849 3.57270874e-05 0.0
0.000412657449 2.84986472e-05 0.0
0.000416522438 2.14350075e-05 0.0
0.000422775251 1.55095549e-05 0.0
0.000430678279 1.13671185e-05 0.0
0.000439782947 9.33701267e-06 0.0
0.000458966359 1.03733037e-05 0.0
0.000467673526 1.30523395e-05 0.0
0.000475709181 1.69469477e-05 0.0
0.000482331845 2.20148358e-05 0.0
0.000487621786 2.78263415e-05 0.0
0.000491402403 3.37277233e-05 0.0
0.00049304805 3.99353921e-05 0.0
0.00027568423 5.34685714e-05 0.0
0.000266830117 6.01961074e-05 0.0
0.000255993829 6.47575507e-05 0.0
0.000244777737 6.63240571e-05 0.0
0.000233655592 6.49185968e-05 0.0
0.000223315772 6.11148862e-05 0.0
0.000214535234 5.5560311e-05 0.0
0.000208301659 5.0133749e-05 0.0
0.000616011093 0.000123874692 0.0
0.000601538399 0.000123021106 0.0
0.000587872695 0.000119690369 0.0
0.000575595535 0.00011424275 0.0
0.000565098715 0.000106828855 0.0
0.000556452607 9.80027253e-05 0.0
0.000550106051 8.84819747e-05 0.0
0.00054625026 6.92904796e-05 0.0
0.000549284683 5.94239536e-05 0.0
0.000556550745 4.91243518e-05 0.0
0.000567037379 3.99241871e-05 0.0
0.000578775071 3.38024802e-05 0.0
0.000591875869 3.10892683e-05 0.0
0.000606659276 3.13027194e-05 0.0
-2.57573301e-05 -3.08706949e-05 0.0
-1.29984192e-05 -2.27120599e-05 0.0
-3.29565387e-06 -1.33065378e-05 0.0
3.15224497e-06 -3.78733307e-06 0.0
6.02367345e-06 6.58234831e-06 0.0
5.91261141e-06 1.67927756e-05 0.0
9.77390641e-07 2.79609503e-05 0.0
-7.88832494e-06 3.82391518e-05 0.0
-1.9393714e-05 4.59796465e-05 0.0
0.000541724847 6.73844552e-05 0.0
0.000535998377 6.82165264e-05 0.0
0.00052881561 6.77142598e-05 0.0
0.000520324684 6.57679047e-05 0.0
0.000511651742 6.22178268e-05 0.0
0.000504513097 5.72022109e-05 0.0
0.000500097405 5.28026358e-05 0.0
0.000497879926 5.00526439e-05 0.0
0.000497164438 4.53517714e-05 0.0
0.000498469453 4.29776119e-05 0.0
0.000500882219 4.09999229e-05 0.0
0.000504047319 3.94567178e-05 0.0
0.000508148863 3.87608561e-05 0.0
0.00051402871 3.83280349e-05 0.0
0.000521497335 3.83332081e-05 0.0
0.000529829354 3.89741581e-05 0.0
-0.000118790129 -2.68357471e-05 0.0
-0.000113793729 -2.28049394e-05 0.0
-0.000110873953 -1.86806155e-05 0.0
-0.000110545036 -1.41769269e-05 0.0
-0.00011271899 -9.81495486e-06 0.0
-6.94936462e-05 -1.39525682e-05 0.0
-5.69487092e-05 -9.63572529e-06 0.0
-4.55869776e-05 -3.87100226e-06 0.0
-3.51092931e-05 3.59394085e-06 0.0
-2.67308042e-05 1.31249762e-05 0.0
-2.1589316e-05 2.39394376e-05 0.0
-1.94250115e-05 3.57785939e-05 0.0
-2.3103983e-05 4.73950277e-05 0.0
-3.26869449e-05 5.87385948e-05 0.0
-4.58927534e-05 6.76198324e-05 0.0
-6.0813556e-05 7.26725048e-05 0.0
-9.18021833e-05 7.1760478e-05 0.0
-0.000106197949 6.66369306e-05 0.0
-0.000118480704 5.8947142e-05 0.0
-0.000127836451 4.91289029e-05 0.0
-0.000133792084 3.76848948e-05 0.0
-0.000136059083 2.54388415e-05 0.0
-0.000134441943 1.32477689e-05 0.0
-0.000128941887 2.26776888e-06 0.0
-0.000120301796 -6.2646227e-06 0.0
-0.000109072564 -1.20820096e-05 0.0
-9.60400575e-05 -1.52991506e-05 0.0
0.000419156218 5.33541461e-05 0.0
0.000426687096 6.21470972e-05 0.0
0.00043175515 7.24466008e-05 0.0
0.000433360983 8.38551205e-05 0.0
0.000431124266 9.51600596e-05 0.0
0.000425804086 0.000104943079 0.0
0.000418353651 0.000112399604 0.0
0.000409731321 0.00011746872 0.0
0.000400085817 0.000120138146 0.0
0.000373288785 0.000119363205 0.0
0.000358723657 0.000115202849 0.0
0.000346064218 0.000108608932 0.0
0.000336271129 0.000100487596 0.0
0.00032989317 9.12671676e-05 0.0
0.000325972214 8.17953332e-05 0.0
0.000324659661 7.22593031e-05 0.0
0.000325802539 6.30590366e-05 0.0
0.000331492542 5.3879703e-05 0.0
0.000566571427 3.9586459e-05 0.0
0.000578669482 3.68389919e-05 0.0
0.000590674579 3.65730921e-05 0.0
0.000602081185 3.85409767e-05 0.0
0.000612655422 4.19637763e-05 0.0
0.000468555838 1.08331824e-05 0.0
0.00048106609 1.59724568e-05 0.0
0.000492308871 2.28570971e-05 0.0
0.000499984715 3.03960096e-05 0.0
0.000505129283 3.70821981e-05 0.0
0.000508140249 4.34158501e-05 0.0
0.000509418664 5.08559788e-05 0.0
0.0005085374 5.92554534e-05 0.0
0.000503469666 6.8302048e-05 0.0
0.000494327047 7.73011125e-05 0.0
0.000482996606 8.39815548e-05 0.0
0.000470960804 8.73836034e-05 0.0
0.000446761347 8.69141149e-05 0.0
0.000435928669 8.3511397e-05 0.0
0.000425933307 7.9027639e-05 0.0
0.000417009433 7.25895807e-05 0.0
0.00040974337 6.44758984e-05 0.0
0.000404575607 5.51632329e-05 0.0
0.000403132144 4.49949839e-05 0.0
0.000405633036 3.49274669e-05 0.0
0.000411486981 2.55411014e-05 0.0
0.00042012328 1.77450584e-05 0.0
0.000430670829 1.22032698e-05 0.0
0.000442659861 9.07148114e-06 0.0
0.000447568164 8.62788511e-05 0.0
0.000457490853 8.90322262e-05 0.0
0.000465712685 9.34548007e-05 0.0
0.000471340085 9.89626715e-05 0.0
0.000474382512 0.000104927174 0.0
0.000474796252 0.000110867928 0.0
0.000473009364 0.000116241688 0.0
0.000469477498 0.000120585129 0.0
0.000464677927 0.000123590798 0.0
0.000459121482 0.000124747879 0.0
0.000442773075 0.000125329374 0.0
0.000433322624 0.000123991151 0.0
0.000424778002 0.000120922552 0.0
0.000417722971 0.000116568932 0.0
0.00041298804 0.000110405141 0.0
0.000411582441 0.000103255639 0.0
0.000413564034 9.60901234e-05 0.0
0.000417922041 9.03337277e-05 0.0
0.000423164485 8.69814176e-05 0.0
0.000429151609 8.5561267e-05 0.0
0.000110858382 2.62589492e-05 0.0
0.00011673275 2.68201766e-05 0.0
0.000122547935 2.78923198e-05 0.0
0.000128821135 3.12042248e-05 0.0
0.000132799512 3.61119892e-05 0.0
0.000134007467 4.04101738e-05 0.0
0.000133459529 4.39208598e-05 0.0
0.000130515618 4.72800602e-05 0.0
0.000125885359 4.90907114e-05 0.0
0.000120519137 5.01948598e-05 0.0
0.000114631308 5.05716889e-05 0.0
0.000103401821 4.8712227e-05 0.0
9.82869096e-05 4.72092324e-05 0.0
9.3790346e-05 4.56324233e-05 0.0
8.95999328e-05 4.31682784e-05 0.0
8.62236993e-05 4.01993384e-05 0.0
8.40951107e-05 3.6936759e-05 0.0
8.40002758e-05 3.34655779e-05 0.0
8.57438645e-05 3.02267399e-05 0.0
8.91638701e-05 2.77683648e-05 0.0
9.37768273e-05 2.60141824e-05 0.0
9.92403948e-05 2.52877817e-05 0.0
9.82679267e-05 4.61848176e-05 0.0
9.11448296e-05 4.1703297e-05 0.0
8.58927597e-05 3.56299024e-05 0.0
8.29766068e-05 2.83475893e-05 0.0
8.34131279e-05 2.04449698e-05 0.0
8.87082133e-05 1.17149148e-05 0.0
9.64091887e-05 4.71803878e-06 0.0
0.000104943821 5.3411884e-07 0.0
0.000112942442 -1.29180444e-06 0.0
0.000130137749 -1.00285627e-06 0.0
0.000139984724 9.09280118e-07 0.0
0.000149315194 4.9958544e-06 0.0
0.000157238028 1.10087221e-05 0.0
0.000163256322 1.87520091e-05 0.0
0.000165952748 2.69153898e-05 0.0
0.000165904567 3.47325913e-05 0.0
0.000163245262 4.17417359e-05 0.0
0.000158290437 4.76039459e-05 0.0
-6.95791459e-05 5.46271367e-05 0.0
-7.8272511e-05 5.52287129e-05 0.0
-8.75486367e-05 5.47087402e-05 0.0
-9.73166898e-05 5.27259181e-05 0.0
0.000303566805 -3.74491947e-06 0.0
0.000311718701 -1.44995204e-06 0.0
0.000320457388 1.93748679e-06 0.0
0.000328653463 6.92612457e-06 0.0
0.000335044082 1.2992813e-05 0.0
0.00033879184 1.99935039e-05 0.0
0.000339570455 2.76938717e-05 0.0
0.000337237434 3.53188443e-05 0.0
0.000332631811 4.19108255e-05 0.0
0.000326355948 4.66839847e-05 0.0
0.000317892525 4.95456334e-05 0.0
0.000295899576 5.0692357e-05 0.0
0.000285070244 4.79756854e-05 0.0
0.000275320606 4.3052587e-05 0.0
0.000267612049 3.60130944e-05 0.0
0.000262480462 2.78178468e-05 0.0
0.000260379777 1.94069034e-05 0.0
0.00026142993 1.16297315e-05 0.0
0.000265301991 5.14173007e-06 0.0
0.000271470315 -1.26349576e-07 0.0
0.000279582368 -3.82678036e-06 0.0
0.000287982577 -5.67178859e-06 0.0
0.000113552596 -7.62152968e-06 0.0
0.000119321368 -5.88632702e-06 0.0
0.00012449958 -3.9975148e-06 0.0
0.000129177599 -9.94247671e-07 0.0
0.000132815432 2.84646671e-06 0.0
0.000135058348 7.02834132e-06 0.0
0.000135446389 1.1249248e-05 0.0
0.000133557725 1.5143466e-05 0.0
0.000129537162 1.86710677e-05 0.0
0.000124339233 2.12969753e-05 0.0
0.000119117401 2.26795546e-05 0.0
0.000104869112 2.2709577e-05 0.0
9.65580548e-05 2.09579048e-05 0.0
8.89888033e-05 1.76447011e-05 0.0
8.26751784e-05 1.38642754e-05 0.0
7.86718592e-05 9.96099698e-06 0.0
7.70476545e-05 5.87270688e-06 0.0
7.77573296e-05 1.43772229e-06 0.0
8.08523473e-05 -3.13371993e-06 0.0
8.60822329e-05 -6.8325985e-06 0.0
9.29633461e-05 -9.14915563e-06 0.0
0.000100288795 -9.69239591e-06 0.0
0.00022856149 3.89904781e-05 0.0
0.000234561317 4.079879e-05 0.0
0.000239663219 4.31263616e-05 0.0
0.000243218165 4.5254088e-05 0.0
0.000245220057 4.71669737e-05 0.0
0.000245979842 4.8863978e-05 0.0
0.000245568313 5.01344912e-05 0.0
0.000244901661 5.06620017e-05 0.0
0.000244653493 5.05169301e-05 0.0
0.00024441001 5.0138995e-05 0.0
0.000229579338 5.4108652e-05 0.0
0.000220588685 5.36804e-05 0.0
0.000212548286 5.15301908e-05 0.0
0.000206696626 4.74111621e-05 0.0
0.000203685893 4.35617912e-05 0.0
0.000202999465 4.08705891e-05 0.0
0.000203483782 3.93283262e-05 0.0
0.000205304677 3.88365443e-05 0.0
0.000208897181 3.90668138e-05 0.0
0.00021468554 3.85766471e-05 0.0
0.000199395115 2.16210865e-05 0.0
0.000212017039 2.65036942e-05 0.0
0.000220816306 3.2947195e-05 0.0
0.000227038559 3.85667809e-05 0.0
0.000231042286 4.44685429e-05 0.0
0.000233702303 5.11478902e-05 0.0
0.000234853622 5.73922844e-05 0.0
0.00023454288 6.2764273e-05 0.0
0.00023306279 6.85176055e-05 0.0
0.000222583549 7.70787665e-05 0.0
0.00020895018 8.26472096e-05 0.0
0.000182486561 8.27719923e-05 0.0
0.00017019939 7.75473454e-05 0.0
0.000159587697 6.95501731e-05 0.0
0.000152197099 5.96802092e-05 0.0
0.00014926288 5.25115283e-05 0.0
0.000148229228 4.61328382e-05 0.0
0.000149018306 3.93411538e-05 0.0
0.000151925604 3.28515889e-05 0.0
0.000156704176 2.70223882e-05 0.0
0.000163665856 2.25922322e-05 0.0
0.00017339403 2.01548864e-05 0.0
0.000271988829 2.31195063e-05 0.0
0.000280111883 2.29413145e-05 0.0
0.000287496398 2.4171035e-05 0.0
0.000293551508 2.64209903e-05 0.0
0.000297875173 2.98601772e-05 0.0
0.000300222688 3.402109e-05 0.0
0.00030041649 3.83206134e-05 0.0
0.000298200815 4.24312129e-05 0.0
0.000294437079 4.51189226e-05 0.0
0.000289814285 4.61148047e-05 0.0
0.000285163667 4.58640643e-05 0.0
0.000276839361 4.24923383e-05 0.0
0.000271871977 4.07080843e-05 0.0
0.00026662185 3.95470015e-05 0.0
0.000262023066 3.74692063e-05 0.0
0.000258497341 3.45441586e-05 0.0
0.000256231171 3.14448371e-05 0.0
0.000255652994 2.89982436e-05 0.0
0.000256208499 2.73417591e-05 0.0
0.00025712949 2.6670692e-05 0.0
0.000257444655 2.68574386e-05 0.0
0.000257845502 2.71262161e-05 0.0
0.000110899542 2.95854588e-05 0.0
0.000124350729 3.49680704e-05 0.0
0.000136230723 4.30161963e-05 0.0
0.000145340193 5.35245999e-05 0.0
0.000149624873 6.21623476e-05 0.0
0.000151399334 6.96225907e-05 0.0
0.000151461907 7.73901556e-05 0.0
0.000149837972 8.48827258e-05 0.0
0.000146165272 9.13071926e-05 0.0
0.000140259799 9.64195788e-05 0.0
0.000131211462 0.000100714999 0.0
0.000118843571 0.000103867926 0.0
9.3161565e-05 0.000104555962 0.0
8.19855413e-05 0.000102164813 0.0
7.15582064e-05 9.78943135e-05 0.0
6.22721127e-05 9.19124504e-05 0.0
5.4064396e-05 8.4817184e-05 0.0
4.83472832e-05 7.64959186e-05 0.0
4.52679305e-05 6.75937335e-05 0.0
4.47371567e-05 5.84182926e-05 0.0
4.9415994e-05 4.82630567e-05 0.0
5.88937e-05 3.86838728e-05 0.0
7.05606144e-05 3.20229046e-05 0.0
8.34071107e-05 2.82341261e-05 0.0
0.00064026122 6.59649086e-05 0.0
0.000626837544 5.89214214e-05 0.0
0.000397065422 4.22091616e-05 0.0
0.000379957666 3.66726927e-05 0.0
0.000354884454 3.51978997e-05 0.0
0.00032981651 3.63421314e-05 0.0
0.000313724857 3.68327746e-05 0.0
0.000301910593 3.83795268e-05 0.0
0.000286675146 4.019673e-05 0.0
0.000262618647 4.54087094e-05 0.0
0.000226552234 4.95799395e-05 0.0
0.000185607059 5.13715931e-05 0.0
0.000110338544 2.64007485e-05 0.0
9.31163158e-05 2.10384751e-05 0.0
6.42469386e-05 1.3935778e-05 0.0
3.08706767e-05 7.37574692e-06 0.0
-1.92500902e-05 2.40144927e-05 0.0
-6.90985689e-05 -4.6934847e-06 0.0
-9.18942023e-05 2.2317829e-06 0.0
-0.000138439034 -1.8955584e-06 0.0
-0.00014692414 2.7886219e-05 0.0
-0.000151623346 4.23185556e-05 0.0
-0.000157095987 4.46790909e-05 0.0
-0.000161981327 4.02943151e-05 0.0
-0.000164303055 3.32072159e-05 0.0
-0.00016328448 2.82202909e-05 0.0
-0.000163817182 3.20222098e-05 0.0
-0.000165133781 4.35324328e-05 0.0
-0.000165309742 5.23042181e-05 0.0
-0.00016439952 4.94887536e-05 0.0
-0.000163602686 3.5720328e-05 0.0
-0.000167798789 2.12922077e-05 0.0
-0.000173993423 5.12308316e-06 0.0
-0.000183175231 -7.21209562e-06 0.0
-0.000195597881 -1.09669563e-05 0.0
-0.000181855125 7.37574692e-06 0.0
-0.000148478866 1.3935778e-05 0.0
-0.000119609482 2.10384751e-05 0.0
-0.000102387254 2.64007485e-05 0.0
-2.71187473e-05 5.13715931e-05 0.0
1.38264286e-05 4.95799395e-05 0.0
4.98928493e-05 4.54087094e-05 0.0
7.39493335e-05 4.019673e-05 0.0
8.91847812e-05 3.83795268e-05 0.0
0.000100999066 3.68327746e-05 0.0
0.000117090698 3.63421314e-05 0.0
0.000142158649 3.51978997e-05 0.0
0.000167231876 3.66726927e-05 0.0
0.000184339631 4.22091616e-05 0.0
0.00041411171 5.89214214e-05 0.0
0.000427535444 6.59649086e-05 0.0
0.000467480626 6.02706423e-05 0.0
0.000479903276 6.40255021e-05 0.0
0.000489085098 7.63606804e-05 0.0
0.000495279732 9.25298082e-05 0.0
0.000499475806 0.00010695793 0.0
0.000498679001 0.000120726356 0.0
0.000497768749 0.000123541817 0.0
0.000497944711 0.000114770031 0.0
0.00049926131 0.000103259808 0.0
0.000499794027 9.94578877e-05 0.0
0.000498775451 0.000104444814 0.0
0.00050109718 0.000111531917 0.0
0.000505982491 0.000115916693 0.0
0.000511455175 0.000113556154 0.0
0.000516154338 9.91238194e-05 0.0
0.000524639443 6.93420443e-05 0.0
0.000571184326 7.34693822e-05 0.0
0.000593979901 6.65441185e-05 0.0
0.000643828418 9.52520932e-05 0.0
0.000364447362 5.07876284e-05 0.0
-3.28744682e-05 3.42812709e-05 0.0
0.000410282635 7.29653038e-05 0.0
-5.19990535e-05 2.57750817e-05 0.0
0.000350890914 2.54227489e-05 0.0
0.000308124319 5.56410196e-05 0.0
0.000424028229 4.60322226e-05 0.0
-2.12754385e-05 1.03596858e-05 0.0
0.000213361142 4.18656564e-05 0.0
2.67558498e-05 5.58290194e-05 0.0
0.000202959971 9.2886723e-05 0.0
0.000375148462 4.23867059e-05 0.0
1.26474415e-05 3.21347979e-05 0.0
0.000170160973 2.11350907e-05 0.0
7.61755218e-05 3.85693929e-05 0.0
-9.63781422e-05 3.59332371e-05 0.0
0.000348798145 8.37398693e-05 0.0
2.2588365e-05 -2.72518969e-06 0.0
0.000232580976 1.92308598e-05 0.0
0.000552343321 5.78910331e-05 0.0
0.000179506329 3.9892755e-05 0.0
0.000307511596 4.2570402e-05 0.0
0.000395149225 3.59658479e-05 0.0
-3.70938724e-05 5.2534444e-05 0.0
0.000274771941 7.2137489e-05 0.0
1.22156462e-05 2.67015148e-05 0.0
-9.08133807e-05 3.36443045e-05 0.0
0.000374791911 0.000110807297 0.0
0.000500353519 6.27388072e-05 0.0
-9.16722856e-05 1.3724728e-05 0.0
0.000205811666 1.87499209e-05 0.0
0.000176779286 6.48027617e-06 0.0
0.000458668655 6.67687636e-05 0.0
-4.11528072e-06 2.40762474e-05 0.0
0.000278891675 6.67111381e-05 0.0
0.00020060259 3.66083914e-05 0.0
0.000211753402 1.10281035e-05 0.0
0.000443246972 4.91402243e-05 0.0
0.000312893331 8.01606875e-05 0.0
0.000359092432 1.42560029e-05 0.0
0.000217188252 9.08435759e-05 0.0
0.000304314046 3.12620323e-05 0.0
0.000394245231 5.80555097e-05 0.0
-3.82601975e-05 5.80418555e-06 0.0
0.000343441032 4.0465482e-05 0.0
-7.66453013e-06 7.09638844e-05 0.0
3.99448663e-06 -1.02153317e-05 0.0
0.000101749145 3.09656825e-05 0.0
3.9835606e-05 2.20790098e-05 0.0
0.000380067446 1.6057189e-05 0.0
0.000452460634 4.24106547e-05 0.0
0.000421840494 5.08300654e-05 0.0
-0.000107222455 3.25480942e-05 0.0
0.000197468573 8.99955703e-05 0.0
7.29820822e-05 6.17575715e-05 0.0
3.5658104e-05 4.0377312e-05 0.0
0.000160420183 4.63992183e-05 0.0
0.000323878485 2.95981317e-05 0.0
-0.000117876203 4.36854098e-05 0.0
3.73281036e-05 4.16767762e-05 0.0
8.6560658e-06 2.37434651e-05 0.0
-0.000104672974 3.33775752e-05 0.0
0.000203250442 2.0367188e-05 0.0
0.000133530601 1.74107627e-05 0.0
6.40083454e-05 3.54857475e-05 0.0
-4.1721989e-05 2.84711405e-05 0.0
8.12557701e-05 2.13328622e-05 0.0
-1.77309776e-05 5.39642861e-06 0.0
0.000451832602 0.000118584285 0.0
0.000106737753 3.90471723e-05 0.0
-1.26515588e-05 -4.82374389e-06 0.0
0.000395703275 1.9697678e-05 0.0
-3.54992881e-05 2.65001963e-05 0.0
-7.25785139e-05 4.87984944e-05 0.0
0.000355698197 6.10528514e-05 0.0
2.65145027e-05 1.96148394e-05 0.0
5.16455002e-05 3.38487553e-05 0.0
0.000424756698 9.76897572e-05 0.0
0.000472073152 5.47467243e-05 0.0
0.000431632798 3.36036101e-05 0.0
0.000204429234 8.96108613e-05 0.0
0.000334788638 5.82108114e-05 0.0
0.00023377953 4.71986787e-05 0.0
0.000185732657 8.37321277e-05 0.0
-3.79266057e-05 -1.15927942e-05 0.0
0.000376213779 7.73857464e-05 0.0
0.000290317083 4.84351185e-05 0.0
0.000575052458 7.1197006e-05 0.0
0.000268204778 6.80774101e-05 0.0
0.000300802232 8.35781975e-05 0.0
-8.67311537e-05 -3.34692322e-06 0.0
0.000257919688 7.34870991e-05 0.0
7.88122707e-05 -2.22052245e-06 0.0
0.000295069534 7.41562544e-05 0.0
0.00026782896 1.95420871e-05 0.0
0.000228790304 7.96846289e-05 0.0
0.00027122366 4.7055164e-05 0.0
0.00039495001 4.48395294e-05 0.0
-3.90026935e-06 3.73747789e-05 0.0
0.000337052013 0.000110526838 0.0
0.00016191967 9.25391942e-06 0.0
2.57789452e-05 2.78365151e-05 0.0
0.000223723619 4.42097953e-05 0.0
0.00020422379 2.62512622e-05 0.0
0.000547065923 4.39911055e-05 0.0
0.000249351957 5.65832561e-05 0.0
0.000147051862 3.91341309e-05 0.0
4.42419914e-05 7.79146358e-05 0.0
0.000368505163 0.000122526573 0.0
-8.33616577e-05 2.87759758e-05 0.0
-6.16567922e-05 3.8574166e-05 0.0
0.000546776049 3.76439057e-05 0.0
0.000500823313 7.66048543e-05 0.0
0.000535420491 7.97575703e-05 0.0
0.000508854224 4.52628774e-05 0.0
0.00049593969 0.000100532343 0.0
0.000195970904 1.65473648e-05 0.0
0.00037930347 8.77089406e-05 0.0
0.000204126671 3.62890678e-05 0.0
0.000266824005 6.55049298e-05 0.0
0.000405044819 2.7605065e-05 0.0
0.000192560779 6.40386452e-06 0.0
0.000226454358 3.17049817e-05 0.0
0.000366483349 3.98383017e-05 0.0
-1.42420877e-05 3.92004949e-05 0.0
0.000210897328 8.51209115e-05 0.0
0.000134505521 4.05860155e-05 0.0
0.000466505677 4.75773886e-05 0.0
0.000472053769 6.77456264e-05 0.0
0.000211226376 3.95025272e-05 0.0
0.000171836597 4.00802055e-05 0.0
0.000365338608 6.33846648e-05 0.0
0.000315537967 1.85189765e-05 0.0
6.86587082e-05 3.91414069e-05 0.0
0.000239177592 2.65376111e-05 0.0
0.000322688167 4.48342325e-05 0.0
0.000318480219 0.000100421894 0.0
0.000249901641 9.95204118e-06 0.0
8.75516707e-05 3.80646707e-05 0.0
0.000455465575 4.53319044e-05 0.0
-0.000125867504 3.34058532e-05 0.0
-4.05438004e-05 6.35637116e-05 0.0
0.000215510096 9.79061733e-05 0.0
0.000187386104 1.70626899e-05 0.0
-7.49986721e-05 3.253451e-05 0.0
6.36117838e-05 -4.94813139e-06 0.0
0.000140476986 1.03287493e-05 0.0
-9.5312289e-06 7.27168372e-05 0.0
-9.33504925e-05 4.92756117e-05 0.0
-4.68911094e-05 2.03991676e-05 0.0
-8.33001104e-05 1.3195584e-05 0.0
-0.000121331825 2.96837188e-05 0.0
-4.52346058e-06 5.09980637e-05 0.0
0.000110386303 2.63857892e-05 0.0
-3.11921831e-05 -1.55916259e-05 0.0
0.00019411472 8.56303013e-05 0.0
0.000223811978 2.63088828e-06 0.0
0.000401773839 6.28979396e-05 0.0
1.72505588e-05 6.34430808e-06 0.0
0.000172516244 1.16607671e-05 0.0
0.000569557655 6.50766015e-05 0.0
0.000359575206 1.77231705e-05 0.0
0.000327535672 4.87824655e-05 0.0
0.000324024993 3.34988617e-05 0.0
-0.000142611461 -4.41351131e-06 0.0
0.000281233661 4.84316733e-05 0.0
0.000464685465 0.000122019184 0.0
0.000386555679 1.36890967e-05 0.0
0.000489010767 0.000108341621 0.0
0.000356031233 8.29380879e-05 0.0
0.000165536636 7.36433731e-06 0.0
0.000200462469 5.01161448e-05 0.0
0.000319611601 8.50281867e-05 0.0
0.000587850111 7.06491628e-05 0.0
0.000424944039 2.1239206e-05 0.0
5.13178347e-05 2.42568021e-05 0.0
0.000336851517 7.07327345e-05 0.0
-1.31292281e-05 1.19608658e-05 0.0
0.000418406591 5.28725323e-05 0.0
-5.40412402e-05 6.08252958e-06 0.0
0.000435270282 5.08588455e-05 0.0
0.000604750123 7.72377971e-05 0.0
0.000277204672 5.08613848e-05 0.0
1.06847165e-05 2.81596131e-05 0.0
0.000471667678 4.41616212e-05 0.0
5.74265614e-05 -2.41507973e-06 0.0
0.000621648156 8.59346037e-05 0.0
0.000292477285 8.266246e-05 0.0
0.000467311766 0.000105590952 0.0
0.000461029616 5.03235715e-05 0.0
-0.000121169833 3.60651866e-05 0.0
0.000500434428 4.41330594e-05 0.0
5.53915961e-05 2.89198961e-05 0.0
0.000375445263 4.55460831e-05 0.0
0.000118918681 3.37860147e-05 0.0
0.000404953695 0.000119364922 0.0
0.000285363727 7.19655582e-05 0.0
0.000186547666 9.03583787e-05 0.0
0.000568507239 5.27873453e-05 0.0
0.000343805674 1.28436277e-05 0.0
0.000378161785 2.72570451e-05 0.0
-2.0760519e-05 2.49325931e-05 0.0
-0.000136425908 5.0467188e-05 0.0
0.000157842704 3.22078995e-05 0.0
-7.15816059e-05 3.01220243e-05 0.0
0.000439884141 6.05905625e-05 0.0
0.000487372774 4.13310481e-05 0.0
0.000181989366 5.06196629e-05 0.0
0.000351704599 6.15189929e-05 0.0
-0.000114738403 8.95639175e-07 0.0
0.000488144695 9.28233057e-05 0.0
-0.000121294601 3.92652582e-05 0.0
0.000266367424 4.21752484e-05 0.0
8.50591096e-05 6.31427974e-05 0.0
0.000558984233 8.37346597e-05 0.0
0.000192808104 8.5830914e-05 0.0
0.000383387116 7.09593223e-05 0.0
-5.34517276e-05 9.50272715e-06 0.0
-8.30767167e-05 2.52710161e-05 0.0
-1.57040813e-05 2.99130043e-05 0.0
3.71381338e-06 6.27261443e-06 0.0
0.000231288097 3.94736344e-05 0.0
0.000400880817 1.46632765e-05 0.0
0.000519084977 3.79079866e-05 0.0
0.0004318555 0.000118917 0.0
7.52199921e-05 4.07704465e-05 0.0
6.81647316e-06 6.35155666e-05 0.0
6.821844e-05 3.66409949e-05 0.0
0.000203084273 1.17689788e-05 0.0
0.000430129498 5.69273216e-05 0.0
0.000480773335 7.14384878e-05 0.0
0.000336568803 0.000121890625 0.0
0.000276494946 9.385866e-05 0.0
-6.00229614e-05 3.37951278e-05 0.0
0.000154431124 5.58739266e-05 0.0
0.000449400832 3.03155357e-05 0.0
-2.00885279e-05 2.33051687e-05 0.0
0.000479835755 7.27274601e-05 0.0
0.000227471362 2.71571353e-05 0.0
2.14124757e-05 4.32101151e-05 0.0
0.00028345894 3.75766722e-05 0.0
0.00016630796 4.59014118e-05 0.0
-6.19988277e-05 5.8254529e-05 0.0
0.000595501333 7.78084068e-05 0.0
-7.62070922e-05 -2.27496983e-07 0.0
0.000177064314 5.42177877e-05 0.0
0.000553419872 4.28369276e-05 0.0
-8.23495138e-05 3.41497325e-05 0.0
0.00040567611 9.12498144e-05 0.0
-4.36540358e-05 -6.42518853e-06 0.0
0.000375618838 8.45481773e-05 0.0
3.99093478e-05 2.97812603e-05 0.0
-3.64450789e-05 4.12773297e-05 0.0
3.54636286e-05 2.50050016e-05 0.0
0.000526060059 4.41283191e-05 0.0
0.000224398784 2.39337278e-05 0.0
0.000442982127 9.39749007e-05 0.0
0.000225658398 0.00010051718 0.0
2.46673917e-05 -6.61434342e-06 0.0
0.000305236812 2.610503e-05 0.0
0.000487414247 0.000101942322 0.0
0.000114398026 9.09547543e-06 0.0
-0.000132971531 3.10274554e-05 0.0
0.000275840051 6.71997332e-05 0.0
0.000211007136 8.51348304e-05 0.0
0.00017147261 7.60922194e-05 0.0
0.000479151524 5.034063e-05 0.0
5.6257988e-05 1.21870726e-05 0.0
0.000160456315 6.41424094e-06 0.0
0.00011402541 1.84553337e-05 0.0
0.000521687383 7.76309316e-05 0.0
0.000484016404 8.17468681e-05 0.0
7.8295725e-06 4.58789509e-05 0.0
0.000343884836 4.85039236e-05 0.0
0.000261284935 4.63050892e-05 0.0
0.000487157027 0.000114288538 0.0
0.000556918734 5.07022378e-05 0.0
0.000262585556 5.20561189e-05 0.0
0.000415645714 4.09592139e-05 0.0
0.000187810889 6.85719497e-05 0.0
7.15308779e-05 3.39785802e-05 0.0
0.000120886689 1.14343002e-05 0.0
0.00050726987 7.85465527e-05 0.0
-4.77871399e-05 4.38580901e-05 0.0
0.000293549238 9.96376184e-05 0.0
0.000345307984 1.93844007e-05 0.0
0.000541979854 4.09805434e-05 0.0
0.000139375232 7.87803674e-06 0.0
0.000171768523 3.89584347e-05 0.0
0.000109722838 1.88578961e-05 0.0
0.000230782971 4.78699003e-05 0.0
0.000239707428 5.3786378e-05 0.0
9.53596973e-05 2.00452905e-05 0.0
-0.000158433948 -9.05342858e-06 0.0
9.55643336e-05 3.70387388e-05 0.0
0.000293505844 5.60017834e-05 0.0
6.1738443e-05 1.39173517e-06 0.0
0.000124906612 4.37062517e-05 0.0
0.000244573253 9.2265851e-05 0.0
0.000468848419 4.4636341e-05 0.0
9.49670211e-05 3.60493541e-05 0.0
-7.59250979e-05 2.90279659e-05 0.0
0.000491553976 0.000115947165 0.0
8.87542337e-05 3.34644392e-05 0.0
0.000506272248 4.38105963e-05 0.0
0.000137771582 4.64863042e-05 0.0
2.24282267e-05 -7.75755962e-06 0.0
0.000158560855 4.71603416e-05 0.0
-1.30770368e-05 1.86396464e-05 0.0
0.000365927146 0.00012158262 0.0
0.000397512078 8.33020677e-05 0.0
0.000462013966 0.000111423353 0.0
0.000176493515 3.07543633e-05 0.0
0.000221217793 6.8004083e-05 0.0
-8.50328142e-05 -2.05900815e-05 0.0
1.37031168e-06 6.69181554e-06 0.0
0.000116194955 4.92293584e-05 0.0
0.000436622271 4.11902147e-05 0.0
-3.39045655e-05 -9.08523361e-06 0.0
0.000210873026 4.62837961e-05 0.0
0.000363153173 2.70212422e-05 0.0
3.89505694e-05 3.43203428e-05 0.0
4.37375405e-07 1.44263299e-06 0.0
0.000129054621 2.62863814e-05 0.0
0.000295842765 4.10490975e-05 0.0
0.000446509745 4.83025215e-05 0.0
0.000316821737 6.3825144e-05 0.0
4.38277893e-05 4.42377059e-05 0.0
0.00020618811 2.18842379e-05 0.0
0.00051297422 7.30135725e-05 0.0
0.000357290293 2.40316749e-05 0.0
0.00035241805 3.31746851e-05 0.0
0.000423569494 5.92298384e-05 0.0
-0.000151009255 1.83583124e-05 0.0
0.000407923566 1.47577948e-05 0.0
0.000280716195 1.66878326e-05 0.0
0.000106236104 6.58319141e-06 0.0
0.000454481487 4.74409499e-05 0.0
0.00024436778 3.67614302e-06 0.0
0.000432094181 7.93593863e-05 0.0
0.000220556351 3.75718605e-06 0.0
0.00046811768 4.58049872e-05 0.0
-0.000148922016 3.26232803e-05 0.0
0.000328167545 1.76946087e-05 0.0
0.00048954098 0.000118590076 0.0
0.000261744426 6.08422815e-05 0.0
0.000363724947 4.71831518e-05 0.0
0.000435343012 4.77966641e-05 0.0
0.000106877946 2.45006304e-05 0.0
0.000406369392 4.97198234e-05 0.0
0.000223045266 1.49645493e-05 0.0
5.1581952e-05 3.31967312e-05 0.0
-5.0364255e-05 3.12014454e-05 0.0
-0.000156544542 1.4412577e-05 0.0
2.56164458e-05 8.03460061e-05 0.0
0.000493151951 3.99145501e-05 0.0
0.000120810779 7.43580495e-06 0.0
0.000484287273 0.000107113679 0.0
0.000381847611 5.28315468e-05 0.0
0.000210331375 9.31601026e-05 0.0
-4.20215365e-05 -1.36043327e-05 0.0
0.000252989674 5.67596762e-05 0.0
0.000483788142 0.000100741134 0.0
0.000252441241 6.04180132e-05 0.0
0.000258389104 2.93009507e-05 0.0
0.000176672023 9.1545342e-05 0.0
9.87472959e-05 3.07680057e-06 0.0
-0.000108412991 3.28477072e-05 0.0
-0.000114351838 -1.76475587e-05 0.0
7.86593955e-05 3.15998113e-05 0.0
0.000349627866 5.89292722e-05 0.0
8.47315532e-05 4.43111685e-06 0.0
0.000103239101 1.96775582e-05 0.0
6.05354508e-05 3.81793579e-05 0.0
0.000439951691 2.13222102e-05 0.0
1.24343424e-05 1.91092931e-05 0.0
7.21979959e-05 8.18064509e-05 0.0
0.000302372122 4.14649621e-05 0.0
0.000210919752 7.3211304e-05 0.0
0.000192360894 1.58226067e-05 0.0
-0.000126214305 1.57051491e-05 0.0
0.000427186838 2.87473849e-05 0.0
0.000405547995 6.29477436e-05 0.0
0.000146025719 1.42309182e-05 0.0
1.37462721e-05 -1.08941631e-05 0.0
0.000273288635 8.27847452e-06 0.0
0.000475581939 0.000118408469 0.0
0.000424814876 0.00010956722 0.0
0.000199769274 4.41767916e-05 0.0
-5.62352652e-05 4.57972201e-05 0.0
4.93500411e-05 -8.67133258e-06 0.0
0.000206802317 3.87401597e-05 0.0
0.000403441256 9.37818841e-05 0.0
0.000128065047 1.42858808e-05 0.0
0.000372194714 1.84297714e-05 0.0
0.000422147918 6.74513503e-05 0.0
0.000126946339 2.91284687e-05 0.0
4.72417059e-06 4.04677521e-05 0.0
5.70838893e-05 4.07755069e-05 0.0
-5.15437532e-05 -4.58628892e-06 0.0
0.000328501686 3.89005399e-05 0.0
0.000293600635 7.52233536e-05 0.0
4.57482201e-05 2.55698124e-05 0.0
-1.70614785e-05 6.08234805e-05 0.0
1.55395446e-05 3.89907837e-05 0.0
0.000293499761 2.51039855e-05 0.0
6.08395094e-05 4.43843419e-05 0.0
-0.000141837911 4.01283796e-05 0.0
0.000314457953 0.000119460536 0.0
0.000327787886 2.55306841e-05 0.0
-0.000139800934 5.47607269e-05 0.0
0.00023918548 3.41821724e-05 0.0
5.43132483e-05 5.2931784e-05 0.0
0.000179165145 1.66123045e-05 0.0
-0.000154451656 2.90768203e-05 0.0
2.31689355e-05 3.19408282e-05 0.0
0.000540707668 4.21937511e-05 0.0
0.000368224195 0.000111664463 0.0
0.000298930419 0.000110570349 0.0
0.000242634123 6.40448634e-05 0.0
0.000232982711 2.65964409e-05 0.0
4.34317662e-05 2.81439643e-05 0.0
0.000129344902 3.59715523e-05 0.0
7.50059116e-05 2.88384635e-05 0.0
-7.09603482e-05 4.96312532e-06 0.0
0.000374201045 2.13317871e-05 0.0
0.000219400608 2.05321758e-05 0.0
0.000355450524 9.63692437e-05 0.0
0.000454661291 9.47771987e-05 0.0
0.000581070024 5.24794887e-05 0.0
0.000167045262 1.63607438e-05 0.0
0.000147405925 2.48442666e-05 0.0
-0.000130194836 3.9662882e-05 0.0
8.80403386e-05 4.43253593e-05 0.0
0.000474898057 3.47125278e-05 0.0
0.00016092755 3.06754264e-05 0.0
0.00019827846 9.15695055e-05 0.0
0.000257640437 4.4613982e-05 0.0
-7.8520301e-05 6.08010414e-05 0.0
0.000401843194 4.68079197e-05 0.0
0.000353745738 4.93118678e-05 0.0
-2.06965215e-05 -5.97352573e-06 0.0
-0.000133942056 3.40453735e-05 0.0
-0.000113144313 5.39115863e-05 0.0
0.000197243746 9.04123808e-05 0.0
0.000306360831 4.42713899e-05 0.0
0.000351090217 7.5537042e-05 0.0
0.000493095431 3.18450475e-05 0.0
0.000119827178 2.92401655e-05 0.0
0.00032246788 5.23859562e-05 0.0
0.00016347089 7.23166449e-05 0.0
0.000169695617 1.17729905e-05 0.0
5.60745139e-05 2.63712627e-05 0.0
0.000266037445 9.3864619e-05 0.0
0.000322160777 5.48128191e-05 0.0
2.86137947e-05 4.26322113e-05 0.0
1.29913487e-05 2.4849036e-05 0.0
0.000358661346 1.21093653e-05 0.0
-0.00017767839 -5.28661394e-06 0.0
0.000318342965 4.56880334e-05 0.0
0.000249664416 6.00356834e-05 0.0
0.000528109842 6.01320353e-05 0.0
0.000636424462 8.3081206e-05 0.0
-1.17143136e-05 6.96663265e-05 0.0
0.000171864434 8.25269672e-05 0.0
-9.7576456e-05 3.38420869e-05 0.0
0.000531293743 6.10519564e-05 0.0
0.000125286839 6.84100723e-06 0.0
0.00034854628 4.00381032e-05 0.0
0.000565426948 4.30425534e-05 0.0
0.000377320393 3.41500745e-05 0.0
-0.000121795849 1.84128328e-06 0.0
0.000288146635 7.79587281e-05 0.0
0.00020604227 3.03637044e-05 0.0
1.71973006e-05 2.37527674e-05 0.0
2.82588589e-05 9.14667726e-06 0.0
0.000450578751 5.90730779e-05 0.0
0.000306440343 5.00260248e-05 0.0
0.000146444494 2.88289448e-05 0.0
-0.000102942948 4.04240418e-05 0.0
-7.59666509e-05 1.69087052e-05 0.0
0.00030462959 4.26570696e-05 0.0
-3.89830529e-05 6.92559042e-05 0.0
0.000427992723 0.000112339709 0.0
-8.03127841e-05 4.01580583e-05 0.0
0.000205799835 9.37141085e-05 0.0
9.42847182e-05 6.71475791e-05 0.0
0.000257416221 4.41260927e-05 0.0
0.000221014023 8.28913398e-05 0.0
-6.77653634e-06 2.52511254e-05 0.0
0.000386364321 6.79416407e-05 0.0
0.000374873722 9.89357286e-05 0.0
0.000232319522 2.56760286e-05 0.0
0.000615419063 7.48496386e-05 0.0
0.00026994088 4.83556614e-05 0.0
3.52915595e-05 -4.41021666e-06 0.0
0.000442320248 4.47674138e-05 0.0
0.000417676114 1.65726178e-05 0.0
-5.73054203e-05 3.46142697e-05 0.0
0.000322966982 1.52863249e-05 0.0
8.78743667e-05 3.47554669e-05 0.0
1.8164227e-06 1.52207886e-05 0.0
0.000479006005 9.77750897e-05 0.0
0.000263666821 6.54796168e-05 0.0
0.000332426804 7.90235645e-05 0.0
9.26606444e-05 3.88914013e-05 0.0
0.000575365266 8.97197606e-05 0.0
0.000436783419 3.02989811e-05 0.0
0.00044864908 0.000106370389 0.0
0.000257110631 6.46669505e-05 0.0
0.000106336469 3.92336151e-05 0.0
0.000371254398 5.52633828e-05 0.0
0.000439614319 0.000119101387 0.0
0.000446071994 6.19828716e-05 0.0
0.000243745075 4.06783984e-05 0.0
0.000581058441 4.63210454e-05 0.0
-1.42353001e-05 2.65879953e-05 0.0
0.000298620376 7.14149064e-05 0.0
3.45879089e-05 3.75889322e-05 0.0
0.000254524639 1.54623103e-05 0.0
0.00031887868 9.28357622e-05 0.0
0.000419010088 3.04598288e-05 0.0
2.22370072e-05 2.49494424e-05 0.0
-6.58210483e-05 -5.58034071e-06 0.0
0.000540448353 4.78517031e-05 0.0
8.55363251e-05 3.54426484e-05 0.0
0.000242030204 4.82646756e-05 0.0
0.000391209294 1.59360679e-05 0.0
-0.000150002408 4.38634015e-05 0.0
0.000465819205 7.33067427e-05 0.0
0.000525904237 6.84786719e-05 0.0
0.000379074452 4.49052277e-05 0.0
0.000162325407 7.29435415e-05 0.0
0.000216895438 9.05856505e-05 0.0
-9.66057341e-05 3.41492196e-05 0.0
4.98133613e-06 1.45320137e-05 0.0
0.000328789785 8.30201971e-05 0.0
0.000374470314 9.35364515e-05 0.0
-3.88578592e-05 1.21686971e-05 0.0
0.000463834789 3.09739662e-05 0.0
0.00027816958 4.51976848e-05 0.0
-6.58819336e-05 3.11311924e-05 0.0
0.000142817255 2.739107e-06 0.0
0.000130590604 4.20286997e-05 0.0
-7.83142095e-05 2.90525477e-05 0.0
0.000409358297 0.000107281128 0.0
0.00015549986 1.45379772e-05 0.0
0.000535614206 5.68079085e-05 0.0
0.00030266156 4.66365309e-05 0.0
0.00049817079 3.77198048e-05 0.0
0.000257784937 3.69568224e-05 0.0
-6.67986023e-05 -1.98106645e-05 0.0
0.000245340896 3.30530311e-05 0.0
0.000525677227 8.21611247e-05 0.0
-4.6852314e-05 2.72311299e-05 0.0
0.000297814055 2.24434389e-05 0.0
0.000404505059 2.54139686e-05 0.0
0.000193590473 2.18963251e-05 0.0
-1.3695113e-05 3.86460379e-05 0.0
-3.91545327e-05 -1.10488401e-07 0.0
