9.50957256e-05 0.000407706451 0.0
0.000117029282 0.000602693763 0.0
0.000143445068 0.000548609765 0.0
6.31035873e-05 0.000471593812 0.0
0.00104062993 0.000381336984 0.0
0.000962342601 0.000378792407 0.0
0.00089473417 0.000375859643 0.0
0.000947377703 0.000287587231 0.0
-0.000198848662 0.000375859643 0.0
-0.000131240216 0.000378792407 0.0
-5.29528515e-05 0.000381336984 0.0
0.00115235592 0.000529901881 0.0
0.00116750272 0.000636927551 0.0
0.00117947382 0.000736970513 0.0
0.000993906287 0.000628480979 0.0
-0.000138849777 0.000183709897 0.0
-0.000150820866 8.36669278e-05 0.0
-0.000165967664 -2.33587252e-05 0.0
0.000827415439 0.000520168687 0.0
0.000839084038 0.000563047186 0.0
0.000851733028 0.000607705326 0.0
0.000715949049 0.000551876903 0.0
-0.000466590544 5.44447175e-05 0.0
-0.000479239534 9.78656226e-06 0.0
-0.000490908162 -3.3091892e-05 0.0
-0.00078933622 -2.33532119e-05 0.0
-0.000763890799 0.000137945884 0.0
-0.000745860802 8.98063736e-05 0.0
-0.000805605086 1.75610567e-05 0.0
0.000154047317 0.000430965913 0.0
0.000215050401 0.000434617279 0.0
0.00026991812 0.000439101044 0.0
0.000248617725 0.000582387438 0.0
0.00136350095 0.000439101044 0.0
0.00130863325 0.000434617279 0.0
0.00124763011 0.000430965913 0.0
0.000760750554 0.000402111851 0.0
0.000782635936 0.000577287923 0.0
0.000799415109 0.000529581506 0.0
0.000745151541 0.000449421583 0.0
0.000435582333 0.000516060856 0.0
0.000478048227 0.000651110953 0.0
0.000498451409 0.00059096911 0.0
0.000416443159 0.000577144907 0.0
-8.39071581e-05 0.000227474331 0.0
-5.84370682e-05 0.000289328804 0.0
-5.80532906e-05 0.000252950209 0.0
-8.4067542e-05 0.000266731222 0.0
0.000229156183 0.000225843833 0.0
0.000186584046 0.000223938201 0.0
0.000143924102 0.000221986338 0.0
0.000156483424 0.000114781375 0.0
0.000205647229 0.000187787329 0.0
0.000146378923 0.000163724297 0.0
-0.000949658686 0.000221986338 0.0
-0.000906998757 0.000223938201 0.0
-0.000864426605 0.000225843833 0.0
0.000580878288 0.000165366786 0.0
0.000620262173 0.000299396779 0.0
0.000638927158 0.000245497096 0.0
0.000559210195 0.000214531086 0.0
6.38792189e-05 0.000103736704 0.0
9.78312382e-05 0.000170014857 0.0
9.96316157e-05 0.000135855385 0.0
5.50453478e-05 0.000137859941 0.0
0.000195376037 0.000279533007 0.0
0.000237424887 0.000344429107 0.0
0.000239221714 0.000318995357 0.0
0.000184010467 0.000298844388 0.0
-0.000168622253 0.000282233814 0.0
-0.000138381118 0.000431592547 0.0
-0.000155706875 0.000318819773 0.0
-0.000149958199 0.000386901898 0.0
0.000323385291 0.000323530781 0.0
0.000372020935 0.000418218959 0.0
0.000381827296 0.000387820066 0.0
0.000319549814 0.000357485114 0.0
-0.000179681185 0.00020957274 0.0
-0.000145014186 0.000328044931 0.0
-0.000125795152 0.000291468808 0.0
-0.000197509595 0.000252936559 0.0
0.00131832354 0.000553260616 0.0
0.0 0.0 0.0
-0.00109358283 0.0 0.0
0.000224740797 0.000553260616 0.0
0.000127330961 0.000413014815 0.0
0.000157040035 0.000424665661 0.0
0.000182092801 0.000441021431 0.0
0.000201261151 0.000461217307 0.0
0.000213917112 0.000485562632 0.0
0.000220081565 0.000511840335 0.0
0.000218247209 0.000537484069 0.0
0.000208876038 0.000560560205 0.0
0.000192692358 0.000579493237 0.0
0.00017092815 0.000592697819 0.0
0.00014528149 0.000600778789 0.0
8.78238716e-05 0.000597935577 0.0
5.99853083e-05 0.000587031594 0.0
3.59681362e-05 0.000570575066 0.0
1.70071107e-05 0.000550545636 0.0
3.32416721e-06 0.0005284035 0.0
-5.29076669e-06 0.000505308446 0.0
-7.96432505e-06 0.000481713301 0.0
-4.90411776e-06 0.00045950574 0.0
6.87981401e-06 0.00044033851 0.0
2.90489243e-05 0.00042198805 0.0
6.11799042e-05 0.000410783192 0.0
0.000104400286 0.000509943464 0.0
0.00101955095 0.000380566082 0.0
0.000993634458 0.000379796285 0.0
0.000932813913 0.000377740012 0.0
0.000910645525 0.000376719399 0.0
0.000885879446 0.000362126972 0.0
0.000881242973 0.000344754721 0.0
0.000882523833 0.000327446149 0.0
0.000888598617 0.00031222988 0.0
0.000899421517 0.000300556421 0.0
0.000913419295 0.000292295503 0.0
0.000929312373 0.000288601848 0.0
0.000966266613 0.000290703785 0.0
0.000985108549 0.000297171908 0.0
0.00100331043 0.000307123002 0.0
0.00101855583 0.0003196834 0.0
0.00103024114 0.000333928387 0.0
0.00103867752 0.000349501031 0.0
0.00104186672 0.000366079272 0.0
-0.000182937249 0.000376719399 0.0
-0.00016076889 0.000377740012 0.0
-9.99483673e-05 0.000379796285 0.0
-7.40318501e-05 0.000380566082 0.0
-6.17713158e-05 0.000396564516 0.0
-7.73282009e-05 0.000409005035 0.0
-9.57119555e-05 0.000416998722 0.0
-0.000116097617 0.000420026481 0.0
-0.000136067159 0.000417504139 0.0
-0.000155444679 0.000411361223 0.0
-0.000172513683 0.000402123696 0.0
-0.000187827012 0.000389200373 0.0
0.00115642569 0.000557563209 0.0
0.00116144307 0.000592533092 0.0
0.00117284025 0.00068030844 0.0
0.0011766497 0.000712818175 0.0
0.00115153182 0.000741976255 0.0
0.00112187816 0.000741084223 0.0
0.00109187549 0.000733984692 0.0
0.0010636372 0.000720867713 0.0
0.00103850453 0.00070238742 0.0
0.00101766561 0.000680204015 0.0
0.00100196362 0.000655285199 0.0
0.000992704532 0.000601815118 0.0
0.000999759533 0.000577131286 0.0
0.00101328257 0.000555127102 0.0
0.00103297562 0.000536649371 0.0
0.0010566226 0.000524525472 0.0
0.00108554575 0.000520159549 0.0
0.00111789152 0.0005214556 0.0
-0.000141673896 0.000159557603 0.0
-0.000145483311 0.00012704781 0.0
-0.000156880473 3.92724869e-05 0.0
-0.000161897871 4.30262298e-06 0.0
-0.000133549707 -8.51370169e-06 0.0
-0.000106439154 1.17385216e-05 0.0
-8.57044142e-05 3.53678624e-05 0.0
-7.18169031e-05 6.00670246e-05 0.0
-6.61852609e-05 8.67794806e-05 0.0
-6.75864503e-05 0.000111949921 0.0
-7.66436206e-05 0.000135833325 0.0
-9.21689061e-05 0.000156864931 0.0
-0.000113883172 0.000173060966 0.0
0.000832027523 0.00053821475 0.0
0.000846352836 0.000588500814 0.0
0.000839184737 0.000616216508 0.0
0.000822949805 0.000620081497 0.0
0.000805373711 0.000618675491 0.0
0.000783844502 0.000613013515 0.0
0.000762548472 0.000605049077 0.0
0.000743470853 0.000592871977 0.0
0.000729937921 0.000578688923 0.0
0.000721230113 0.000564904301 0.0
0.000713940943 0.000538952649 0.0
0.000715767383 0.000526820659 0.0
0.000721547287 0.000516358938 0.0
0.000731378444 0.000508040481 0.0
0.000745106663 0.000503566873 0.0
0.000763152726 0.000502508017 0.0
0.000784684962 0.000505308097 0.0
0.000807206903 0.000510567683 0.0
-0.000471970765 3.52401876e-05 0.0
-0.000486296049 -1.50458709e-05 0.0
-0.000473830645 -2.01060375e-05 0.0
-0.000461097719 -5.01745035e-06 0.0
-0.000454037508 1.10189503e-05 0.0
-0.000452984881 2.72240231e-05 0.0
-0.000457579532 4.1930005e-05 0.0
-0.000765495992 -2.08215824e-05 0.0
-0.00074225571 -1.27708072e-05 0.0
-0.000720959448 3.64153692e-07 0.0
-0.000702080317 1.58916027e-05 0.0
-0.000687224325 3.5195626e-05 0.0
-0.000679787248 5.73816505e-05 0.0
-0.000677361328 7.90541671e-05 0.0
-0.000684183906 9.94458023e-05 0.0
-0.000698710443 0.000117147021 0.0
-0.000717176183 0.000130313056 0.0
-0.000739654701 0.000137297597 0.0
-0.000789091049 0.000133502777 0.0
-0.000813054445 0.000123658232 0.0
-0.000834097911 0.000109314984 0.0
-0.00085065345 9.11374518e-05 0.0
-0.000862086657 6.96667703e-05 0.0
-0.000867336988 4.69546321e-05 0.0
-0.000866420858 2.58923174e-05 0.0
-0.00086016237 8.19187517e-06 0.0
-0.000847985852 -5.5278565e-06 0.0
-0.000831276295 -1.53076599e-05 0.0
-0.000811252685 -2.158811e-05 0.0
-0.00077616534 5.27362281e-05 0.0
0.000181076903 0.000432304689 0.0
0.000246848795 0.000437243521 0.0
0.000288225536 0.0004545048 0.0
0.000302845496 0.000472989865 0.0
0.000313229189 0.000494082109 0.0
0.000318394625 0.000516267843 0.0
0.000317772734 0.000536558859 0.0
0.000311705488 0.000553688558 0.0
0.000301601656 0.000566828006 0.0
0.000288502924 0.000576199731 0.0
0.000272054836 0.000581253844 0.0
0.000220106071 0.0005787845 0.0
0.00019152544 0.0005702934 0.0
0.000167124468 0.000556725892 0.0
0.00014788525 0.000540122215 0.0
0.000134856222 0.000521359791 0.0
0.000126212151 0.000501854753 0.0
0.000123602193 0.00048210143 0.0
0.000126144892 0.000463166332 0.0
0.000136424016 0.000445804995 0.0
0.00134043163 0.000437243521 0.0
0.00127465965 0.000432304689 0.0
0.0012660448 0.000421676785 0.0
0.00128587836 0.000417244039 0.0
0.00130591169 0.000417148171 0.0
0.00132587843 0.0004212817 0.0
0.00134507089 0.000428626052 0.0
0.000785554526 0.000406677485 0.0
0.000809501915 0.000416302442 0.0
0.000831749348 0.000429431733 0.0
0.000848705589 0.000445742276 0.0
0.000861346431 0.000462727825 0.0
0.000870079151 0.000479646114 0.0
0.00087448454 0.000500471506 0.0
0.000871960481 0.000522126444 0.0
0.000862534158 0.00054185011 0.0
0.000846717507 0.000558721134 0.0
0.000826608215 0.000570642878 0.0
0.000805033371 0.000576033199 0.0
0.000760386989 0.000573533413 0.0
0.000738775067 0.00056516222 0.0
0.000717916526 0.000553032092 0.0
0.000699680415 0.000537422311 0.0
0.000684525527 0.000518250919 0.0
0.000673784176 0.000496197725 0.0
0.000671165821 0.000473748951 0.0
0.000673847273 0.000452863256 0.0
0.00068255153 0.000434571819 0.0
0.000696482486 0.000419596268 0.0
0.000714971684 0.000408825086 0.0
0.000736874994 0.000402941456 0.0
0.000772952277 0.000489765254 0.0
0.00046159327 0.000520150177 0.0
0.00048788276 0.000529073877 0.0
0.000509660749 0.000543098431 0.0
0.000525031588 0.000560227141 0.0
0.00053481973 0.000579343119 0.0
0.000538153516 0.000598967075 0.0
0.000535734463 0.000617351732 0.0
0.000527959783 0.000632982119 0.0
0.000515421096 0.000644549204 0.0
0.000499212125 0.000649903435 0.0
0.000453204208 0.000647335488 0.0
0.000428279309 0.000639587524 0.0
0.000406451349 0.00062690489 0.0
0.000388887041 0.000610672927 0.0
0.000376924319 0.0005898237 0.0
0.000373608927 0.000568074815 0.0
0.000377152581 0.000548390322 0.0
0.00038581324 0.000532446138 0.0
0.000398524076 0.000521721726 0.0
0.000413933885 0.0005164842 0.0
0.000457634829 0.000584229012 0.0
-7.36521033e-05 0.000228860823 0.0
-6.28997077e-05 0.000232338818 0.0
-5.10722166e-05 0.000236890599 0.0
-3.83376755e-05 0.000245759147 0.0
-3.0271427e-05 0.000257097272 0.0
-2.74294598e-05 0.000267119205 0.0
-2.69495777e-05 0.000274933904 0.0
-2.97640545e-05 0.000281420682 0.0
-3.55389202e-05 0.00028570008 0.0
-4.29804786e-05 0.000288564013 0.0
-5.07893055e-05 0.000289603166 0.0
-6.66783671e-05 0.000286943337 0.0
-7.75167937e-05 0.000282517431 0.0
-8.8897672e-05 0.000277373736 0.0
-9.89628024e-05 0.000270601653 0.0
-0.000107430191 0.000263489113 0.0
-0.000113363159 0.00025533294 0.0
-0.000115304101 0.000246778567 0.0
-0.000113526687 0.000238974011 0.0
-0.00010838981 0.000233014143 0.0
-0.000100956029 0.000228612989 0.0
-9.22877516e-05 0.000226731616 0.0
-7.12428664e-05 0.000260260771 0.0
0.000210664904 0.000224939242 0.0
0.000162320066 0.000222904782 0.0
0.00012821905 0.000212053434 0.0
0.000114682909 0.000200554263 0.0
0.00010481014 0.000185592391 0.0
0.000100122823 0.000168756989 0.0
0.000101140853 0.000152472654 0.0
0.000108841319 0.000137037758 0.0
0.000119849494 0.000125070103 0.0
0.000131903289 0.000118509117 0.0
0.000143092795 0.00011547374 0.0
0.000174762608 0.000116953197 0.0
0.000196147419 0.000122431258 0.0
0.000216357774 0.000132244153 0.0
0.000233013649 0.000145282946 0.0
0.000245734729 0.000161203148 0.0
0.000251924794 0.000177014153 0.0
0.000253430713 0.000191838481 0.0
0.000250043784 0.000205007673 0.0
0.000242057708 0.000216523084 0.0
-0.000931262737 0.000222904782 0.0
-0.000882917899 0.000224939242 0.0
-0.000879138475 0.000231748199 0.0
-0.00089573575 0.000234722451 0.0
-0.000913379947 0.00023412591 0.0
-0.000932040741 0.000230093996 0.0
0.000597479404 0.000169336636 0.0
0.000616623845 0.000176356349 0.0
0.000637140882 0.000186847086 0.0
0.000655282638 0.000200975599 0.0
0.000669148867 0.000217523106 0.0
0.000677385717 0.000236265987 0.0
0.000679379446 0.000254747196 0.0
0.000675683899 0.000270749064 0.0
0.000668545254 0.000283408415 0.0
0.00065706484 0.000292632525 0.0
0.000641043531 0.000297124905 0.0
0.000597144535 0.000297119492 0.0
0.000574029691 0.000289834687 0.0
0.000552437908 0.000277785322 0.0
0.000534725259 0.00026118994 0.0
0.00052278809 0.000242312337 0.0
0.000516702305 0.000223502953 0.0
0.000516920991 0.000206787998 0.0
0.000522666611 0.000192614883 0.0
0.000533403596 0.000180681353 0.0
0.000548621872 0.000171802225 0.0
0.000564434216 0.000166781363 0.0
0.00059923681 0.000229577621 0.0
7.42833872e-05 0.000106412648 0.0
8.71022276e-05 0.000111677269 0.0
9.9963363e-05 0.000118252181 0.0
0.000110709996 0.0001263741 0.0
0.000118696575 0.00013474068 0.0
0.000124602491 0.000142577366 0.0
0.000127101564 0.000149620828 0.0
0.000125497871 0.0001563025 0.0
0.000120364297 0.000162468583 0.0
0.000113963688 0.000167052858 0.0
0.000107724365 0.000169439096 0.0
8.2452927e-05 0.000168630926 0.0
6.4610198e-05 0.000164051904 0.0
4.90511557e-05 0.00015702068 0.0
3.6333935e-05 0.000150276173 0.0
2.80981822e-05 0.000142333112 0.0
2.45935626e-05 0.000133451831 0.0
2.46844284e-05 0.00012435441 0.0
2.83521713e-05 0.000115673145 0.0
3.52902571e-05 0.000108695611 0.0
4.47947896e-05 0.00010436766 0.0
5.43365859e-05 0.000103270038 0.0
7.88693578e-05 0.000136467483 0.0
0.000210365193 0.00028205564 0.0
0.000224439864 0.000287282048 0.0
0.000236982407 0.000294676021 0.0
0.00024637545 0.000303059904 0.0
0.00025298071 0.000311295735 0.0
0.000257069478 0.000319618674 0.0
0.000258561107 0.000327184272 0.0
0.000258405227 0.000333444739 0.0
0.000256733736 0.000337647769 0.0
0.000252669532 0.000340875442 0.0
0.000215075474 0.000343738328 0.0
0.000194036766 0.000337781326 0.0
0.000176703237 0.000328436523 0.0
0.000165648395 0.000316406542 0.0
0.00015988911 0.000305340567 0.0
0.000158416835 0.000296671846 0.0
0.000158366383 0.00029049869 0.0
0.000160529715 0.00028599918 0.0
0.000168950908 0.000282583176 0.0
0.00018099825 0.000280022738 0.0
0.000212987798 0.000308631134 0.0
-0.000143029203 0.000285738031 0.0
-0.000117779426 0.000294151832 0.0
-9.8335513e-05 0.000307383889 0.0
-8.15204621e-05 0.000323732325 0.0
-7.04003614e-05 0.000340553263 0.0
-6.20898063e-05 0.000358446792 0.0
-5.80102751e-05 0.000374894909 0.0
-5.87110771e-05 0.000390756235 0.0
-6.68683642e-05 0.000405487866 0.0
-8.53154997e-05 0.000420765777 0.0
-0.000111512629 0.000429921522 0.0
-0.000164027471 0.000425566803 0.0
-0.000187447324 0.000413651316 0.0
-0.000208087353 0.000397934607 0.0
-0.000223117575 0.000379951729 0.0
-0.000232046121 0.000362285733 0.0
-0.000237495944 0.000346371118 0.0
-0.000239810935 0.000330665644 0.0
-0.000237497487 0.00031507283 0.0
-0.000229955782 0.000300800981 0.0
-0.000215465159 0.000290175143 0.0
-0.000194666674 0.000284408423 0.0
-0.000152455104 0.0003517757 0.0
0.000346436253 0.000323854241 0.0
0.000367850618 0.000328889495 0.0
0.000386777858 0.000337795063 0.0
0.00040174654 0.000350116228 0.0
0.000411305111 0.00036509629 0.0
0.000415852643 0.000380154845 0.0
0.000416046911 0.0003935266 0.0
0.000411747489 0.000404542458 0.0
0.000404365215 0.000412411144 0.0
0.000394679926 0.000417253003 0.0
0.000383479754 0.000419238175 0.0
0.000359145313 0.000414277019 0.0
0.000344005763 0.000407915883 0.0
0.000326857786 0.000398832402 0.0
0.000313790544 0.000387102977 0.0
0.000303198642 0.000375325704 0.0
0.000296156883 0.000362761755 0.0
0.000293806574 0.000351738126 0.0
0.000294758764 0.000342076877 0.0
0.000297437597 0.000334623008 0.0
0.000301288499 0.000330022769 0.0
0.000307069306 0.000326663023 0.0
0.000349744631 0.000372907904 0.0
-0.000161468823 0.000214436004 0.0
-0.000141937577 0.000222732313 0.0
-0.000124069411 0.000234137493 0.0
-0.000109936118 0.000248516502 0.0
-0.000101082784 0.000263201306 0.0
-9.58770615e-05 0.000275981613 0.0
-9.23072439e-05 0.000287314091 0.0
-9.09911396e-05 0.000298044644 0.0
-9.32890616e-05 0.000307283277 0.0
-9.99510739e-05 0.000314550707 0.0
-0.000111468704 0.000320910476 0.0
-0.000128618587 0.000325425994 0.0
-0.000162559343 0.00032656145 0.0
-0.000180817035 0.000321970263 0.0
-0.000198560738 0.000313746626 0.0
-0.000214753323 0.000302807544 0.0
-0.000229223733 0.000289982301 0.0
-0.000237713131 0.000274424383 0.0
-0.000241686386 0.000259137916 0.0
-0.00024163934 0.000245549454 0.0
-0.000235895393 0.000232121849 0.0
-0.000225030148 0.000220857371 0.0
-0.000212308209 0.00021354256 0.0
-0.000196586683 0.00020935983 0.0
-0.000160976968 0.000273130194 0.0
0.0013030055 0.000535214262 0.0
0.00131593214 0.000499754096 0.0
0.000900094397 0.000354460877 0.0
0.00087401073 0.000328931608 0.0
0.000777185895 0.000299713021 0.0
0.000688993197 0.000282060646 0.0
0.000654737756 0.000270333054 0.0
0.000636584882 0.000267438387 0.0
0.000626769906 0.000261589739 0.0
0.000601554813 0.000260540692 0.0
0.000530568359 0.000258690299 0.0
0.000360904087 0.000244313036 0.0
0.000215540014 0.000116969204 0.0
0.000198699068 8.59156862e-05 0.0
0.000145939979 5.49838005e-05 0.0
6.05774185e-05 2.87996791e-05 0.0
-9.03039545e-05 0.000131506546 0.0
-0.00031052038 0.000128660875 0.0
-0.000377333636 0.000107989268 0.0
-0.000582077191 8.18819244e-05 0.0
-0.000631109113 0.00012958661 0.0
-0.000669076049 0.000116272386 0.0
-0.000705637212 8.53032689e-05 0.0
-0.000737326744 5.32531267e-05 0.0
-0.000757312984 3.00546399e-05 0.0
-0.000775397522 1.80068473e-05 0.0
-0.00080214371 3.07449955e-05 0.0
-0.00082885148 5.91019379e-05 0.0
-0.000849738892 7.84738731e-05 0.0
-0.000867200084 7.47656159e-05 0.0
-0.000885674497 5.24976676e-05 0.0
-0.00091259036 1.98396483e-05 0.0
-0.000945706037 -1.62466913e-05 0.0
-0.000983096776 -4.20175493e-05 0.0
-0.00103038258 -4.59256407e-05 0.0
-0.00103300542 2.87996791e-05 0.0
-0.000947642839 5.49838005e-05 0.0
-0.000894883706 8.59156862e-05 0.0
-0.000878042774 0.000116969204 0.0
-0.000732678687 0.000244313036 0.0
-0.000563014473 0.000258690299 0.0
-0.000492027961 0.000260540692 0.0
-0.000466812897 0.000261589739 0.0
-0.000456997921 0.000267438387 0.0
-0.000438845018 0.000270333054 0.0
-0.000404589606 0.000282060646 0.0
-0.000316396909 0.000299713021 0.0
-0.000219572044 0.000328931608 0.0
-0.000193488391 0.000354460877 0.0
0.000222349321 0.000499754096 0.0
0.000209422753 0.000535214262 0.0
0.000287941017 0.000507334946 0.0
0.000335226796 0.000511243066 0.0
0.000372617593 0.000537013926 0.0
0.000405733241 0.000573100231 0.0
0.000432649103 0.00060575828 0.0
0.000451123487 0.000628026202 0.0
0.000468584738 0.000631734496 0.0
0.000489472121 0.000612362521 0.0
0.000516179891 0.000584005611 0.0
0.000542926078 0.000571267447 0.0
0.000561010616 0.000583315268 0.0
0.000580996857 0.000606513699 0.0
0.000612686388 0.000638563884 0.0
0.000649247551 0.000669532979 0.0
0.000687214488 0.000682847225 0.0
0.000736246409 0.000635142496 0.0
0.000940989994 0.000661249855 0.0
0.00100780325 0.00068192149 0.0
0.0012280196 0.000684767147 0.0
0.000148668449 0.000480657705 0.0
6.28427442e-05 0.000536543666 0.0
3.72596151e-05 0.000503880379 0.0
0.00017186279 0.000515284424 0.0
0.000111879759 0.000454043795 0.0
9.92457644e-05 0.000562511093 0.0
0.000152794499 0.000452696608 0.0
6.15570534e-05 0.000561518827 0.0
3.18984494e-05 0.000532524835 0.0
0.000181632437 0.000483094191 0.0
0.000189582657 0.000540090434 0.0
1.69120231e-05 0.000479838665 0.0
0.000125324441 0.000581690052 0.0
8.40012581e-05 0.00043375761 0.0
0.000197366549 0.000503521936 0.0
3.90288296e-05 0.000552041631 0.0
0.000173377266 0.000463685748 0.0
8.22321526e-05 0.000578780309 0.0
1.53070032e-05 0.000513504783 0.0
0.000131945126 0.000434711401 0.0
3.47737623e-05 0.000446448801 0.0
0.000168097642 0.000572618505 0.0
0.000180512681 0.000560315733 0.0
2.30738569e-05 0.000459689822 0.0
1.07408596e-05 0.000496538705 0.0
0.000199607544 0.000522040646 0.0
5.46549527e-05 0.00043769597 0.0
0.000150659544 0.000579363841 0.0
0.000102652593 0.000584894384 0.0
0.00010992607 0.000428637344 0.0
0.000139122363 0.000508230878 0.0
6.98958684e-05 0.000511149003 0.0
0.000113202339 0.000482737814 0.0
9.64941792e-05 0.000536120206 0.0
0.000939564663 0.000336666824 0.0
0.000985086081 0.000341350562 0.0
0.000962373742 0.00031589123 0.0
0.000910817704 0.000352753239 0.0
0.00101174135 0.000357088866 0.0
0.000907232403 0.000328904891 0.0
0.000922860228 0.000315699959 0.0
0.00098463078 0.00031641539 0.0
0.000964431383 0.000354003161 0.0
0.00100381079 0.000331614428 0.0
0.000935374235 0.000357170822 0.0
0.000990572036 0.000359392841 0.0
0.000940783124 0.000304440415 0.0
0.000962316408 0.000333340227 0.0
0.000957709271 0.000301292166 0.0
0.000902474392 0.000364592037 0.0
0.000918641221 0.000366125401 0.0
0.00101944106 0.000345304346 0.0
0.000945565931 0.000321116793 0.0
0.000905813067 0.000314798323 0.0
0.000897473306 0.000339841295 0.0
0.00102511747 0.000368137524 0.0
0.00100230111 0.000319253304 0.0
0.00100621325 0.000368832785 0.0
0.000972030801 0.000304263405 0.0
0.000921329309 0.000342181302 0.0
0.000978854368 0.00032774327 0.0
0.00089568377 0.000353009586 0.0
0.00102734147 0.000357202545 0.0
0.00100281509 0.000344493572 0.0
0.000924586609 0.000302086381 0.0
0.000977724674 0.000367947039 0.0
-0.000144596052 0.000397693511 0.0
-0.000112166235 0.000399636512 0.0
-8.18603003e-05 0.000393242692 0.0
-0.000172879212 0.000388554734 0.0
-0.000160755939 0.000396226009 0.0
-9.39548045e-05 0.000400262943 0.0
-0.000128237851 0.000402695761 0.0
0.00109533803 0.000664549705 0.0
0.00108929549 0.000602870423 0.0
0.00104081898 0.000623235945 0.0
0.00110807514 0.000564686023 0.0
0.00113138719 0.000705800136 0.0
0.00108789385 0.000698128657 0.0
0.00104117661 0.000656989694 0.0
0.00106033788 0.000554538216 0.0
0.00103644573 0.000587978691 0.0
0.00112356758 0.000603252207 0.0
0.00109930104 0.000630913244 0.0
0.00113326637 0.000676490657 0.0
0.00105600595 0.000686258252 0.0
0.00112883339 0.000547665579 0.0
0.00106907031 0.000643822539 0.0
0.00101858529 0.000601782638 0.0
0.00108380825 0.000545608695 0.0
0.00102065632 0.00063664047 0.0
0.00111058145 0.000717710238 0.0
0.00104087114 0.000563190028 0.0
0.00113676337 0.000573957805 0.0
0.00115390867 0.000720506534 0.0
0.00115443382 0.000695815368 0.0
0.00106603769 0.000611738884 0.0
0.00111102848 0.000687963038 0.0
0.00113345275 0.000648135145 0.0
0.0010877325 0.000578144623 0.0
0.00113389629 0.000725491496 0.0
0.00101332378 0.000618453254 0.0
0.00106988265 0.000670044101 0.0
0.00110382796 0.000538463879 0.0
0.00106248748 0.000582129345 0.0
-0.000110447232 0.000109036409 0.0
-0.000106180523 7.74203727e-05 0.0
-0.000121183097 3.75737472e-05 0.0
-0.000119094715 0.000149794098 0.0
-8.95566191e-05 9.63556522e-05 0.0
-0.000136026807 1.71078264e-05 0.0
-0.000101339443 5.36235675e-05 0.0
-0.000129145352 5.86002097e-05 0.0
-0.00010202363 0.000131782537 0.0
0.00078066875 0.000548612385 0.0
0.00079984148 0.000576673483 0.0
0.000753410102 0.000564019894 0.0
0.000742181786 0.000542411406 0.0
0.000791842001 0.000527304655 0.0
0.000777983048 0.000590704032 0.0
0.000757165602 0.00052606815 0.0
0.000818266941 0.000592045079 0.0
0.000807388744 0.000603327295 0.0
0.000805616146 0.000562013069 0.0
0.000777946727 0.000562235073 0.0
0.000753731991 0.000579871121 0.0
0.000734596979 0.000558259431 0.0
0.000804797688 0.00054234959 0.0
0.000736897695 0.000526066869 0.0
0.000769165519 0.000515919004 0.0
0.000824450923 0.000577380066 0.0
0.000775418186 0.000575990998 0.0
0.000809853023 0.0005252384 0.0
0.000758545066 0.000552500307 0.0
0.00075752486 0.000538534485 0.0
0.000728417072 0.000546074531 0.0
0.000790398102 0.000602698477 0.0
0.000762451557 0.000593062956 0.0
0.000737538561 0.000569031807 0.0
0.000824317918 0.000606890535 0.0
0.000793780258 0.000516757078 0.0
0.000727291626 0.000536038657 0.0
0.000776412897 0.000532598526 0.0
0.000775586406 0.000600861269 0.0
0.000746706675 0.000514981803 0.0
0.000836311316 0.00060286792 0.0
0.000744280464 0.00055324909 0.0
0.000794854597 0.000590181735 0.0
-0.000464111159 2.31818558e-05 0.0
-0.000470778788 -1.97624763e-06 0.0
-0.000461852323 3.21472544e-05 0.0
-0.000473280787 -1.0806898e-05 0.0
-0.000729938154 4.93403313e-05 0.0
-0.000799063768 8.39817876e-05 0.0
-0.000829675759 5.80110864e-05 0.0
-0.00074657501 1.70739368e-05 0.0
-0.000779987895 -2.50134349e-07 0.0
-0.000836187624 2.83482623e-05 0.0
-0.000713345129 7.72588683e-05 0.0
-0.000774025393 0.00011059903 0.0
-0.000715751143 3.2421256e-05 0.0
-0.000825188588 8.78212304e-05 0.0
-0.000772885105 2.57417032e-05 0.0
-0.000740203017 0.000113627742 0.0
-0.000810868922 -2.66684469e-06 0.0
-0.000796092849 0.000113960043 0.0
-0.000708633044 9.73638525e-05 0.0
-0.000698065443 6.48792411e-05 0.0
-0.000755560468 -3.13981786e-06 0.0
-0.000849760021 4.15018148e-05 0.0
-0.000839532586 1.06714824e-05 0.0
-0.000724838581 1.36186445e-05 0.0
-0.000843322021 7.27189399e-05 0.0
-0.000809427933 4.2600499e-05 0.0
-0.000738176343 3.09460665e-06 0.0
-0.000815261796 0.000105537147 0.0
-0.000699658354 4.7470814e-05 0.0
-0.000849934644 5.75117811e-05 0.0
-0.000722159515 0.00010955624 0.0
-0.000827103388 7.32381238e-07 0.0
-0.000754534849 0.000124871382 0.0
-0.000797906541 -1.20565765e-05 0.0
0.000228222809 0.000512960076 0.0
0.000259588734 0.000483586831 0.0
0.000181511263 0.000478297763 0.0
0.000274779566 0.000524471514 0.0
0.00017942804 0.000516571745 0.0
0.000245260686 0.000549190154 0.0
0.000220791102 0.00047431537 0.0
0.000208444282 0.000541792251 0.0
0.000289393414 0.00050492218 0.0
0.000155606074 0.00049695198 0.0
0.000274485559 0.000551464618 0.0
0.000264210277 0.000458778173 0.0
0.000167692619 0.000453571964 0.0
0.000237639746 0.000458389433 0.0
0.000197806075 0.000455956586 0.0
0.000175003675 0.000537718995 0.0
0.000250371639 0.000504398078 0.0
0.000282359659 0.000480722054 0.0
0.000251014397 0.000528788427 0.0
0.000231831291 0.000562119822 0.0
0.000155321919 0.000473772379 0.0
0.000200830516 0.000500166207 0.0
0.000210012615 0.000520218397 0.0
0.000299608335 0.000537318294 0.0
0.000150505279 0.000513019681 0.0
0.000265377137 0.000564121525 0.0
0.000300956599 0.000521732029 0.0
0.000292305747 0.000549624849 0.0
0.000190456994 0.00055339199 0.0
0.000209854377 0.000561749155 0.0
0.000239528745 0.000484656979 0.0
0.000204559285 0.000482169329 0.0
0.000269302982 0.000501170231 0.0
0.00021791934 0.000455848 0.0
0.000231468264 0.000529878482 0.0
0.00017706264 0.000493650383 0.0
0.000251653168 0.00056914083 0.0
0.000296615675 0.000492523366 0.0
0.000142094461 0.000482671487 0.0
0.000224224466 0.000493116386 0.0
0.000157250557 0.000527599943 0.0
0.00132320309 0.000427695602 0.0
0.00129072566 0.000424766011 0.0
0.00133367314 0.000428680651 0.0
0.00127937959 0.000424018479 0.0
0.000718787196 0.000485584518 0.0
0.000748883351 0.000530755788 0.0
0.000797393906 0.00045096589 0.0
0.000829155673 0.000492190185 0.0
0.00083157263 0.000463980978 0.0
0.000837870466 0.000520893838 0.0
0.000772831147 0.000552823767 0.0
0.000716685958 0.000516733387 0.0
0.00070726336 0.000455970614 0.0
0.000772567815 0.000428853906 0.0
0.000689863053 0.000485441036 0.0
0.000812357757 0.0004333494 0.0
0.000856293715 0.000490419625 0.0
0.00073543546 0.000548686599 0.0
0.000722286466 0.000432600529 0.0
0.000744205608 0.000423425838 0.0
0.000821007707 0.000545884192 0.0
0.000799799804 0.000557352614 0.0
0.000851552817 0.000473792577 0.0
0.000856271537 0.000507538498 0.0
0.000689448381 0.00046793744 0.0
0.000695236435 0.000504494994 0.0
0.000793722982 0.000424230617 0.0
0.000829531986 0.000445647107 0.0
0.000752895954 0.00055707182 0.0
0.000718842959 0.000536530337 0.0
0.000702148827 0.000435677008 0.0
0.000841912115 0.000541794347 0.0
0.000798369059 0.000479382055 0.0
0.000749803439 0.000501975475 0.0
0.000453095621 0.00055015058 0.0
0.000461684103 0.000618225662 0.0
0.000417203264 0.000545766612 0.0
0.000497066823 0.00062109367 0.0
0.0004852454 0.00055250281 0.0
0.000430106622 0.000617086596 0.0
0.000480415125 0.00063440745 0.0
0.000433626934 0.000533029146 0.0
0.000509367615 0.000574466656 0.0
0.000405431667 0.000594887999 0.0
0.000516264641 0.000616490201 0.0
0.000397711643 0.000549881253 0.0
0.000441229378 0.000599244435 0.0
0.000474036438 0.00056960003 0.0
0.00046965474 0.000536795589 0.0
0.00044538104 0.000631865114 0.0
0.000450205524 0.000529916724 0.0
0.000464113953 0.000637953053 0.0
0.000415604911 0.000529074867 0.0
0.000498134585 0.000637686637 0.0
0.000391314999 0.000564415124 0.0
0.000391262292 0.00057943759 0.0
0.000522258633 0.000602584681 0.0
0.000522230519 0.000588654773 0.0
0.000507488905 0.000557619031 0.0
0.00040772013 0.000612554082 0.0
0.000440779928 0.000563911977 0.0
0.000474182016 0.000604154891 0.0
-5.23509334e-05 0.000272682722 0.0
-8.01079295e-05 0.00024244134 0.0
-9.45111387e-05 0.000244708179 0.0
-5.94685371e-05 0.000279839442 0.0
-9.93389913e-05 0.000254973536 0.0
-7.25275677e-05 0.000278059248 0.0
-4.25009093e-05 0.000266669027 0.0
-6.91265523e-05 0.000239502755 0.0
-9.04849803e-05 0.000235533371 0.0
-4.69267034e-05 0.000281242275 0.0
-8.56300321e-05 0.000255342893 0.0
-4.56175803e-05 0.000254244427 0.0
-9.51119655e-05 0.000265701558 0.0
-3.70618145e-05 0.000274907681 0.0
-7.72718195e-05 0.000233535684 0.0
-6.00383391e-05 0.000239575413 0.0
-0.000105228704 0.000245358213 0.0
-6.33570889e-05 0.000284028123 0.0
-8.10659767e-05 0.000276800361 0.0
-5.14556559e-05 0.000285098184 0.0
-9.95570299e-05 0.000236346794 0.0
-0.000104057552 0.000239759334 0.0
-3.92198526e-05 0.000280056149 0.0
-5.66746348e-05 0.00028575235 0.0
-8.53183883e-05 0.000231986705 0.0
-7.02019825e-05 0.000271233061 0.0
-5.11734615e-05 0.000245920412 0.0
-8.96300844e-05 0.00027145716 0.0
-3.64818843e-05 0.000261552719 0.0
-0.000103824925 0.000259962631 0.0
-5.5889479e-05 0.00026314304 0.0
0.000177234833 0.000149545493 0.0
0.000148561172 0.000204769283 0.0
0.000212073428 0.000162540033 0.0
0.000151497181 0.000138488802 0.0
0.000131044231 0.000186491801 0.0
0.000229177764 0.000181760668 0.0
0.000175018838 0.000192503343 0.0
0.000197963702 0.000141251614 0.0
0.000168152401 0.000130792367 0.0
0.000218610439 0.000210824262 0.0
0.000130853296 0.000141662516 0.0
0.000121705802 0.000165648496 0.0
0.00019494399 0.000209257414 0.0
0.000154526395 0.000192113192 0.0
0.00017035006 0.000207779463 0.0
0.000216529224 0.000147279847 0.0
0.000182496151 0.000132183835 0.0
0.000152979177 0.000124506725 0.0
0.000131806199 0.000200842202 0.0
0.000230564765 0.000197981979 0.0
0.000228373741 0.000157469447 0.0
0.000235040541 0.000169805513 0.0
0.00014250823 0.000124978818 0.0
0.000134824004 0.000129622102 0.0
0.000184935241 0.000166085287 0.0
0.000115118652 0.000176709073 0.0
0.000121197685 0.000151558808 0.0
-0.000893208082 0.000228277306 0.0
-0.000919070386 0.000227300465 0.0
-0.000887194299 0.000229509009 0.0
-0.000924694061 0.000228160148 0.0
-0.000875494268 0.000227510289 0.0
-0.000937654171 0.000224995034 0.0
0.000615050842 0.000265033479 0.0
0.000594062498 0.00019523727 0.0
0.000572520599 0.000248921599 0.0
0.000624604989 0.000204856406 0.0
0.000567311945 0.00018612697 0.0
0.000642490457 0.00026972944 0.0
0.000590648036 0.000273299665 0.0
0.000546182389 0.000231688071 0.0
0.000648865884 0.000228137447 0.0
0.000605926209 0.000185898025 0.0
0.00062504661 0.00028648469 0.0
0.000549627002 0.000195482266 0.0
0.000554618484 0.000261632667 0.0
0.00057708344 0.000177217225 0.0
0.00065851229 0.000268226926 0.0
0.000624220993 0.000190574123 0.0
0.00063828571 0.000199180824 0.0
0.000648903078 0.000211398481 0.0
0.000591186516 0.000176871108 0.0
0.000607384252 0.000286255847 0.0
0.000640366867 0.000284310343 0.0
0.000579811051 0.000205573815 0.0
0.000541962916 0.000247506629 0.0
0.000570309407 0.00027375741 0.0
0.000533016282 0.000217699009 0.0
0.000662759296 0.000242678158 0.0
0.000663002196 0.000256535684 0.0
0.00053627725 0.000205293516 0.0
0.000614013057 0.000217824199 0.0
0.000550202618 0.000183935554 0.0
6.24698077e-05 0.000118954551 0.0
8.3560044e-05 0.000152390392 0.0
0.000103079627 0.000154921363 0.0
8.05364689e-05 0.000119820957 0.0
0.000111572641 0.000148467909 0.0
4.61155323e-05 0.000119867662 0.0
6.36545301e-05 0.000152129243 0.0
6.3575244e-05 0.000111161164 0.0
9.61418482e-05 0.000161701857 0.0
9.74396025e-05 0.000126285406 0.0
4.04696839e-05 0.000130337619 0.0
4.71281019e-05 0.000112279486 0.0
6.02913606e-05 0.000128162632 0.0
4.49565778e-05 0.000143237921 0.0
7.49391911e-05 0.000159922682 0.0
0.000117067735 0.000144413483 0.0
0.000114638504 0.000156102789 0.0
7.25367572e-05 0.000110734472 0.0
8.10450147e-05 0.000113404225 0.0
9.03225591e-05 0.000118270989 0.0
0.000106670101 0.00016296524 0.0
9.65386062e-05 0.000144136342 0.0
5.40488763e-05 0.000108968787 0.0
8.79051877e-05 0.000163515753 0.0
0.000111616449 0.000160685624 0.0
0.000113797636 0.00013777909 0.0
0.000108706823 0.000131450084 0.0
3.53779942e-05 0.000122629266 0.0
7.68026439e-05 0.000126789571 0.0
4.85616256e-05 0.000150755019 0.0
3.63167746e-05 0.000137082621 0.0
0.000201897361 0.000318097678 0.0
0.000206921366 0.000294975966 0.0
0.000229888363 0.000303551002 0.0
0.0002304847 0.00032699923 0.0
0.000187024532 0.000290035066 0.0
0.000180256829 0.000308995659 0.0
0.000244636496 0.000314260571 0.0
0.000208792757 0.000329550443 0.0
0.000215700624 0.0002913606 0.0
0.000246951793 0.000328816997 0.0
0.000169411724 0.000301783613 0.0
0.000181001451 0.000318188599 0.0
0.000174024564 0.000288974552 0.0
0.000192573876 0.000285691407 0.0
0.000204201438 0.000286268449 0.0
0.000192215273 0.000326624693 0.0
0.000226685966 0.000335377641 0.0
0.000239634697 0.000336125289 0.0
0.000246472278 0.00033443133 0.0
0.000228783611 0.000295718753 0.0
0.000237280983 0.000301060267 0.0
0.000242931157 0.000307046343 0.0
0.000167323698 0.000295720674 0.0
0.000168527898 0.000291987497 0.0
0.000251010293 0.00032117113 0.0
0.00025201781 0.000327107729 0.0
0.000195086046 0.000308134797 0.0
0.000197675545 0.000298236468 0.0
-0.000193323096 0.000362258201 0.0
-0.000104049905 0.000350140646 0.0
-0.00019588694 0.000329200207 0.0
-9.62185222e-05 0.000377064891 0.0
-0.000183418364 0.000387311011 0.0
-0.000108265427 0.000325960951 0.0
-0.000216079396 0.000342509098 0.0
-0.000187769998 0.00030841821 0.0
-0.000116246287 0.000398390082 0.0
-8.11617647e-05 0.000362533057 0.0
-0.000215795124 0.000367994129 0.0
-0.000132643851 0.000310153264 0.0
-0.000220136673 0.000315845507 0.0
-8.90157025e-05 0.000335832592 0.0
-0.000171267951 0.000405227562 0.0
-7.40313917e-05 0.000378813711 0.0
-7.68511891e-05 0.000390374655 0.0
-8.90861629e-05 0.00039935403 0.0
-7.89179612e-05 0.000349666952 0.0
-0.00022309112 0.000354050251 0.0
-0.000205264907 0.000382362952 0.0
-0.000129432257 0.000336502941 0.0
-0.000210621307 0.000305685826 0.0
-0.000225712225 0.000327792339 0.0
-0.00013016384 0.000413054135 0.0
-0.000175984242 0.000297226827 0.0
-0.000155223301 0.000299055362 0.0
-0.000150925742 0.000412077963 0.0
-0.000124477025 0.000365996442 0.0
-0.000114446892 0.000309755967 0.0
0.000370807102 0.000361864193 0.0
0.000357141253 0.000395308947 0.0
0.000330868439 0.000346975634 0.0
0.000333549833 0.000386553613 0.0
0.000315440062 0.000369795394 0.0
0.000391248323 0.000373834482 0.0
0.000378969213 0.000405673316 0.0
0.000352464122 0.000343391468 0.0
0.000312657765 0.000342707499 0.0
0.000350790244 0.000402008503 0.0
0.00038481236 0.000350779068 0.0
0.000321337051 0.000333086733 0.0
0.000391124311 0.000400977879 0.0
0.000372964365 0.00041087938 0.0
0.000402559206 0.000384541432 0.0
0.000305003661 0.000359648984 0.0
0.000317726866 0.000381046964 0.0
0.000336444995 0.00039691577 0.0
0.000362824736 0.000409650966 0.0
0.00032564596 0.000389905821 0.0
0.00039525071 0.000361335959 0.0
0.000370924652 0.000341585081 0.0
0.000336837635 0.000333200791 0.0
0.000311533367 0.000334505166 0.0
0.000400522433 0.000394476927 0.0
0.000303076318 0.000350630318 0.0
0.000303838169 0.000343222491 0.0
0.000332401716 0.000373807823 0.0
0.000367798406 0.000391025969 0.0
0.000392028305 0.000408811844 0.0
0.000350929855 0.000356480246 0.0
-0.000167644583 0.000240838432 0.0
-0.000128237574 0.000264554983 0.0
-0.000194594046 0.000284010108 0.0
-0.000154773705 0.000303978304 0.0
-0.000110220157 0.000280101405 0.0
-0.000141926139 0.000243361326 0.0
-0.000180691641 0.000304109824 0.0
-0.000130147353 0.00031018554 0.0
-0.000192842257 0.000230377089 0.0
-0.000216260276 0.000267257012 0.0
-0.000169186023 0.000222829083 0.0
-0.000211416453 0.000292021956 0.0
-0.000114071416 0.000258997461 0.0
-0.000154472698 0.000318629172 0.0
-0.000219441528 0.000247197284 0.0
-0.000210963219 0.000234135805 0.0
-0.000107291824 0.000296090206 0.0
-0.000112203474 0.000306124217 0.0
-0.000107237509 0.000270094868 0.0
-0.000124607861 0.000247123884 0.0
-0.000169914842 0.000315926591 0.0
-0.000140177959 0.000318464445 0.0
-0.00015340095 0.000228301709 0.0
-0.000183737109 0.000220658389 0.0
-0.000220678499 0.000280298875 0.0
-0.000199071466 0.000302308181 0.0
-0.000100109304 0.000290276716 0.0
-0.000229830184 0.000254818297 0.0
-0.000151965782 0.000261470821 0.0
-0.000168264567 0.000286510156 0.0
0.000433934852 0.0004134216 0.0
-0.000547627162 0.000102519058 0.0
0.000481308176 0.00049445912 0.0
-0.000503324729 0.000142666322 0.0
0.000464338576 0.000351529103 0.0
0.000299819338 0.000365729793 0.0
0.000584816444 0.000478360744 0.0
-0.000352790958 0.000147202576 0.0
-0.00013898802 0.000342743588 0.0
-0.000357688754 0.000194881344 0.0
3.43557986e-05 0.000417780975 0.0
0.000699778378 0.000398848293 0.0
-0.000519344001 0.00020979064 0.0
9.83554928e-05 0.000290880649 0.0
-0.000370008813 0.000283260946 0.0
-0.000710880209 5.69234217e-05 0.0
0.000337487611 0.000484139047 0.0
-0.000158363546 6.38520651e-05 0.0
0.000397853233 0.000196696914 0.0
0.00118503976 0.000424563186 0.0
9.2045877e-05 0.000284653768 0.0
0.00035857124 0.000344887638 0.0
0.000557237479 0.000406136009 0.0
-0.000625467568 0.000129214895 0.0
3.64121806e-05 0.000443790457 0.0
-0.000385306455 0.000151478336 0.0
-0.000618412625 8.78718783e-05 0.0
0.000368683395 0.000584463705 0.0
0.000922694337 0.000574312115 0.0
-0.000535475148 0.000135392533 0.0
0.000291375327 0.000219364665 0.0
0.000236740714 0.00017063001 0.0
0.000561672903 0.00049438834 0.0
-0.000358193007 0.000191786981 0.0
0.000223138064 0.000368749868 0.0
0.000166542042 0.000306635367 0.0
0.000354688964 0.000166495884 0.0
0.000578409003 0.000493739732 0.0
0.000253810838 0.000446605118 0.0
0.000501475821 0.000348906586 0.0
8.60540458e-05 0.000442835677 0.0
0.000383626728 0.000347329245 0.0
0.000487768382 0.000462445838 0.0
-0.000241727088 0.000124642567 0.0
0.000414073962 0.000367037486 0.0
-0.000535592088 0.000212900923 0.0
-0.000181332754 6.35241231e-05 0.0
-0.000372051727 0.000277261133 0.0
-0.000157786606 0.000190874402 0.0
0.000745762023 0.000242508919 0.0
0.000670837704 0.000513373641 0.0
0.000816236192 0.000422079436 0.0
-0.00068487908 5.09188831e-05 0.0
9.02064348e-05 0.000370576192 0.0
-0.000169331601 0.000237644635 0.0
2.91465276e-05 0.000187284284 0.0
4.67868776e-05 0.00029421525 0.0
0.000523703231 0.000365242886 0.0
-0.000773876498 6.45776308e-05 0.0
-0.00046768703 0.000264007365 0.0
-0.000358607504 0.000176312387 0.0
-0.000598236511 0.000121792917 0.0
0.00019204359 0.000308796501 0.0
1.44258356e-05 0.000262649293 0.0
-0.000330843322 0.000243219081 0.0
-0.000522795541 0.000116959767 0.0
-2.28841855e-05 0.000146929568 0.0
-0.000184923789 0.000142769495 0.0
0.000419114484 0.000618084741 0.0
-0.000304141635 0.000311960233 0.0
-0.000204247408 8.54124955e-05 0.0
0.000594756799 0.000371811388 0.0
-0.000781810028 0.00015997795 0.0
-0.000712106179 9.73787683e-05 0.0
0.000622713182 0.000494410924 0.0
-0.000405033235 0.000102373815 0.0
-0.000240898444 0.000188784776 0.0
0.000466405239 0.00054771069 0.0
0.000845160859 0.000540484616 0.0
0.000665325206 0.00044070615 0.0
-6.58751596e-05 0.000462321041 0.0
0.000348795817 0.000399530429 0.0
0.000515282212 0.000254341721 0.0
-4.89582417e-05 0.000359825615 0.0
-0.000336100464 2.8573244e-05 0.0
0.000265128358 0.0004683398 0.0
0.000303719775 0.000333769218 0.0
0.00122629886 0.000473733089 0.0
-3.63109211e-05 0.000444426114 0.0
0.000111146554 0.000485500495 0.0
-0.000495382235 8.86689741e-05 0.0
0.000180886942 0.000385025691 0.0
6.6779663e-05 7.80547125e-05 0.0
0.000232607839 0.000404285442 0.0
0.000481182738 0.000207423698 0.0
0.000131181892 0.000413111673 0.0
0.000320135267 0.00034577091 0.0
0.000526790565 0.000435073889 0.0
-0.000469634397 0.000128024243 0.0
0.000265123323 0.000575367827 0.0
0.000104469298 0.00023331058 0.0
-0.000251020596 0.000215476131 0.0
-0.000111766924 0.000347493071 0.0
0.000177536902 0.000311217969 0.0
0.00119213748 0.000391524023 0.0
-6.48403147e-05 0.000389663561 0.0
3.0121435e-05 0.000299769512 0.0
-0.000246358453 0.00027552605 0.0
0.000333379197 0.000606937101 0.0
-0.000869276992 0.000142334626 0.0
-0.000645807537 8.11986392e-05 0.0
0.000939266116 0.000471904787 0.0
0.000901074673 0.000609224022 0.0
0.00102474797 0.00062139699 0.0
0.00101953058 0.000416867231 0.0
0.000641860184 0.000677714532 0.0
0.000289925054 0.000185599332 0.0
0.00040744897 0.000512826897 0.0
-0.000162932134 0.000337018369 0.0
4.10464963e-05 0.000413909933 0.0
0.000822017493 0.000294228841 0.0
0.000279315893 0.000169848616 0.0
0.000216588393 0.000307436654 0.0
0.000466861966 0.000386570871 0.0
-0.000680280675 0.00022390332 0.0
0.000112180751 0.000394191418 0.0
-8.61342342e-05 0.000260815403 0.0
0.000607612194 0.000493740838 0.0
0.000599165505 0.000498435751 0.0
-0.000148202598 0.000342037936 0.0
7.09470623e-05 0.000281942572 0.0
0.000410495268 0.000445105048 0.0
0.000414823851 0.000339820224 0.0
-0.000433730631 0.00026596972 0.0
0.000364357809 0.000262947229 0.0
0.000364066917 0.000356720993 0.0
0.000226040662 0.00053911854 0.0
0.000459359027 0.000173091088 0.0
-0.000277320796 0.000273122336 0.0
0.000632468145 0.000513404608 0.0
-0.000752386171 4.01198122e-05 0.0
-0.000668649795 0.000154965936 0.0
-2.66514098e-06 0.000497453089 0.0
0.00027710179 0.000169161096 0.0
-0.000622616441 7.51746848e-05 0.0
-2.86893137e-05 8.25990792e-05 0.0
0.000168266095 0.000168078375 0.0
-0.0005492153 0.000200204217 0.0
-0.000754862966 8.50690194e-05 0.0
-0.000464822981 0.000160221854 0.0
-0.000824633637 7.80542323e-05 0.0
-0.000602728338 0.000131435518 0.0
-0.000496529392 0.000150937063 0.0
-0.000384871091 0.000259393186 0.0
-0.000293965073 2.43675931e-05 0.0
0.000110801542 0.000349094276 0.0
0.000392583373 0.000165210062 0.0
0.000726889411 0.000488862453 0.0
-0.000101857462 0.000144898077 0.0
0.00022723923 0.00016647864 0.0
0.000928735419 0.000659177254 0.0
0.000516932225 0.000368901761 0.0
0.000519525551 0.000450482767 0.0
0.000402705627 0.000348907372 0.0
-0.000911311537 -1.77862403e-05 0.0
0.000313970901 0.000334079232 0.0
0.000421633391 0.000621475745 0.0
0.000774068118 0.000251592108 0.0
0.000556547137 0.00059315213 0.0
0.000223470008 0.000476841669 0.0
0.000171517924 0.000165193269 0.0
0.000425816572 0.000246545533 0.0
0.000157830174 0.000488574326 0.0
0.00125761062 0.000479640526 0.0
0.000674969808 0.000399858196 0.0
-0.000239939021 0.000191334228 0.0
0.000327000103 0.000438923249 0.0
-0.000662592822 3.42731437e-05 0.0
0.000540696259 0.000478892907 0.0
-0.000264152681 0.000139991447 0.0
0.000824023446 0.000427230058 0.0
0.00123510591 0.00055577181 0.0
0.000265169045 0.000330413575 0.0
-2.6369391e-05 0.000147943894 0.0
0.000705799961 0.000539090775 0.0
1.54776662e-05 8.28676493e-05 0.0
0.00122208497 0.000623011321 0.0
6.42135565e-05 0.000496506866 0.0
0.000469455583 0.000588997267 0.0
0.000826053263 0.000516332628 0.0
-0.000677509059 6.43602471e-05 0.0
0.000779907743 0.000529216079 0.0
-0.000301142718 0.000181697789 0.0
0.000831547834 0.000352143252 0.0
-0.000312877761 0.000306306203 0.0
0.000402193342 0.000608213188 0.0
9.2557515e-05 0.000446955266 0.0
1.91051968e-05 0.000360264123 0.0
0.00124206184 0.000420031312 0.0
0.000643756473 0.000227427794 0.0
0.000526467571 0.000368308945 0.0
-0.000452054723 0.000147328348 0.0
-0.00081426528 7.63302305e-05 0.0
-4.89179865e-06 0.00025358604 0.0
-0.000562357309 0.000116370393 0.0
0.000541164016 0.0004903886 0.0
0.000949216774 0.000446861202 0.0
0.000123993246 0.000314071134 0.0
0.000603728462 0.000495063374 0.0
-0.000548780023 9.79192264e-05 0.0
0.000621975749 0.000638753176 0.0
-0.000651801587 9.17066282e-05 0.0
0.000324335648 0.000350969582 0.0
-0.000141533747 0.000246264768 0.0
0.0011063955 0.000590184762 0.0
-0.000107079752 0.000420834403 0.0
0.000440603821 0.00047779223 0.0
-0.000450555759 0.000139073993 0.0
-0.000545722491 0.000139801297 0.0
-0.000483216223 0.000122575584 0.0
-0.000246018521 0.000107784675 0.0
0.000488384161 0.0002500056 0.0
0.000622776861 0.000376438897 0.0
0.00109186361 0.000352786068 0.0
0.000369526271 0.000612803793 0.0
-0.000157838542 0.000213678577 0.0
-0.000458119845 0.000196183522 0.0
0.000110420959 0.000174441651 0.0
0.000317108905 0.000169853694 0.0
0.000258520275 0.000488305814 0.0
0.000849286327 0.000582933135 0.0
0.000252035767 0.000598237908 0.0
0.000165229649 0.000462958793 0.0
-0.000843379239 0.000187463796 0.0
-3.08571471e-05 0.000272918405 0.0
0.000718734984 0.000450376363 0.0
-0.00042132911 0.000166391139 0.0
0.000625720946 0.000524362666 0.0
0.000270233722 0.000334705925 0.0
-1.38358419e-05 0.000186284975 0.0
0.000353246898 0.000350575981 0.0
6.16986363e-05 0.000295373873 0.0
-0.000713474641 0.000128404456 0.0
0.00124103541 0.000530660851 0.0
-0.000338452694 8.84277615e-05 0.0
0.000108993059 0.000320071034 0.0
0.000941371662 0.000514405896 0.0
-0.000668605499 6.20463325e-05 0.0
0.000450288819 0.00052645785 0.0
-0.00023228486 0.000123819744 0.0
0.000281364686 0.000500478724 0.0
-0.000239827365 0.000225720185 0.0
-0.000587605231 0.00010280485 0.0
-0.000357486191 0.000141554963 0.0
0.000872266013 0.000491273939 0.0
0.000224534931 0.000326464389 0.0
0.000499027316 0.000541884219 0.0
4.08476626e-05 0.000500509108 0.0
-6.59109865e-05 6.69924993e-05 0.0
0.000481525727 0.000358759513 0.0
0.000543663569 0.000574480626 0.0
0.000127285399 0.000135129158 0.0
-0.000732353074 3.30209114e-05 0.0
-3.29691611e-05 0.000444473611 0.0
-8.01853676e-05 0.000460718729 0.0
-0.000107634267 0.000315953948 0.0
0.00063388038 0.000493578438 0.0
-6.57471246e-05 0.000113738715 0.0
0.00021630952 0.000158068186 0.0
-2.28087592e-05 0.000245066214 0.0
0.00097072951 0.000619859551 0.0
0.00062385411 0.000578869018 0.0
-0.000562674948 0.000254404324 0.0
0.000391523703 0.000384655577 0.0
0.000568153511 0.000263709197 0.0
0.000562410045 0.000613239128 0.0
0.000910615257 0.000568597228 0.0
0.000236577282 0.000326690351 0.0
0.00059422903 0.000451106986 0.0
0.000104658255 0.000307980401 0.0
-8.95577687e-05 0.000235437197 0.0
0.000131683482 0.000146481718 0.0
0.00090205326 0.000603864843 0.0
-0.000824822229 0.000220338552 0.0
0.00017513067 0.000510692946 0.0
0.000463889068 0.000345944776 0.0
0.00119582808 0.000391044508 0.0
4.83324802e-05 0.000233078608 0.0
7.33974157e-05 0.000279474334 0.0
1.111644e-06 0.000196311725 0.0
-0.000114194714 0.000365688553 0.0
-0.000103268707 0.000390003261 0.0
6.50970469e-06 0.000143173078 0.0
-0.000945076928 -3.01102973e-05 0.0
0.000161851916 0.000171236243 0.0
0.000272331206 0.00035370604 0.0
4.41425836e-05 9.24885389e-05 0.0
-0.000253047852 0.000336593279 0.0
0.00011484266 0.000462187541 0.0
0.000639466743 0.000512518047 0.0
-0.000350669812 0.000294148515 0.0
-0.000866647868 0.00013841546 0.0
0.00061335467 0.000669333967 0.0
-0.000421254954 0.000261907 0.0
0.000805858988 0.000508973491 0.0
-0.000230887439 0.000342957705 0.0
-0.000126903746 8.45494214e-05 0.0
5.68579526e-05 0.000308177725 0.0
-0.000355916651 0.000176650399 0.0
0.000311141979 0.00060032442 0.0
0.000319730083 0.000484162039 0.0
0.000391377544 0.000590992335 0.0
0.000106996675 0.000303075445 0.0
0.000150620792 0.000368489826 0.0
-0.00044409206 1.52031987e-06 0.0
-0.000160387295 0.000136744769 0.0
-9.79072065e-05 0.000269092852 0.0
0.000639602309 0.000484626129 0.0
-0.000261479465 6.33244344e-05 0.0
0.000182080505 0.000318420178 0.0
0.000672292372 0.00031155828 0.0
-0.000420500088 0.000232274426 0.0
-0.000170629952 0.000113381582 0.0
-0.000341790408 0.000267848576 0.0
0.000356824457 0.000346915069 0.0
0.000860073545 0.000432942092 0.0
0.000296968181 0.000396852032 0.0
-0.00047700791 0.000263976515 0.0
0.000349161186 0.000193041837 0.0
0.000709444052 0.000630613067 0.0
0.000528962933 0.000387544511 0.0
0.000451300497 0.000361000013 0.0
0.000526111748 0.000486020843 0.0
-0.000892365933 2.54517145e-05 0.0
0.000845809642 0.000268798001 0.0
0.000519872643 0.000212096842 0.0
0.000113483744 0.000117239535 0.0
0.00085002766 0.000464626792 0.0
0.000451304222 0.000166430444 0.0
0.000502041366 0.000508235942 0.0
0.000376839424 0.000173033332 0.0
0.000674954557 0.000535657629 0.0
-0.000876416685 5.38745408e-05 0.0
0.000448785897 0.000349377166 0.0
0.000588814437 0.000646095257 0.0
4.35324946e-05 0.000404489052 0.0
0.000809672056 0.000347606576 0.0
0.000589032832 0.000493538741 0.0
4.76831104e-07 0.000204987722 0.0
0.000535721716 0.000462229102 0.0
0.000382639642 0.000172208529 0.0
-0.000158310242 0.000241579575 0.0
-0.000566264207 9.58392629e-05 0.0
-0.000904783898 1.42874533e-05 0.0
-0.000330441224 0.000271931465 0.0
0.000770694518 0.000521778362 0.0
0.000138068717 0.000138151358 0.0
0.000548409123 0.00058816775 0.0
0.000472839049 0.000439397845 0.0
5.29093959e-05 0.00044252834 0.0
-0.000297937077 3.49540751e-05 0.0
-2.40990266e-05 0.00037307493 0.0
0.000537772605 0.0005700498 0.0
-7.84603762e-05 0.000413074886 0.0
0.000422414072 0.000282178691 0.0
2.35598764e-05 0.000343731605 0.0
0.000100686528 0.000100652025 0.0
-0.000709985849 4.63666111e-05 0.0
-0.000506891287 2.49987697e-05 0.0
-0.000237616478 0.000213825697 0.0
0.000380257057 0.000417444127 0.0
7.71217947e-06 0.000105486288 0.0
2.61181322e-05 0.000155429792 0.0
-0.000383164821 0.000264596369 0.0
0.000714395137 0.000414172857 0.0
-0.000261340057 0.00018345649 0.0
-0.000182557895 0.000282456371 0.0
0.000437075214 0.000421631994 0.0
0.000142856006 0.000348623056 0.0
0.000196511523 0.000266126997 0.0
-0.000586971466 0.000122527563 0.0
0.000884180656 0.000309773488 0.0
0.000493610103 0.000479391572 0.0
0.000167993727 0.000170787695 0.0
-0.000167779726 5.1097697e-05 0.0
0.000518520363 0.000177555645 0.0
0.000455844711 0.000619867467 0.0
0.000360639882 0.000580590218 0.0
0.000407562649 0.000235428743 0.0
-0.000661505444 0.000100350138 0.0
-6.00471212e-05 8.49732751e-05 0.0
-0.000152990629 0.00034313777 0.0
0.000326674024 0.0005123663 0.0
0.000140236269 0.000164408921 0.0
0.000525283453 0.000353453972 0.0
0.000758310431 0.000503453601 0.0
-0.000315188838 0.000291126082 0.0
-5.08262274e-05 0.000179277587 0.0
-0.000426784129 0.000271008874 0.0
-0.000406459149 7.58106471e-05 0.0
0.00039408257 0.000353567681 0.0
4.102823e-05 0.000478284433 0.0
-0.00024708343 0.000206246914 0.0
-0.000560689368 0.000170216648 0.0
-0.000519168854 0.000245059957 0.0
0.000380415528 0.000340572675 0.0
7.60702242e-05 0.000201420218 0.0
-0.000795492902 5.30795769e-05 0.0
0.000196181703 0.000586850569 0.0
0.000423185935 0.000346041546 0.0
-0.000839019369 9.02754764e-05 0.0
0.000242393391 0.000314618635 0.0
-0.000218157031 0.000214444299 0.0
0.000129489999 0.00028660064 0.0
-0.0008855224 4.4142238e-05 0.0
-0.000362736406 0.000157172908 0.0
0.000937436474 0.000492401014 0.0
0.000301885128 0.000572540041 0.0
0.000167211343 0.000556734391 0.0
0.00018433381 0.000358646183 0.0
0.0002559844 0.000342654297 0.0
6.4830987e-05 0.000141261902 0.0
-9.50130834e-06 0.00028875412 0.0
-0.00015784378 0.000209905425 0.0
-0.000315861951 0.00011912475 0.0
0.000759472197 0.00026539524 0.0
0.000342043379 0.000218548579 0.0
0.000333284144 0.000535985862 0.0
0.000525717391 0.000550626311 0.0
0.00127077627 0.000431984314 0.0
0.000213420048 0.000167343911 0.0
3.94332565e-05 0.000284013891 0.0
-0.000644240004 0.000111470028 0.0
-0.000129882304 0.000226992706 0.0
0.000916658028 0.000421055272 0.0
-0.000243547664 0.000304351212 0.0
5.65885312e-05 0.000388088374 0.0
0.000302160188 0.000345279026 0.0
-0.000750841922 0.000119455268 0.0
0.000770143641 0.000405303814 0.0
0.000581263273 0.00046265914 0.0
-0.000175052541 0.000111346388 0.0
-0.000714285765 4.37372182e-05 0.0
-0.000793771993 8.89052535e-05 0.0
-9.00311261e-06 0.000404579914 0.0
0.000629120681 0.000284190406 0.0
0.000232206832 0.00046556929 0.0
0.00101647759 0.000350929069 0.0
-2.42913611e-05 0.000274708291 0.0
0.000336964178 0.000371676753 0.0
-0.000152964727 0.000352345611 0.0
0.00020739084 0.000167347898 0.0
-0.00027090541 0.000168234677 0.0
0.000143486322 0.000461359159 0.0
0.000499981281 0.00046036276 0.0
-0.000348735077 0.000168937739 0.0
-0.00032995877 0.000192773223 0.0
0.000696770789 0.000226342469 0.0
-0.00100223988 -2.49943296e-05 0.0
0.000650099071 0.000292860932 0.0
3.15786338e-07 0.000393360533 0.0
0.000932871655 0.000549168326 0.0
0.00125178893 0.000621643558 0.0
-0.000588773168 0.000196988418 0.0
-5.20767717e-05 0.000313443568 0.0
-0.000649972411 6.94390401e-05 0.0
0.00108023838 0.000490311184 0.0
1.67005692e-05 0.000222668503 0.0
0.000601718959 0.000403496582 0.0
0.00124729448 0.000407728803 0.0
0.000808917917 0.000313541939 0.0
-0.000870185846 6.81597703e-06 0.0
7.88330872e-05 0.000469694467 0.0
0.000379687059 0.000205936172 0.0
-0.000353618758 0.000169948529 0.0
-9.12045507e-05 0.000146173712 0.0
0.000293161225 0.000488888356 0.0
0.000318282109 0.000350857852 0.0
-4.13715534e-05 0.000247159041 0.0
-0.000742566655 6.23137748e-05 0.0
-0.000834168459 9.53723502e-05 0.0
0.00062962732 0.000279773492 0.0
-0.000674678129 0.000159334202 0.0
0.000445255107 0.000595298014 0.0
-0.000699911267 7.29904714e-05 0.0
1.29597106e-06 0.000448423525 0.0
-0.000123569407 0.000260028784 0.0
0.000540610868 0.000263972383 0.0
-5.16466898e-05 0.000461315562 0.0
-0.000644278596 0.000151162429 0.0
0.000675724121 0.000514965155 0.0
0.000296342536 0.000539797998 0.0
0.000235329644 0.000318007398 0.0
0.00125661609 0.00056210428 0.0
0.000279019092 0.000321958418 0.0
-8.67638446e-05 0.000100165373 0.0
0.000625579618 0.000503261923 0.0
0.00066463917 0.000387455482 0.0
-0.000610766001 8.1792663e-05 0.0
0.000585009169 0.000262669957 0.0
-5.676398e-05 0.000224174524 0.0
-0.000592626748 5.36630505e-05 0.0
0.000511401216 0.000563080714 0.0
-2.53833496e-05 0.000425642764 0.0
0.00018825366 0.00046850217 0.0
-0.000314635196 0.000295275589 0.0
0.00115193939 0.000589672942 0.0
0.000895525096 0.000326736801 0.0
0.000433590438 0.000589363801 0.0
-7.96735694e-05 0.00042747386 0.0
-0.00025282774 0.000297386752 0.0
0.000675468007 0.000466952944 0.0
0.000374474446 0.000605045934 0.0
0.000246845884 0.000516430067 0.0
0.000251240359 0.000330234267 0.0
0.00103560905 0.000571144279 0.0
-0.000457500515 0.000135476745 0.0
0.000128645392 0.000450931664 0.0
3.37453639e-06 0.000175004025 0.0
0.0004654605 0.000178427435 0.0
0.000130370216 0.000518837303 0.0
0.00064073992 0.000414028415 0.0
-0.000449817482 0.000154295121 0.0
-0.000321782572 6.72460155e-05 0.0
0.000949178357 0.000517144974 0.0
-0.000391765992 0.000276525039 0.0
0.000552402809 0.000259399589 0.0
0.000604525558 0.00038376078 0.0
-0.000866634771 7.18915544e-05 0.0
0.000808684912 0.000566711242 0.0
0.000933533069 0.000577334082 0.0
0.000487915939 0.000415373535 0.0
-1.90098272e-05 0.000305369031 0.0
-3.98982629e-05 0.000486662117 0.0
-0.000606805552 0.000104911451 0.0
-1.67790022e-05 7.73358624e-05 0.0
0.000287689152 0.000468454993 0.0
0.000246313255 0.000500534021 0.0
-0.000733400288 5.78878426e-05 0.0
0.000739952084 0.00047161273 0.0
0.000591508637 0.000269958109 0.0
-0.000579526648 9.70632755e-05 0.0
0.000106687294 0.000160545824 0.0
-0.000174047193 0.000281184039 0.0
-0.000555106788 0.000130194807 0.0
0.000431638298 0.000577221916 0.0
6.86574276e-05 0.000268672884 0.0
0.000953679148 0.000549369608 0.0
0.000333163829 0.000342689891 0.0
0.000796749839 0.000498520443 0.0
0.000306880043 0.000336916157 0.0
-0.000387917651 5.07288905e-06 0.0
0.000259039662 0.000320726889 0.0
0.000959998579 0.000636824057 0.0
-0.000512204366 0.000130294648 0.0
0.00045603019 0.000335487042 0.0
0.000610518793 0.000387945649 0.0
0.000156640526 0.000305960479 0.0
-9.27779474e-05 0.000169888037 0.0
-0.000253515056 9.66629377e-05 0.0
