0.000438722374 -5.16343971e-05 0.0
0.000429345586 -4.74436165e-05 0.0
0.000434431364 -5.02258808e-05 0.0
0.000434497895 -5.07009318e-05 0.0
0.000168848579 -6.44216489e-05 0.0
0.000156309208 -6.30569775e-05 0.0
0.000141992918 -6.24349777e-05 0.0
0.000165759731 -7.37118025e-05 0.0
0.000497812871 -6.24349777e-05 0.0
0.000512129162 -6.30569775e-05 0.0
0.000524668547 -6.44216489e-05 0.0
0.000296704093 -0.000111493086 0.0
0.000291381846 -9.82427446e-05 0.0
0.000286172406 -8.350602e-05 0.0
0.000265707844 -9.46244763e-05 0.0
2.76721476e-05 1.17297332e-05 0.0
3.28815877e-05 -3.00699526e-06 0.0
3.82038561e-05 -1.62573342e-05 0.0
0.000370212801 -0.000122318379 0.0
0.000366739492 -0.000113956979 0.0
0.000362744351 -0.000103993065 0.0
0.0003380946 -0.000112582595 0.0
0.000104244093 -8.75731166e-06 0.0
0.000108239234 -1.87212263e-05 0.0
0.000111712543 -2.7082624e-05 0.0
0.000364821259 3.6298643e-06 0.0
0.000350586924 1.73692097e-05 0.0
0.000357018289 1.246579e-05 0.0
0.000356397068 8.96597612e-06 0.0
0.000516630884 -7.84167059e-05 0.0
0.000531854981 -8.03839212e-05 0.0
0.000547070405 -8.21823269e-05 0.0
0.0005173682 -4.72936554e-05 0.0
0.000191250481 -8.21823269e-05 0.0
0.000176035013 -8.03839212e-05 0.0
0.000160810916 -7.84167059e-05 0.0
0.00027095736 -0.000101683101 0.0
0.000257876498 -6.72075766e-05 0.0
0.000267830008 -7.73232168e-05 0.0
0.00026253215 -8.99379665e-05 0.0
0.000466340687 -6.44495303e-05 0.0
0.00045044822 -6.32402225e-05 0.0
0.000459643605 -6.34594835e-05 0.0
0.000456908863 -6.11095675e-05 0.0
0.000247578952 -4.26537954e-05 0.0
0.000229608908 -2.2510887e-05 0.0
0.000248486147 -3.68007859e-05 0.0
0.00022919802 -2.96472281e-05 0.0
7.71648338e-05 5.19038394e-06 0.0
6.06252361e-05 5.11561075e-06 0.0
4.75146553e-05 5.59318141e-06 0.0
7.98144683e-05 -2.86060458e-05 0.0
7.58355382e-05 -8.21318281e-06 0.0
6.09744129e-05 -1.06750122e-05 0.0
0.000403334619 5.59318141e-06 0.0
0.000416445197 5.11561075e-06 0.0
0.000432984787 5.19038394e-06 0.0
0.000163005985 -5.22201553e-05 0.0
0.000147500585 -2.437679e-05 0.0
0.000161163829 -3.74064293e-05 0.0
0.000147613988 -3.88896005e-05 0.0
0.000147162515 -4.39402429e-05 0.0
0.000125919614 -1.0591074e-05 0.0
0.000149082771 -3.12720585e-05 0.0
0.000125022823 -2.46583077e-05 0.0
0.000283982168 -4.22533049e-05 0.0
0.000270502263 -3.41042287e-05 0.0
0.000280437758 -3.61874336e-05 0.0
0.000276449631 -3.79410885e-05 0.0
0.00044999746 -6.27858099e-05 0.0
0.000438007381 -2.67138003e-05 0.0
0.000448552746 -5.24450625e-05 0.0
0.000439741998 -3.53803007e-05 0.0
0.000239322137 -6.69993533e-05 0.0
0.000221403199 -6.07762158e-05 0.0
0.000231759986 -6.74031107e-05 0.0
0.000229369674 -6.55088297e-05 0.0
0.000343077729 -1.82604799e-05 0.0
0.000328021502 -3.58573789e-06 0.0
0.000339583028 -6.64715571e-06 0.0
0.000333325966 -9.39120309e-06 0.0
0.000258500251 -9.52357514e-05 0.0
0.0 0.0 0.0
0.000355819939 0.0 0.0
0.000614320219 -9.52357514e-05 0.0
0.000440076168 -5.20712238e-05 0.0
0.000441385666 -5.19387286e-05 0.0
0.000442312157 -5.17038097e-05 0.0
0.000442592514 -5.15771935e-05 0.0
0.000442264572 -5.17726403e-05 0.0
0.000441424374 -5.20895956e-05 0.0
0.000440367206 -5.16869914e-05 0.0
0.000438678835 -5.04765594e-05 0.0
0.000436262024 -4.91109458e-05 0.0
0.000433889392 -4.81303723e-05 0.0
0.000431544991 -4.76068926e-05 0.0
0.000427394989 -4.77122776e-05 0.0
0.000425852806 -4.83088297e-05 0.0
0.000424990896 -4.89952145e-05 0.0
0.000424976257 -4.95217246e-05 0.0
0.000426133192 -4.99136659e-05 0.0
0.00042839456 -5.0027742e-05 0.0
0.000430924731 -4.95945278e-05 0.0
0.00043359102 -4.86899735e-05 0.0
0.000435906171 -4.88391815e-05 0.0
0.000437291659 -4.95955719e-05 0.0
0.000437703828 -5.08373378e-05 0.0
0.00043416876 -5.08711273e-05 0.0
0.000166573504 -6.38021011e-05 0.0
0.000162617507 -6.3344145e-05 0.0
0.000149552332 -6.28731796e-05 0.0
0.000144772988 -6.26461842e-05 0.0
0.000143933008 -6.32009614e-05 0.0
0.000146086968 -6.35054239e-05 0.0
0.000148106235 -6.4656786e-05 0.0
0.000150719192 -6.6794928e-05 0.0
0.000153763758 -6.94890259e-05 0.0
0.000157472343 -7.16829891e-05 0.0
0.00016149797 -7.31640757e-05 0.0
0.000169566178 -7.36724833e-05 0.0
0.00017209319 -7.31780019e-05 0.0
0.000173376509 -7.23098201e-05 0.0
0.000173665947 -7.08993903e-05 0.0
0.000173447988 -6.90550442e-05 0.0
0.000172475018 -6.70850641e-05 0.0
0.000170869593 -6.56882839e-05 0.0
0.000500592927 -6.26461842e-05 0.0
0.0005053723 -6.28731796e-05 0.0
0.000518437475 -6.3344145e-05 0.0
0.000522393442 -6.38021011e-05 0.0
0.000522497343 -6.23144369e-05 0.0
0.000519771711 -5.9850845e-05 0.0
0.000516107073 -5.7456622e-05 0.0
0.000511801336 -5.61640409e-05 0.0
0.000506938959 -5.59407454e-05 0.0
0.000501959817 -5.71727651e-05 0.0
0.000498024805 -5.95322454e-05 0.0
0.00049708545 -6.14903111e-05 0.0
0.000295446313 -0.000107832646 0.0
0.000293761521 -0.00010340711 0.0
0.000288938958 -9.28435547e-05 0.0
0.000287230941 -8.78304709e-05 0.0
0.000280294829 -8.25386087e-05 0.0
0.000274554506 -8.26741307e-05 0.0
0.000269668468 -8.34783641e-05 0.0
0.000266389252 -8.48614218e-05 0.0
0.000264707342 -8.69511932e-05 0.0
0.0002641631 -8.95745034e-05 0.0
0.000264592236 -9.23473781e-05 0.0
0.00026753376 -9.64983992e-05 0.0
0.00026992397 -9.90183034e-05 0.0
0.000273531739 -0.000102633705 0.0
0.000278241845 -0.000106455198 0.0
0.000283824396 -0.000109624918 0.0
0.000288889016 -0.000111533358 0.0
0.000293181278 -0.000112090631 0.0
2.87306939e-05 7.4052773e-06 0.0
3.0438714e-05 2.39219389e-06 0.0
3.52612733e-05 -8.17136151e-06 0.0
3.69460649e-05 -1.25968972e-05 0.0
4.13125636e-05 -1.4649906e-05 0.0
4.39094183e-05 -1.22381371e-05 0.0
4.5610861e-05 -9.4580073e-06 0.0
4.61335912e-05 -6.69958399e-06 0.0
4.55010413e-05 -4.422232e-06 0.0
4.40487056e-05 -2.04448111e-06 0.0
4.15364266e-05 1.80929169e-06 0.0
3.7864138e-05 5.95545453e-06 0.0
3.30145485e-05 9.46639102e-06 0.0
0.000368822308 -0.000118998316 0.0
0.000364540756 -0.000108392924 0.0
0.000358059071 -0.000101304591 0.0
0.000353173877 -9.93773501e-05 0.0
0.000348643836 -9.8462122e-05 0.0
0.000344621483 -9.85958759e-05 0.0
0.000340331026 -0.000100518388 0.0
0.000336978555 -0.000103364604 0.0
0.000335555436 -0.000106389882 0.0
0.000335988152 -0.00010943933 0.0
0.000341229024 -0.000115597737 0.0
0.00034516392 -0.000118217868 0.0
0.00034978101 -0.0001203801 0.0
0.000354674557 -0.000122200756 0.0
0.000359253259 -0.000123658465 0.0
0.000363057945 -0.000124399128 0.0
0.000365865737 -0.000124585888 0.0
0.000368181005 -0.000123739825 0.0
0.000106040512 -1.31571769e-05 0.0
0.000110322049 -2.37625682e-05 0.0
0.00011322408 -2.48171182e-05 0.0
0.000113885158 -2.19728518e-05 0.0
0.000113443326 -1.87602436e-05 0.0
0.000111641253 -1.54160898e-05 0.0
0.000108582899 -1.20414134e-05 0.0
0.000368780951 4.59498006e-06 0.0
0.000370109308 5.74509613e-06 0.0
0.000369378278 6.18653576e-06 0.0
0.000367732864 7.11980465e-06 0.0
0.000365847227 8.00175167e-06 0.0
0.000363965955 8.73404224e-06 0.0
0.00036144667 8.74337638e-06 0.0
0.000359666883 9.84008784e-06 0.0
0.000358231948 1.16879219e-05 0.0
0.000356130477 1.40687298e-05 0.0
0.000353492069 1.61025873e-05 0.0
0.000347895984 1.79031613e-05 0.0
0.000345443957 1.78293358e-05 0.0
0.000343462598 1.73136541e-05 0.0
0.000342161336 1.6449676e-05 0.0
0.000341777311 1.54334648e-05 0.0
0.000342162646 1.39414651e-05 0.0
0.000343631604 1.14621653e-05 0.0
0.00034658832 8.40520079e-06 0.0
0.000350173505 5.69844724e-06 0.0
0.000354462099 3.86133388e-06 0.0
0.000359321799 3.13564738e-06 0.0
0.000357144745 1.1266512e-05 0.0
0.000522798568 -7.93545842e-05 0.0
0.000540905341 -8.14134401e-05 0.0
0.000549641903 -7.96876484e-05 0.0
0.000551146222 -7.65093282e-05 0.0
0.000551683595 -7.26633589e-05 0.0
0.000550536031 -6.81909223e-05 0.0
0.000547311676 -6.28081034e-05 0.0
0.000542492489 -5.75348095e-05 0.0
0.000536339649 -5.31243459e-05 0.0
0.000529474637 -4.98031841e-05 0.0
0.00052269944 -4.77970898e-05 0.0
0.000513342326 -4.80862218e-05 0.0
0.000509702892 -5.0106155e-05 0.0
0.000506526849 -5.27828524e-05 0.0
0.000504464784 -5.59961045e-05 0.0
0.000503753894 -5.96574318e-05 0.0
0.00050456496 -6.36350524e-05 0.0
0.000506257522 -6.7592242e-05 0.0
0.000508930185 -7.09659944e-05 0.0
0.000512210419 -7.46573278e-05 0.0
0.000185085359 -8.14134401e-05 0.0
0.0001669786 -7.93545842e-05 0.0
0.000165811085 -8.15208768e-05 0.0
0.000171563253 -8.36317122e-05 0.0
0.000177554422 -8.45422328e-05 0.0
0.000183187614 -8.44586903e-05 0.0
0.000187855418 -8.35755709e-05 0.0
0.000276677805 -0.000101463549 0.0
0.00028222386 -9.97189563e-05 0.0
0.000287084491 -9.67151864e-05 0.0
0.000289835938 -9.31264367e-05 0.0
0.000290526921 -8.97190403e-05 0.0
0.00028916556 -8.6321983e-05 0.0
0.000286900613 -8.39079148e-05 0.0
0.000284506707 -8.14777159e-05 0.0
0.000281104556 -7.82054194e-05 0.0
0.000276572391 -7.41514523e-05 0.0
0.000270842836 -7.06789288e-05 0.0
0.000264422823 -6.82091122e-05 0.0
0.000251959049 -6.73581235e-05 0.0
0.000247575343 -6.84018669e-05 0.0
0.000244839641 -6.9928501e-05 0.0
0.000243285831 -7.23765988e-05 0.0
0.000242584239 -7.53307395e-05 0.0
0.000242810667 -7.83778087e-05 0.0
0.0002437285 -8.18156623e-05 0.0
0.000245882198 -8.59450447e-05 0.0
0.000249410601 -9.05697379e-05 0.0
0.000253927516 -9.49153036e-05 0.0
0.000259292952 -9.8278877e-05 0.0
0.000265056064 -0.000100587094 0.0
0.000265380804 -8.30825011e-05 0.0
0.000466313679 -6.45616237e-05 0.0
0.00046582389 -6.44367174e-05 0.0
0.000465306977 -6.43677777e-05 0.0
0.000464563753 -6.42834711e-05 0.0
0.000463133678 -6.42328669e-05 0.0
0.000461208343 -6.41654624e-05 0.0
0.00045874191 -6.41323713e-05 0.0
0.000456082053 -6.41370279e-05 0.0
0.000453372428 -6.4016087e-05 0.0
0.000451319676 -6.3702013e-05 0.0
0.000450717227 -6.25368048e-05 0.0
0.000451359228 -6.20261198e-05 0.0
0.000452112406 -6.14041783e-05 0.0
0.00045284495 -6.06572248e-05 0.0
0.000453833811 -5.99939995e-05 0.0
0.000454785943 -5.99722771e-05 0.0
0.000456538954 -6.09752824e-05 0.0
0.00045940667 -6.22938023e-05 0.0
0.000462222815 -6.33257878e-05 0.0
0.000464931625 -6.39583523e-05 0.0
0.000458351686 -6.24180102e-05 0.0
0.000252132304 -4.20693104e-05 0.0
0.000254949497 -4.17595365e-05 0.0
0.000256118801 -4.08198975e-05 0.0
0.00025644491 -3.95071911e-05 0.0
0.00025678816 -3.74708143e-05 0.0
0.000256619998 -3.48600843e-05 0.0
0.000254665676 -3.17806844e-05 0.0
0.000251432793 -2.8491886e-05 0.0
0.000247074931 -2.59760673e-05 0.0
0.000242016191 -2.42041442e-05 0.0
0.00023589599 -2.28365952e-05 0.0
0.000224693125 -2.28840945e-05 0.0
0.000221840193 -2.37114764e-05 0.0
0.000220942471 -2.4867406e-05 0.0
0.000220868606 -2.65552681e-05 0.0
0.000221416223 -2.89389009e-05 0.0
0.000222701201 -3.17210724e-05 0.0
0.000225012191 -3.44468208e-05 0.0
0.000228187317 -3.70886046e-05 0.0
0.000232286577 -3.93113078e-05 0.0
0.000236936146 -4.1117939e-05 0.0
0.000242068811 -4.21592158e-05 0.0
0.000238813242 -3.32956333e-05 0.0
7.00769888e-05 5.12018096e-06 0.0
5.22064111e-05 5.3913609e-06 0.0
4.63004435e-05 3.35311483e-06 0.0
4.55477166e-05 3.70603516e-07 0.0
4.55081899e-05 -3.03049387e-06 0.0
4.62644311e-05 -6.68241319e-06 0.0
4.83413132e-05 -1.08668964e-05 0.0
5.21926268e-05 -1.59990705e-05 0.0
5.79402586e-05 -2.10225444e-05 0.0
6.50819566e-05 -2.51121637e-05 0.0
7.29855601e-05 -2.76914634e-05 0.0
8.45816539e-05 -2.83239642e-05 0.0
8.70874646e-05 -2.74000704e-05 0.0
8.9155008e-05 -2.57655356e-05 0.0
9.10711315e-05 -2.31937229e-05 0.0
9.22640247e-05 -1.95221328e-05 0.0
9.22792315e-05 -1.47260034e-05 0.0
9.06174755e-05 -9.24592587e-06 0.0
8.74500183e-05 -3.60212266e-06 0.0
8.28349366e-05 1.27963722e-06 0.0
0.000408026361 5.3913609e-06 0.0
0.000425896927 5.12018096e-06 0.0
0.000426211598 8.05817854e-06 0.0
0.000418524171 9.05999423e-06 0.0
0.000411177869 8.92990738e-06 0.0
0.000405945291 7.31679575e-06 0.0
0.000168488215 -5.17873232e-05 0.0
0.000171299966 -5.06124161e-05 0.0
0.000171971784 -4.87031393e-05 0.0
0.000171761931 -4.6409994e-05 0.0
0.000171076841 -4.40385629e-05 0.0
0.000169699269 -4.1618463e-05 0.0
0.000167613442 -3.89899978e-05 0.0
0.000164566372 -3.54023832e-05 0.0
0.000160330688 -3.13592936e-05 0.0
0.000155733404 -2.80862605e-05 0.0
0.000151364598 -2.56109342e-05 0.0
0.000144078585 -2.41726029e-05 0.0
0.000140950011 -2.46500731e-05 0.0
0.000138427553 -2.59117351e-05 0.0
0.000136645016 -2.8002416e-05 0.0
0.00013571461 -3.09764328e-05 0.0
0.000136069066 -3.49436341e-05 0.0
0.000137792973 -3.95502357e-05 0.0
0.000140708245 -4.37485869e-05 0.0
0.000144910446 -4.72333377e-05 0.0
0.000150239823 -4.99366724e-05 0.0
0.000156321548 -5.17334156e-05 0.0
0.000155047092 -3.77133692e-05 0.0
0.000153448127 -4.35212714e-05 0.0
0.000157284056 -4.23335514e-05 0.0
0.000159031668 -4.07059633e-05 0.0
0.000159948322 -3.82596954e-05 0.0
0.000160062482 -3.4882305e-05 0.0
0.000158973009 -3.07039409e-05 0.0
0.000156721537 -2.59608332e-05 0.0
0.000152911714 -2.14729189e-05 0.0
0.000147636441 -1.73366861e-05 0.0
0.000140781485 -1.40060301e-05 0.0
0.000132835063 -1.15298044e-05 0.0
0.000121220713 -1.12049274e-05 0.0
0.000118690936 -1.24747485e-05 0.0
0.000116386916 -1.47344035e-05 0.0
0.000114607647 -1.80862098e-05 0.0
0.000113950315 -2.19339581e-05 0.0
0.000114540839 -2.61322002e-05 0.0
0.000116837466 -3.03520937e-05 0.0
0.00012049792 -3.45294211e-05 0.0
0.000125680119 -3.82743201e-05 0.0
0.000132129921 -4.13617636e-05 0.0
0.000139577343 -4.32178531e-05 0.0
0.000136904215 -2.78204443e-05 0.0
0.000286275055 -4.20964461e-05 0.0
0.000288337091 -4.14249007e-05 0.0
0.000289702613 -4.05603096e-05 0.0
0.000290006603 -3.94972449e-05 0.0
0.000288978772 -3.82020662e-05 0.0
0.000286832248 -3.69267364e-05 0.0
0.000283487752 -3.58190191e-05 0.0
0.000279524364 -3.51804556e-05 0.0
0.000275624596 -3.44569271e-05 0.0
0.000272101053 -3.40526749e-05 0.0
0.000270657649 -3.37329548e-05 0.0
0.000270754274 -3.31225601e-05 0.0
0.000270305143 -3.28314927e-05 0.0
0.000269538839 -3.34195211e-05 0.0
0.000269216252 -3.50686132e-05 0.0
0.000270146324 -3.73771691e-05 0.0
0.000272848964 -3.97724725e-05 0.0
0.000276423467 -4.13688613e-05 0.0
0.000279284111 -4.17436677e-05 0.0
0.000281704386 -4.21078475e-05 0.0
0.000278419146 -3.66730892e-05 0.0
0.000456595561 -6.13865996e-05 0.0
0.00046288452 -5.85309826e-05 0.0
0.000466421887 -5.49498509e-05 0.0
0.000466920959 -5.18880261e-05 0.0
0.000465935882 -4.84098746e-05 0.0
0.000463631528 -4.47550337e-05 0.0
0.000460366515 -4.07330917e-05 0.0
0.000456242531 -3.77222568e-05 0.0
0.000452084932 -3.49432339e-05 0.0
0.000448576844 -3.22484993e-05 0.0
0.00044405731 -2.9178691e-05 0.0
0.000431425171 -2.56716849e-05 0.0
0.00042469785 -2.67952455e-05 0.0
0.000419308693 -2.93694375e-05 0.0
0.000416224386 -3.33446078e-05 0.0
0.000415158021 -3.7769023e-05 0.0
0.000416607072 -4.29290521e-05 0.0
0.000420349243 -4.83943149e-05 0.0
0.000425555103 -5.29475547e-05 0.0
0.000431545108 -5.6872479e-05 0.0
0.000437811628 -6.01304491e-05 0.0
0.000444051169 -6.22020525e-05 0.0
0.000444071717 -4.38150855e-05 0.0
0.000238653854 -6.75160118e-05 0.0
0.000238204375 -6.82176469e-05 0.0
0.000237969944 -6.88835426e-05 0.0
0.000237814005 -6.95889757e-05 0.0
0.000237595421 -7.00815726e-05 0.0
0.000236947672 -7.00077508e-05 0.0
0.000235939733 -6.89159351e-05 0.0
0.000234270425 -6.65981424e-05 0.0
0.000231697835 -6.41646038e-05 0.0
0.000228678953 -6.22757652e-05 0.0
0.000225338241 -6.11560099e-05 0.0
0.000218397181 -6.11208889e-05 0.0
0.000217729204 -6.13936863e-05 0.0
0.000218929941 -6.10989664e-05 0.0
0.000220187168 -6.12549702e-05 0.0
0.000221687689 -6.20678329e-05 0.0
0.00022362516 -6.30717695e-05 0.0
0.000225703654 -6.43093445e-05 0.0
0.000228443692 -6.53607713e-05 0.0
0.000231923419 -6.59531652e-05 0.0
0.00023526256 -6.66098567e-05 0.0
0.000238264387 -6.69787187e-05 0.0
0.000230174963 -6.66422275e-05 0.0
0.000346484012 -1.92999978e-05 0.0
0.000350114511 -1.91462223e-05 0.0
0.000353424373 -1.76433296e-05 0.0
0.000355414231 -1.57679224e-05 0.0
0.000355906202 -1.35591135e-05 0.0
0.000354580756 -1.08704144e-05 0.0
0.00035164578 -8.35212177e-06 0.0
0.00034765841 -6.20552328e-06 0.0
0.00034355931 -4.62707112e-06 0.0
0.000339366059 -3.65342567e-06 0.0
0.000335631368 -3.10750215e-06 0.0
0.000331941788 -3.17807417e-06 0.0
0.000324656634 -4.26959241e-06 0.0
0.000323452288 -4.51482674e-06 0.0
0.00032351783 -4.8858742e-06 0.0
0.000324488938 -5.48450816e-06 0.0
0.000326035428 -6.20946821e-06 0.0
0.000327608024 -6.83472899e-06 0.0
0.000329599017 -7.15121269e-06 0.0
0.000331612304 -7.53238919e-06 0.0
0.000333012431 -9.00899704e-06 0.0
0.000334661861 -1.14656914e-05 0.0
0.000336852449 -1.42646468e-05 0.0
0.000339803635 -1.65703277e-05 0.0
0.000336033932 -8.58209114e-06 0.0
0.000245504867 -9.53803246e-05 0.0
0.000223979427 -9.17371945e-05 0.0
0.000108002569 -6.10374336e-05 0.0
0.000105303749 -5.90263153e-05 0.0
0.000117881675 -4.5895591e-05 0.0
0.000130940592 -3.27550697e-05 0.0
0.000133287802 -2.60403085e-05 0.0
0.000125058606 -2.14513129e-05 0.0
0.000107542684 -1.58303028e-05 0.0
8.82170425e-05 -1.00263687e-05 0.0
7.49334286e-05 -5.92240303e-06 0.0
7.10456879e-05 -2.60958927e-06 0.0
2.38120301e-05 1.09503699e-05 0.0
1.54329191e-05 1.01156666e-05 0.0
1.09717212e-05 6.80090534e-06 0.0
7.00761029e-06 3.33332855e-06 0.0
1.1088955e-05 9.31469799e-07 0.0
6.03313238e-05 -2.42138285e-05 0.0
8.16328393e-05 -2.04264234e-05 0.0
0.000133328896 -2.88807969e-05 0.0
0.000153057656 -1.701765e-05 0.0
0.000174581161 5.17603758e-06 0.0
0.000193862768 2.21593964e-05 0.0
0.000208945843 3.0476278e-05 0.0
0.000219528127 3.04210407e-05 0.0
0.000234080304 2.77799845e-05 0.0
0.000251958321 2.49380446e-05 0.0
0.000270015968 2.39393266e-05 0.0
0.000286879949 2.4277886e-05 0.0
0.00030249884 2.42708938e-05 0.0
0.000316834659 2.05019587e-05 0.0
0.000324716355 1.85393146e-05 0.0
0.00033051931 1.46909661e-05 0.0
0.000336636062 1.09922266e-05 0.0
0.000345160486 5.32190415e-06 0.0
0.000362827559 3.33332855e-06 0.0
0.000366791675 6.80090534e-06 0.0
0.000371252856 1.01156666e-05 0.0
0.000379631965 1.09503699e-05 0.0
0.000426865648 -2.60958927e-06 0.0
0.000430753367 -5.92240303e-06 0.0
0.000444036996 -1.00263687e-05 0.0
0.000463362638 -1.58303028e-05 0.0
0.000480878545 -2.14513129e-05 0.0
0.000489107741 -2.60403085e-05 0.0
0.000486760546 -3.27550697e-05 0.0
0.000473701628 -4.5895591e-05 0.0
0.000461123709 -5.90263153e-05 0.0
0.000463822507 -6.10374336e-05 0.0
0.000579799409 -9.17371945e-05 0.0
0.000601324835 -9.53803246e-05 0.0
0.000603660708 -8.99138468e-05 0.0
0.000595136313 -8.42435256e-05 0.0
0.000589019561 -8.05447853e-05 0.0
0.000583216606 -7.66964367e-05 0.0
0.00057533494 -7.47337908e-05 0.0
0.000560999091 -7.09648593e-05 0.0
0.00054538023 -7.09578671e-05 0.0
0.00052851619 -7.12964247e-05 0.0
0.000510458602 -7.0297705e-05 0.0
0.000492580526 -6.74557668e-05 0.0
0.000478028378 -6.48147106e-05 0.0
0.00046744608 -6.47594716e-05 0.0
0.00045236302 -7.30763568e-05 0.0
0.000433081412 -9.00597151e-05 0.0
0.000411557907 -0.000112253401 0.0
0.000391829148 -0.000124116545 0.0
0.000340133091 -0.000115662173 0.0
0.00031883156 -0.000119449578 0.0
0.000269589218 -9.43042833e-05 0.0
0.000438438263 -5.13670129e-05 0.0
0.00042982708 -5.01683608e-05 0.0
0.000430927204 -5.04786003e-05 0.0
0.000438263407 -5.13643063e-05 0.0
0.000437553041 -5.12473744e-05 0.0
0.000430523156 -4.94308624e-05 0.0
0.000439944852 -5.15112333e-05 0.0
0.000427849125 -4.93594343e-05 0.0
0.000428044965 -5.00755013e-05 0.0
0.000440443167 -5.1582203e-05 0.0
0.000438156101 -5.10529026e-05 0.0
0.000432159955 -5.00096248e-05 0.0
0.000431202119 -4.86302524e-05 0.0
0.000437304698 -5.10378813e-05 0.0
0.000440497941 -5.17242333e-05 0.0
0.000426833227 -4.95989443e-05 0.0
0.000440769392 -5.15333631e-05 0.0
0.000428193453 -4.86902136e-05 0.0
0.000428741972 -5.02313342e-05 0.0
0.000439489813 -5.16100226e-05 0.0
0.000435540715 -4.99608868e-05 0.0
0.000434808317 -4.9307444e-05 0.0
0.000436410541 -5.00757851e-05 0.0
0.000434198591 -4.97334258e-05 0.0
0.000430208427 -5.01258946e-05 0.0
0.000439774245 -5.16537184e-05 0.0
0.000436350354 -5.04293821e-05 0.0
0.000433153153 -4.88402511e-05 0.0
0.000429343985 -4.84120574e-05 0.0
0.000438579213 -5.14712519e-05 0.0
0.000436443079 -5.11312173e-05 0.0
0.000432145112 -5.06125434e-05 0.0
0.000436211732 -5.11023354e-05 0.0
0.000432070054 -5.02877447e-05 0.0
0.000156722439 -6.67574132e-05 0.0
0.000165224264 -6.74107359e-05 0.0
0.000164521785 -6.98580407e-05 0.0
0.000148818508 -6.44132742e-05 0.0
0.000167819016 -6.60742153e-05 0.0
0.000151544475 -6.60808437e-05 0.0
0.000156273934 -6.83127e-05 0.0
0.000168743616 -7.04649647e-05 0.0
0.000159659699 -6.56910343e-05 0.0
0.000169741426 -6.89394219e-05 0.0
0.000152977867 -6.48128334e-05 0.0
0.000164065787 -6.55556723e-05 0.0
0.000161692267 -7.06965366e-05 0.0
0.000161945893 -6.77469143e-05 0.0
0.000165862817 -7.17512521e-05 0.0
0.000145552185 -6.34598473e-05 0.0
0.00014827399 -6.37074045e-05 0.0
0.000170328451 -6.7429879e-05 0.0
0.000160189709 -6.86355706e-05 0.0
0.000153145593 -6.75658084e-05 0.0
0.000148501145 -6.4616208e-05 0.0
0.000168534403 -6.51446462e-05 0.0
0.000171310821 -7.05425264e-05 0.0
0.00016569384 -6.47572451e-05 0.0
0.000168332932 -7.17730436e-05 0.0
0.000152256689 -6.55330441e-05 0.0
0.000165967853 -6.88526779e-05 0.0
0.000146422506 -6.38374331e-05 0.0
0.000170070707 -6.62524253e-05 0.0
0.000167872029 -6.73229879e-05 0.0
0.000158466893 -7.04669364e-05 0.0
0.000160655734 -6.44649335e-05 0.0
0.000506783661 -6.02583314e-05 0.0
0.000514214567 -6.02664659e-05 0.0
0.000520199304 -6.20193969e-05 0.0
0.000500641123 -6.15251556e-05 0.0
0.000502594165 -6.04592642e-05 0.0
0.000517678738 -6.06462127e-05 0.0
0.000510414655 -5.94560843e-05 0.0
0.000276988168 -9.29243615e-05 0.0
0.00028159513 -9.9994737e-05 0.0
0.000272124686 -9.60874604e-05 0.0
0.000288074021 -0.000105613886 0.0
0.000279467786 -8.81538581e-05 0.0
0.000272630801 -8.84506298e-05 0.0
0.0002693141 -9.26511129e-05 0.0
0.000281442626 -0.000105064035 0.0
0.000274453952 -9.95601658e-05 0.0
0.00028706016 -0.000101121375 0.0
0.000280660839 -9.70297333e-05 0.0
0.000282367924 -9.23123443e-05 0.0
0.000268747477 -8.94133918e-05 0.0
0.000292519602 -0.000108622728 0.0
0.000274613383 -9.46754008e-05 0.0
0.000270697899 -9.74306968e-05 0.0
0.000286114286 -0.00010742234 0.0
0.000268284581 -9.43117702e-05 0.0
0.000274652382 -8.60968503e-05 0.0
0.000277322077 -0.000102921025 0.0
0.000291497156 -0.000105253188 0.0
0.000282388763 -8.62237212e-05 0.0
0.000284453359 -9.00742234e-05 0.0
0.00027700729 -9.81209232e-05 0.0
0.000277494517 -9.02508255e-05 0.0
0.00028483104 -9.59420213e-05 0.0
0.000283632573 -0.000103029059 0.0
0.000278216874 -8.52003723e-05 0.0
0.000268739794 -9.58055753e-05 0.0
0.0002724019 -9.16851859e-05 0.0
0.000289812335 -0.000109232467 0.0
0.000279169559 -0.000101426631 0.0
3.76590506e-05 -9.59538852e-07 0.0
4.03962367e-05 -4.68667622e-06 0.0
4.04638195e-05 -8.92729531e-06 0.0
3.34596698e-05 5.31406886e-06 0.0
4.16865587e-05 -3.00897818e-06 0.0
3.95978241e-05 -1.13164833e-05 0.0
4.23708334e-05 -7.23839912e-06 0.0
3.80407073e-05 -6.41366796e-06 0.0
3.75782838e-05 1.91642675e-06 0.0
0.000356569915 -0.00011570035 0.0
0.000355506112 -0.0001096165 0.0
0.000346151704 -0.000111048292 0.0
0.000348419737 -0.000115795716 0.0
0.000363084633 -0.000120534183 0.0
0.000347126683 -0.000105015861 0.0
0.00035621447 -0.000119761782 0.0
0.000357149285 -0.000106468106 0.0
0.000352330593 -0.000102974976 0.0
0.000359629194 -0.000113347931 0.0
0.000353033829 -0.000112383408 0.0
0.00034259542 -0.000106972824 0.0
0.000342117215 -0.000111764981 0.0
0.000362937019 -0.000117747535 0.0
0.000351306808 -0.000119077013 0.0
0.000361140817 -0.00012219591 0.0
0.000361229526 -0.000110334273 0.0
0.000349448004 -0.00010883365 0.0
0.000366621854 -0.000121265177 0.0
0.000350251532 -0.000114047747 0.0
0.000353312498 -0.000117181029 0.0
0.000343567983 -0.000114474249 0.0
0.000348110159 -0.000102159822 0.0
0.000342436513 -0.000103837694 0.0
0.000340212544 -0.000109123554 0.0
0.000355942204 -0.00010292411 0.0
0.000365292304 -0.00012256483 0.0
0.000345936569 -0.000116656898 0.0
0.000358980178 -0.000119048156 0.0
0.000344576256 -0.000102095924 0.0
0.000356574164 -0.000121524761 0.0
0.000359679252 -0.000104531078 0.0
0.000346222543 -0.000113354195 0.0
0.000351652387 -0.000105897212 0.0
0.000109704095 -1.60804684e-05 0.0
0.000111597459 -2.12855903e-05 0.0
0.000108931912 -1.41162482e-05 0.0
0.000112225549 -2.30204969e-05 0.0
0.000362621155 9.5910973e-06 0.0
0.000350745482 1.43981179e-05 0.0
0.000348087779 1.35178725e-05 0.0
0.000365081825 7.85075645e-06 0.0
0.000363186409 6.78135711e-06 0.0
0.000349607377 1.07962442e-05 0.0
0.000360861886 1.03404573e-05 0.0
0.000351621158 1.53044912e-05 0.0
0.000365344808 8.2957331e-06 0.0
0.000346351822 1.55481539e-05 0.0
0.000360710779 9.06208788e-06 0.0
0.000355382246 1.38677569e-05 0.0
0.000357576937 6.34753542e-06 0.0
0.000348508504 1.64561279e-05 0.0
0.000359264377 1.10292949e-05 0.0
0.000362566119 9.40322934e-06 0.0
0.000367102679 6.31389139e-06 0.0
0.000345821376 1.26980522e-05 0.0
0.000350505725 8.41812289e-06 0.0
0.000367217872 7.21722608e-06 0.0
0.000344575848 1.50746819e-05 0.0
0.000353022217 1.14514214e-05 0.0
0.000367857399 6.62915591e-06 0.0
0.000346486864 1.6513859e-05 0.0
0.000364322885 8.70388703e-06 0.0
0.00034455664 1.41722203e-05 0.0
0.000357280776 1.25627394e-05 0.0
0.000353900599 6.80748462e-06 0.0
0.000352759525 1.56722472e-05 0.0
0.000361319486 5.09331403e-06 0.0
0.000524326228 -6.35991601e-05 0.0
0.000537401007 -7.19439486e-05 0.0
0.000518051616 -6.95709823e-05 0.0
0.000535224041 -6.3340507e-05 0.0
0.000513091392 -6.13432203e-05 0.0
0.000522459741 -5.54470098e-05 0.0
0.000528089877 -7.18961019e-05 0.0
0.000515714404 -5.61926136e-05 0.0
0.000542906462 -6.89707886e-05 0.0
0.000510623329 -6.51468508e-05 0.0
0.000530098565 -5.62542191e-05 0.0
0.000542516995 -7.76047309e-05 0.0
0.000517574197 -7.4202937e-05 0.0
0.000535017811 -7.62089403e-05 0.0
0.000524517614 -7.48212842e-05 0.0
0.000509839971 -5.66716299e-05 0.0
0.000531540427 -6.67323111e-05 0.0
0.00054440758 -7.39162642e-05 0.0
0.000527642085 -6.08910595e-05 0.0
0.000517464068 -5.18296838e-05 0.0
0.00051305868 -6.98202275e-05 0.0
0.000519688358 -6.54707401e-05 0.0
0.000519044057 -6.12794393e-05 0.0
0.000541027985 -6.14774908e-05 0.0
0.0005078385 -6.16991092e-05 0.0
0.000524816394 -5.23553972e-05 0.0
0.000543983071 -6.56155098e-05 0.0
0.000536395761 -5.76740167e-05 0.0
0.000511043356 -5.34710234e-05 0.0
0.000513539591 -5.17696353e-05 0.0
0.000531621452 -7.05898274e-05 0.0
0.000522975519 -6.95559211e-05 0.0
0.000537453569 -6.8581714e-05 0.0
0.00052986067 -7.58100286e-05 0.0
0.000522435992 -5.96919017e-05 0.0
0.000515349384 -6.62722014e-05 0.0
0.000520391855 -5.05676653e-05 0.0
0.000546909461 -7.21729666e-05 0.0
0.000509641308 -6.78057404e-05 0.0
0.000526311691 -6.79709483e-05 0.0
0.000507520919 -5.86323295e-05 0.0
0.000181394033 -8.275664e-05 0.0
0.000172179934 -8.19133202e-05 0.0
0.000184390767 -8.30461358e-05 0.0
0.000169123567 -8.16046595e-05 0.0
0.000252619619 -8.1860635e-05 0.0
0.00025468407 -7.51530315e-05 0.0
0.000275327271 -9.10345043e-05 0.0
0.000278933643 -8.40612338e-05 0.0
0.000282624562 -8.88570576e-05 0.0
0.000278039748 -8.01187198e-05 0.0
0.000258203305 -7.20713069e-05 0.0
0.00024891505 -7.64231518e-05 0.0
0.00025302844 -8.70053555e-05 0.0
0.000271314202 -9.54885327e-05 0.0
0.000246501004 -8.06523021e-05 0.0
0.00028118561 -9.53938797e-05 0.0
0.000285051676 -8.47475239e-05 0.0
0.000249251287 -7.1381357e-05 0.0
0.000258785556 -9.28423979e-05 0.0
0.000264864153 -9.58420133e-05 0.0
0.000271621218 -7.53911372e-05 0.0
0.000264978298 -7.22331824e-05 0.0
0.000286170485 -8.7247281e-05 0.0
0.000283134228 -8.25846073e-05 0.0
0.00024797683 -8.37793268e-05 0.0
0.000245847797 -7.77504902e-05 0.0
0.000277151441 -9.72000125e-05 0.0
0.000284444162 -9.28258742e-05 0.0
0.000252318365 -7.04611957e-05 0.0
0.000247108896 -7.30634929e-05 0.0
0.000253780949 -9.12743417e-05 0.0
0.000276878884 -7.70839688e-05 0.0
0.000272657868 -8.55468243e-05 0.0
0.000258194719 -8.00949638e-05 0.0
0.00046250617 -6.33546151e-05 0.0
0.000454277149 -6.22482185e-05 0.0
0.000460815092 -6.23730884e-05 0.0
0.000455544214 -6.32544979e-05 0.0
0.000463548204 -6.39729478e-05 0.0
0.000453393935 -6.14811725e-05 0.0
0.000452899287 -6.28980197e-05 0.0
0.000463722186 -6.35886026e-05 0.0
0.000462172757 -6.39252758e-05 0.0
0.000454587076 -6.06670073e-05 0.0
0.000457475748 -6.37379271e-05 0.0
0.000458565686 -6.15489262e-05 0.0
0.000455686852 -6.16668258e-05 0.0
0.000461053656 -6.32788506e-05 0.0
0.000464751764 -6.41626248e-05 0.0
0.000452237 -6.20587671e-05 0.0
0.000464942947 -6.4112377e-05 0.0
0.000451946835 -6.25512403e-05 0.0
0.000463004108 -6.33016098e-05 0.0
0.000453239598 -6.3467196e-05 0.0
0.000456468144 -6.06631183e-05 0.0
0.00045515172 -6.03181725e-05 0.0
0.000459641451 -6.38952552e-05 0.0
0.000461316027 -6.39715654e-05 0.0
0.000463845179 -6.41523729e-05 0.0
0.000453259738 -6.10245261e-05 0.0
0.000459985109 -6.24408058e-05 0.0
0.000456667796 -6.2649131e-05 0.0
0.000243243296 -3.08003328e-05 0.0
0.00024210554 -3.78424047e-05 0.0
0.000234085703 -3.61963066e-05 0.0
0.000235518732 -2.71862627e-05 0.0
0.000227995319 -3.25645124e-05 0.0
0.000228325007 -2.64026385e-05 0.0
0.000250229379 -3.394542e-05 0.0
0.000248817756 -3.94930248e-05 0.0
0.000239654401 -3.93086266e-05 0.0
0.000242609545 -2.75577859e-05 0.0
0.000233890765 -3.35223885e-05 0.0
0.000252939528 -3.74512747e-05 0.0
0.00022491948 -2.9014207e-05 0.0
0.000250023557 -3.10153955e-05 0.0
0.000247791555 -4.06396248e-05 0.0
0.000252632162 -3.99871533e-05 0.0
0.000229230674 -3.53696159e-05 0.0
0.000230081045 -2.48322267e-05 0.0
0.000224525138 -2.58917007e-05 0.0
0.00023790542 -2.54263814e-05 0.0
0.000234916151 -3.86018546e-05 0.0
0.000231751343 -3.72838949e-05 0.0
0.000247156451 -2.85775768e-05 0.0
0.000233744358 -2.46439286e-05 0.0
0.000243944451 -4.06848922e-05 0.0
0.000233975501 -2.94965412e-05 0.0
0.000253462611 -3.90026435e-05 0.0
0.000224009578 -2.71344961e-05 0.0
0.000254134473 -3.60608246e-05 0.0
0.000224280739 -3.05127523e-05 0.0
0.000245460309 -3.37870988e-05 0.0
7.57285379e-05 -1.8164912e-05 0.0
5.28120472e-05 6.48767298e-07 0.0
8.31034195e-05 -1.70523599e-05 0.0
6.91601454e-05 -1.90714582e-05 0.0
5.1653944e-05 -3.46170282e-06 0.0
8.45183604e-05 -1.17777909e-05 0.0
6.41664155e-05 -4.48512583e-06 0.0
8.38610285e-05 -2.26200646e-05 0.0
7.81733979e-05 -2.35397383e-05 0.0
7.57584785e-05 -4.85687053e-07 0.0
5.97663529e-05 -1.60334203e-05 0.0
5.25358701e-05 -8.49116987e-06 0.0
6.72755996e-05 -1.72296708e-07 0.0
5.75403756e-05 -3.27771386e-06 0.0
5.88788498e-05 4.80759468e-07 0.0
8.69929281e-05 -2.191559e-05 0.0
8.20865462e-05 -2.42215501e-05 0.0
7.42815682e-05 -2.44313633e-05 0.0
4.94147862e-05 9.1771625e-08 0.0
8.20487985e-05 -5.73108537e-06 0.0
8.83570683e-05 -1.96413821e-05 0.0
8.82459863e-05 -1.62031065e-05 0.0
6.90486413e-05 -2.32066523e-05 0.0
6.40094586e-05 -2.06280274e-05 0.0
7.41239055e-05 -1.36120452e-05 0.0
4.91283245e-05 -5.33488901e-06 0.0
5.4593911e-05 -1.23069376e-05 0.0
0.000421013101 6.58808767e-06 0.0
0.000411115732 6.5432896e-06 0.0
0.000423220801 7.04884769e-06 0.0
0.000408904249 6.85166742e-06 0.0
0.000428364496 6.12285066e-06 0.0
0.000405768718 6.10044708e-06 0.0
0.000152159555 -3.13041128e-05 0.0
0.000160445794 -4.4903205e-05 0.0
0.000145681915 -3.1945081e-05 0.0
0.000166049227 -4.44663783e-05 0.0
0.000154135458 -4.61480231e-05 0.0
0.000157197414 -3.24699176e-05 0.0
0.000145880535 -2.81963385e-05 0.0
0.000142155404 -3.43636348e-05 0.0
0.00016645978 -4.14834903e-05 0.0
0.000165873294 -4.7700185e-05 0.0
0.000150389082 -2.73064579e-05 0.0
0.000147686689 -4.33589375e-05 0.0
0.000140442193 -2.87277253e-05 0.0
0.000158972354 -4.87778016e-05 0.0
0.000161049436 -3.42687781e-05 0.0
0.000169090723 -4.74925037e-05 0.0
0.00016972408 -4.62676362e-05 0.0
0.000169174265 -4.43674435e-05 0.0
0.00016377584 -4.93326079e-05 0.0
0.000147166982 -2.64552946e-05 0.0
0.00015385804 -2.88158571e-05 0.0
0.00015442555 -4.18731506e-05 0.0
0.000139397976 -3.08290219e-05 0.0
0.000142094417 -2.72401612e-05 0.0
0.000140650867 -3.71330425e-05 0.0
0.000166536716 -3.98246193e-05 0.0
0.000164230019 -3.72464492e-05 0.0
0.000142946199 -4.04722196e-05 0.0
0.000160929005 -4.11721703e-05 0.0
0.000149278596 -4.65578123e-05 0.0
0.000136949951 -3.4982073e-05 0.0
0.00013045111 -1.9490406e-05 0.0
0.000140121469 -2.06217028e-05 0.0
0.000147790939 -3.70553425e-05 0.0
0.000148892112 -2.54240185e-05 0.0
0.000127679843 -3.32467025e-05 0.0
0.000122396799 -1.78394112e-05 0.0
0.000141957207 -3.92738439e-05 0.0
0.000131404144 -1.57097929e-05 0.0
0.000153585308 -3.63075815e-05 0.0
0.000121567951 -2.77810705e-05 0.0
0.000130894143 -3.71933711e-05 0.0
0.000131573019 -3.00755e-05 0.0
0.000119333163 -2.14877291e-05 0.0
0.000122879515 -1.46078537e-05 0.0
0.000153886969 -2.84720263e-05 0.0
0.000146881197 -2.09615318e-05 0.0
0.000148593157 -4.0784038e-05 0.0
0.000152498338 -4.06271865e-05 0.0
0.000154610767 -3.94562121e-05 0.0
0.000137465118 -1.61066346e-05 0.0
0.000142496589 -2.59417557e-05 0.0
0.000136374874 -3.95222924e-05 0.0
0.00012586829 -1.37785091e-05 0.0
0.000142540055 -1.79731414e-05 0.0
0.000155730042 -3.2158081e-05 0.0
0.000156466645 -3.52379648e-05 0.0
0.000121745521 -3.14191311e-05 0.0
0.000141185112 -3.26685295e-05 0.0
0.000118220545 -1.80592742e-05 0.0
0.000118032956 -2.44221883e-05 0.0
0.000273881684 -3.43465181e-05 0.0
0.00028204624 -3.96881478e-05 0.0
0.000284440117 -3.86389875e-05 0.0
0.000274721737 -3.42975072e-05 0.0
0.000279851549 -4.04516541e-05 0.0
0.000272892474 -3.49973889e-05 0.0
0.00028452379 -3.73478506e-05 0.0
0.000272220088 -3.34714641e-05 0.0
0.000285044167 -4.05436112e-05 0.0
0.000277758605 -3.50664268e-05 0.0
0.0002722301 -3.63769723e-05 0.0
0.000271612429 -3.37145684e-05 0.0
0.000277906482 -4.05929532e-05 0.0
0.000282030203 -4.12605696e-05 0.0
0.00028399282 -4.12855406e-05 0.0
0.00027164811 -3.32725613e-05 0.0
0.000272090809 -3.37199599e-05 0.0
0.00027273118 -3.40119368e-05 0.0
0.000274586433 -3.43935862e-05 0.0
0.000286972354 -4.01397883e-05 0.0
0.000287606876 -3.94525632e-05 0.0
0.000287052302 -3.85848252e-05 0.0
0.000273661775 -3.82323888e-05 0.0
0.000275580445 -3.96196338e-05 0.0
0.000283492205 -3.64169828e-05 0.0
0.000280764449 -3.55954908e-05 0.0
0.000275573606 -3.602367e-05 0.0
0.000279084634 -3.85640742e-05 0.0
0.000430723798 -4.01794423e-05 0.0
0.000455918344 -4.49899126e-05 0.0
0.000435858499 -4.95853274e-05 0.0
0.000452507462 -3.89324923e-05 0.0
0.00042985435 -3.39180624e-05 0.0
0.000459827337 -5.07090699e-05 0.0
0.000426773273 -4.53671018e-05 0.0
0.000441607292 -5.54053004e-05 0.0
0.000446024205 -3.40889346e-05 0.0
0.000458305498 -4.273386e-05 0.0
0.000421287899 -3.72823815e-05 0.0
0.000456124748 -5.45167604e-05 0.0
0.000431111024 -5.30504294e-05 0.0
0.00046245876 -4.88501828e-05 0.0
0.000431408582 -3.01934178e-05 0.0
0.00045622632 -3.93204864e-05 0.0
0.000453488494 -3.69925292e-05 0.0
0.000450332853 -3.49853181e-05 0.0
0.000461777789 -4.59631374e-05 0.0
0.000421206001 -4.11901528e-05 0.0
0.000422758196 -3.38938917e-05 0.0
0.000452417327 -4.79082992e-05 0.0
0.000436063128 -5.59494511e-05 0.0
0.000426644197 -4.95899003e-05 0.0
0.000441690499 -3.08770032e-05 0.0
0.000446443824 -5.86260066e-05 0.0
0.000451511791 -5.78516301e-05 0.0
0.00043659049 -2.98466512e-05 0.0
0.0004485932 -4.07808584e-05 0.0
0.000461175572 -5.45315015e-05 0.0
0.000234994906 -6.88043656e-05 0.0
0.000225051786 -6.43034437e-05 0.0
0.000234409832 -6.74023031e-05 0.0
0.000223049108 -6.31119619e-05 0.0
0.000224904958 -6.36285549e-05 0.0
0.000235200976 -6.91347159e-05 0.0
0.000227394208 -6.42273953e-05 0.0
0.000236512715 -6.83783292e-05 0.0
0.000232768609 -6.63650862e-05 0.0
0.000221284645 -6.25863759e-05 0.0
0.000236981039 -6.92064568e-05 0.0
0.000237186643 -6.73005343e-05 0.0
0.000230928417 -6.59740472e-05 0.0
0.000224330623 -6.27278132e-05 0.0
0.000235163534 -6.89904264e-05 0.0
0.00022579878 -6.39952195e-05 0.0
0.000222291623 -6.24299864e-05 0.0
0.000220308939 -6.19660859e-05 0.0
0.000221655733 -6.22293664e-05 0.0
0.000220929258 -6.19123821e-05 0.0
0.000236685213 -6.95584895e-05 0.0
0.000237210828 -6.87299253e-05 0.0
0.000237682005 -6.77933349e-05 0.0
0.000235656815 -6.68404318e-05 0.0
0.000233583531 -6.77156495e-05 0.0
0.000227998593 -6.49292779e-05 0.0
0.000230461912 -6.56969059e-05 0.0
0.000226797361 -6.48114001e-05 0.0
0.000228677265 -6.58890349e-05 0.0
0.0002296928 -6.42352825e-05 0.0
0.000234035964 -6.79490258e-05 0.0
0.000340577128 -1.30234839e-05 0.0
0.000345741311 -1.11363897e-05 0.0
0.000329037837 -6.82001064e-06 0.0
0.000331061718 -5.47952914e-06 0.0
0.000347086199 -8.96406073e-06 0.0
0.000346419198 -1.44438163e-05 0.0
0.000327067595 -5.5180526e-06 0.0
0.000334512122 -4.62912885e-06 0.0
0.000337559235 -1.29530417e-05 0.0
0.000329584378 -7.59375052e-06 0.0
0.000343290914 -1.6555241e-05 0.0
0.000326459471 -6.16493435e-06 0.0
0.000351773837 -1.33180729e-05 0.0
0.000328070921 -4.5165275e-06 0.0
0.000332105497 -8.82379027e-06 0.0
0.000334392593 -1.07932365e-05 0.0
0.000343285647 -6.18437844e-06 0.0
0.000339098828 -4.79827759e-06 0.0
0.000351407245 -1.14039276e-05 0.0
0.000350869028 -1.49670477e-05 0.0
0.000326131849 -4.78341099e-06 0.0
0.000330906303 -4.20508786e-06 0.0
0.000346153422 -1.6820637e-05 0.0
0.000340616883 -1.55949165e-05 0.0
0.000327575399 -6.75755837e-06 0.0
0.00032561025 -5.60218768e-06 0.0
0.000347367109 -7.34536388e-06 0.0
0.00033065569 -7.82144525e-06 0.0
0.000340162107 -1.0532498e-05 0.0
0.000332163705 -6.98979238e-06 0.0
0.000348219764 -6.92996109e-05 0.0
0.00026899387 2.33488095e-06 0.0
0.00038746951 -7.33420238e-05 0.0
0.000209661288 -1.75457299e-05 0.0
0.000292659795 -6.96686548e-05 0.0
0.00035906781 -5.08497578e-05 0.0
0.000332168536 -9.35503849e-05 0.0
0.000171258376 -2.65798208e-05 0.0
0.000477194466 -5.81389068e-05 0.0
0.000285657821 -1.66807115e-06 0.0
0.000359225029 -3.08080816e-05 0.0
0.00019962489 -5.6759116e-05 0.0
0.000393250084 -4.97326982e-06 0.0
0.0002220514 -5.50418808e-05 0.0
0.000404213701 -2.36335545e-05 0.0
0.000284739246 1.91256131e-05 0.0
0.000391638576 -6.50385555e-05 0.0
0.000152429624 -1.66247501e-05 0.0
0.000170479179 -3.55242919e-05 0.0
0.000203967124 -6.95415583e-05 0.0
0.000265353476 -3.64754305e-05 0.0
0.000305004243 -5.02819166e-05 0.0
0.000314785313 -7.82814313e-05 0.0
0.000308215676 3.98351358e-06 0.0
0.000471356645 -5.12261904e-05 0.0
0.000249523524 -1.57958348e-05 0.0
0.000228117948 9.89206364e-06 0.0
0.000410899112 -6.00717431e-05 0.0
0.000227027209 -8.84133042e-05 0.0
0.000167674822 -2.63454385e-05 0.0
0.00018628627 -4.2326752e-05 0.0
0.000130871398 -4.10850989e-05 0.0
0.000401987403 -7.51327098e-05 0.0
0.000201359202 -3.09037605e-05 0.0
0.000372568 -4.59060502e-05 0.0
0.000245600648 -4.10237262e-05 0.0
0.000150946653 -3.3754015e-05 0.0
0.000361731945 -9.80620607e-05 0.0
0.000394620001 -5.87131763e-05 0.0
0.000271474884 -7.71649429e-05 0.0
0.000347387831 -4.1385556e-05 0.0
0.00027412799 -6.51222945e-05 0.0
0.000360892969 -7.84830409e-05 0.0
9.07920985e-05 -2.73036985e-05 0.0
0.000324163353 -6.16023317e-05 0.0
0.000316010875 -3.11875465e-06 0.0
0.000130234926 -2.08793463e-05 0.0
0.000440102216 -3.38021782e-05 0.0
0.000176790272 -2.09957834e-05 0.0
0.000184808407 -5.09667334e-05 0.0
0.000310942763 -0.000107017047 0.0
0.000197644607 -5.62406531e-05 0.0
0.00025043558 2.14669544e-05 0.0
0.000323201442 -1.94804434e-05 0.0
0.000280622713 -2.42534361e-06 0.0
2.17363249e-05 3.04607806e-06 0.0
0.000260843663 -3.29817703e-05 0.0
0.000203516945 -6.06542926e-05 0.0
0.00029862384 2.25335752e-05 0.0
0.000407602201 -1.06345269e-05 0.0
0.000224717369 -2.76056453e-05 0.0
0.000193594926 -4.06696245e-06 0.0
0.000214797401 -5.78873005e-05 0.0
0.000210164668 -5.36225198e-05 0.0
0.00037551386 -1.32275936e-05 0.0
0.000239407032 -5.48114849e-06 0.0
0.000172023225 -1.47808259e-05 0.0
7.59602917e-05 -2.53145863e-05 0.0
0.000508153753 -7.10837703e-05 0.0
0.000398646254 -3.89437118e-05 0.0
0.000111988586 -2.4156232e-05 0.0
0.000285151735 -7.95913074e-05 0.0
0.000398940931 -2.45148112e-06 0.0
0.000318635197 1.29069203e-05 0.0
0.000216091139 -6.79074365e-05 0.0
0.000367924134 1.8426897e-06 0.0
0.00026096584 -1.46934626e-05 0.0
0.000415737915 -6.1498562e-05 0.0
0.000227069802 -8.66960399e-05 0.0
0.000299455452 -9.3262337e-05 0.0
0.000405666156 -4.31882181e-05 0.0
0.000363647006 -6.08080518e-05 0.0
9.72301859e-05 -9.31741215e-06 0.0
0.000387791515 -1.74437937e-05 0.0
0.000147217419 -2.13458497e-05 0.0
0.000480325543 -4.93177176e-05 0.0
0.000322953216 -4.1029296e-05 0.0
0.000211542327 -7.09903034e-05 0.0
0.000496835099 -6.14873206e-05 0.0
0.000468108774 -5.27665688e-05 0.0
0.000152387322 -2.8637096e-05 0.0
0.000365799933 -4.57005008e-05 0.0
8.01514325e-05 -4.35103948e-06 0.0
0.000391769951 -5.21085349e-05 0.0
0.00017961608 -4.10599387e-05 0.0
0.000340096478 -4.39079922e-05 0.0
0.000272089703 -4.74419867e-05 0.0
0.000332438474 -7.9626443e-05 0.0
0.000272455625 -2.1588985e-06 0.0
0.000412058027 -5.91522839e-05 0.0
0.000199362359 -4.97969886e-05 0.0
0.0001968711 -2.98277118e-05 0.0
0.000478434376 -5.46701885e-05 0.0
0.000235166037 -5.47580021e-05 0.0
0.000186170349 -6.74198673e-05 0.0
0.000485324796 -5.25236574e-05 0.0
0.000233444531 -4.19892422e-05 0.0
0.000298956729 -1.81881455e-06 0.0
0.000425224367 -5.67001334e-05 0.0
0.000393617171 5.94828089e-06 0.0
0.000289856776 1.08819095e-05 0.0
0.000312580727 -8.69382202e-05 0.0
0.000248341938 -9.30387032e-05 0.0
0.000233188111 -8.50336655e-05 0.0
0.000205200718 -7.65682416e-05 0.0
0.000404648687 -0.000109789849 0.0
0.000169494582 -3.28760398e-05 0.0
0.00039501657 -6.64118998e-05 0.0
0.000476366491 -6.10189636e-05 0.0
0.000457254937 -4.51660999e-05 0.0
0.000185057972 -5.36178268e-05 0.0
0.000124579485 -3.89688867e-05 0.0
0.000251173944 -4.36151204e-05 0.0
0.000325690373 -6.90263041e-05 0.0
0.000406313949 -4.99883936e-06 0.0
0.000320227613 -3.2052696e-05 0.0
0.000297651684 -3.86022948e-05 0.0
0.00037513554 -9.87676758e-05 0.0
0.000406741485 -7.63798453e-05 0.0
0.000479056966 -5.9386919e-05 0.0
0.000263546215 -3.58546495e-05 0.0
0.000368922396 -7.00360688e-05 0.0
0.000264525937 -7.30295724e-05 0.0
0.000434291258 -1.68981587e-05 0.0
0.000191379906 -4.64872101e-05 0.0
0.000328842842 -5.37276755e-05 0.0
0.0004079192 -5.99598534e-05 0.0
0.00015925536 -3.61739876e-05 0.0
0.000371013739 -2.31659506e-05 0.0
0.000340023224 -0.000108250621 0.0
0.000270911638 2.37590011e-05 0.0
0.000327613641 3.38065456e-06 0.0
0.000391078531 -4.74465851e-05 0.0
0.000157204951 -2.75354796e-05 0.0
0.000254635146 1.16726096e-05 0.0
0.000146228893 -2.15668733e-05 0.0
0.000116323063 -3.90079258e-05 0.0
0.000330447598 -2.9414507e-06 0.0
0.000320865598 1.85696354e-05 0.0
0.000190925974 -2.70672117e-05 0.0
0.000382344442 8.57264331e-06 0.0
0.000171988286 -1.33433587e-05 0.0
0.000290655065 6.40601002e-07 0.0
0.000462771306 -3.17512968e-05 0.0
0.000137160227 -1.83990542e-05 0.0
0.000309819676 -2.08110378e-05 0.0
0.000143153025 -4.19380267e-05 0.0
0.000212378334 -6.08311093e-05 0.0
8.11607097e-05 -2.00487721e-05 0.0
0.000140433374 -3.32363088e-05 0.0
0.000327254907 -0.000114346163 0.0
0.000258408312 -7.88159377e-05 0.0
0.000212348648 -6.52912568e-05 0.0
0.000295290025 -6.15142853e-05 0.0
0.000359541242 6.00268913e-06 0.0
0.000297169492 -3.92573638e-05 0.0
0.00053116784 -6.8506728e-05 0.0
0.000172751897 -5.13385748e-05 0.0
0.000467745529 -6.40180151e-05 0.0
0.000482550444 -5.06832657e-05 0.0
0.000182178934 -3.98906668e-05 0.0
8.12856088e-05 -3.93326673e-06 0.0
0.000468590151 -5.16399195e-05 0.0
0.000211525432 -7.41640542e-05 0.0
0.000282595167 -8.86009439e-05 0.0
0.000243701143 -2.75305611e-05 0.0
0.000380258251 -6.36059995e-05 0.0
0.000382209546 3.68107726e-06 0.0
0.00035581374 -8.8682049e-05 0.0
7.33823545e-05 -2.72805901e-05 0.0
0.000199740898 -5.81870045e-05 0.0
0.000233962972 -8.93175602e-05 0.0
0.000333117787 -4.12120353e-05 0.0
1.47120891e-05 2.41422981e-06 0.0
0.000312349643 -0.000110879962 0.0
8.0813239e-05 -9.65530671e-06 0.0
0.000256514089 -9.55850046e-05 0.0
0.000484128832 -5.93038421e-05 0.0
0.000495515298 -7.10496024e-05 0.0
0.000220318398 -8.31520083e-05 0.0
0.000224928241 2.15319251e-05 0.0
0.000316735095 -0.000100833786 0.0
0.000365242449 -6.64602567e-06 0.0
0.000136216811 -5.59801119e-05 0.0
0.000424200465 -4.58493851e-05 0.0
0.000429150299 -5.78137769e-05 0.0
0.000454258145 -5.00918468e-05 0.0
0.000351429626 -1.34220536e-05 0.0
0.000191594998 -6.89338194e-05 0.0
0.000189389088 -5.05674652e-05 0.0
0.000300449581 -7.3499963e-05 0.0
0.0002285019 -1.83213069e-05 0.0
0.000301636668 2.38948069e-05 0.0
0.000266359479 -4.01804864e-05 0.0
0.000218724686 -3.92308812e-06 0.0
0.000384979532 -8.28025368e-05 0.0
0.000208092213 -8.29056371e-05 0.0
0.000252295227 -3.18698731e-05 0.0
0.00022454081 -7.20948156e-05 0.0
0.000147316314 -2.83519094e-05 0.0
0.00040372595 -0.000103824517 0.0
0.000206684577 1.43986863e-05 0.0
0.000256264932 -5.87629074e-05 0.0
0.000280180713 -4.13962289e-06 0.0
0.000229887024 -7.7381228e-05 0.0
0.000412183494 -2.88020274e-05 0.0
0.000378763303 -7.22316036e-05 0.0
0.000170526415 -2.8233364e-05 0.0
0.000188641468 -1.79581239e-05 0.0
0.000256319821 -5.81371023e-06 0.0
0.000163692108 -2.09682967e-05 0.0
0.000108893917 -1.66546815e-05 0.0
0.000272175967 -8.36554027e-05 0.0
0.000192192107 -6.91014648e-05 0.0
0.00050408853 -6.81775928e-05 0.0
0.000262392859 -1.45425383e-05 0.0
0.000299101172 -6.75361491e-07 0.0
2.15766231e-05 6.69316842e-06 0.0
0.000119329023 -3.24507237e-05 0.0
0.000579186657 -8.83378452e-05 0.0
0.000244595081 -8.83369867e-05 0.0
0.000422389072 -5.54495309e-05 0.0
0.000402648962 -4.86778263e-05 0.0
0.000405572413 -1.91843833e-06 0.0
0.000304270303 -2.83361351e-05 0.0
0.00029014211 -0.000100500038 0.0
0.00021091821 -2.63634302e-05 0.0
0.000408307475 -8.3658495e-05 0.0
0.000208204379 -5.70500342e-05 0.0
2.86755821e-05 1.491631e-06 0.0
0.000262565038 -6.21594299e-05 0.0
0.000262180343 -3.37010606e-05 0.0
0.000330434996 9.14873999e-06 0.0
0.000225338255 -8.15774765e-05 0.0
9.78293974e-05 -1.84548917e-05 0.0
0.000258866086 -2.97563674e-05 0.0
0.000318046281 -9.46981527e-05 0.0
0.000275629165 1.60613345e-05 0.0
0.000403041369 -6.44721076e-05 0.0
5.74492369e-05 -2.27401742e-05 0.0
0.000461322721 -5.53996433e-05 0.0
0.000213332853 -3.38019381e-05 0.0
0.000288008043 5.14433486e-06 0.0
0.000354041316 -5.72922971e-08 0.0
0.000319087878 -9.03488326e-05 0.0
0.000229634679 -6.17416299e-05 0.0
0.000421687437 -6.17805708e-05 0.0
0.000384497747 -4.61717391e-05 0.0
7.21613469e-05 -1.31283978e-05 0.0
0.000203794276 -6.30139039e-05 0.0
0.000474518718 -6.5068496e-05 0.0
0.000100252968 -1.67706021e-05 0.0
0.000246672804 2.62033445e-05 0.0
0.000506651355 -6.36620825e-05 0.0
0.000428365893 -4.42838318e-05 0.0
0.00039417154 -1.2235505e-05 0.0
0.00038233769 -9.51829352e-05 0.0
0.000163992605 -1.4721285e-05 0.0
0.000112099049 -3.65609194e-05 0.0
0.00019933602 -4.92280451e-05 0.0
0.000242948343 -9.08271686e-05 0.0
0.000405328698 -9.47203953e-05 0.0
0.00041624601 -6.67288168e-06 0.0
0.000344802247 -6.20969586e-05 0.0
0.000106790358 -1.26647046e-05 0.0
0.000460736308 -6.45725449e-05 0.0
0.000324964145 -0.000101903337 0.0
0.000330972194 -4.14388705e-05 0.0
0.000318614155 -8.79082436e-05 0.0
0.000303815759 -2.70841647e-05 0.0
0.000188307735 -1.98789985e-05 0.0
0.000106209387 -2.1957374e-05 0.0
0.000261107518 -8.97590071e-05 0.0
0.00041497717 -1.66826669e-06 0.0
0.000410340086 -5.33986276e-05 0.0
0.000279523782 -7.32241169e-05 0.0
0.000173511173 -6.88292494e-05 0.0
0.000196574314 -5.1830033e-05 0.0
0.000264096016 -3.71078277e-05 0.0
0.000189676779 -3.66798668e-05 0.0
0.000488920778 -5.47348282e-05 0.0
0.000494447595 -5.66150957e-05 0.0
0.000171447406 -1.43236248e-05 0.0
0.00035117619 6.77444041e-06 0.0
2.7450551e-05 8.06783737e-06 0.0
0.000356712873 -4.66133497e-05 0.0
6.31246585e-05 -8.77024195e-06 0.0
0.000388527696 -4.10875255e-05 0.0
0.000378754194 -4.6337791e-05 0.0
0.000353653071 -0.000110110821 0.0
0.00041541495 -3.43120264e-05 0.0
0.000397245807 4.43298086e-06 0.0
0.00042654408 -8.84861365e-05 0.0
0.000455003901 -2.26380962e-05 0.0
0.000314814504 -9.50615504e-05 0.0
0.000392274756 -3.75817654e-05 0.0
0.000123126025 -2.55944669e-05 0.0
0.000241645859 -3.43915453e-05 0.0
0.000185312369 -2.92609839e-05 0.0
0.000435464113 -5.57370877e-05 0.0
0.000485569675 -5.03449919e-05 0.0
0.000547920237 -6.48670539e-05 0.0
0.000233916464 -4.89095873e-05 0.0
0.000311620475 -4.0258863e-05 0.0
0.000136010116 -2.51345646e-05 0.0
9.45819847e-05 -2.91977776e-05 0.0
0.000292727695 -3.48289395e-05 0.0
0.000312940014 -9.91047491e-05 0.0
0.000119171156 -1.92407751e-05 0.0
0.000257797161 -3.47161549e-05 0.0
0.000195383735 -5.43535825e-05 0.0
0.000387478707 -8.42242116e-06 0.0
0.000103813421 -2.8173321e-05 0.0
0.000464517158 -4.00534882e-05 0.0
0.00028384311 -5.3637621e-05 0.0
0.000200766808 -6.27064364e-05 0.0
0.000374750962 -5.66461022e-05 0.0
0.000425018225 -1.1033897e-05 0.0
0.000113316237 -2.53890448e-05 0.0
0.000388643995 -0.000121555138 0.0
0.00024912649 -7.87551762e-05 0.0
0.000309392868 -6.61546292e-05 0.0
0.00037302234 -8.4327512e-05 0.0
0.000335559191 1.46301645e-05 0.0
0.000171818698 -5.82663451e-05 0.0
0.000180306757 -4.47857819e-05 0.0
9.40314276e-05 -1.00117441e-05 0.0
0.00020760388 -7.154388e-05 0.0
0.000150396983 -4.04781495e-05 0.0
0.000402948965 -6.84214247e-05 0.0
0.000136274306 -4.2397518e-05 0.0
0.000328108988 -0.000113441783 0.0
0.00033087295 1.71642769e-05 0.0
0.000256969244 -7.46301885e-05 0.0
0.000444650417 -7.35616122e-05 0.0
0.000448906561 -4.53143075e-05 0.0
0.000127234962 -5.16291002e-05 0.0
0.000343521126 -9.85742518e-05 0.0
0.000191543833 -2.90054395e-05 0.0
0.000343185297 -8.47261035e-05 0.0
0.00015949503 -3.22765482e-05 0.0
0.000196061985 -2.69803004e-05 0.0
0.000253828213 3.25378983e-06 0.0
0.000334223354 1.44965525e-05 0.0
0.000319136918 -6.28770204e-06 0.0
0.000311590615 -0.000105703723 0.0
9.7137643e-05 -2.49991554e-05 0.0
0.000466957921 -6.39539358e-05 0.0
0.000350362447 -7.50996187e-05 0.0
0.00035792595 -3.85732492e-05 0.0
0.000126486062 -1.69442592e-05 0.0
0.000469557272 -4.41468655e-05 0.0
0.000473516324 -6.50828588e-05 0.0
0.000497687026 -5.82970351e-05 0.0
0.000191243322 -4.81628449e-05 0.0
0.000333155564 -1.00763555e-05 0.0
9.01748936e-05 -6.73391924e-06 0.0
0.000266413728 2.17093457e-05 0.0
0.000131583452 -2.88147985e-05 0.0
0.000356537726 -1.4643676e-05 0.0
0.000363577536 -6.55366457e-05 0.0
0.000154376234 -2.00386421e-05 0.0
0.000176098009 -1.98589332e-05 0.0
0.00039344863 -1.54878289e-05 0.0
0.000280828797 -9.50257308e-05 0.0
0.000178527203 -2.53200942e-05 0.0
0.000300032902 -2.05547326e-06 0.0
0.000215630876 -6.42585437e-05 0.0
0.000304780289 -3.04436508e-05 0.0
0.00020071266 -5.07830446e-05 0.0
0.00015391341 -2.38039265e-05 0.0
0.000179932482 -5.8468675e-05 0.0
0.000371964707 -7.91760394e-05 0.0
0.000132575238 -3.08103736e-05 0.0
0.000140183562 -1.84538167e-05 0.0
0.000164457859 -4.00892495e-05 0.0
0.000520005357 -7.15038768e-05 0.0
0.000495349814 -6.33163581e-05 0.0
9.18044971e-05 -7.24614119e-06 0.0
0.000306614238 8.89583407e-06 0.0
0.000133914262 -2.66441621e-05 0.0
0.000474901462 -5.99737177e-05 0.0
0.000490560487 -5.03598421e-05 0.0
0.000116147407 -2.92626664e-05 0.0
0.000283980567 -7.55648289e-05 0.0
0.000219026435 -6.2214538e-05 0.0
0.000439559517 -4.57851784e-05 0.0
2.27933742e-05 3.49458833e-06 0.0
0.000412962778 -1.52909761e-05 0.0
0.000155425238 -2.57056599e-05 0.0
0.000312911201 -5.76574057e-05 0.0
0.000498884532 -6.47312627e-05 0.0
0.000227496348 -3.34672623e-05 0.0
0.000308020011 3.57214134e-07 0.0
0.000402519334 -7.16114391e-06 0.0
0.000255817722 -6.91748792e-05 0.0
3.13708042e-05 9.76648039e-07 0.0
0.000279000116 2.37400236e-05 0.0
0.000421293807 -5.43284405e-05 0.0
0.00028250445 -6.84526312e-05 0.0
0.000315838901 2.20898619e-05 0.0
0.000254822313 -4.26173356e-05 0.0
0.000276623177 -3.72427212e-06 0.0
0.000214456639 -5.59327054e-05 0.0
0.000328600378 1.75155164e-05 0.0
0.000261173816 -1.0931315e-05 0.0
0.000295621459 -8.68068673e-05 0.0
0.00044323472 -5.56236191e-05 0.0
0.000417156087 -5.39363427e-05 0.0
0.000334215641 -4.36042756e-05 0.0
0.000221046153 -6.23750093e-05 0.0
1.55990456e-05 4.70615532e-06 0.0
0.000226295975 -4.29861248e-05 0.0
0.000248450204 -2.76018091e-05 0.0
8.45180548e-05 -2.42706665e-05 0.0
0.000164742698 -4.93985717e-05 0.0
0.000179173105 -3.92390539e-05 0.0
0.000400861085 -6.36234618e-05 0.0
0.000427122723 -6.3928077e-05 0.0
0.000190435152 -7.39055249e-05 0.0
0.00014908344 -2.65827057e-05 0.0
0.00022116366 -5.17408844e-05 0.0
0.000188551159 5.66686913e-06 0.0
0.000264296948 -1.63802597e-05 0.0
0.000201572999 -8.13579682e-05 0.0
0.000459626055 -5.57076564e-05 0.0
0.00034336737 -2.21161299e-05 0.0
0.000257825566 -5.11296712e-05 0.0
0.00033674718 1.47375249e-05 0.0
0.000197666464 -5.52776146e-05 0.0
0.000235055806 -7.47741506e-05 0.0
6.15800745e-05 -1.98624493e-05 0.0
0.000232410384 2.68865406e-05 0.0
0.000320802792 2.12847881e-05 0.0
0.000376800221 -2.77276667e-05 0.0
0.000139114258 -2.45647188e-05 0.0
0.000463232951 -5.10994178e-05 0.0
0.000191208499 -7.34461137e-05 0.0
0.000217187844 -4.71847852e-05 0.0
0.000352335774 -5.49316501e-05 0.0
0.000399692304 -2.2662769e-05 0.0
0.000170122366 -3.2703585e-05 0.0
0.000353036943 -5.70006341e-06 0.0
0.000398415228 -4.79437949e-05 0.0
0.000220549075 -6.69225919e-05 0.0
0.000273233512 -5.11713188e-06 0.0
0.000215776308 -3.13664277e-05 0.0
0.000178960254 -4.66693127e-05 0.0
0.000356023287 4.07334892e-06 0.0
0.000143268771 -2.75808561e-05 0.0
0.000450713647 -4.17622141e-05 0.0
0.000277220912 -8.90477968e-05 0.0
0.000260831846 -9.6744785e-05 0.0
0.00034015649 -5.3706529e-08 0.0
0.000363214262 -7.84013446e-06 0.0
0.00024018214 1.63271361e-05 0.0
0.000214445623 -7.74157088e-05 0.0
0.000190681225 -5.16538676e-05 0.0
0.000203715434 -5.96361242e-05 0.0
0.000179239039 -7.27311781e-05 0.0
0.000151120839 -5.29936515e-05 0.0
0.000363294792 7.04412378e-06 0.0
0.000468759827 -5.36306579e-05 0.0
0.000106395906 -1.77335369e-05 0.0
0.000237804896 -2.40277514e-05 0.0
9.56593503e-05 -2.52677237e-05 0.0
0.000582639244 -8.43824382e-05 0.0
0.000339532329 -4.76228488e-05 0.0
0.000279175234 -4.21686709e-05 0.0
0.000297658582 2.06408149e-05 0.0
0.000386899657 5.72172758e-06 0.0
0.000135510854 -2.39072124e-05 0.0
0.000338024722 4.70383384e-06 0.0
0.000431414694 -5.91335884e-05 0.0
0.000300440413 1.55292764e-05 0.0
0.000377829274 -3.84463565e-05 0.0
0.000285565737 -8.37187872e-06 0.0
0.000117228352 -1.73903318e-05 0.0
0.000433919078 -4.50502994e-05 0.0
0.000391599111 -1.85500062e-06 0.0
0.000222267699 -6.85282575e-05 0.0
0.000450458698 -5.59628352e-05 0.0
0.000239522997 -5.68089235e-05 0.0
0.000238518856 -9.32782496e-05 0.0
0.000308474438 -3.69756235e-05 0.0
0.000115557879 -3.04957157e-05 0.0
0.000327151414 -0.000103779457 0.0
0.000275757717 -8.69552023e-05 0.0
0.00027288741 8.90935644e-06 0.0
0.00019219298 -5.51569719e-05 0.0
0.000190872815 -1.80947354e-05 0.0
0.000367602974 6.76738728e-06 0.0
0.00048473684 -6.75818301e-05 0.0
0.000484506367 -5.54030448e-05 0.0
0.000468354323 -5.14624626e-05 0.0
0.00039119483 -3.05263857e-05 0.0
0.000233821571 -7.62260242e-05 0.0
0.000181032228 -6.09646631e-05 0.0
0.000488016376 -7.04698541e-05 0.0
0.000506101467 -6.01592837e-05 0.0
0.000372149516 -3.17737795e-05 0.0
0.000207330042 -6.12109434e-05 0.0
0.000520934933 -6.46154949e-05 0.0
0.000601150154 -9.28920272e-05 0.0
0.000258574495 -4.13919697e-05 0.0
0.000308936054 -0.000111148889 0.0
0.000243009432 -1.23802402e-05 0.0
0.000451191008 -5.12815786e-05 0.0
3.79801422e-05 -1.39194253e-06 0.0
0.000168657309 -3.56325036e-05 0.0
0.00048651456 -5.55450279e-05 0.0
0.000298232742 -8.63514215e-05 0.0
0.000380217796 -2.00197496e-06 0.0
0.000108305983 -1.71690062e-05 0.0
0.000285849732 -9.0090849e-05 0.0
0.000430352258 -2.63003585e-05 0.0
8.85324844e-05 -8.02190516e-06 0.0
0.000262882328 -8.44484748e-05 0.0
0.000322654727 2.02324736e-05 0.0
0.000246631447 -7.99790214e-05 0.0
0.000273074809 -9.00795785e-05 0.0
0.000334758923 -7.36833608e-05 0.0
0.000310127158 -2.13802596e-05 0.0
0.000416698575 -4.95357781e-05 0.0
0.000211613675 4.0615023e-06 0.0
7.95270262e-06 1.20331867e-06 0.0
0.000393477821 -6.18862396e-05 0.0
0.000497071363 -4.82140349e-05 0.0
0.000387290114 1.67110591e-06 0.0
0.000292954792 -0.000104632687 0.0
0.000117367686 -1.63263867e-05 0.0
0.000239132874 3.61150728e-06 0.0
0.000180366696 -4.26621773e-05 0.0
0.000367274915 -2.75769071e-05 0.0
0.00020316591 -1.06157077e-05 0.0
0.000417127827 -6.01641441e-05 0.0
0.000210763799 -5.48056996e-05 0.0
0.000276490173 -9.26182038e-05 0.0
0.000319139159 -4.55564295e-05 0.0
0.000307397044 -9.95480295e-05 0.0
0.000252821308 -5.83697183e-05 0.0
0.000132959511 -2.0925092e-05 0.0
0.000253848673 -4.83069525e-05 0.0
0.000254987972 -9.45688589e-05 0.0
0.000224087664 -1.11444415e-05 0.0
0.000200887487 -6.11028954e-05 0.0
0.000293295627 -8.077042e-05 0.0
0.000226517732 -5.75259764e-05 0.0
2.03298714e-05 4.75659454e-06 0.0
0.00010184016 -2.27626369e-05 0.0
