7.44024219e-05 -4.825207e-05 0.0
7.09158558e-05 -6.04535926e-05 0.0
-2.51775382e-05 -5.52557467e-05 0.0
-2.51880356e-05 -5.2700645e-05 0.0
-2.10482467e-05 -5.33872662e-05 0.0
9.84823128e-05 -5.2700645e-05 0.0
9.8492812e-05 -5.52557467e-05 0.0
-1.14220411e-05 -7.98330075e-05 0.0
-1.53490073e-05 -8.49788121e-05 0.0
-9.12595169e-06 -8.0310303e-05 0.0
9.41434337e-06 -3.78501113e-06 0.0
1.33413087e-05 1.36078904e-06 0.0
1.9769037e-05 -8.03986695e-05 0.0
1.65343063e-05 -7.95130982e-05 0.0
1.7326025e-05 -7.78111498e-05 0.0
4.12976551e-05 1.68070278e-06 0.0
4.45323858e-05 7.95128415e-07 0.0
0.000108599103 -4.2002398e-06 0.0
0.000103062936 -1.46538105e-05 0.0
8.57444975e-05 -6.47955021e-05 0.0
8.52795201e-05 -6.77874777e-05 0.0
7.91517887e-05 -6.77016069e-05 0.0
-3.839083e-05 -6.77874777e-05 0.0
-3.79258563e-05 -6.47955021e-05 0.0
5.45946386e-06 -6.56120028e-05 0.0
1.00113459e-06 -6.69852161e-05 0.0
5.89176852e-05 -6.62136372e-05 0.0
5.17198059e-05 -7.37274968e-05 0.0
4.84704215e-05 -2.97730603e-05 0.0
4.15078648e-05 -2.75634211e-05 0.0
-2.16206649e-06 -1.41822647e-05 0.0
-4.05446372e-06 -1.26960058e-05 0.0
4.39179803e-06 -1.43925372e-05 0.0
0.000119615885 -1.26960058e-05 0.0
0.000121508281 -1.41822647e-05 0.0
1.1466351e-06 -3.47248024e-05 0.0
-5.75379636e-06 -3.55850607e-05 0.0
2.36927099e-05 -2.01745152e-05 0.0
1.51585054e-05 -1.461389e-05 0.0
4.31460612e-05 -3.41337436e-05 0.0
3.64899461e-05 -3.90568421e-05 0.0
8.98881117e-05 -4.79500231e-05 0.0
8.51271834e-05 -4.13042071e-05 0.0
2.60408306e-05 -4.31715525e-05 0.0
1.76768426e-05 -4.85070159e-05 0.0
7.39812167e-05 -2.9784358e-05 0.0
6.78186843e-05 -3.21562147e-05 0.0
-2.47633507e-05 -8.11938007e-05 0.0
0.0 0.0 0.0
0.000123670354 0.0 0.0
9.89070031e-05 -8.11938007e-05 0.0
7.24079655e-05 -4.90953025e-05 0.0
7.06473002e-05 -5.01587201e-05 0.0
6.91585519e-05 -5.14152671e-05 0.0
6.79443401e-05 -5.28099117e-05 0.0
6.70329609e-05 -5.45864605e-05 0.0
6.64392574e-05 -5.65573719e-05 0.0
6.6358858e-05 -5.82405592e-05 0.0
6.66848864e-05 -5.93636869e-05 0.0
6.73028626e-05 -6.00730928e-05 0.0
6.82739774e-05 -6.04588313e-05 0.0
6.94991541e-05 -6.06215108e-05 0.0
7.2424089e-05 -5.99230625e-05 0.0
7.38969611e-05 -5.91616445e-05 0.0
7.52983979e-05 -5.81720305e-05 0.0
7.66148441e-05 -5.70180273e-05 0.0
7.78852045e-05 -5.56349514e-05 0.0
7.90432532e-05 -5.40034598e-05 0.0
7.98685214e-05 -5.21531983e-05 0.0
8.04285883e-05 -5.01556242e-05 0.0
8.06127064e-05 -4.84823613e-05 0.0
7.91776547e-05 -4.78463771e-05 0.0
7.66988596e-05 -4.78396178e-05 0.0
-2.41467169e-05 -5.25333271e-05 0.0
-2.32083075e-05 -5.19413225e-05 0.0
-2.26439024e-05 -5.15008869e-05 0.0
-2.22459985e-05 -5.15246174e-05 0.0
-2.20019101e-05 -5.19903406e-05 0.0
-2.16993212e-05 -5.25034775e-05 0.0
-2.13960848e-05 -5.30339348e-05 0.0
-2.08014117e-05 -5.36832085e-05 0.0
-2.09750542e-05 -5.39008397e-05 0.0
-2.15731143e-05 -5.41472255e-05 0.0
-2.23761035e-05 -5.43514507e-05 0.0
-2.31415415e-05 -5.44927389e-05 0.0
-2.39278306e-05 -5.45667681e-05 0.0
-2.45989013e-05 -5.48625649e-05 0.0
9.84336293e-05 -5.54191683e-05 0.0
9.87220919e-05 -5.51164267e-05 0.0
9.88987013e-05 -5.43835231e-05 0.0
9.88706888e-05 -5.36780899e-05 0.0
9.85934894e-05 -5.29326644e-05 0.0
9.8084216e-05 -5.23774361e-05 0.0
9.71171175e-05 -5.2181309e-05 0.0
9.75848234e-05 -5.24838215e-05 0.0
-1.50328779e-05 -8.46913972e-05 0.0
-1.47535129e-05 -8.43777088e-05 0.0
-1.43256084e-05 -8.39602508e-05 0.0
-1.34868669e-05 -8.34241509e-05 0.0
-1.23058453e-05 -8.27858821e-05 0.0
-1.10598048e-05 -8.20698551e-05 0.0
-9.92230889e-06 -8.12775033e-05 0.0
-8.5916372e-06 -7.9200654e-05 0.0
-8.42120517e-06 -7.83527285e-05 0.0
-8.40906523e-06 -7.80307164e-05 0.0
-8.48232503e-06 -7.8080353e-05 0.0
-8.49868775e-06 -7.83824289e-05 0.0
-8.97222981e-06 -7.87778845e-05 0.0
-1.00021189e-05 -7.92231949e-05 0.0
1.19405313e-05 6.16476541e-07 0.0
1.07886199e-05 -1.95133353e-07 0.0
9.89536329e-06 -9.87104954e-07 0.0
9.20814455e-06 -1.74572824e-06 0.0
8.73383669e-06 -2.81466782e-06 0.0
8.47033516e-06 -3.82424878e-06 0.0
8.5326692e-06 -4.26353699e-06 0.0
8.81418964e-06 -4.25982762e-06 0.0
9.09802839e-06 -4.03345302e-06 0.0
1.59202827e-05 -7.89246478e-05 0.0
1.54445534e-05 -7.83097857e-05 0.0
1.53412748e-05 -7.77211972e-05 0.0
1.56413626e-05 -7.70977276e-05 0.0
1.57534287e-05 -7.66985177e-05 0.0
1.57874292e-05 -7.64317083e-05 0.0
1.60128766e-05 -7.65912991e-05 0.0
1.65341753e-05 -7.71914492e-05 0.0
1.82646327e-05 -7.82914067e-05 0.0
1.92586213e-05 -7.86465098e-05 0.0
2.02879473e-05 -7.89304104e-05 0.0
2.1260892e-05 -7.91683633e-05 0.0
2.18632995e-05 -7.94334192e-05 0.0
2.18468595e-05 -7.96631066e-05 0.0
2.1252119e-05 -7.99772024e-05 0.0
2.04738299e-05 -8.01429996e-05 0.0
4.3891112e-05 6.06649508e-07 0.0
4.33258137e-05 5.32234594e-07 0.0
4.28198255e-05 6.36096729e-07 0.0
4.23609308e-05 8.27239717e-07 0.0
4.19079988e-05 1.16575302e-06 0.0
0.000108028682 -4.33633977e-06 0.0
0.000106395353 -4.65246058e-06 0.0
0.000104055078 -5.48957541e-06 0.0
0.000101649341 -6.70253394e-06 0.0
9.96290182e-05 -8.34437924e-06 0.0
9.82263518e-05 -1.02829226e-05 0.0
9.70797846e-05 -1.27022968e-05 0.0
9.71828922e-05 -1.44017467e-05 0.0
9.83570499e-05 -1.53561323e-05 0.0
9.98746036e-05 -1.55382677e-05 0.0
0.000101485632 -1.5269301e-05 0.0
0.000104710285 -1.38032365e-05 0.0
0.000106223662 -1.2655898e-05 0.0
0.00010752731 -1.12881553e-05 0.0
0.000108570886 -9.71127429e-06 0.0
0.000109375345 -7.91072034e-06 0.0
0.000109824934 -6.16146599e-06 0.0
0.000109967594 -4.94882943e-06 0.0
0.000109983877 -4.32554634e-06 0.0
0.000109671681 -4.10314351e-06 0.0
0.000109238303 -4.06930531e-06 0.0
0.000108764623 -4.0964369e-06 0.0
8.45663599e-05 -6.83107573e-05 0.0
8.38620399e-05 -6.89450535e-05 0.0
8.32987935e-05 -6.961279e-05 0.0
8.27284166e-05 -7.01193421e-05 0.0
8.20394416e-05 -7.00651144e-05 0.0
8.1327431e-05 -6.96210118e-05 0.0
8.04568408e-05 -6.89853987e-05 0.0
7.95172746e-05 -6.84014158e-05 0.0
7.88415564e-05 -6.79537989e-05 0.0
8.02603099e-05 -6.74316907e-05 0.0
8.14544401e-05 -6.71523376e-05 0.0
8.24150557e-05 -6.67547065e-05 0.0
8.32455189e-05 -6.64205581e-05 0.0
8.39677159e-05 -6.60985315e-05 0.0
8.47608972e-05 -6.57899363e-05 0.0
8.5401407e-05 -6.54151445e-05 0.0
8.59653155e-05 -6.48206915e-05 0.0
8.60323635e-05 -6.46025219e-05 0.0
-3.81105383e-05 -6.53127645e-05 0.0
-3.81056598e-05 -6.58934878e-05 0.0
-3.79775483e-05 -6.64121108e-05 0.0
-3.78488621e-05 -6.69450746e-05 0.0
-3.79454686e-05 -6.73681425e-05 0.0
5.28572218e-06 -6.62290986e-05 0.0
5.15189322e-06 -6.68627399e-05 0.0
5.09438996e-06 -6.73056347e-05 0.0
4.90183493e-06 -6.74246839e-05 0.0
4.3820196e-06 -6.72882234e-05 0.0
3.52471193e-06 -6.71436355e-05 0.0
2.66221559e-06 -6.76243217e-05 0.0
2.15542991e-06 -6.8264555e-05 0.0
1.88980277e-06 -6.85578052e-05 0.0
1.80827442e-06 -6.83739054e-05 0.0
1.65210838e-06 -6.79504519e-05 0.0
1.33646699e-06 -6.73609175e-05 0.0
7.92176991e-07 -6.66248307e-05 0.0
1.0177348e-06 -6.63009196e-05 0.0
1.74507238e-06 -6.59422003e-05 0.0
2.71024669e-06 -6.54994437e-05 0.0
3.62760125e-06 -6.49313442e-05 0.0
4.45541946e-06 -6.4157226e-05 0.0
4.92795789e-06 -6.34314565e-05 0.0
5.18740717e-06 -6.31858493e-05 0.0
5.37179722e-06 -6.34634998e-05 0.0
5.45055218e-06 -6.39842983e-05 0.0
5.54389362e-06 -6.45145847e-05 0.0
5.53572409e-06 -6.50509101e-05 0.0
5.7142639e-05 -6.66715714e-05 0.0
5.52333513e-05 -6.73586983e-05 0.0
5.36755251e-05 -6.83033795e-05 0.0
5.2530042e-05 -6.93531038e-05 0.0
5.1596402e-05 -7.04706035e-05 0.0
5.0964296e-05 -7.15508941e-05 0.0
5.05290627e-05 -7.24944912e-05 0.0
5.02915791e-05 -7.32419721e-05 0.0
5.02507392e-05 -7.3721545e-05 0.0
5.06139877e-05 -7.38520685e-05 0.0
5.34557621e-05 -7.32305125e-05 0.0
5.53133723e-05 -7.25241916e-05 0.0
5.69972399e-05 -7.14500275e-05 0.0
5.83461879e-05 -7.00762394e-05 0.0
5.93527548e-05 -6.84415354e-05 0.0
5.97710641e-05 -6.6952518e-05 0.0
5.99143023e-05 -6.6063265e-05 0.0
6.00563035e-05 -6.57280398e-05 0.0
6.00695566e-05 -6.57667042e-05 0.0
5.99126943e-05 -6.5907836e-05 0.0
4.90213533e-05 -2.97415354e-05 0.0
4.88762525e-05 -2.9920775e-05 0.0
4.81105235e-05 -3.00646643e-05 0.0
4.70409614e-05 -3.05587673e-05 0.0
4.62806383e-05 -3.12702541e-05 0.0
4.60623123e-05 -3.15891266e-05 0.0
4.58462273e-05 -3.10309842e-05 0.0
4.55613299e-05 -3.01536784e-05 0.0
4.49980907e-05 -2.92769219e-05 0.0
4.41827215e-05 -2.85467177e-05 0.0
4.2965039e-05 -2.79127962e-05 0.0
4.05542778e-05 -2.74764243e-05 0.0
4.06488434e-05 -2.73659698e-05 0.0
4.1421059e-05 -2.73154401e-05 0.0
4.22795383e-05 -2.72360885e-05 0.0
4.30683431e-05 -2.73205169e-05 0.0
4.37711424e-05 -2.75588045e-05 0.0
4.44584839e-05 -2.78508487e-05 0.0
4.51032793e-05 -2.82516394e-05 0.0
4.58199211e-05 -2.8722543e-05 0.0
4.66032616e-05 -2.91671495e-05 0.0
4.74541448e-05 -2.94955244e-05 0.0
-2.95973246e-06 -1.25958668e-05 0.0
-1.96909332e-06 -1.24683665e-05 0.0
-1.16630667e-06 -1.22224101e-05 0.0
-5.67945506e-07 -1.1863016e-05 0.0
-6.83712571e-08 -1.1693387e-05 0.0
2.9778505e-07 -1.19987617e-05 0.0
9.24740789e-07 -1.27017183e-05 0.0
1.95648818e-06 -1.35913015e-05 0.0
3.38297286e-06 -1.41765349e-05 0.0
4.03113427e-06 -1.46232769e-05 0.0
2.8061736e-06 -1.50406377e-05 0.0
1.67560052e-06 -1.56661645e-05 0.0
8.71744248e-07 -1.63250133e-05 0.0
2.13541682e-07 -1.68558108e-05 0.0
-1.90974177e-07 -1.6901342e-05 0.0
-6.21500988e-07 -1.64339544e-05 0.0
-1.05895367e-06 -1.5651045e-05 0.0
-1.57952115e-06 -1.4902952e-05 0.0
0.000120774304 -1.34828078e-05 0.0
0.000119730918 -1.30121343e-05 0.0
0.000118785647 -1.27023295e-05 0.0
0.000118654039 -1.27140838e-05 0.0
1.72256227e-06 -3.5046156e-05 0.0
1.16643355e-06 -3.5143461e-05 0.0
-2.05533482e-07 -3.51986455e-05 0.0
-1.72425064e-06 -3.54810218e-05 0.0
-2.98526606e-06 -3.5949739e-05 0.0
-4.00153613e-06 -3.65224041e-05 0.0
-4.75288016e-06 -3.70846792e-05 0.0
-5.33344246e-06 -3.71547758e-05 0.0
-5.94522953e-06 -3.68141664e-05 0.0
-6.364402e-06 -3.6444766e-05 0.0
-6.33445643e-06 -3.59675541e-05 0.0
-4.8686984e-06 -3.51399358e-05 0.0
-3.9932238e-06 -3.44788823e-05 0.0
-3.12317252e-06 -3.36886078e-05 0.0
-2.37095696e-06 -3.28073838e-05 0.0
-1.82274471e-06 -3.20613399e-05 0.0
-1.40184693e-06 -3.18070815e-05 0.0
-1.14324644e-06 -3.2090491e-05 0.0
-9.86599503e-07 -3.25808396e-05 0.0
-7.46033322e-07 -3.30857656e-05 0.0
-4.07713969e-07 -3.36310477e-05 0.0
2.17229257e-07 -3.42052117e-05 0.0
2.50068842e-05 -2.03378404e-05 0.0
2.51278816e-05 -2.03220588e-05 0.0
2.45921947e-05 -2.02515421e-05 0.0
2.40340032e-05 -2.00997165e-05 0.0
2.34836589e-05 -1.97813424e-05 0.0
2.28424487e-05 -1.91803501e-05 0.0
2.21447917e-05 -1.83026805e-05 0.0
2.1263666e-05 -1.73697517e-05 0.0
2.01920266e-05 -1.64212634e-05 0.0
1.8631983e-05 -1.55608323e-05 0.0
1.6623766e-05 -1.49014868e-05 0.0
1.51924496e-05 -1.45746326e-05 0.0
1.60089476e-05 -1.43563111e-05 0.0
1.66189839e-05 -1.42076087e-05 0.0
1.70437852e-05 -1.44150035e-05 0.0
1.73488934e-05 -1.49014049e-05 0.0
1.76168869e-05 -1.55743037e-05 0.0
1.80694788e-05 -1.62678461e-05 0.0
1.86338857e-05 -1.70447838e-05 0.0
1.94464628e-05 -1.79125291e-05 0.0
2.04950411e-05 -1.88668164e-05 0.0
2.19465037e-05 -1.96783094e-05 0.0
4.22293815e-05 -3.45336157e-05 0.0
4.14361493e-05 -3.50233859e-05 0.0
4.06561412e-05 -3.5612753e-05 0.0
3.98632983e-05 -3.6125879e-05 0.0
3.90190762e-05 -3.6622514e-05 0.0
3.81951868e-05 -3.7146463e-05 0.0
3.73730145e-05 -3.7621754e-05 0.0
3.65294218e-05 -3.80511119e-05 0.0
3.57586105e-05 -3.83523002e-05 0.0
3.51391791e-05 -3.87440632e-05 0.0
3.89074085e-05 -3.86685788e-05 0.0
4.10117027e-05 -3.77133256e-05 0.0
4.26026199e-05 -3.64766893e-05 0.0
4.36740229e-05 -3.50349037e-05 0.0
4.43136487e-05 -3.38074497e-05 0.0
4.44016659e-05 -3.35275181e-05 0.0
4.46056838e-05 -3.38298632e-05 0.0
4.49842046e-05 -3.403136e-05 0.0
4.48100036e-05 -3.39833095e-05 0.0
4.41061457e-05 -3.39939324e-05 0.0
9.05855995e-05 -4.81609459e-05 0.0
9.15518831e-05 -4.80893177e-05 0.0
9.21444735e-05 -4.76309906e-05 0.0
9.13985641e-05 -4.68081416e-05 0.0
9.05285269e-05 -4.58455797e-05 0.0
8.93454126e-05 -4.51034102e-05 0.0
8.79687141e-05 -4.42194687e-05 0.0
8.64018002e-05 -4.37275776e-05 0.0
8.50688957e-05 -4.38911447e-05 0.0
8.55612379e-05 -4.35713264e-05 0.0
8.56548941e-05 -4.25281432e-05 0.0
8.42705776e-05 -4.01785073e-05 0.0
8.32192818e-05 -3.93014961e-05 0.0
8.20964196e-05 -3.86986685e-05 0.0
8.08778495e-05 -3.85175044e-05 0.0
8.1247832e-05 -4.02323749e-05 0.0
8.22619331e-05 -4.21449695e-05 0.0
8.35974788e-05 -4.37204981e-05 0.0
8.51897203e-05 -4.49594409e-05 0.0
8.68960778e-05 -4.59616131e-05 0.0
8.83547618e-05 -4.68167491e-05 0.0
8.93860706e-05 -4.7522848e-05 0.0
2.37536588e-05 -4.35339571e-05 0.0
2.18765272e-05 -4.4309887e-05 0.0
2.0324178e-05 -4.53856956e-05 0.0
1.91177605e-05 -4.67242317e-05 0.0
1.828717e-05 -4.82367104e-05 0.0
1.77460588e-05 -4.96555513e-05 0.0
1.75481764e-05 -5.0582832e-05 0.0
1.76794692e-05 -5.06862416e-05 0.0
1.78226401e-05 -5.02864859e-05 0.0
1.79809758e-05 -4.97040091e-05 0.0
1.80145216e-05 -4.91097489e-05 0.0
1.76206049e-05 -4.80236849e-05 0.0
1.85354274e-05 -4.75949637e-05 0.0
2.01845614e-05 -4.70432315e-05 0.0
2.1701795e-05 -4.62820972e-05 0.0
2.29574744e-05 -4.55223453e-05 0.0
2.40136706e-05 -4.48346073e-05 0.0
2.47076914e-05 -4.43754761e-05 0.0
2.53416329e-05 -4.40622134e-05 0.0
2.60968918e-05 -4.38032293e-05 0.0
2.68011681e-05 -4.36706687e-05 0.0
2.73858168e-05 -4.33768146e-05 0.0
7.35598296e-05 -3.0945801e-05 0.0
7.33172055e-05 -3.22423912e-05 0.0
7.34271016e-05 -3.33681819e-05 0.0
7.42685515e-05 -3.44763102e-05 0.0
7.40800533e-05 -3.37660531e-05 0.0
7.29305975e-05 -3.27460439e-05 0.0
7.17686926e-05 -3.22226952e-05 0.0
7.04734266e-05 -3.18818238e-05 0.0
6.93508846e-05 -3.16602927e-05 0.0
6.84437837e-05 -3.15378711e-05 0.0
6.80184894e-05 -3.16069018e-05 0.0
6.7949557e-05 -3.18536586e-05 0.0
6.79257282e-05 -3.22954802e-05 0.0
6.87981446e-05 -3.21582665e-05 0.0
7.01624376e-05 -3.17991471e-05 0.0
7.17320872e-05 -3.12830998e-05 0.0
7.33218403e-05 -3.06694601e-05 0.0
7.4586198e-05 -2.98798695e-05 0.0
7.56590234e-05 -2.88537012e-05 0.0
7.64230062e-05 -2.77224772e-05 0.0
7.62477939e-05 -2.70644214e-05 0.0
7.55974179e-05 -2.71923036e-05 0.0
7.49249375e-05 -2.79402648e-05 0.0
7.44332065e-05 -2.88130414e-05 0.0
-2.5532001e-05 -7.85294105e-05 0.0
-3.00945831e-05 -7.43728378e-05 0.0
-3.0410627e-05 -5.09092133e-05 0.0
-2.87326566e-05 -4.83647746e-05 0.0
-2.13934291e-05 -4.27403866e-05 0.0
-1.38670066e-05 -3.7435344e-05 0.0
-1.04550063e-05 -3.42310959e-05 0.0
-1.08513314e-05 -3.15638717e-05 0.0
-1.41379369e-05 -2.82534293e-05 0.0
-1.67005473e-05 -2.50397607e-05 0.0
-1.51672184e-05 -2.21201881e-05 0.0
-9.51230959e-06 -1.88550694e-05 0.0
-9.85477709e-06 -7.48920183e-06 0.0
-9.40123937e-06 -5.57696148e-06 0.0
-6.4170531e-06 -3.80595861e-06 0.0
-2.47640219e-06 -2.00739123e-06 0.0
4.60208503e-06 -3.3608394e-06 0.0
2.25217846e-05 -5.97329472e-06 0.0
3.13346136e-05 -5.03120373e-06 0.0
5.1564326e-05 -5.01699651e-06 0.0
5.73362704e-05 -6.23782989e-06 0.0
6.33245581e-05 -1.82014298e-06 0.0
6.91600653e-05 3.65554661e-06 0.0
7.41335971e-05 7.71085524e-06 0.0
7.76224551e-05 9.09469782e-06 0.0
8.16825341e-05 8.42016379e-06 0.0
8.67911731e-05 5.36707648e-06 0.0
9.18210135e-05 1.13041642e-06 0.0
9.63537314e-05 -2.26350971e-06 0.0
0.000100579673 -3.47154878e-06 0.0
0.000104986997 -2.9679768e-06 0.0
0.00010866236 -7.20722426e-07 0.0
0.000112228983 1.7849186e-06 0.0
0.000115637107 3.68516953e-06 0.0
0.000119237084 3.11867234e-06 0.0
0.000121193945 -2.00739123e-06 0.0
0.000117253294 -3.80595861e-06 0.0
0.000114269111 -5.57696148e-06 0.0
0.000113815571 -7.48920183e-06 0.0
0.000114158043 -1.88550694e-05 0.0
0.000108503133 -2.21201881e-05 0.0
0.000106969805 -2.50397607e-05 0.0
0.000109532411 -2.82534293e-05 0.0
0.00011281902 -3.15638717e-05 0.0
0.000113215341 -3.42310959e-05 0.0
0.000109803346 -3.7435344e-05 0.0
0.000102276921 -4.27403866e-05 0.0
9.49376918e-05 -4.83647746e-05 0.0
9.3259725e-05 -5.09092133e-05 0.0
9.35757635e-05 -7.43728378e-05 0.0
9.81383491e-05 -7.85294105e-05 0.0
9.4473733e-05 -7.80751288e-05 0.0
9.08737638e-05 -7.75086301e-05 0.0
8.74656325e-05 -7.94088846e-05 0.0
8.3899009e-05 -8.19145207e-05 0.0
8.02236464e-05 -8.41617803e-05 0.0
7.58163224e-05 -8.46653493e-05 0.0
7.15903807e-05 -8.34573075e-05 0.0
6.70576628e-05 -8.00633861e-05 0.0
6.20278224e-05 -7.5826727e-05 0.0
5.69191834e-05 -7.27736333e-05 0.0
5.28591045e-05 -7.20991011e-05 0.0
4.93702464e-05 -7.34829446e-05 0.0
4.43967183e-05 -7.75382505e-05 0.0
3.85612111e-05 -8.30139397e-05 0.0
3.25729197e-05 -8.7431632e-05 0.0
2.68009753e-05 -8.62107991e-05 0.0
6.57126157e-06 -8.62250017e-05 0.0
-2.24156474e-06 -8.71670927e-05 0.0
-2.01612656e-05 -8.45546383e-05 0.0
3.88541885e-05 -5.64431684e-05 0.0
7.43585115e-05 -1.05237314e-05 0.0
4.20800134e-05 -6.50785951e-05 0.0
6.07639486e-05 -1.29021964e-05 0.0
2.69665579e-05 -5.09035199e-05 0.0
4.98959998e-05 -4.73972977e-05 0.0
2.56559415e-05 -6.70971058e-05 0.0
4.62718126e-05 -1.38360119e-05 0.0
9.4426483e-05 -5.01403592e-05 0.0
6.89999288e-05 -2.0368172e-05 0.0
6.42422165e-05 -4.38309871e-05 0.0
-2.57932015e-06 -5.06681245e-05 0.0
9.97316747e-05 -1.9162253e-05 0.0
3.51988856e-05 -3.38727477e-05 0.0
9.26520079e-05 -3.04002951e-05 0.0
8.78456412e-05 -1.67203791e-06 0.0
5.19249988e-05 -6.08704904e-05 0.0
3.5174231e-05 -8.84740621e-06 0.0
1.14597951e-05 -2.92477125e-05 0.0
-2.60935794e-05 -6.47749694e-05 0.0
4.50833504e-05 -3.28841597e-05 0.0
3.55569937e-05 -4.48386418e-05 0.0
2.56675085e-05 -5.82730936e-05 0.0
8.58451749e-05 -1.53135152e-05 0.0
8.32481819e-05 -5.49468023e-05 0.0
6.23832238e-05 -1.68854422e-05 0.0
7.06619248e-05 -3.10672658e-06 0.0
5.22815753e-05 -6.56635384e-05 0.0
-1.20574696e-05 -7.05348575e-05 0.0
5.48055468e-05 -1.06947218e-05 0.0
2.01505736e-05 -3.01904383e-05 0.0
9.90247554e-06 -2.55227169e-05 0.0
3.97924232e-05 -6.76169948e-05 0.0
5.17902808e-05 -1.96966485e-05 0.0
5.73587931e-05 -4.58886934e-05 0.0
3.73263829e-05 -3.45678855e-05 0.0
9.59833233e-06 -2.5639556e-05 0.0
3.11641961e-05 -7.04712947e-05 0.0
5.8506379e-05 -5.57988315e-05 0.0
2.06659624e-05 -5.19856694e-05 0.0
5.91505595e-05 -4.73704094e-05 0.0
2.80302283e-05 -4.75644811e-05 0.0
3.74547635e-05 -6.27691043e-05 0.0
2.59089575e-05 -1.08910162e-05 0.0
3.59039223e-05 -5.05354146e-05 0.0
8.19774796e-05 -2.38405191e-05 0.0
3.17937738e-05 -7.0166293e-06 0.0
9.87932217e-05 -3.44470936e-05 0.0
3.86294741e-05 -1.71408064e-05 0.0
-6.20975834e-06 -4.30247273e-05 0.0
1.60004402e-05 -7.26498256e-05 0.0
-1.03958764e-05 -5.47732998e-05 0.0
7.9242207e-05 1.7711701e-06 0.0
5.60343469e-05 -3.78357545e-05 0.0
6.00814383e-05 -2.38936755e-05 0.0
-9.26988548e-07 -8.11634436e-06 0.0
4.50490879e-05 -3.25133115e-05 0.0
7.21935385e-06 -4.68259605e-05 0.0
9.44632629e-05 -2.04181538e-06 0.0
9.92039204e-05 -2.39834917e-05 0.0
5.62909445e-05 -1.95982793e-05 0.0
6.29726637e-05 -6.45660293e-06 0.0
2.90524185e-05 -3.66756103e-05 0.0
3.62653736e-05 -3.01843193e-05 0.0
8.68014104e-05 -2.59711178e-05 0.0
6.74038019e-05 -1.0550656e-05 0.0
3.13825949e-05 -1.72599703e-05 0.0
1.93233191e-05 -1.11415193e-05 0.0
6.70123482e-05 -7.81337658e-05 0.0
8.65110196e-05 -3.79926823e-05 0.0
2.86474042e-05 -8.82277163e-06 0.0
1.82520253e-05 -5.59126129e-05 0.0
0.000109294822 -1.45814593e-05 0.0
9.43440682e-05 -9.67042979e-06 0.0
3.7348459e-06 -5.77834253e-05 0.0
9.14360062e-05 -1.56247424e-05 0.0
5.91895223e-05 -2.03814416e-05 0.0
4.73946566e-05 -6.65709449e-05 0.0
-7.48054481e-06 -6.64821346e-05 0.0
1.58720577e-05 -6.52122253e-05 0.0
7.59327595e-05 -4.80813505e-05 0.0
4.73043146e-05 -5.32618687e-05 0.0
-1.02697122e-05 -2.35145872e-05 0.0
7.39095703e-05 -3.77116849e-05 0.0
4.24085374e-05 -6.08964501e-06 0.0
7.21441029e-05 -5.7076657e-05 0.0
4.24548089e-05 -4.13368616e-05 0.0
-2.78722655e-05 -6.95634008e-05 0.0
9.15611963e-05 -5.85572525e-05 0.0
7.83467258e-05 -5.87749346e-05 0.0
5.02509829e-05 -8.33383274e-06 0.0
5.82216635e-05 -4.61876043e-05 0.0
9.19926515e-06 -4.9104251e-06 0.0
6.04084598e-05 -5.09168131e-05 0.0
8.8396846e-06 -3.45038061e-05 0.0
5.56414197e-05 -4.57844217e-05 0.0
3.12025768e-05 -4.25475228e-05 0.0
3.01063283e-05 -6.0474682e-05 0.0
7.08365042e-05 -1.45022195e-05 0.0
5.84318768e-05 -6.33097297e-05 0.0
3.0313553e-05 -2.8753002e-05 0.0
4.59333023e-05 -2.16297922e-05 0.0
9.38757657e-05 -4.89388658e-05 0.0
3.44266809e-05 -3.69875925e-05 0.0
-2.95671362e-05 -5.9860904e-05 0.0
9.16452336e-05 -5.10374048e-05 0.0
3.99412602e-05 -3.25934197e-05 0.0
6.85799096e-05 -2.59594108e-05 0.0
5.63855974e-05 -6.64097533e-05 0.0
0.000114468108 -9.54833013e-06 0.0
8.45589602e-05 -7.52636788e-06 0.0
4.14015722e-06 -6.91326786e-05 0.0
-7.10273935e-06 -7.58142778e-05 0.0
-1.6256965e-05 -7.45640064e-05 0.0
-1.85971385e-05 -6.27689369e-05 0.0
3.33660573e-05 -8.48477212e-05 0.0
1.66816699e-05 -2.53391536e-05 0.0
4.80544622e-05 -6.38532583e-05 0.0
9.42902407e-05 -5.05658754e-05 0.0
8.09171979e-05 -4.96753382e-05 0.0
-1.06334955e-05 -4.80245944e-05 0.0
6.35473498e-06 -2.57042975e-05 0.0
3.55265438e-05 -3.62985666e-05 0.0
3.29334071e-05 -5.42439739e-05 0.0
0.000107244268 -1.86594025e-05 0.0
5.32064514e-05 -4.17283627e-05 0.0
5.82007233e-05 -3.24651628e-05 0.0
3.18946404e-05 -7.17505682e-05 0.0
3.90028108e-05 -6.93956754e-05 0.0
9.45214415e-05 -5.02381117e-05 0.0
4.52889035e-05 -3.26717454e-05 0.0
4.38428906e-05 -5.93839031e-05 0.0
2.4325318e-05 -4.87904799e-05 0.0
0.000101909849 -2.76049777e-05 0.0
1.64896719e-05 -3.57471399e-05 0.0
3.99426463e-05 -4.73871733e-05 0.0
6.05902896e-05 -6.06287067e-05 0.0
6.13918473e-06 -2.89015861e-05 0.0
8.22123839e-05 -3.15161888e-05 0.0
2.36105807e-05 -7.38088638e-05 0.0
8.76337435e-05 2.60086904e-06 0.0
9.13631811e-05 -1.85864974e-05 0.0
7.08309162e-05 -5.19138594e-05 0.0
1.45662061e-05 -2.30064088e-05 0.0
7.61755291e-05 -3.82861617e-06 0.0
2.77406343e-05 -1.15768325e-05 0.0
1.04232568e-05 -2.20571619e-05 0.0
8.57570267e-05 -2.50606317e-05 0.0
9.77715899e-05 -6.74737657e-06 0.0
5.51277408e-05 -1.50966425e-05 0.0
0.00011241356 -7.50646177e-06 0.0
5.92820579e-05 -7.44440831e-06 0.0
7.56412701e-05 -1.71750216e-05 0.0
0.000104280174 -3.44682012e-05 0.0
3.87903965e-05 -3.74101569e-06 0.0
5.33559978e-05 -3.60623053e-05 0.0
6.26023439e-06 -2.79312062e-05 0.0
-3.90380546e-06 -5.79248408e-05 0.0
1.63902605e-05 -1.07138376e-05 0.0
1.25287397e-05 -2.34121908e-05 0.0
3.75379159e-06 -8.39813802e-05 0.0
1.70332587e-05 -5.32513477e-05 0.0
7.84262375e-06 -5.28596211e-05 0.0
3.11144504e-05 -4.8079215e-05 0.0
0.000115313014 -1.45431852e-06 0.0
3.65912747e-05 -4.04628554e-05 0.0
7.1199589e-05 -8.03747316e-05 0.0
-1.03090215e-05 -4.22458143e-05 0.0
5.10820173e-05 -7.19474629e-05 0.0
7.48741004e-05 -5.84713816e-05 0.0
2.50360408e-05 -2.48064225e-05 0.0
-9.45983902e-06 -1.98560647e-05 0.0
7.5919037e-05 -5.86004498e-05 0.0
-2.93773137e-05 -7.11477405e-05 0.0
1.27925759e-05 -6.13104567e-05 0.0
5.49713041e-05 -2.20994662e-05 0.0
5.11464714e-05 -5.69939548e-05 0.0
0.000102008809 -1.15069643e-05 0.0
3.27554699e-05 -6.65754633e-05 0.0
2.34399231e-05 -1.0115421e-05 0.0
-1.12450598e-05 -5.65397677e-05 0.0
-2.51398596e-05 -7.68325335e-05 0.0
4.690079e-05 -4.05428909e-05 0.0
1.29464343e-06 -5.04992749e-06 0.0
1.38852638e-05 -7.53471832e-05 0.0
1.15801831e-05 -6.3788998e-06 0.0
-2.08515266e-05 -8.15828025e-05 0.0
8.39739587e-05 -6.17845944e-05 0.0
6.17055994e-05 -7.51100379e-05 0.0
-8.03284547e-06 -6.3701511e-05 0.0
7.35901413e-05 2.57910028e-06 0.0
1.13980786e-05 -7.29312233e-05 0.0
8.56295883e-05 -2.2250777e-05 0.0
-2.04799035e-05 -4.84592565e-05 0.0
9.09939845e-05 -3.99115779e-05 0.0
5.31409205e-05 -6.80074954e-05 0.0
7.68650207e-05 -5.36188745e-05 0.0
6.49514768e-05 -3.68917754e-05 0.0
-3.17838021e-05 -6.40026628e-05 0.0
8.34269144e-07 -4.04040256e-05 0.0
2.48956148e-05 -5.40503243e-05 0.0
6.15543104e-05 -1.50894602e-05 0.0
9.74163922e-05 -3.27811608e-06 0.0
4.72917782e-05 -3.2161337e-05 0.0
6.57057535e-05 -8.17256023e-06 0.0
3.77395263e-05 -6.76155978e-05 0.0
-1.44409287e-05 -6.30632712e-05 0.0
4.04590028e-05 -3.35080949e-05 0.0
5.97583357e-06 -5.96728642e-05 0.0
5.23807648e-05 -7.34250261e-06 0.0
3.48639478e-05 -8.12561557e-05 0.0
6.83889448e-05 -4.04530567e-07 0.0
2.7907312e-05 -4.44525394e-05 0.0
5.80936867e-05 -2.56411622e-05 0.0
-2.07619651e-05 -7.37629889e-05 0.0
7.89703045e-05 -4.19089411e-05 0.0
4.35240836e-05 -6.27344998e-05 0.0
5.06326214e-05 -1.26983796e-05 0.0
5.91880635e-05 -1.08293043e-05 0.0
6.83161707e-05 -1.29207501e-05 0.0
4.07082443e-05 -1.19091501e-05 0.0
-6.35417427e-06 -2.50505582e-05 0.0
1.41176406e-05 -5.69588701e-05 0.0
-2.33792725e-05 -5.86452625e-05 0.0
6.92443718e-05 -7.53492059e-05 0.0
5.56764062e-05 -2.31869453e-05 0.0
7.55352376e-05 -2.11174083e-05 0.0
-5.03643696e-06 -7.8176754e-06 0.0
3.00039687e-06 -2.49733239e-05 0.0
9.18240476e-05 -7.37255323e-05 0.0
-4.52716768e-06 -7.1452916e-05 0.0
6.07987567e-05 -6.4066262e-05 0.0
6.56487173e-05 -5.28734199e-05 0.0
0.000114569411 -1.37768511e-05 0.0
5.77970932e-05 -3.22399283e-05 0.0
1.08961103e-05 -6.82645914e-05 0.0
5.67181742e-05 -1.7263088e-05 0.0
3.78482036e-05 -7.26726867e-05 0.0
2.3486693e-05 -3.91744034e-05 0.0
2.26671818e-06 -8.83840858e-06 0.0
2.7485019e-05 -4.60484844e-05 0.0
4.49955187e-05 -3.26301524e-05 0.0
9.60599864e-05 -1.4238919e-05 0.0
-2.64362807e-05 -7.48111634e-05 0.0
3.33036842e-05 -4.90823732e-06 0.0
4.27872328e-05 -3.33198659e-05 0.0
4.24025984e-06 -7.34329005e-05 0.0
8.33164086e-05 -2.84739917e-06 0.0
4.65172598e-05 -6.52683302e-05 0.0
1.81557753e-05 -6.55358099e-06 0.0
6.70470545e-05 -5.89030096e-05 0.0
4.82517498e-05 -2.44144721e-05 0.0
8.02572613e-05 -1.15784997e-05 0.0
8.59112988e-05 -1.76328995e-05 0.0
8.71987322e-06 -7.02006728e-05 0.0
3.04344285e-05 -4.03038284e-05 0.0
4.66603669e-05 -6.73608811e-05 0.0
6.78724318e-05 -5.23335475e-05 0.0
1.32081695e-05 -6.02581122e-06 0.0
1.02802187e-05 -4.53270586e-05 0.0
5.33026541e-05 -7.12300607e-05 0.0
9.08149013e-06 -1.37033376e-05 0.0
8.15014064e-05 5.42615226e-06 0.0
9.32242328e-05 -6.0050359e-05 0.0
8.14316809e-05 -4.8424572e-05 0.0
7.71796622e-05 -3.46319539e-05 0.0
3.19292631e-05 -7.19787495e-05 0.0
3.30596777e-05 -1.34833435e-05 0.0
6.90043498e-06 -2.19857575e-05 0.0
3.51660601e-05 -2.70307683e-05 0.0
-1.1663783e-05 -7.62882628e-05 0.0
3.61842722e-05 -7.7051569e-05 0.0
0.000105837207 -2.14896991e-05 0.0
4.11371147e-05 -5.2290281e-05 0.0
-1.12855578e-05 -2.66462412e-05 0.0
4.92324143e-05 -7.31763503e-05 0.0
5.39929761e-06 -7.71915948e-05 0.0
4.82084797e-05 -3.99447854e-05 0.0
2.33019873e-05 -6.36751283e-05 0.0
5.30670986e-05 -3.42109524e-05 0.0
3.67127286e-05 -2.11902643e-05 0.0
1.02973445e-05 -1.51301474e-05 0.0
-4.71864496e-06 -7.60684707e-05 0.0
0.000114856302 -1.62643719e-05 0.0
6.53139068e-05 -5.66450981e-05 0.0
2.44608782e-05 -5.07020632e-05 0.0
-3.20216168e-05 -5.89110896e-05 0.0
3.22885644e-05 -2.75298935e-05 0.0
4.52552158e-05 -3.25606452e-05 0.0
3.31083029e-05 -2.41928064e-05 0.0
9.52842165e-05 -4.91106512e-05 0.0
9.54527932e-05 -5.10596292e-05 0.0
2.95198515e-05 -1.84616601e-05 0.0
0.000115927469 4.73739192e-07 0.0
-7.07737036e-06 -8.86966154e-06 0.0
5.12480801e-05 -4.4798584e-05 0.0
6.93934589e-06 -5.73652051e-06 0.0
8.07121978e-05 -3.98762932e-05 0.0
6.36463301e-05 -5.04286436e-05 0.0
2.56713211e-05 -7.48976963e-05 0.0
9.29688977e-05 -3.48835347e-05 0.0
0.000114385672 -9.96516064e-06 0.0
3.93059127e-05 -8.13964143e-05 0.0
0.000105192928 -3.04123769e-05 0.0
1.01650694e-05 -7.08203515e-05 0.0
7.91709681e-05 -3.93088885e-05 0.0
2.72405432e-05 -1.02411577e-05 0.0
4.04540406e-05 -3.26085792e-05 0.0
4.87921061e-05 -1.72551008e-05 0.0
5.95460442e-05 -6.56358679e-05 0.0
7.00287201e-05 -6.02887412e-05 0.0
7.69180406e-05 -7.75718654e-05 0.0
3.7246944e-05 -3.44434702e-05 0.0
4.93949956e-05 -4.10020257e-05 0.0
4.57364949e-05 -3.45408353e-06 0.0
2.1511818e-05 -1.38600581e-05 0.0
5.83045185e-05 -3.20931649e-05 0.0
1.87131482e-05 -6.87829233e-05 0.0
3.38506579e-05 -4.88759088e-06 0.0
3.9171875e-05 -3.51869967e-05 0.0
-1.12139992e-06 -4.59774092e-05 0.0
9.38510348e-05 -2.23200695e-05 0.0
2.43184513e-05 -1.2333323e-05 0.0
0.000101485726 -3.87644504e-05 0.0
3.14704921e-05 -4.50510342e-05 0.0
-1.19974311e-05 -5.78532563e-05 0.0
5.28593446e-05 -5.18131383e-05 0.0
0.000102726786 -2.47680309e-05 0.0
7.67901938e-08 -2.39032379e-05 0.0
2.73482128e-05 -8.49042626e-05 0.0
1.41711462e-05 -5.45982184e-05 0.0
3.09213683e-05 -5.12138031e-05 0.0
3.66641034e-05 -6.68075954e-05 0.0
0.000109880275 -3.14542945e-06 0.0
-1.43721581e-05 -4.6764977e-05 0.0
7.29508474e-06 -3.65587439e-05 0.0
8.75246042e-06 -1.09458224e-05 0.0
-1.08922959e-05 -6.00719868e-05 0.0
4.81010738e-06 -2.88278516e-05 0.0
4.3272863e-05 -6.60299047e-05 0.0
5.18469642e-06 -2.84422968e-05 0.0
1.85507997e-05 -7.62221098e-05 0.0
0.000107671302 -5.01872682e-06 0.0
2.06757268e-05 -4.97869114e-05 0.0
4.43300414e-05 -7.71686391e-05 0.0
7.9536796e-05 -4.73957152e-05 0.0
-2.06026762e-05 -4.65175544e-05 0.0
2.72158049e-05 -6.9874266e-05 0.0
3.31035226e-05 -2.39408546e-05 0.0
3.11054064e-05 -6.38378988e-05 0.0
9.99499025e-06 -2.65684757e-05 0.0
4.17269621e-05 -2.27609344e-05 0.0
7.25983846e-05 -8.01303668e-06 0.0
0.000110381588 -1.87857825e-06 0.0
7.65054356e-05 -2.8439772e-05 0.0
1.10278916e-05 -7.37305236e-05 0.0
8.43173984e-06 -1.50892274e-05 0.0
5.14677304e-05 -7.14124035e-05 0.0
3.66680215e-05 -5.98300503e-05 0.0
6.28352354e-05 -4.67790924e-05 0.0
3.72303803e-05 -2.72222269e-06 0.0
8.69843279e-05 -4.78663969e-05 0.0
5.3484986e-05 -7.08459265e-05 0.0
9.42578336e-05 -5.43484675e-05 0.0
1.35847677e-05 -3.81816462e-05 0.0
6.19872808e-05 -3.46999732e-05 0.0
8.83122175e-06 -8.30561748e-06 0.0
8.40916327e-05 1.32810646e-06 0.0
4.83215372e-05 -3.69218446e-06 0.0
7.96175809e-05 -2.74432878e-05 0.0
4.49923064e-05 -5.6004581e-05 0.0
2.66755851e-05 -1.49429507e-05 0.0
2.97393399e-05 -2.06280438e-05 0.0
9.20207021e-05 -2.66986499e-05 0.0
9.86702526e-06 -6.44518004e-05 0.0
4.31622138e-05 -1.69449868e-05 0.0
6.4503809e-05 -2.78569078e-05 0.0
1.33814347e-05 -4.97370529e-05 0.0
4.94000196e-05 -3.78148325e-05 0.0
2.64753508e-05 -3.22394917e-05 0.0
5.5346256e-05 -7.77480545e-06 0.0
-1.5565487e-05 -5.12523366e-05 0.0
3.87522668e-05 -6.47078923e-05 0.0
1.41034361e-05 -2.14243028e-05 0.0
3.32398486e-05 -6.72655688e-06 0.0
3.92864786e-06 -3.18389466e-05 0.0
6.71753951e-05 -7.99908012e-05 0.0
6.8150257e-05 -7.07699364e-05 0.0
-6.39000928e-06 -1.99048827e-05 0.0
8.85692643e-05 -1.08527574e-05 0.0
2.66327825e-05 -1.15520616e-05 0.0
9.39132151e-05 -5.06677679e-05 0.0
7.02858088e-05 -6.32062875e-05 0.0
1.18514617e-05 -1.83455795e-05 0.0
2.17791439e-05 -5.28849123e-05 0.0
-4.67126756e-06 -6.04183224e-05 0.0
9.42789775e-05 -4.01056823e-05 0.0
3.41864757e-06 -6.59416446e-06 0.0
9.76920419e-05 -2.66314037e-05 0.0
4.64481018e-05 -8.76678405e-06 0.0
3.50341397e-05 -4.80243398e-05 0.0
8.80704392e-05 -6.29695933e-05 0.0
5.13891646e-05 -2.39870151e-05 0.0
8.20361529e-05 -1.94809672e-05 0.0
0.000101355516 -2.10713806e-05 0.0
2.44836683e-05 -4.6960944e-05 0.0
-1.80008487e-06 -1.06502721e-05 0.0
9.17831276e-05 9.53634355e-07 0.0
6.42654777e-05 -6.19736384e-05 0.0
2.74287686e-05 -4.91957544e-05 0.0
0.000101969417 -6.26404608e-06 0.0
3.44208456e-05 -3.76656208e-05 0.0
6.22830266e-05 -2.14789343e-05 0.0
3.21710722e-05 -3.3640903e-05 0.0
0.000107738531 -3.77091214e-06 0.0
6.37547419e-05 -1.72560813e-05 0.0
8.76615104e-07 -6.96026982e-05 0.0
6.17177575e-05 -6.38984638e-05 0.0
6.60113001e-05 -5.9304708e-05 0.0
5.198074e-05 -4.23609563e-05 0.0
2.66562329e-05 -4.16769726e-05 0.0
-2.91001106e-06 -5.78509616e-06 0.0
4.02076512e-05 -3.13350611e-05 0.0
5.23271192e-05 -2.4422261e-05 0.0
2.8806744e-05 -8.0461059e-06 0.0
-1.09282892e-05 -4.20620236e-05 0.0
1.59877018e-05 -3.0160465e-05 0.0
5.30192265e-05 -6.31907387e-05 0.0
4.65700541e-05 -6.89682493e-05 0.0
-3.4011664e-05 -6.64083345e-05 0.0
1.54105674e-05 -2.1520822e-05 0.0
3.73856128e-05 -3.23351087e-05 0.0
6.45186446e-05 -2.65035965e-06 0.0
5.40198416e-05 -2.52550999e-05 0.0
-1.42547606e-05 -6.06048452e-05 0.0
9.5533811e-05 -4.62092357e-05 0.0
6.10155439e-05 -4.00921817e-05 0.0
2.9815079e-05 -4.21115365e-05 0.0
0.000100141471 -1.21896601e-05 0.0
-7.39814141e-06 -5.24697061e-05 0.0
8.95230914e-06 -5.86426613e-05 0.0
1.61868338e-05 -6.7164201e-06 0.0
7.74242144e-05 5.52066012e-06 0.0
0.000100146295 -6.52565768e-06 0.0
6.95533163e-05 -4.24386599e-05 0.0
-7.71919622e-06 -3.44582695e-05 0.0
7.04356353e-05 -5.49243341e-05 0.0
-1.94902514e-05 -5.80677406e-05 0.0
3.90330206e-05 -3.0091529e-05 0.0
4.61342242e-05 -4.92179861e-05 0.0
7.89641199e-05 -3.64363514e-05 0.0
2.08429428e-05 -2.29317611e-05 0.0
8.21771537e-05 -2.18154146e-05 0.0
6.58790523e-05 -5.2108393e-05 0.0
1.0349574e-05 -5.47760064e-05 0.0
6.58712815e-05 -1.8315779e-05 0.0
5.31600126e-05 -2.11463212e-05 0.0
-4.21632694e-06 -3.88162189e-05 0.0
0.000119434495 3.30352321e-07 0.0
-8.65167567e-06 -3.63293038e-05 0.0
8.24864692e-05 -4.54539877e-05 0.0
-2.93238713e-06 -7.28875093e-05 0.0
-2.13885141e-05 -8.23813607e-05 0.0
8.88767827e-05 -2.37060412e-05 0.0
7.04824706e-05 -3.38282225e-05 0.0
7.50131076e-05 -6.53117297e-07 0.0
-2.01102539e-05 -6.74171533e-05 0.0
3.21782391e-05 -2.6261554e-05 0.0
2.76026958e-06 -4.99476373e-05 0.0
-3.44440996e-05 -6.25566317e-05 0.0
-1.62573688e-05 -4.57976312e-05 0.0
0.000112937654 -3.46667525e-06 0.0
8.04330848e-05 -5.74306287e-05 0.0
-2.64795631e-06 -2.21769315e-05 0.0
5.85587877e-05 -1.8935254e-05 0.0
1.8543069e-05 -1.3927096e-05 0.0
9.06786008e-05 -7.42133052e-05 0.0
4.49182153e-05 -4.50708103e-05 0.0
5.21137154e-05 -3.21110747e-05 0.0
9.24069318e-05 -2.51648544e-06 0.0
0.000112206471 -8.03861258e-06 0.0
-8.42074951e-06 -3.37655038e-05 0.0
9.37442819e-05 -1.98765174e-05 0.0
5.10297032e-05 -6.86179919e-05 0.0
9.02684842e-05 -5.49025845e-06 0.0
6.86250569e-05 -4.71535932e-05 0.0
5.8428388e-05 -2.79077503e-05 0.0
-7.49879791e-06 -2.82378096e-05 0.0
8.17278269e-05 -4.88523583e-05 0.0
0.000102849292 -1.58899438e-05 0.0
7.86236853e-07 -6.09472299e-05 0.0
6.36402619e-05 -6.17805417e-05 0.0
3.18905768e-05 -3.93313931e-05 0.0
-2.51152924e-05 -7.78456015e-05 0.0
4.11388464e-05 -3.85172061e-05 0.0
2.32708207e-05 -1.33164031e-05 0.0
2.17889756e-05 -7.139027e-05 0.0
1.21109215e-05 -5.95323872e-05 0.0
7.90252816e-05 -6.95836388e-06 0.0
4.69698398e-06 -4.13016132e-05 0.0
3.50710434e-05 -2.19682679e-05 0.0
9.56785007e-05 -1.14295135e-05 0.0
5.728416e-05 -7.17079165e-05 0.0
8.88271097e-05 -5.4943619e-05 0.0
7.40348769e-05 -5.67689349e-05 0.0
8.68420029e-05 -3.42612329e-05 0.0
-2.2006825e-05 -7.55478322e-05 0.0
-1.63904988e-05 -5.31103142e-05 0.0
6.23289525e-05 -7.39051611e-05 0.0
9.59858007e-05 -5.64259535e-05 0.0
8.02128779e-05 -3.57063509e-05 0.0
-5.19021739e-07 -5.47452619e-05 0.0
7.24032434e-05 -7.59258037e-05 0.0
9.61495316e-05 -7.80193077e-05 0.0
3.3890421e-05 -3.92767615e-05 0.0
-2.553385e-06 -8.03312869e-05 0.0
6.45036125e-05 -1.41477867e-05 0.0
7.4160962e-05 -5.37385058e-05 0.0
2.88432943e-06 -9.30627084e-06 0.0
7.76227989e-06 -3.02117878e-05 0.0
8.08101395e-05 -6.33878954e-05 0.0
1.76436424e-05 -6.15210374e-05 0.0
9.5123607e-05 -1.77444199e-05 0.0
3.49437323e-05 -3.64908237e-06 0.0
-1.98819157e-06 -7.14040289e-05 0.0
9.85322258e-05 -3.14354984e-05 0.0
-1.38531805e-05 -2.36388023e-05 0.0
1.31842817e-05 -5.71065175e-05 0.0
0.000105093466 -5.4923521e-06 0.0
-1.99093506e-06 -6.79540317e-05 0.0
-4.08042433e-06 -7.51631596e-05 0.0
3.32051386e-05 -5.75358863e-05 0.0
5.81502209e-05 -3.28962087e-05 0.0
7.75765002e-05 -5.16788132e-05 0.0
6.68371431e-05 -4.59747707e-06 0.0
9.27143958e-07 -2.68079179e-06 0.0
5.55719707e-05 -5.84967311e-05 0.0
7.63685894e-05 -6.13728771e-05 0.0
0.000107187967 -1.0548003e-05 0.0
9.84064627e-06 -7.05695784e-05 0.0
-1.0093695e-05 -2.91347078e-05 0.0
7.05826606e-05 -6.5602253e-06 0.0
2.76937135e-05 -2.36444321e-05 0.0
7.60621115e-05 -3.60417725e-05 0.0
6.24000895e-05 -9.57968223e-06 0.0
4.95718778e-05 -6.68270077e-05 0.0
3.40608458e-05 -3.12580742e-05 0.0
-4.29624652e-06 -7.41420226e-05 0.0
3.99060373e-05 -4.35712573e-05 0.0
9.3923054e-06 -7.12135588e-05 0.0
2.89887394e-05 -4.25553735e-05 0.0
4.24185564e-05 -2.43051181e-06 0.0
3.28664719e-05 -3.96155083e-05 0.0
-9.04376702e-06 -7.92067076e-05 0.0
6.39315185e-05 -1.16004985e-05 0.0
1.05874615e-05 -4.34154936e-05 0.0
1.87980386e-05 -5.78559957e-05 0.0
3.35402001e-05 -3.6369227e-05 0.0
5.62761352e-06 -4.99053476e-06 0.0
2.92577388e-05 -8.17822729e-06 0.0
