0.00123989175 -0.000142941819 0.0
0.00122280628 -0.000113625363 0.0
0.000601004809 -0.000164107871 0.0
0.000546063529 -0.000154732144 0.0
0.000590241165 -0.000185663535 0.0
0.00141090108 -0.000154732144 0.0
0.00146584236 -0.000164107871 0.0
0.000946941727 -0.000311728538 0.0
0.000926694833 -0.000224615273 0.0
0.000861351204 -0.000260674482 0.0
6.25373359e-05 3.57447243e-05 0.0
8.27842014e-05 -5.13685482e-05 0.0
0.00111990364 -0.000345538807 0.0
0.00110642251 -0.000293424673 0.0
0.00103718822 -0.000318673498 0.0
0.00024226497 -3.30646799e-05 0.0
0.000255746098 -8.51788136e-05 0.0
0.00088955462 -3.74563956e-06 0.0
0.00086873211 5.99247578e-05 0.0
0.00145382108 -0.000208319616 0.0
0.00153026648 -0.000218562767 0.0
0.00146897777 -0.000124130791 0.0
0.00066542899 -0.000218562767 0.0
0.000588983647 -0.000208319616 0.0
0.000849288423 -0.000291994715 0.0
0.000826665491 -0.000188102727 0.0
0.00134766602 -0.000182268006 0.0
0.00132526946 -0.000128981337 0.0
0.000687268504 -0.000134976712 0.0
0.000666909036 -3.94819581e-05 0.0
0.000224979769 3.24631728e-05 0.0
0.000130457804 3.29318646e-05 0.0
0.000200491704 -9.52829796e-05 0.0
0.000995295355 3.29318646e-05 0.0
0.00108981726 3.24631728e-05 0.0
0.000496687891 -0.000174828019 0.0
0.00047433289 -4.68814178e-05 0.0
0.000372993818 -0.000169034654 0.0
0.000347868452 -2.6865464e-05 0.0
0.000820637215 -0.000115436436 0.0
0.000804683834 -7.43537021e-05 0.0
0.00125376927 -0.000146978375 0.0
0.00123517762 -7.61660995e-05 0.0
0.000699305267 -0.000237211279 0.0
0.000675873249 -0.000173755936 0.0
0.000911508687 -1.46710818e-05 0.0
0.000889898685 1.57320956e-05 0.0
0.000864157511 -0.000260359986 0.0
0.0 0.0 0.0
0.000864837493 0.0 0.0
0.001728995 -0.000260359986 0.0
0.0012462351 -0.000143347861 0.0
0.00125174655 -0.000141928249 0.0
0.00125594728 -0.000139892494 0.0
0.00125839759 -0.000137677096 0.0
0.0012591799 -0.000135889772 0.0
0.00125833554 -0.000134010843 0.0
0.00125596439 -0.000130211629 0.0
0.00125119672 -0.000124642014 0.0
0.00124427234 -0.00011937716 0.0
0.00123711431 -0.000115894378 0.0
0.00122982531 -0.000114044749 0.0
0.00121649751 -0.000114685463 0.0
0.00121138548 -0.00011686232 0.0
0.00120799593 -0.000119638775 0.0
0.00120631594 -0.000122493992 0.0
0.00120659173 -0.000125579492 0.0
0.00120947394 -0.000128963395 0.0
0.00121355802 -0.000131180903 0.0
0.00121819042 -0.000132292131 0.0
0.00122291816 -0.000135017573 0.0
0.00122816791 -0.000138016563 0.0
0.00123376946 -0.00014127708 0.0
0.000546786061 -0.000157297807 0.0
0.000549075718 -0.000159153846 0.0
0.000552539481 -0.000162717755 0.0
0.000558021769 -0.000168694998 0.0
0.000565060298 -0.000175637222 0.0
0.000573181547 -0.000180967996 0.0
0.000581830507 -0.000184368255 0.0
0.000597537961 -0.000185452998 0.0
0.000603127119 -0.000183919852 0.0
0.00060701574 -0.000181521231 0.0
0.000609171635 -0.00017791889 0.0
0.000609731651 -0.000173376233 0.0
0.000608274655 -0.000168726823 0.0
0.000605116831 -0.000165898207 0.0
0.00146121136 -0.000159692921 0.0
0.00145498349 -0.000153972331 0.0
0.00144699332 -0.000148343999 0.0
0.00143816171 -0.000145356564 0.0
0.00142910215 -0.000144553705 0.0
0.00142147811 -0.000145960686 0.0
0.0014161038 -0.000148976847 0.0
0.00141282822 -0.000152229681 0.0
0.000911757816 -0.000221488895 0.0
0.000897423539 -0.00022132165 0.0
0.000884454057 -0.000223504001 0.0
0.000873951591 -0.000227943063 0.0
0.000866348622 -0.000234599254 0.0
0.000861773209 -0.000243134695 0.0
0.000860312954 -0.000252430589 0.0
0.000864796981 -0.000267665426 0.0
0.000870405405 -0.000275905157 0.0
0.000879873522 -0.000287115079 0.0
0.000892534561 -0.000298596395 0.0
0.000907470821 -0.000307744107 0.0
0.00092186447 -0.000312985241 0.0
0.000935261662 -0.000314011064 0.0
9.29350063e-05 -4.60674128e-05 0.0
0.000101187979 -3.83780207e-05 0.0
0.000106812862 -2.95105692e-05 0.0
0.000109319546 -2.06439836e-05 0.0
0.000108596541 -1.30327926e-05 0.0
0.000105216481 -5.50487903e-06 0.0
9.87484527e-05 6.26361634e-06 0.0
8.90677984e-05 1.87398746e-05 0.0
7.64396245e-05 2.90675744e-05 0.0
0.00109504873 -0.000286187947 0.0
0.00108285167 -0.000281252753 0.0
0.00107081851 -0.000279501837 0.0
0.00105975871 -0.000280886685 0.0
0.00104964839 -0.000285974849 0.0
0.00104222668 -0.000292806275 0.0
0.00103740161 -0.000300716114 0.0
0.00103524071 -0.000309304014 0.0
0.00104250887 -0.000327775488 0.0
0.00105020427 -0.000335495657 0.0
0.00105957431 -0.000342154817 0.0
0.00106998626 -0.000348163187 0.0
0.00108116411 -0.000352706033 0.0
0.00109248795 -0.000354506396 0.0
0.00110302225 -0.000353928772 0.0
0.00111229019 -0.000350711169 0.0
0.000261529582 -7.77246023e-05 0.0
0.000264545146 -6.90354864e-05 0.0
0.00026442486 -5.99162267e-05 0.0
0.00026032998 -5.07271034e-05 0.0
0.000252743368 -4.17828451e-05 0.0
0.000900211511 -2.06909931e-06 0.0
0.000908397371 1.824891e-06 0.0
0.000914062781 6.06972617e-06 0.0
0.000916623452 1.21653902e-05 0.0
0.000916725839 1.86126399e-05 0.0
0.000915106677 2.48934339e-05 0.0
0.000911154668 2.93274279e-05 0.0
0.000906488858 3.55437696e-05 0.0
0.000900059124 4.31209846e-05 0.0
0.000890877447 5.10742466e-05 0.0
0.000880081323 5.69849108e-05 0.0
0.000858004787 6.00572203e-05 0.0
0.000848290278 5.77526625e-05 0.0
0.000840465946 5.36418374e-05 0.0
0.000834957929 4.82832911e-05 0.0
0.000832290505 4.22848643e-05 0.0
0.000831943122 3.51717608e-05 0.0
0.000834991399 2.56007788e-05 0.0
0.000842939189 1.46105294e-05 0.0
0.000852884667 5.64312904e-06 0.0
0.000864478061 -3.77385078e-07 0.0
0.000877070182 -3.39270264e-06 0.0
0.00153898867 -0.000211393562 0.0
0.00154496275 -0.000202570212 0.0
0.00154815649 -0.000192104315 0.0
0.00154652179 -0.000179612747 0.0
0.00153940544 -0.00016499855 0.0
0.00152882957 -0.000151361193 0.0
0.00151529768 -0.00013995562 0.0
0.00150000164 -0.000131157984 0.0
0.00148410792 -0.000125643317 0.0
0.00145545835 -0.000126382656 0.0
0.00144383602 -0.000132041969 0.0
0.00143426727 -0.000139707539 0.0
0.00142756768 -0.000148836567 0.0
0.00142442295 -0.000159107323 0.0
0.00142536289 -0.000170151863 0.0
0.00142882275 -0.000180495132 0.0
0.00143485155 -0.000188687613 0.0
0.001442648 -0.0001981362 0.0
0.000601459702 -0.000216929548 0.0
0.000615592115 -0.000222810777 0.0
0.000629999326 -0.000225549389 0.0
0.000643495296 -0.000225487121 0.0
0.000655482931 -0.000222869028 0.0
0.000864467933 -0.00029053929 0.0
0.000878279621 -0.00028528212 0.0
0.000889403454 -0.000277534768 0.0
0.000897058926 -0.000268092408 0.0
0.000901482708 -0.000258025742 0.0
0.000901752966 -0.000247498247 0.0
0.000898623548 -0.000238911351 0.0
0.000893830438 -0.000230954058 0.0
0.000885792193 -0.000220999209 0.0
0.000874084653 -0.00020908931 0.0
0.00085947942 -0.000198804439 0.0
0.000843140937 -0.000191360654 0.0
0.000811533071 -0.00018835708 0.0
0.000798335823 -0.000191966697 0.0
0.000787943718 -0.000197649992 0.0
0.000780375849 -0.000205876349 0.0
0.000775740307 -0.000215639709 0.0
0.000774161657 -0.00022582979 0.0
0.000775567198 -0.000237133529 0.0
0.000781345705 -0.000250064157 0.0
0.000790949445 -0.000263542577 0.0
0.000803362986 -0.000275471626 0.0
0.000817909138 -0.000284277106 0.0
0.000833450991 -0.000289870775 0.0
0.00135607715 -0.000181156181 0.0
0.00136270036 -0.000177782975 0.0
0.0013677536 -0.000172890446 0.0
0.0013706421 -0.000166711616 0.0
0.00137049099 -0.000159815841 0.0
0.0013673068 -0.00015251337 0.0
0.00136121281 -0.000145758007 0.0
0.00135353033 -0.000139772586 0.0
0.00134426076 -0.000134488015 0.0
0.00133466325 -0.00013053279 0.0
0.00131687836 -0.000129531109 0.0
0.00131005456 -0.000131997585 0.0
0.00130506896 -0.000135662529 0.0
0.00130188337 -0.000140042204 0.0
0.00130122399 -0.000145294442 0.0
0.0013027552 -0.000152050212 0.0
0.00130828761 -0.000160877884 0.0
0.00131753739 -0.000169564242 0.0
0.00132755237 -0.000176228859 0.0
0.00133799529 -0.000180567222 0.0
0.00070208899 -0.000133288602 0.0
0.000715029135 -0.000129084874 0.0
0.000725335558 -0.000121869285 0.0
0.000732252607 -0.000112490176 0.0
0.000736460323 -0.000101210193 0.0
0.000737122493 -8.94028344e-05 0.0
0.000733046327 -7.67981619e-05 0.0
0.000724281126 -6.40842554e-05 0.0
0.000712406531 -5.49546166e-05 0.0
0.000698902644 -4.78468974e-05 0.0
0.000683175225 -4.1877749e-05 0.0
0.000651671842 -4.10404282e-05 0.0
0.000638636528 -4.58308023e-05 0.0
0.000628243317 -5.32877857e-05 0.0
0.000620973238 -6.31122894e-05 0.0
0.000617511803 -7.48212769e-05 0.0
0.00061829132 -8.75923288e-05 0.0
0.000623158296 -9.98870601e-05 0.0
0.000631772098 -0.000110951791 0.0
0.000643271196 -0.000119856035 0.0
0.000656400691 -0.000127424442 0.0
0.000671349524 -0.000132536385 0.0
0.000119600671 2.21634036e-05 0.0
0.000112659305 9.38884477e-06 0.0
0.000109399065 -4.6947016e-06 0.0
0.00011004525 -1.90930168e-05 0.0
0.000115014358 -3.44435393e-05 0.0
0.000125464547 -5.19155947e-05 0.0
0.000140863558 -6.87741631e-05 0.0
0.000159590243 -8.27570548e-05 0.0
0.000180121075 -9.19384693e-05 0.0
0.000219390553 -9.3972405e-05 0.0
0.00023573458 -8.88179929e-05 0.0
0.000249235483 -8.02644863e-05 0.0
0.000259934517 -6.8442132e-05 0.0
0.000266602845 -5.32272934e-05 0.0
0.000268374744 -3.51027957e-05 0.0
0.000264543953 -1.57068243e-05 0.0
0.000255577907 3.17778608e-06 0.0
0.000241897505 1.95263965e-05 0.0
0.00107000535 4.16801522e-05 0.0
0.00104901975 4.59646435e-05 0.0
0.00102849677 4.61848176e-05 0.0
0.0010102347 4.11604306e-05 0.0
0.000515829946 -0.000173172739 0.0
0.000531803642 -0.000167149468 0.0
0.000543931266 -0.000157608389 0.0
0.000551593374 -0.000145402184 0.0
0.000555516803 -0.000132029498 0.0
0.000555414415 -0.000118156713 0.0
0.000550960249 -0.000103941522 0.0
0.000541480724 -8.77850616e-05 0.0
0.000527049531 -7.13608824e-05 0.0
0.000510247017 -5.86211645e-05 0.0
0.000492361956 -5.02988951e-05 0.0
0.000457005284 -4.7881771e-05 0.0
0.000440834585 -5.25020878e-05 0.0
0.000427063933 -6.06940121e-05 0.0
0.00041677925 -7.2318755e-05 0.0
0.000410557754 -8.69600117e-05 0.0
0.000409705099 -0.000104498475 0.0
0.000414614653 -0.000123436301 0.0
0.000424227241 -0.000140301301 0.0
0.000438343006 -0.000154228968 0.0
0.000456156355 -0.000164944242 0.0
0.000476083485 -0.00017214047 0.0
0.000393569586 -0.000166990867 0.0
0.000411354325 -0.000160362673 0.0
0.000425759616 -0.000150345935 0.0
0.000436061673 -0.000137434588 0.0
0.000441708573 -0.000121690857 0.0
0.000441682176 -0.000103640763 0.0
0.00043643688 -8.48825657e-05 0.0
0.000425917795 -6.75934134e-05 0.0
0.000410573848 -5.22629998e-05 0.0
0.000391256093 -3.97006297e-05 0.0
0.000369635498 -3.02015633e-05 0.0
0.000327605667 -2.93280682e-05 0.0
0.000310131232 -3.64099978e-05 0.0
0.000296010287 -4.73963846e-05 0.0
0.000285744522 -6.21708532e-05 0.0
0.000280379405 -7.89053374e-05 0.0
0.00028008729 -9.65428844e-05 0.0
0.000285682909 -0.000113961709 0.0
0.000296351209 -0.000130413377 0.0
0.000311469368 -0.000144984617 0.0
0.000330238749 -0.000157138405 0.0
0.000351237832 -0.000165519916 0.0
0.000828972552 -0.000114744886 0.0
0.000836452004 -0.000112235844 0.0
0.000842296286 -0.000108441891 0.0
0.000845527684 -0.000103610808 0.0
0.000845932576 -9.79308825e-05 0.0
0.000843208632 -9.19226368e-05 0.0
0.000836804102 -8.6510634e-05 0.0
0.00082925387 -8.28350676e-05 0.0
0.000821446069 -7.85454904e-05 0.0
0.000813065679 -7.54321591e-05 0.0
0.000797202229 -7.49511819e-05 0.0
0.000791097584 -7.61428018e-05 0.0
0.000786025717 -7.84914591e-05 0.0
0.000782126212 -8.33149243e-05 0.0
0.00078062457 -9.04607659e-05 0.0
0.000782249554 -9.87519961e-05 0.0
0.000788046047 -0.000106412474 0.0
0.000796368404 -0.000111486741 0.0
0.000804182084 -0.000113231523 0.0
0.000812316081 -0.000114822338 0.0
0.00126546063 -0.000145014361 0.0
0.001275521 -0.000140817632 0.0
0.00128261268 -0.000134646398 0.0
0.0012867836 -0.000127646126 0.0
0.00128804147 -0.000119940982 0.0
0.00128517987 -0.000111938352 0.0
0.00127989857 -0.000103646344 0.0
0.00127339701 -9.78320677e-05 0.0
0.00126630266 -9.1294889e-05 0.0
0.00125762424 -8.52576995e-05 0.0
0.00124717923 -7.99001282e-05 0.0
0.00122303772 -7.52623018e-05 0.0
0.00121171749 -7.77206369e-05 0.0
0.00120347762 -8.2186838e-05 0.0
0.00119795126 -8.97454738e-05 0.0
0.00119486335 -9.87082749e-05 0.0
0.00119466532 -0.000108071195 0.0
0.0011997089 -0.0001187288 0.0
0.00120831223 -0.000127851439 0.0
0.0012187931 -0.000135532784 0.0
0.00123016711 -0.000141708661 0.0
0.00124201959 -0.000145787111 0.0
0.000708414649 -0.000236549677 0.0
0.000716208189 -0.000234716892 0.0
0.000722394499 -0.000231415877 0.0
0.000727177423 -0.000227440352 0.0
0.000730134372 -0.000222425442 0.0
0.000730236177 -0.000215872467 0.0
0.000727454782 -0.00020741325 0.0
0.000721077668 -0.00019661813 0.0
0.000711446453 -0.000186661477 0.0
0.000700052886 -0.00017942577 0.0
0.000687995227 -0.000175210924 0.0
0.000665482425 -0.000175154055 0.0
0.000657409837 -0.000178295741 0.0
0.000652116025 -0.000181654716 0.0
0.000648355577 -0.000186869162 0.0
0.000647596316 -0.000194997905 0.0
0.00064963632 -0.000203761418 0.0
0.000654013827 -0.000212756975 0.0
0.000660881342 -0.000220384856 0.0
0.000669615227 -0.000226709104 0.0
0.000679151679 -0.000232414881 0.0
0.0006893627 -0.000236147534 0.0
0.000917967234 -1.52884259e-05 0.0
0.000923336484 -1.37945945e-05 0.0
0.000927211717 -1.14188815e-05 0.0
0.000929395959 -8.90101364e-06 0.0
0.000930672337 -5.52678648e-06 0.0
0.000930263021 -7.85024724e-07 0.0
0.000927085115 3.81123232e-06 0.0
0.000921675586 8.1324215e-06 0.0
0.000915501674 1.10012115e-05 0.0
0.000909006631 1.24831504e-05 0.0
0.0009028606 1.39317999e-05 0.0
0.000896536571 1.48313939e-05 0.0
0.000884025008 1.53952951e-05 0.0
0.000879984291 1.46701132e-05 0.0
0.000877205748 1.32867635e-05 0.0
0.000876147358 1.14837248e-05 0.0
0.000876797072 9.61911974e-06 0.0
0.000878161227 7.97885241e-06 0.0
0.000880710431 7.21355173e-06 0.0
0.000883673609 6.28459929e-06 0.0
0.000886919734 2.48376773e-06 0.0
0.000891782693 -3.13623718e-06 0.0
0.000897698512 -8.57377199e-06 0.0
0.000904540881 -1.24851967e-05 0.0
0.000832773745 -0.000261290232 0.0
0.000779957394 -0.00025251403 0.0
0.000420423719 -0.000137962503 0.0
0.000409138825 -0.000132813642 0.0
0.000432619243 -0.000101852725 0.0
0.00045106266 -7.2485047e-05 0.0
0.000446120859 -5.88029616e-05 0.0
0.000420279306 -4.92302606e-05 0.0
0.000365317886 -3.65073902e-05 0.0
0.000294506201 -1.84458731e-05 0.0
0.000242617156 -4.61219406e-06 0.0
0.000218505258 7.13672716e-06 0.0
6.37477569e-05 3.51845483e-05 0.0
4.12239206e-05 2.95066511e-05 0.0
2.84228136e-05 1.82181993e-05 0.0
1.7671915e-05 8.95075482e-06 0.0
2.45052452e-05 6.91222431e-06 0.0
0.000134489266 -7.6705488e-05 0.0
0.000184762059 -6.90626548e-05 0.0
0.000307878683 -8.63796959e-05 0.0
0.000358432968 -4.98283734e-05 0.0
0.000425998907 3.47209279e-05 0.0
0.000482225441 9.10898889e-05 0.0
0.000519192195 0.000106951476 0.0
0.000544297451 9.84626604e-05 0.0
0.000578099338 8.53520251e-05 0.0
0.000615044904 7.44268982e-05 0.0
0.000649685215 7.08546577e-05 0.0
0.00068158767 7.26779181e-05 0.0
0.000712051813 7.39191382e-05 0.0
0.000748657854 6.22002117e-05 0.0
0.000772991916 5.31900987e-05 0.0
0.000800071401 3.62065912e-05 0.0
0.00082096277 2.33739302e-05 0.0
0.000841058209 9.9509698e-06 0.0
0.000882509397 8.95075482e-06 0.0
0.000893260294 1.82181993e-05 0.0
0.000906061439 2.95066511e-05 0.0
0.000928585243 3.51845483e-05 0.0
0.00108334271 7.13672716e-06 0.0
0.00110745465 -4.61219406e-06 0.0
0.00115934375 -1.84458731e-05 0.0
0.00123015535 -3.65073902e-05 0.0
0.00128511677 -4.92302606e-05 0.0
0.00131095841 -5.88029616e-05 0.0
0.00131590012 -7.2485047e-05 0.0
0.00129745679 -0.000101852725 0.0
0.00127397629 -0.000132813642 0.0
0.00128526124 -0.000137962503 0.0
0.00164479483 -0.00025251403 0.0
0.00169761118 -0.000261290232 0.0
0.00170521578 -0.000250409037 0.0
0.00168512028 -0.000236986074 0.0
0.00166422885 -0.000224153409 0.0
0.00163714937 -0.000207169898 0.0
0.00161281542 -0.000198159789 0.0
0.00157620932 -0.000186440855 0.0
0.00154574518 -0.00018768209 0.0
0.00151384273 -0.000189505343 0.0
0.00147920242 -0.00018593311 0.0
0.00144225685 -0.000175007968 0.0
0.00140845496 -0.000161897347 0.0
0.00138334965 -0.000153408517 0.0
0.00134638289 -0.000169270104 0.0
0.00129015639 -0.000225639073 0.0
0.00122259045 -0.000310188363 0.0
0.00117203617 -0.000346739689 0.0
0.00104891951 -0.000329422648 0.0
0.000998646719 -0.000337065489 0.0
0.000888662762 -0.000253447768 0.0
0.0010316202 -0.000193352724 0.0
0.000701423327 2.02896008e-05 0.0
0.00114512257 -0.000193681539 0.0
0.000532195903 -5.44798349e-05 0.0
0.000875955797 -0.000213859006 0.0
0.00104991114 -0.000135649709 0.0
0.00100027455 -0.000269882003 0.0
0.000434834801 -7.38562812e-05 0.0
0.00132833025 -0.000142844932 0.0
0.000760625931 1.35281389e-05 0.0
0.00100200204 -5.81732784e-05 0.0
0.000651558687 -0.000163377321 0.0
0.0010082107 -6.34551998e-06 0.0
0.000636793498 -0.000185190103 0.0
0.0010734098 -5.42327798e-05 0.0
0.000713182439 6.22442385e-05 0.0
0.00114367483 -0.000167445789 0.0
0.000391806738 -4.8629674e-05 0.0
0.000498833368 -0.000110913592 0.0
0.000697889307 -0.000179334675 0.0
0.000767444202 -9.57176599e-05 0.0
0.000901670661 -0.000137234805 0.0
0.000945850566 -0.000229624929 0.0
0.000790175807 2.81361717e-05 0.0
0.00132762012 -0.000131378081 0.0
0.000664906576 -4.44190518e-05 0.0
0.00058142934 4.66795209e-05 0.0
0.00119481899 -0.000143431418 0.0
0.00075300131 -0.00023578624 0.0
0.000406776468 -7.93603394e-05 0.0
0.000536890468 -0.000137794981 0.0
0.000379392004 -0.000131851266 0.0
0.00118975923 -0.000196688794 0.0
0.00052401243 -9.1158232e-05 0.0
0.00107840123 -0.000119725657 0.0
0.000709627988 -0.00011797958 0.0
0.000441098004 -0.00010615182 0.0
0.00108097552 -0.00028220634 0.0
0.00114337821 -0.000152689478 0.0
0.00082716305 -0.00024222357 0.0
0.000981753226 -9.06808855e-05 0.0
0.000814514991 -0.000204083844 0.0
0.0010733814 -0.00021809258 0.0
0.000213643492 -9.3057286e-05 0.0
0.00096077018 -0.000175051231 0.0
0.000821123016 1.62527776e-05 0.0
0.00032618508 -7.21334582e-05 0.0
0.00120348076 -8.91842501e-05 0.0
0.000465029007 -5.29715107e-05 0.0
0.000615467899 -0.00014690643 0.0
0.000951512135 -0.000304641202 0.0
0.000660566613 -0.000154845082 0.0
0.000631267088 7.30126703e-05 0.0
0.000895061297 -2.35547941e-05 0.0
0.000769689155 9.82788606e-06 0.0
5.18433517e-05 1.39294452e-05 0.0
0.000752010907 -8.23713344e-05 0.0
0.00064185675 -0.000180995616 0.0
0.000733548368 6.9079586e-05 0.0
0.00105665869 -1.90229748e-05 0.0
0.000594527926 -8.69134092e-05 0.0
0.000477669615 -2.47223124e-06 0.0
0.000619420258 -0.000195485685 0.0
0.000597821258 -0.000178197835 0.0
0.000984007376 -1.65588935e-05 0.0
0.000623133674 -6.60526257e-06 0.0
0.000463589269 -3.50927585e-05 0.0
0.000179732859 -8.24062081e-05 0.0
0.0014562736 -0.00018926269 0.0
0.00110660726 -9.42056577e-05 0.0
0.000272502337 -8.50445213e-05 0.0
0.000869880314 -0.000241052883 0.0
0.00100392418 -5.16318869e-06 0.0
0.000800209004 4.62101925e-05 0.0
0.000689349195 -0.000193022919 0.0
0.000949058158 1.24011958e-05 0.0
0.000706993742 -3.60380654e-05 0.0
0.00121696061 -0.000147184401 0.0
0.000751250947 -0.000231588783 0.0
0.000914365635 -0.000269128155 0.0
0.00115517981 -0.000116436844 0.0
0.00106811733 -0.000163462901 0.0
0.000301055203 -1.30328108e-05 0.0
0.00106827682 -3.04815348e-05 0.0
0.000366835913 -6.29470378e-05 0.0
0.00136948191 -0.000134885704 0.0
0.000946912158 -0.000106656822 0.0
0.000719148142 -0.000183758573 0.0
0.00139823905 -0.000165375575 0.0
0.00132337096 -0.00013845753 0.0
0.000369541667 -8.41098226e-05 0.0
0.00105518801 -0.000115456751 0.0
0.000202374911 -1.34071715e-05 0.0
0.00113185402 -0.000136678471 0.0
0.000531974772 -0.000127388324 0.0
0.000964421022 -0.000110716413 0.0
0.000807316741 -0.000126115847 0.0
0.00099403935 -0.00022897427 0.0
0.000718871364 7.55424162e-06 0.0
0.00119080814 -0.000144079138 0.0
0.000569862314 -0.00017374556 0.0
0.000521035574 -8.12173748e-05 0.0
0.00133029209 -0.000136084374 0.0
0.000675955554 -0.000183990487 0.0
0.000651064795 -0.000172182452 0.0
0.00136113656 -0.00013829497 0.0
0.000672256516 -0.000122672267 0.0
0.000802258088 1.92975476e-05 0.0
0.00122665241 -0.000132174129 0.0
0.000973496877 2.37060831e-05 0.0
0.000739485433 4.29552056e-05 0.0
0.000979226315 -0.000246797892 0.0
0.00080710178 -0.000254439365 0.0
0.000773844018 -0.000226701697 0.0
0.000696404255 -0.000198992624 0.0
0.00119917106 -0.000296672428 0.0
0.000486646604 -0.000104941413 0.0
0.00115780218 -0.00016885162 0.0
0.00133456092 -0.000149041021 0.0
0.00128501549 -0.00011381138 0.0
0.000626475201 -0.000149092069 0.0
0.000367736269 -0.000122751168 0.0
0.000730401545 -0.000129810913 0.0
0.000969164423 -0.0001993685 0.0
0.00103201845 -6.47615889e-06 0.0
0.000897577906 -6.03151275e-05 0.0
0.00081632979 -0.000112034206 0.0
0.00111601013 -0.000283032598 0.0
0.00121015206 -0.000198209862 0.0
0.00133890193 -0.000145298138 0.0
0.000762161158 -9.33210322e-05 0.0
0.00108883739 -0.000189567567 0.0
0.00079708494 -0.00023578103 0.0
0.00115140888 -4.08257765e-05 0.0
0.000559009961 -0.000145420912 0.0
0.000970910711 -0.000146416234 0.0
0.00117721979 -0.00015036737 0.0
0.000472354353 -0.000116014126 0.0
0.000981820631 -3.69857407e-05 0.0
0.00102868059 -0.000311325188 0.0
0.00066949235 7.33437555e-05 0.0
0.000831832062 2.73046535e-05 0.0
0.00111857383 -0.000116745156 0.0
0.000452156732 -8.59238571e-05 0.0
0.000652859337 4.77058238e-05 0.0
0.000379656209 -7.03382684e-05 0.0
0.000324383349 -0.000124535916 0.0
0.000853950565 1.58649145e-05 0.0
0.000797409739 5.87988179e-05 0.0
0.000480601419 -8.2148028e-05 0.0
0.000940977188 2.25689801e-05 0.0
0.000413301546 -3.84742671e-05 0.0
0.0007616402 2.00191644e-05 0.0
0.00125978328 -8.15852836e-05 0.0
0.000341436738 -5.76008824e-05 0.0
0.0008658843 -3.17339618e-05 0.0
0.000421875302 -0.000136403614 0.0
0.000692086702 -0.000171818392 0.0
0.000194931839 -6.63648316e-05 0.0
0.000404139748 -0.000103219063 0.0
0.00101607898 -0.000324370107 0.0
0.00079751591 -0.000244531722 0.0
0.000669083267 -0.000188485297 0.0
0.00087705371 -0.000182494754 0.0
0.000876129372 1.03371549e-05 0.0
0.000873454788 -9.79033648e-05 0.0
0.00150767341 -0.000180652016 0.0
0.000591224176 -0.000140609714 0.0
0.00138265872 -0.000155083355 0.0
0.00137409405 -0.000136485833 0.0
0.0005152144 -0.000136877017 0.0
0.000250558049 3.32070385e-06 0.0
0.00132693094 -0.000138167336 0.0
0.000714029011 -0.00019717004 0.0
0.000871598604 -0.000259621011 0.0
0.000658842153 -8.79083527e-05 0.0
0.0011123179 -0.000167957813 0.0
0.000966783729 8.09852827e-06 0.0
0.00106340006 -0.000252483529 0.0
0.000169205217 -8.81917949e-05 0.0
0.000666954205 -0.000157749761 0.0
0.000801012269 -0.000239914763 0.0
0.000970838708 -0.000109483743 0.0
3.43191641e-05 1.10164174e-05 0.0
0.000964174629 -0.000312962948 0.0
0.000198879934 -3.14417412e-05 0.0
0.000858234707 -0.000257414446 0.0
0.00136832846 -0.000156956899 0.0
0.00143556425 -0.000190589184 0.0
0.000741121999 -0.000219480629 0.0
0.000565169496 7.97499233e-05 0.0
0.000980352866 -0.00028724497 0.0
0.00095500669 5.03809394e-09 0.0
0.000493755622 -0.000134769711 0.0
0.00118252903 -0.000116885123 0.0
0.00124314905 -0.000131980865 0.0
0.00128169358 -0.000130804008 0.0
0.000952354632 -6.12359918e-06 0.0
0.000668636756 -0.000177434587 0.0
0.000609915762 -0.000153473651 0.0
0.00090338086 -0.0002216266 0.0
0.000595710007 -5.74734404e-05 0.0
0.000728717947 7.19961754e-05 0.0
0.000763847784 -0.000110040644 0.0
0.000557498541 -2.07477296e-06 0.0
0.00114289788 -0.000226119737 0.0
0.000703222468 -0.000217536115 0.0
0.000729033491 -7.5764081e-05 0.0
0.000710955996 -0.000204775599 0.0
0.000349917245 -8.4755331e-05 0.0
0.00118856912 -0.000278915948 0.0
0.000517807144 6.55299664e-05 0.0
0.000760514988 -0.000181169264 0.0
0.000781292852 6.50929223e-06 0.0
0.000766809622 -0.000203921751 0.0
0.00117207365 -7.68779501e-05 0.0
0.00111818966 -0.000192500549 0.0
0.000424681406 -8.13022561e-05 0.0
0.000465145684 -5.48038806e-05 0.0
0.000675286574 -6.71215867e-06 0.0
0.000419428892 -5.68828837e-05 0.0
0.000326553738 -3.60460253e-05 0.0
0.000840007619 -0.000253003585 0.0
0.000662306091 -0.00017662844 0.0
0.00144081085 -0.000181858675 0.0
0.000721247518 -3.26046065e-05 0.0
0.000785978511 1.97534937e-05 0.0
5.32499434e-05 2.40938825e-05 0.0
0.000355329685 -9.85608713e-05 0.0
0.00164377294 -0.000245170231 0.0
0.000794590509 -0.000240625755 0.0
0.00121526641 -0.000131902212 0.0
0.0011573761 -0.000122551253 0.0
0.00101317512 -1.0880816e-06 0.0
0.000835002924 -7.84073927e-05 0.0
0.000894413039 -0.000286260212 0.0
0.000545565388 -8.22558868e-05 0.0
0.00121967343 -0.000215844353 0.0
0.000605892914 -0.000186470133 0.0
6.70337249e-05 8.08340701e-06 0.0
0.000778724905 -0.000194768494 0.0
0.000757124217 -8.52912344e-05 0.0
0.000830402074 3.8658749e-05 0.0
0.000763318851 -0.00021822768 0.0
0.000229599769 -6.31347575e-05 0.0
0.000747539452 -6.8497764e-05 0.0
0.000998398988 -0.000268000615 0.0
0.000698831747 5.64620132e-05 0.0
0.0011821338 -0.000160420343 0.0
0.000131455949 -7.17270595e-05 0.0
0.00131763949 -0.000149057902 0.0
0.000575597747 -9.79249089e-05 0.0
0.000744689314 2.96495509e-05 0.0
0.000921149796 1.30745548e-05 0.0
0.000987539883 -0.000260026893 0.0
0.000660686579 -0.000208302619 0.0
0.00123728474 -0.000146436345 0.0
0.00109651068 -0.000109526329 0.0
0.000173816865 -4.30349355e-05 0.0
0.000633742195 -0.00019023128 0.0
0.00139818166 -0.000164747777 0.0
0.000269884622 -5.30067955e-05 0.0
0.000613868004 8.28417105e-05 0.0
0.00142410037 -0.00016994754 0.0
0.00120919175 -0.000121003453 0.0
0.00107756816 -1.51319773e-05 0.0
0.00113850157 -0.000266699615 0.0
0.000431399443 -3.8164475e-05 0.0
0.000322936598 -0.000115221039 0.0
0.00055058935 -0.000165780133 0.0
0.000797898276 -0.000245137984 0.0
0.00120194338 -0.00024949506 0.0
0.00106663397 -8.57885971e-06 0.0
0.00101870601 -0.000171384047 0.0
0.000338469632 -2.42927363e-05 0.0
0.00136651378 -0.000149962463 0.0
0.00101628038 -0.0002875356 0.0
0.000963493367 -0.000108424145 0.0
0.000961280137 -0.00025448596 0.0
0.000851359451 -6.2341278e-05 0.0
0.000507199729 -4.63207034e-05 0.0
0.000280674867 -6.86371495e-05 0.0
0.000840364431 -0.000249225617 0.0
0.0010429275 5.13830173e-06 0.0
0.00117861829 -0.000135253285 0.0
0.000842227193 -0.000230349629 0.0
0.000618965074 -0.00017644008 0.0
0.000560716551 -0.000180765215 0.0
0.000762051437 -9.85600345e-05 0.0
0.000522437331 -0.00011460534 0.0
0.00137379509 -0.00014038723 0.0
0.00138997391 -0.000151641027 0.0
0.000474645698 -3.09176394e-05 0.0
0.000855145219 1.14804607e-05 0.0
7.04538106e-05 2.97624156e-05 0.0
0.00103977486 -0.000124560203 0.0
0.000156131398 -2.946719e-05 0.0
0.00110293285 -0.000101953578 0.0
0.00108343991 -0.000115056908 0.0
0.00106439099 -0.000316233287 0.0
0.00113313622 -8.79914005e-05 0.0
0.000987523352 2.0879419e-05 0.0
0.00127201562 -0.000217980152 0.0
0.00122609257 -5.78881409e-05 0.0
0.000971974048 -0.000271592493 0.0
0.00113049743 -9.78664466e-05 0.0
0.000305746566 -9.12325704e-05 0.0
0.000696303789 -8.66224582e-05 0.0
0.000475762237 -8.2389859e-05 0.0
0.0012497789 -0.00013275641 0.0
0.0013865697 -0.000139888827 0.0
0.00154301466 -0.000169345556 0.0
0.000673258153 -0.000156412483 0.0
0.000883037748 -9.79144315e-05 0.0
0.000328498019 -7.61194751e-05 0.0
0.000226696196 -0.000100008794 0.0
0.000794983061 -0.000103500861 0.0
0.000951439142 -0.000284910231 0.0
0.000291044591 -6.5493783e-05 0.0
0.000749407744 -8.73870886e-05 0.0
0.000635372824 -0.000159489544 0.0
0.00100444234 -1.11614518e-05 0.0
0.000249710138 -0.000100734607 0.0
0.00127370132 -9.65325962e-05 0.0
0.000839581247 -0.000150548629 0.0
0.00066978758 -0.000167961378 0.0
0.00109338353 -0.000150345673 0.0
0.00110657385 -2.21827286e-05 0.0
0.000336351863 -7.20240932e-05 0.0
0.0011595129 -0.000338539103 0.0
0.000775202294 -0.000239745481 0.0
0.000921113533 -0.000195646469 0.0
0.00110997667 -0.000233479921 0.0
0.000813905208 3.63630461e-05 0.0
0.000598224287 -0.000155595684 0.0
0.000537046639 -0.000139044496 0.0
0.000258948276 -2.83440459e-05 0.0
0.000698336866 -0.000189118757 0.0
0.000446183054 -0.000132183632 0.0
0.00118736853 -0.000174170083 0.0
0.000403347658 -0.000135312017 0.0
0.00100403046 -0.000322688051 0.0
0.000794970081 4.86551544e-05 0.0
0.000784673553 -0.000238356297 0.0
0.00132624235 -0.00016940941 0.0
0.00126209611 -0.000117558746 0.0
0.000455418631 -0.000115447518 0.0
0.0010328436 -0.000284134527 0.0
0.000536143605 -8.7432767e-05 0.0
0.00102677417 -0.000242212947 0.0
0.000466732017 -0.000101457925 0.0
0.000525542477 -6.96848147e-05 0.0
0.000658699893 2.28611352e-05 0.0
0.000810245052 3.56503551e-05 0.0
0.00084522448 1.08303948e-05 0.0
0.000965498271 -0.000300255022 0.0
0.000250910292 -8.02196591e-05 0.0
0.00138031365 -0.000156388312 0.0
0.00104143179 -0.00021045316 0.0
0.00100551627 -8.25818133e-05 0.0
0.000310393923 -5.61809902e-05 0.0
0.00131157367 -0.000110943569 0.0
0.00139488792 -0.000166184895 0.0
0.00139885733 -0.000157027636 0.0
0.000562208064 -0.000147885774 0.0
0.000905889552 6.67636698e-07 0.0
0.000236784021 -2.03103064e-05 0.0
0.00066689495 7.04016638e-05 0.0
0.000310152973 -8.71697266e-05 0.0
0.000940558442 -1.26178702e-05 0.0
0.00107072026 -0.000177591428 0.0
0.000412627909 -5.84852351e-05 0.0
0.000497204252 -5.03819829e-05 0.0
0.00102981075 -2.82495239e-05 0.0
0.000870188 -0.000274484628 0.0
0.000463513512 -6.74136536e-05 0.0
0.000820468878 1.60924064e-05 0.0
0.000667534245 -0.000187452853 0.0
0.000860900094 -6.2607869e-05 0.0
0.000577823434 -0.000172668006 0.0
0.000364697917 -7.10758686e-05 0.0
0.000620478881 -0.000156075708 0.0
0.00110461668 -0.00021689928 0.0
0.000374321768 -9.53531344e-05 0.0
0.000356357603 -5.95373422e-05 0.0
0.000493724132 -0.000129372886 0.0
0.00148797303 -0.000190229432 0.0
0.00141246186 -0.000172943604 0.0
0.000276423059 -7.93644631e-06 0.0
0.000779431954 3.80342863e-05 0.0
0.000339826423 -9.57932571e-05 0.0
0.00132862269 -0.000147960687 0.0
0.00140289916 -0.000139820579 0.0
0.000310045172 -9.41265462e-05 0.0
0.000859991182 -0.000233615196 0.0
0.000715635717 -0.000173917055 0.0
0.00122053525 -0.000115799303 0.0
5.25886571e-05 1.42029867e-05 0.0
0.00108325621 -3.22529595e-05 0.0
0.000385514169 -7.40691685e-05 0.0
0.000926745066 -0.000163715406 0.0
0.00140702177 -0.000173183958 0.0
0.000615342462 -0.000103131817 0.0
0.000797382265 2.19367685e-05 0.0
0.00103374338 -1.10322335e-05 0.0
0.00076603255 -0.000226416785 0.0
7.54834255e-05 8.99281258e-06 0.0
0.000679734861 7.16869108e-05 0.0
0.00120837765 -0.000131721114 0.0
0.000844950438 -0.000213694279 0.0
0.000758404552 6.71960297e-05 0.0
0.000751865562 -0.000121194564 0.0
0.000749133702 4.94372534e-06 0.0
0.000615393685 -0.000191516447 0.0
0.000786882883 4.97370056e-05 0.0
0.000698874472 -2.34035379e-05 0.0
0.000930552604 -0.000244543655 0.0
0.00126800663 -0.000137484414 0.0
0.00119573309 -0.000134051923 0.0
0.000959029479 -0.000112392212 0.0
0.000639752019 -0.000205985751 0.0
3.80503625e-05 1.68004499e-05 0.0
0.000644689833 -0.000129284352 0.0
0.000680374098 -8.35875981e-05 0.0
0.000194992172 -8.15912936e-05 0.0
0.000566487724 -0.000131053705 0.0
0.000520184811 -0.000124222614 0.0
0.00116755313 -0.000159342249 0.0
0.00125813705 -0.00014990881 0.0
0.000664216699 -0.000194147826 0.0
0.000425758131 -8.1418475e-05 0.0
0.000632540381 -0.000168463434 0.0
0.000465639896 3.46905144e-05 0.0
0.000735163107 -3.6925263e-05 0.0
0.000687835098 -0.000212630039 0.0
0.00127115194 -0.000126816944 0.0
0.000943993335 -2.89826166e-05 0.0
0.000764280092 -0.000148556297 0.0
0.000838468317 5.1504092e-05 0.0
0.000655059644 -0.000155471265 0.0
0.000740049989 -0.000217069013 0.0
0.000144407517 -6.3582811e-05 0.0
0.00058054633 9.01083913e-05 0.0
0.000788118632 6.53694005e-05 0.0
0.00104845862 -5.60898407e-05 0.0
0.000454065681 -5.14402709e-05 0.0
0.00132214732 -0.000137382202 0.0
0.000656999473 -0.000187852333 0.0
0.000610457326 -0.000151435102 0.0
0.00103529089 -0.000147635146 0.0
0.00112174486 -5.3075124e-05 0.0
0.000481186522 -0.000108655244 0.0
0.000927045185 4.49770459e-06 0.0
0.00114460487 -0.000119297794 0.0
0.000690198445 -0.000191342027 0.0
0.000730933214 -9.85104293e-07 0.0
0.000571707787 -9.59821773e-05 0.0
0.000589329284 -0.000137149807 0.0
0.000866670161 7.45033549e-06 0.0
0.000472586165 -5.65548871e-05 0.0
0.001263652 -0.000108494816 0.0
0.000882308173 -0.000249819219 0.0
0.000868101604 -0.000261085544 0.0
0.000874383259 2.17751858e-05 0.0
0.000971053494 4.09135191e-06 0.0
0.00060999929 6.30309223e-05 0.0
0.000723264413 -0.000202630748 0.0
0.000540744571 -0.000178552451 0.0
0.000652760849 -0.000174073299 0.0
0.000636361015 -0.000188151942 0.0
0.000536984764 -0.00013330263 0.0
0.000886625552 1.39061985e-05 0.0
0.00132283394 -0.00013983823 0.0
0.000313967059 -4.29456632e-05 0.0
0.000633207674 -7.70322513e-05 0.0
0.000231147715 -8.68402931e-05 0.0
0.0016511709 -0.000234915729 0.0
0.000997669413 -0.000125950741 0.0
0.000784494099 -0.000118926793 0.0
0.000739101088 6.49831563e-05 0.0
0.000955274038 1.70666171e-05 0.0
0.000444837555 -5.12570514e-05 0.0
0.000855846505 3.10333671e-05 0.0
0.0012558077 -0.000133631824 0.0
0.000755908957 5.28107958e-05 0.0
0.0010653775 -8.73488389e-05 0.0
0.000800847018 -7.32467333e-06 0.0
0.000360782578 -3.62947903e-05 0.0
0.00121983048 -0.000123161706 0.0
0.000995447743 -1.9434658e-06 0.0
0.00071385206 -0.00019405059 0.0
0.00128717022 -0.000144335092 0.0
0.000689071079 -0.000193056781 0.0
0.000816806278 -0.000252822239 0.0
0.000900396553 -9.44966596e-05 0.0
0.00028261781 -0.000111515204 0.0
0.000991397421 -0.000298765546 0.0
0.000853610167 -0.00025787644 0.0
0.00070239557 3.89001034e-05 0.0
0.000608303235 -0.000169262363 0.0
0.000523856375 -3.99437922e-05 0.0
0.000935499556 1.9655301e-05 0.0
0.00141800183 -0.00017894771 0.0
0.00136317406 -0.000147439059 0.0
0.00132926716 -0.00013897795 0.0
0.00105167553 -6.62304883e-05 0.0
0.000779432245 -0.000200003371 0.0
0.000624147593 -0.000160755328 0.0
0.00141040829 -0.000190227482 0.0
0.00142155029 -0.000160291034 0.0
0.00100119982 -6.04898123e-05 0.0
0.000670404814 -0.000174894216 0.0
0.00148221897 -0.000170556872 0.0
0.001697973 -0.000256684696 0.0
0.000771520194 -0.000110856658 0.0
0.000968695735 -0.000313740224 0.0
0.000639067555 -3.26771078e-05 0.0
0.0012764954 -0.000137357609 0.0
8.92911266e-05 -2.23779307e-06 0.0
0.000499170215 -0.000112527603 0.0
0.00137655798 -0.000146944978 0.0
0.000908634625 -0.000252361642 0.0
0.000978302909 2.41799239e-06 0.0
0.000257967826 -5.85694615e-05 0.0
0.000906556845 -0.000253163249 0.0
0.00116122758 -6.75588672e-05 0.0
0.000283652131 -1.09901002e-05 0.0
0.000815715641 -0.000255345512 0.0
0.000769505044 6.0789258e-05 0.0
0.00079986389 -0.000217216613 0.0
0.000872361066 -0.000251770573 0.0
0.000997367315 -0.000210664177 0.0
0.00085171673 -4.89052109e-05 0.0
0.0011825657 -0.000130531073 0.0
0.00053269614 2.72219313e-05 0.0
1.8512952e-05 5.63744607e-06 0.0
0.00114363502 -0.00015992987 0.0
0.00141343498 -0.000130391505 0.0
0.000969818444 4.49099133e-07 0.0
0.000905630877 -0.000295964623 0.0
0.00038003354 -3.44482905e-05 0.0
0.000616025238 2.50186968e-05 0.0
0.000507593155 -0.000150429027 0.0
0.000996696181 -5.13826999e-05 0.0
0.000509662146 -2.76605024e-05 0.0
0.00121617038 -0.000141723896 0.0
0.000602351443 -0.000187284822 0.0
0.000882203574 -0.000259635213 0.0
0.000940539408 -0.00011928795 0.0
0.000951673079 -0.000284274283 0.0
0.000740202027 -0.000190436753 0.0
0.000324346911 -6.47279885e-05 0.0
0.000751173589 -0.000144810809 0.0
0.000830591714 -0.00025818398 0.0
0.000576933031 -2.99141411e-05 0.0
0.000620995241 -0.000186818506 0.0
0.000892663025 -0.000240470108 0.0
0.000650212693 -0.000195478089 0.0
4.61557356e-05 1.75415516e-05 0.0
0.000242749666 -7.90758495e-05 0.0
