-5.51817939e-05 7.98877591e-05 0.0
-4.80844792e-05 0.000115987372 0.0
0.000161170421 8.61868903e-05 0.0
0.000142226723 8.29906494e-05 0.0
0.000143638856 7.46176302e-05 0.0
-0.000112365728 8.29906494e-05 0.0
-9.34220297e-05 8.61868903e-05 0.0
0.000170714658 0.000117294556 0.0
0.000179218652 0.000146438586 0.0
0.000148757565 0.000129233216 0.0
-2.38212524e-05 1.81516916e-05 0.0
-3.23252425e-05 -1.09923421e-05 0.0
9.83915961e-05 0.000120225428 0.0
0.000106070482 0.000125369043 0.0
9.16723584e-05 0.000118447599 0.0
-9.69694229e-05 -2.91785886e-06 0.0
-0.000104648301 -8.06147546e-06 0.0
-0.000200345487 1.75159778e-06 0.0
-0.000189587663 3.50346127e-05 0.0
-5.72840545e-05 9.89306427e-05 0.0
-4.0018389e-05 0.000103306338 0.0
-3.51891686e-05 0.000121438869 0.0
0.000214574058 0.000103306338 0.0
0.0001973084 9.89306427e-05 0.0
0.000101951664 9.14332704e-05 0.0
0.000110008645 0.000113255912 0.0
8.87398892e-06 0.000110270135 0.0
2.45392912e-05 0.000132309899 0.0
-5.36204207e-05 4.58599461e-05 0.0
-4.09654094e-05 5.00913593e-05 0.0
3.76353055e-05 2.96055041e-05 0.0
3.16999613e-05 2.68522454e-05 0.0
1.98686903e-05 1.95223802e-05 0.0
-0.000222892486 2.68522454e-05 0.0
-0.000216957138 2.96055041e-05 0.0
6.83225808e-05 4.51150627e-05 0.0
8.24121671e-05 6.04509041e-05 0.0
-1.41129831e-05 2.65578619e-05 0.0
1.74628224e-06 2.55695832e-05 0.0
-1.7258606e-05 5.36237858e-05 0.0
-1.60992647e-06 6.71508533e-05 0.0
-0.000103676997 7.06725041e-05 0.0
-9.33863412e-05 7.79785187e-05 0.0
2.01743806e-05 6.48577334e-05 0.0
3.86656284e-05 7.66089433e-05 0.0
-9.79039687e-05 4.59660114e-05 0.0
-8.53879683e-05 6.85901396e-05 0.0
0.000203039905 0.000128286905 0.0
0.0 0.0 0.0
-0.000254592451 0.0 0.0
-5.15525498e-05 0.000128286905 0.0
-4.86348945e-05 8.14735904e-05 0.0
-4.28207859e-05 8.41145666e-05 0.0
-3.793012e-05 8.74264006e-05 0.0
-3.40974293e-05 9.12182368e-05 0.0
-3.14049248e-05 9.59041572e-05 0.0
-2.98119085e-05 0.000101076119 0.0
-2.9909399e-05 0.000106029009 0.0
-3.157846e-05 0.000110109359 0.0
-3.44413966e-05 0.0001131713 0.0
-3.83220977e-05 0.000115090457 0.0
-4.29592692e-05 0.000116101677 0.0
-5.33665807e-05 0.000114659182 0.0
-5.84022637e-05 0.00011247868 0.0
-6.29241476e-05 0.000109559514 0.0
-6.67833156e-05 0.000106195352 0.0
-6.99783486e-05 0.000102311613 0.0
-7.24433557e-05 9.79793913e-05 0.0
-7.39413008e-05 9.33769479e-05 0.0
-7.47446684e-05 8.8797904e-05 0.0
-7.43608616e-05 8.48911295e-05 0.0
-6.98908843e-05 8.16227766e-05 0.0
-6.24118402e-05 7.9897487e-05 0.0
0.000139680793 8.1749713e-05 0.0
0.00013769175 7.93397994e-05 0.0
0.000136992865 7.69016988e-05 0.0
0.000137304669 7.51389962e-05 0.0
0.000138467731 7.42822303e-05 0.0
0.000139961499 7.39565585e-05 0.0
0.000141763492 7.41984986e-05 0.0
0.000145573547 7.53835193e-05 0.0
0.000147991726 7.63221105e-05 0.0
0.000150966443 7.76004308e-05 0.0
0.000153925794 7.91176717e-05 0.0
0.000156492315 8.07244796e-05 0.0
0.000158720693 8.2238912e-05 0.0
0.000160243755 8.41552101e-05 0.0
-9.43638006e-05 8.82297463e-05 0.0
-9.700792e-05 8.9546229e-05 0.0
-9.99897311e-05 8.97211648e-05 0.0
-0.000102748767 8.91612071e-05 0.0
-0.000105106454 8.77935818e-05 0.0
-0.00010688277 8.60812652e-05 0.0
-0.000107597596 8.44076276e-05 0.0
-0.00010989781 8.35371902e-05 0.0
0.000175146401 0.000146531616 0.0
0.000171156935 0.000145890604 0.0
0.000167170321 0.000144483114 0.0
0.00016285399 0.000142406454 0.0
0.000158388866 0.000139684809 0.0
0.000154257126 0.000136485076 0.0
0.000150852997 0.000133005931 0.0
0.000147647777 0.00012530385 0.0
0.0001480356 0.000121640238 0.0
0.000149760483 0.000118566517 0.0
0.000152427499 0.000116274161 0.0
0.000155291607 0.000115141847 0.0
0.000159236006 0.000115002549 0.0
0.000164538433 0.000115665316 0.0
-2.63669626e-05 -8.42362533e-06 0.0
-2.13495914e-05 -5.20884214e-06 0.0
-1.75185378e-05 -1.75544733e-06 0.0
-1.48420831e-05 1.61875187e-06 0.0
-1.33464946e-05 5.63059621e-06 0.0
-1.28778775e-05 9.51426682e-06 0.0
-1.41618102e-05 1.29296814e-05 0.0
-1.6805232e-05 1.55690523e-05 0.0
-2.00899121e-05 1.72491345e-05 0.0
0.000105851024 0.000125120554 0.0
0.00010513109 0.000124468599 0.0
0.000103401457 0.000123510632 0.0
0.000100671132 0.000122129248 0.0
9.82003694e-05 0.000120680852 0.0
9.61940677e-05 0.000119015815 0.0
9.45978973e-05 0.000118039046 0.0
9.31772302e-05 0.000118128468 0.0
9.01812018e-05 0.000118501834 0.0
8.88987124e-05 0.000118384036 0.0
8.78306018e-05 0.000118257187 0.0
8.70012664e-05 0.000118171396 0.0
8.70209915e-05 0.000118329095 0.0
8.86367343e-05 0.000118503078 0.0
9.166175e-05 0.000118932141 0.0
9.51766851e-05 0.000119313634 0.0
-0.000101785387 -6.87995544e-06 0.0
-9.95039081e-05 -5.66650033e-06 0.0
-9.7894248e-05 -4.68803546e-06 0.0
-9.70600959e-05 -3.76290996e-06 0.0
-9.69157991e-05 -3.12231577e-06 0.0
-0.000197130925 2.37120184e-06 0.0
-0.000192157589 3.44415707e-06 0.0
-0.000185838784 5.42513999e-06 0.0
-0.000179594907 8.52951598e-06 0.0
-0.000174412213 1.27369231e-05 0.0
-0.000170923071 1.77153925e-05 0.0
-0.000168444909 2.34595191e-05 0.0
-0.000169200212 2.82725541e-05 0.0
-0.000172942498 3.23319364e-05 0.0
-0.000178089613 3.47892055e-05 0.0
-0.000183797121 3.56216005e-05 0.0
-0.000195454108 3.34085526e-05 0.0
-0.000200883995 3.06770708e-05 0.0
-0.000205524062 2.70873461e-05 0.0
-0.000209134887 2.27564778e-05 0.0
-0.000211661085 1.77594266e-05 0.0
-0.000212862768 1.26653295e-05 0.0
-0.000212758023 8.33437844e-06 0.0
-0.000211633815 5.1318948e-06 0.0
-0.000209380916 3.08210588e-06 0.0
-0.000206418656 1.93231358e-06 0.0
-0.000203062606 1.4503114e-06 0.0
-3.65091037e-05 0.000105712461 0.0
-3.34992546e-05 0.000108734144 0.0
-3.1305266e-05 0.00011215132 0.0
-2.99567146e-05 0.000115627037 0.0
-2.93966295e-05 0.000118290736 0.0
-2.95385798e-05 0.000120065764 0.0
-2.99385756e-05 0.000121016776 0.0
-3.04807381e-05 0.000121456476 0.0
-3.16383448e-05 0.000121518344 0.0
-4.067591e-05 0.000120761848 0.0
-4.62170756e-05 0.000119365031 0.0
-5.08871781e-05 0.000117184361 0.0
-5.46247829e-05 0.000114731047 0.0
-5.7334335e-05 0.000112031237 0.0
-5.95704478e-05 0.000109298169 0.0
-6.0952123e-05 0.0001064639 0.0
-6.1632556e-05 0.000103425067 0.0
-6.04050583e-05 0.000100870275 0.0
0.000200433336 9.82121055e-05 0.0
0.000203416697 9.83352002e-05 0.0
0.000206174736 9.8999546e-05 0.0
0.000208766432 0.000100248828 0.0
0.000211490522 0.000101675992 0.0
0.000105467159 9.28863446e-05 0.0
0.000108782013 9.5075673e-05 0.0
0.000111666355 9.73812348e-05 0.0
0.000113890193 9.93797803e-05 0.0
0.00011598337 0.000100796737 0.0
0.000118132273 0.000102074533 0.0
0.000119894634 0.000104593586 0.0
0.000120571873 0.00010759844 0.0
0.000119781573 0.000110301538 0.0
0.000117637712 0.000112348069 0.0
0.000115063129 0.000113472612 0.0
0.000112559792 0.000113515678 0.0
0.000107420798 0.000112407433 0.0
0.000104383711 0.000111140806 0.0
0.000100712583 0.000109584813 0.0
9.6900374e-05 0.000107386099 0.0
9.35735661e-05 0.000104589162 0.0
9.08987349e-05 0.000101189034 0.0
8.97375066e-05 9.76492011e-05 0.0
8.99261868e-05 9.47603621e-05 0.0
9.11091556e-05 9.27108849e-05 0.0
9.31511022e-05 9.14453121e-05 0.0
9.56403746e-05 9.07910289e-05 0.0
9.86375308e-05 9.07650392e-05 0.0
1.4357699e-05 0.000111118934 0.0
1.99696697e-05 0.000112828529 0.0
2.455904e-05 0.000115391631 0.0
2.78346088e-05 0.000118435608 0.0
3.0121384e-05 0.000121714336 0.0
3.12649427e-05 0.000124942293 0.0
3.15498328e-05 0.000127816049 0.0
3.10996293e-05 0.00013013008 0.0
3.00471529e-05 0.000131693567 0.0
2.8189279e-05 0.000132265486 0.0
1.93716933e-05 0.000131585621 0.0
1.39249114e-05 0.000130200264 0.0
9.02029296e-06 0.000127802195 0.0
5.03491083e-06 0.000124625323 0.0
2.17709294e-06 0.000120591794 0.0
1.09726966e-06 0.000116524505 0.0
1.36559208e-06 0.000113271177 0.0
2.25013559e-06 0.000111170288 0.0
3.52841653e-06 0.000110237801 0.0
5.17675699e-06 0.000109973342 0.0
-5.28758719e-05 4.59286166e-05 0.0
-5.09124729e-05 4.62789467e-05 0.0
-4.77639369e-05 4.6731664e-05 0.0
-4.40357871e-05 4.83714357e-05 0.0
-4.12752161e-05 5.09192323e-05 0.0
-4.03946069e-05 5.28351884e-05 0.0
-4.04659222e-05 5.33543534e-05 0.0
-4.11007022e-05 5.31397964e-05 0.0
-4.16213261e-05 5.24068892e-05 0.0
-4.19243988e-05 5.16756627e-05 0.0
-4.17088886e-05 5.08395315e-05 0.0
-4.08602682e-05 4.96457433e-05 0.0
-4.25375729e-05 4.91204955e-05 0.0
-4.52722779e-05 4.86206227e-05 0.0
-4.79468799e-05 4.77158173e-05 0.0
-5.02144903e-05 4.68869657e-05 0.0
-5.19331224e-05 4.61936143e-05 0.0
-5.30468496e-05 4.55438967e-05 0.0
-5.35615945e-05 4.51433334e-05 0.0
-5.3728123e-05 4.50675398e-05 0.0
-5.36659318e-05 4.5165325e-05 0.0
-5.34838255e-05 4.5378878e-05 0.0
2.80501936e-05 2.62769481e-05 0.0
2.47466323e-05 2.54286642e-05 0.0
2.21479731e-05 2.40332611e-05 0.0
2.03584805e-05 2.21787323e-05 0.0
1.9497973e-05 2.03733234e-05 0.0
2.00284958e-05 1.89315888e-05 0.0
2.06778677e-05 1.84213604e-05 0.0
2.08213423e-05 1.88616777e-05 0.0
2.00366685e-05 1.93569595e-05 0.0
2.25602253e-05 1.98762955e-05 0.0
2.68982931e-05 2.08012279e-05 0.0
3.08112976e-05 2.2509621e-05 0.0
3.38707068e-05 2.46861855e-05 0.0
3.62769242e-05 2.70544842e-05 0.0
3.75169257e-05 2.87914881e-05 0.0
3.82061917e-05 2.97058905e-05 0.0
3.83471852e-05 2.99365729e-05 0.0
3.81283426e-05 2.99304338e-05 0.0
-0.000217544221 2.89642085e-05 0.0
-0.000217612367 2.81711909e-05 0.0
-0.000217686844 2.73970727e-05 0.0
-0.000219279245 2.70498749e-05 0.0
6.90093366e-05 4.59843759e-05 0.0
7.19295276e-05 4.65538069e-05 0.0
7.65188015e-05 4.73606997e-05 0.0
8.10918718e-05 4.89963095e-05 0.0
8.4768355e-05 5.1185365e-05 0.0
8.73890822e-05 5.37630731e-05 0.0
8.88205541e-05 5.64970032e-05 0.0
8.92112657e-05 5.8521633e-05 0.0
8.90755109e-05 5.97515427e-05 0.0
8.82341701e-05 6.04668967e-05 0.0
8.60627042e-05 6.05487476e-05 0.0
7.80971168e-05 5.970454e-05 0.0
7.39760289e-05 5.80699743e-05 0.0
7.01366225e-05 5.56768246e-05 0.0
6.69959772e-05 5.26338699e-05 0.0
6.48117566e-05 4.95192253e-05 0.0
6.36132318e-05 4.70410487e-05 0.0
6.34682074e-05 4.54586734e-05 0.0
6.41851511e-05 4.45412079e-05 0.0
6.53322859e-05 4.39653268e-05 0.0
6.68020148e-05 4.38539828e-05 0.0
6.78783836e-05 4.42459932e-05 0.0
-1.47937653e-05 2.71811532e-05 0.0
-1.34623733e-05 2.74074118e-05 0.0
-1.11262334e-05 2.76325318e-05 0.0
-8.99297538e-06 2.80584354e-05 0.0
-7.17722287e-06 2.84603848e-05 0.0
-5.58415468e-06 2.85297137e-05 0.0
-4.36808386e-06 2.81924968e-05 0.0
-3.40325505e-06 2.76997835e-05 0.0
-2.65583003e-06 2.70960627e-05 0.0
-1.40398868e-06 2.64278824e-05 0.0
7.19248249e-07 2.5829615e-05 0.0
-4.45903765e-07 2.55600717e-05 0.0
-4.08403275e-06 2.48275428e-05 0.0
-7.0841138e-06 2.37860168e-05 0.0
-9.45582451e-06 2.31434515e-05 0.0
-1.09909706e-05 2.29373036e-05 0.0
-1.18189209e-05 2.30095957e-05 0.0
-1.23673753e-05 2.30436272e-05 0.0
-1.24916369e-05 2.31680515e-05 0.0
-1.24927101e-05 2.36090527e-05 0.0
-1.24560374e-05 2.45006104e-05 0.0
-1.29484388e-05 2.56221883e-05 0.0
-1.37630395e-05 5.45249241e-05 0.0
-1.07123215e-05 5.59015352e-05 0.0
-7.96786208e-06 5.76254133e-05 0.0
-5.66239987e-06 5.92052966e-05 0.0
-3.73438138e-06 6.07290094e-05 0.0
-2.21329992e-06 6.22517182e-05 0.0
-1.05582217e-06 6.35853139e-05 0.0
2.95233811e-08 6.45990731e-05 0.0
1.16637432e-06 6.52139424e-05 0.0
2.3299051e-06 6.58618519e-05 0.0
-8.47722822e-06 6.71157031e-05 0.0
-1.45581198e-05 6.55336844e-05 0.0
-1.95390185e-05 6.29953574e-05 0.0
-2.3249162e-05 5.9567883e-05 0.0
-2.55149025e-05 5.63307622e-05 0.0
-2.57832271e-05 5.45683506e-05 0.0
-2.55189516e-05 5.41595873e-05 0.0
-2.53587968e-05 5.40876899e-05 0.0
-2.38424509e-05 5.38203567e-05 0.0
-2.08962465e-05 5.35692889e-05 0.0
-0.000101153877 7.15548813e-05 0.0
-9.93246722e-05 7.27172446e-05 0.0
-9.79154502e-05 7.36761358e-05 0.0
-9.51028196e-05 7.38791641e-05 0.0
-9.26234206e-05 7.40110336e-05 0.0
-9.005006e-05 7.4680589e-05 0.0
-8.75921396e-05 7.49955507e-05 0.0
-8.51937002e-05 7.56172885e-05 0.0
-8.36703621e-05 7.71848281e-05 0.0
-8.68644856e-05 7.89896294e-05 0.0
-9.06068817e-05 7.91157363e-05 0.0
-9.54885109e-05 7.59937757e-05 0.0
-9.70936526e-05 7.35587746e-05 0.0
-9.82464771e-05 7.09183878e-05 0.0
-9.89587352e-05 6.86897547e-05 0.0
-0.000100142825 6.86293934e-05 0.0
-0.000101857942 6.94975752e-05 0.0
-0.000103722799 6.99484444e-05 0.0
-0.000105434279 6.99906814e-05 0.0
-0.00010684655 6.98857402e-05 0.0
-0.000107322099 6.99377706e-05 0.0
-0.000106307438 7.02943653e-05 0.0
2.62145604e-05 6.47819834e-05 0.0
3.11823896e-05 6.57867495e-05 0.0
3.54251606e-05 6.76114942e-05 0.0
3.8806731e-05 7.00429009e-05 0.0
4.1207295e-05 7.30097454e-05 0.0
4.26791157e-05 7.60029288e-05 0.0
4.30842993e-05 7.83132491e-05 0.0
4.23842466e-05 7.94802763e-05 0.0
4.12984809e-05 7.95467713e-05 0.0
3.99943419e-05 7.88840698e-05 0.0
3.89237321e-05 7.78886897e-05 0.0
3.80842321e-05 7.53684435e-05 0.0
3.5519588e-05 7.44373683e-05 0.0
3.14903846e-05 7.34961941e-05 0.0
2.79266897e-05 7.19472082e-05 0.0
2.50862213e-05 7.01975441e-05 0.0
2.28428325e-05 6.85213527e-05 0.0
2.15530872e-05 6.73541726e-05 0.0
2.05597607e-05 6.66246633e-05 0.0
1.93675023e-05 6.62361053e-05 0.0
1.79573181e-05 6.62224193e-05 0.0
1.6546941e-05 6.5861379e-05 0.0
-9.38085868e-05 4.81017196e-05 0.0
-9.00894083e-05 5.11679209e-05 0.0
-8.72243618e-05 5.4526703e-05 0.0
-8.56408078e-05 5.82255016e-05 0.0
-8.44384631e-05 5.99909436e-05 0.0
-8.24012313e-05 6.06296344e-05 0.0
-8.0620106e-05 6.18384947e-05 0.0
-7.90271006e-05 6.31984149e-05 0.0
-7.81869676e-05 6.4436601e-05 0.0
-7.81960116e-05 6.547058e-05 0.0
-7.97153189e-05 6.65992702e-05 0.0
-8.25541574e-05 6.77315256e-05 0.0
-8.84377077e-05 6.85337218e-05 0.0
-9.25471832e-05 6.79024233e-05 0.0
-9.7449134e-05 6.64185864e-05 0.0
-0.000102383761 6.42663799e-05 0.0
-0.000107045722 6.16629477e-05 0.0
-0.0001105294 5.84754525e-05 0.0
-0.000113054957 5.48563476e-05 0.0
-0.000114462709 5.11906983e-05 0.0
-0.000113202186 4.78552502e-05 0.0
-0.00010991819 4.54570909e-05 0.0
-0.000106008352 4.46856247e-05 0.0
-0.000102021593 4.48602405e-05 0.0
0.00019860825 0.00012348633 0.0
0.000202419891 0.000115998395 0.0
0.000145010854 8.04066221e-05 0.0
0.000137753654 7.55998699e-05 0.0
0.000119601355 6.69002038e-05 0.0
0.00010114535 5.9314887e-05 0.0
9.16722638e-05 5.47649688e-05 0.0
8.94731711e-05 5.13843625e-05 0.0
9.09303926e-05 4.71309831e-05 0.0
8.89518342e-05 4.39193973e-05 0.0
7.73930587e-05 4.08371452e-05 0.0
5.80464839e-05 3.65716151e-05 0.0
4.16046569e-05 1.49849066e-05 0.0
3.67998036e-05 1.14967916e-05 0.0
2.52870432e-05 7.87196041e-06 0.0
1.12534881e-05 4.19426169e-06 0.0
-1.23499467e-05 1.07046217e-05 0.0
-5.44515678e-05 8.17908403e-06 0.0
-7.46230289e-05 8.86144699e-06 0.0
-0.000119497417 7.17209878e-06 0.0
-0.0001313838 1.64409812e-05 0.0
-0.000142541132 1.36333283e-05 0.0
-0.000153488087 6.18214881e-06 0.0
-0.000162815704 -9.30443491e-07 0.0
-0.000169038685 -4.86057115e-06 0.0
-0.0001752924 -5.51398989e-06 0.0
-0.000183634649 -7.27733266e-07 0.0
-0.000192153369 7.5790831e-06 0.0
-0.000199543967 1.4254997e-05 0.0
-0.000206039855 1.51332051e-05 0.0
-0.000212498053 1.11386034e-05 0.0
-0.000218992471 4.67983773e-06 0.0
-0.000225921773 -2.38083362e-06 0.0
-0.000233654137 -7.74800537e-06 0.0
-0.000242873546 -7.47093327e-06 0.0
-0.00024333896 4.19426169e-06 0.0
-0.000229305413 7.87196041e-06 0.0
-0.000217792651 1.14967916e-05 0.0
-0.000212987798 1.49849066e-05 0.0
-0.000196545967 3.65716151e-05 0.0
-0.000177199385 4.08371452e-05 0.0
-0.000165640609 4.39193973e-05 0.0
-0.000163662058 4.71309831e-05 0.0
-0.000165119287 5.13843625e-05 0.0
-0.000162920187 5.47649688e-05 0.0
-0.000153447094 5.9314887e-05 0.0
-0.000134991089 6.69002038e-05 0.0
-0.000116838797 7.55998699e-05 0.0
-0.000109581604 8.04066221e-05 0.0
-5.21725597e-05 0.000115998395 0.0
-5.59842047e-05 0.00012348633 0.0
-3.98336524e-05 0.000120815967 0.0
-3.06142392e-05 0.000120538898 0.0
-2.28818735e-05 0.000125906066 0.0
-1.59525716e-05 0.000132966743 0.0
-9.45814554e-06 0.000139425509 0.0
-2.99994849e-06 0.000143420111 0.0
3.4959362e-06 0.000142541903 0.0
1.08865352e-05 0.000135865979 0.0
1.94052573e-05 0.000127559164 0.0
2.77474937e-05 0.000122772908 0.0
3.40012193e-05 0.000123426333 0.0
4.02242003e-05 0.000127356456 0.0
4.9551807e-05 0.000134469054 0.0
6.0498769e-05 0.000141920231 0.0
7.16561044e-05 0.000144727877 0.0
8.35424871e-05 0.000135459006 0.0
0.000128416868 0.000137148352 0.0
0.000148588326 0.000136465984 0.0
0.000190689956 0.000138991527 0.0
2.45744486e-05 8.89840449e-05 0.0
-0.000130928849 2.13231924e-05 0.0
3.0162646e-05 0.000106751118 0.0
-0.000113456845 2.36423166e-05 0.0
4.09467866e-05 7.45674843e-05 0.0
-7.18694992e-06 7.76665547e-05 0.0
6.07789261e-05 0.000102964375 0.0
-8.23961745e-05 2.13545081e-05 0.0
-0.000103387581 7.84519361e-05 0.0
-0.000107406668 4.02098631e-05 0.0
-5.65590453e-05 8.25210736e-05 0.0
9.47762965e-05 7.88895559e-05 0.0
-0.000162033379 3.21121152e-05 0.0
-1.54969821e-05 5.17204135e-05 0.0
-0.000134783462 5.04024974e-05 0.0
-0.000168758648 9.13475014e-06 0.0
-9.42637826e-07 0.000104017498 0.0
-5.39826979e-05 1.15662397e-05 0.0
3.61013917e-05 4.41218544e-05 0.0
0.00017704464 0.000102089754 0.0
-3.09968927e-05 5.3982978e-05 0.0
1.61007229e-05 7.0571361e-05 0.0
5.37748674e-05 8.76449267e-05 0.0
-0.000150990541 3.19816027e-05 0.0
-7.03100231e-05 9.29101152e-05 0.0
-9.99438926e-05 2.84142916e-05 0.0
-0.000139427866 1.17580321e-05 0.0
4.22118046e-06 0.000117534793 0.0
0.000141966782 0.000111908492 0.0
-0.000113355731 1.82654276e-05 0.0
1.61798798e-05 4.57520509e-05 0.0
2.52845239e-05 3.61242928e-05 0.0
4.57878996e-05 0.000108179338 0.0
-8.68849165e-05 3.25213041e-05 0.0
-2.63685433e-05 7.87645986e-05 0.0
-1.21717967e-05 5.59768341e-05 0.0
3.40709557e-05 3.71626811e-05 0.0
5.63108733e-05 0.000108443484 0.0
-2.02647261e-05 9.60996258e-05 0.0
5.34804603e-05 7.34104979e-05 0.0
-4.42105884e-05 8.69725482e-05 0.0
2.75313942e-05 7.1825023e-05 0.0
3.40529732e-05 9.98288815e-05 0.0
-5.25411888e-05 1.75513505e-05 0.0
2.43415361e-05 7.78819085e-05 0.0
-0.000137639843 4.88714104e-05 0.0
-5.27476695e-05 7.69027156e-06 0.0
-0.000139070253 5.42347734e-05 0.0
-5.51811245e-05 2.87363528e-05 0.0
0.00010212286 6.13906159e-05 0.0
8.36598556e-05 0.000110092158 0.0
0.000119016528 8.65180482e-05 0.0
-0.000157489019 4.219934e-06 0.0
-4.4477245e-05 7.2629824e-05 0.0
-8.11075006e-05 4.625367e-05 0.0
9.27630208e-06 2.04003773e-05 0.0
-3.41266968e-05 5.55592414e-05 0.0
6.62805614e-05 7.06059873e-05 0.0
-0.000184834455 1.129054e-05 0.0
-0.000155299087 4.16269504e-05 0.0
-9.09026057e-05 3.189177e-05 0.0
-0.000130269123 1.71266947e-05 0.0
2.12995724e-06 5.51311787e-05 0.0
-2.61425212e-05 4.62711614e-05 0.0
-0.000127726555 4.2984364e-05 0.0
-0.000121730009 2.04896114e-05 0.0
-3.32390046e-05 2.88663632e-05 0.0
-3.62146675e-05 1.735761e-05 0.0
-4.63551828e-07 0.000135046954 0.0
-0.00011729102 6.17547121e-05 0.0
-5.11939179e-05 1.17699974e-05 0.0
6.62651364e-05 8.0142454e-05 0.0
-0.000190023828 2.418857e-05 0.0
-0.000173601147 2.26932625e-05 0.0
7.94528314e-05 9.40694663e-05 0.0
-0.000144854319 2.38102239e-05 0.0
-8.49439311e-05 3.4683846e-05 0.0
2.47191765e-05 0.000114943869 0.0
0.000127546591 0.000104459039 0.0
7.871665e-05 9.70823457e-05 0.0
-7.55176443e-05 8.85221598e-05 0.0
3.47876153e-06 8.6564105e-05 0.0
7.07149011e-05 4.23543279e-05 0.0
-7.68718892e-05 7.14476628e-05 0.0
-8.03248258e-05 5.6198669e-06 0.0
-2.71486479e-05 9.62938138e-05 0.0
8.74861541e-07 6.72291135e-05 0.0
0.00018560703 0.000112012036 0.0
-8.49501885e-05 9.65385916e-05 0.0
-5.58845277e-05 0.000100854872 0.0
-0.000104543549 1.08426957e-05 0.0
-3.2592121e-05 8.09636549e-05 0.0
2.61851915e-06 5.8892474e-06 0.0
-2.76975952e-05 8.77811763e-05 0.0
4.90123821e-05 5.09537604e-05 0.0
-3.52581956e-05 8.16164611e-05 0.0
1.42998788e-05 6.92260364e-05 0.0
4.63840624e-05 9.3120434e-05 0.0
-0.000117914416 2.7536611e-05 0.0
-1.48339786e-05 0.000114424191 0.0
-1.00097359e-05 4.19142561e-05 0.0
-7.00351302e-05 3.61809725e-05 0.0
-9.99670156e-05 7.78789108e-05 0.0
-6.30524755e-06 5.68394316e-05 0.0
0.000181453928 9.17576108e-05 0.0
-8.98898288e-05 8.36612817e-05 0.0
-2.86387494e-05 5.44346331e-05 0.0
-0.000102301557 5.35994477e-05 0.0
-4.48931087e-06 0.000121652876 0.0
-0.000210096347 1.79286017e-05 0.0
-0.000154816429 1.78232003e-05 0.0
0.000126517669 0.000102763006 0.0
0.000133832145 0.000122917918 0.0
0.000157242728 0.000121517216 0.0
0.000154477108 9.65124491e-05 0.0
6.53288444e-05 0.000141948942 0.0
1.89268703e-05 3.85704006e-05 0.0
1.26481154e-05 0.000109055698 0.0
-0.000105725521 7.79520851e-05 0.0
-6.85504856e-05 8.42755326e-05 0.0
0.000115380055 7.1327042e-05 0.0
3.49000111e-05 3.5989131e-05 0.0
-3.21967605e-06 5.70166594e-05 0.0
3.4853103e-05 8.29322962e-05 0.0
-0.000181330222 3.31268857e-05 0.0
-3.63166728e-05 7.7031611e-05 0.0
-6.23723172e-05 5.34789433e-05 0.0
6.06863359e-05 0.000109533503 0.0
5.03043484e-05 0.000110848523 0.0
-0.000104204024 7.82361385e-05 0.0
-3.2844815e-05 5.39633766e-05 0.0
1.65122528e-05 9.65017098e-05 0.0
3.64411171e-05 7.03104743e-05 0.0
-0.000152278604 4.61786622e-05 0.0
3.00431566e-05 5.49306496e-05 0.0
1.26429813e-05 7.46510923e-05 0.0
-2.25866133e-05 0.000108156346 0.0
4.88917394e-05 4.09630775e-05 0.0
-0.000114385046 5.18021479e-05 0.0
7.17160801e-05 0.000112384521 0.0
-0.000175733177 2.93950961e-06 0.0
-0.000161427539 3.89460547e-05 0.0
-6.38377314e-05 9.59682584e-05 0.0
2.0129497e-05 3.54300282e-05 0.0
-0.00014445433 1.19054166e-05 0.0
-3.17665799e-05 1.50594651e-05 0.0
1.53103119e-05 3.28624083e-05 0.0
-0.000144804202 5.06111573e-05 0.0
-0.00018417355 1.86691468e-05 0.0
-0.000102974431 2.55140185e-05 0.0
-0.000206586803 1.21644662e-05 0.0
-0.000128275788 1.80407205e-05 0.0
-0.000126066559 3.45380249e-05 0.0
-0.000146012448 5.2656178e-05 0.0
-7.2918403e-05 1.58325452e-06 0.0
-4.09441855e-05 6.89186709e-05 0.0
4.25414146e-05 3.7998725e-05 0.0
0.000103446771 9.41336766e-05 0.0
-2.30073856e-05 1.65062302e-05 0.0
1.98858688e-05 3.46047564e-05 0.0
0.000132728281 0.000131779088 0.0
5.94370686e-05 7.63612552e-05 0.0
6.59825309e-05 8.40155044e-05 0.0
2.74299182e-05 7.27791776e-05 0.0
-0.000224289557 2.71104511e-07 0.0
8.21512549e-06 6.61977538e-05 0.0
-4.27257328e-06 0.000138613555 0.0
0.000110489556 5.98365732e-05 0.0
3.45225963e-05 0.000124475453 0.0
-3.6800684e-05 0.00010007168 0.0
-1.22836616e-06 3.59417099e-05 0.0
6.12419753e-05 3.78443146e-05 0.0
-4.74205081e-05 0.00010088303 0.0
0.0001913085 0.000114070484 0.0
8.22874863e-05 8.82938621e-05 0.0
-7.80434857e-05 3.49308284e-05 0.0
-2.39102042e-06 9.5188283e-05 0.0
-0.000172912609 1.62124561e-05 0.0
4.76947243e-05 0.000103898354 0.0
-5.22404553e-05 1.66711034e-05 0.0
0.000124053156 8.88872964e-05 0.0
0.000188799007 0.0001242258 0.0
-9.41211874e-06 6.69272922e-05 0.0
2.49747103e-08 1.3570826e-05 0.0
9.19178419e-05 0.00011430616 0.0
-6.39891323e-06 8.0666241e-06 0.0
0.000186306657 0.000133059788 0.0
-6.67757631e-05 0.000104702085 0.0
1.20982995e-05 0.000127474428 0.0
0.000125562627 9.95054652e-05 0.0
-0.000151807588 4.60628689e-06 0.0
0.000102738879 0.000110687666 0.0
-0.000127693565 3.58096368e-05 0.0
0.000123347039 7.74521541e-05 0.0
-0.000122349404 6.32637166e-05 0.0
1.01351061e-05 0.000122773083 0.0
-5.75408667e-05 9.12740215e-05 0.0
-6.17070327e-05 7.15905917e-05 0.0
0.000190360937 9.95955706e-05 0.0
8.14621526e-05 5.70870725e-05 0.0
5.10060709e-05 7.93779254e-05 0.0
-0.000106890067 2.60066845e-05 0.0
-0.000194126595 1.46298107e-05 0.0
-3.84581435e-05 5.0777875e-05 0.0
-0.000126452971 1.8082359e-05 0.0
4.46191043e-05 0.000106993299 0.0
0.000142520512 9.62452468e-05 0.0
-2.20404781e-05 5.83216315e-05 0.0
7.46896912e-05 9.70233887e-05 0.0
-0.000114870403 1.07698106e-05 0.0
6.09953349e-05 0.000134830916 0.0
-0.000143366648 9.96851395e-06 0.0
1.82358199e-05 7.09578017e-05 0.0
-7.46051373e-05 4.88968362e-05 0.0
0.000170255022 0.000121106255 0.0
-8.36356921e-05 7.86605524e-05 0.0
2.1314092e-05 0.000103133774 0.0
-9.72243652e-05 1.96849705e-05 0.0
-0.000118541298 2.10784983e-05 0.0
-0.000116696479 2.37407148e-05 0.0
-6.74943876e-05 1.77831553e-05 0.0
6.369115e-05 4.28372223e-05 0.0
7.44201752e-05 8.04644587e-05 0.0
0.000164582263 8.86835769e-05 0.0
-8.83985922e-06 0.000131641864 0.0
-7.32814296e-05 4.01347788e-05 0.0
-0.000123194841 4.31597073e-05 0.0
2.37132408e-05 1.84733799e-05 0.0
4.25237558e-05 3.61479724e-05 0.0
-4.5143719e-05 0.000114240589 0.0
0.00012484075 0.000115569404 0.0
-1.91686286e-05 0.000118434094 0.0
-4.06418731e-05 9.5733827e-05 0.0
-0.000204749449 2.48403376e-05 0.0
-5.76816274e-05 5.64162547e-05 0.0
9.12945761e-05 0.000100690733 0.0
-9.8859462e-05 2.88854553e-05 0.0
5.40257024e-05 0.000117021846 0.0
1.65730635e-05 6.00874373e-05 0.0
6.10250709e-07 2.23808456e-05 0.0
2.31629856e-05 7.16555951e-05 0.0
-3.30422808e-05 5.54232538e-05 0.0
-0.000174026049 3.12250668e-05 0.0
0.000188597362 0.000121259152 0.0
-7.40282703e-05 7.72258954e-06 0.0
-2.71670979e-05 5.88823277e-05 0.0
0.000128018859 0.000110388784 0.0
-0.000157911811 1.05017716e-05 0.0
2.15080108e-05 0.00011169105 0.0
-4.08334927e-05 8.05484433e-06 0.0
-1.93738379e-05 0.000101034144 0.0
-7.00757882e-05 4.02663136e-05 0.0
-0.000141519718 2.42565293e-05 0.0
-0.000133480396 2.82498495e-05 0.0
0.000113621427 0.000106410742 0.0
5.03514684e-06 6.07523143e-05 0.0
3.05126978e-05 0.000114868912 0.0
-5.61252018e-05 9.68151071e-05 0.0
-1.62973538e-05 6.73347267e-06 0.0
5.64916154e-05 6.78149299e-05 0.0
3.05262438e-05 0.000121662852 0.0
1.12875769e-05 2.11278948e-05 0.0
-0.000167564474 -1.06893458e-06 0.0
-8.57178675e-05 9.80266923e-05 0.0
-8.28254124e-05 8.81122469e-05 0.0
-8.59722204e-05 6.5116139e-05 0.0
6.36384721e-05 0.000110302892 0.0
-4.23754245e-05 2.14653592e-05 0.0
2.57998181e-05 3.13763667e-05 0.0
-2.98461946e-05 4.2407908e-05 0.0
0.000146431543 0.00012358003 0.0
5.78098297e-05 0.000125819759 0.0
-0.000173875917 3.90125169e-05 0.0
1.58409348e-05 8.25303578e-05 0.0
7.9528123e-05 4.64433688e-05 0.0
3.70962625e-05 0.000127909414 0.0
0.000126903251 0.000118083328 0.0
-1.49321841e-05 6.64612235e-05 0.0
6.26050969e-05 9.67278247e-05 0.0
-4.20620454e-05 6.18900231e-05 0.0
-4.40989534e-05 3.71814094e-05 0.0
1.08905733e-05 2.35517764e-05 0.0
0.00013145397 0.000123594989 0.0
-0.000202317548 3.07317059e-05 0.0
-3.61041784e-05 0.000102377031 0.0
4.3740496e-05 7.29059466e-05 0.0
0.000184358767 8.96789497e-05 0.0
-1.86387842e-05 4.02725491e-05 0.0
-3.26850895e-05 5.31568439e-05 0.0
-2.80396525e-05 3.8447979e-05 0.0
-0.000100417092 7.90144622e-05 0.0
-9.83336577e-05 8.29988567e-05 0.0
-2.64719874e-05 3.02265817e-05 0.0
-0.000228447287 -3.69833833e-06 0.0
3.36371013e-05 1.94835884e-05 0.0
-1.28147076e-05 7.42094344e-05 0.0
2.53730491e-06 7.97553275e-06 0.0
-0.000103433071 6.57421988e-05 0.0
-4.45587866e-05 9.16705249e-05 0.0
7.14291964e-05 0.000113645663 0.0
-0.000130867076 5.64140646e-05 0.0
-0.000208501864 1.84111377e-05 0.0
5.4385313e-05 0.000140696386 0.0
-0.000152726032 4.86692807e-05 0.0
0.000106255335 0.000107668944 0.0
-9.81660851e-05 6.54796604e-05 0.0
-4.06758627e-05 1.28372258e-05 0.0
-2.68394906e-05 5.62120258e-05 0.0
-8.43998205e-05 2.79971773e-05 0.0
-1.03429156e-05 0.000120301418 0.0
-1.85897243e-05 0.000101772144 0.0
-1.38633732e-05 0.000132014757 0.0
-1.72983182e-05 5.46325318e-05 0.0
-2.71934914e-05 7.15130082e-05 0.0
-9.67175947e-05 -3.13736814e-10 0.0
-3.53230535e-05 2.15276541e-05 0.0
-6.67834029e-05 5.52232486e-05 0.0
7.52873093e-05 0.000104195948 0.0
-6.51623486e-05 5.28680357e-06 0.0
-1.33868298e-05 5.95801248e-05 0.0
8.95534686e-05 6.84579863e-05 0.0
-0.000145658516 3.7335114e-05 0.0
-4.05329556e-05 1.80279694e-05 0.0
-0.00013710458 5.88756775e-05 0.0
1.98518082e-05 7.07526051e-05 0.0
0.000128150161 9.01908206e-05 0.0
-9.99911754e-06 8.61158187e-05 0.0
-0.000159854302 4.33648202e-05 0.0
4.75258348e-05 3.70756461e-05 0.0
7.95461456e-05 0.000134768197 0.0
6.32318552e-05 7.99676127e-05 0.0
3.47575115e-05 7.69369435e-05 0.0
4.24470672e-05 0.000105724474 0.0
-0.000216676359 7.17847797e-06 0.0
0.000122359532 6.64563777e-05 0.0
5.47380732e-05 5.2988893e-05 0.0
1.00179041e-05 1.6478285e-05 0.0
0.00012840658 9.33602641e-05 0.0
4.97693909e-05 3.93374248e-05 0.0
3.34453107e-05 0.00010942106 0.0
4.35800757e-05 3.89181441e-05 0.0
8.30962599e-05 0.000116090778 0.0
-0.000212857296 1.29716263e-05 0.0
4.55054615e-05 7.15666756e-05 0.0
4.56568778e-05 0.000134997448 0.0
-6.75199699e-05 8.0265243e-05 0.0
0.00012041103 7.54700959e-05 0.0
6.0951792e-05 0.00010737202 0.0
-2.87231578e-05 3.93261253e-05 0.0
4.74953522e-05 9.92053028e-05 0.0
3.61015373e-05 3.93685332e-05 0.0
-5.69881704e-05 3.91249378e-05 0.0
-0.000132426037 1.73666249e-05 0.0
-0.000218812245 4.61128184e-06 0.0
-0.000119994133 5.78320178e-05 0.0
0.000101648868 0.000110721812 0.0
1.37130528e-05 2.25931326e-05 0.0
3.27483031e-05 0.000123458885 0.0
3.23772838e-05 9.43085324e-05 0.0
-5.2231102e-05 8.69043652e-05 0.0
-7.28216764e-05 8.71746636e-07 0.0
-8.16294851e-05 7.93118816e-05 0.0
2.93492958e-05 0.000120825542 0.0
-9.32915791e-05 8.8927336e-05 0.0
3.9308572e-05 5.87774848e-05 0.0
-5.90556738e-05 6.86469721e-05 0.0
8.06397384e-06 1.18428497e-05 0.0
-0.000165648962 4.60289175e-06 0.0
-0.000107993408 1.22666017e-06 0.0
-0.000112057103 4.39509713e-05 0.0
1.08595932e-05 9.05809575e-05 0.0
-2.47608823e-05 2.18648274e-05 0.0
-2.46594973e-05 3.33859389e-05 0.0
-0.00013745841 4.47885504e-05 0.0
9.06739733e-05 9.28967784e-05 0.0
-6.91186142e-05 2.77167328e-05 0.0
-8.827485e-05 5.6844583e-05 0.0
5.08716948e-05 7.77726091e-05 0.0
-3.02469271e-05 6.8141977e-05 0.0
3.33005369e-06 4.80246417e-05 0.0
-0.000122755489 1.51740333e-05 0.0
0.000128793807 7.62186392e-05 0.0
3.4619934e-05 0.000103774641 0.0
1.09515531e-05 3.27398557e-05 0.0
-5.29176468e-05 6.92227513e-06 0.0
5.81165332e-05 4.43975769e-05 0.0
5.14392423e-06 0.000137060255 0.0
-8.84757355e-06 0.000122877027 0.0
5.58623688e-05 3.663186e-05 0.0
-0.000160106298 2.3970797e-05 0.0
-3.32622731e-05 1.42876324e-05 0.0
-0.000104393264 7.86013479e-05 0.0
-1.73668595e-05 0.000108254455 0.0
1.00674661e-05 2.87275016e-05 0.0
5.47964082e-05 7.55505607e-05 0.0
0.000110008768 9.8717006e-05 0.0
-0.000125896651 6.20313658e-05 0.0
-5.11214057e-06 1.88755675e-05 0.0
-0.000147964383 4.52950881e-05 0.0
-9.00144514e-05 1.09367302e-05 0.0
2.20973961e-05 7.39798124e-05 0.0
-7.29814492e-05 0.000104231513 0.0
-7.36470683e-05 3.82691833e-05 0.0
-0.000139909651 4.00972021e-05 0.0
-0.000164174446 3.66322311e-05 0.0
3.0461506e-05 6.96823263e-05 0.0
1.6799946e-05 2.44758376e-05 0.0
-0.000186343983 6.750799e-06 0.0
-2.98742289e-05 0.000114954688 0.0
3.44563705e-05 7.23983685e-05 0.0
-0.000202032898 1.9734227e-05 0.0
1.47429262e-06 5.9803624e-05 0.0
-8.94553741e-05 4.0870822e-05 0.0
-8.57650593e-06 5.02381663e-05 0.0
-0.000214316286 1.05233939e-05 0.0
-9.94864022e-05 3.00388692e-05 0.0
0.000130763641 0.000104599363 0.0
-1.32090727e-05 0.000115210227 0.0
-3.61371531e-05 0.000108930224 0.0
-2.58684322e-05 7.28707601e-05 0.0
1.30740264e-05 6.33075833e-05 0.0
1.45260692e-05 1.41097544e-05 0.0
-3.33656644e-05 5.21730435e-05 0.0
-6.78443394e-05 3.91231006e-05 0.0
-6.53534516e-05 1.36421477e-05 0.0
0.000108068227 6.17337137e-05 0.0
2.58991859e-05 4.59506227e-05 0.0
-1.32752643e-06 0.000110522597 0.0
3.3640692e-05 0.000117327188 0.0
0.000197114772 0.000102874052 0.0
1.39161066e-05 3.33072858e-05 0.0
-2.44472994e-05 5.0755094e-05 0.0
-0.000139214724 1.36660292e-05 0.0
-6.72865935e-05 4.38349052e-05 0.0
0.000139143842 9.1213391e-05 0.0
-0.000119379678 7.09313972e-05 0.0
-5.24180614e-05 7.64709475e-05 0.0
1.33148433e-05 6.86079729e-05 0.0
-0.000184692311 2.87340936e-05 0.0
0.000109149099 8.23663722e-05 0.0
7.05417697e-05 9.2369075e-05 0.0
-3.17763115e-05 8.10666006e-06 0.0
-0.000161208678 -1.46606439e-07 0.0
-0.000192775886 1.95491648e-05 0.0
-6.6816312e-05 8.00028502e-05 0.0
8.53979654e-05 5.70551383e-05 0.0
-3.10809482e-05 9.35675489e-05 0.0
0.000151981207 8.66604387e-05 0.0
-3.40159932e-05 4.90531493e-05 0.0
2.42891952e-06 7.92893698e-05 0.0
-9.10781819e-05 6.76432755e-05 0.0
6.0659172e-06 3.43879474e-05 0.0
-0.000121804056 3.45008993e-05 0.0
-4.34452122e-05 9.46625005e-05 0.0
6.0379436e-05 8.83784887e-05 0.0
-0.000101675054 3.40575898e-05 0.0
-8.47621268e-05 3.44814653e-05 0.0
9.33027768e-05 5.46111187e-05 0.0
-0.000239142275 -2.17635261e-06 0.0
8.98732469e-05 6.01048596e-05 0.0
-7.5037824e-05 7.72815838e-05 0.0
0.000133816458 0.00011422173 0.0
0.000190799532 0.000133246751 0.0
-0.000150959662 4.76979039e-05 0.0
-7.42136253e-05 6.51728915e-05 0.0
-0.000148184088 8.16976353e-06 0.0
0.000162320765 0.000106796942 0.0
-2.21483406e-05 3.85238891e-05 0.0
7.95392916e-05 7.74798318e-05 0.0
0.000194009015 9.51843031e-05 0.0
0.000117298514 7.04620616e-05 0.0
-0.000215890541 4.48211495e-06 0.0
-6.23934902e-05 9.77718009e-05 0.0
5.15068386e-05 3.66529712e-05 0.0
-9.2446433e-05 3.07218725e-05 0.0
-2.40307418e-05 2.18423302e-05 0.0
-3.79352423e-05 0.000115061921 0.0
6.15683689e-07 7.28521991e-05 0.0
-4.92625622e-05 4.99210655e-05 0.0
-0.000177805501 1.10963647e-05 0.0
-0.00020507141 1.34654019e-05 0.0
8.61261651e-05 5.56460291e-05 0.0
-0.000165337347 4.1916348e-05 0.0
1.9525336e-05 0.00012158497 0.0
-0.000168747123 1.51341719e-05 0.0
-6.30099603e-05 8.7836961e-05 0.0
-7.26628423e-05 5.31720616e-05 0.0
7.23695703e-05 4.82661526e-05 0.0
-8.05727395e-05 8.82226668e-05 0.0
-0.000172119384 2.55928862e-05 0.0
9.19598242e-05 0.000100075777 0.0
-1.44306932e-05 0.000108807762 0.0
4.32769912e-06 5.96999162e-05 0.0
0.000191405736 0.00012512102 0.0
-1.60033028e-06 6.34692187e-05 0.0
-3.10114847e-05 1.79761792e-05 0.0
7.16033173e-05 0.000108872897 0.0
8.16670799e-05 8.4577594e-05 0.0
-0.000144672958 1.64008379e-05 0.0
6.98494769e-05 5.92272081e-05 0.0
-3.71615715e-05 3.84980194e-05 0.0
-0.000159125993 1.68011975e-05 0.0
2.21102728e-05 0.000120978722 0.0
-8.18585249e-05 9.1120135e-05 0.0
-4.14257265e-05 9.70200708e-05 0.0
-0.000121032004 5.61713205e-05 0.0
0.00017640063 0.000125065562 0.0
0.000132609057 7.91970742e-05 0.0
6.39249947e-06 0.000126306899 0.0
-9.48133893e-05 9.25586501e-05 0.0
-0.000106455853 5.82572538e-05 0.0
9.03427353e-05 8.79909276e-05 0.0
-1.21367666e-05 0.000132180401 0.0
-4.80159833e-05 0.000121482277 0.0
3.44009231e-06 6.40692379e-05 0.0
0.000145832018 0.000121464313 0.0
-0.000110077875 2.48153447e-05 0.0
-4.99013404e-05 9.12709511e-05 0.0
2.97566658e-06 2.1586151e-05 0.0
4.73471991e-05 4.41373122e-05 0.0
-5.5165001e-05 0.000109072207 0.0
7.27733423e-05 9.09141454e-05 0.0
-0.000151877815 2.82698893e-05 0.0
-7.42375196e-05 4.49582876e-06 0.0
0.000135410766 0.000108822467 0.0
-0.000142436518 5.09898273e-05 0.0
7.88805992e-05 4.26853985e-05 0.0
7.36254005e-05 8.11724822e-05 0.0
-0.000209302467 1.62682954e-05 0.0
0.000116950258 0.000111083151 0.0
0.000135082548 0.000119568591 0.0
3.74404444e-05 8.89551156e-05 0.0
-5.62928217e-05 6.12792574e-05 0.0
-7.46688165e-05 9.40307364e-05 0.0
-0.000134616639 1.43332609e-05 0.0
-5.20810886e-07 7.15106671e-06 0.0
-1.17199506e-05 0.000100561301 0.0
-3.42874118e-05 0.000106146181 0.0
-0.000188244274 1.53988385e-05 0.0
9.66853258e-05 0.00010413603 0.0
8.20884088e-05 4.96757275e-05 0.0
-0.000133013382 1.56571386e-05 0.0
-1.09046468e-05 3.35449549e-05 0.0
-9.36074866e-05 5.89454939e-05 0.0
-0.000122680416 2.00752784e-05 0.0
1.72266937e-05 0.000117950112 0.0
-1.72892014e-05 4.67563768e-05 0.0
0.000137898576 0.000115116942 0.0
7.90618105e-06 6.98517251e-05 0.0
0.000105651387 0.000106628358 0.0
1.45374943e-05 6.72237584e-05 0.0
-8.71004449e-05 -1.23266727e-06 0.0
5.46278034e-06 6.22702064e-05 0.0
0.000143232508 0.000128879503 0.0
-0.000117343276 2.19067551e-05 0.0
5.40342553e-05 6.41788865e-05 0.0
6.74218172e-05 8.43397793e-05 0.0
-7.284822e-06 5.5075714e-05 0.0
-1.29180335e-05 1.64823432e-05 0.0
-5.83572582e-05 1.20859258e-05 0.0
