-0.000278008607 -0.000122661091 0.0
-0.000273749989 -0.000151937071 0.0
-0.000180527684 -0.000127457664 0.0
-0.000150418156 -0.000117164134 0.0
-0.000170267202 -0.000110637819 0.0
-0.000281850167 -0.000117164134 0.0
-0.00031195968 -0.000127457664 0.0
-0.000282790163 -0.000167145088 0.0
-0.000278255815 -0.000207395526 0.0
-0.000245098316 -0.000182025644 0.0
-1.51062177e-05 -1.77172224e-05 0.0
-1.96405563e-05 2.25332187e-05 0.0
-0.00029751379 -0.000153628847 0.0
-0.000294742815 -0.000169299004 0.0
-0.000269885175 -0.00015453645 0.0
-3.1593212e-05 2.03793024e-05 0.0
-3.43641877e-05 3.6049456e-05 0.0
-0.000173207125 -3.0219875e-05 0.0
-0.000165730555 -6.56864213e-05 0.0
-0.000330301147 -0.000150958396 0.0
-0.000360892096 -0.000158485578 0.0
-0.000340614177 -0.000189195474 0.0
-0.000229460085 -0.000158485578 0.0
-0.000198869166 -0.000150958396 0.0
-0.000227047029 -0.000127259598 0.0
-0.000219610156 -0.000161949298 0.0
-0.000328240247 -0.000172627435 0.0
-0.000321721716 -0.000180851886 0.0
-0.000152337641 -6.62171806e-05 0.0
-0.000139708878 -6.72978422e-05 0.0
-8.20889472e-05 -5.18493143e-05 0.0
-5.87202267e-05 -4.72443826e-05 0.0
-7.97800676e-05 -2.52850077e-05 0.0
-0.000190152219 -4.72443826e-05 0.0
-0.000213520951 -5.18493143e-05 0.0
-0.000144685982 -8.07262622e-05 0.0
-0.000138352145 -9.5862415e-05 0.0
-0.000108801207 -3.24865141e-05 0.0
-9.46923101e-05 -3.76241733e-05 0.0
-0.000185908953 -8.12399012e-05 0.0
-0.000179432172 -9.57833909e-05 0.0
-0.00025959342 -9.67399392e-05 0.0
-0.000253591425 -0.000121704026 0.0
-0.000173863722 -9.17020589e-05 0.0
-0.000165582591 -0.000104564366 0.0
-0.000204897471 -7.98612236e-05 0.0
-0.000196843568 -0.000102265643 0.0
-0.000263149588 -0.000189678307 0.0
0.0 0.0 0.0
-0.000131431996 0.0 0.0
-0.000394581613 -0.000189678307 0.0
-0.000283049041 -0.000124692262 0.0
-0.000287839823 -0.000127575258 0.0
-0.00029167207 -0.000130904387 0.0
-0.000294169586 -0.000134251095 0.0
-0.000295336504 -0.000138105868 0.0
-0.000295325124 -0.000142205346 0.0
-0.000294292171 -0.0001460036 0.0
-0.00029195266 -0.000148905106 0.0
-0.000288290437 -0.00015101007 0.0
-0.000283864763 -0.000152189634 0.0
-0.000278955151 -0.000152568959 0.0
-0.000268547738 -0.000150102627 0.0
-0.000263771624 -0.000147466199 0.0
-0.000259902532 -0.00014428646 0.0
-0.000257304142 -0.000141056895 0.0
-0.000256360101 -0.000137649273 0.0
-0.000256912725 -0.000134186645 0.0
-0.000258470594 -0.000130630782 0.0
-0.000261127047 -0.000126981031 0.0
-0.000265032548 -0.000123363119 0.0
-0.000268591248 -0.000122047306 0.0
-0.000272877602 -0.000121820864 0.0
-0.000151508575 -0.000116212032 0.0
-0.000152542809 -0.000114699964 0.0
-0.000153814326 -0.000112735237 0.0
-0.000155900037 -0.000111139409 0.0
-0.0001586219 -0.000110127628 0.0
-0.000162103577 -0.000109587891 0.0
-0.000165979392 -0.000109834924 0.0
-0.000174204411 -0.000111844391 0.0
-0.000177151174 -0.000113079324 0.0
-0.000179291761 -0.00011466485 0.0
-0.000180777395 -0.000116670686 0.0
-0.000181865602 -0.000119070857 0.0
-0.00018226594 -0.000121583216 0.0
-0.000181753523 -0.000124327038 0.0
-0.000309472089 -0.000130294997 0.0
-0.000305944908 -0.000131572917 0.0
-0.000301628083 -0.000131441411 0.0
-0.00029679123 -0.00013042902 0.0
-0.00029156034 -0.000128143074 0.0
-0.000286026305 -0.000124411978 0.0
-0.000280628388 -0.000119080134 0.0
-0.000280570734 -0.000117111391 0.0
-0.000271125755 -0.000207031611 0.0
-0.000264187402 -0.000205459917 0.0
-0.000258018874 -0.000203116084 0.0
-0.000253110804 -0.000200097435 0.0
-0.0002494113 -0.000196206252 0.0
-0.000246730284 -0.000191694839 0.0
-0.000245209929 -0.000186867634 0.0
-0.000246451964 -0.00017701443 0.0
-0.000249040371 -0.000172248925 0.0
-0.000252847618 -0.00016835524 0.0
-0.000257878302 -0.000165516904 0.0
-0.000263764785 -0.000163898105 0.0
-0.00026995191 -0.000163572404 0.0
-0.000276377599 -0.000164557132 0.0
-2.56934072e-05 1.86881916e-05 0.0
-3.07659684e-05 1.3908857e-05 0.0
-3.42743988e-05 8.90727461e-06 0.0
-3.59370279e-05 3.98069687e-06 0.0
-3.58875332e-05 -1.38214989e-06 0.0
-3.45916451e-05 -6.65993321e-06 0.0
-3.16955266e-05 -1.1244756e-05 0.0
-2.72226043e-05 -1.44986143e-05 0.0
-2.14895626e-05 -1.66708542e-05 0.0
-0.00029102253 -0.000170175495 0.0
-0.000286928669 -0.000170226718 0.0
-0.000282573892 -0.000169421372 0.0
-0.000277959451 -0.000167497943 0.0
-0.000273033482 -0.000164067547 0.0
-0.000269029319 -0.000159814401 0.0
-0.000267567957 -0.000156877853 0.0
-0.000268261472 -0.000155638656 0.0
-0.000271886995 -0.000153053785 0.0
-0.00027445567 -0.000151584798 0.0
-0.000277740037 -0.000150431122 0.0
-0.000281416491 -0.000149630345 0.0
-0.000285071554 -0.000149252635 0.0
-0.000288503594 -0.000149348925 0.0
-0.000291624892 -0.000150005042 0.0
-0.000294683414 -0.000151464104 0.0
-3.66180757e-05 3.33221906e-05 0.0
-3.799158e-05 3.03618035e-05 0.0
-3.82530925e-05 2.74464055e-05 0.0
-3.71682945e-05 2.45883402e-05 0.0
-3.49003421e-05 2.21516875e-05 0.0
-0.000179595678 -3.2357133e-05 0.0
-0.000183324795 -3.45545486e-05 0.0
-0.000185649347 -3.69017325e-05 0.0
-0.000187610611 -4.05761311e-05 0.0
-0.000188816048 -4.52927343e-05 0.0
-0.000188869031 -5.06359684e-05 0.0
-0.000187717611 -5.66180061e-05 0.0
-0.00018517366 -6.1521474e-05 0.0
-0.000181653202 -6.44996107e-05 0.0
-0.000176972477 -6.60105216e-05 0.0
-0.000171473162 -6.65114712e-05 0.0
-0.000159947653 -6.38296915e-05 0.0
-0.000154656474 -6.08113332e-05 0.0
-0.000150216598 -5.69457443e-05 0.0
-0.000147043393 -5.22955779e-05 0.0
-0.000145364043 -4.70512496e-05 0.0
-0.000145126905 -4.15579852e-05 0.0
-0.000146447652 -3.6699068e-05 0.0
-0.000149409985 -3.29347968e-05 0.0
-0.000153822053 -3.04416444e-05 0.0
-0.000159376912 -2.90317603e-05 0.0
-0.000165950914 -2.8824652e-05 0.0
-0.000364020059 -0.000162376484 0.0
-0.000366150576 -0.000167193008 0.0
-0.000367198023 -0.000172790838 0.0
-0.000366852561 -0.00017836137 0.0
-0.000364928128 -0.000183103431 0.0
-0.000361286249 -0.000186519159 0.0
-0.000356541976 -0.000188482169 0.0
-0.000351280003 -0.000189595768 0.0
-0.000345867156 -0.000189819417 0.0
-0.000335256511 -0.000187446436 0.0
-0.000329809147 -0.000184582677 0.0
-0.000325133646 -0.000180940158 0.0
-0.000321806554 -0.000177094335 0.0
-0.000319943181 -0.000172861663 0.0
-0.000319351355 -0.000168191953 0.0
-0.000319995539 -0.00016305453 0.0
-0.000321842905 -0.000157569273 0.0
-0.000325330795 -0.000153352885 0.0
-0.00020423418 -0.00015016699 0.0
-0.000209980164 -0.000150342254 0.0
-0.00021579137 -0.000151501445 0.0
-0.000221167749 -0.000153562127 0.0
-0.000225777432 -0.000155872083 0.0
-0.000233140381 -0.000129269029 0.0
-0.000239288071 -0.000132935558 0.0
-0.000245007017 -0.000137647003 0.0
-0.000248256169 -0.000142099248 0.0
-0.000249036239 -0.000145016616 0.0
-0.000248200755 -0.000147761064 0.0
-0.000246893207 -0.000151203494 0.0
-0.000244830095 -0.000155232832 0.0
-0.000241572532 -0.000158797353 0.0
-0.000237196538 -0.00016150593 0.0
-0.000231636615 -0.000162861179 0.0
-0.000225713025 -0.00016280025 0.0
-0.000213972991 -0.000160168158 0.0
-0.000209733334 -0.000158084003 0.0
-0.000206575889 -0.000155782502 0.0
-0.000204122334 -0.000152386972 0.0
-0.000202442985 -0.000148197592 0.0
-0.000201693794 -0.000143331505 0.0
-0.000202013369 -0.000138338466 0.0
-0.000203523843 -0.00013428113 0.0
-0.000206452954 -0.000131231238 0.0
-0.000210536018 -0.000128917192 0.0
-0.000215486536 -0.000127364212 0.0
-0.000221110968 -0.000126715051 0.0
-0.000330242212 -0.000173674518 0.0
-0.000332157884 -0.0001751526 0.0
-0.000333548756 -0.000176745729 0.0
-0.000334085955 -0.000178207469 0.0
-0.000333688426 -0.000179503928 0.0
-0.000332522701 -0.000180597213 0.0
-0.00033070732 -0.000181355208 0.0
-0.000328450638 -0.000181661046 0.0
-0.000325859437 -0.000181612166 0.0
-0.000323520973 -0.000181148469 0.0
-0.000320372928 -0.000180545423 0.0
-0.000319024461 -0.000179770475 0.0
-0.000317877653 -0.000178556176 0.0
-0.000317088328 -0.000176950445 0.0
-0.000316839316 -0.00017480315 0.0
-0.000317315396 -0.000172447617 0.0
-0.00031867958 -0.000170882253 0.0
-0.000320946565 -0.000170506653 0.0
-0.000323308079 -0.000171072534 0.0
-0.000325819768 -0.000171884094 0.0
-0.000155117043 -6.74247058e-05 0.0
-0.000156032125 -6.76086711e-05 0.0
-0.000156035792 -6.79141085e-05 0.0
-0.000156151742 -6.90240922e-05 0.0
-0.00015651845 -7.14446433e-05 0.0
-0.000156033653 -7.33076231e-05 0.0
-0.00015432779 -7.27724182e-05 0.0
-0.000152050226 -7.19079035e-05 0.0
-0.000149455911 -7.10447712e-05 0.0
-0.000146631297 -7.00385135e-05 0.0
-0.000143273821 -6.89569788e-05 0.0
-0.000137143245 -6.60084261e-05 0.0
-0.000136884715 -6.55977201e-05 0.0
-0.000137800569 -6.56265838e-05 0.0
-0.000138219009 -6.53854877e-05 0.0
-0.000138537449 -6.49475405e-05 0.0
-0.00013896056 -6.45400069e-05 0.0
-0.000140037984 -6.4183223e-05 0.0
-0.00014160994 -6.39594218e-05 0.0
-0.000143765938 -6.41076476e-05 0.0
-0.000146313279 -6.44503962e-05 0.0
-0.000149227344 -6.52350573e-05 0.0
-5.72179306e-05 -4.53455468e-05 0.0
-5.56896885e-05 -4.25331709e-05 0.0
-5.4891505e-05 -3.89628512e-05 0.0
-5.49627657e-05 -3.46564266e-05 0.0
-5.64039801e-05 -3.04608748e-05 0.0
-5.95728125e-05 -2.70482469e-05 0.0
-6.40531653e-05 -2.51034544e-05 0.0
-6.92518879e-05 -2.43972027e-05 0.0
-7.48240491e-05 -2.44515595e-05 0.0
-8.28278498e-05 -2.64052542e-05 0.0
-8.5052714e-05 -2.80555632e-05 0.0
-8.75420519e-05 -3.07895971e-05 0.0
-8.9799265e-05 -3.43538559e-05 0.0
-9.16198187e-05 -3.85051717e-05 0.0
-9.21775136e-05 -4.23686179e-05 0.0
-9.13903059e-05 -4.54484361e-05 0.0
-8.9303212e-05 -4.81088464e-05 0.0
-8.61493245e-05 -5.02903349e-05 0.0
-0.000208610494 -5.26283511e-05 0.0
-0.000202856158 -5.20769936e-05 0.0
-0.000196952431 -5.06572287e-05 0.0
-0.000192384934 -4.86510689e-05 0.0
-0.000147873376 -8.23258888e-05 0.0
-0.000149383835 -8.33301237e-05 0.0
-0.000150043721 -8.44636161e-05 0.0
-0.000150716471 -8.60442015e-05 0.0
-0.000151010798 -8.793093e-05 0.0
-0.000150672015 -9.00385785e-05 0.0
-0.000149795422 -9.22835316e-05 0.0
-0.000148298015 -9.40968093e-05 0.0
-0.000146153106 -9.5229494e-05 0.0
-0.000143639467 -9.5906471e-05 0.0
-0.000140996024 -9.61550322e-05 0.0
-0.000135723778 -9.48727538e-05 0.0
-0.000133234018 -9.31043251e-05 0.0
-0.000131061752 -9.06943606e-05 0.0
-0.000129360284 -8.76632839e-05 0.0
-0.000128353597 -8.4407533e-05 0.0
-0.000128233558 -8.17971304e-05 0.0
-0.000129237917 -8.01259448e-05 0.0
-0.000131263922 -7.91345446e-05 0.0
-0.000133990659 -7.85752854e-05 0.0
-0.000137347335 -7.85365919e-05 0.0
-0.000140861855 -7.91965576e-05 0.0
-0.000111727924 -3.40804108e-05 0.0
-0.000111929396 -3.45657863e-05 0.0
-0.000111046495 -3.45536173e-05 0.0
-0.000110575558 -3.49735965e-05 0.0
-0.000110319656 -3.57063727e-05 0.0
-0.000109885987 -3.65886845e-05 0.0
-0.000109027256 -3.7546768e-05 0.0
-0.000107342858 -3.82504877e-05 0.0
-0.000104947627 -3.88387707e-05 0.0
-0.000101920246 -3.89132692e-05 0.0
-9.82074998e-05 -3.84258783e-05 0.0
-9.30162569e-05 -3.68265937e-05 0.0
-9.22334075e-05 -3.57907666e-05 0.0
-9.09553419e-05 -3.41036794e-05 0.0
-8.99550651e-05 -3.26852678e-05 0.0
-8.97998398e-05 -3.17194645e-05 0.0
-9.04606277e-05 -3.08797826e-05 0.0
-9.20113671e-05 -2.99521598e-05 0.0
-9.41494582e-05 -2.90985754e-05 0.0
-9.71161935e-05 -2.88787269e-05 0.0
-0.000100764832 -2.93813646e-05 0.0
-0.000104838276 -3.07466034e-05 0.0
-0.000189211656 -8.25350144e-05 0.0
-0.000192303429 -8.43980888e-05 0.0
-0.000194703083 -8.6397391e-05 0.0
-0.00019595254 -8.81899832e-05 0.0
-0.000195842978 -8.99801089e-05 0.0
-0.000194680033 -9.17656071e-05 0.0
-0.000192481311 -9.33838601e-05 0.0
-0.000189515864 -9.46578584e-05 0.0
-0.000185947225 -9.56077201e-05 0.0
-0.000181762036 -9.59775498e-05 0.0
-0.000177555805 -9.50907779e-05 0.0
-0.000175121138 -9.34762065e-05 0.0
-0.000172662738 -9.10634117e-05 0.0
-0.000170563522 -8.71897282e-05 0.0
-0.000169588457 -8.28408083e-05 0.0
-0.000170851141 -8.11189529e-05 0.0
-0.000173393841 -8.07731485e-05 0.0
-0.00017650098 -8.03933872e-05 0.0
-0.0001795188 -8.0493046e-05 0.0
-0.000182629738 -8.06527751e-05 0.0
-0.00026561183 -9.94949514e-05 0.0
-0.000271948171 -0.000103934486 0.0
-0.000275516708 -0.000108471497 0.0
-0.000274574209 -0.000108653468 0.0
-0.00027388992 -0.000109616849 0.0
-0.000273519894 -0.000111674737 0.0
-0.000272477337 -0.000114114191 0.0
-0.000270467513 -0.000116947187 0.0
-0.000266855466 -0.000120364253 0.0
-0.000263407826 -0.000121809746 0.0
-0.000259013235 -0.000122199897 0.0
-0.000248010299 -0.000119902114 0.0
-0.000242261944 -0.000116173069 0.0
-0.0002365041 -0.000110314912 0.0
-0.000232665669 -0.000103343475 0.0
-0.000234695137 -0.00010276895 0.0
-0.000236692576 -0.000102604565 0.0
-0.000239018904 -0.000101094767 0.0
-0.000241794973 -9.94678558e-05 0.0
-0.000245276839 -9.77583913e-05 0.0
-0.000249453267 -9.63433558e-05 0.0
-0.000254265702 -9.59869212e-05 0.0
-0.000174977395 -9.2195769e-05 0.0
-0.000176645292 -9.33273186e-05 0.0
-0.000178282819 -9.49074893e-05 0.0
-0.000179518596 -9.70523615e-05 0.0
-0.000180156814 -9.97443422e-05 0.0
-0.000180098796 -0.000102767161 0.0
-0.000179340583 -0.0001054436 0.0
-0.00017759089 -0.000106885171 0.0
-0.000175094639 -0.000107223525 0.0
-0.000172157917 -0.000106912928 0.0
-0.000169011604 -0.000106038213 0.0
-0.000162557175 -0.000102720238 0.0
-0.000161248565 -0.000101552992 0.0
-0.000160836367 -0.000100851015 0.0
-0.000160379539 -9.93893409e-05 0.0
-0.000160115756 -9.75671574e-05 0.0
-0.000160383497 -9.57453885e-05 0.0
-0.000161280492 -9.41922699e-05 0.0
-0.000163002536 -9.29402886e-05 0.0
-0.000165526173 -9.21141764e-05 0.0
-0.000168551458 -9.15793935e-05 0.0
-0.000172165819 -9.14926641e-05 0.0
-0.000209688165 -8.17311884e-05 0.0
-0.000214768967 -8.50575598e-05 0.0
-0.000219782392 -9.00421946e-05 0.0
-0.000224499963 -9.74062859e-05 0.0
-0.000223471579 -9.95920564e-05 0.0
-0.000221044771 -9.91346024e-05 0.0
-0.000218655376 -9.97778334e-05 0.0
-0.000216164204 -0.000100654426 0.0
-0.000213370542 -0.000101553931 0.0
-0.000209899168 -0.000102308026 0.0
-0.000206202327 -0.000102833073 0.0
-0.000201783172 -0.000102825965 0.0
-0.000192258783 -0.000101049896 0.0
-0.000189854269 -0.000100343459 0.0
-0.000188318532 -9.90198241e-05 0.0
-0.000187177822 -9.69605317e-05 0.0
-0.000186428835 -9.44526109e-05 0.0
-0.000186179415 -9.14872362e-05 0.0
-0.000186825826 -8.80026855e-05 0.0
-0.000188242513 -8.40662906e-05 0.0
-0.000190361854 -8.10873898e-05 0.0
-0.000193004758 -7.96527966e-05 0.0
-0.000196379042 -7.91180646e-05 0.0
-0.000200413691 -7.91362982e-05 0.0
-0.000252447382 -0.000179602386 0.0
-0.000242283626 -0.000169354607 0.0
-0.000136728937 -0.000105562976 0.0
-0.000131990615 -9.84789149e-05 0.0
-0.000131296212 -9.6576041e-05 0.0
-0.000132856861 -9.63108178e-05 0.0
-0.000131765395 -9.47521476e-05 0.0
-0.000126992192 -9.07106732e-05 0.0
-0.000120999619 -8.49122371e-05 0.0
-0.000112594273 -7.78436515e-05 0.0
-0.000101066384 -6.99115189e-05 0.0
-8.90752126e-05 -6.02549553e-05 0.0
-4.73220571e-05 -4.05109276e-05 0.0
-3.74786032e-05 -3.35057011e-05 0.0
-2.6304022e-05 -2.31854847e-05 0.0
-1.28418906e-05 -1.1817825e-05 0.0
-4.42525288e-06 -8.21661797e-06 0.0
-2.46923082e-05 1.11305872e-05 0.0
-2.90381067e-05 1.10407291e-05 0.0
-4.32039378e-05 2.19511621e-05 0.0
-5.32024169e-05 9.40595964e-06 0.0
-6.38185156e-05 1.0820462e-06 0.0
-7.23279372e-05 -5.3753422e-07 0.0
-7.83827345e-05 1.11222232e-06 0.0
-8.25240859e-05 3.18984848e-06 0.0
-8.95916819e-05 1.27054136e-06 0.0
-9.87908206e-05 -6.91500827e-06 0.0
-0.000109458597 -1.94564018e-05 0.0
-0.000119845325 -3.04912464e-05 0.0
-0.000128687694 -3.61297971e-05 0.0
-0.000133434078 -3.31774972e-05 0.0
-0.000131811015 -2.57706743e-05 0.0
-0.000127423773 -1.37671168e-05 0.0
-0.000125128165 -3.74913816e-06 0.0
-0.000127460691 1.61615583e-06 0.0
-0.000144273887 -1.1817825e-05 0.0
-0.000157736024 -2.31854847e-05 0.0
-0.000168910599 -3.35057011e-05 0.0
-0.000178754053 -4.05109276e-05 0.0
-0.000220507209 -6.02549553e-05 0.0
-0.00023249838 -6.99115189e-05 0.0
-0.000244026276 -7.78436515e-05 0.0
-0.000252431608 -8.49122371e-05 0.0
-0.000258424203 -9.07106732e-05 0.0
-0.000263197406 -9.47521476e-05 0.0
-0.000264288858 -9.63108178e-05 0.0
-0.000262728194 -9.6576041e-05 0.0
-0.000263422611 -9.84789149e-05 0.0
-0.000268160948 -0.000105562976 0.0
-0.000373715622 -0.000169354607 0.0
-0.000383879378 -0.000179602386 0.0
-0.000390610308 -0.000188062142 0.0
-0.000388277782 -0.000193427433 0.0
-0.000390573376 -0.000203445423 0.0
-0.000394960603 -0.000215448978 0.0
-0.000396583666 -0.000222855801 0.0
-0.000391837297 -0.000225808093 0.0
-0.000382994913 -0.000220169546 0.0
-0.000372608192 -0.000209134698 0.0
-0.000361940416 -0.000196593304 0.0
-0.000352741277 -0.000188407765 0.0
-0.000345673674 -0.000186488454 0.0
-0.000341532344 -0.000188566075 0.0
-0.000335477525 -0.00019021584 0.0
-0.000326968118 -0.000188596256 0.0
-0.00031635203 -0.000180272342 0.0
-0.000306353526 -0.000167727136 0.0
-0.000292187702 -0.000178637565 0.0
-0.000287841918 -0.000178547707 0.0
-0.000267574855 -0.000197894915 0.0
-0.000248022057 -0.000128591739 0.0
-0.000131957684 -3.97942094e-05 0.0
-0.000279082626 -0.000151532717 0.0
-9.92843197e-05 -2.36228825e-05 0.0
-0.000215498992 -0.000113770104 0.0
-0.000242485374 -0.000116149247 0.0
-0.000252752943 -0.000138539603 0.0
-8.84036272e-05 -1.72369564e-05 0.0
-0.000276729377 -0.000112149399 0.0
-0.000156761816 -6.77178905e-05 0.0
-0.00021964265 -0.000114406052 0.0
-0.000175438458 -0.000120711484 0.0
-0.000210304963 -6.42904415e-05 0.0
-0.000139065392 -6.42912273e-05 0.0
-0.000228168792 -8.17102773e-05 0.0
-0.000126551822 -2.69839165e-05 0.0
-0.00026766042 -0.000142542005 0.0
-9.07707217e-05 -1.33510939e-05 0.0
-0.000138187839 -7.03456099e-05 0.0
-0.000219114343 -0.000156708818 0.0
-0.000165060192 -7.85039374e-05 0.0
-0.000216754779 -0.000109595647 0.0
-0.000237559769 -0.000127268329 0.0
-0.000151021959 -5.56926207e-05 0.0
-0.000291655306 -0.00014094176 0.0
-0.000132157176 -4.50403204e-05 0.0
-0.000101118159 -1.81116484e-05 0.0
-0.000288089999 -0.000160402808 0.0
-0.000212666535 -0.000152112814 0.0
-7.01953395e-05 -2.96699955e-06 0.0
-0.000135873488 -6.5165761e-05 0.0
-0.000104512714 -5.09493038e-05 0.0
-0.000296403799 -0.000161436998 0.0
-0.000106268024 -3.45439621e-05 0.0
-0.000243215429 -0.000113824302 0.0
-0.000157224815 -7.99333793e-05 0.0
-0.000123713675 -6.01064639e-05 0.0
-0.000271225086 -0.000145979706 0.0
-0.000259811088 -0.000132395449 0.0
-0.000202246607 -0.000110920504 0.0
-0.000215700828 -0.000116549694 0.0
-0.000199032889 -0.000105097446 0.0
-0.000261034729 -0.000139339129 0.0
-4.99934067e-05 -4.81040433e-06 0.0
-0.000231853046 -0.000118362201 0.0
-0.000166025406 -7.360374e-05 0.0
-7.55463334e-05 -3.08366907e-06 0.0
-0.000242909678 -8.87329152e-05 0.0
-0.000108338514 -3.54525291e-05 0.0
-0.000164350771 -0.000104933148 0.0
-0.000247881486 -0.000141329656 0.0
-0.000185415789 -0.000134316113 0.0
-0.000108348417 -1.61173266e-05 0.0
-0.000206257027 -0.000104670828 0.0
-0.000165809688 -8.11643768e-05 0.0
-3.00013271e-05 -2.77110266e-05 0.0
-0.000161673262 -7.80652263e-05 0.0
-0.000164110141 -0.000104245242 0.0
-0.000130598084 -3.1096999e-05 0.0
-0.000223922572 -7.30884858e-05 0.0
-0.000119393764 -4.06517102e-05 0.0
-8.19320849e-05 -1.0780167e-05 0.0
-0.000142787321 -7.20957687e-05 0.0
-0.000128690619 -5.17129738e-05 0.0
-0.000214242915 -7.57092566e-05 0.0
-0.000115553034 -3.05254216e-05 0.0
-0.000117539508 -4.4323373e-05 0.0
-4.6703215e-05 -8.63382229e-06 0.0
-0.000353783747 -0.000198987473 0.0
-0.000227363678 -8.99645311e-05 0.0
-6.5047614e-05 -4.68840199e-06 0.0
-0.000220498536 -0.000120321405 0.0
-0.000201344257 -5.24004208e-05 0.0
-0.000147285769 -4.71954518e-05 0.0
-0.000183357042 -0.000128506465 0.0
-0.000199176633 -6.17994883e-05 0.0
-0.000148325606 -5.95484307e-05 0.0
-0.000298978353 -0.000166088954 0.0
-0.000203389034 -0.000139336538 0.0
-0.000238571563 -0.000132989502 0.0
-0.000238554625 -0.000120106495 0.0
-0.00024941942 -0.00012530126 0.0
-0.000114015784 -7.1200433e-05 0.0
-0.000231887345 -0.000112774047 0.0
-7.17184521e-05 3.09126312e-06 0.0
-0.0003178115 -0.000156880793 0.0
-0.00022263595 -0.000106249914 0.0
-0.000230527759 -0.000172055647 0.0
-0.000297617225 -0.000143468962 0.0
-0.00029800061 -0.000153677596 0.0
-6.27334302e-05 6.02586715e-06 0.0
-0.000234988751 -0.000113068927 0.0
-6.90843299e-05 -1.37891302e-05 0.0
-0.000255043415 -0.000123714781 0.0
-0.00014962515 -8.50407305e-05 0.0
-0.00021500788 -0.000111935202 0.0
-0.000194098247 -0.000101130718 0.0
-0.000246704381 -0.000131946261 0.0
-0.000140678647 -4.91439532e-05 0.0
-0.00027808125 -0.000152601919 0.0
-0.00012805291 -5.31366022e-05 0.0
-0.000112756439 -4.24341706e-05 0.0
-0.00027870576 -0.000113845716 0.0
-0.000151923639 -7.6628945e-05 0.0
-0.000207897916 -0.00014276916 0.0
-0.000286617549 -0.000126047787 0.0
-0.000143804617 -6.86392304e-05 0.0
-0.000170131214 -8.29094206e-05 0.0
-0.000297762774 -0.000165133155 0.0
-0.000189140163 -4.24206009e-05 0.0
-0.000135686496 -3.82524377e-05 0.0
-0.000267949043 -0.000157808667 0.0
-0.000225412979 -0.000164940284 0.0
-0.000227677883 -0.000170205618 0.0
-0.000204412558 -0.000140113494 0.0
-0.000308616174 -0.000170730622 0.0
-0.00012872892 -5.76543571e-05 0.0
-0.000277524872 -0.000151339496 0.0
-0.000274032471 -0.000109806824 0.0
-0.000283453031 -0.0001292159 0.0
-0.000172385407 -0.000116624149 0.0
-0.000103140184 -5.49479664e-05 0.0
-0.000164767262 -8.57919149e-05 0.0
-0.00023698587 -0.000123309423 0.0
-0.000211324004 -6.08899682e-05 0.0
-0.000203619144 -0.000106291984 0.0
-0.000180627409 -7.73251959e-05 0.0
-0.000283242349 -0.000151208194 0.0
-0.000301441294 -0.000165675199 0.0
-0.000276416657 -0.000111065929 0.0
-0.000162970828 -7.7697674e-05 0.0
-0.000258864078 -0.000135744471 0.0
-0.000193361382 -0.000103828759 0.0
-0.000239996123 -8.13988736e-05 0.0
-0.000146984661 -8.02485592e-05 0.0
-0.000230762918 -0.000114860835 0.0
-0.000269492361 -0.000144006801 0.0
-0.00013612592 -7.20320022e-05 0.0
-0.000217223656 -8.22292714e-05 0.0
-0.000262501882 -0.000145344733 0.0
-0.000114864175 -1.66971986e-05 0.0
-0.000161717267 -6.4864762e-05 0.0
-0.000234134757 -0.000125482533 0.0
-0.000121937272 -5.46343072e-05 0.0
-0.00011646482 -2.52564332e-05 0.0
-9.96345188e-05 -2.09747541e-05 0.0
-9.42895713e-05 -3.80663187e-05 0.0
-0.000174611705 -7.8246514e-05 0.0
-0.000144701626 -4.31963817e-05 0.0
-9.13187032e-05 -2.05240522e-05 0.0
-0.000183337746 -4.04294224e-05 0.0
-6.78879514e-05 -1.82681958e-06 0.0
-0.000150804204 -5.89105657e-05 0.0
-0.00025218114 -9.25998538e-05 0.0
-6.84102997e-05 7.71071791e-06 0.0
-0.000199013186 -9.8039869e-05 0.0
-0.000120908968 -6.20445498e-05 0.0
-0.000189611834 -0.000139232186 0.0
-5.75381528e-05 -1.47384035e-05 0.0
-0.00011012808 -5.02353105e-05 0.0
-0.000284038601 -0.00017277732 0.0
-0.000194534499 -0.000111465946 0.0
-0.00017292914 -0.000115741837 0.0
-0.000213408479 -0.000110825109 0.0
-0.000151892367 -1.78503051e-05 0.0
-0.000208548168 -0.000103982311 0.0
-0.000371354137 -0.00021026349 0.0
-0.000157677117 -0.00010059023 0.0
-0.000338781945 -0.000184580902 0.0
-0.000316414458 -0.000157581948 0.0
-0.000123786172 -4.94559863e-05 0.0
-9.89840628e-05 -6.26998008e-05 0.0
-0.000302661356 -0.000155414004 0.0
-0.000233294966 -0.000175257883 0.0
-0.00022685602 -0.000126932762 0.0
-0.000138702089 -5.29942081e-05 0.0
-0.000258128188 -0.000132870104 0.0
-0.000197027737 -5.26200783e-05 0.0
-0.000263301306 -0.000142049612 0.0
-3.66357854e-05 -2.05984364e-07 0.0
-0.00018762231 -0.000138186326 0.0
-0.000243941438 -0.000177399299 0.0
-0.00022460286 -0.000102575737 0.0
-1.59060619e-05 -1.69054274e-05 0.0
-0.000251064164 -0.000146296472 0.0
-6.66334672e-05 -1.22813008e-05 0.0
-0.000255822815 -0.000186131234 0.0
-0.000301650754 -0.000156176524 0.0
-0.000348905829 -0.000191832369 0.0
-0.000197919202 -0.000133224516 0.0
-9.41052203e-05 -9.98599262e-06 0.0
-0.000259477965 -0.000151290908 0.0
-0.000206216544 -7.11657995e-05 0.0
-0.000146300401 -0.000106323489 0.0
-0.000237840883 -9.16961217e-05 0.0
-0.000304519403 -0.000170529456 0.0
-0.00028888107 -0.000139040305 0.0
-0.00021856821 -0.000108780725 0.0
-0.000218154557 -0.00015655726 0.0
-0.000159922507 -9.76775118e-05 0.0
-0.000225520271 -0.000119936616 0.0
-0.000114632363 -3.35276454e-05 0.0
-0.00013032592 -3.56541786e-05 0.0
-0.000163361736 -7.38357849e-05 0.0
-9.9915087e-05 -2.10626713e-05 0.0
-0.000283190457 -0.000152630906 0.0
-0.000198562935 -0.000132709247 0.0
-0.000161064352 -8.12947837e-05 0.0
-0.000188881444 -0.000129882173 0.0
-5.45050534e-05 1.14591812e-05 0.0
-0.000305982394 -0.000166304279 0.0
-8.56651241e-05 -9.72249836e-06 0.0
-0.000185059995 -9.70253241e-05 0.0
-0.000168321189 -8.62820671e-05 0.0
-0.000233903469 -0.00017724614 0.0
-0.000239589863 -0.000117583862 0.0
-0.000268455857 -0.000143958619 0.0
-7.97178582e-05 -1.04671908e-05 0.0
-8.27828117e-05 -1.28483634e-05 0.0
-0.000129371241 -4.01821417e-05 0.0
-9.16969439e-05 -1.74632441e-05 0.0
-0.000117962896 -6.98196891e-05 0.0
-0.000213507912 -0.00011968318 0.0
-0.000201279356 -0.000135669732 0.0
-0.000345234555 -0.000191217245 0.0
-0.000155310394 -6.96431089e-05 0.0
-0.000159496514 -6.90089582e-05 0.0
-3.71946953e-05 -3.33369535e-05 0.0
-0.000105332765 -5.83451147e-05 0.0
-0.000374667085 -0.000172254848 0.0
-0.00021555656 -0.000154584573 0.0
-0.000285623537 -0.000157670394 0.0
-0.000256443862 -0.000130385451 0.0
-0.000199331422 -4.77923459e-05 0.0
-0.000188299353 -8.61031222e-05 0.0
-0.000237650544 -0.000134734728 0.0
-0.00010664641 -3.13470009e-05 0.0
-0.000303930108 -0.000166279293 0.0
-0.000147832194 -8.0660473e-05 0.0
-3.22892229e-05 -2.74845024e-05 0.0
-0.000190603707 -0.00010091687 0.0
-0.000163024102 -7.83281939e-05 0.0
-0.000155582151 -5.75257582e-05 0.0
-0.000239419125 -0.000178916845 0.0
-4.21233926e-05 7.05281991e-06 0.0
-0.000163658871 -8.24591552e-05 0.0
-0.000272702106 -0.000163334087 0.0
-0.00012480779 -2.76761839e-05 0.0
-0.000288087467 -0.000158793395 0.0
-3.00128613e-05 5.4606935e-06 0.0
-0.000309312658 -0.00015235132 0.0
-0.000122854166 -4.98511727e-05 0.0
-0.0001405613 -4.5619232e-05 0.0
-0.000194886365 -6.40549697e-05 0.0
-0.000266738498 -0.00015581926 0.0
-0.000153486282 -8.20674104e-05 0.0
-0.000305054331 -0.000169793435 0.0
-0.000234347477 -0.000128656204 0.0
-5.47738637e-05 -6.8746499e-06 0.0
-0.000160332827 -9.63091152e-05 0.0
-0.000341645471 -0.000183381184 0.0
-8.55818435e-05 -3.14702265e-05 0.0
-0.000101753489 -8.43183625e-06 0.0
-0.000304018875 -0.000147114915 0.0
-0.000250481884 -0.000123366364 0.0
-0.000233697283 -0.000109084765 0.0
-0.000289932912 -0.000156027323 0.0
-0.000107099084 -3.13098062e-05 0.0
-9.45519496e-05 -4.22976591e-05 0.0
-0.000125255829 -4.54525689e-05 0.0
-0.000228393576 -0.000169758438 0.0
-0.000304526999 -0.000165287391 0.0
-0.000223047187 -6.7539775e-05 0.0
-0.00024211772 -0.000122385827 0.0
-0.000121144971 -7.9770216e-05 0.0
-0.000335039222 -0.000185637633 0.0
-0.000277535844 -0.000166313141 0.0
-0.000219947673 -9.95010487e-05 0.0
-0.000244461466 -0.000133634545 0.0
-0.000193667525 -9.03435721e-05 0.0
-0.000122308527 -5.08517733e-05 0.0
-8.92244789e-05 -3.14442586e-05 0.0
-0.000234212581 -0.000170454456 0.0
-0.000207741294 -5.43570495e-05 0.0
-0.000263561466 -0.000137834722 0.0
-0.000206094875 -0.000110168374 0.0
-0.000199382528 -0.000138570846 0.0
-0.000123423655 -4.62558201e-05 0.0
-0.000164143305 -7.70225088e-05 0.0
-0.000123898033 -4.76809473e-05 0.0
-0.000282558292 -0.00011566333 0.0
-0.000286387163 -0.000121808873 0.0
-0.000119618649 -4.99685666e-05 0.0
-0.000140056727 -1.21687417e-05 0.0
-4.63154684e-05 -3.94808776e-05 0.0
-0.000238510591 -0.000111379493 0.0
-5.59968466e-05 -1.1269849e-05 0.0
-0.000224257994 -9.35866847e-05 0.0
-0.000237204586 -0.000124000479 0.0
-0.000272397447 -0.000147687795 0.0
-0.000233337749 -8.67878625e-05 0.0
-0.00019269211 -4.28323001e-05 0.0
-0.000319158746 -0.000181768875 0.0
-0.000248550292 -8.71038574e-05 0.0
-0.000260694738 -0.00015098053 0.0
-0.000226402102 -9.71605768e-05 0.0
-7.81521303e-05 -1.06028347e-05 0.0
-0.000150847147 -7.57556263e-05 0.0
-9.71110567e-05 -2.66716161e-05 0.0
-0.000302645436 -0.000164761368 0.0
-0.000327554473 -0.000167903476 0.0
-0.000377131044 -0.000207502948 0.0
-0.00014669454 -7.1358576e-05 0.0
-0.000200588853 -0.000100201381 0.0
-5.45010298e-05 1.75713649e-05 0.0
-6.23865417e-05 -1.5966325e-05 0.0
-0.00017656578 -7.80674527e-05 0.0
-0.000246061623 -0.000137736555 0.0
-6.11745927e-05 5.09307893e-06 0.0
-0.00016591516 -8.57155246e-05 0.0
-0.000168209837 -0.000109705521 0.0
-0.000213981766 -7.03195328e-05 0.0
-6.61141748e-05 -1.31351117e-05 0.0
-0.000255532825 -9.53703857e-05 0.0
-0.000203879623 -0.000106143845 0.0
-0.00018936077 -0.00013728936 0.0
-0.000251061982 -0.000123732272 0.0
-0.000233808678 -7.57369271e-05 0.0
-0.000107629581 -5.97149774e-05 0.0
-0.000303251814 -0.000164089055 0.0
-0.000191723171 -0.00011416927 0.0
-0.000225582306 -0.000117204276 0.0
-0.000273357437 -0.000147404906 0.0
-0.000138865536 -3.1553529e-05 0.0
-0.000164048266 -0.000107340122 0.0
-0.000151406159 -8.90740557e-05 0.0
-8.25576717e-05 -2.9314011e-05 0.0
-0.000192654057 -0.000134424292 0.0
-0.000130087254 -6.79466903e-05 0.0
-0.000292436685 -0.000160318828 0.0
-0.000115761337 -6.30821742e-05 0.0
-0.000258797576 -0.000146412436 0.0
-0.000139982003 -3.85931344e-05 0.0
-0.000190308972 -0.000104835563 0.0
-0.000327800168 -0.000185857934 0.0
-0.000278588472 -0.000122341473 0.0
-0.000140190081 -0.000100761004 0.0
-0.000260390254 -0.000142604767 0.0
-0.000125870196 -5.36238331e-05 0.0
-0.00025455968 -0.00013713236 0.0
-0.000130977161 -6.49411668e-05 0.0
-0.000119748591 -4.89659906e-05 0.0
-0.000120878532 -3.14026838e-05 0.0
-0.000136203817 -2.69655866e-05 0.0
-0.000176773916 -8.4798543e-05 0.0
-0.000255320774 -0.000148274223 0.0
-8.63465684e-05 -2.91612614e-05 0.0
-0.000337397796 -0.000182958363 0.0
-0.000252904283 -0.000133606751 0.0
-0.000219595095 -0.000116725372 0.0
-6.11304931e-05 1.01555825e-05 0.0
-0.00028267497 -0.000124241997 0.0
-0.00034052378 -0.000182376534 0.0
-0.000292604062 -0.00013215137 0.0
-0.00015159171 -8.6829561e-05 0.0
-0.000210248676 -0.000104460982 0.0
-7.95447268e-05 -2.38521425e-05 0.0
-0.000115610885 -1.88580798e-05 0.0
-4.59590337e-05 2.2746859e-05 0.0
-0.0002088693 -7.75730878e-05 0.0
-0.000252556492 -0.000129644584 0.0
-0.000109752378 -3.42450621e-05 0.0
-0.000122202735 -5.17576264e-05 0.0
-0.000221748574 -7.69851686e-05 0.0
-0.000230380625 -0.000129552369 0.0
-0.000101321348 -2.98890682e-05 0.0
-0.000176531903 -9.12532705e-05 0.0
-0.000166238446 -0.000106587482 0.0
-0.000197541332 -9.70240144e-05 0.0
-0.000135767041 -6.38740094e-05 0.0
-5.6529927e-05 7.73171178e-06 0.0
-0.000176273825 -0.000120799792 0.0
-0.000269251264 -0.000144873964 0.0
-0.000101469283 -4.38737479e-05 0.0
-8.21929643e-05 -4.90590264e-06 0.0
-0.000144142687 -7.98007095e-05 0.0
-0.000365129992 -0.000206604178 0.0
-0.00033929132 -0.000183449636 0.0
-0.00010361235 -6.00627536e-05 0.0
-0.00014495886 -4.69193765e-05 0.0
-8.94569821e-05 -1.57053273e-05 0.0
-0.000274186546 -0.000111305199 0.0
-0.000331304065 -0.000176762798 0.0
-9.31352406e-05 -3.42425301e-05 0.0
-0.000213741427 -0.00011526647 0.0
-0.000194909167 -0.000146019782 0.0
-0.000244630937 -9.34571071e-05 0.0
-2.22468934e-05 -2.12341365e-05 0.0
-0.000229599013 -7.78881076e-05 0.0
-7.23726116e-05 -3.99850848e-07 0.0
-0.00022367324 -0.000114009403 0.0
-0.000307251554 -0.000155633839 0.0
-0.000129955297 -5.13679843e-05 0.0
-0.000157780494 -6.44882821e-05 0.0
-0.000216591026 -6.71376838e-05 0.0
-0.000187698359 -0.000100104466 0.0
-4.20238684e-05 -3.4615925e-05 0.0
-0.000116849988 -2.12517989e-05 0.0
-0.000277357787 -0.000151724817 0.0
-0.000205936958 -0.00010887727 0.0
-0.000136235627 -4.37711496e-05 0.0
-0.000169862731 -9.06959249e-05 0.0
-0.000158596929 -7.1620474e-05 0.0
-0.000137120602 -6.34915996e-05 0.0
-0.000137805342 -3.48802823e-05 0.0
-0.000140988486 -5.13955092e-05 0.0
-0.000256502972 -0.000158422146 0.0
-0.000305635156 -0.000161844277 0.0
-0.000269315933 -0.000144527003 0.0
-0.000216153319 -0.000103368599 0.0
-0.000152933819 -8.51600053e-05 0.0
-2.55551386e-05 -2.39460969e-05 0.0
-0.000137574141 -6.29336064e-05 0.0
-0.000147747953 -6.14895907e-05 0.0
-3.76860116e-05 3.89773004e-06 0.0
-0.000152598383 -9.97597308e-05 0.0
-0.000137457275 -6.84224142e-05 0.0
-0.000275367027 -0.000149997402 0.0
-0.000309209398 -0.000172571716 0.0
-0.000221804818 -0.000160602751 0.0
-0.000113496819 -4.94161141e-05 0.0
-0.000135957744 -6.04454945e-05 0.0
-7.51439948e-05 -5.47653417e-06 0.0
-0.000159911608 -7.49806059e-05 0.0
-0.000191530315 -0.000125868042 0.0
-0.000260139001 -9.70139663e-05 0.0
-0.000214502477 -0.000110070076 0.0
-0.000182231888 -9.49860696e-05 0.0
-0.000155457499 -5.63352369e-05 0.0
-0.000181127398 -0.000128055835 0.0
-0.000191797648 -0.000126322906 0.0
-3.7732043e-05 1.73690083e-07 0.0
-9.500952e-05 -6.97376845e-06 0.0
-0.000142101402 -4.45488477e-05 0.0
-0.000226524702 -0.000114849448 0.0
-0.000133845228 -9.4485149e-05 0.0
-0.000306528033 -0.000144679376 0.0
-0.000192296837 -0.000127360152 0.0
-0.000132220885 -5.53924801e-05 0.0
-0.00024189704 -0.00011867447 0.0
-0.000233248997 -0.000107376669 0.0
-0.000122002013 -4.90960265e-05 0.0
-0.000200059585 -7.04555277e-05 0.0
-0.000252315775 -0.000128169486 0.0
-0.000177247392 -0.000118929282 0.0
-0.000149379557 -5.96213795e-05 0.0
-0.00011665585 -4.10491557e-05 0.0
-0.00015678913 -9.58722594e-05 0.0
-0.000139062744 -6.89143644e-06 0.0
-0.000137401745 -9.61094192e-05 0.0
-0.000273342303 -0.000119456956 0.0
-0.000246255775 -0.000163547316 0.0
-0.000260688481 -0.00018860017 0.0
-0.000179112059 -7.70926708e-05 0.0
-0.000223245937 -0.000107012871 0.0
-0.000105317013 -1.75112546e-05 0.0
-0.000216951885 -0.000155203714 0.0
-0.000120684301 -4.19788448e-05 0.0
-0.000171501597 -0.000114840361 0.0
-0.000210840153 -0.000148407969 0.0
-0.000150712644 -0.000104494153 0.0
-0.000162044322 -2.62269059e-05 0.0
-0.000294898084 -0.000147469967 0.0
-0.000108721142 -5.98534243e-05 0.0
-0.000127542764 -4.34571266e-05 0.0
-6.8809808e-05 -2.1562626e-05 0.0
-0.000378330529 -0.000179864714 0.0
-0.000232978084 -0.000112298105 0.0
-0.00017027717 -7.29626772e-05 0.0
-0.000131828332 -3.1411957e-05 0.0
-0.000187461759 -3.98894044e-05 0.0
-0.000132000772 -9.3563016e-05 0.0
-0.000168321189 -6.99697121e-05 0.0
-0.000308280578 -0.000172752014 0.0
-0.000136926406 -3.64069347e-05 0.0
-0.000227158554 -0.000118681477 0.0
-0.000172552609 -8.94501209e-05 0.0
-0.000124297498 -8.02642026e-05 0.0
-0.000257682928 -0.000124858358 0.0
-0.000203989723 -5.82793e-05 0.0
-0.000192092295 -0.00013917574 0.0
-0.000306898204 -0.000157753675 0.0
-0.000160455471 -8.47881165e-05 0.0
-0.000247533317 -0.000176956906 0.0
-0.000211276376 -9.96576564e-05 0.0
-7.97253742e-05 -1.66284244e-05 0.0
-0.00025380493 -0.000141412442 0.0
-0.000221079972 -0.000123802369 0.0
-0.000128502317 -3.40621336e-05 0.0
-0.000158015886 -9.45444845e-05 0.0
-0.000126468483 -5.57422936e-05 0.0
-0.00019345741 -5.48678145e-05 0.0
-0.000345144828 -0.000184691104 0.0
-0.000291844975 -0.000137045179 0.0
-0.000305901252 -0.000150226027 0.0
-0.000224781892 -8.56666229e-05 0.0
-0.000239875109 -0.000185149096 0.0
-0.000178553062 -0.000123987586 0.0
-0.000341549312 -0.000187136917 0.0
-0.000297051243 -0.000137359151 0.0
-0.000218967733 -8.70315052e-05 0.0
-0.000180703209 -0.000127577412 0.0
-0.000356860633 -0.000198216032 0.0
-0.000386157335 -0.000182476608 0.0
-0.0001742491 -9.45794018e-05 0.0
-0.000278360152 -0.000166772545 0.0
-0.000123131336 -3.75550444e-05 0.0
-0.000290480384 -0.000139488839 0.0
-4.08961896e-05 -2.7238817e-05 0.0
-0.000142319739 -7.61952833e-05 0.0
-0.0003099936 -0.000166682978 0.0
-0.000234501858 -0.000129243126 0.0
-0.000205053439 -6.3765845e-05 0.0
-4.89022386e-05 8.88344402e-06 0.0
-0.000252270518 -0.000159492571 0.0
-0.000238699387 -8.50524739e-05 0.0
-0.000110859524 -7.35271096e-05 0.0
-0.000205276709 -0.000118651798 0.0
-0.000137964234 -4.12090194e-05 0.0
-0.000212692015 -0.000151241024 0.0
-0.000244737079 -0.000169169231 0.0
-0.000244317838 -0.000128544911 0.0
-0.00019372681 -9.22578474e-05 0.0
-0.000246422132 -0.000125738108 0.0
-9.22103427e-05 -1.51441218e-05 0.0
-7.75696572e-06 -8.93969536e-06 0.0
-0.000263642229 -0.0001378132 0.0
-0.000326507026 -0.000170715037 0.0
-0.000194796899 -4.62672506e-05 0.0
-0.00024125044 -0.000137903393 0.0
-0.000124632847 -8.50799988e-05 0.0
-0.000110797017 -2.52690443e-05 0.0
-0.000118428026 -4.27879531e-05 0.0
-0.000220642716 -9.19868762e-05 0.0
-9.10024391e-05 -1.72966484e-05 0.0
-0.000297679042 -0.000165935824 0.0
-0.000131490306 -5.57582971e-05 0.0
-0.00024808367 -0.000164526078 0.0
-0.000222838353 -0.000109534172 0.0
-0.000255015679 -0.000147156941 0.0
-0.000179730006 -9.28799927e-05 0.0
-5.76718776e-05 1.60985182e-05 0.0
-0.000172276239 -9.25004788e-05 0.0
-0.000235083251 -0.000175698253 0.0
-0.000107235377 -2.7250815e-05 0.0
-0.000157900839 -9.29320886e-05 0.0
-0.000227834375 -0.00012437343 0.0
-0.000145450234 -7.16036229e-05 0.0
-1.37957359e-05 -1.64510911e-05 0.0
-5.41127447e-05 -1.96456995e-06 0.0
