-7.43617829e-06 0.000433928479 0.0
-1.89289551e-06 0.000496097025 0.0
6.54266432e-06 0.000482771895 0.0
-1.77513939e-05 0.000453090935 0.0
0.000255945895 0.000445760408 0.0
0.000239802699 0.000436266972 0.0
0.000228376535 0.000428000989 0.0
0.000236201289 0.000423431833 0.0
-0.000103397062 0.000428000989 0.0
-9.19709055e-05 0.000436266972 0.0
-7.58276947e-05 0.000445760408 0.0
0.000291679316 0.000640499638 0.0
0.000297146908 0.000660503749 0.0
0.000300487562 0.000675756601 0.0
0.000266030023 0.00064413267 0.0
-1.69916366e-05 2.06742261e-05 0.0
-2.03322979e-05 5.42137695e-06 0.0
-2.57998981e-05 -1.45827507e-05 0.0
0.000193737025 0.000615147525 0.0
0.00019707618 0.000628162757 0.0
0.000201458024 0.00064012612 0.0
0.000162088647 0.000612453907 0.0
-0.000116021169 -1.4956272e-05 0.0
-0.000120403027 -2.69196225e-05 0.0
-0.000123742167 -3.9934901e-05 0.0
-0.000242985741 6.35325559e-05 0.0
-0.000233949992 9.88582033e-05 0.0
-0.000230697799 8.90861629e-05 0.0
-0.000245074625 6.71938833e-05 0.0
8.03195871e-06 0.000537111773 0.0
1.88771355e-05 0.000545603398 0.0
2.58271048e-05 0.000553202117 0.0
3.24350513e-05 0.000568713178 0.0
0.000357600715 0.000553202117 0.0
0.000350650749 0.000545603398 0.0
0.000339805556 0.000537111773 0.0
0.000188633159 0.000514492334 0.0
0.000195818197 0.000534246559 0.0
0.000196421854 0.000532833626 0.0
0.000187968981 0.000517799461 0.0
8.5544656e-05 0.000560352695 0.0
0.000103831866 0.000597653736 0.0
0.000106723965 0.00058359711 0.0
8.41656365e-05 0.000571466808 0.0
-2.88251103e-05 0.00023629186 0.0
-1.7915012e-05 0.000218343572 0.0
-2.71682875e-05 0.0002364385 0.0
-1.88636459e-05 0.000224372561 0.0
7.16525028e-05 0.00011762885 0.0
7.13125482e-05 0.000111851768 0.0
6.93539187e-05 0.000107254498 0.0
5.4621647e-05 0.000112601549 0.0
6.77233547e-05 0.000117189127 0.0
6.37970006e-05 0.000107473235 0.0
-0.000262419693 0.000107254498 0.0
-0.000260461064 0.000111851768 0.0
-0.000260121102 0.00011762885 0.0
0.000128536631 0.000290043798 0.0
0.000143809913 0.00030271578 0.0
0.000141790239 0.000299823529 0.0
0.000130551736 0.000285976421 0.0
1.97885547e-05 0.000156104958 0.0
3.56268683e-05 0.000125804698 0.0
1.90975625e-05 0.000145906568 0.0
3.07096234e-05 0.000132735106 0.0
3.30995827e-05 0.000288884301 0.0
4.64835248e-05 0.000328011607 0.0
5.01034119e-05 0.000312933087 0.0
2.46871787e-05 0.000296813843 0.0
-9.19216182e-05 0.000359605561 0.0
-8.40508001e-05 0.000399668381 0.0
-8.84541223e-05 0.000369513116 0.0
-8.73814861e-05 0.000386565633 0.0
7.0112641e-05 0.000339940801 0.0
8.73856479e-05 0.000363394298 0.0
8.67181661e-05 0.00036479882 0.0
7.0936323e-05 0.000349095964 0.0
-5.78049658e-05 0.000225156298 0.0
-4.67573191e-05 0.000270884571 0.0
-3.87033542e-05 0.000259408815 0.0
-6.47386551e-05 0.000238143824 0.0
0.000317479193 0.000655082404 0.0
0.0 0.0 0.0
-0.000331773597 0.0 0.0
-1.42944e-05 0.000655082404 0.0
2.63026527e-06 0.00043837924 0.0
1.20198692e-05 0.000444042787 0.0
1.96967849e-05 0.000450970314 0.0
2.51986094e-05 0.000458650815 0.0
2.85009501e-05 0.000467580336 0.0
2.97648039e-05 0.000476917194 0.0
2.89341115e-05 0.000485045282 0.0
2.61304231e-05 0.000491053856 0.0
2.13239164e-05 0.000495097775 0.0
1.45706545e-05 0.000497109257 0.0
6.7110077e-06 0.00049755018 0.0
-1.06801745e-05 0.000492659863 0.0
-1.91306262e-05 0.000487986224 0.0
-2.6697664e-05 0.000481994735 0.0
-3.28736387e-05 0.000475336157 0.0
-3.74591109e-05 0.000468055194 0.0
-4.04758939e-05 0.000460438023 0.0
-4.13892521e-05 0.000452430249 0.0
-4.02958176e-05 0.000444348931 0.0
-3.58772086e-05 0.000437935698 0.0
-2.89836171e-05 0.000433296169 0.0
-1.85797999e-05 0.0004321702 0.0
-5.12313727e-06 0.0004683515 0.0
0.000251168851 0.000443249766 0.0
0.000245715084 0.000440139876 0.0
0.000234772044 0.000432591303 0.0
0.00023094553 0.000429861073 0.0
0.000227102617 0.000425390113 0.0
0.000226287855 0.000422026351 0.0
0.00022631399 0.000419199991 0.0
0.000227073746 0.00041773633 0.0
0.000228749472 0.000418011623 0.0
0.000231114202 0.000419099961 0.0
0.00023370405 0.000421271136 0.0
0.000238491688 0.000425789331 0.0
0.000241431146 0.000427787192 0.0
0.000245142699 0.000430243788 0.0
0.000249005476 0.000432942965 0.0
0.000252237864 0.00043598254 0.0
0.00025471652 0.000439052354 0.0
0.000255705818 0.000442700577 0.0
-0.00010082806 0.000429861073 0.0
-9.70015535e-05 0.000432591303 0.0
-8.6058506e-05 0.000440139876 0.0
-8.06047392e-05 0.000443249766 0.0
-7.74210566e-05 0.000447921077 0.0
-8.04256269e-05 0.000448714796 0.0
-8.43482267e-05 0.000447375758 0.0
-8.84437613e-05 0.000444962236 0.0
-9.19564263e-05 0.000441154029 0.0
-9.54369607e-05 0.000437390554 0.0
-9.88467655e-05 0.000434162968 0.0
-0.000101834747 0.000430631044 0.0
0.000293236313 0.000645700726 0.0
0.000295039237 0.000652224582 0.0
0.00029880795 0.000668039138 0.0
0.000299864972 0.000672759081 0.0
0.00029578057 0.000673702918 0.0
0.000291613396 0.000671093178 0.0
0.000287545845 0.000668040884 0.0
0.000282673951 0.000664477702 0.0
0.00027720927 0.000660245714 0.0
0.00027211479 0.000655397365 0.0
0.000268038828 0.000649979629 0.0
0.000265879178 0.000638422964 0.0
0.000266928109 0.000634353026 0.0
0.00026830018 0.000631900795 0.0
0.000270170654 0.00063083251 0.0
0.000272429286 0.00063179381 0.0
0.000276662322 0.000634059368 0.0
0.000283451431 0.000636648678 0.0
-1.76142385e-05 1.76767098e-05 0.0
-1.86712568e-05 1.29567388e-05 0.0
-2.24399646e-05 -2.85781971e-06 0.0
-2.42428796e-05 -9.38166977e-06 0.0
-1.77503716e-05 -9.87846033e-06 0.0
-1.12556372e-05 -4.38725101e-06 0.0
-6.71393991e-06 1.20330139e-06 0.0
-4.25768167e-06 6.63610717e-06 0.0
-3.62088008e-06 1.25136376e-05 0.0
-4.20178276e-06 1.74224842e-05 0.0
-5.87190652e-06 2.05309461e-05 0.0
-8.69208816e-06 2.19172616e-05 0.0
-1.26534906e-05 2.17316083e-05 0.0
0.00019495959 0.000620875857 0.0
0.000199499438 0.000635176431 0.0
0.000198873575 0.000640154118 0.0
0.000195267537 0.000638642698 0.0
0.000189716113 0.000635997974 0.0
0.00018190869 0.000631821749 0.0
0.000174813147 0.0006274755 0.0
0.000168853847 0.000622809283 0.0
0.000165101985 0.000618230901 0.0
0.00016318071 0.000614859338 0.0
0.000161426608 0.00060991483 0.0
0.000161484844 0.000607470807 0.0
0.000162384356 0.000605546811 0.0
0.000164058743 0.000604345114 0.0
0.0001672301 0.000604205881 0.0
0.000172700093 0.000605075445 0.0
0.00017994408 0.00060751976 0.0
0.000187285361 0.00061065401 0.0
-0.000117979755 -1.99059596e-05 0.0
-0.000122519617 -3.42065614e-05 0.0
-0.000118433214 -3.46530942e-05 0.0
-0.000114777897 -2.91775141e-05 0.0
-0.000112882837 -2.41596445e-05 0.0
-0.000112769078 -1.97687568e-05 0.0
-0.000114080249 -1.66043064e-05 0.0
-0.000239355868 6.54547839e-05 0.0
-0.000234580075 6.74949188e-05 0.0
-0.000228640856 7.05763232e-05 0.0
-0.000222228729 7.4916592e-05 0.0
-0.000217087785 8.06632961e-05 0.0
-0.000214565895 8.70696385e-05 0.0
-0.000213075691 9.31616451e-05 0.0
-0.000214453976 9.79405304e-05 0.0
-0.000217438064 0.000101291203 0.0
-0.000221994589 0.00010271278 0.0
-0.000227950426 0.000101884529 0.0
-0.000240186302 9.51553011e-05 0.0
-0.000245678122 9.02477332e-05 0.0
-0.000250257086 8.48614727e-05 0.0
-0.000253702601 7.90143022e-05 0.0
-0.000256001251 7.2821902e-05 0.0
-0.000257043343 6.69720539e-05 0.0
-0.000256913947 6.2611638e-05 0.0
-0.000256027706 6.02433065e-05 0.0
-0.000253529113 5.95744968e-05 0.0
-0.00025006666 6.01745014e-05 0.0
-0.000246144336 6.14623132e-05 0.0
-0.000238532375 7.72150088e-05 0.0
1.35007258e-05 0.00054083718 0.0
2.27172222e-05 0.000550168508 0.0
2.95311602e-05 0.000557187246 0.0
3.2657179e-05 0.000561793975 0.0
3.47857749e-05 0.000566469564 0.0
3.64401749e-05 0.000570461212 0.0
3.75553172e-05 0.000572821882 0.0
3.77497636e-05 0.00057367119 0.0
3.76578791e-05 0.000572964491 0.0
3.76746575e-05 0.000571670244 0.0
3.68655528e-05 0.000570126867 0.0
2.51686797e-05 0.000566487724 0.0
1.76859357e-05 0.000563568668 0.0
1.18880353e-05 0.000559772889 0.0
7.62859509e-06 0.000556004001 0.0
4.82952555e-06 0.000552075508 0.0
2.85709484e-06 0.000548148935 0.0
2.26512839e-06 0.000544090988 0.0
2.53442659e-06 0.000540082867 0.0
4.60099864e-06 0.00053782342 0.0
0.000354490825 0.000550168508 0.0
0.000345274311 0.00054083718 0.0
0.000343464548 0.000538176449 0.0
0.000346796034 0.000540547771 0.0
0.000349663751 0.000543526781 0.0
0.000351929746 0.000547031697 0.0
0.000354410557 0.000550074677 0.0
0.000192277395 0.000518045621 0.0
0.000195895409 0.000522174989 0.0
0.000199736198 0.000525601965 0.0
0.000202602605 0.000528987846 0.0
0.000204343349 0.000531589147 0.0
0.000205217002 0.000533394981 0.0
0.000205809978 0.000536527717 0.0
0.000205164179 0.000539499859 0.0
0.000204036784 0.00054104632 0.0
0.000202479641 0.000541393296 0.0
0.000200002003 0.000540009583 0.0
0.000197865345 0.000536922133 0.0
0.000193923232 0.000531222264 0.0
0.000191636442 0.000528565899 0.0
0.000188432357 0.000525943411 0.0
0.000185036915 0.000522716728 0.0
0.000182114352 0.000518969027 0.0
0.00018001729 0.000514828018 0.0
0.00017928236 0.000511553488 0.0
0.000178785718 0.000509444508 0.0
0.000179111259 0.000508640485 0.0
0.000180367715 0.000508900033 0.0
0.000182450269 0.000509959587 0.0
0.000185362907 0.000511822 0.0
0.000192610576 0.000525466457 0.0
9.3908282e-05 0.000562989269 0.0
0.000102540755 0.000567027077 0.0
0.000109193294 0.000572245219 0.0
0.00011349238 0.000577927451 0.0
0.000116141964 0.000583672605 0.0
0.000117045049 0.000589052099 0.0
0.000116756579 0.000593499863 0.0
0.000115473151 0.000596748781 0.0
0.000113176371 0.000598563289 0.0
0.000109702283 0.000598606188 0.0
9.61024198e-05 0.000595060061 0.0
8.8378416e-05 0.000591189717 0.0
8.17607652e-05 0.000585712842 0.0
7.69084218e-05 0.000578964711 0.0
7.37503215e-05 0.000571394165 0.0
7.30864413e-05 0.000564576592 0.0
7.37456285e-05 0.000560071785 0.0
7.51888656e-05 0.000557910767 0.0
7.72828353e-05 0.000557843945 0.0
7.98806068e-05 0.000558687607 0.0
9.54328716e-05 0.000577799045 0.0
-2.99444564e-05 0.00023767972 0.0
-3.02266144e-05 0.000238659282 0.0
-2.93285902e-05 0.000239296322 0.0
-2.76581432e-05 0.000240959867 0.0
-2.6844682e-05 0.000242277078 0.0
-2.71918361e-05 0.000241543239 0.0
-2.69570537e-05 0.000238804525 0.0
-2.65651306e-05 0.000234710256 0.0
-2.60546403e-05 0.000230034071 0.0
-2.4554527e-05 0.000225618831 0.0
-2.18171226e-05 0.00022152529 0.0
-1.47098954e-05 0.000216992965 0.0
-1.35940809e-05 0.000216696499 0.0
-1.41336832e-05 0.00021743968 0.0
-1.55526122e-05 0.000218153305 0.0
-1.71025422e-05 0.000219366702 0.0
-1.87108126e-05 0.000221121634 0.0
-2.02369993e-05 0.000223156632 0.0
-2.16807439e-05 0.000225594966 0.0
-2.31610938e-05 0.000228451172 0.0
-2.46939071e-05 0.000231209211 0.0
-2.63995171e-05 0.000233859988 0.0
-2.33274422e-05 0.000230718942 0.0
7.11334724e-05 0.000115020688 0.0
7.09829546e-05 0.000108927292 0.0
6.69157671e-05 0.000106338135 0.0
6.44381871e-05 0.000104956758 0.0
6.26766268e-05 0.000103155093 0.0
6.18235645e-05 0.000101222409 0.0
6.13254742e-05 0.000100562625 0.0
6.1332008e-05 0.000101333826 0.0
6.11636497e-05 0.000103682221 0.0
5.98236329e-05 0.000107539294 0.0
5.69007425e-05 0.000110739689 0.0
5.60628432e-05 0.000114029215 0.0
5.99668929e-05 0.000116015726 0.0
6.37250923e-05 0.000118922981 0.0
6.63942192e-05 0.000121757723 0.0
6.87365609e-05 0.0001239126 0.0
6.9947353e-05 0.000124604077 0.0
7.09044762e-05 0.00012394361 0.0
7.15385104e-05 0.000122234342 0.0
7.18927768e-05 0.000120084056 0.0
-0.000260790635 0.000108927292 0.0
-0.000260640139 0.000115020688 0.0
-0.00026017506 0.000114575967 0.0
-0.000259564782 0.000111643974 0.0
-0.000258930726 0.000109273336 0.0
-0.000260013709 0.000108156761 0.0
0.000128306157 0.000292717654 0.0
0.00013071188 0.00029435262 0.0
0.000135140552 0.000295811187 0.0
0.000139932847 0.000298286643 0.0
0.000143414843 0.000301407621 0.0
0.00014568225 0.000304472953 0.0
0.000146916835 0.000306893286 0.0
0.000147944258 0.000307701703 0.0
0.000149247731 0.000307194307 0.0
0.000149516185 0.000306170085 0.0
0.00014771313 0.000304559187 0.0
0.000139339492 0.000300054729 0.0
0.000135296577 0.000296307844 0.0
0.000131608715 0.000291976001 0.0
0.000128414409 0.00028754893 0.0
0.000126269704 0.000283809 0.0
0.00012492454 0.000281234359 0.0
0.0001246217 0.000280301319 0.0
0.000125649371 0.000280548469 0.0
0.000127057094 0.000281721441 0.0
0.000128744665 0.000283830159 0.0
0.000129169202 0.000286708819 0.0
0.00013587471 0.000292481302 0.0
1.52628163e-05 0.000157952192 0.0
1.30975995e-05 0.00015778518 0.0
1.25727829e-05 0.000156549577 0.0
1.25942579e-05 0.000154921858 0.0
1.31507331e-05 0.000152593217 0.0
1.42555773e-05 0.000149358006 0.0
1.56649312e-05 0.000145391779 0.0
1.75807709e-05 0.000141101715 0.0
2.01190578e-05 0.000136651448 0.0
2.45762931e-05 0.000132072746 0.0
3.07934752e-05 0.000128077314 0.0
3.61952953e-05 0.000125197679 0.0
3.45591325e-05 0.000124337821 0.0
3.32070522e-05 0.000123730788 0.0
3.23821878e-05 0.000124910555 0.0
3.23422246e-05 0.000127234947 0.0
3.26170084e-05 0.000130343236 0.0
3.25631845e-05 0.000133709153 0.0
3.19188621e-05 0.000137630021 0.0
3.0462028e-05 0.000142169083 0.0
2.8372795e-05 0.000147252838 0.0
2.48693013e-05 0.000152319146 0.0
2.60214492e-05 0.000139236581 0.0
3.98035299e-05 0.000292088836 0.0
4.59133407e-05 0.000296277372 0.0
5.1211864e-05 0.000301198917 0.0
5.51565754e-05 0.000306136004 0.0
5.76490893e-05 0.0003109604 0.0
5.88315961e-05 0.000315662357 0.0
5.88209259e-05 0.000319791696 0.0
5.80293417e-05 0.000323109038 0.0
5.63731446e-05 0.000325515342 0.0
5.38654676e-05 0.000327556307 0.0
3.60526283e-05 0.000325057888 0.0
2.65191393e-05 0.000319283834 0.0
1.91469535e-05 0.00031198276 0.0
1.41861383e-05 0.000303792593 0.0
1.18216512e-05 0.000296859303 0.0
1.18600137e-05 0.000292108016 0.0
1.27167395e-05 0.000289808988 0.0
1.505622e-05 0.000288436102 0.0
1.95624416e-05 0.000287461298 0.0
2.58885702e-05 0.000287375384 0.0
3.80560959e-05 0.000304748915 0.0
-8.41553847e-05 0.000363124156 0.0
-7.70195184e-05 0.000367307133 0.0
-7.18326919e-05 0.000372002134 0.0
-6.75088813e-05 0.000376571843 0.0
-6.47236811e-05 0.000380553625 0.0
-6.17543119e-05 0.000385500403 0.0
-5.99942978e-05 0.000390108617 0.0
-6.00430467e-05 0.000395536976 0.0
-6.33579766e-05 0.000399926736 0.0
-6.86686762e-05 0.000402674341 0.0
-7.64680299e-05 0.000402608508 0.0
-9.05682609e-05 0.000394692965 0.0
-9.64370192e-05 0.000388941291 0.0
-0.00010249763 0.000382818282 0.0
-0.000106933396 0.000376837852 0.0
-0.000109097906 0.000371420989 0.0
-0.0001101831 0.000367341825 0.0
-0.000111087058 0.000364181935 0.0
-0.000111019246 0.000361302024 0.0
-0.000110082809 0.000358809193 0.0
-0.000106874133 0.000357373472 0.0
-0.000100702571 0.00035779344 0.0
-8.79062864e-05 0.000377338176 0.0
7.74881191e-05 0.000342451822 0.0
8.35923929e-05 0.000346484507 0.0
8.83946414e-05 0.000351458875 0.0
9.17787402e-05 0.000357229233 0.0
9.36534561e-05 0.000363097381 0.0
9.44852145e-05 0.000367982342 0.0
9.43709092e-05 0.000371270435 0.0
9.35048738e-05 0.000372339564 0.0
9.19689192e-05 0.000371539209 0.0
8.98937287e-05 0.000369424 0.0
8.8027562e-05 0.000366705935 0.0
8.61544686e-05 0.000360566832 0.0
8.28143602e-05 0.000358320627 0.0
7.74484215e-05 0.000355939352 0.0
7.27815786e-05 0.000352425006 0.0
6.8987305e-05 0.000349003531 0.0
6.61985105e-05 0.000345797918 0.0
6.49399954e-05 0.00034343946 0.0
6.44163956e-05 0.000341848383 0.0
6.3904874e-05 0.000340914645 0.0
6.37824342e-05 0.000340629515 0.0
6.45073596e-05 0.000339831109 0.0
7.89805199e-05 0.000357172277 0.0
-5.09062884e-05 0.000229799523 0.0
-4.40165604e-05 0.000235191445 0.0
-3.74900628e-05 0.000241047863 0.0
-3.24485954e-05 0.000247490621 0.0
-2.96873695e-05 0.000253663253 0.0
-2.84853468e-05 0.000258464657 0.0
-2.77096333e-05 0.000261951704 0.0
-2.74283138e-05 0.000264671195 0.0
-2.8201086e-05 0.00026709243 0.0
-3.05985304e-05 0.000268935226 0.0
-3.48793001e-05 0.000270382618 0.0
-4.10495632e-05 0.000271135941 0.0
-5.22496193e-05 0.000269215525 0.0
-5.8473488e-05 0.000266666524 0.0
-6.52711533e-05 0.000262353831 0.0
-7.20410899e-05 0.000256710482 0.0
-7.78087488e-05 0.000250151439 0.0
-8.11297723e-05 0.000242906972 0.0
-8.26283795e-05 0.000235739062 0.0
-8.22658694e-05 0.000229812766 0.0
-8.00474518e-05 0.000225289768 0.0
-7.62408308e-05 0.000222325238 0.0
-7.09595552e-05 0.000221536757 0.0
-6.45911859e-05 0.000222490606 0.0
-5.09965103e-05 0.000249694596 0.0
0.000313658937 0.000631102361 0.0
0.000327780086 0.000599970343 0.0
0.000240804788 0.000389325258 0.0
0.000227842043 0.000364964188 0.0
0.00019170632 0.000335904333 0.0
0.000163948003 0.000313116238 0.0
0.00015101723 0.000298309838 0.0
0.000149343832 0.000281856686 0.0
0.000163885648 0.000256876287 0.0
0.000174697212 0.000226509874 0.0
0.000158789044 0.000195070941 0.0
0.000116241834 0.000158439711 0.0
8.14737796e-05 8.10821293e-05 0.0
7.37981172e-05 6.55589465e-05 0.0
5.33432576e-05 4.58884278e-05 0.0
2.29228826e-05 2.32793282e-05 0.0
-1.11795216e-05 1.73887274e-05 0.0
-5.52425372e-05 3.33908174e-05 0.0
-8.13934166e-05 2.79267169e-05 0.0
-0.000141826677 -2.64720074e-06 0.0
-0.000152099456 9.70639576e-06 0.0
-0.000162994329 -2.86680211e-06 0.0
-0.000175998372 -2.60478337e-05 0.0
-0.000189293161 -4.65855301e-05 0.0
-0.000198970214 -5.47146956e-05 0.0
-0.000207723861 -4.93245534e-05 0.0
-0.000216646513 -2.98062077e-05 0.0
-0.000221838651 -4.3926425e-06 0.0
-0.000225189986 1.767719e-05 0.0
-0.000229843587 3.1764408e-05 0.0
-0.000242573355 3.50485461e-05 0.0
-0.000262423448 1.96922392e-05 0.0
-0.000287850329 -1.06283608e-06 0.0
-0.000307763286 -1.52032053e-05 0.0
-0.000319812796 -1.46373177e-05 0.0
-0.000308850722 2.32793282e-05 0.0
-0.000278430351 4.58884278e-05 0.0
-0.00025797548 6.55589465e-05 0.0
-0.00025029981 8.10821293e-05 0.0
-0.000215531763 0.000158439711 0.0
-0.000172984554 0.000195070941 0.0
-0.0001570764 0.000226509874 0.0
-0.000167887949 0.000256876287 0.0
-0.000182429765 0.000281856686 0.0
-0.000180756368 0.000298309838 0.0
-0.000167825594 0.000313116238 0.0
-0.000140067277 0.000335904333 0.0
-0.000103931561 0.000364964188 0.0
-9.09688169e-05 0.000389325258 0.0
-3.99351984e-06 0.000599970343 0.0
-1.81146588e-05 0.000631102361 0.0
-2.3336022e-06 0.000640445098 0.0
9.71591544e-06 0.000639879203 0.0
2.96288781e-05 0.00065401959 0.0
5.50557634e-05 0.000674774637 0.0
7.49058381e-05 0.000690130924 0.0
8.76356135e-05 0.00068684679 0.0
9.22892214e-05 0.000672759605 0.0
9.56405493e-05 0.000650689763 0.0
0.000100832694 0.000625276181 0.0
0.00010975534 0.000605757872 0.0
0.000118508986 0.000600367726 0.0
0.000128186046 0.000608496892 0.0
0.000141480836 0.000629034592 0.0
0.000154484878 0.000652215618 0.0
0.000165379737 0.000664788822 0.0
0.000175652531 0.000652435177 0.0
0.000236085791 0.000683009101 0.0
0.000262236659 0.000688473228 0.0
0.000306299684 0.000672471127 0.0
8.7616927e-06 0.000461694377 0.0
-1.83255688e-05 0.000474087195 0.0
-2.63578095e-05 0.000462414726 0.0
1.53839028e-05 0.000474531727 0.0
-2.34363074e-06 0.000450439082 0.0
-7.13251757e-06 0.000483867916 0.0
1.03453704e-05 0.00045278421 0.0
-1.87772785e-05 0.00048121158 0.0
-2.81857974e-05 0.000471030507 0.0
1.87507922e-05 0.000464696903 0.0
2.05369961e-05 0.000483504584 0.0
-3.28526075e-05 0.000453142653 0.0
7.33292495e-07 0.000490961538 0.0
-1.1033635e-05 0.000441662502 0.0
2.31501035e-05 0.000472517888 0.0
-2.58643595e-05 0.000477129593 0.0
1.65654565e-05 0.000457738555 0.0
-1.24091621e-05 0.000487269193 0.0
-3.35862132e-05 0.000464193348 0.0
4.00692034e-06 0.000445514423 0.0
-2.68910717e-05 0.000442355231 0.0
1.38632695e-05 0.000491375395 0.0
1.76911763e-05 0.00048879307 0.0
-3.0689087e-05 0.000446265971 0.0
-3.50724586e-05 0.000458471564 0.0
2.35938842e-05 0.000478689006 0.0
-2.05060369e-05 0.00044078604 0.0
8.51501682e-06 0.000492034364 0.0
-6.20482933e-06 0.000490292092 0.0
-2.81940675e-06 0.000441913784 0.0
5.54742883e-06 0.000470043131 0.0
-1.59740102e-05 0.000466643425 0.0
-2.18498508e-06 0.000460008247 0.0
-7.8243429e-06 0.000475971843 0.0
0.000235584041 0.000427149702 0.0
0.000243289716 0.000432605215 0.0
0.000238868117 0.000426922896 0.0
0.000231064492 0.000426430051 0.0
0.000248880911 0.000437930488 0.0
0.000230395715 0.000422455982 0.0
0.00023284051 0.000422514975 0.0
0.000242363603 0.000429267151 0.0
0.00023988272 0.000432449015 0.0
0.000246436975 0.000433056062 0.0
0.000235039479 0.000429766427 0.0
0.000244703639 0.000436116185 0.0
0.000235516854 0.000423483172 0.0
0.0002392241 0.000429089239 0.0
0.000237836066 0.000425199047 0.0
0.000229695055 0.000427353836 0.0
0.00023232268 0.000429272302 0.0
0.000250217447 0.000436639762 0.0
0.000236414809 0.000425732316 0.0
0.000229988858 0.000420312659 0.0
0.000228908408 0.000422967772 0.0
0.00025203338 0.000441357028 0.0
0.000245637726 0.00043135148 0.0
0.00024804729 0.000439490017 0.0
0.000239894653 0.000426933693 0.0
0.000232725535 0.000425941922 0.0
0.000241813032 0.000430051819 0.0
0.00022866299 0.000424880651 0.0
0.000252239202 0.000439527154 0.0
0.000246714015 0.000434881396 0.0
0.000233044397 0.000421353849 0.0
0.000242481125 0.000436199218 0.0
-9.39854581e-05 0.000437471026 0.0
-8.80628941e-05 0.000442149932 0.0
-8.19329143e-05 0.000444850186 0.0
-9.9028628e-05 0.000432487868 0.0
-9.67228334e-05 0.000435064954 0.0
-8.43581729e-05 0.000444684061 0.0
-9.10172021e-05 0.000440478645 0.0
0.000285412534 0.000658891979 0.0
0.000282024994 0.000647605688 0.0
0.000274836959 0.000646743691 0.0
0.000283518835 0.000642922299 0.0
0.000292283599 0.000667987275 0.0
0.000285420334 0.000663489918 0.0
0.000275996688 0.000653102994 0.0
0.000274902268 0.000636535813 0.0
0.000272852427 0.000639797188 0.0
0.000288048264 0.000650885922 0.0
0.000284881709 0.000653450435 0.0
0.000291941338 0.000663995219 0.0
0.000279755797 0.000659226149 0.0
0.00028689325 0.000641936727 0.0
0.000280360691 0.000653026102 0.0
0.000270441553 0.000640658953 0.0
0.000278103777 0.00063752773 0.0
0.000271538971 0.000647645094 0.0
0.00028945526 0.000667791115 0.0
0.000272501551 0.000635988254 0.0
0.000289540301 0.00064700743 0.0
0.000296062673 0.000671684218 0.0
0.000295879348 0.000668582448 0.0
0.000278587278 0.000646949571 0.0
0.000288682146 0.000663855579 0.0
0.000291257631 0.000659457233 0.0
0.000280598528 0.000643192208 0.0
0.000293016899 0.000670558424 0.0
0.000269845041 0.000643478299 0.0
0.000281454122 0.000657674449 0.0
0.000281333574 0.000638339494 0.0
0.000276678446 0.000641363091 0.0
-1.24126173e-05 1.30982289e-05 0.0
-1.17232594e-05 7.87583485e-06 0.0
-1.47737319e-05 -5.89679644e-07 0.0
-1.36920626e-05 1.84732999e-05 0.0
-8.4547255e-06 1.26107871e-05 0.0
-1.81844189e-05 -5.28395458e-06 0.0
-1.04681812e-05 3.67133339e-06 0.0
-1.64002649e-05 2.73096066e-06 0.0
-1.06942625e-05 1.75112309e-05 0.0
0.000179224051 0.000618527469 0.0
0.000185865109 0.000626691268 0.0
0.000171679334 0.000618491322 0.0
0.000168195096 0.00061321148 0.0
0.000182271469 0.000614412944 0.0
0.000179645125 0.000626493944 0.0
0.0001716767 0.000611020776 0.0
0.000191959538 0.000632318726 0.0
0.000189475235 0.000633030897 0.0
0.000187076832 0.000624276639 0.0
0.000178829505 0.000621067418 0.0
0.000171982552 0.000621370913 0.0
0.000166451413 0.000615372963 0.0
0.000186447738 0.000619519909 0.0
0.000166273152 0.000609148003 0.0
0.000174903238 0.00060950499 0.0
0.000193054177 0.000629975169 0.0
0.000178494724 0.000623378437 0.0
0.000188004895 0.000615326921 0.0
0.000172893298 0.000616916805 0.0
0.000172202694 0.000613904209 0.0
0.000164829704 0.000612602395 0.0
0.000183979297 0.000630474126 0.0
0.000174776695 0.000625043875 0.0
0.00016728873 0.000617468846 0.0
0.00019454764 0.000636223704 0.0
0.000182868651 0.000611599244 0.0
0.000164356825 0.000610454008 0.0
0.000177547103 0.000614406774 0.0
0.00017903182 0.00062820164 0.0
0.000168286104 0.000607337919 0.0
0.000197385612 0.000637067598 0.0
0.000168983548 0.000615514407 0.0
0.000184950244 0.000628662761 0.0
-0.000115952069 -2.19550384e-05 0.0
-0.000117791773 -2.92333989e-05 0.0
-0.00011526922 -1.95073608e-05 0.0
-0.000118460703 -3.18999082e-05 0.0
-0.000228270714 8.06994794e-05 0.0
-0.000242935726 8.22740258e-05 0.0
-0.00024948598 7.33144625e-05 0.0
-0.000233560815 7.20385869e-05 0.0
-0.000240719557 6.63614919e-05 0.0
-0.00025102339 6.63980318e-05 0.0
-0.000222957737 8.92861499e-05 0.0
-0.000236851047 9.12584146e-05 0.0
-0.000225416297 7.79226975e-05 0.0
-0.000248398195 8.06445096e-05 0.0
-0.000238580556 7.16609429e-05 0.0
-0.00022866152 9.57066732e-05 0.0
-0.000246164913 6.35836477e-05 0.0
-0.000241933551 8.97631689e-05 0.0
-0.000220940114 9.49363748e-05 0.0
-0.000219309164 8.74705365e-05 0.0
-0.000236492313 6.79264922e-05 0.0
-0.000253579288 6.76861455e-05 0.0
-0.000251760823 6.28672133e-05 0.0
-0.00022871347 7.29887106e-05 0.0
-0.000252175552 7.53465865e-05 0.0
-0.000245511153 7.19327436e-05 0.0
-0.000232532198 7.00812889e-05 0.0
-0.000246224168 8.58063067e-05 0.0
-0.000220379938 8.29457858e-05 0.0
-0.000253538805 7.11776956e-05 0.0
-0.000224027564 9.66340303e-05 0.0
-0.000249308941 6.25631947e-05 0.0
-0.000231946222 9.69072207e-05 0.0
-0.000243967006 6.36295517e-05 0.0
2.41318667e-05 0.000558310479 0.0
2.71187291e-05 0.000557960826 0.0
1.44246333e-05 0.000548335433 0.0
3.17688682e-05 0.000565573864 0.0
1.46433076e-05 0.000554361148 0.0
2.94181173e-05 0.000564576359 0.0
2.11424867e-05 0.000551837787 0.0
2.14666197e-05 0.000560238725 0.0
3.23165477e-05 0.000564979156 0.0
9.37371078e-06 0.00054935657 0.0
3.39329199e-05 0.000568396179 0.0
2.62249159e-05 0.000554974948 0.0
1.13136575e-05 0.000542660244 0.0
2.27865421e-05 0.000551531848 0.0
1.68584211e-05 0.000546389085 0.0
1.37951019e-05 0.000557284278 0.0
2.70959335e-05 0.000559780106 0.0
2.99856983e-05 0.000560520624 0.0
2.87903713e-05 0.000563000853 0.0
2.7435899e-05 0.000564766 0.0
9.12239739e-06 0.000545086339 0.0
1.86437846e-05 0.000553671096 0.0
2.10475664e-05 0.000557505526 0.0
3.54970325e-05 0.000570389675 0.0
8.28228258e-06 0.000551741337 0.0
3.39520193e-05 0.0005682552 0.0
3.47133719e-05 0.000568732677 0.0
3.55518532e-05 0.00057061523 0.0
1.7459246e-05 0.000560662651 0.0
2.22610342e-05 0.000563198118 0.0
2.44102084e-05 0.000555608305 0.0
1.87104033e-05 0.000551295467 0.0
2.95043046e-05 0.000561760855 0.0
1.99760816e-05 0.000548797252 0.0
2.56343155e-05 0.000560845714 0.0
1.38046116e-05 0.000550538767 0.0
3.20755826e-05 0.000567317824 0.0
3.25583351e-05 0.000564148941 0.0
6.36224831e-06 0.000545664225 0.0
2.24900396e-05 0.00055507361 0.0
9.79189826e-06 0.000554534548 0.0
0.000352027389 0.000546981348 0.0
0.000347671739 0.00054204982 0.0
0.000353211013 0.000548537588 0.0
0.000345844077 0.000540409295 0.0
0.000185872355 0.000518637302 0.0
0.000191140993 0.000527207449 0.0
0.000195021785 0.000523816445 0.0
0.000199686925 0.000531510916 0.0
0.000200006354 0.000528673409 0.0
0.000200897877 0.000535844592 0.0
0.000194233449 0.000531888101 0.0
0.000186793564 0.000522059971 0.0
0.000183216296 0.000513938314 0.0
0.000191112165 0.000518815767 0.0
0.000182035394 0.000515181688 0.0
0.000196803128 0.000523823255 0.0
0.000203273172 0.000533661281 0.0
0.000190382081 0.000527315948 0.0
0.000184313089 0.000513294828 0.0
0.00018700787 0.000514908868 0.0
0.000199051574 0.000536927429 0.0
0.000196937559 0.000535414554 0.0
0.000202834155 0.000531489262 0.0
0.000203150659 0.000535967993 0.0
0.000181374009 0.000513092673 0.0
0.000183376411 0.000518178218 0.0
0.000193943473 0.000520839705 0.0
0.000199546295 0.000526827353 0.0
0.00019257002 0.000529801182 0.0
0.000187830257 0.000524501142 0.0
0.000181745039 0.000511173101 0.0
0.000201631294 0.000538787805 0.0
0.000195664761 0.000526986085 0.0
0.000190300532 0.000524168427 0.0
9.24147098e-05 0.000569391297 0.0
9.80320692e-05 0.000587032235 0.0
8.27797194e-05 0.00056426879 0.0
0.000107663072 0.000591024756 0.0
0.000101893827 0.000572926481 0.0
8.89490839e-05 0.000584096531 0.0
0.000103860417 0.000593036646 0.0
8.61127264e-05 0.000563716225 0.0
0.000109261484 0.000580426829 0.0
8.16204338e-05 0.000575325335 0.0
0.000112115435 0.000591619231 0.0
7.84895019e-05 0.00056285481 0.0
9.16670615e-05 0.000579937769 0.0
9.92139176e-05 0.000576015154 0.0
9.67990854e-05 0.000567803276 0.0
9.36401702e-05 0.000589748845 0.0
9.06431378e-05 0.000564590329 0.0
9.92915957e-05 0.000592844211 0.0
8.13583683e-05 0.000561055611 0.0
0.00010869198 0.000595366291 0.0
7.74183354e-05 0.000565555878 0.0
7.76624875e-05 0.000569565222 0.0
0.00011319339 0.000588648079 0.0
0.000112896196 0.000585098984 0.0
0.00010856118 0.000575912243 0.0
8.22831644e-05 0.000581013504 0.0
8.99060833e-05 0.000571097888 0.0
0.000100800426 0.000584520109 0.0
-2.4494555e-05 0.000232177379 0.0
-2.57370539e-05 0.000232711231 0.0
-2.27214732e-05 0.000228462348 0.0
-2.11170154e-05 0.000226004762 0.0
-1.98371981e-05 0.000224398667 0.0
-1.73973094e-05 0.00022222953 0.0
-2.64750361e-05 0.000237466113 0.0
-2.8191891e-05 0.000236043852 0.0
-2.52284299e-05 0.000231844009 0.0
-2.42792885e-05 0.000229458688 0.0
-2.17834586e-05 0.000227948723 0.0
-2.76843584e-05 0.000239388246 0.0
-1.74765883e-05 0.000221591516 0.0
-2.62741723e-05 0.00023579011 0.0
-2.83061927e-05 0.000235666928 0.0
-2.90461521e-05 0.000237871223 0.0
-2.12365976e-05 0.000225700715 0.0
-1.81242413e-05 0.000221410635 0.0
-1.56496899e-05 0.000219994254 0.0
-2.24134601e-05 0.000225231415 0.0
-2.36176893e-05 0.000229478654 0.0
-2.24539563e-05 0.000227526674 0.0
-2.56658732e-05 0.000232554186 0.0
-2.02968822e-05 0.000222701565 0.0
-2.69975408e-05 0.000234051244 0.0
-2.06490076e-05 0.000226819408 0.0
-2.84742746e-05 0.000238924695 0.0
-1.62149427e-05 0.000220306698 0.0
-2.70584387e-05 0.000240331763 0.0
-1.82874301e-05 0.000221610506 0.0
-2.56145013e-05 0.000234432489 0.0
6.17852929e-05 0.000113426191 0.0
6.814058e-05 0.000108348453 0.0
6.55529293e-05 0.00011906882 0.0
6.03387816e-05 0.000108844593 0.0
6.5388107e-05 0.000105829473 0.0
6.85895866e-05 0.000121056095 0.0
6.76538039e-05 0.000112134869 0.0
6.19556813e-05 0.000117156422 0.0
5.82575631e-05 0.000112673937 0.0
7.02673933e-05 0.000117543743 0.0
6.18042977e-05 0.000104829262 0.0
6.32913507e-05 0.000103845516 0.0
6.97288197e-05 0.000114296345 0.0
6.70147565e-05 0.000109140397 0.0
6.92802496e-05 0.000110979025 0.0
6.4673688e-05 0.00011971825 0.0
5.92860233e-05 0.000114865812 0.0
5.75641097e-05 0.00011053335 0.0
6.63441097e-05 0.000106547683 0.0
6.99541997e-05 0.000120132696 0.0
6.66413544e-05 0.000121470657 0.0
6.81568272e-05 0.000122338752 0.0
5.89519113e-05 0.000108415035 0.0
6.04720408e-05 0.000106261403 0.0
6.4382446e-05 0.000114433838 0.0
6.34193493e-05 0.0001035143 0.0
6.23663291e-05 0.000103344122 0.0
-0.000260230881 0.000113091803 0.0
-0.000260028581 0.000109793029 0.0
-0.000260212517 0.000113758157 0.0
-0.000260002707 0.000109050641 0.0
-0.00026031211 0.000115741866 0.0
-0.000261074689 0.000108112843 0.0
0.000140791439 0.000297701976 0.0
0.000132240108 0.000290031749 0.0
0.000133731315 0.000290466298 0.0
0.000135606329 0.000294874655 0.0
0.000130202287 0.00028612843 0.0
0.000144887483 0.0003022608 0.0
0.000137536976 0.000295605307 0.0
0.000129404725 0.000285679096 0.0
0.000141001394 0.000300062791 0.0
0.000131640307 0.000291999197 0.0
0.000143959885 0.000301389256 0.0
0.000129006177 0.000283946196 0.0
0.000131499546 0.00028993102 0.0
0.000129923836 0.000287965755 0.0
0.000146393795 0.000304689835 0.0
0.000133769296 0.000294493657 0.0
0.000136710718 0.000296432438 0.0
0.000139583964 0.00029854395 0.0
0.000129960259 0.00029032657 0.0
0.000140895427 0.000299321342 0.0
0.000146229315 0.000303130335 0.0
0.000132190995 0.000288261886 0.0
0.000129222448 0.000286720489 0.0
0.000134265516 0.000293374964 0.0
0.000127197796 0.000282939087 0.0
0.00014405878 0.000303348614 0.0
0.000145454222 0.000304587447 0.0
0.000127468971 0.000282663037 0.0
0.000136161092 0.000293959718 0.0
0.000128902058 0.000283918984 0.0
2.55846608e-05 0.000143854355 0.0
3.0435489e-05 0.000132246161 0.0
2.51788824e-05 0.000136636489 0.0
1.92903935e-05 0.000149279949 0.0
1.9657673e-05 0.000142435892 0.0
2.95804748e-05 0.000139407755 0.0
3.27783055e-05 0.000127929889 0.0
2.290669e-05 0.000149155239 0.0
3.10612559e-05 0.000130768254 0.0
1.60607415e-05 0.000150988635 0.0
3.14291974e-05 0.000133564303 0.0
2.85232782e-05 0.000143438388 0.0
2.80176846e-05 0.00013856974 0.0
3.19959399e-05 0.000128702522 0.0
3.40631414e-05 0.000126822953 0.0
1.68887764e-05 0.000146058868 0.0
2.08627243e-05 0.000138947857 0.0
1.8663246e-05 0.000153053406 0.0
1.6143189e-05 0.000154261506 0.0
1.50258975e-05 0.000153838861 0.0
2.71676709e-05 0.000132900284 0.0
2.32492112e-05 0.000140387463 0.0
2.61819678e-05 0.000147382438 0.0
3.41287814e-05 0.000127715903 0.0
2.3603161e-05 0.000135665934 0.0
1.55566595e-05 0.000149072424 0.0
1.4769912e-05 0.000151421817 0.0
3.14191857e-05 0.000136094735 0.0
2.33494848e-05 0.000143795085 0.0
3.2614822e-05 0.00012632586 0.0
3.20310355e-05 0.000130219662 0.0
3.14725767e-05 0.000308828661 0.0
3.68260989e-05 0.000297484774 0.0
4.71399544e-05 0.000304182875 0.0
4.46102677e-05 0.000316428894 0.0
2.75261482e-05 0.000293024787 0.0
2.17063371e-05 0.000301556778 0.0
5.33098282e-05 0.00031129393 0.0
3.38458412e-05 0.000315994752 0.0
4.1506868e-05 0.00029686233 0.0
5.27815573e-05 0.000319088227 0.0
1.6907341e-05 0.000296386308 0.0
2.15057808e-05 0.000306685048 0.0
2.11142687e-05 0.000291102391 0.0
3.0934727e-05 0.000291514472 0.0
3.65587257e-05 0.000293128745 0.0
2.6284928e-05 0.000312666001 0.0
4.19755706e-05 0.000321245112 0.0
4.81382995e-05 0.000322932727 0.0
5.17966e-05 0.000322401815 0.0
4.73353321e-05 0.000300501997 0.0
5.09321981e-05 0.000304000103 0.0
5.3152522e-05 0.00030752903 0.0
1.65928814e-05 0.000293248013 0.0
1.78654045e-05 0.000291812437 0.0
5.5730281e-05 0.000315610203 0.0
5.55982915e-05 0.000318836479 0.0
2.9115492e-05 0.000302695291 0.0
3.16781152e-05 0.000298040017 0.0
-9.91891866e-05 0.000376128795 0.0
-7.38630406e-05 0.000380340236 0.0
-0.000100226716 0.000368491397 0.0
-7.20175885e-05 0.000388176035 0.0
-9.61763726e-05 0.000383239676 0.0
-7.46591613e-05 0.000374670693 0.0
-0.000105366627 0.000369311107 0.0
-9.80181139e-05 0.000364476495 0.0
-7.80267583e-05 0.000392819697 0.0
-6.72800234e-05 0.000385080988 0.0
-0.000104929954 0.00037483807 0.0
-8.14233208e-05 0.000369410613 0.0
-0.00010699586 0.00036315617 0.0
-6.94542978e-05 0.000378214172 0.0
-9.27668225e-05 0.000389009656 0.0
-6.51813971e-05 0.000390264555 0.0
-6.62679813e-05 0.00039387471 0.0
-6.99433222e-05 0.000395673618 0.0
-6.67102577e-05 0.000382001133 0.0
-0.000106876723 0.000370807073 0.0
-0.000101995734 0.000379521924 0.0
-8.09877893e-05 0.000375429983 0.0
-0.000104867024 0.000361755432 0.0
-0.00010801632 0.000365189509 0.0
-8.19322959e-05 0.000395625306 0.0
-9.44325584e-05 0.000362826511 0.0
-8.79854488e-05 0.000365005078 0.0
-8.74742545e-05 0.000393073511 0.0
-8.01050846e-05 0.000383055827 0.0
-7.62652344e-05 0.000370887195 0.0
8.36724867e-05 0.000357657642 0.0
8.25512325e-05 0.000361297833 0.0
7.26449216e-05 0.000348974223 0.0
7.74286818e-05 0.000355731288 0.0
7.1515351e-05 0.000350185146 0.0
8.86888229e-05 0.000363094907 0.0
8.67530107e-05 0.000366170629 0.0
7.88691614e-05 0.00035015578 0.0
6.7772824e-05 0.00034511523 0.0
8.26649484e-05 0.000360028091 0.0
8.74631005e-05 0.000355683616 0.0
6.93984839e-05 0.000343673804 0.0
8.894856e-05 0.000368111563 0.0
8.63471287e-05 0.000364770676 0.0
9.13247568e-05 0.000367193745 0.0
6.81327074e-05 0.000346647634 0.0
7.32154731e-05 0.000352225907 0.0
7.94842199e-05 0.000357054203 0.0
8.52523226e-05 0.00036235305 0.0
7.61548217e-05 0.000354632502 0.0
8.98679282e-05 0.000360104052 0.0
8.40416833e-05 0.000351283903 0.0
7.42966513e-05 0.000345140783 0.0
6.65203115e-05 0.000343088381 0.0
9.09192313e-05 0.000368842913 0.0
6.67951826e-05 0.000344809087 0.0
6.61371814e-05 0.000343600666 0.0
7.5517084e-05 0.000354045013 0.0
8.39373315e-05 0.000362884864 0.0
8.92628887e-05 0.000368818059 0.0
7.84990043e-05 0.000353743235 0.0
-5.33467937e-05 0.000237555869 0.0
-3.91992435e-05 0.000250449462 0.0
-6.37210615e-05 0.000250534678 0.0
-4.9301947e-05 0.000261608628 0.0
-3.31441588e-05 0.000257528765 0.0
-4.39204996e-05 0.000241769609 0.0
-5.84870031e-05 0.000259751367 0.0
-4.09098502e-05 0.00026550598 0.0
-6.30085851e-05 0.000230514721 0.0
-7.21274628e-05 0.000241751608 0.0
-5.38447966e-05 0.000231285157 0.0
-7.04851846e-05 0.000252372673 0.0
-3.41606756e-05 0.000250496727 0.0
-4.95577951e-05 0.000267014839 0.0
-7.3448864e-05 0.000233235914 0.0
-7.02781181e-05 0.000229361976 0.0
-3.2544649e-05 0.000262543501 0.0
-3.45101689e-05 0.000265300041 0.0
-3.19972351e-05 0.000254964019 0.0
-3.77708893e-05 0.000245206873 0.0
-5.47010095e-05 0.000265043869 0.0
-4.47290877e-05 0.000267860509 0.0
-4.80275012e-05 0.000235351152 0.0
-5.94695084e-05 0.00022841875 0.0
-7.41342374e-05 0.000246779644 0.0
-6.55415715e-05 0.000257628126 0.0
-3.0118701e-05 0.000261648529 0.0
-7.75753433e-05 0.000235124986 0.0
-4.76004861e-05 0.000246634358 0.0
-5.38264358e-05 0.000253981329 0.0
8.34978418e-05 0.000461035816 0.0
-0.000155933318 9.34364434e-05 0.0
9.5727497e-05 0.000534965307 0.0
-0.000130478045 8.90855808e-05 0.0
9.50501199e-05 0.000411372253 0.0
4.60817755e-05 0.000400122401 0.0
0.000132851725 0.000531372498 0.0
-8.13511724e-05 9.35797943e-05 0.0
-8.70149088e-05 0.000401450234 0.0
-0.000101533486 0.000174263114 0.0
-1.7967106e-05 0.000361432438 0.0
0.000178462229 0.000410407491 0.0
-0.000164338169 0.000167979728 0.0
6.20831656e-07 0.000257090724 0.0
-0.00011994005 0.000256863859 0.0
-0.000208102836 2.53669768e-05 0.0
5.30566758e-05 0.00049780187 0.0
-3.35714722e-05 7.48839593e-05 0.0
8.85020054e-05 0.000238669105 0.0
0.000312034361 0.000531075348 0.0
-5.52310257e-06 0.000273534853 0.0
7.42026677e-05 0.000376088748 0.0
0.000124123108 0.000468617247 0.0
-0.000183915676 0.000119143202 0.0
-2.69939337e-05 0.00046595966 0.0
-0.000106169748 0.000140078904 0.0
-0.000165306905 3.15362013e-05 0.0
7.36295406e-05 0.000537367945 0.0
0.000240002948 0.000553508697 0.0
-0.000131961497 5.33473285e-05 0.0
5.369668e-05 0.000236278909 0.0
4.65976154e-05 0.000197225687 0.0
0.000115773095 0.00056181656 0.0
-8.76626582e-05 0.000139855634 0.0
2.58679611e-05 0.000387956214 0.0
1.92886837e-05 0.0002816591 0.0
7.49449755e-05 0.000211969847 0.0
0.000122148122 0.00055961241 0.0
2.46052696e-05 0.000460063427 0.0
9.98806281e-05 0.000413530739 0.0
-1.77675997e-06 0.000388394168 0.0
8.01651186e-05 0.000379823643 0.0
9.77361415e-05 0.000509145088 0.0
-3.95827592e-05 7.26831568e-05 0.0
8.12974176e-05 0.000416437222 0.0
-0.000144782214 0.000182056305 0.0
-3.50452101e-05 5.67367824e-05 0.0
-0.0001503557 0.00029345142 0.0
-2.77207364e-05 0.000135319511 0.0
0.000170340718 0.000362819352 0.0
0.000161018252 0.000563739042 0.0
0.000220724731 0.000447211845 0.0
-0.000190449005 3.19094192e-06 0.0
1.3069046e-05 0.000310699135 0.0
-5.25719515e-05 0.000213397274 0.0
3.80088059e-05 6.29129208e-05 0.0
-5.8507444e-06 0.000267188239 0.0
0.000118198222 0.000369532587 0.0
-0.000222839095 2.35566295e-05 0.0
-0.000143830461 0.000209366 0.0
-9.42488768e-05 0.000147908358 0.0
-0.000150983877 3.74306437e-05 0.0
2.61137175e-05 0.000279587752 0.0
-1.63243913e-05 0.000222436604 0.0
-9.96382296e-05 0.000217090215 0.0
-0.000142876044 8.66803966e-05 0.0
9.0473668e-06 0.000149656451 0.0
-2.43098984e-05 7.98582405e-05 0.0
8.42018562e-05 0.000627423346 0.0
-0.000116798161 0.000309122348 0.0
-3.34116739e-05 6.57180717e-05 0.0
0.000134378482 0.000449611718 0.0
-0.000227970362 0.000124993938 0.0
-0.000218870176 7.58697352e-05 0.0
0.000168862796 0.000447159575 0.0
-0.00014548676 0.000142873192 0.0
-7.32027111e-05 0.000177057402 0.0
9.68469103e-05 0.000553825987 0.0
0.000207998834 0.000515584194 0.0
0.00016250569 0.000513564097 0.0
-6.01719112e-05 0.000408429332 0.0
5.57083804e-05 0.000440375356 0.0
0.000154255758 0.000206820114 0.0
-4.20359356e-05 0.000333525822 0.0
-8.24108938e-05 3.67270768e-05 0.0
2.9786328e-05 0.000503452204 0.0
6.07820912e-05 0.000357353041 0.0
0.000329662464 0.000569754338 0.0
-5.76350976e-05 0.000483343698 0.0
-1.30515207e-06 0.000500099501 0.0
-0.00012195098 3.71594469e-05 0.0
1.84386299e-05 0.000385232561 0.0
3.43824031e-05 5.25060896e-05 0.0
1.95111552e-05 0.000425799051 0.0
0.000112537797 0.000283587986 0.0
1.14271925e-05 0.000379686709 0.0
7.47457743e-05 0.000350600138 0.0
0.000114482566 0.000486732402 0.0
-0.000131466135 0.000126324216 0.0
4.14564965e-05 0.000515358406 0.0
4.064927e-06 0.000219388778 0.0
-5.51013545e-05 0.000162161392 0.0
-7.82595598e-05 0.000395321811 0.0
2.05070774e-05 0.00028822961 0.0
0.000312348275 0.000495320302 0.0
-6.77501448e-05 0.00042757456 0.0
-1.00413827e-05 0.00025149819 0.0
-7.73492502e-05 0.000215260181 0.0
7.16036666e-05 0.000543086615 0.0
-0.00025182197 9.23437692e-05 0.0
-0.000192371401 6.74251423e-05 0.0
0.0002233829 0.000567243434 0.0
0.000235593834 0.000591402641 0.0
0.000279622007 0.000594738172 0.0
0.000258355023 0.000500249036 0.0
0.000156733615 0.000639684091 0.0
5.82603607e-05 0.000203848598 0.0
7.59066243e-05 0.000524016272 0.0
-9.17409416e-05 0.000399744284 0.0
-2.41056296e-05 0.000431424909 0.0
0.000203900607 0.000400571793 0.0
5.28717646e-05 0.000205238699 0.0
3.28876195e-05 0.000299699575 0.0
9.57063239e-05 0.000441788579 0.0
-0.000199018876 0.000158332565 0.0
1.46326647e-05 0.00033955276 0.0
-3.64377447e-05 0.000263259688 0.0
0.000128116735 0.00057261897 0.0
0.000123323465 0.000574776961 0.0
-8.86246344e-05 0.000399800134 0.0
-1.0772912e-05 0.00026681443 0.0
7.37842711e-05 0.000485508877 0.0
8.22175061e-05 0.000385067164 0.0
-0.000147050319 0.000246411859 0.0
8.10834754e-05 0.000280093256 0.0
6.88370128e-05 0.00039692648 0.0
2.52473492e-05 0.000494092354 0.0
0.000103644925 0.000245958508 0.0
-8.06107564e-05 0.000251299789 0.0
0.000139794211 0.000576255727 0.0
-0.000212284693 -5.55648285e-06 0.0
-0.000196625668 0.000134189264 0.0
-3.62900209e-05 0.000430013431 0.0
5.65493465e-05 0.000189856321 0.0
-0.000175249443 4.24933751e-05 0.0
3.91658341e-06 0.000102517435 0.0
3.9178205e-05 0.000160179639 0.0
-0.000151542001 0.000186032223 0.0
-0.000228786143 5.5143908e-05 0.0
-0.000115230549 9.72413545e-05 0.0
-0.000247212505 8.2773804e-05 0.0
-0.000148243984 3.028438e-05 0.0
-0.000139064126 0.000143404788 0.0
-0.000164707613 0.000299205654 0.0
-7.02415928e-05 2.37640106e-05 0.0
1.45147997e-05 0.00029565391 0.0
8.1776765e-05 0.000228043631 0.0
0.000203654563 0.000465497753 0.0
-3.5924254e-06 8.63886671e-05 0.0
4.74905719e-05 0.000185699362 0.0
0.000237594606 0.000667874876 0.0
0.000103751358 0.000416280673 0.0
0.000132569097 0.000404095947 0.0
8.15803069e-05 0.000392335322 0.0
-0.000277955405 3.31029732e-05 0.0
7.00066303e-05 0.000348168949 0.0
8.86049529e-05 0.000648086017 0.0
0.000176123649 0.000354295771 0.0
0.00012045449 0.000596584461 0.0
2.35879961e-05 0.000505651755 0.0
2.06913173e-05 0.000193087515 0.0
0.000131510082 0.000171856707 0.0
1.09602361e-05 0.000503615418 0.0
0.000334527896 0.000580939464 0.0
0.000163656136 0.000488437479 0.0
-6.85274426e-05 0.000179126102 0.0
4.77516041e-05 0.000467845122 0.0
-0.000207085483 0.000109206288 0.0
0.000114119473 0.000533673272 0.0
-4.64171244e-05 6.38486308e-05 0.0
0.000221817929 0.000460462325 0.0
0.000315656507 0.000615272205 0.0
4.93730076e-05 0.000348948175 0.0
1.28430247e-05 3.66370368e-05 0.0
0.000163946635 0.000586644222 0.0
2.37318582e-05 5.74212791e-05 0.0
0.000301934459 0.000647215522 0.0
-1.79899926e-05 0.000515200954 0.0
9.51473558e-05 0.000614649267 0.0
0.000207448436 0.000495241082 0.0
-0.000178948714 -7.01414092e-06 0.0
0.000180299394 0.000585067028 0.0
-0.000102938917 0.000190393126 0.0
0.000215661013 0.000389860594 0.0
-0.000132378365 0.000324899709 0.0
8.572769e-05 0.000559179636 0.0
-4.59665716e-06 0.000463338249 0.0
-7.7707964e-06 0.00030879557 0.0
0.000332752097 0.000531279831 0.0
0.000135532624 0.000337871868 0.0
0.000113734677 0.000436724629 0.0
-0.000120370765 0.000114900984 0.0
-0.000227122742 2.90565313e-05 0.0
-2.10814596e-05 0.000261814333 0.0
-0.000148668783 6.13855009e-05 0.0
0.00011136214 0.000552097685 0.0
0.00023317158 0.000494186534 0.0
1.58575731e-05 0.000274786114 0.0
0.000169144041 0.000461478514 0.0
-0.000136246919 2.23958068e-05 0.0
0.000147455823 0.000619431259 0.0
-0.000166011101 6.37529092e-06 0.0
7.66850571e-05 0.000351154653 0.0
-4.28095082e-05 0.000229933692 0.0
0.000304435147 0.00059583853 0.0
-7.33069974e-05 0.00037981075 0.0
8.27144322e-05 0.000512898318 0.0
-0.000108000699 7.66654557e-05 0.0
-0.000137739014 6.35294273e-05 0.0
-0.000133747162 0.000110920832 0.0
-5.45464572e-05 8.82946115e-05 0.0
0.000143107449 0.000217979716 0.0
0.000142775854 0.000455966539 0.0
0.000275933824 0.000475453126 0.0
6.7340814e-05 0.000604901696 0.0
-4.9353177e-05 0.000203457996 0.0
-0.000125790801 0.000171219945 0.0
6.05512469e-05 7.1570139e-05 0.0
6.88582586e-05 0.000202770505 0.0
-7.89640566e-08 0.000599639083 0.0
0.000209712351 0.000554313825 0.0
4.16627809e-05 0.000521993788 0.0
4.30345972e-06 0.000439263211 0.0
-0.000249828852 0.000113125316 0.0
-1.99867209e-05 0.000270212011 0.0
0.000178495582 0.00053168356 0.0
-0.000107909822 0.000122673999 0.0
0.000130878892 0.000588136783 0.0
5.36583975e-05 0.000300227053 0.0
2.78734442e-05 6.42706145e-05 0.0
7.86669334e-05 0.000364677544 0.0
-1.6925768e-06 0.000272774691 0.0
-0.000220262387 0.000103346494 0.0
0.000322249834 0.000603502092 0.0
-7.28280647e-05 3.20903891e-05 0.0
9.59881436e-06 0.000276135193 0.0
0.000224763236 0.000604653789 0.0
-0.000194876426 3.56343808e-05 0.0
9.05046254e-05 0.000540021807 0.0
-3.67087996e-05 4.32031011e-05 0.0
3.68507535e-05 0.000504496973 0.0
-5.58093707e-05 0.000184841978 0.0
-0.000171688807 9.84785584e-05 0.0
-0.000126545841 0.000153492554 0.0
0.000202701398 0.000569284428 0.0
3.4829678e-05 0.00030962372 0.0
0.000103390928 0.000563590263 0.0
-2.04042135e-05 0.00043407132 0.0
4.06810568e-06 5.00044807e-05 0.0
0.000103544269 0.000351450057 0.0
0.000114909853 0.000592623197 0.0
4.70747837e-05 0.000116996387 0.0
-0.000200956216 -2.39363326e-05 0.0
-5.74169644e-05 0.000493491709 0.0
-6.94893388e-05 0.000424575119 0.0
-5.65531664e-05 0.000311158044 0.0
0.000134899237 0.000578665931 0.0
-6.86292287e-06 0.000117083029 0.0
4.65311787e-05 0.000167266015 0.0
-1.28777438e-05 0.000197635847 0.0
0.000260531233 0.000603257329 0.0
0.000139271404 0.000602838525 0.0
-0.00017316133 0.000186284859 0.0
7.15139686e-05 0.000431417953 0.0
0.000162309705 0.000237299071 0.0
0.000124363301 0.00060263247 0.0
0.000224076502 0.000628407113 0.0
4.26581792e-05 0.000341291016 0.0
0.000138561067 0.000506019569 0.0
6.5486397e-06 0.00028471605 0.0
-5.76004095e-06 0.000173101274 0.0
4.35362672e-05 0.000121075849 0.0
0.000234312523 0.000600880187 0.0
-0.000239671121 0.000133039561 0.0
5.88733383e-06 0.00046781273 0.0
9.2974733e-05 0.0004054358 0.0
0.000312922581 0.00048854982 0.0
-8.22077072e-06 0.000205319317 0.0
-6.835774e-06 0.000269306765 0.0
-2.62665321e-06 0.000186292644 0.0
-8.34955354e-05 0.000404800987 0.0
-8.38588821e-05 0.000424253492 0.0
1.49429798e-05 0.000162693643 0.0
-0.000293749938 1.54427526e-05 0.0
7.36881775e-05 8.40180219e-05 0.0
4.12435329e-05 0.000381467224 0.0
2.74099457e-05 4.87389661e-05 0.0
-0.000104040068 0.000330569514 0.0
-3.74325651e-07 0.000418168609 0.0
0.000139081705 0.0005843853 0.0
-0.000130781642 0.000290519616 0.0
-0.000252074038 9.29196394e-05 0.0
0.000146294449 0.000635155942 0.0
-0.000162631026 0.000271601341 0.0
0.000189344035 0.00056583347 0.0
-0.000101592443 0.000346687943 0.0
-1.59281517e-05 8.12485596e-05 0.0
-1.56652948e-06 0.000261032867 0.0
-8.34370076e-05 0.000119496974 0.0
6.50329093e-05 0.000540740206 0.0
4.96448192e-05 0.000529192796 0.0
7.2713221e-05 0.000635808567 0.0
4.23503343e-06 0.000268521777 0.0
2.43115392e-05 0.000338576618 0.0
-0.000111964458 4.85822056e-06 0.0
-1.30758199e-05 0.000100223857 0.0
-3.96008363e-05 0.000256793777 0.0
0.000153973961 0.000538601656 0.0
-5.56933737e-05 3.5370158e-05 0.0
2.38994198e-05 0.000293123361 0.0
0.000157618284 0.000377993187 0.0
-0.000130495682 0.000193776083 0.0
-1.79741146e-05 9.14031698e-05 0.0
-0.000150147884 0.000320635852 0.0
7.70145925e-05 0.000370142603 0.0
0.000223028444 0.000466617144 0.0
3.9057526e-05 0.000430919579 0.0
-0.000149328102 0.000220122965 0.0
8.78154024e-05 0.000194567983 0.0
0.000171842199 0.000639396079 0.0
0.000115912801 0.000421410863 0.0
9.2165239e-05 0.000417660282 0.0
0.000107571628 0.000541406102 0.0
-0.000263380382 4.39850373e-05 0.0
0.000204769356 0.000387821114 0.0
0.000117971176 0.000298929575 0.0
4.90517632e-05 0.000103048384 0.0
0.000218030167 0.000476782327 0.0
0.000100392906 0.000242041613 0.0
0.000103030165 0.000549451099 0.0
7.74343571e-05 0.000232196937 0.0
0.000152927547 0.000590459094 0.0
-0.000250513054 5.34636456e-05 0.0
8.93004835e-05 0.000389356981 0.0
0.000136292481 0.00062091375 0.0
-2.28824865e-05 0.000420274126 0.0
0.000208567886 0.000364599167 0.0
0.000129322652 0.000551949721 0.0
1.64218079e-06 0.000191164538 0.0
0.000115575858 0.000512184983 0.0
8.36627805e-05 0.000221977389 0.0
-2.87503499e-05 0.000177583177 0.0
-0.000158809577 7.27047372e-05 0.0
-0.000268920674 3.32717755e-05 0.0
-0.000102155667 0.000223353229 0.0
0.000178316826 0.000584601134 0.0
4.72942047e-05 0.000118539385 0.0
0.000118377917 0.000592181867 0.0
9.49468376e-05 0.000485820201 0.0
-1.32490795e-05 0.000384263578 0.0
-6.96926145e-05 1.75147306e-05 0.0
-4.87752804e-05 0.000412288879 0.0
0.000113803384 0.000589734816 0.0
-7.46679507e-05 0.000450163963 0.0
9.75360235e-05 0.00029936494 0.0
-2.80738254e-06 0.00028969656 0.0
4.80784984e-05 8.36240142e-05 0.0
-0.000202028095 5.527339e-06 0.0
-0.000128803978 -3.26570557e-06 0.0
-7.42527336e-05 0.000219639114 0.0
6.53287061e-05 0.000460024428 0.0
1.71948686e-05 0.000132470901 0.0
1.4023195e-05 0.00017468282 0.0
-0.000115869138 0.000227489727 0.0
0.000178323127 0.000508146477 0.0
-5.47057243e-05 0.000125286708 0.0
-5.66409799e-05 0.000238168781 0.0
9.90700282e-05 0.000376327662 0.0
2.60873003e-05 0.000310455624 0.0
2.77469899e-05 0.000247674936 0.0
-0.00014423141 2.36951837e-05 0.0
0.000227592813 0.000420801895 0.0
9.86817977e-05 0.000526254298 0.0
3.41155828e-05 0.00016607577 0.0
-3.45558874e-05 5.76547063e-05 0.0
0.000122434154 0.000270879304 0.0
9.26577995e-05 0.000644936052 0.0
6.60727237e-05 0.000580112741 0.0
0.000123537407 0.000170016559 0.0
-0.000200627677 8.75935293e-05 0.0
-2.81244911e-06 9.53835915e-05 0.0
-8.91531963e-05 0.000403807207 0.0
5.12755978e-05 0.000548206735 0.0
3.79262347e-05 0.000137513212 0.0
0.000110938177 0.000425203674 0.0
0.000206620185 0.000486641773 0.0
-0.000138820746 0.000327477144 0.0
1.22350539e-05 4.45314508e-05 0.0
-0.000134802671 0.000232310558 0.0
-9.83782302e-05 5.01888862e-05 0.0
7.82272182e-05 0.000397699972 0.0
-2.8102706e-05 0.000519421883 0.0
-6.32427545e-05 0.000184965349 0.0
-0.000157535032 0.000151925327 0.0
-0.000161909484 0.000183214652 0.0
8.22262155e-05 0.000369037531 0.0
5.37784435e-05 8.46069815e-05 0.0
-0.000220619171 1.05303832e-06 0.0
2.11251845e-05 0.000505327422 0.0
8.484516e-05 0.000394932315 0.0
-0.0002359832 4.95176319e-05 0.0
4.09047534e-05 0.000314784411 0.0
-7.02753314e-05 0.000190866354 0.0
8.18350873e-06 0.000255567749 0.0
-0.000252389553 4.46096201e-05 0.0
-0.000101572521 0.000149217187 0.0
0.000221841226 0.000565706694 0.0
5.85792259e-05 0.000532442646 0.0
7.99244572e-06 0.000486419682 0.0
2.641028e-05 0.00035474007 0.0
4.76185014e-05 0.000318702456 0.0
3.99074488e-05 5.11689032e-05 0.0
-1.98133621e-05 0.000236314154 0.0
-4.57416972e-05 0.000202535361 0.0
-6.22831794e-05 4.96033826e-05 0.0
0.000173203516 0.000347175286 0.0
7.10525419e-05 0.000239791334 0.0
5.68039468e-05 0.000515839201 0.0
0.000106334453 0.000574295933 0.0
0.000343732274 0.00054808514 0.0
4.31191911e-05 0.000175687746 0.0
-1.09934599e-05 0.00024309264 0.0
-0.000159612726 1.06747466e-05 0.0
-3.76980061e-05 0.000219858324 0.0
0.000224326373 0.00047404709 0.0
-0.000114901275 0.000352886855 0.0
-1.42930742e-06 0.000330669864 0.0
6.88518267e-05 0.00033903055 0.0
-0.000232247054 8.78527717e-05 0.0
0.000205754477 0.000428945699 0.0
0.000155875663 0.000461503048 0.0
-2.38067805e-05 4.9503531e-05 0.0
-0.000191281899 -2.52949922e-05 0.0
-0.000233364699 5.17825611e-05 0.0
-3.48811409e-05 0.000357451354 0.0
0.000145228696 0.000297725666 0.0
2.6387248e-05 0.000480257528 0.0
0.000248338678 0.000462091673 0.0
-2.13026105e-05 0.000221539129 0.0
5.61707166e-05 0.000411852438 0.0
-7.60705079e-05 0.00033675498 0.0
3.50631381e-05 0.00018241159 0.0
-9.74465656e-05 0.000184470759 0.0
2.1889648e-06 0.000431855791 0.0
0.000129214546 0.000414061622 0.0
-9.93411086e-05 0.000160720345 0.0
-8.36305553e-05 0.000155968082 0.0
0.000151192406 0.000328974158 0.0
-0.00030841495 9.29132966e-06 0.0
0.000151823508 0.000306796981 0.0
-4.08554733e-05 0.000407901127 0.0
0.000233535786 0.000582410023 0.0
0.000305879686 0.00065487891 0.0
-0.000164787634 0.00017441895 0.0
-2.48191263e-05 0.000289135525 0.0
-0.000177807684 1.78510909e-05 0.0
0.000283350266 0.00054166693 0.0
-9.51294533e-06 0.000193732223 0.0
0.000149355052 0.000397038966 0.0
0.000335459597 0.000519581488 0.0
0.000200179362 0.000376327895 0.0
-0.000259718741 5.17344706e-05 0.0
-1.12467287e-05 0.00048675813 0.0
0.000106031541 0.000179965849 0.0
-9.54494317e-05 0.000149245694 0.0
3.5052858e-06 0.000108792992 0.0
4.75874003e-06 0.000608638511 0.0
5.64973852e-05 0.000383562117 0.0
-2.87833009e-05 0.000260898931 0.0
-0.00021863883 2.91898068e-05 0.0
-0.000247111951 8.4686726e-05 0.0
0.000145876911 0.000293973513 0.0
-0.00020047414 0.000139515367 0.0
9.34845229e-05 0.000567416777 0.0
-0.000211013175 5.07983932e-05 0.0
-3.34926081e-05 0.000390608708 0.0
-4.11569272e-05 0.000244537019 0.0
0.00014999992 0.00024698989 0.0
-5.57377207e-05 0.000431856635 0.0
-0.000193531989 0.00014044359 0.0
0.000189697632 0.000479192502 0.0
4.84569609e-05 0.000520082773 0.0
3.90378518e-05 0.000310617237 0.0
0.000314823788 0.000621473941 0.0
5.95873353e-05 0.000334663811 0.0
5.33651303e-07 0.000101881917 0.0
0.000144181104 0.000557996507 0.0
0.000161010874 0.000476280227 0.0
-0.000177253198 6.55627446e-05 0.0
0.000120898752 0.000335549354 0.0
2.03453487e-06 0.000182703443 0.0
-0.000186498975 0.00010763789 0.0
0.000105044805 0.000595762394 0.0
-5.16473192e-05 0.000459846575 0.0
1.85667541e-05 0.00049160613 0.0
-0.000103737402 0.000278741296 0.0
0.00031133421 0.000611193827 0.0
0.000231514816 0.000432512665 0.0
8.76105623e-05 0.000602144573 0.0
-7.77277528e-05 0.000464824203 0.0
-8.09304038e-05 0.000280135864 0.0
0.000180902469 0.00043405866 0.0
6.81682141e-05 0.00061443646 0.0
-1.09839057e-05 0.000633088697 0.0
4.79208284e-05 0.00032779749 0.0
0.000259588938 0.000644033251 0.0
-0.000124262384 0.000115396491 0.0
4.70261057e-06 0.000468148093 0.0
3.35884688e-05 7.05475322e-05 0.0
0.000106959749 0.000254005106 0.0
3.60097374e-06 0.000533162267 0.0
0.000152613211 0.000489677826 0.0
-0.000151282889 0.000159055679 0.0
-7.15686547e-05 2.43562299e-05 0.0
0.000230976511 0.00057338475 0.0
-0.000143730285 0.000271664001 0.0
0.000164131896 0.000210794387 0.0
0.000136247822 0.000452642882 0.0
-0.000241839371 5.10873833e-05 0.0
0.000197080211 0.000530924357 0.0
0.000241244692 0.000602527754 0.0
0.00010126493 0.000466474361 0.0
-1.30630224e-05 0.000276711769 0.0
-5.36237421e-05 0.000437295384 0.0
-0.000157623042 3.48574431e-05 0.0
5.32118429e-06 1.9308889e-05 0.0
3.73000476e-05 0.000479657494 0.0
2.78377884e-05 0.000530029123 0.0
-0.000230751742 9.90894041e-05 0.0
0.000180720235 0.000548193173 0.0
0.000154242443 0.000259030057 0.0
-0.000158788956 5.8382484e-05 0.0
4.76586865e-06 0.00018135093 0.0
-6.34199096e-05 0.000287240575 0.0
-0.000143155528 6.28697308e-05 0.0
9.0070389e-05 0.000551632547 0.0
-5.34930223e-06 0.000234504594 0.0
0.000242259848 0.00059452228 0.0
6.63879691e-05 0.00037156028 0.0
0.000186298959 0.000566713046 0.0
6.86427084e-05 0.00033807155 0.0
-9.53065755e-05 4.07984589e-06 0.0
4.91378232e-05 0.000325842615 0.0
0.00025597366 0.000625890738 0.0
-0.000136223956 8.77692364e-05 0.0
0.000102592428 0.00033845182 0.0
0.00014114278 0.000464570912 0.0
1.45692802e-05 0.00027853623 0.0
-5.62401647e-06 3.01153195e-05 0.0
-4.66107631e-05 5.84738045e-05 0.0
