0.000521982613 -0.000331300573 0.0
0.000520634814 -0.000283575326 0.0
0.000518242712 -0.000367149158 0.0
0.000432356406 -0.000342583808 0.0
0.000479632523 -0.000395740615 0.0
0.00051386311 -0.000342583808 0.0
0.000599749386 -0.000367149158 0.0
0.000699538912 -0.000568506541 0.0
0.000699267723 -0.000486009812 0.0
0.000620791572 -0.000509252364 0.0
-2.4110901e-05 4.32153938e-05 0.0
-2.38397006e-05 -3.92813126e-05 0.0
0.000689440232 -0.000548091484 0.0
0.00069240632 -0.000518365181 0.0
0.000637207995 -0.000523350493 0.0
-3.09722964e-05 1.08600443e-05 0.0
-3.3938366e-05 -1.88662925e-05 0.0
0.000179377981 -7.29838575e-05 0.0
0.00017403852 -2.42909573e-05 0.0
0.000624878157 -0.000441504642 0.0
0.000698902062 -0.000462442957 0.0
0.000657622179 -0.000377390097 0.0
0.000617395388 -0.000462442957 0.0
0.000543371425 -0.000441504642 0.0
0.000553691701 -0.000487844867 0.0
0.000546287221 -0.000395226001 0.0
0.000665645639 -0.0004164688 0.0
0.000662689854 -0.00039417544 0.0
0.000233830535 -0.000195455228 0.0
0.000223667506 -0.000139322947 0.0
0.000151843924 -5.65159353e-05 0.0
9.68148888e-05 -4.83704353e-05 0.0
0.00013472799 -0.000116952062 0.0
0.000178321585 -4.83704353e-05 0.0
0.000233350627 -5.65159353e-05 0.0
0.000348036003 -0.000295883714 0.0
0.000343125168 -0.000217738343 0.0
0.000166670303 -0.000167842649 0.0
0.000152061068 -8.73210665e-05 0.0
0.000358363643 -0.000228759032 0.0
0.000364196836 -0.000212659201 0.0
0.00046482071 -0.000326324196 0.0
0.000465381599 -0.000233030019 0.0
0.000376444048 -0.000318100239 0.0
0.00037638814 -0.000302501983 0.0
0.000274009421 -0.000175765381 0.0
0.000270092889 -0.000110030771 0.0
0.000723378616 -0.000529225217 0.0
0.0 0.0 0.0
8.15067033e-05 0.0 0.0
0.000804885291 -0.000529225217 0.0
0.000532447069 -0.000334105658 0.0
0.00054184458 -0.00033372012 0.0
0.000549819088 -0.000331885385 0.0
0.000555731531 -0.00032878312 0.0
0.000559378415 -0.000325428409 0.0
0.000561130815 -0.000321796426 0.0
0.00056004466 -0.000315585668 0.0
0.000555671577 -0.00030683307 0.0
0.000548534677 -0.000297946186 0.0
0.000540138746 -0.000291021686 0.0
0.000530588208 -0.000286288734 0.0
0.000510843063 -0.000282895606 0.0
0.000501746719 -0.000284331734 0.0
0.000494372041 -0.000287386327 0.0
0.000489333004 -0.000291454286 0.0
0.000487047771 -0.000296053273 0.0
0.000487353711 -0.000300545507 0.0
0.000488703663 -0.000304078421 0.0
0.000490745297 -0.000306371978 0.0
0.000494134845 -0.000310393167 0.0
0.000501578324 -0.00031772771 0.0
0.000511614664 -0.000325869332 0.0
0.000430232816 -0.00034644964 0.0
0.000430014741 -0.000351300259 0.0
0.00043230984 -0.000358282326 0.0
0.000437737297 -0.000367669825 0.0
0.000445651152 -0.000378179422 0.0
0.000455671514 -0.000386624772 0.0
0.000467262755 -0.000392656191 0.0
0.0004913843 -0.000396358024 0.0
0.000500970578 -0.000394825154 0.0
0.000508471392 -0.00039204277 0.0
0.000513645005 -0.000387598731 0.0
0.000517376175 -0.000382059516 0.0
0.000519421592 -0.00037623127 0.0
0.000519664492 -0.000371214701 0.0
0.000595313031 -0.000359605096 0.0
0.000586402777 -0.000349125068 0.0
0.00057464058 -0.000338360522 0.0
0.00056195294 -0.000331615302 0.0
0.000548587006 -0.000328064139 0.0
0.000535907806 -0.000328103255 0.0
0.000524637231 -0.000331797433 0.0
0.000517811568 -0.000337454287 0.0
0.000683325401 -0.000480723218 0.0
0.000667164451 -0.000478783128 0.0
0.000652455026 -0.000479742506 0.0
0.000640765182 -0.000482939358 0.0
0.000632329553 -0.00048821629 0.0
0.000626242661 -0.000495019311 0.0
0.000622374122 -0.00050238712 0.0
0.000620821433 -0.00051533134 0.0
0.000624352077 -0.000523707364 0.0
0.00063293823 -0.000535498199 0.0
0.000645113818 -0.000547995209 0.0
0.000659025856 -0.000558492611 0.0
0.000672809372 -0.00056501705 0.0
0.000686311512 -0.000568017887 0.0
-1.13082779e-05 -3.66734239e-05 0.0
-2.99656932e-07 -3.16203914e-05 0.0
8.23676055e-06 -2.47925018e-05 0.0
1.39799631e-05 -1.77532766e-05 0.0
1.65158399e-05 -1.10931978e-05 0.0
1.64913235e-05 -4.29205193e-06 0.0
1.14132417e-05 7.89984369e-06 0.0
2.33520041e-06 2.20700949e-05 0.0
-9.87725343e-06 3.44621803e-05 0.0
0.000685310399 -0.000512297673 0.0
0.00067732553 -0.000507626915 0.0
0.000669054163 -0.000504521246 0.0
0.000660869176 -0.000502575363 0.0
0.000651646522 -0.000503309187 0.0
0.000643957232 -0.000506846933 0.0
0.000639066158 -0.00051203114 0.0
0.00063685677 -0.000517782231 0.0
0.000639549107 -0.000528418925 0.0
0.000643611187 -0.000532977108 0.0
0.000649108086 -0.000536987209 0.0
0.000655396318 -0.000540450914 0.0
0.000661874306 -0.000542997208 0.0
0.000668531226 -0.000545064628 0.0
0.000675274117 -0.000547039905 0.0
0.000682444253 -0.000548139506 0.0
-2.75771308e-05 -1.67623584e-05 0.0
-2.28803237e-05 -1.31371835e-05 0.0
-2.04869284e-05 -8.40592111e-06 0.0
-2.10634844e-05 -2.61906644e-06 0.0
-2.47190474e-05 3.89961406e-06 0.0
0.000189344442 -7.26977814e-05 0.0
0.00019692468 -7.10325839e-05 0.0
0.000202176117 -7.02393518e-05 0.0
0.000206236102 -6.87500287e-05 0.0
0.000209491802 -6.68872308e-05 0.0
0.000211853141 -6.49181165e-05 0.0
0.000212291954 -6.39647333e-05 0.0
0.000210213577 -5.87202521e-05 0.0
0.000204260228 -4.92310282e-05 0.0
0.000195268716 -3.81031132e-05 0.0
0.000185031822 -2.97026236e-05 0.0
0.000163504898 -2.16788612e-05 0.0
0.000153512447 -2.12294472e-05 0.0
0.000145087819 -2.28991084e-05 0.0
0.00013903364 -2.6090609e-05 0.0
0.000135986105 -2.99265466e-05 0.0
0.000134963295 -3.45961962e-05 0.0
0.000136044895 -4.17036135e-05 0.0
0.000141170982 -5.12265724e-05 0.0
0.000148124935 -6.02337677e-05 0.0
0.000157375835 -6.71508824e-05 0.0
0.000168158367 -7.1465256e-05 0.0
0.000707637228 -0.000457961782 0.0
0.000714150257 -0.000451899483 0.0
0.000718450407 -0.000444256759 0.0
0.000718381605 -0.000433910289 0.0
0.000713664398 -0.000420983619 0.0
0.000706045539 -0.000407725631 0.0
0.000695436494 -0.000395479408 0.0
0.00068300101 -0.000386155327 0.0
0.000670106034 -0.000380264304 0.0
0.00064530113 -0.000376869866 0.0
0.000633158954 -0.000379267207 0.0
0.00062210852 -0.000384007872 0.0
0.000613657758 -0.000390792149 0.0
0.000608773204 -0.000398720818 0.0
0.000606647518 -0.000406786596 0.0
0.000606535876 -0.000414375216 0.0
0.000608592818 -0.000420130673 0.0
0.000614086748 -0.00042923275 0.0
0.000555359002 -0.000452271925 0.0
0.000568891293 -0.000459712232 0.0
0.00058279105 -0.000463875564 0.0
0.000596126833 -0.000465440477 0.0
0.000607816502 -0.000464514218 0.0
0.000568622432 -0.00048904185 0.0
0.000582828186 -0.000486975361 0.0
0.000595267978 -0.000481945608 0.0
0.000603559136 -0.000474815839 0.0
0.000608982518 -0.000466767204 0.0
0.000611363503 -0.000458506431 0.0
0.000611162395 -0.000451707019 0.0
0.000609418435 -0.000444104197 0.0
0.000602982182 -0.000433591136 0.0
0.000591704913 -0.000420756493 0.0
0.000577865285 -0.000408876687 0.0
0.000562308182 -0.000399869285 0.0
0.000531283615 -0.000393818249 0.0
0.000518494693 -0.000395530486 0.0
0.000508274999 -0.000398565579 0.0
0.000499941874 -0.000403660029 0.0
0.000493443513 -0.000410239154 0.0
0.000489052269 -0.000417403644 0.0
0.000488428108 -0.000426700921 0.0
0.000492784719 -0.000439091702 0.0
0.000500522088 -0.000452925015 0.0
0.000511179911 -0.000466037163 0.0
0.000524208648 -0.000476332905 0.0
0.000538552005 -0.000483615731 0.0
0.000671410933 -0.000418086798 0.0
0.000676813768 -0.000418532931 0.0
0.00068179291 -0.000417518924 0.0
0.00068533374 -0.000415053772 0.0
0.000686608371 -0.000411989255 0.0
0.000685808889 -0.000408496446 0.0
0.000683005608 -0.00040487267 0.0
0.000678724027 -0.000401481229 0.0
0.000673453556 -0.000398501812 0.0
0.000668131339 -0.000396319869 0.0
0.000657428056 -0.000391854497 0.0
0.000652122661 -0.000389886554 0.0
0.000647039851 -0.000388573506 0.0
0.000642414088 -0.000387570122 0.0
0.000639501726 -0.000387906388 0.0
0.000638657773 -0.00039046639 0.0
0.000641080551 -0.000396435411 0.0
0.0006463069 -0.000403859536 0.0
0.000652401126 -0.000409999309 0.0
0.000659012527 -0.000413802336 0.0
0.000244429044 -0.000195798028 0.0
0.000253435399 -0.000195913861 0.0
0.000260811736 -0.000194728753 0.0
0.000267821073 -0.000191772036 0.0
0.000272579084 -0.000186773133 0.0
0.000274480175 -0.000179851748 0.0
0.000273038517 -0.000170962667 0.0
0.000268047617 -0.000160672411 0.0
0.000259911409 -0.000152809356 0.0
0.000249572418 -0.0001464417 0.0
0.000236977387 -0.000141495475 0.0
0.000211979743 -0.000139656317 0.0
0.00020345657 -0.000141253287 0.0
0.000197703761 -0.000143779907 0.0
0.000193340631 -0.000147825034 0.0
0.000190440071 -0.000153490371 0.0
0.000189509476 -0.000160500917 0.0
0.00019144862 -0.000168092622 0.0
0.000195966742 -0.000175809386 0.0
0.000203069852 -0.000182884876 0.0
0.000212084735 -0.000188888851 0.0
0.000222571107 -0.000193162676 0.0
8.98252911e-05 -5.06543256e-05 0.0
8.36995096e-05 -5.37375527e-05 0.0
7.91284983e-05 -5.82064895e-05 0.0
7.66176163e-05 -6.3689673e-05 0.0
7.77289461e-05 -7.13385671e-05 0.0
8.44476453e-05 -8.35974497e-05 0.0
9.49037785e-05 -9.66243824e-05 0.0
0.000107869579 -0.000107401625 0.0
0.000121739766 -0.000113921196 0.0
0.000145146492 -0.000118206946 0.0
0.000153205678 -0.000118651922 0.0
0.000160660566 -0.000117808464 0.0
0.000167605322 -0.000114746115 0.0
0.000172409491 -0.000108595719 0.0
0.00017419277 -9.92555433e-05 0.0
0.000172874861 -8.78341089e-05 0.0
0.000168570186 -7.58030292e-05 0.0
0.000161299584 -6.51704104e-05 0.0
0.000221535287 -4.97511646e-05 0.0
0.000208839803 -4.65102712e-05 0.0
0.000196611363 -4.54974652e-05 0.0
0.000186470148 -4.70570558e-05 0.0
0.000360722974 -0.000296426821 0.0
0.000370889844 -0.000294187135 0.0
0.000379001111 -0.000289915071 0.0
0.000385518855 -0.000284371316 0.0
0.000390507543 -0.000278158201 0.0
0.00039276274 -0.000271043857 0.0
0.000391619746 -0.000262673973 0.0
0.000386507018 -0.000251714344 0.0
0.000377922843 -0.000239639776 0.0
0.000367587461 -0.000229935293 0.0
0.00035583225 -0.000222709423 0.0
0.000330219103 -0.00021540733 0.0
0.000318017555 -0.000215119144 0.0
0.000307342998 -0.000217443565 0.0
0.000299493753 -0.000222432762 0.0
0.00029433993 -0.000229537633 0.0
0.000292622339 -0.00023981338 0.0
0.000294415833 -0.000252556551 0.0
0.000299505191 -0.000265020382 0.0
0.000308164192 -0.000276076113 0.0
0.000319962448 -0.000285283953 0.0
0.000333608448 -0.000292166631 0.0
0.000181066411 -0.000167680962 0.0
0.000191618485 -0.000165480044 0.0
0.000199427624 -0.00016224815 0.0
0.000205801523 -0.000156905706 0.0
0.00021004946 -0.000149482861 0.0
0.000211602121 -0.000140008633 0.0
0.000210079059 -0.000129035558 0.0
0.000204583208 -0.00011796019 0.0
0.000195150657 -0.000107228814 0.0
0.000181897994 -9.77852105e-05 0.0
0.000166811253 -9.07315989e-05 0.0
0.000139825119 -8.70406147e-05 0.0
0.000129775421 -8.84280307e-05 0.0
0.000120326702 -9.22498657e-05 0.0
0.000111938811 -9.9003897e-05 0.0
0.000106537969 -0.000107577536 0.0
0.000104554929 -0.000117313546 0.0
0.000106536245 -0.000127547915 0.0
0.00011251495 -0.000138344869 0.0
0.000122352896 -0.000148779756 0.0
0.000135395254 -0.000158069684 0.0
0.00015066973 -0.000164576573 0.0
0.000366348017 -0.000230400881 0.0
0.000373422663 -0.000230251506 0.0
0.000379119592 -0.000228825724 0.0
0.000382493949 -0.000226594842 0.0
0.000383535895 -0.000224026255 0.0
0.000382694183 -0.000221558425 0.0
0.000379936246 -0.000219305512 0.0
0.000376603828 -0.000217767054 0.0
0.000373412448 -0.000216208849 0.0
0.000369481742 -0.000214832602 0.0
0.000357613346 -0.000209775448 0.0
0.000351347873 -0.0002066241 0.0
0.000344488188 -0.000204457989 0.0
0.000338463637 -0.000204617798 0.0
0.000335110264 -0.00020709174 0.0
0.000333997421 -0.000211682855 0.0
0.000335668417 -0.000217704466 0.0
0.000339198596 -0.000221595838 0.0
0.000343937427 -0.000223423034 0.0
0.000350485556 -0.000225948737 0.0
0.000481849333 -0.000326766632 0.0
0.000498191745 -0.000323332381 0.0
0.000509518839 -0.00031615622 0.0
0.000516173313 -0.000307143055 0.0
0.000519563095 -0.000296831451 0.0
0.00051945931 -0.000286944443 0.0
0.000517291599 -0.000277298124 0.0
0.000513410952 -0.000270233606 0.0
0.000508282392 -0.000262453977 0.0
0.000497417583 -0.000251523772 0.0
0.000482088159 -0.000240953756 0.0
0.00044846462 -0.00022929137 0.0
0.000432040746 -0.000230455174 0.0
0.000419526157 -0.000234893683 0.0
0.000410811917 -0.000243587987 0.0
0.000405140396 -0.000255996332 0.0
0.000403799961 -0.000269561628 0.0
0.000407324609 -0.000283791422 0.0
0.000414674636 -0.000296452199 0.0
0.000424769474 -0.000307316921 0.0
0.000436539442 -0.000315951562 0.0
0.000449919637 -0.000322255568 0.0
0.000381999213 -0.00032139328 0.0
0.00038714637 -0.000324926863 0.0
0.000392334507 -0.000327897782 0.0
0.000397047086 -0.000330723386 0.0
0.000400694 -0.000332612341 0.0
0.000402586651 -0.000332971133 0.0
0.000402613048 -0.000330646406 0.0
0.000400398741 -0.000323877583 0.0
0.000395933137 -0.000315958518 0.0
0.000390147965 -0.000309595693 0.0
0.000383617094 -0.00030518687 0.0
0.000369895395 -0.000302031927 0.0
0.000365101965 -0.000302451546 0.0
0.000362717081 -0.000302032277 0.0
0.000360754697 -0.000301852531 0.0
0.000359638798 -0.000303258596 0.0
0.000359685335 -0.000305680936 0.0
0.000360785343 -0.000308525225 0.0
0.000363063853 -0.000311066105 0.0
0.000366095599 -0.000312854128 0.0
0.000368645415 -0.000314393081 0.0
0.000372079114 -0.000315986079 0.0
0.000286822411 -0.000179306095 0.0
0.000299239211 -0.000179337119 0.0
0.000309587951 -0.000176132846 0.0
0.000316897844 -0.000171665481 0.0
0.000322427833 -0.000163655539 0.0
0.000324350287 -0.000153326415 0.0
0.000323246408 -0.000143383761 0.0
0.000319246727 -0.000134013724 0.0
0.000313242926 -0.000126412007 0.0
0.000305666093 -0.000120631172 0.0
0.00029582475 -0.000115906616 0.0
0.000283543719 -0.000112360962 0.0
0.000257611042 -0.000110312445 0.0
0.000248443335 -0.000111400397 0.0
0.000241272486 -0.000113305083 0.0
0.000236062304 -0.000115995281 0.0
0.000231758662 -0.000119136457 0.0
0.000228730161 -0.000122775513 0.0
0.000227416924 -0.000125858482 0.0
0.000227389726 -0.000128844869 0.0
0.000230802834 -0.000137104696 0.0
0.000238981811 -0.000149213025 0.0
0.000249310135 -0.000160962823 0.0
0.00026124061 -0.000169861072 0.0
0.000691505556 -0.000512341736 0.0
0.000655238284 -0.000490073755 0.0
0.000385469844 -0.000318513776 0.0
0.000370556285 -0.000303784967 0.0
0.000363358267 -0.00027757301 0.0
0.000352711999 -0.000251905265 0.0
0.000341233274 -0.000234770268 0.0
0.000323601213 -0.00021455402 0.0
0.000285273098 -0.000187290949 0.0
0.000236363296 -0.000152085602 0.0
0.000193912914 -0.000120370751 0.0
0.000165511738 -8.95624544e-05 0.0
8.59018619e-05 -4.52038512e-05 0.0
6.91426685e-05 -3.46238157e-05 0.0
4.75563211e-05 -2.40423578e-05 0.0
2.58869732e-05 -1.22479196e-05 0.0
-1.3852894e-05 1.08475051e-05 0.0
-3.2502292e-05 -3.68546316e-05 0.0
-3.39550097e-05 -1.99961069e-05 0.0
-3.38286809e-05 -1.63402201e-05 0.0
-3.40333354e-05 1.61815206e-05 0.0
-2.64743012e-05 5.8306774e-05 0.0
-1.83101547e-05 8.9304318e-05 0.0
-1.0403317e-05 0.000103341998 0.0
-2.54100314e-06 9.9750745e-05 0.0
1.01358346e-05 8.63585228e-05 0.0
2.16042936e-05 7.03087644e-05 0.0
2.92207787e-05 5.66128874e-05 0.0
3.60975901e-05 4.51562737e-05 0.0
4.37383751e-05 3.32425298e-05 0.0
6.01514803e-05 1.91087147e-05 0.0
7.58004171e-05 1.35225182e-05 0.0
9.75458534e-05 1.62188951e-06 0.0
0.000101329431 2.8285192e-06 0.0
9.34778727e-05 6.33340903e-07 0.0
0.000107393673 -1.22479196e-05 0.0
0.000129063017 -2.40423578e-05 0.0
0.000150649372 -3.46238157e-05 0.0
0.000167408565 -4.52038512e-05 0.0
0.000247018441 -8.95624544e-05 0.0
0.000275419618 -0.000120370751 0.0
0.000317869999 -0.000152085602 0.0
0.000366779772 -0.000187290949 0.0
0.000405107916 -0.00021455402 0.0
0.000422739948 -0.000234770268 0.0
0.000434218702 -0.000251905265 0.0
0.000444864971 -0.00027757301 0.0
0.000452062988 -0.000303784967 0.0
0.000466976548 -0.000318513776 0.0
0.000736745016 -0.000490073755 0.0
0.000773012289 -0.000512341736 0.0
0.000816856453 -0.00052859186 0.0
0.000824708026 -0.000526396674 0.0
0.00082092447 -0.000527603319 0.0
0.000799179019 -0.000515702704 0.0
0.000783530064 -0.000510116457 0.0
0.000767116959 -0.000495982647 0.0
0.000759476214 -0.000484068936 0.0
0.000752599386 -0.000472612301 0.0
0.000744982914 -0.000458916445 0.0
0.000733514433 -0.000442866673 0.0
0.000720837619 -0.000429474458 0.0
0.000712975278 -0.00042588319 0.0
0.000705068465 -0.00043992087 0.0
0.000696904317 -0.000470918429 0.0
0.000689345237 -0.000513043662 0.0
0.000689549895 -0.000545565446 0.0
0.000689423585 -0.000549221295 0.0
0.000690876332 -0.000566079805 0.0
0.000709525717 -0.000518377696 0.0
0.000534389692 -0.000370836089 0.0
0.000150398453 -4.51929445e-05 0.0
0.000595962862 -0.000407384621 0.0
8.98939834e-05 -5.9319198e-05 0.0
0.000488442252 -0.000368682231 0.0
0.000495423621 -0.000298585102 0.0
0.000569135242 -0.000449072279 0.0
8.27657204e-05 -8.44846727e-05 0.0
0.000511678634 -0.000327752758 0.0
0.000196378271 -8.88874274e-05 0.0
0.000399789249 -0.00021361484 0.0
0.000433957117 -0.000340354483 0.0
0.000254334387 -0.000118385324 0.0
0.000295809383 -0.000227895565 0.0
0.000311174401 -0.000189120154 0.0
0.000112468879 1.85028603e-05 0.0
0.000550522411 -0.000354220625 0.0
9.87058811e-05 -7.48504317e-05 0.0
0.000290313357 -0.000213164094 0.0
0.000570778735 -0.000427752588 0.0
0.00031753254 -0.00020259984 0.0
0.000453013054 -0.000297421648 0.0
0.000534497609 -0.000405321887 0.0
0.000176035392 -5.3571941e-05 0.0
0.000543738133 -0.000338090642 0.0
0.00016816995 -0.000100035599 0.0
7.06225619e-05 1.51216454e-05 0.0
0.000574298203 -0.000355226162 0.0
0.000561025692 -0.000447802711 0.0
2.83408481e-05 -4.70227023e-05 0.0
0.00028749925 -0.000213067455 0.0
0.000229559926 -0.000191652827 0.0
0.000648721005 -0.000445408863 0.0
0.00011841434 -0.00011069762 0.0
0.000478384434 -0.000270316144 0.0
0.0003319963 -0.000221070295 0.0
0.000264290924 -0.000196040768 0.0
0.000609168201 -0.000471986452 0.0
0.000527667638 -0.000321168423 0.0
0.000489406695 -0.00039213011 0.0
0.000404790888 -0.000244213443 0.0
0.000430569838 -0.00033002597 0.0
0.000565829512 -0.000405851228 0.0
6.5184272e-06 -6.31418006e-05 0.0
0.000500649679 -0.000344271772 0.0
0.00019046641 -8.36091276e-05 0.0
7.00544842e-05 -6.72381357e-05 0.0
0.00038031413 -0.000237482556 0.0
0.00012476524 -0.000100719881 0.0
0.000438607938 -0.000327868416 0.0
0.000577814353 -0.000487600366 0.0
0.000465413119 -0.000362758001 0.0
7.44005956e-05 4.06808649e-05 0.0
0.000353541807 -0.000171037333 0.0
0.00022042761 -0.000113593305 0.0
2.29740217e-05 -1.24325843e-05 0.0
0.000292125915 -0.000182220101 0.0
0.000405869039 -0.00032252571 0.0
0.000101170059 2.72280195e-05 0.0
0.000279532222 -0.000141560216 0.0
0.000146786959 -0.000116687472 0.0
3.14435274e-05 3.8326275e-06 0.0
0.000316463324 -0.000254168583 0.0
0.000253097474 -0.000197631627 0.0
0.000272744132 -0.000155070549 0.0
0.000121083554 -4.7135869e-05 0.0
0.000148992869 -0.000110723835 0.0
1.59994615e-05 -6.98991862e-05 0.0
0.000695123337 -0.000442920486 0.0
0.000344015483 -0.000236248787 0.0
4.19102835e-05 -6.93789698e-05 0.0
0.000518472516 -0.000412820838 0.0
0.000230982405 -9.17176876e-05 0.0
0.000160828786 -2.18584919e-05 0.0
0.00042221637 -0.000353777985 0.0
0.00024854287 -0.000110137204 0.0
0.000200224051 -0.000121233599 0.0
0.000623444968 -0.000389562338 0.0
0.000545959047 -0.000424410915 0.0
0.000549574965 -0.000452440639 0.0
0.000447245198 -0.000256802683 0.0
0.000522306829 -0.000336394005 0.0
0.000214478961 -0.000133218447 0.0
0.000405492639 -0.000191076964 0.0
5.50104342e-05 -5.80335327e-05 0.0
0.00063463836 -0.000368834299 0.0
0.0004502066 -0.000265232578 0.0
0.000589531264 -0.00044705256 0.0
0.000566016068 -0.000364932872 0.0
0.000557585794 -0.000357267039 0.0
2.40463251e-05 -5.33855055e-05 0.0
0.000454820402 -0.000261655048 0.0
9.59050303e-05 -5.34761712e-05 0.0
0.000508991885 -0.000295122358 0.0
0.000325268571 -0.000257364765 0.0
0.000410730776 -0.000251270743 0.0
0.000391737878 -0.000262393238 0.0
0.000546249852 -0.000407408486 0.0
0.0001722944 -7.07468789e-05 0.0
0.000550399884 -0.000334201846 0.0
0.00027194334 -0.000207924371 0.0
0.000132792367 -0.000122033991 0.0
0.000520533475 -0.000317134138 0.0
0.000331622752 -0.000252338301 0.0
0.000557251158 -0.000409537606 0.0
0.000546173891 -0.000325018016 0.0
0.000275532773 -0.0001905721 0.0
0.000208962694 -9.61079204e-05 0.0
0.000571823679 -0.000344906701 0.0
0.000191115687 -5.6407971e-05 0.0
0.000146032049 -1.94800596e-05 0.0
0.000660741876 -0.000493442756 0.0
0.000571883458 -0.000467939128 0.0
0.00058320188 -0.000461002026 0.0
0.000551017525 -0.000420564727 0.0
0.000669023721 -0.000485749362 0.0
0.000263133581 -0.000181925032 0.0
0.000573523343 -0.000374180643 0.0
0.000499847461 -0.000334186712 0.0
0.000528096978 -0.000310872449 0.0
0.000450553547 -0.000346268615 0.0
0.000243107046 -0.000198532522 0.0
0.000357134122 -0.000248074095 0.0
0.000520635978 -0.000371842994 0.0
0.000245443982 -0.000104540602 0.0
0.000372872804 -0.000208394515 0.0
0.000293277262 -0.000200418071 0.0
0.000639332575 -0.000489061698 0.0
0.000660943566 -0.000458156312 0.0
0.000509228557 -0.000329514034 0.0
0.000312792952 -0.000199130314 0.0
0.000549079617 -0.000373429852 0.0
0.000441534736 -0.000361530751 0.0
0.000332362368 -0.000178871836 0.0
0.000313582714 -0.00024594416 0.0
0.000485500554 -0.000314730889 0.0
0.000537914282 -0.000326708512 0.0
0.000298916013 -0.000229881 0.0
0.000286706578 -0.000185394616 0.0
0.000603972236 -0.000494815991 0.0
7.30556858e-05 4.74696244e-05 0.0
0.000183579526 -6.04184788e-05 0.0
0.000442353572 -0.000268459029 0.0
0.000247301621 -0.00016494657 0.0
0.000106003783 2.0148334e-06 0.0
0.00012177859 -0.000101319398 0.0
0.000180011615 -0.000150849781 0.0
0.000195174463 -9.02302418e-05 0.0
0.000145022306 -1.3309666e-06 0.0
7.9933634e-05 -7.80442642e-05 0.0
0.000184756107 -6.07418224e-05 0.0
1.72030093e-06 4.83914789e-07 0.0
0.000182734875 -7.02779653e-05 0.0
0.000412258727 -0.000250846846 0.0
5.20471149e-05 -4.75830384e-05 0.0
0.000339189253 -0.000163271296 0.0
0.000273612968 -0.000224805626 0.0
0.000457195827 -0.000365244952 0.0
4.67361788e-05 -7.29060412e-05 0.0
0.000227041557 -0.000170701969 0.0
0.000681973179 -0.000544880109 0.0
0.000483840384 -0.000394397444 0.0
0.000405735424 -0.000333585747 0.0
0.000464054436 -0.000334217388 0.0
0.000136725095 -3.24806679e-05 0.0
0.00042083775 -0.000254488143 0.0
0.000715260161 -0.000458338618 0.0
0.000439267984 -0.000322858366 0.0
0.000703359605 -0.000419430988 0.0
0.000614768243 -0.000364760373 0.0
0.000257296779 -0.000185785204 0.0
0.000179409588 -0.000100148551 0.0
0.000573353434 -0.000359179452 0.0
0.000601189211 -0.000458983122 0.0
0.000535819039 -0.000445186161 0.0
0.000189919869 -0.000141794677 0.0
0.000535782776 -0.000344060129 0.0
0.00023545821 -9.4559422e-05 0.0
0.000582442095 -0.000439117779 0.0
-1.54139434e-05 -5.33246675e-05 0.0
0.00048311404 -0.000376162527 0.0
0.000640641199 -0.000480883842 0.0
0.0004463605 -0.000254684419 0.0
7.69954386e-06 -2.36996379e-06 0.0
0.000598899787 -0.000505534001 0.0
7.46511578e-05 -5.98516563e-05 0.0
0.000679838588 -0.000502771407 0.0
0.000566028582 -0.000371853239 0.0
0.000703482772 -0.000445355137 0.0
0.000530526915 -0.000409337081 0.0
4.0091767e-05 5.74984588e-05 0.0
0.000625480548 -0.000497292611 0.0
0.000261063367 -0.000137751122 0.0
0.000384769461 -0.000305342459 0.0
0.000383254752 -0.00026187289 0.0
0.000610464602 -0.000364814274 0.0
0.000533759885 -0.000336545636 0.0
0.000366227003 -0.000165361023 0.0
0.000572247605 -0.000431026885 0.0
0.000414389389 -0.000312070857 0.0
0.000514342741 -0.000389337831 0.0
0.000128630258 -8.24477174e-05 0.0
8.13080915e-05 2.92279929e-05 0.0
0.00030367673 -0.000206360783 0.0
8.06935495e-05 -2.20555721e-05 0.0
0.000621568528 -0.000444970123 0.0
0.000542023103 -0.000420498254 0.0
0.000309014111 -0.000185465498 0.0
0.000420056953 -0.000364190637 0.0
-2.95007408e-06 -3.51987001e-05 0.0
0.000665350992 -0.00047585342 0.0
2.48231772e-05 4.87271027e-05 0.0
0.000377254793 -0.000280873879 0.0
0.000228101315 -0.00012609268 0.0
0.000594197481 -0.000456739712 0.0
0.000444719655 -0.000224371426 0.0
0.000568631862 -0.000388560438 0.0
6.06562462e-05 -7.28601153e-05 0.0
4.90903185e-05 -3.79940757e-05 0.0
0.000153284433 -6.68920402e-05 0.0
9.30635942e-05 -8.07506221e-05 0.0
0.000222562623 -0.000149080792 0.0
0.000515812426 -0.000426136772 0.0
0.00054722029 -0.000405839121 0.0
0.000681128353 -0.000419227523 0.0
0.000214657266 -0.000134904301 0.0
0.00019146569 -7.97168468e-05 0.0
4.91360042e-05 -2.3896504e-05 0.0
0.000242589056 -0.000190310617 0.0
0.00075536262 -0.000494118722 0.0
0.000561809982 -0.00044082824 0.0
0.000552321144 -0.000325298082 0.0
0.000500132039 -0.000281106099 0.0
0.000218889516 -7.31630862e-05 0.0
0.000307281269 -0.000183696349 0.0
0.000557548366 -0.000475480978 0.0
0.000115114082 -9.55656651e-05 0.0
0.00066580961 -0.000467244361 0.0
0.000324829074 -0.000264252507 0.0
1.25284114e-05 -1.1038891e-05 0.0
0.000399513316 -0.000304215122 0.0
0.000294079044 -0.000184280594 0.0
0.000177109512 -4.00008212e-05 0.0
0.000622847758 -0.00047062384 0.0
-1.31024481e-05 -2.84517846e-05 0.0
0.000305824564 -0.000178260729 0.0
0.000668303983 -0.000515720574 0.0
0.000117413954 8.03898638e-06 0.0
0.000599146762 -0.000384998508 0.0
-1.51423501e-05 -4.99662274e-05 0.0
0.000622057007 -0.000362749415 0.0
0.000156371927 -0.000141241253 0.0
0.00016260508 -4.3773478e-05 0.0
0.000243338858 -0.000110669658 0.0
0.000647723093 -0.000485983124 0.0
0.000344561675 -0.00028128986 0.0
0.000644302985 -0.000404764578 0.0
0.000444727833 -0.000269694487 0.0
4.57395181e-05 -5.90065974e-05 0.0
0.000391497713 -0.000310908945 0.0
0.000708157604 -0.000425632199 0.0
0.000137835421 -0.000100941928 0.0
4.77015092e-05 6.50643487e-05 0.0
0.000579239626 -0.000378867146 0.0
0.000473422435 -0.000274417456 0.0
0.000396009418 -0.000180368734 0.0
0.000653312716 -0.000491726969 0.0
0.000126206636 -9.30007591e-05 0.0
0.000198312671 -0.000162789263 0.0
0.00021744697 -0.000171039603 0.0
0.000581977947 -0.000473945722 0.0
0.000665310305 -0.000472835964 0.0
0.000262664107 -0.000117957039 0.0
0.000515863358 -0.000344498083 0.0
0.000250103534 -0.000161495613 0.0
0.000695976953 -0.000416314084 0.0
0.000675026968 -0.000526216114 0.0
0.000431862398 -0.000247373566 0.0
0.00055158895 -0.000433204084 0.0
0.00033294264 -0.000178542672 0.0
0.000153186571 -0.000117558709 0.0
0.000150451917 -0.000103959486 0.0
0.000584621681 -0.000472805463 0.0
0.000230859208 -7.94670268e-05 0.0
0.000522632094 -0.000300005835 0.0
0.000478163594 -0.000375454401 0.0
0.000547294854 -0.000405426486 0.0
0.000249687466 -0.000194735956 0.0
0.000308036339 -0.000200351991 0.0
0.000200871946 -0.000155950314 0.0
0.000535795058 -0.000316292077 0.0
0.000548514479 -0.000325737201 0.0
0.000162405049 -0.00012439728 0.0
0.000127387786 -2.41449434e-05 0.0
7.53870336e-05 -3.64259795e-05 0.0
0.000480584276 -0.00027895972 0.0
7.48440725e-05 -4.97405163e-05 0.0
0.000355429482 -0.000243149509 0.0
0.000455073197 -0.000267465017 0.0
0.000625806337 -0.000505280157 0.0
0.000346292538 -0.000225226948 0.0
0.000199584349 -5.73851212e-05 0.0
0.000676187919 -0.00045086944 0.0
0.000378879166 -0.000211880571 0.0
0.000626239344 -0.000483678654 0.0
0.000375739794 -0.00024660569 0.0
7.65503501e-05 -8.84544133e-05 0.0
0.000287705538 -0.0001832696 0.0
9.88672909e-05 -9.84830549e-05 0.0
0.000576754275 -0.000342368556 0.0
0.000648753252 -0.000386139291 0.0
0.000728446234 -0.00045605161 0.0
0.000306643662 -0.000221853494 0.0
0.000378395838 -0.000232495222 0.0
1.52746961e-05 -4.37383642e-05 0.0
3.90454807e-05 -8.96788915e-05 0.0
0.000269469776 -0.000182518212 0.0
0.000564585382 -0.000464819983 0.0
3.41388768e-05 -4.47440289e-05 0.0
0.000343043037 -0.000206590455 0.0
0.000428720086 -0.000329510454 0.0
0.000265801995 -0.000136239702 0.0
4.41629782e-05 -8.80308871e-05 0.0
0.000428837899 -0.000273439247 0.0
0.000426318293 -0.000296012149 0.0
0.00049619918 -0.000385829422 0.0
0.000515908876 -0.000317150669 0.0
0.000297821447 -0.000148161693 0.0
0.000228553923 -0.000166780126 0.0
0.000675731862 -0.000528180157 0.0
0.000470033207 -0.000393986877 0.0
0.000498807465 -0.000359917613 0.0
0.000599172607 -0.000436014379 0.0
0.000117333948 -2.0806161e-05 0.0
0.000448767212 -0.000350803341 0.0
0.000339327584 -0.000276832492 0.0
0.000125427294 -8.83818284e-05 0.0
0.00051129132 -0.000395639567 0.0
0.000291006145 -0.000235077736 0.0
0.000624067383 -0.000412427878 0.0
0.000269774173 -0.000226617733 0.0
0.000605978246 -0.000507546007 0.0
9.91961206e-05 -7.71500982e-06 0.0
0.000451890694 -0.000369428366 0.0
0.000685893232 -0.000428930216 0.0
0.000517658948 -0.000304344576 0.0
0.00037053565 -0.000283148955 0.0
0.000588340801 -0.000466239173 0.0
0.000193844768 -0.000150422042 0.0
0.000562864763 -0.000423532649 0.0
0.000276316918 -0.000200168841 0.0
0.000147088853 -0.000125348801 0.0
0.000125472798 -2.90228181e-05 0.0
0.000112666734 -1.63059904e-05 0.0
0.000208864367 -0.000103108126 0.0
0.000616331585 -0.000505502743 0.0
0.000144895341 -0.000108394321 0.0
0.000698656368 -0.000417029485 0.0
0.000548988057 -0.000391910289 0.0
0.00040641136 -0.00023560226 0.0
3.58478719e-05 -3.62502542e-05 0.0
0.000533615006 -0.000307572947 0.0
0.000704021426 -0.000424508733 0.0
0.000557719497 -0.000343642751 0.0
0.000327719637 -0.000260744971 0.0
0.00033690955 -0.000146783801 0.0
0.000115984403 -7.41782278e-05 0.0
8.64444519e-05 3.66612912e-05 0.0
-1.09094744e-05 -3.477274e-05 0.0
0.000267015188 -0.000162928307 0.0
0.000533797429 -0.000355357159 0.0
0.000141481942 -0.000117017538 0.0
0.000174793604 -0.000138245479 0.0
0.00028556984 -0.00016190327 0.0
0.00054374116 -0.000464062876 0.0
0.00010930845 -9.91609195e-05 0.0
0.000228926903 -0.000110878107 0.0
0.000395868643 -0.000318272359 0.0
0.000356523669 -0.000197869958 0.0
0.000294818485 -0.000227961253 0.0
-1.12733642e-05 -1.58987896e-05 0.0
0.000460599462 -0.000364719512 0.0
0.000582743203 -0.000414736976 0.0
0.000198807931 -0.000147542174 0.0
8.46950134e-05 -6.8371919e-05 0.0
0.000319648447 -0.000257226377 0.0
0.000723236124 -0.000461911084 0.0
0.000671581656 -0.000405621948 0.0
0.000187733749 -0.00010674409 0.0
0.000163622331 -3.29894829e-05 0.0
0.00010465549 -0.000102741127 0.0
0.000501768664 -0.000333431119 0.0
0.000655821874 -0.000391651265 0.0
0.000166170503 -0.000119579992 0.0
0.000502725365 -0.000393771072 0.0
0.000483389507 -0.000378228055 0.0
0.000406205916 -0.000273003563 0.0
1.29079615e-06 4.56685075e-06 0.0
0.000300743734 -0.000163156437 0.0
5.18373308e-05 -6.46046537e-05 0.0
0.000479406124 -0.000327732327 0.0
0.000581373461 -0.000388926099 0.0
0.000173056353 -0.000148071573 0.0
0.000184094082 -6.99755183e-05 0.0
0.000260664732 -0.000123278485 0.0
0.000408658263 -0.000336307596 0.0
4.75839042e-05 -2.85108708e-05 0.0
6.17573824e-05 4.71028834e-05 0.0
0.000539993402 -0.000311559794 0.0
0.000461861171 -0.000353896525 0.0
9.01008752e-05 1.45442282e-05 0.0
0.000367855217 -0.000253526901 0.0
0.000207831836 -0.000105338666 0.0
0.000298395986 -0.000234146166 0.0
9.04180779e-05 -1.53713029e-06 0.0
0.000183104945 -9.86850137e-05 0.0
0.000647558656 -0.000487932091 0.0
0.000587667106 -0.000347877096 0.0
0.000529663346 -0.00030377775 0.0
0.000417348434 -0.00024770078 0.0
0.000342253305 -0.000285647897 0.0
3.09155403e-05 -1.47620185e-05 0.0
0.000254722399 -0.000182132382 0.0
0.000206651093 -0.000154930502 0.0
-2.02536776e-05 -3.94652379e-05 0.0
0.000420828437 -0.000307710259 0.0
0.000289513468 -0.000213232692 0.0
0.000558978471 -0.00035407726 0.0
0.000658708275 -0.000414964568 0.0
0.000579206913 -0.000447960338 0.0
0.000226896169 -0.000151540487 0.0
0.000272798672 -0.000206688666 0.0
3.04327455e-06 4.1870775e-05 0.0
0.000223521463 -0.000145748854 0.0
0.000530107471 -0.000410361798 0.0
0.000448949082 -0.000301203632 0.0
0.000375035073 -0.000186924488 0.0
0.000374411349 -0.000256183994 0.0
0.000169076418 -2.3999306e-05 0.0
0.000449974759 -0.000350600865 0.0
0.000435201306 -0.000376032724 0.0
6.39837572e-06 -5.57886233e-05 0.0
3.48628382e-05 7.20620083e-05 0.0
0.000124984232 6.97624728e-06 0.0
0.000410973036 -0.000210118073 0.0
0.000338008453 -0.000222744784 0.0
0.000599037157 -0.000349261943 0.0
0.000533062615 -0.000403329846 0.0
0.000239132045 -0.000179093622 0.0
0.000503032294 -0.000316596503 0.0
0.000399474433 -0.000204973607 0.0
0.000246227952 -0.000167339458 0.0
0.000253282313 -0.000134598682 0.0
0.000487027923 -0.00027554587 0.0
0.000404146034 -0.000336487195 0.0
0.000192933483 -9.34639102e-05 0.0
0.000141893339 -0.000123628881 0.0
0.00041991091 -0.000303456007 0.0
0.00011178093 -1.36464259e-05 0.0
0.000350556453 -0.000230784033 0.0
0.000517973793 -0.000290722586 0.0
0.000616867095 -0.000477546593 0.0
0.000697059731 -0.00051514362 0.0
0.000200732582 -8.599172e-05 0.0
0.00036059838 -0.000157150629 0.0
7.46734513e-05 2.89084037e-05 0.0
0.000567480922 -0.000436203263 0.0
0.00022837361 -0.000183932207 0.0
0.000418704527 -0.000333473028 0.0
0.000562639383 -0.000430667074 0.0
0.000403363811 -0.000309943047 0.0
0.000148558916 -4.19554053e-05 0.0
0.000548804994 -0.000350974151 0.0
0.000209286271 -0.000137528201 0.0
0.000162970435 -0.0001156629 0.0
6.08615555e-05 -9.24796841e-05 0.0
0.000781886338 -0.000502266339 0.0
0.000479009002 -0.000290263997 0.0
0.000297709921 -0.000211293474 0.0
0.00011651971 1.79469826e-05 0.0
0.000192940162 -6.09033996e-05 0.0
0.000333888049 -0.000221149123 0.0
0.000189400511 -6.20124702e-05 0.0
0.000635565026 -0.000382624974 0.0
0.000140061995 -3.75452396e-06 0.0
0.000421211065 -0.000238406923 0.0
0.000240142253 -0.000135572976 0.0
0.000257436768 -0.000172109198 0.0
0.000480681716 -0.000283810456 0.0
0.000243781615 -0.000105251755 0.0
0.0004504463 -0.000371787784 0.0
0.00060748111 -0.000357167417 0.0
0.000355853408 -0.000277869025 0.0
0.000655053242 -0.000490190927 0.0
0.000420402532 -0.0002419589 0.0
7.72650528e-05 -0.000106327701 0.0
0.000581520435 -0.00047754636 0.0
0.000526442484 -0.000440253934 0.0
0.000135467024 -1.94636359e-05 0.0
0.000398388365 -0.000308517949 0.0
0.000168680708 -0.000124708036 0.0
0.000233681072 -8.91300151e-05 0.0
0.000708169711 -0.000435517373 0.0
0.000551482255 -0.000343511463 0.0
0.00058297033 -0.000356025732 0.0
0.000315439771 -0.000209211765 0.0
0.000610373623 -0.00046362853 0.0
0.000470656756 -0.000375113683 0.0
0.000682740472 -0.000431741908 0.0
0.000568892807 -0.000354358985 0.0
0.000309760653 -0.000210814644 0.0
0.000431095366 -0.00034759246 0.0
0.000694888877 -0.000428682601 0.0
0.000792681065 -0.000519523572 0.0
0.000367561093 -0.000247498974 0.0
0.0006760697 -0.000550499011 0.0
0.000144304722 -7.7598037e-05 0.0
0.00054298446 -0.000342857849 0.0
2.85010174e-05 -2.272659e-05 0.0
0.000306300033 -0.000232203849 0.0
0.000586351904 -0.000377469434 0.0
0.00054036238 -0.000433977431 0.0
0.000252979487 -0.000117690812 0.0
3.35833215e-06 -2.8538163e-05 0.0
0.000637503399 -0.000487051875 0.0
0.000350020156 -0.000208516853 0.0
0.00021567053 -0.000135245398 0.0
0.00050490268 -0.00042391094 0.0
8.23877563e-05 8.32214937e-06 0.0
0.000552014099 -0.000414363196 0.0
0.000610105228 -0.000487391604 0.0
0.000536188832 -0.000387174776 0.0
0.000314518344 -0.000164247598 0.0
0.000466499012 -0.00028361837 0.0
5.22631672e-05 1.09678967e-05 0.0
4.85130067e-06 -1.66479299e-06 0.0
0.000537449436 -0.000337217236 0.0
0.000640228449 -0.000374602008 0.0
0.000220598798 -8.37788539e-05 0.0
0.000574339996 -0.000490385923 0.0
0.000284915761 -0.000182839445 0.0
0.000101251375 -1.52246012e-05 0.0
0.000238504494 -0.000179154347 0.0
0.00032726521 -0.000209722406 0.0
6.33346062e-05 -2.82955807e-05 0.0
0.000608888629 -0.000374098599 0.0
0.000275426544 -0.000214807995 0.0
0.000621163461 -0.000491864979 0.0
0.000459242845 -0.000283557194 0.0
0.000616265461 -0.000492531573 0.0
0.000373189774 -0.000281364482 0.0
2.50441917e-05 -3.89303241e-05 0.0
0.000368532259 -0.000271925674 0.0
0.000594958547 -0.00048916653 0.0
0.000104973667 -5.25647265e-05 0.0
0.000381681049 -0.00030363907 0.0
0.000528072065 -0.000417691539 0.0
0.000318204373 -0.00025020336 0.0
-9.34451236e-06 1.65488254e-05 0.0
1.52398125e-05 -5.57292224e-05 0.0
