-0.000823117385 0.000535194704 0.0
-0.000801185903 0.000556927815 0.0
7.26129801e-05 0.000519514026 0.0
7.84876393e-05 0.000505443313 0.0
5.02657131e-05 0.00050867314 0.0
-0.00104291819 0.000505443313 0.0
-0.00104879285 0.000519514026 0.0
-0.000119674354 0.000828018296 0.0
-8.94457626e-05 0.000764266879 0.0
-5.58537467e-05 0.000780709146 0.0
-8.11567588e-05 1.26827445e-05 0.0
-0.000111385358 7.64341385e-05 0.0
-0.000411258748 0.000769807026 0.0
-0.000387451757 0.000801287941 0.0
-0.000437491806 0.000772004074 0.0
-0.000379162753 4.97037763e-05 0.0
-0.000402969745 1.82228723e-05 0.0
-0.00106231868 2.34052004e-05 0.0
-0.00102804229 -1.63594395e-05 0.0
-0.000925889937 0.000616258185 0.0
-0.000949109322 0.000629962538 0.0
-0.000899697654 0.000600308878 0.0
0.00017229651 0.000629962538 0.0
0.000195515939 0.000616258185 0.0
-0.000214355459 0.000620464853 0.0
-0.000182722448 0.000608756847 0.0
-0.00077254069 0.000608663831 0.0
-0.000729399268 0.000644731277 0.0
-0.000483258889 0.000287445902 0.0
-0.000440054166 0.000275915227 0.0
-8.7232831e-05 9.35418575e-05 0.0
-4.05381761e-05 8.5437925e-05 0.0
-0.000110963418 0.000149568179 0.0
-0.001161944 8.5437925e-05 0.0
-0.00120863866 9.35418575e-05 0.0
-0.000156566181 0.000300236163 0.0
-0.000118519572 0.000279847445 0.0
-0.000258391432 0.000216018932 0.0
-0.000204883079 0.000150409775 0.0
-0.000473384251 0.000324450579 0.0
-0.000440202013 0.000342727377 0.0
-0.000961265527 0.000457918766 0.0
-0.000935116666 0.000447635917 0.0
-0.000365865155 0.000390815199 0.0
-0.000322668668 0.000416829018 0.0
-0.000647862558 0.000237602144 0.0
-0.000607124472 0.000287171104 0.0
-8.28900011e-06 0.000751584128 0.0
0.0 0.0 0.0
-0.00112140586 0.0 0.0
-0.00112969487 0.000751584128 0.0
-0.000818557048 0.000537991174 0.0
-0.000814789033 0.000540805981 0.0
-0.000811532256 0.000543717586 0.0
-0.000808368495 0.000546805328 0.0
-0.000805330754 0.000551277422 0.0
-0.000802452967 0.00055643724 0.0
-0.000800894515 0.000560049433 0.0
-0.000799801899 0.000561261782 0.0
-0.000798709923 0.000560932385 0.0
-0.000798767316 0.000559798442 0.0
-0.000799584261 0.000558557105 0.0
-0.000803447096 0.000554986065 0.0
-0.000806278433 0.000553249905 0.0
-0.000809986203 0.000551307981 0.0
-0.000814172556 0.000549437304 0.0
-0.00081890024 0.00054755609 0.0
-0.000824722112 0.00054533378 0.0
-0.000829600496 0.000541666348 0.0
-0.000833826489 0.000538474997 0.0
-0.000834560313 0.000536512467 0.0
-0.000833106926 0.000534113264 0.0
-0.00082832505 0.00053395069 0.0
7.38328963e-05 0.000504354248 0.0
6.9559741e-05 0.000502123497 0.0
6.64871186e-05 0.00050091173 0.0
6.3222149e-05 0.000501202187 0.0
5.99144951e-05 0.000503312331 0.0
5.6308756e-05 0.000505495118 0.0
5.29874014e-05 0.000507453398 0.0
4.85435994e-05 0.000509979494 0.0
4.94207015e-05 0.000511303835 0.0
5.31876467e-05 0.000513389008 0.0
5.82339635e-05 0.000515547232 0.0
6.25417961e-05 0.000517038337 0.0
6.679941e-05 0.000517864653 0.0
6.98028671e-05 0.000519260764 0.0
-0.00104746385 0.000518790097 0.0
-0.00104671076 0.00051711523 0.0
-0.00104591344 0.000514249317 0.0
-0.00104492728 0.000511507504 0.0
-0.00104282564 0.000508577796 0.0
-0.00104036566 0.000507138669 0.0
-0.00103801349 0.000507471093 0.0
-0.00104035961 0.000506651879 0.0
-7.87945683e-05 0.000760188384 0.0
-6.83331964e-05 0.000758779934 0.0
-5.90711716e-05 0.000759193674 0.0
-5.34413666e-05 0.000761137169 0.0
-5.15865613e-05 0.000764584809 0.0
-5.18576453e-05 0.000769306731 0.0
-5.37499727e-05 0.000774983724 0.0
-5.87040922e-05 0.000787178171 0.0
-6.33918899e-05 0.000795241562 0.0
-7.16070135e-05 0.000804058393 0.0
-8.26597388e-05 0.000812114682 0.0
-9.62848135e-05 0.000819874753 0.0
-0.000106861939 0.000826052157 0.0
-0.000115078205 0.00082791649 0.0
-0.00011388924 7.44616264e-05 0.0
-0.000116069314 7.07858489e-05 0.0
-0.000117313022 6.53352909e-05 0.0
-0.000117136384 5.85842135e-05 0.0
-0.000115444163 5.28654637e-05 0.0
-0.000112218797 4.6473946e-05 0.0
-0.000107238164 3.7730013e-05 0.0
-0.000100345147 2.82554538e-05 0.0
-9.12383912e-05 1.9262543e-05 0.0
-0.000388661429 0.000801696384 0.0
-0.000392674789 0.000800365233 0.0
-0.000398500939 0.000798107358 0.0
-0.000407810236 0.000793833169 0.0
-0.000415042683 0.000790485297 0.0
-0.000422929967 0.000785912387 0.0
-0.000428740925 0.000780706701 0.0
-0.000432885077 0.000775902998 0.0
-0.000441917655 0.000767976861 0.0
-0.000445468933 0.000763340562 0.0
-0.000447990838 0.000759571674 0.0
-0.0004490336 0.000757031085 0.0
-0.000446630467 0.00075647526 0.0
-0.000440090895 0.000757454662 0.0
-0.000430309068 0.00076083577 0.0
-0.000420645432 0.000764384575 0.0
-0.000394667848 2.47525568e-05 0.0
-0.000388117653 3.15640646e-05 0.0
-0.000383486971 3.77940632e-05 0.0
-0.000380795216 4.33504829e-05 0.0
-0.000379875506 4.7367841e-05 0.0
-0.00107074436 2.24394989e-05 0.0
-0.00107374007 1.99969581e-05 0.0
-0.00107235287 1.77361089e-05 0.0
-0.00106747064 1.383982e-05 0.0
-0.00106217538 1.04110231e-05 0.0
-0.00105853635 7.65378991e-06 0.0
-0.00105342455 4.46047443e-06 0.0
-0.00104950438 4.47141247e-07 0.0
-0.00104491983 -4.04125922e-06 0.0
-0.00103948347 -8.76768991e-06 0.0
-0.00103392953 -1.29858927e-05 0.0
-0.00102338742 -1.81484575e-05 0.0
-0.0010190591 -1.88744471e-05 0.0
-0.00101573893 -1.79166091e-05 0.0
-0.00101405487 -1.58685252e-05 0.0
-0.00101456605 -1.36480548e-05 0.0
-0.00101615058 -1.04369228e-05 0.0
-0.00101930008 -4.74112585e-06 0.0
-0.00102559139 3.27333032e-06 0.0
-0.00103262661 1.11890758e-05 0.0
-0.00104109116 1.7923936e-05 0.0
-0.00105086248 2.20897873e-05 0.0
-0.000948217697 0.000630000257 0.0
-0.000946651387 0.000629849499 0.0
-0.000944959582 0.000628705486 0.0
-0.000941323582 0.000626235793 0.0
-0.000935828255 0.000621450949 0.0
-0.000929171802 0.000615826808 0.0
-0.000920846011 0.000609890092 0.0
-0.000911338837 0.000604965084 0.0
-0.000902781903 0.000601685664 0.0
-0.000901074207 0.000599948864 0.0
-0.000903311127 0.000600608415 0.0
-0.000904771325 0.000601366337 0.0
-0.000906515168 0.000602690619 0.0
-0.000908927468 0.000604245753 0.0
-0.000912697986 0.000605985755 0.0
-0.000916159945 0.000607744732 0.0
-0.000919867307 0.000609595794 0.0
-0.000922788051 0.000612626143 0.0
0.00019206338 0.000620033068 0.0
0.000187441241 0.000623747066 0.0
0.000182171512 0.000626564201 0.0
0.000177140842 0.000628502457 0.0
0.000173367633 0.000629380113 0.0
-0.000216549015 0.000623130822 0.0
-0.000217872192 0.000624676293 0.0
-0.000217558045 0.000625450921 0.0
-0.000216975997 0.000625736953 0.0
-0.000216170825 0.000625078974 0.0
-0.000214234722 0.000623302301 0.0
-0.000210895887 0.000622748572 0.0
-0.000208150144 0.000622253632 0.0
-0.00020429201 0.000620267994 0.0
-0.000199163624 0.000617203594 0.0
-0.000193786807 0.000613885582 0.0
-0.00018805424 0.000610532355 0.0
-0.00017875187 0.000607160444 0.0
-0.000177238544 0.000605732785 0.0
-0.000179302893 0.00060384383 0.0
-0.000183057389 0.000602161395 0.0
-0.000186944875 0.000600918604 0.0
-0.000190515086 0.000599922787 0.0
-0.000192817752 0.000600319996 0.0
-0.000196127061 0.000602381246 0.0
-0.000199908376 0.000605763693 0.0
-0.000203818097 0.000610040501 0.0
-0.000208211117 0.0006139662 0.0
-0.000211537219 0.000617461628 0.0
-0.000764192839 0.000610823452 0.0
-0.00075522461 0.000613820914 0.0
-0.000747882295 0.000618114602 0.0
-0.000742090633 0.000623118191 0.0
-0.00073654938 0.000628909911 0.0
-0.00073199271 0.000634856464 0.0
-0.000728446874 0.000640137063 0.0
-0.000725866179 0.000643844891 0.0
-0.000723827921 0.000645913358 0.0
-0.000724397134 0.000645879889 0.0
-0.000737842754 0.000641529798 0.0
-0.000746560923 0.000637916964 0.0
-0.000755059358 0.000632487761 0.0
-0.000762083451 0.000625748071 0.0
-0.00076772389 0.000617991434 0.0
-0.000770542596 0.000611453841 0.0
-0.000772462576 0.000607805385 0.0
-0.000774847285 0.000606375921 0.0
-0.000776395085 0.000606505841 0.0
-0.000777031877 0.000606995949 0.0
-0.000487324316 0.000287705217 0.0
-0.000487489393 0.000289502961 0.0
-0.000483242562 0.000290999596 0.0
-0.000477690657 0.000294050202 0.0
-0.00047402663 0.000297448365 0.0
-0.000472906308 0.000298021972 0.0
-0.000470805011 0.000294651429 0.0
-0.000467925944 0.000289578806 0.0
-0.000463385571 0.000284756155 0.0
-0.000457374816 0.00028080403 0.0
-0.000449090992 0.000277440995 0.0
-0.000433028181 0.000275239843 0.0
-0.00043314838 0.000274282414 0.0
-0.000437817042 0.000273522455 0.0
-0.000442945253 0.000272555655 0.0
-0.000447653467 0.000272721139 0.0
-0.000452147448 0.000274094695 0.0
-0.000456601672 0.000275775295 0.0
-0.000460807671 0.000278277585 0.0
-0.000465642021 0.000281287852 0.0
-0.000470870553 0.000283884787 0.0
-0.000476464804 0.000285821501 0.0
-4.06827603e-05 8.9184643e-05 0.0
-4.17950614e-05 9.41130347e-05 0.0
-4.38810239e-05 9.96956078e-05 0.0
-4.67432765e-05 0.000105712228 0.0
-5.16261061e-05 0.000113258116 0.0
-5.8528185e-05 0.000122487181 0.0
-6.8453679e-05 0.000132098459 0.0
-8.17747277e-05 0.00014139514 0.0
-9.7658587e-05 0.000147384606 0.0
-0.000116258008 0.000149842526 0.0
-0.000115672665 0.00014940447 0.0
-0.000114696726 0.000148507796 0.0
-0.000114740156 0.000146113278 0.0
-0.000113814189 0.000141645301 0.0
-0.000112475529 0.000134033588 0.0
-0.000109106993 0.000124196347 0.0
-0.000103718514 0.000113054259 0.0
-9.60742909e-05 0.000102576887 0.0
-0.00119753508 8.60040309e-05 0.0
-0.00118469202 8.20696878e-05 0.0
-0.00117227412 8.0890808e-05 0.0
-0.00116465311 8.31320358e-05 0.0
-0.000163491917 0.000302245317 0.0
-0.000164279714 0.000302468863 0.0
-0.000160233729 0.000301780005 0.0
-0.000154970054 0.000301664346 0.0
-0.000150499516 0.000301302411 0.0
-0.000146560094 0.000300264888 0.0
-0.000143003577 0.000297955557 0.0
-0.000138500996 0.000294122379 0.0
-0.000131582812 0.00028940459 0.0
-0.000125189486 0.000285693095 0.0
-0.000120734047 0.000281822955 0.0
-0.000118267526 0.00027817607 0.0
-0.000118711956 0.000276223582 0.0
-0.000120282362 0.000274405611 0.0
-0.000122675367 0.000272933365 0.0
-0.000124956336 0.000272512843 0.0
-0.000127465086 0.000274231454 0.0
-0.000130066051 0.000278573891 0.0
-0.000132740723 0.000283713278 0.0
-0.000136657924 0.000288719049 0.0
-0.000141617216 0.000293376739 0.0
-0.000148427251 0.00029747744 0.0
-0.000271361816 0.000216669738 0.0
-0.00027603528 0.000215419423 0.0
-0.000276096282 0.000212818763 0.0
-0.000275748316 0.000208940488 0.0
-0.000274591846 0.00020305306 0.0
-0.000271453639 0.000195040586 0.0
-0.000266767951 0.0001856218 0.0
-0.000259637716 0.000176291796 0.0
-0.000250082056 0.000167209757 0.0
-0.000236314532 0.000159248273 0.0
-0.000219284469 0.00015308299 0.0
-0.000199364949 0.000150890934 0.0
-0.000199670816 0.000151707718 0.0
-0.0001997035 0.000154184716 0.0
-0.000199618749 0.00015989042 0.0
-0.000199875954 0.000167471459 0.0
-0.000201412913 0.000175945359 0.0
-0.000205309945 0.000183780619 0.0
-0.00021106709 0.000191669649 0.0
-0.000219559821 0.000199584276 0.0
-0.000230405552 0.000207114295 0.0
-0.00024355296 0.000212887404 0.0
-0.000470666389 0.000326701993 0.0
-0.000468186365 0.000328928552 0.0
-0.000465553836 0.000331715099 0.0
-0.000462378375 0.000334008335 0.0
-0.000458705908 0.000335553807 0.0
-0.000454366935 0.000337041478 0.0
-0.000449022744 0.000338438811 0.0
-0.000443392462 0.000340024329 0.0
-0.000438858115 0.000340642262 0.0
-0.000435493654 0.000341829174 0.0
-0.00044944862 0.000340749277 0.0
-0.000458353374 0.000335921097 0.0
-0.000464955752 0.000330103532 0.0
-0.000469275867 0.000323690474 0.0
-0.000471894251 0.000318823499 0.0
-0.000472807034 0.000318143575 0.0
-0.000475096458 0.00032077654 0.0
-0.000478411966 0.000322703476 0.0
-0.000478685484 0.000322801963 0.0
-0.000476546265 0.000323226966 0.0
-0.000963943487 0.000458699535 0.0
-0.00096574449 0.000458462862 0.0
-0.000965804094 0.000457430637 0.0
-0.000961523445 0.000457747316 0.0
-0.000957371492 0.00045680051 0.0
-0.000951208407 0.000456686743 0.0
-0.000945528387 0.000455404312 0.0
-0.00094017142 0.000454667665 0.0
-0.000937204051 0.000452769804 0.0
-0.000935037446 0.000451934815 0.0
-0.000935138727 0.000450422638 0.0
-0.000934156298 0.000444240053 0.0
-0.000931856746 0.00044188631 0.0
-0.000932629278 0.00044052396 0.0
-0.000933663396 0.000440276053 0.0
-0.000934185984 0.000441710465 0.0
-0.000936617609 0.000444023754 0.0
-0.000942400598 0.000447297643 0.0
-0.000949205249 0.000449184474 0.0
-0.000955552503 0.000451068365 0.0
-0.000959938799 0.000453428045 0.0
-0.00096144079 0.00045608994 0.0
-0.000356729113 0.000392944698 0.0
-0.000348559144 0.000397165277 0.0
-0.000341863546 0.000402625796 0.0
-0.000336610014 0.000409289612 0.0
-0.000332825293 0.00041615215 0.0
-0.000330041774 0.000422047218 0.0
-0.000328416441 0.000425769249 0.0
-0.000327634276 0.000426186481 0.0
-0.000326671754 0.000424326718 0.0
-0.000325679663 0.000421537727 0.0
-0.000324793888 0.000419180782 0.0
-0.000321874308 0.000414708396 0.0
-0.000326066336 0.000412586291 0.0
-0.000334972312 0.000409148983 0.0
-0.000342063402 0.000404429098 0.0
-0.000348341302 0.000400760677 0.0
-0.000353630661 0.000397378317 0.0
-0.000357303186 0.000395160168 0.0
-0.000360903883 0.000393570517 0.0
-0.000365201064 0.000392236077 0.0
-0.000368447247 0.000392004644 0.0
-0.000371016184 0.000391165144 0.0
-0.000641424966 0.000241545073 0.0
-0.000634496915 0.000245432049 0.0
-0.000628014037 0.00025027708 0.0
-0.000621631683 0.000256890664 0.0
-0.000617815997 0.000262844784 0.0
-0.000614845951 0.000267853029 0.0
-0.000610941555 0.000271946308 0.0
-0.000607096881 0.000274888385 0.0
-0.000603700057 0.000277966203 0.0
-0.000601740903 0.000280790846 0.0
-0.000602421991 0.000283296657 0.0
-0.000605113979 0.000285689806 0.0
-0.000610334682 0.000286939583 0.0
-0.000619534403 0.000283613277 0.0
-0.000629953109 0.000277930289 0.0
-0.0006408107 0.000271066965 0.0
-0.000650622707 0.000263550523 0.0
-0.000656594697 0.000255206804 0.0
-0.0006603527 0.000247902644 0.0
-0.00066181639 0.000242049457 0.0
-0.000661539845 0.000238009787 0.0
-0.000660069054 0.000235637461 0.0
-0.00065752794 0.000235189655 0.0
-0.000653164345 0.000235744621 0.0
4.07452217e-06 0.000735556125 0.0
4.44559737e-05 0.000709871529 0.0
0.000141016775 0.000478930684 0.0
0.000140804987 0.000460850191 0.0
3.0826086e-05 0.000381363119 0.0
-6.9288857e-05 0.000308950752 0.0
-8.70872245e-05 0.000281167187 0.0
-7.39790266e-05 0.000258819287 0.0
-2.44386483e-05 0.000230566089 0.0
2.36037613e-05 0.000197917165 0.0
2.5805748e-05 0.000168106926 0.0
-1.89105231e-05 0.000135933573 0.0
2.62696449e-05 4.1891657e-05 0.0
3.54335571e-05 3.03209563e-05 0.0
2.70361907e-05 2.05665838e-05 0.0
9.00919713e-06 1.0607062e-05 0.0
-3.78129334e-05 1.83511129e-05 0.0
-0.000194957087 0.000146661157 0.0
-0.000263975555 0.000134458169 0.0
-0.00047100542 6.41402512e-05 0.0
-0.000520918693 7.17331059e-05 0.0
-0.000579591841 2.59167755e-05 0.0
-0.00065174984 -4.59594812e-05 0.0
-0.000717617979 -0.000104600855 0.0
-0.000749965024 -0.000114353286 0.0
-0.000784843345 -0.000110281915 0.0
-0.000822183094 -9.75923977e-05 0.0
-0.000856199767 -8.06702665e-05 0.0
-0.00088508625 -6.39868813e-05 0.0
-0.000910473871 -5.45740695e-05 0.0
-0.000946530257 -4.77082212e-05 0.0
-0.000979788252 -4.94303094e-05 0.0
-0.00102154259 -4.33361238e-05 0.0
-0.00105888268 -4.03907688e-05 0.0
-0.00108769361 -2.55900031e-05 0.0
-0.0011123966 1.0607062e-05 0.0
-0.00109436968 2.05665838e-05 0.0
-0.0010859723 3.03209563e-05 0.0
-0.00109513616 4.1891657e-05 0.0
-0.00114031637 0.000135933573 0.0
-0.00109560008 0.000168106926 0.0
-0.00109780207 0.000197917165 0.0
-0.00114584446 0.000230566089 0.0
-0.00119538489 0.000258819287 0.0
-0.00120849302 0.000281167187 0.0
-0.00119069475 0.000308950752 0.0
-0.00109057978 0.000381363119 0.0
-0.000980600831 0.000460850191 0.0
-0.000980389072 0.000478930684 0.0
-0.00107694988 0.000709871529 0.0
-0.00111733133 0.000735556125 0.0
-0.00109598262 0.000725994119 0.0
-0.00106717169 0.000711193366 0.0
-0.00102983159 0.000708248001 0.0
-0.000988077256 0.000702153833 0.0
-0.000954819261 0.000703875907 0.0
-0.000918762875 0.00069701008 0.0
-0.000893375254 0.000687597261 0.0
-0.000864488771 0.000670913898 0.0
-0.000830472098 0.000653991767 0.0
-0.000793132349 0.000641302206 0.0
-0.000758254027 0.000637230871 0.0
-0.000725906983 0.000646983273 0.0
-0.000660038844 0.00070562464 0.0
-0.000587880844 0.000777500914 0.0
-0.000529207697 0.00082331727 0.0
-0.000479294424 0.000815724372 0.0
-0.000272264559 0.000886042311 0.0
-0.000203246091 0.000898245315 0.0
-4.61019335e-05 0.000769935257 0.0
-0.000551886624 0.000509324891 0.0
-0.000717783696 9.28945374e-05 0.0
-0.000635868404 0.000598703045 0.0
-0.000578476174 0.000140954871 0.0
-0.000419547607 0.000441089243 0.0
-0.000600503176 0.00043565454 0.0
-0.000476499525 0.000622748164 0.0
-0.000442363613 0.000145717393 0.0
-0.000993131893 0.000477396301 0.0
-0.000638380356 0.000185933823 0.0
-0.000686417625 0.000411912741 0.0
-0.000126856234 0.000447944331 0.0
-0.000996099669 0.000118765027 0.0
-0.000405749393 0.000327702466 0.0
-0.000933881791 0.000270146469 0.0
-0.000870926888 -5.65294686e-05 0.0
-0.000682356127 0.000565508613 0.0
-0.000341620122 0.000112584014 0.0
-0.000217295805 0.000251415418 0.0
9.57507727e-05 0.000601205975 0.0
-0.000473769614 0.000311635493 0.0
-0.000463114906 0.000397619646 0.0
-0.000429588021 0.000500759808 0.0
-0.000843447982 7.8976409e-05 0.0
-0.000901377411 0.000538950204 0.0
-0.000600332278 0.000176988528 0.0
-0.000679771299 2.95813843e-05 0.0
-0.000701616635 0.000595681195 0.0
-3.9135819e-05 0.000685922743 0.0
-0.000508989149 0.000114825452 0.0
-0.000280668901 0.000268360192 0.0
-0.000195583838 0.000232170947 0.0
-0.000634195982 0.000616233097 0.0
-0.000505766482 0.000199788876 0.0
-0.000649790454 0.000429923559 0.0
-0.000428791478 0.000323766784 0.0
-0.000199913382 0.000231504135 0.0
-0.000557380088 0.000659110432 0.0
-0.00071118644 0.000525672454 0.0
-0.000377203425 0.00045341751 0.0
-0.000641070365 0.000447127328 0.0
-0.000405594648 0.000417299307 0.0
-0.000584824767 0.000580049295 0.0
-0.000232386214 0.000164366444 0.0
-0.000491024752 0.000443507801 0.0
-0.000758549315 0.000185977144 0.0
-0.000301862019 0.000110673209 0.0
-0.00106596784 0.000316863589 0.0
-0.000378385186 0.000174551795 0.0
-0.000129814187 0.000378691446 0.0
-0.000361291633 0.000709610293 0.0
-3.16934638e-05 0.000485830475 0.0
-0.000786579913 -5.98193947e-05 0.0
-0.000546662835 0.000323441636 0.0
-0.000563966401 0.000222566436 0.0
-1.47842529e-05 5.5647477e-05 0.0
-0.000469384249 0.000305263267 0.0
-0.000248070661 0.000419319869 0.0
-0.000911369862 -6.77727367e-05 0.0
-0.00099803356 0.00017716171 0.0
-0.000551426434 0.000201134826 0.0
-0.000587491668 7.54471766e-05 0.0
-0.000372666575 0.000344667525 0.0
-0.000402536505 0.000305867463 0.0
-0.000819087029 0.000201097006 0.0
-0.000646313187 0.000118056501 0.0
-0.00031874553 0.000172812783 0.0
-0.000188593083 0.000160316442 0.0
-0.000836467138 0.000667519518 0.0
-0.000916391669 0.000399342651 0.0
-0.000265444774 0.000135736525 0.0
-0.000359845959 0.000484849617 0.0
-0.00111818651 7.85517841e-05 0.0
-0.000946689979 -1.58671573e-05 0.0
-0.000164589743 0.000517243927 0.0
-0.000898735772 7.1982402e-05 0.0
-0.000570785836 0.000204797296 0.0
-0.000681272009 0.00060232135 0.0
-0.000111305591 0.000635157339 0.0
-0.000315417274 0.000590750657 0.0
-0.000844366907 0.000498726789 0.0
-0.000608315226 0.000491865096 0.0
-2.41458474e-05 0.000182876014 0.0
-0.000790620456 0.000377384538 0.0
-0.0003990689 8.3457031e-05 0.0
-0.000848569267 0.000558082014 0.0
-0.00051231141 0.00037351824 0.0
0.000109671608 0.000635755481 0.0
-0.0009806382 0.000553352002 0.0
-0.000864036556 0.000570383272 0.0
-0.00046596324 9.74535869e-05 0.0
-0.000644340413 0.000435930822 0.0
-0.000137153023 7.8467463e-05 0.0
-0.000704145525 0.000480851741 0.0
-0.000203731455 0.000284298818 0.0
-0.000612097559 0.000428516942 0.0
-0.00041239211 0.000376922369 0.0
-0.000488591671 0.000534853258 0.0
-0.000667748158 0.000142200181 0.0
-0.000733032299 0.000580123567 0.0
-0.00036496541 0.000289907883 0.0
-0.000452808483 0.000218632093 0.0
-0.000989231281 0.000474105735 0.0
-0.000410919747 0.000344961329 0.0
0.000121415367 0.000565168739 0.0
-0.000984838931 0.000496186141 0.0
-0.000432302681 0.000313020544 0.0
-0.000617605867 0.000230017889 0.0
-0.000731781533 0.000600497238 0.0
-0.00113685371 6.2603176e-05 0.0
-0.000842024747 8.77638104e-06 0.0
-0.000271324039 0.000645254098 0.0
-7.2871866e-05 0.000727070146 0.0
6.91760124e-06 0.00070994097 0.0
1.77333604e-05 0.000598712999 0.0
-0.00052180409 0.000798537279 0.0
-0.000246440206 0.000228418037 0.0
-0.00066902471 0.000586663547 0.0
-0.000998666044 0.00048276133 0.0
-0.000877499522 0.000507091347 0.0
-5.77836254e-05 0.000437664596 0.0
-0.000178508155 0.000231856771 0.0
-0.000425481296 0.000334749726 0.0
-0.000481789175 0.000470972562 0.0
-0.00108505122 0.00011852842 0.0
-0.000542007678 0.00036608419 0.0
-0.000549537712 0.00030819996 0.0
-0.000571655342 0.000665431086 0.0
-0.00063942594 0.000625484448 0.0
-0.000999750104 0.00048084007 0.0
-0.000473751279 0.000308883958 0.0
-0.000618743943 0.000552257348 0.0
-0.000385631633 0.00042887099 0.0
-0.00106399017 0.000224640418 0.0
-0.000264170056 0.000303992158 0.0
-0.00051177002 0.000423137913 0.0
-0.000738259463 0.000562190136 0.0
-0.000183637763 0.00025337594 0.0
-0.000740972115 0.00027765258 0.0
-0.000474771747 0.000719998323 0.0
-0.000852367317 -8.45590839e-05 0.0
-0.000914192933 7.24235433e-05 0.0
-0.000775547349 0.000525195908 0.0
-0.000228577541 0.000212128056 0.0
-0.00074724498 1.74810975e-05 0.0
-0.00028603489 0.000142744524 0.0
-0.000185027107 0.000209489299 0.0
-0.000806310854 0.000167850347 0.0
-0.000961024489 -4.3218206e-05 0.0
-0.0005256437 0.000155910107 0.0
-0.00109627657 4.2741889e-05 0.0
-0.000545336923 8.45290924e-05 0.0
-0.000706464343 0.000146798164 0.0
-0.00113267917 0.00029624076 0.0
-0.000363679137 7.13276822e-05 0.0
-0.000524570409 0.000315045618 0.0
-0.00017992589 0.000248704862 0.0
-9.66254738e-05 0.000505723176 0.0
-0.000178251081 0.000147261642 0.0
-0.000210263286 0.000217048611 0.0
-0.000249531993 0.000879735919 0.0
-0.000348544039 0.000460065348 0.0
-0.000231926126 0.000458205235 0.0
-0.000438457238 0.000420696742 0.0
-0.00107529212 2.70832493e-06 0.0
-0.00045688884 0.000361299113 0.0
-0.000870707911 0.000677778211 0.0
-9.78026728e-05 0.000364587875 0.0
-0.000737739319 0.000636444776 0.0
-0.000860077969 0.00056714844 0.0
-0.000305439375 0.000237002023 0.0
-2.05831257e-05 0.000152571505 0.0
-0.000853944395 0.000570955512 0.0
0.000120008634 0.000649558147 0.0
-0.000297762541 0.000553368824 0.0
-0.000544375449 0.00022108441 0.0
-0.000660760968 0.000534345803 0.0
-0.00106203393 2.82769051e-05 0.0
-0.000559443724 0.000617474492 0.0
-0.000207023375 0.000164785277 0.0
-2.02833962e-05 0.000503217452 0.0
2.28742974e-05 0.000716582988 0.0
-0.0005456176 0.000373662915 0.0
-2.08799647e-05 3.20348518e-05 0.0
-0.000371169765 0.000743235694 0.0
-0.000149675092 9.93679932e-05 0.0
-2.96597609e-05 0.000751027314 0.0
-0.000904290762 0.000587550981 0.0
-0.000809079327 0.00065203273 0.0
-0.000114833791 0.000609055976 0.0
-0.000715953647 -4.76606074e-05 0.0
-0.000342122279 0.000723080244 0.0
-0.000801094924 0.000159129981 0.0
7.80422706e-05 0.000477529451 0.0
-0.000980975688 0.000413663249 0.0
-0.000718817231 0.00060949719 0.0
-0.00084678235 0.000546313822 0.0
-0.000614702527 0.000311156735 0.0
0.000139319352 0.000598839775 0.0
-0.000193756219 0.000352309085 0.0
-0.000414536189 0.000463854463 0.0
-0.000592812721 0.000162395838 0.0
-0.000916976947 -6.36815021e-05 0.0
-0.000486447738 0.000307723065 0.0
-0.000624824781 9.34494456e-05 0.0
-0.000611977943 0.000622560561 0.0
-3.09679599e-05 0.000617470185 0.0
-0.00044324933 0.000312290533 0.0
-0.000181440118 0.000546535535 0.0
-0.000481269439 8.66461342e-05 0.0
-0.000539382687 0.000756174908 0.0
-0.000648105401 2.64558821e-06 0.0
-0.00038568789 0.000393899507 0.0
-0.000546387571 0.000239121873 0.0
4.46707454e-05 0.00068244437 0.0
-0.000884733396 0.000440758304 0.0
-0.000632944342 0.000580675027 0.0
-0.00047896977 0.000134007423 0.0
-0.000553956779 0.000118246433 0.0
-0.000651089358 0.000137809518 0.0
-0.000389788387 0.000129285167 0.0
-5.87186623e-05 0.000199579939 0.0
-0.000323668239 0.000501450966 0.0
6.66081178e-05 0.000549073913 0.0
-0.000841020141 0.000654601899 0.0
-0.000539826171 0.000225511147 0.0
-0.000696862524 0.000176192698 0.0
7.06639048e-06 4.96642206e-05 0.0
-0.000153689383 0.000219166497 0.0
-0.00106651324 0.000702108722 0.0
-0.000126672065 0.000671485846 0.0
-0.000753599044 0.000584786001 0.0
-0.000739587529 0.000498191221 0.0
-0.0011533947 8.11072096e-05 0.0
-0.0005469147 0.000303502282 0.0
-0.000260433037 0.000634254189 0.0
-0.000549370074 0.000179161652 0.0
-0.000625168614 0.000655531883 0.0
-0.000334314303 0.000358249206 0.0
-4.19087264e-05 6.70403315e-05 0.0
-0.000391138572 0.000405547587 0.0
-0.000469602091 0.00030713412 0.0
-0.000970680907 1.1870301e-05 0.0
6.80012454e-05 0.000686907268 0.0
-0.000288289244 0.000114752394 0.0
-0.000457198883 0.000309215538 0.0
-0.000279671949 0.000725697959 0.0
-0.000831736194 -3.06460752e-05 0.0
-0.000668150431 0.000595214078 0.0
-0.000168195635 0.00013881718 0.0
-0.000815428793 0.000569792057 0.0
-0.000482931471 0.000246175507 0.0
-0.000781767943 7.49338069e-05 0.0
-0.000824808958 0.000113162023 0.0
-0.000295701408 0.00067745382 0.0
-0.000389658875 0.000368407229 0.0
-0.000681785925 0.000607877737 0.0
-0.000737553986 0.000507388322 0.0
-0.000153935209 0.000105454514 0.0
-0.000273647776 0.000406846026 0.0
-0.000756468158 0.000632829382 0.0
-0.000150973035 0.000144343401 0.0
-0.000798821507 -9.32855619e-05 0.0
-0.000993882422 0.000559308741 0.0
-0.000884078676 0.000503964606 0.0
-0.00082473876 0.000349802169 0.0
-0.000576463528 0.000661583734 0.0
-0.000327947084 0.000144823149 0.0
-0.00016932498 0.000205239412 0.0
-0.000397209165 0.000285361719 0.0
-3.06499096e-05 0.000732532237 0.0
-0.000580860302 0.000704732898 0.0
-0.00106335536 0.000153935514 0.0
-0.000545703631 0.000470089755 0.0
-2.59095814e-05 0.000209823309 0.0
-0.000719951873 0.000646210858 0.0
-0.000310292147 0.000787841796 0.0
-0.00055171136 0.000371764472 0.0
-0.000420919881 0.000566355768 0.0
-0.000521972019 0.000311868876 0.0
-0.000368295121 0.000207936886 0.0
-0.0001632481 0.000154622219 0.0
-9.90964036e-05 0.000736465561 0.0
-0.00115663244 0.000102042366 0.0
-0.000759948918 0.000530824298 0.0
-0.000398969947 0.000441671436 0.0
0.000140585675 0.000560671848 0.0
-0.00037472861 0.000290721509 0.0
-0.000473534426 0.00030907584 0.0
-0.000360595499 0.000248969998 0.0
-0.00101131108 0.00048289838 0.0
-0.00101558689 0.000498854497 0.0
-0.000302188768 0.000182946693 0.0
-0.00107031828 -1.45517315e-05 0.0
9.47319313e-06 5.51281628e-05 0.0
-0.000600807776 0.000413577742 0.0
-0.000114027986 7.81954877e-05 0.0
-0.000875345198 0.000423042977 0.0
-0.00069122226 0.000475488632 0.0
-0.000504247961 0.000722567551 0.0
-0.00098340807 0.00034898828 0.0
-0.0011482354 6.02379914e-05 0.0
-0.000585007598 0.000759898801 0.0
-0.00112307153 0.0002536588 0.0
-0.000318841019 0.000687155291 0.0
-0.000881906541 0.000426706538 0.0
-0.000264660659 0.000141177094 0.0
-0.000438509451 0.000309045921 0.0
-0.000471281237 0.000176116475 0.0
-0.000756363967 0.000599180639 0.0
-0.000838995038 0.000571822224 0.0
-0.000909440219 0.000659368758 0.0
-0.0004219572 0.000327363145 0.0
-0.000526952848 0.000371684378 0.0
-0.00042144602 6.0380451e-05 0.0
-0.000210960847 0.00017616243 0.0
-0.000547222502 0.000301613705 0.0
-0.000377125776 0.000650634815 0.0
-0.000308616814 9.81902413e-05 0.0
-0.00044327951 0.000323517743 0.0
-0.000170835454 0.00041136553 0.0
-0.000920454622 0.000153041168 0.0
-0.00023157589 0.000165526042 0.0
-0.0011170361 0.000339979859 0.0
-0.000425443752 0.000397457246 0.0
-1.93760261e-05 0.000522602757 0.0
-0.000648537709 0.000483621785 0.0
-0.00104865257 0.000192673455 0.0
-0.000126148589 0.000201100571 0.0
-0.000478812348 0.000800945039 0.0
-0.000313213939 0.000473947934 0.0
-0.000452435052 0.00044430155 0.0
-0.000598584651 0.000617774844 0.0
-0.00100989954 -2.12145078e-05 0.0
-3.10095456e-05 0.000431348279 0.0
-0.000192092775 0.000301610795 0.0
-0.000141718556 0.0001209002 0.0
-5.79158987e-05 0.000559009437 0.0
-0.000173009917 0.000255165651 0.0
-0.000651929062 0.000602716464 0.0
-0.000172490822 0.000251966965 0.0
-0.000426757266 0.000757577771 0.0
-0.000985498307 -2.75628736e-05 0.0
-0.000364402134 0.000435182155 0.0
-0.000650517293 0.00070265634 0.0
-0.000861336594 0.000506510551 0.0
8.15760868e-05 0.000450033142 0.0
-0.00050998549 0.000660412712 0.0
-0.000350745977 0.000246108364 0.0
-0.00052648189 0.000583669578 0.0
-0.000205088654 0.000235403189 0.0
-0.00041584266 0.000229125668 0.0
-0.00070298498 7.6622724e-05 0.0
-0.00101235334 -2.58346536e-05 0.0
-0.000683444843 0.000240643334 0.0
-0.000328426308 0.000729365682 0.0
-0.000148406019 0.000154908761 0.0
-0.000739486131 0.000633349817 0.0
-0.000555803126 0.000544754497 0.0
-0.000675351068 0.000452556997 0.0
-0.000343631546 6.91467576e-05 0.0
-0.000939706399 0.000471662264 0.0
-0.000756289926 0.000630850263 0.0
-0.00100821909 0.000519507157 0.0
-0.000243270857 0.000320609368 0.0
-0.000572086778 0.00029534084 0.0
-0.000137655865 0.00010182205 0.0
-0.000831960933 -6.8908972e-05 0.0
-0.000442409597 6.04215384e-05 0.0
-0.000706743216 0.000223977011 0.0
-0.000604382309 0.0005170558 0.0
-0.000282466994 0.000164980826 0.0
-0.000303599256 0.000206771685 0.0
-0.000901471125 0.00020811276 0.0
-0.000250404148 0.000598276325 0.0
-0.000418339565 0.000174341025 0.0
-0.000590928306 0.000247851829 0.0
-0.0002936128 0.000431028631 0.0
-0.000507917721 0.000335799385 0.0
-0.000343169871 0.000307633105 0.0
-0.000507517485 8.72198434e-05 0.0
5.80615688e-06 0.000475941983 0.0
-0.000605862064 0.000598102924 0.0
-0.000212638377 0.000203791249 0.0
-0.000320235908 0.000103084567 0.0
-0.000170628307 0.000273995189 0.0
-0.000850923127 0.000673605769 0.0
-0.000829598284 0.00062839617 0.0
-5.15869287e-05 0.000154821246 0.0
-0.000887465198 2.24188861e-05 0.0
-0.000271135679 0.000147893792 0.0
-0.000992200454 0.000482998817 0.0
-0.000843335176 0.000583959045 0.0
-0.000185178622 0.000181431897 0.0
-0.00038711261 0.000457171584 0.0
-8.91588206e-05 0.000536119216 0.0
-0.0010213271 0.000393913564 0.0
-4.15088725e-05 4.32964735e-05 0.0
-0.000996675109 0.000211887149 0.0
-0.000436762552 0.000102210783 0.0
-0.000472996937 0.000422306621 0.0
-0.000939980382 0.000588672294 0.0
-0.000514580985 0.000239006709 0.0
-0.000774956367 0.000141151031 0.0
-0.00101395533 0.000144515376 0.0
-0.000375059521 0.000414711452 0.0
-2.27899673e-05 7.90311824e-05 0.0
-0.000872664561 -8.04868323e-05 0.0
-0.000768472382 0.00056993193 0.0
-0.000413080677 0.000429594162 0.0
-0.000946820364 -4.52520289e-05 0.0
-0.000420966593 0.000340793747 0.0
-0.000582036213 0.000204831405 0.0
-0.000387443288 0.000326197915 0.0
-0.000981689198 -3.30175535e-05 0.0
-0.000608349219 0.000177951733 0.0
-0.000228988341 0.00064211752 0.0
-0.000774628599 0.000591888849 0.0
-0.000770700746 0.000550710829 0.0
-0.000580420659 0.000399180775 0.0
-0.000363745843 0.000378681812 0.0
2.77946583e-06 3.64545558e-05 0.0
-0.000429829175 0.000306332513 0.0
-0.000519687484 0.000240247246 0.0
-0.000245383737 0.000152845765 0.0
-8.73902463e-05 0.000356330682 0.0
-0.000250569952 0.000263112248 0.0
-0.000697176438 0.000581077882 0.0
-0.000687272113 0.00061847613 0.0
0.000155999776 0.000619992788 0.0
-0.000228691482 0.000203118572 0.0
-0.000414183596 0.000316933612 0.0
-0.000598918763 3.36009834e-05 0.0
-0.000523553404 0.000242961527 0.0
-4.83537733e-05 0.000590146868 0.0
-0.00101087638 0.000432766188 0.0
-0.000597517297 0.000345607405 0.0
-0.000394734729 0.000376300537 0.0
-0.000996702118 -1.56710612e-05 0.0
-7.27718143e-05 0.000462788565 0.0
-0.000219263035 0.000548744982 0.0
-0.000161823729 0.000128954096 0.0
-0.000760294846 -8.99794468e-05 0.0
-0.000962231832 -4.75734087e-05 0.0
-0.00075712637 0.000415069459 0.0
-0.000103241997 0.000277229585 0.0
-0.000831402547 0.000552177196 0.0
2.91129727e-05 0.000549079501 0.0
-0.000420320488 0.000300878804 0.0
-0.000575160899 0.000448300969 0.0
-0.00086726842 0.000396118587 0.0
-0.000270290184 0.000216328292 0.0
-0.00075230177 0.000158383962 0.0
-0.000728879997 0.000491749146 0.0
-0.000248106866 0.000476965011 0.0
-0.000620186154 0.000180382616 0.0
-0.000524324365 0.000214486747 0.0
-0.000150895663 0.000330415933 0.0
-0.00109594653 -6.74850025e-06 0.0
-0.000102847996 0.000290206779 0.0
-0.000894861878 0.000480575894 0.0
-0.000139658543 0.000700525648 0.0
-3.0155652e-05 0.000757408096 0.0
-0.000866580405 0.000143534635 0.0
-0.000654144504 0.00028911719 0.0
-0.000734219328 -1.48679392e-05 0.0
4.10385728e-05 0.00063865236 0.0
-0.000373694435 0.000283592235 0.0
-0.000193554908 0.000441286218 0.0
0.000160644835 0.000592460216 0.0
1.72101954e-05 0.000439807394 0.0
-0.00106893491 1.62567103e-05 0.0
-0.00087429845 0.000562873029 0.0
-9.6423908e-05 0.000171545151 0.0
-0.000570663775 0.000195261775 0.0
-0.000196636669 0.00016962731 0.0
-0.00105550513 0.000695195515 0.0
-0.000548506854 0.000408871041 0.0
-0.000514342915 0.000307844282 0.0
-0.000906552072 -6.14000019e-05 0.0
-0.00111999572 5.03573574e-05 0.0
-9.64155843e-05 0.000273131736 0.0
-0.000947660999 6.85978084e-05 0.0
-0.000710220425 0.000613428652 0.0
-0.000902432133 -3.44617183e-05 0.0
-0.000750836334 0.000467722712 0.0
-0.000542402035 0.00026004063 0.0
-6.06176982e-05 0.000222090443 0.0
-0.000865772774 0.000516903063 0.0
-0.0010527157 8.03055445e-05 0.0
-0.000143414407 0.000547850854 0.0
-0.000791718892 0.000582293374 0.0
-0.000401865022 0.000359343481 0.0
4.63343167e-06 0.000729859865 0.0
-0.000488173799 0.000349981623 0.0
-0.000233561746 0.000168157407 0.0
-0.000438759889 0.000692611968 0.0
-0.000291250384 0.000533481943 0.0
-0.000776759407 3.62090177e-05 0.0
-0.000221844399 0.000365874468 0.0
-0.000357809738 0.000213748586 0.0
-0.00100758788 2.42644346e-05 0.0
-0.000784179894 0.000635787146 0.0
-0.000957625278 0.000529402983 0.0
-0.000847259304 0.000562830595 0.0
-0.000846977171 0.0003347194 0.0
5.03419869e-05 0.000687835913 0.0
1.48858444e-05 0.000491149374 0.0
-0.000801868329 0.00064792193 0.0
-0.00102103956 0.000531690137 0.0
-0.000747950922 0.000326771435 0.0
-0.000129664448 0.000477379508 0.0
-0.000867626804 0.000654940901 0.0
-0.00110418664 0.000730630069 0.0
-0.000424702506 0.000347297813 0.0
-0.000162324301 0.0008398309 0.0
-0.000618523452 0.00015261049 0.0
-0.000834271254 0.000552340818 0.0
-5.83887413e-05 7.91047787e-05 0.0
-0.000194197812 0.000256551808 0.0
-0.000885968213 0.000591498974 0.0
-0.000347313704 0.000538516208 0.0
-0.00094277208 0.000100969875 0.0
-0.000308952294 9.41294784e-05 0.0
-0.000188572652 0.000658986159 0.0
-0.0010485017 0.000280851382 0.0
5.9437989e-06 0.000184404998 0.0
-0.000312333403 0.000504905125 0.0
-0.000960339676 -3.7237558e-05 0.0
-0.000159643474 0.000629032205 0.0
-0.000118448952 0.000730745494 0.0
-0.00050256867 0.000508063473 0.0
-0.000548428157 0.000302124536 0.0
-0.000834432896 0.000532232574 0.0
-0.000633619551 5.24752613e-05 0.0
-1.20673285e-05 1.61039261e-05 0.0
-0.000697636919 0.000546938856 0.0
-0.000875039201 0.000574988313 0.0
-0.00109966891 4.15341638e-05 0.0
-0.000269687414 0.000664132938 0.0
-5.43029491e-05 0.000232502905 0.0
-0.00068140775 6.82240425e-05 0.0
-0.000321703235 0.000240849709 0.0
-0.000716268783 0.000326166773 0.0
-0.000588195748 0.000107925938 0.0
-0.000692896894 0.000602931075 0.0
-0.000392514601 0.000312990742 0.0
-0.000122690806 0.000725914841 0.0
-0.000497780449 0.000389970519 0.0
-0.000302997039 0.00069278985 0.0
-0.000384508166 0.000383477774 0.0
-0.000392197253 5.55670704e-05 0.0
-0.000415625807 0.000353471114 0.0
-5.50931363e-05 0.000763426477 0.0
-0.000610939227 0.000127941777 0.0
-0.000273462821 0.000388944434 0.0
-0.000364441774 0.000501672796 0.0
-0.000401855767 0.000343047956 0.0
-5.38567765e-05 2.799707e-05 0.0
-0.000262255606 0.000136161587 0.0
