-0.000675823714 -4.26744009e-05 0.0
-0.000670590147 -0.000113056121 0.0
-0.000687132939 -9.21068859e-05 0.0
-0.000658127654 -6.58864737e-05 0.0
-0.000594967161 -2.14586144e-05 0.0
-0.000545112242 -2.04317312e-05 0.0
-0.000500456197 -1.91228428e-05 0.0
-0.000555229839 2.19968133e-05 0.0
-0.000661965576 -1.91228428e-05 0.0
-0.00070662162 -2.04317312e-05 0.0
-0.00075647654 -2.14586144e-05 0.0
-0.000838005973 1.68031456e-05 0.0
-0.000836832973 -3.5377012e-05 0.0
-0.000834040227 -8.78435894e-05 0.0
-0.000740431657 -3.65721644e-05 0.0
-2.26775256e-07 -5.36387415e-05 0.0
-3.01954265e-06 -1.17216348e-06 0.0
-4.19254593e-06 5.10079954e-05 0.0
-0.000835132261 2.62062458e-05 0.0
-0.000835060375 7.53495169e-06 0.0
-0.000834463397 -1.4458622e-05 0.0
-0.000764470722 1.1618501e-05 0.0
-6.49927529e-07 1.97462268e-05 0.0
-1.24693031e-06 4.17398005e-05 0.0
-1.31880984e-06 6.04110974e-05 0.0
-0.000296868326 -5.50796176e-06 0.0
-0.000285471033 -9.59970203e-05 0.0
-0.000304136629 -6.61991653e-05 0.0
-0.000276399136 -2.88863666e-05 0.0
-0.000808561686 -1.76236081e-05 0.0
-0.000855140504 -1.80317111e-05 0.0
-0.000897053047 -1.79222607e-05 0.0
-0.000846855401 -0.000115172035 0.0
-0.000735543726 -1.79222607e-05 0.0
-0.000693631126 -1.80317111e-05 0.0
-0.000647052366 -1.76236081e-05 0.0
-0.000663985731 3.89657398e-05 0.0
-0.000651846523 -6.27953996e-05 0.0
-0.000672679394 -3.48617286e-05 0.0
-0.000646497356 7.67050824e-06 0.0
-0.000845771865 -7.10385211e-05 0.0
-0.000838917214 -0.000103412836 0.0
-0.000856278464 -9.09364971e-05 0.0
-0.000828742108 -8.93601609e-05 0.0
-0.000334878947 -1.10790097e-05 0.0
-0.000315129437 -3.97781405e-05 0.0
-0.000342039741 -2.07774192e-05 0.0
-0.000309573195 -2.96750331e-05 0.0
-0.000219164751 -5.42553717e-05 0.0
-0.00018527107 -5.1867235e-05 0.0
-0.000156670736 -5.11059152e-05 0.0
-0.000202407231 1.51340328e-05 0.0
-0.000210069033 -2.83834979e-05 0.0
-0.000173941065 -1.86685738e-05 0.0
-0.000318180071 -5.11059152e-05 0.0
-0.000346780405 -5.1867235e-05 0.0
-0.000380674086 -5.42553717e-05 0.0
-0.000424916885 2.1871414e-05 0.0
-0.000416725583 -4.77248286e-05 0.0
-0.000440239906 -1.5941454e-05 0.0
-0.000397974945 -4.75419165e-06 0.0
-0.000249386649 3.11014883e-05 0.0
-0.000226878154 -1.82534204e-05 0.0
-0.000258656946 1.21210596e-05 0.0
-0.00021529611 4.62693743e-06 0.0
-0.000474989094 -2.10699072e-05 0.0
-0.000472312444 -5.08698067e-05 0.0
-0.000486577163 -4.13810558e-05 0.0
-0.00045956095 -3.18891616e-05 0.0
-0.000605797337 6.06995673e-06 0.0
-0.000600341416 -8.94450277e-05 0.0
-0.000609450217 -1.95439006e-05 0.0
-0.000598956132 -6.12576114e-05 0.0
-0.00046953719 1.02295444e-05 0.0
-0.000462558237 -1.65897854e-05 0.0
-0.000478349772 -3.6110805e-06 0.0
-0.000456794194 1.93930259e-06 0.0
-0.000427100953 -2.82304864e-05 0.0
-0.00041609272 -0.000120721459 0.0
-0.00044938628 -9.44366111e-05 0.0
-0.000397744676 -6.90314046e-05 0.0
-0.00083381345 -3.42048515e-05 0.0
0.0 0.0 0.0
-0.00016150935 0.0 0.0
-0.000995322829 -3.42048515e-05 0.0
-0.000689543493 -4.42295641e-05 0.0
-0.00070218998 -4.88332735e-05 0.0
-0.00071255432 -5.49059332e-05 0.0
-0.000719755772 -6.17708429e-05 0.0
-0.000723634148 -6.96293719e-05 0.0
-0.000724576646 -7.80104601e-05 0.0
-0.000722454453 -8.71842785e-05 0.0
-0.000716728508 -9.63615748e-05 0.0
-0.000707535713 -0.000104296319 0.0
-0.0006963794 -0.00010971904 0.0
-0.000683829712 -0.000112710441 0.0
-0.000657438883 -0.000110484361 0.0
-0.000645314052 -0.00010567857 0.0
-0.000635421311 -9.92674977e-05 0.0
-0.000628570269 -9.22956679e-05 0.0
-0.000625541434 -8.48229465e-05 0.0
-0.000626007852 -7.73856882e-05 0.0
-0.000628550595 -7.03707483e-05 0.0
-0.00063286419 -6.4208718e-05 0.0
-0.000639413425 -5.77099891e-05 0.0
-0.000649261288 -5.0352548e-05 0.0
-0.000661891769 -4.46640406e-05 0.0
-0.000672683993 -7.83528812e-05 0.0
-0.000583151588 -2.15388773e-05 0.0
-0.000566954899 -2.13007843e-05 0.0
-0.000523334951 -1.94090808e-05 0.0
-0.000508387922 -1.91054278e-05 0.0
-0.00050024339 -1.49804546e-05 0.0
-0.000501191826 -9.20753882e-06 0.0
-0.00050415087 -1.79557094e-06 0.0
-0.000510187878 6.11233691e-06 0.0
-0.000518669141 1.34099992e-05 0.0
-0.000529492041 1.87999103e-05 0.0
-0.000541847548 2.16481239e-05 0.0
-0.000567740062 2.03416439e-05 0.0
-0.000577813364 1.74161469e-05 0.0
-0.000585737289 1.31894276e-05 0.0
-0.000591484713 7.40005726e-06 0.0
-0.000595739868 4.22688856e-07 0.0
-0.000597959675 -6.85875057e-06 0.0
-0.000597580685 -1.41307246e-05 0.0
-0.000669897301 -1.91054278e-05 0.0
-0.00068484433 -1.94090808e-05 0.0
-0.00072846422 -2.13007843e-05 0.0
-0.000744660967 -2.15388773e-05 0.0
-0.000750316249 -2.99883468e-05 0.0
-0.000740105228 -3.78452023e-05 0.0
-0.000726974336 -4.3685468e-05 0.0
-0.000712541165 -4.59346047e-05 0.0
-0.000697277021 -4.44313846e-05 0.0
-0.00068207318 -3.88748449e-05 0.0
-0.000667788554 -2.92794866e-05 0.0
-0.000662907725 -2.24381474e-05 0.0
-0.000838091248 2.94620554e-06 0.0
-0.000837853528 -1.42154922e-05 0.0
-0.00083536288 -5.65892442e-05 0.0
-0.000834422885 -7.3877447e-05 0.0
-0.000815009291 -9.00674495e-05 0.0
-0.000796118111 -8.86545458e-05 0.0
-0.000779064256 -8.45043542e-05 0.0
-0.000765222649 -7.8179517e-05 0.0
-0.000754688459 -6.94558985e-05 0.0
-0.00074681663 -5.89803203e-05 0.0
-0.000741856638 -4.77045542e-05 0.0
-0.000742177421 -2.56288404e-05 0.0
-0.000747708022 -1.4029285e-05 0.0
-0.00075763627 -1.94224458e-06 0.0
-0.000771354069 8.94537607e-06 0.0
-0.000787158206 1.66851423e-05 0.0
-0.000803653966 2.04669614e-05 0.0
-0.000820778485 2.05020442e-05 0.0
-6.09439951e-07 -3.96725991e-05 0.0
-1.54940199e-06 -2.23843945e-05 0.0
-4.04005368e-06 1.99893584e-05 0.0
-4.27782152e-06 3.71510541e-05 0.0
-2.05586384e-05 4.37214258e-05 0.0
-3.4601755e-05 3.36848752e-05 0.0
-4.486326e-05 2.2292048e-05 0.0
-5.06668366e-05 1.08796921e-05 0.0
-5.18774432e-05 -8.5537954e-07 0.0
-4.95548629e-05 -1.26681407e-05 0.0
-4.27770283e-05 -2.55287396e-05 0.0
-3.18553721e-05 -3.77220786e-05 0.0
-1.71544543e-05 -4.74291883e-05 0.0
-0.000835114974 1.85517874e-05 0.0
-0.000834884646 -4.66888241e-06 0.0
-0.000825267984 -1.90119481e-05 0.0
-0.000814874889 -2.15122836e-05 0.0
-0.00080363662 -2.18200239e-05 0.0
-0.000791758532 -1.97310255e-05 0.0
-0.00077889557 -1.40644652e-05 0.0
-0.000768202823 -5.65336495e-06 0.0
-0.000762888987 1.79861206e-06 0.0
-0.000762339565 6.91302739e-06 0.0
-0.000768217724 1.66702102e-05 0.0
-0.000773763866 2.1472255e-05 0.0
-0.000781190058 2.55213672e-05 0.0
-0.000789683545 2.8727778e-05 0.0
-0.000798597757 3.08083181e-05 0.0
-0.000807848002 3.17417143e-05 0.0
-0.000817006978 3.16429869e-05 0.0
-0.000826358097 2.98086743e-05 0.0
-1.07118683e-06 2.95359678e-05 0.0
-1.30149886e-06 5.27566372e-05 0.0
-8.7574399e-06 5.4795466e-05 0.0
-1.37338266e-05 4.80306444e-05 0.0
-1.55493326e-05 4.08456617e-05 0.0
-1.37466041e-05 3.34189244e-05 0.0
-8.67282415e-06 2.61997375e-05 0.0
-0.000312542368 -8.6353275e-06 0.0
-0.000324083521 -1.34595302e-05 0.0
-0.000332276482 -1.82856311e-05 0.0
-0.000339127291 -2.56605181e-05 0.0
-0.000344064611 -3.49745424e-05 0.0
-0.000346252142 -4.54252186e-05 0.0
-0.000345104665 -5.64182919e-05 0.0
-0.000339837745 -6.79162404e-05 0.0
-0.00033025071 -7.91621496e-05 0.0
-0.000316985126 -8.84630281e-05 0.0
-0.000301644526 -9.42699262e-05 0.0
-0.000269465643 -9.4346251e-05 0.0
-0.000254615181 -8.9447909e-05 0.0
-0.000242053589 -8.18980334e-05 0.0
-0.000232835824 -7.21315009e-05 0.0
-0.000227670826 -6.08254013e-05 0.0
-0.000226463599 -4.86007011e-05 0.0
-0.000229271027 -3.58323487e-05 0.0
-0.000236764623 -2.38261655e-05 0.0
-0.0002478612 -1.41341816e-05 0.0
-0.000262218004 -7.54468647e-06 0.0
-0.000279046886 -4.46384183e-06 0.0
-0.000290386728 -4.73867476e-05 0.0
-0.00082869397 -1.76899866e-05 0.0
-0.000880006002 -1.81790729e-05 0.0
-0.000907335139 -2.66035167e-05 0.0
-0.000914894626 -3.76778735e-05 0.0
-0.000919410784 -5.07973673e-05 0.0
-0.000919489656 -6.52100061e-05 0.0
-0.000914515404 -7.98832625e-05 0.0
-0.000905093853 -9.31165196e-05 0.0
-0.000892283104 -0.000103399318 0.0
-0.000877674029 -0.000110562789 0.0
-0.000862386602 -0.000114378941 0.0
-0.000830788456 -0.000112763832 0.0
-0.000814711733 -0.000106892927 0.0
-0.000800589565 -9.8373217e-05 0.0
-0.000790153863 -8.82215099e-05 0.0
-0.000784106262 -7.6743825e-05 0.0
-0.000781613227 -6.45630498e-05 0.0
-0.000782329182 -5.19851965e-05 0.0
-0.000786357676 -3.99228884e-05 0.0
-0.000794913853 -2.81930734e-05 0.0
-0.000718496623 -1.81790729e-05 0.0
-0.000667184591 -1.76899866e-05 0.0
-0.000661958649 -1.04337469e-05 0.0
-0.000678271696 -6.59637544e-06 0.0
-0.000694874616 -6.09783456e-06 0.0
-0.000710528402 -8.47877072e-06 0.0
-0.000724215584 -1.26339228e-05 0.0
-0.00068118982 3.64109583e-05 0.0
-0.000698082033 2.96758099e-05 0.0
-0.00071349286 1.98623766e-05 0.0
-0.000722995144 9.29840917e-06 0.0
-0.000727324281 5.67365248e-07 0.0
-0.000727740582 -7.92802894e-06 0.0
-0.000726024329 -1.69661889e-05 0.0
-0.000722236524 -2.71372082e-05 0.0
-0.000714145659 -3.80408746e-05 0.0
-0.000701858604 -4.89240265e-05 0.0
-0.000686326239 -5.71648234e-05 0.0
-0.000669354806 -6.16904945e-05 0.0
-0.000635471602 -6.07669172e-05 0.0
-0.000622152991 -5.66306808e-05 0.0
-0.000611538824 -5.1447947e-05 0.0
-0.000602848479 -4.34753783e-05 0.0
-0.000596339058 -3.34766846e-05 0.0
-0.000592483499 -2.20861584e-05 0.0
-0.000592452125 -9.66701464e-06 0.0
-0.000596707629 2.85264605e-06 0.0
-0.000604990055 1.48757481e-05 0.0
-0.000616646372 2.53037524e-05 0.0
-0.000630923081 3.30068688e-05 0.0
-0.00064697559 3.7702288e-05 0.0
-0.000660376973 -1.48327517e-05 0.0
-0.000853583682 -7.19760501e-05 0.0
-0.000861042296 -7.45165671e-05 0.0
-0.000867187162 -7.83032083e-05 0.0
-0.000870883232 -8.28732882e-05 0.0
-0.000871631724 -8.76001068e-05 0.0
-0.000869816227 -9.22240142e-05 0.0
-0.000865701062 -9.63602652e-05 0.0
-0.00085989217 -9.95628288e-05 0.0
-0.000852855388 -0.00010176572 0.0
-0.000845817674 -0.000102707847 0.0
-0.000832487887 -0.000103907056 0.0
-0.000825956988 -0.000103214486 0.0
-0.000820102403 -0.000101235215 0.0
-0.000815412088 -9.82909914e-05 0.0
-0.000812788203 -9.36731885e-05 0.0
-0.000812843675 -8.79078434e-05 0.0
-0.000815974839 -8.15442982e-05 0.0
-0.00082224037 -7.60662588e-05 0.0
-0.000829447468 -7.28191226e-05 0.0
-0.000837363245 -7.14559137e-05 0.0
-0.000842737849 -9.00685191e-05 0.0
-0.00034410393 -1.27689491e-05 0.0
-0.000349761744 -1.24843082e-05 0.0
-0.000354098418 -1.33693093e-05 0.0
-0.000358457037 -1.66365753e-05 0.0
-0.000361183018 -2.20045476e-05 0.0
-0.000361530343 -2.69773263e-05 0.0
-0.000359453843 -3.16193436e-05 0.0
-0.000354290678 -3.60441554e-05 0.0
-0.000346517132 -3.87809669e-05 0.0
-0.000337361649 -4.04585007e-05 0.0
-0.000326474488 -4.11942347e-05 0.0
-0.000305969443 -3.80152778e-05 0.0
-0.000300705986 -3.63707695e-05 0.0
-0.000298438652 -3.49367001e-05 0.0
-0.000296333659 -3.24257599e-05 0.0
-0.000294875732 -2.89000691e-05 0.0
-0.000294654805 -2.48495562e-05 0.0
-0.000296914921 -2.06789555e-05 0.0
-0.000301256368 -1.67020826e-05 0.0
-0.000307781127 -1.36350245e-05 0.0
-0.000315805577 -1.13977912e-05 0.0
-0.0003250679 -1.06445505e-05 0.0
-0.000325520639 -2.53139442e-05 0.0
-0.000204418771 -5.31698824e-05 0.0
-0.000167778082 -5.12016195e-05 0.0
-0.000150299849 -4.70877167e-05 0.0
-0.000144522812 -4.12876652e-05 0.0
-0.00014083834 -3.36021585e-05 0.0
-0.00013977474 -2.46110976e-05 0.0
-0.000142466582 -1.47548008e-05 0.0
-0.000149846208 -4.0979894e-06 0.0
-0.000161131495 5.20572121e-06 0.0
-0.000174778615 1.15831108e-05 0.0
-0.000189220635 1.46540979e-05 0.0
-0.000212759245 1.41812834e-05 0.0
-0.000221005277 1.20570021e-05 0.0
-0.000229247176 7.58955321e-06 0.0
-0.000236743683 7.46075045e-07 0.0
-0.000242556329 -8.55426424e-06 0.0
-0.000244642899 -1.8974828e-05 0.0
-0.000243062517 -2.94173369e-05 0.0
-0.000238023102 -3.94093404e-05 0.0
-0.000229832003 -4.78399779e-05 0.0
-0.000329287432 -5.12016195e-05 0.0
-0.000365928136 -5.31698824e-05 0.0
-0.000367577479 -5.850448e-05 0.0
-0.00035297568 -5.90481868e-05 0.0
-0.000338525424 -5.74852238e-05 0.0
-0.000326637673 -5.41001573e-05 0.0
-0.000436658011 1.95945668e-05 0.0
-0.000445201906 1.66877053e-05 0.0
-0.000451879692 1.23430527e-05 0.0
-0.000457710354 6.37714993e-06 0.0
-0.000461857009 -5.74791784e-07 0.0
-0.000463237491 -8.47557567e-06 0.0
-0.000461660587 -1.71352349e-05 0.0
-0.000456843671 -2.63010752e-05 0.0
-0.000449083513 -3.47990972e-05 0.0
-0.000439545634 -4.12386253e-05 0.0
-0.000428601226 -4.55337286e-05 0.0
-0.00040459889 -4.72765387e-05 0.0
-0.000393167749 -4.43449426e-05 0.0
-0.000383142993 -3.88994631e-05 0.0
-0.000375406526 -3.09873576e-05 0.0
-0.000370508234 -2.14586144e-05 0.0
-0.000369178888 -1.11679165e-05 0.0
-0.000371689064 -1.15505213e-06 0.0
-0.000377709599 7.48577804e-06 0.0
-0.000386770378 1.4568629e-05 0.0
-0.000398489792 1.96655546e-05 0.0
-0.000411352928 2.23228999e-05 0.0
-0.000420003227 -1.07459337e-05 0.0
-0.000260715053 2.90157423e-05 0.0
-0.000267208787 2.69165703e-05 0.0
-0.000270887627 2.48856541e-05 0.0
-0.000274278747 2.11473016e-05 0.0
-0.000276727078 1.59038664e-05 0.0
-0.000277334097 9.53009294e-06 0.0
-0.000275526138 2.44623266e-06 0.0
-0.000270399614 -4.20604283e-06 0.0
-0.000262257992 -1.03619477e-05 0.0
-0.000251409831 -1.50496744e-05 0.0
-0.000238969835 -1.76745762e-05 0.0
-0.000217457404 -1.72504788e-05 0.0
-0.000210075726 -1.48877625e-05 0.0
-0.000202372146 -1.01069272e-05 0.0
-0.000195829954 -4.37492281e-06 0.0
-0.000192409061 1.64855987e-06 0.0
-0.000192376916 7.8422363e-06 0.0
-0.000195460161 1.42886583e-05 0.0
-0.000201386923 2.1048525e-05 0.0
-0.000210546437 2.66902698e-05 0.0
-0.00022238915 3.0634772e-05 0.0
-0.000235896907 3.18934217e-05 0.0
-0.000237661778 8.11448535e-06 0.0
-0.000484241376 -2.25748281e-05 0.0
-0.000492592808 -2.56935473e-05 0.0
-0.00049920415 -2.95144146e-05 0.0
-0.00050295447 -3.33033313e-05 0.0
-0.000503570365 -3.71704773e-05 0.0
-0.000501706381 -4.08839587e-05 0.0
-0.0004974248 -4.41701086e-05 0.0
-0.000491911196 -4.64856057e-05 0.0
-0.000486082077 -4.8304697e-05 0.0
-0.000479356211 -4.96483553e-05 0.0
-0.00046466224 -5.13502237e-05 0.0
-0.000456844195 -5.05555472e-05 0.0
-0.000449045561 -4.7819336e-05 0.0
-0.00044283137 -4.20607248e-05 0.0
-0.000439981377 -3.60514787e-05 0.0
-0.00044029468 -3.07495866e-05 0.0
-0.000443573372 -2.62160574e-05 0.0
-0.000449776882 -2.31690829e-05 0.0
-0.000457005634 -2.21227056e-05 0.0
-0.000465535675 -2.11979204e-05 0.0
-0.000473892753 -3.72524846e-05 0.0
-0.000625122862 1.95853272e-06 0.0
-0.000644344487 -6.8660529e-06 0.0
-0.000656419084 -1.76856483e-05 0.0
-0.000659922196 -2.41955986e-05 0.0
-0.000661547238 -3.23070053e-05 0.0
-0.000661470927 -4.17872143e-05 0.0
-0.000659008801 -5.15010943e-05 0.0
-0.000654029893 -5.99513733e-05 0.0
-0.000646734727 -6.85433552e-05 0.0
-0.000634931726 -7.82148491e-05 0.0
-0.000618648948 -8.56397819e-05 0.0
-0.000581906177 -8.86041817e-05 0.0
-0.000563592126 -8.22975417e-05 0.0
-0.000547536591 -7.15826536e-05 0.0
-0.000537245127 -5.83570982e-05 0.0
-0.000533931016 -4.70019659e-05 0.0
-0.00053580862 -3.64909247e-05 0.0
-0.000540943525 -2.53810849e-05 0.0
-0.000549268909 -1.51991017e-05 0.0
-0.000560147222 -6.14526471e-06 0.0
-0.000573205703 9.85148176e-07 0.0
-0.000588507974 5.05055687e-06 0.0
-0.000604300934 -3.9326369e-05 0.0
-0.000475453358 1.12531907e-05 0.0
-0.000481505529 1.1423137e-05 0.0
-0.000487337733 1.04625105e-05 0.0
-0.000492144667 8.49959724e-06 0.0
-0.000495297078 5.20495496e-06 0.0
-0.000496447668 8.47464946e-07 0.0
-0.00049552659 -4.26737142e-06 0.0
-0.000492054678 -9.89404725e-06 0.0
-0.000486218196 -1.4340736e-05 0.0
-0.000478953298 -1.69452851e-05 0.0
-0.000471040898 -1.76563626e-05 0.0
-0.000454926572 -1.38996656e-05 0.0
-0.000450105959 -1.18657772e-05 0.0
-0.000447490922 -1.10331739e-05 0.0
-0.000445108686 -8.86836824e-06 0.0
-0.000443575671 -5.33515231e-06 0.0
-0.000443526893 -1.32804939e-06 0.0
-0.000445154641 2.35728726e-06 0.0
-0.000448635517 5.293914e-06 0.0
-0.000453442946 7.01427507e-06 0.0
-0.000458229479 8.19384604e-06 0.0
-0.000463914243 9.16481713e-06 0.0
-0.00046639482 -5.11150347e-07 0.0
-0.000443887722 -2.95684767e-05 0.0
-0.000460716838 -3.52052593e-05 0.0
-0.000476299669 -4.50534062e-05 0.0
-0.000487815036 -5.7471756e-05 0.0
-0.000492508931 -6.88622677e-05 0.0
-0.000491756946 -7.86110832e-05 0.0
-0.000488032529 -8.83721514e-05 0.0
-0.000481873634 -9.77142336e-05 0.0
-0.000473637134 -0.000105786625 0.0
-0.000462881377 -0.000112381851 0.0
-0.00044971038 -0.0001174996 0.0
-0.000433485548 -0.000120264813 0.0
-0.000399712386 -0.00011780869 0.0
-0.000388607936 -0.000115154035 0.0
-0.000379574485 -0.000110327484 0.0
-0.000372585404 -0.000103634397 0.0
-0.000367144065 -9.56790464e-05 0.0
-0.000363928848 -8.65387337e-05 0.0
-0.00036368781 -7.68623504e-05 0.0
-0.000366022374 -6.67873319e-05 0.0
-0.000372130802 -5.56329942e-05 0.0
-0.000382476836 -4.47291204e-05 0.0
-0.000395577023 -3.60766135e-05 0.0
-0.000410738314 -3.04796886e-05 0.0
-0.000423555262 -8.16988832e-05 0.0
-0.000800113776 -2.75341263e-05 0.0
-0.000768246595 -2.30099504e-05 0.0
-0.000456358102 -1.41585724e-05 0.0
-0.000438826391 -1.02959202e-05 0.0
-0.000428157015 -1.88829072e-05 0.0
-0.000418983604 -2.98460418e-05 0.0
-0.000408261607 -3.51350645e-05 0.0
-0.000390927162 -3.86485517e-05 0.0
-0.000362882944 -4.26434999e-05 0.0
-0.000325452886 -4.89165832e-05 0.0
-0.000282288296 -5.24723837e-05 0.0
-0.000243184433 -5.23216404e-05 0.0
-0.000135251379 -4.11653746e-05 0.0
-0.000109159468 -3.621211e-05 0.0
-7.58054157e-05 -2.52876471e-05 0.0
-3.75907075e-05 -1.26002187e-05 0.0
5.60106855e-06 -1.99171409e-05 0.0
-1.14197871e-06 2.88018036e-05 0.0
-1.40283021e-06 1.95591074e-05 0.0
-1.08830336e-05 3.51642193e-05 0.0
-2.29738143e-05 -4.33265996e-06 0.0
-4.09041422e-05 -4.00162317e-05 0.0
-5.58816209e-05 -5.75313206e-05 0.0
-6.74096591e-05 -6.06888025e-05 0.0
-7.64831566e-05 -5.49602519e-05 0.0
-9.12848263e-05 -4.99311973e-05 0.0
-0.000108507935 -5.32404774e-05 0.0
-0.00012619367 -6.51203372e-05 0.0
-0.000143831116 -7.48724415e-05 0.0
-0.000160202355 -7.3689589e-05 0.0
-0.000172999265 -5.85736452e-05 0.0
-0.000175460737 -4.36452756e-05 0.0
-0.000174067405 -2.37371423e-05 0.0
-0.000170058192 -7.85435714e-06 0.0
-0.000166424186 2.86386671e-06 0.0
-0.000199100061 -1.26002187e-05 0.0
-0.000237314773 -2.52876471e-05 0.0
-0.000270668825 -3.621211e-05 0.0
-0.000296760729 -4.11653746e-05 0.0
-0.000404693797 -5.23216404e-05 0.0
-0.000443797646 -5.24723837e-05 0.0
-0.000486962235 -4.89165832e-05 0.0
-0.000524392293 -4.26434999e-05 0.0
-0.000552436511 -3.86485517e-05 0.0
-0.000569770928 -3.51350645e-05 0.0
-0.000580492953 -2.98460418e-05 0.0
-0.000589666364 -1.88829072e-05 0.0
-0.000600335712 -1.02959202e-05 0.0
-0.000617867452 -1.41585724e-05 0.0
-0.000929755974 -2.30099504e-05 0.0
-0.000961623096 -2.75341263e-05 0.0
-0.00100023765 -3.13409837e-05 0.0
-0.00100387167 -4.20592078e-05 0.0
-0.0010078809 -5.79419902e-05 0.0
-0.00100927416 -7.78501271e-05 0.0
-0.00100681267 -9.27784931e-05 0.0
-0.000994015834 -0.000107894433 0.0
-0.00097764458 -0.000109077286 0.0
-0.000960007135 -9.93251888e-05 0.0
-0.000942321378 -8.74453253e-05 0.0
-0.000925098255 -8.41360452e-05 0.0
-0.000910296629 -8.91651071e-05 0.0
-0.000901223102 -9.48936504e-05 0.0
-0.000889695075 -9.17361685e-05 0.0
-0.000874717603 -7.42210832e-05 0.0
-0.000856787257 -3.85375097e-05 0.0
-0.000844696478 9.59369572e-07 0.0
-0.000835216255 -1.46457432e-05 0.0
-0.000834955426 -5.40304609e-06 0.0
-0.00082821236 -5.41219924e-05 0.0
-0.000694815244 -6.82864847e-05 0.0
-0.000651687384 -8.74842954e-05 0.0
-0.000644080166 -7.64840734e-05 0.0
-0.000702817109 -7.98587862e-05 0.0
-0.000680268393 -5.93821642e-05 0.0
-0.000665726489 -9.71533518e-05 0.0
-0.000698546472 -5.87927352e-05 0.0
-0.00064852112 -9.64204301e-05 0.0
-0.000638211903 -8.60457949e-05 0.0
-0.000709537067 -6.89508888e-05 0.0
-0.000709033804 -8.86088965e-05 0.0
-0.000638508121 -6.92619797e-05 0.0
-0.000676099386 -0.000104771178 0.0
-0.000669729081 -5.26252879e-05 0.0
-0.000715165632 -7.56021764e-05 0.0
-0.000639051374 -9.28653681e-05 0.0
-0.000707116327 -6.25305911e-05 0.0
-0.000656437769 -0.00010304046 0.0
-0.000633412274 -7.97252505e-05 0.0
-0.00069037301 -5.24328352e-05 0.0
-0.000649172813 -5.83430156e-05 0.0
-0.000696596806 -0.000101464582 0.0
-0.000703316415 -9.65236613e-05 0.0
-0.000643235282 -6.30351497e-05 0.0
-0.000633855059 -7.44483477e-05 0.0
-0.000714911905 -8.18885019e-05 0.0
-0.00065756921 -5.47481977e-05 0.0
-0.000687984226 -0.000104080427 0.0
-0.000665362692 -0.000105720937 0.0
-0.000681045116 -5.03683441e-05 0.0
-0.000688459608 -7.76562374e-05 0.0
-0.000657402445 -7.88510151e-05 0.0
-0.000678785145 -6.91736932e-05 0.0
-0.000666889129 -8.75303158e-05 0.0
-0.000537791289 -2.26545671e-06 0.0
-0.000567540119 -3.06858601e-06 0.0
-0.000558419386 8.09335779e-06 0.0
-0.000515306194 -1.04204273e-05 0.0
-0.000581466244 -1.01693777e-05 0.0
-0.000518367509 -6.61958723e-07 0.0
-0.000531274418 6.45612499e-06 0.0
-0.000572686724 8.47377851e-06 0.0
-0.000551281613 -9.1265938e-06 0.0
-0.00058100716 1.67372389e-06 0.0
-0.000530054676 -1.10177571e-05 0.0
-0.000567826617 -1.12932803e-05 0.0
-0.000546342402 1.29605069e-05 0.0
-0.00055424741 -1.66560312e-08 0.0
-0.000558955304 1.4998197e-05 0.0
-0.000507533434 -1.51921076e-05 0.0
-0.000516780128 -1.5053196e-05 0.0
-0.000587788876 -4.75416937e-06 0.0
-0.000545564166 5.03458068e-06 0.0
-0.000520196918 6.02149066e-06 0.0
-0.000510327693 -6.18110062e-06 0.0
-0.000587884628 -1.53294859e-05 0.0
-0.000582559675 7.38236213e-06 0.0
-0.000576361665 -1.58045441e-05 0.0
-0.000567731622 1.38942351e-05 0.0
-0.000524337112 -5.62249988e-06 0.0
-0.000566430681 3.02434205e-06 0.0
-0.000506716082 -1.13850901e-05 0.0
-0.00059064856 -1.02192289e-05 0.0
-0.000578029605 -4.38757752e-06 0.0
-0.000535284576 1.37261586e-05 0.0
-0.000557721069 -1.53783803e-05 0.0
-0.000693290145 -2.99217099e-05 0.0
-0.000717437244 -3.23850472e-05 0.0
-0.000738512899 -2.85454662e-05 0.0
-0.000672698487 -2.33987539e-05 0.0
-0.000680320081 -2.77604122e-05 0.0
-0.000729928666 -3.27339767e-05 0.0
-0.000705452985 -3.39073704e-05 0.0
-0.000790837512 -5.07055665e-05 0.0
-0.000795342319 -2.15373384e-05 0.0
-0.000765322882 -3.31600058e-05 0.0
-0.000810760597 -1.82787915e-06 0.0
-0.00080678449 -7.04265549e-05 0.0
-0.000782015675 -6.70324007e-05 0.0
-0.00076157687 -4.82705327e-05 0.0
-0.00078512606 1.11622137e-06 0.0
-0.000767111487 -1.70941948e-05 0.0
-0.000814969651 -2.03723594e-05 0.0
-0.000797491812 -3.45490298e-05 0.0
-0.00081173901 -5.5630906e-05 0.0
-0.000765918463 -6.16517282e-05 0.0
-0.000824046961 7.45136595e-06 0.0
-0.000778494345 -4.16590337e-05 0.0
-0.00075560424 -2.44200273e-05 0.0
-0.000799504458 6.93352376e-06 0.0
-0.00075309258 -3.96249416e-05 0.0
-0.000792521809 -7.65437217e-05 0.0
-0.000772696512 -4.4286985e-06 0.0
-0.00082570524 -5.54427152e-06 0.0
-0.000819026493 -7.81064518e-05 0.0
-0.000822274247 -6.50150105e-05 0.0
-0.00078087335 -2.68074928e-05 0.0
-0.000796927954 -6.17627229e-05 0.0
-0.00081536232 -4.17493357e-05 0.0
-0.000797599962 -9.4486677e-06 0.0
-0.000805754564 -8.06720855e-05 0.0
-0.000751130458 -3.19270875e-05 0.0
-0.000775656314 -5.38423883e-05 0.0
-0.000811450067 1.14319719e-05 0.0
-0.000782707182 -1.27540916e-05 0.0
-2.4559582e-05 -1.25086881e-05 0.0
-2.99265448e-05 2.71604176e-06 0.0
-2.43919767e-05 2.12055111e-05 0.0
-1.56672286e-05 -3.40888328e-05 0.0
-3.79020676e-05 -5.81546419e-06 0.0
-1.75510941e-05 3.1064661e-05 0.0
-3.44936998e-05 1.37219977e-05 0.0
-1.81456071e-05 1.1228447e-05 0.0
-2.76960091e-05 -2.39433448e-05 0.0
-0.0008048655 1.42394701e-05 0.0
-0.000809594581 1.25942267e-06 0.0
-0.000783779018 7.52398864e-06 0.0
-0.000784063654 1.6255075e-05 0.0
-0.000815917272 2.32111543e-05 0.0
-0.000792636594 -5.74176283e-06 0.0
-0.000797919172 2.30617479e-05 0.0
-0.000817509776 -6.58503541e-06 0.0
-0.000808623794 -1.26915556e-05 0.0
-0.000816162326 8.17634373e-06 0.0
-0.000799751724 8.19370143e-06 0.0
-0.000779071357 4.15550687e-07 0.0
-0.000773560139 9.74985142e-06 0.0
-0.000819680747 1.69923569e-05 0.0
-0.000786639866 2.25164076e-05 0.0
-0.000807125354 2.72921043e-05 0.0
-0.000824072224 8.11165194e-07 0.0
-0.000794588472 1.84105124e-06 0.0
-0.000825453433 2.41480229e-05 0.0
-0.00079061935 1.24320995e-05 0.0
-0.000794321706 1.81901905e-05 0.0
-0.000774338027 1.43772822e-05 0.0
-0.000798081513 -1.27402036e-05 0.0
-0.000781626906 -6.64052232e-06 0.0
-0.00077147648 5.46990213e-06 0.0
-0.000818220084 -1.43787211e-05 0.0
-0.000819032372 2.7359567e-05 0.0
-0.000777321053 1.82922067e-05 0.0
-0.000806554453 2.08843012e-05 0.0
-0.000788773352 -1.15775529e-05 0.0
-0.000795725093 2.68510667e-05 0.0
-0.000826167117 -1.21097946e-05 0.0
-0.000781576033 1.19372526e-05 0.0
-0.000803610426 -5.60142871e-06 0.0
-7.88031957e-06 3.53321993e-05 0.0
-7.89085698e-06 4.68543112e-05 0.0
-7.69543931e-06 3.10143405e-05 0.0
-7.78465073e-06 5.07367804e-05 0.0
-0.000320004678 -4.3181386e-05 0.0
-0.000269729469 -6.6135166e-05 0.0
-0.000252069614 -5.30650213e-05 0.0
-0.000315662473 -2.70284509e-05 0.0
-0.000298364961 -1.85787158e-05 0.0
-0.000251929334 -3.61157872e-05 0.0
-0.000325781119 -5.73046818e-05 0.0
-0.000282482681 -8.00153139e-05 0.0
-0.000330208801 -3.40467705e-05 0.0
-0.000250986399 -6.94458868e-05 0.0
-0.000297507504 -3.24270295e-05 0.0
-0.000304386689 -7.97684988e-05 0.0
-0.00027620222 -1.67842682e-05 0.0
-0.000267364841 -8.30736681e-05 0.0
-0.000326168869 -6.82081518e-05 0.0
-0.00033557351 -5.00508286e-05 0.0
-0.000314486912 -1.72061573e-05 0.0
-0.000239846355 -4.45574551e-05 0.0
-0.000252058177 -2.50787816e-05 0.0
-0.00032816967 -2.48419019e-05 0.0
-0.000240282985 -6.1814033e-05 0.0
-0.000269100041 -4.32758097e-05 0.0
-0.000323006592 -1.99602491e-05 0.0
-0.00025547613 -7.90991835e-05 0.0
-0.000336778961 -4.10873399e-05 0.0
-0.000237574393 -5.36885273e-05 0.0
-0.000316321442 -7.61668707e-05 0.0
-0.000263081281 -1.86689067e-05 0.0
-0.000293419318 -8.75160258e-05 0.0
-0.000287839794 -1.14346394e-05 0.0
-0.000848705822 -6.93949914e-05 0.0
-0.000879146799 -4.75877787e-05 0.0
-0.000821987691 -4.83920339e-05 0.0
-0.000881309272 -7.4304844e-05 0.0
-0.000814236933 -7.32687477e-05 0.0
-0.000852431811 -9.33010015e-05 0.0
-0.00085152121 -4.40537697e-05 0.0
-0.000829238154 -8.92393655e-05 0.0
-0.000897832389 -5.96559257e-05 0.0
-0.000801320071 -6.10237657e-05 0.0
-0.000873732148 -9.34475902e-05 0.0
-0.00088835496 -3.09119241e-05 0.0
-0.000815774081 -3.25371984e-05 0.0
-0.000867922208 -3.25193469e-05 0.0
-0.000837722037 -3.30695111e-05 0.0
-0.000808141544 -8.67743875e-05 0.0
-0.000867230294 -6.22301886e-05 0.0
-0.000897543272 -4.39664109e-05 0.0
-0.000861807377 -7.89285987e-05 0.0
-0.000840619614 -0.000102313243 0.0
-0.0008044485 -4.61432755e-05 0.0
-0.000831774902 -6.20694263e-05 0.0
-0.00083438179 -7.49283936e-05 0.0
-0.000898663478 -8.17152904e-05 0.0
-0.000795649714 -7.12635228e-05 0.0
-0.000862994289 -0.000102766382 0.0
-0.000903551758 -7.04797421e-05 0.0
-0.000889198331 -9.11557072e-05 0.0
-0.000815946376 -9.65951622e-05 0.0
-0.000826943375 -0.00010196722 0.0
-0.000863484165 -4.97132314e-05 0.0
-0.000837949279 -5.00014066e-05 0.0
-0.000882657361 -5.86592141e-05 0.0
-0.000853120699 -3.19303654e-05 0.0
-0.000847228861 -8.06859171e-05 0.0
-0.000816417392 -5.84597547e-05 0.0
-0.00085197296 -0.000106586689 0.0
-0.000906342 -5.07750847e-05 0.0
-0.000794409483 -5.21183138e-05 0.0
-0.000850123877 -5.62741807e-05 0.0
-0.000797943852 -8.04688898e-05 0.0
-0.000706892693 -1.28002748e-05 0.0
-0.000681068224 -1.18755879e-05 0.0
-0.000715064642 -1.30157332e-05 0.0
-0.000672142487 -1.16622487e-05 0.0
-0.000622863648 -1.43804236e-05 0.0
-0.000636065786 -3.79375633e-05 0.0
-0.000683745078 7.24898837e-06 0.0
-0.000699726108 -1.44978376e-05 0.0
-0.000706441293 -3.13853747e-07 0.0
-0.000701004989 -2.84643575e-05 0.0
-0.000649116584 -4.88028891e-05 0.0
-0.000616775651 -3.17597805e-05 0.0
-0.000619236205 2.46265677e-06 0.0
-0.000668933499 2.10790731e-05 0.0
-0.000603611639 -1.55674988e-05 0.0
-0.000697685522 1.79066046e-05 0.0
-0.000717582763 -1.30549552e-05 0.0
-0.000623571977 -4.82685209e-05 0.0
-0.00063285057 1.76681951e-05 0.0
-0.000649375084 2.4192097e-05 0.0
-0.000685576 -4.27450941e-05 0.0
-0.000668382098 -5.03429219e-05 0.0
-0.000717871357 -5.243538e-06 0.0
-0.000714750669 -2.09641694e-05 0.0
-0.000605513749 -5.4418756e-06 0.0
-0.000604722823 -2.58645014e-05 0.0
-0.000684986706 2.41626494e-05 0.0
-0.000708580716 9.93908998e-06 0.0
-0.000633707677 -5.19629248e-05 0.0
-0.000614954741 -4.23586353e-05 0.0
-0.000618443242 1.50109754e-05 0.0
-0.000700666453 -3.93556002e-05 0.0
-0.000680078869 -8.6018681e-06 0.0
-0.000641757098 -2.24000487e-05 0.0
-0.000846341369 -8.06639364e-05 0.0
-0.000839045621 -9.81807607e-05 0.0
-0.000833540747 -8.00533599e-05 0.0
-0.000850590121 -9.78563621e-05 0.0
-0.000857333944 -8.09463818e-05 0.0
-0.000828798744 -9.87579551e-05 0.0
-0.00084262836 -0.000100859186 0.0
-0.000841920613 -7.59638206e-05 0.0
-0.00086282508 -8.66181435e-05 0.0
-0.000822658883 -9.42618572e-05 0.0
-0.00085851067 -9.64585706e-05 0.0
-0.000824916642 -8.16460451e-05 0.0
-0.000834751816 -9.43654595e-05 0.0
-0.000850852928 -8.57828054e-05 0.0
-0.000854096375 -7.66545199e-05 0.0
-0.000831965765 -0.000101340149 0.0
-0.000848433643 -7.48208258e-05 0.0
-0.000836954627 -0.000101957805 0.0
-0.000835617655 -7.5008058e-05 0.0
-0.000847929972 -0.000100896148 0.0
-0.000820429879 -8.63336318e-05 0.0
-0.000818878179 -9.06246205e-05 0.0
-0.000863129739 -9.32389885e-05 0.0
-0.000865414273 -8.99879815e-05 0.0
-0.000864528003 -8.21910435e-05 0.0
-0.000821791007 -9.82392594e-05 0.0
-0.000839661632 -8.48672644e-05 0.0
-0.000845515111 -9.46431246e-05 0.0
-0.000336265191 -3.04892674e-05 0.0
-0.000328173948 -1.77066722e-05 0.0
-0.000313813449 -1.93631149e-05 0.0
-0.000323462271 -3.45510671e-05 0.0
-0.000304723711 -2.45574029e-05 0.0
-0.00031039468 -3.43577303e-05 0.0
-0.000348696049 -2.68659242e-05 0.0
-0.000340019586 -1.5580601e-05 0.0
-0.000322351407 -1.49499801e-05 0.0
-0.000336933474 -3.54608164e-05 0.0
-0.000315608544 -2.40018562e-05 0.0
-0.0003514243 -2.08241509e-05 0.0
-0.000301837426 -2.97344977e-05 0.0
-0.000350071728 -3.17110134e-05 0.0
-0.000336960715 -1.40331003e-05 0.0
-0.000347239489 -1.50057058e-05 0.0
-0.000304796878 -1.99008118e-05 0.0
-0.000314679201 -3.67421417e-05 0.0
-0.000303870329 -3.43239481e-05 0.0
-0.000329028233 -3.76783901e-05 0.0
-0.000313600583 -1.53610763e-05 0.0
-0.000308319024 -1.70613403e-05 0.0
-0.000345496141 -3.49084476e-05 0.0
-0.000321581261 -3.7881342e-05 0.0
-0.000329528149 -1.33723133e-05 0.0
-0.000318928185 -3.07294649e-05 0.0
-0.00035055817 -1.71984011e-05 0.0
-0.000301855267 -3.24057401e-05 0.0
-0.000355670112 -2.41076086e-05 0.0
-0.000299042207 -2.71500066e-05 0.0
-0.000338463346 -2.58352848e-05 0.0
-0.000201924049 -5.86499209e-06 0.0
-0.000164334473 -4.24624923e-05 0.0
-0.000220913382 -1.11852605e-05 0.0
-0.000186278048 -1.70218948e-06 0.0
-0.00015727627 -3.33281969e-05 0.0
-0.000227930766 -2.30887763e-05 0.0
-0.000186349149 -3.36374069e-05 0.0
-0.000217778128 1.55606813e-06 0.0
-0.000202815543 5.57239491e-06 0.0
-0.000213937106 -4.35733782e-05 0.0
-0.00016741766 -5.92207334e-06 0.0
-0.000155156711 -2.1677688e-05 0.0
-0.000196058783 -4.29340253e-05 0.0
-0.000171967768 -3.49017791e-05 0.0
-0.000178288741 -4.29667125e-05 0.0
-0.000226890959 -1.15172327e-06 0.0
-0.000211438077 5.94341327e-06 0.0
-0.000193739004 8.25926872e-06 0.0
-0.000154931608 -4.09369604e-05 0.0
-0.000225312775 -3.4534085e-05 0.0
-0.000232217921 -6.95941571e-06 0.0
-0.000234261126 -1.47122109e-05 0.0
-0.000183561962 7.00855708e-06 0.0
-0.000174329238 2.89878199e-06 0.0
-0.000201983377 -1.59313331e-05 0.0
-0.000148695952 -2.84845846e-05 0.0
-0.00015748915 -1.30876169e-05 0.0
-0.000356722594 -5.51234225e-05 0.0
-0.000336697034 -5.35234685e-05 0.0
-0.000361326733 -5.627067e-05 0.0
-0.000332346099 -5.37366359e-05 0.0
-0.000371393311 -5.53098034e-05 0.0
-0.000324701658 -5.21358961e-05 0.0
-0.000421221426 -2.87993043e-05 0.0
-0.000425501319 6.79451705e-06 0.0
-0.000399327022 -2.29271118e-05 0.0
-0.000441571407 3.5732096e-06 0.0
-0.000409333443 1.0972798e-05 0.0
-0.000436491246 -2.90756143e-05 0.0
-0.000405175582 -3.49196052e-05 0.0
-0.000386522035 -1.4781097e-05 0.0
-0.000449836924 -6.26105248e-06 0.0
-0.000435791531 1.19358019e-05 0.0
-0.000422118203 -4.01878206e-05 0.0
-0.000395294483 5.73042644e-06 0.0
-0.000386664702 -3.04788482e-05 0.0
-0.000418652489 1.57977156e-05 0.0
-0.000446586084 -2.66498937e-05 0.0
-0.000444957317 1.03597895e-05 0.0
-0.000450002524 6.83111284e-06 0.0
-0.000452889275 1.53212477e-06 0.0
-0.000428946369 1.59443935e-05 0.0
-0.000412165071 -4.10857065e-05 0.0
-0.000431604654 -3.77684628e-05 0.0
-0.000413350092 8.52509913e-07 0.0
-0.000381427235 -2.35288298e-05 0.0
-0.000393687922 -3.61227576e-05 0.0
-0.000380477984 -7.30320653e-06 0.0
-0.000454604364 -1.24405669e-05 0.0
-0.000451971486 -1.96134661e-05 0.0
-0.000384727231 -2.12547064e-08 0.0
-0.00043206595 -3.54716508e-06 0.0
-0.000397648459 1.24917578e-05 0.0
-0.000234150692 1.95028952e-05 0.0
-0.000229912417 -4.71228941e-06 0.0
-0.0002475355 -4.2065526e-06 0.0
-0.000253377162 2.12581908e-05 0.0
-0.000261272478 2.58871864e-06 0.0
-0.00021660552 1.79124308e-05 0.0
-0.000214176049 -6.05237483e-06 0.0
-0.000241743881 2.53538019e-05 0.0
-0.000234092047 -1.10985475e-05 0.0
-0.00026405949 1.92960906e-05 0.0
-0.000206454977 9.89435557e-06 0.0
-0.000221432536 2.39642213e-05 0.0
-0.00022583091 1.23966647e-05 0.0
-0.000204729105 3.6480111e-07 0.0
-0.000217814741 -1.1738357e-05 0.0
-0.000269025215 6.84143151e-06 0.0
-0.000259540655 -4.41092197e-06 0.0
-0.000253188657 2.63650836e-05 0.0
-0.000260069879 2.55806772e-05 0.0
-0.000264165748 2.37753593e-05 0.0
-0.000244887924 -1.1260433e-05 0.0
-0.000249158446 4.28219755e-06 0.0
-0.00023118472 2.67734267e-05 0.0
-0.000224770527 -1.35202272e-05 0.0
-0.00025301578 -8.80360585e-06 0.0
-0.00027036792 1.24229982e-05 0.0
-0.000269918673 1.71558877e-05 0.0
-0.000205259639 1.56269161e-05 0.0
-0.000243247181 1.52910034e-05 0.0
-0.000204417564 -5.00547594e-06 0.0
-0.000200416165 5.06022116e-06 0.0
-0.000463583507 -4.25965882e-05 0.0
-0.000476654299 -2.95214995e-05 0.0
-0.000488892605 -3.40059451e-05 0.0
-0.000475414126 -4.57394599e-05 0.0
-0.000465437974 -2.64659629e-05 0.0
-0.000453383778 -3.81947539e-05 0.0
-0.000494308129 -3.88545595e-05 0.0
-0.00046415141 -4.74054432e-05 0.0
-0.00048444001 -2.7693548e-05 0.0
-0.000485539524 -4.54045148e-05 0.0
-0.000447815255 -3.39341641e-05 0.0
-0.000452244014 -4.28830572e-05 0.0
-0.000457323331 -2.54693896e-05 0.0
-0.000470852567 -2.43307986e-05 0.0
-0.000478443806 -2.47892185e-05 0.0
-0.000457031099 -4.66321981e-05 0.0
-0.000470560277 -4.88584556e-05 0.0
-0.000475932815 -4.86638237e-05 0.0
-0.000480859511 -4.76705172e-05 0.0
-0.000492191117 -2.99397834e-05 0.0
-0.000496211986 -3.25462752e-05 0.0
-0.00049739203 -3.53739124e-05 0.0
-0.000448745734 -2.99598487e-05 0.0
-0.000451883359 -2.72703546e-05 0.0
-0.000494973559 -4.18460913e-05 0.0
-0.000491475395 -4.43834178e-05 0.0
-0.0004629381 -3.72568393e-05 0.0
-0.000468703802 -3.14744102e-05 0.0
-0.000570220174 -4.56555899e-05 0.0
-0.000638228317 -3.85462881e-05 0.0
-0.000577058003 -2.43464201e-05 0.0
-0.000636263809 -5.39921384e-05 0.0
-0.000572522811 -6.23366068e-05 0.0
-0.000642921368 -2.55488121e-05 0.0
-0.000556976243 -3.27583621e-05 0.0
-0.000587866409 -1.12866319e-05 0.0
-0.000619938131 -6.72696624e-05 0.0
-0.000648890447 -4.51492524e-05 0.0
-0.00054818549 -5.00742171e-05 0.0
-0.000628918351 -1.59466781e-05 0.0
-0.000562461675 -1.55271082e-05 0.0
-0.000651868584 -3.04280984e-05 0.0
-0.000579272979 -7.45755242e-05 0.0
-0.00064878288 -5.42728121e-05 0.0
-0.000644536398 -6.08040391e-05 0.0
-0.000635930337 -6.64627296e-05 0.0
-0.000653953524 -3.76111202e-05 0.0
-0.000546178024 -4.08858104e-05 0.0
-0.000553936407 -5.96567988e-05 0.0
-0.000624599401 -3.08573108e-05 0.0
-0.000572474673 -9.16002864e-06 0.0
-0.000554149912 -2.32769307e-05 0.0
-0.000608640315 -7.69737162e-05 0.0
-0.000598616491 -4.15666591e-06 0.0
-0.000613402342 -6.69019346e-06 0.0
-0.000593999808 -7.78710892e-05 0.0
-0.000620754785 -4.79777809e-05 0.0
-0.000642938307 -1.70324802e-05 0.0
-0.000478748814 4.41736802e-06 0.0
-0.000462343072 -8.03113107e-06 0.0
-0.000465940626 6.14928331e-06 0.0
-0.000453478337 -7.03793421e-06 0.0
-0.000450618652 -2.67122437e-06 0.0
-0.000485658355 1.76782521e-06 0.0
-0.000472041866 -1.12057805e-05 0.0
-0.000474831904 8.12629878e-06 0.0
-0.000458767085 5.92758261e-06 0.0
-0.00045603179 -1.06882817e-05 0.0
-0.000485608849 7.66790072e-06 0.0
-0.000466515252 8.7068056e-06 0.0
-0.00048045392 -8.75196656e-06 0.0
-0.000466359896 -1.3409478e-05 0.0
-0.000489609723 -1.37114409e-06 0.0
-0.000448577601 1.32191943e-07 0.0
-0.00044841948 -6.38986648e-06 0.0
-0.000451155502 -1.00842517e-05 0.0
-0.000459921372 -1.28851989e-05 0.0
-0.000449118495 -8.79630625e-06 0.0
-0.00048872648 5.51171297e-06 0.0
-0.000481389143 9.16004137e-06 0.0
-0.000471548934 9.42430415e-06 0.0
-0.00046188719 7.81062045e-06 0.0
-0.000487034442 -5.43688157e-06 0.0
-0.000450526539 3.0156466e-06 0.0
-0.000453566638 5.24146253e-06 0.0
-0.000457471993 -2.50166136e-06 0.0
-0.000470103201 -5.72298131e-06 0.0
-0.000479297218 -1.2661545e-05 0.0
-0.000471461972 4.68089002e-06 0.0
-0.000428837113 -5.57075509e-05 0.0
-0.000459974486 -7.26659855e-05 0.0
-0.000391116773 -9.1480375e-05 0.0
-0.000416826282 -0.000103889528 0.0
-0.000471620588 -8.4232408e-05 0.0
-0.000453969929 -5.52742422e-05 0.0
-0.000395110343 -0.000104351704 0.0
-0.000437140261 -0.000108459448 0.0
-0.000408620544 -4.91731698e-05 0.0
-0.000379517325 -8.09302583e-05 0.0
-0.000433258741 -3.91145659e-05 0.0
-0.000377332617 -9.69347675e-05 0.0
-0.000478643517 -6.66194319e-05 0.0
-0.000410927052 -0.000113484275 0.0
-0.000381843915 -6.62891835e-05 0.0
-0.000391459442 -5.47625641e-05 0.0
-0.00046590282 -9.72580383e-05 0.0
-0.00045565443 -0.000105466577 0.0
-0.00048118495 -7.52500491e-05 0.0
-0.000471385865 -5.71371966e-05 0.0
-0.000398967997 -0.000111695459 0.0
-0.000424531259 -0.000113999282 0.0
-0.000447331637 -4.21468503e-05 0.0
-0.000419824995 -3.91773501e-05 0.0
-0.000373824791 -8.97632199e-05 0.0
-0.000382740895 -0.000103278522 0.0
-0.00047683093 -9.19154845e-05 0.0
-0.000372670096 -7.28478553e-05 0.0
-0.000436637376 -7.18899828e-05 0.0
-0.000411854475 -9.21281971e-05 0.0
-0.000661634491 -2.33204228e-05 0.0
-0.000240301742 -4.63724464e-05 0.0
-0.000740016636 -4.46770027e-05 0.0
-0.000165123201 -1.49221232e-05 0.0
-0.00059599441 2.74019226e-06 0.0
-0.000625047425 -4.06521358e-05 0.0
-0.00069671747 -3.45891152e-07 0.0
-0.000154921669 1.04796336e-05 0.0
-0.000656828342 -1.88213271e-05 0.0
-0.000307190319 -6.84314509e-05 0.0
-0.00053275883 -8.61773151e-05 0.0
-0.000524354225 -2.30112746e-05 0.0
-0.000404871069 -4.08042943e-05 0.0
-0.00036445327 8.14663326e-06 0.0
-0.000468483049 -3.63631225e-05 0.0
-0.000201742194 -5.75551421e-05 0.0
-0.000690091227 -5.83476867e-05 0.0
-0.000176151094 1.17477293e-05 0.0
-0.000375616451 -6.66816231e-06 0.0
-0.000684705505 -3.47115893e-05 0.0
-0.000408474792 -2.86372124e-05 0.0
-0.000572532241 -2.78606822e-05 0.0
-0.000655274838 -2.19484923e-06 0.0
-0.000275890401 -6.64902909e-05 0.0
-0.00070344517 -6.07182919e-05 0.0
-0.000258972606 -2.63585971e-05 0.0
-0.000150321415 -4.46980375e-05 0.0
-0.000733252731 -8.91762247e-05 0.0
-0.000659239071 -2.04251082e-05 0.0
-8.81169617e-05 1.2269822e-05 0.0
-0.000364888023 7.84375857e-07 0.0
-0.00028701371 1.29564451e-05 0.0
-0.000799218775 -4.04690763e-05 0.0
-0.000198548732 -4.26714314e-06 0.0
-0.000613176846 -5.369067e-05 0.0
-0.000416803057 -2.15297478e-05 0.0
-0.000338929676 1.02628189e-06 0.0
-0.00074279512 -9.17225009e-07 0.0
-0.000662047474 -5.83391193e-05 0.0
-0.000580540742 1.91465824e-05 0.0
-0.000532601669 -7.50406034e-05 0.0
-0.000536954612 -3.56695409e-06 0.0
-0.00069904665 -2.42028455e-05 0.0
-5.89063493e-05 1.76750855e-05 0.0
-0.000621172192 -1.84818218e-05 0.0
-0.000308509858 -8.02920113e-05 0.0
-0.000137674098 2.44988205e-05 0.0
-0.000523009279 -2.44321909e-05 0.0
-0.000215335749 -9.81319317e-06 0.0
-0.000512689468 -2.16271997e-06 0.0
-0.000700623321 1.39798403e-05 0.0
-0.000563091773 -3.33416501e-05 0.0
-0.00015800228 -5.33035927e-05 0.0
-0.000495522399 -9.09581213e-05 0.0
-0.000340526894 -7.75494482e-05 0.0
-6.08322152e-05 -4.05596293e-05 0.0
-0.000396686664 -3.72369941e-05 0.0
-0.0004839428 -5.52721076e-06 0.0
-0.000197714369 -6.75316551e-05 0.0
-0.000440096541 -4.55548907e-05 0.0
-0.000231404818 -1.09546181e-05 0.0
-0.000103186649 -2.85389469e-05 0.0
-0.000387435517 9.48180332e-06 0.0
-0.000320054183 1.29492628e-05 0.0
-0.000430786924 -3.98967968e-05 0.0
-0.000203326243 -3.17278791e-05 0.0
-0.000247733871 -1.71726915e-05 0.0
-6.26193068e-05 1.70253134e-05 0.0
-0.000896904618 -9.91747656e-05 0.0
-0.000486737117 -2.81392495e-05 0.0
-0.000103482169 2.29728121e-05 0.0
-0.000626556634 1.41351284e-05 0.0
-0.000370584603 -3.48548347e-05 0.0
-0.000256018131 -6.82253158e-05 0.0
-0.000525233569 -3.09723182e-05 0.0
-0.000390159577 -3.732185e-05 0.0
-0.000303955225 -3.81560822e-05 0.0
-0.000783544907 -7.91840503e-05 0.0
-0.000633392076 -1.22078654e-05 0.0
-0.000671622867 1.12821017e-05 0.0
-0.000576294377 -7.64950382e-05 0.0
-0.000651385111 -3.64292937e-05 0.0
-0.000310807751 -4.8129612e-05 0.0
-0.000546887051 -9.07181238e-05 0.0
-0.000115400886 2.91143115e-05 0.0
-0.000802323164 -7.12938127e-05 0.0
-0.000576377788 -4.01875077e-05 0.0
-0.00071342272 -4.8624519e-05 0.0
-0.000720699725 -4.89161939e-05 0.0
-0.000723969482 -7.19958043e-05 0.0
-7.6744167e-05 3.10470568e-05 0.0
-0.000588481314 -5.85778216e-05 0.0
-0.000161235439 2.19041908e-06 0.0
-0.000644258398 -5.72093522e-05 0.0
-0.000415239105 -6.57548935e-06 0.0
-0.000536734471 -6.25025423e-05 0.0
-0.000507279707 -3.26698537e-05 0.0
-0.000672164839 -9.81218182e-06 0.0
-0.000268368138 -4.79793089e-05 0.0
-0.000700347417 -8.72229502e-05 0.0
-0.000336036755 1.68493061e-05 0.0
-0.000220892267 -1.01566229e-05 0.0
-0.000666138309 -2.69188531e-05 0.0
-0.000408790627 8.1198624e-07 0.0
-0.000662838051 -2.19096491e-05 0.0
-0.000692891423 -4.30481705e-05 0.0
-0.000354314136 -1.86509606e-05 0.0
-0.000333904609 -9.00662781e-05 0.0
-0.000743394135 -0.000102335922 0.0
-0.000325463887 -3.53857395e-05 0.0
-0.000236599255 -5.61171255e-05 0.0
-0.000786011922 -4.63025208e-06 0.0
-0.000680277124 -3.13849669e-05 0.0
-0.000697535288 -4.21788791e-05 0.0
-0.00064592174 -1.33288604e-05 0.0
-0.000832896971 -3.9555267e-05 0.0
-0.000341617619 -2.61275727e-06 0.0
-0.000720088661 -6.26999827e-05 0.0
-0.000645495777 -1.12863972e-05 0.0
-0.000683631748 -5.77330284e-05 0.0
-0.000534823048 -1.24636026e-05 0.0
-0.000294474827 1.02796421e-05 0.0
-0.000444865465 -1.66529808e-05 0.0
-0.000641856343 -1.27054645e-05 0.0
-0.00039560147 -4.38501374e-05 0.0
-0.000502666458 -7.55862784e-05 0.0
-0.000406855281 -2.21947994e-05 0.0
-0.000777961803 -6.98492357e-08 0.0
-0.000814291823 -4.1022904e-05 0.0
-0.000654694682 -1.60428262e-05 0.0
-0.000398820761 -2.87100174e-05 0.0
-0.000682162936 -3.52798306e-05 0.0
-0.000535951927 1.45177764e-05 0.0
-0.000491710554 -4.08346787e-05 0.0
-0.000399928977 -6.40190456e-06 0.0
-0.000608479371 -2.8248598e-05 0.0
-0.000679833931 -7.61768606e-05 0.0
-0.000380674348 1.95091488e-07 0.0
-0.000446743565 -3.5881465e-05 0.0
-0.000731586595 1.13658152e-05 0.0
-0.00016225451 -5.64902693e-05 0.0
-0.000292586483 -7.71924824e-05 0.0
-0.000571938173 -7.9572048e-05 0.0
-0.000322882726 -6.56699603e-06 0.0
-0.000190148639 -4.80878844e-05 0.0
-0.00020830326 1.46439088e-05 0.0
-0.000244115014 1.06605085e-05 0.0
-0.000321272819 -8.27003532e-05 0.0
-0.000240748675 -7.19571981e-05 0.0
-0.000151149812 6.73770785e-07 0.0
-0.000314603007 -3.1580872e-05 0.0
-6.60617516e-05 -1.30840444e-05 0.0
-0.000286132883 -6.36798432e-05 0.0
-0.000551939418 -2.27410201e-05 0.0
-0.000111620771 3.00781321e-05 0.0
-0.000478818809 -8.56111292e-05 0.0
-0.000341750274 1.37975721e-05 0.0
-0.000560577493 -4.09373824e-05 0.0
-0.000100256308 9.75703097e-06 0.0
-0.000293047837 3.23329891e-06 0.0
-0.000820881978 -7.4985328e-06 0.0
-0.000567606825 1.76054782e-05 0.0
-0.000496694818 -1.98592134e-05 0.0
-0.000576127204 -1.04613327e-05 0.0
-0.000234427702 -9.96445669e-06 0.0
-0.000542662921 -4.14459537e-05 0.0
-0.000932311814 -0.000106268177 0.0
-0.000505949429 1.80096401e-06 0.0
-0.000890165917 -9.18782753e-05 0.0
-0.000786080724 -7.47091617e-05 0.0
-0.000324645895 1.24023954e-05 0.0
-0.000266111572 -5.12122278e-05 0.0
-0.000740859366 -7.4624375e-05 0.0
-0.000725254475 -4.69633451e-05 0.0
-0.000649044756 1.86994821e-05 0.0
-0.000286642462 -1.6767488e-05 0.0
-0.000668826571 -4.64362165e-05 0.0
-0.000371775503 -3.12122647e-05 0.0
-0.000714955851 -1.14235436e-05 0.0
-2.7747712e-05 1.97621903e-05 0.0
-0.000577373779 -3.25548281e-05 0.0
-0.000759486051 -4.11178262e-05 0.0
-0.000575219165 -4.15613249e-05 0.0
-2.72447178e-05 -2.73816313e-05 0.0
-0.000718144001 1.4989103e-05 0.0
-0.000139010779 8.39771019e-06 0.0
-0.000795050291 -4.38086136e-05 0.0
-0.000731585431 -6.63079336e-05 0.0
-0.000897905731 -8.7334025e-05 0.0
-0.000616629433 -9.95443497e-06 0.0
-0.0001204988 -5.36893203e-05 0.0
-0.00074672146 4.15535624e-06 0.0
-0.000412631955 -3.8883205e-05 0.0
-0.000462785014 -2.10160179e-05 0.0
-0.000521082839 -1.90427691e-05 0.0
-0.000780450588 -0.000100806348 0.0
-0.000697297917 -6.14943565e-05 0.0
-0.000514598971 -9.73632996e-05 0.0
-0.000687954132 -3.17779595e-05 0.0
-0.00048685036 1.68442398e-06 0.0
-0.000627018686 2.86430009e-06 0.0
-0.000210114711 -1.79764684e-05 0.0
-0.000185212179 -7.50195613e-05 0.0
-0.000393124763 -1.80491661e-05 0.0
-0.000157496746 -3.04604073e-05 0.0
-0.000764338009 -2.61418827e-05 0.0
-0.000628980633 -2.71071076e-06 0.0
-0.000407007377 -4.2323376e-05 0.0
-0.000530937978 -2.80260701e-05 0.0
-4.61849995e-05 2.93127687e-05 0.0
-0.000826129632 -3.69428963e-05 0.0
-0.000102111218 -4.98120062e-05 0.0
-0.000487124722 -1.64278335e-05 0.0
-0.000350380957 -7.9849e-05 0.0
-0.000716266339 -5.39711727e-05 0.0
-0.000572993886 -8.59271822e-05 0.0
-0.000707179541 -4.17944248e-05 0.0
-0.00012524164 1.49014595e-05 0.0
-0.000117129763 -9.24521464e-06 0.0
-0.000242111157 -3.61704915e-05 0.0
-0.000170242143 8.32289879e-06 0.0
-0.000319592509 -3.6315836e-05 0.0
-0.000617727637 2.15784657e-05 0.0
-0.000642494124 -1.25903243e-05 0.0
-0.000874367601 -9.93277645e-05 0.0
-0.000324903085 -4.73076616e-05 0.0
-0.000303905719 -7.53407221e-05 0.0
-9.38700541e-05 -4.33252862e-05 0.0
-0.000299614592 1.79640168e-07 0.0
-0.000942715385 -2.5198382e-05 0.0
-0.000658265839 -2.84725593e-05 0.0
-0.00071060186 -0.00010073142 0.0
-0.000638820406 -7.72929852e-05 0.0
-0.000356588833 -3.77681281e-05 0.0
-0.000434462592 -4.57486167e-05 0.0
-0.000677945209 1.96386445e-05 0.0
-0.00019354804 -7.50291474e-06 0.0
-0.000821401365 -3.91393223e-05 0.0
-0.00040375907 1.15889554e-06 0.0
-5.3724827e-05 -4.06683503e-05 0.0
-0.000507451186 -1.04197807e-05 0.0
-0.000405052619 -3.63548534e-05 0.0
-0.000276730076 -7.55238361e-05 0.0
-0.00074419938 -4.78795482e-05 0.0
-3.15576763e-05 1.87156365e-05 0.0
-0.000408280874 -4.72981155e-05 0.0
-0.000796472945 -3.45207809e-06 0.0
-0.000204669675 -5.37932683e-05 0.0
-0.000752583204 -6.94445625e-05 0.0
-2.11273436e-05 2.81893099e-05 0.0
-0.000784787408 -7.13987247e-05 0.0
-0.000247787597 -1.24100843e-05 0.0
-0.000256282859 -5.57538187e-05 0.0
-0.000383112696 -4.05366227e-05 0.0
-0.000772715372 -6.51490609e-06 0.0
-0.00042094104 7.41465328e-06 0.0
-0.000805725518 -7.68305981e-05 0.0
-0.000576019462 -8.28897246e-05 0.0
-9.79054894e-05 1.66868704e-05 0.0
-0.000467848498 1.0735082e-06 0.0
-0.000895592384 -8.59732027e-05 0.0
-0.000210248909 -2.7725589e-06 0.0
-0.000131607114 -5.3904776e-05 0.0
-0.000736904272 -4.62042808e-05 0.0
-0.000604400178 -7.34903879e-05 0.0
-0.000541390677 -8.78537321e-05 0.0
-0.000795881671 -6.73995373e-06 0.0
-0.000218305184 -6.64920071e-06 0.0
-0.000256614614 1.15104431e-05 0.0
-0.000294033031 1.01760834e-05 0.0
-0.000694330374 -3.54275508e-05 0.0
-0.000822975882 -3.59816768e-05 0.0
-0.000424179074 -4.91519604e-05 0.0
-0.000641225954 -2.61466321e-05 0.0
-0.000342902698 -4.78953225e-05 0.0
-0.000880839943 -9.6166521e-05 0.0
-0.000806364755 -4.57217538e-06 0.0
-0.000559863285 -4.10909743e-05 0.0
-0.000676417374 3.97055572e-07 0.0
-0.000466091267 -6.29079732e-05 0.0
-0.000253797305 -2.50845096e-05 0.0
-0.000220696747 -2.86951376e-07 0.0
-0.000698374992 -3.74319643e-05 0.0
-0.000375871256 -4.62899334e-05 0.0
-0.000660555321 -7.94642838e-05 0.0
-0.000577420695 1.19497499e-05 0.0
-0.000646183616 -1.74659999e-05 0.0
-0.00031331362 2.06476561e-05 0.0
-0.00040331771 -2.71304416e-05 0.0
-0.00028323711 1.5217895e-06 0.0
-0.000679435616 -3.10672658e-05 0.0
-0.000691858702 -3.61012571e-05 0.0
-0.000259824243 -1.78407045e-05 0.0
-0.000209591482 -5.52899337e-06 0.0
-0.000126260726 -4.56456073e-05 0.0
-0.000610728632 -4.35037036e-05 0.0
-0.000129493943 3.2084879e-06 0.0
-0.000490702281 -3.18812636e-05 0.0
-0.000588561175 -7.49147002e-05 0.0
-0.000757405942 1.32301229e-05 0.0
-0.000493806147 -2.80019831e-05 0.0
-0.000335525547 -3.66715831e-05 0.0
-0.000850331096 -7.4915959e-05 0.0
-0.000527361641 -3.35180885e-05 0.0
-0.000750446401 -1.26544819e-06 0.0
-0.000503672345 -3.87942491e-05 0.0
-0.000147894549 2.41398866e-05 0.0
-0.000373308285 -3.43426182e-05 0.0
-0.000175733396 2.49957975e-06 0.0
-0.000751440646 -0.000102823804 0.0
-0.000827113516 -7.8265788e-05 0.0
-0.000945697306 -9.90716508e-05 0.0
-0.000381969352 -6.8683953e-06 0.0
-0.000502652081 -5.22362425e-05 0.0
-6.10786083e-05 4.47743369e-05 0.0
-9.7579541e-05 1.58288367e-05 0.0
-0.000384890911 -3.41714986e-05 0.0
-0.000688972883 8.88187515e-06 0.0
-9.15279525e-05 2.52195241e-05 0.0
-0.000437285285 -3.83923325e-05 0.0
-0.0005092551 -9.86079067e-06 0.0
-0.000421319564 -4.15624127e-05 0.0
-0.000106882173 1.90145183e-05 0.0
-0.000568989257 -1.67931867e-05 0.0
-0.000540490379 -2.28746831e-05 0.0
-0.0005876777 -2.62619396e-05 0.0
-0.000646704226 -4.4528435e-05 0.0
-0.000462819589 -4.7332127e-05 0.0
-0.000298562896 -1.30943126e-05 0.0
-0.000831492362 -3.31505225e-06 0.0
-0.000556826068 1.20279101e-05 0.0
-0.000614251127 -7.90468766e-06 0.0
-0.000736942748 -2.22564504e-05 0.0
-0.000204011492 -4.03407867e-05 0.0
-0.0005236406 4.96253051e-06 0.0
-0.000426790852 -2.46726472e-06 0.0
-0.000198716691 -3.67648272e-06 0.0
-0.000600229541 -1.75395853e-05 0.0
-0.000367350469 9.92554669e-06 0.0
-0.000776475586 -5.66641647e-05 0.0
-0.000331563642 1.25730494e-05 0.0
-0.000730302301 1.55597209e-05 0.0
-0.000201885603 -5.55823863e-05 0.0
-0.000539156608 1.6545293e-05 0.0
-0.000866360613 -9.17780926e-05 0.0
-0.000671746267 -5.25765026e-05 0.0
-0.000445737795 -2.42438091e-05 0.0
-0.000717576942 1.43836564e-06 0.0
-0.00028561207 -1.33256444e-05 0.0
-0.000692208472 -1.08678278e-05 0.0
-0.000357133336 -4.54753763e-06 0.0
-0.000242940296 -1.88087633e-05 0.0
-0.000210363534 -4.20056167e-05 0.0
-0.000196616777 -3.5567431e-05 0.0
-0.000337972626 -8.84263791e-05 0.0
-0.000735722075 1.28846241e-05 0.0
-0.000214547763 5.48742673e-06 0.0
-0.000884905632 -9.05145498e-05 0.0
-0.000678333221 -2.11948118e-05 0.0
-0.000537035754 -8.01148199e-05 0.0
-9.16481586e-05 2.84344896e-05 0.0
-0.000682666956 -4.9747985e-05 0.0
-0.000891152071 -8.47605988e-05 0.0
-0.000706686522 -4.24393729e-05 0.0
-0.000417032774 -9.20228285e-06 0.0
-0.000488473801 -0.000100811492 0.0
-0.000188980062 -2.38473945e-06 0.0
-0.000172891916 -5.48095486e-05 0.0
-3.05421272e-05 4.75768975e-05 0.0
-0.000424657745 -3.5265457e-05 0.0
-0.000663782295 -3.39441431e-05 0.0
-0.000234928826 2.4834319e-06 0.0
-0.000270535267 -1.42223789e-05 0.0
-0.000445517217 -4.07558473e-05 0.0
-0.00066044851 2.32718412e-05 0.0
-0.000192442982 -2.01406397e-06 0.0
-0.000358153338 -9.67517044e-05 0.0
-0.000476993184 -1.23329764e-05 0.0
-0.000488004967 -6.51822265e-05 0.0
-0.000364926993 9.87849853e-06 0.0
-4.28079002e-05 1.1595218e-05 0.0
-0.000549805234 -1.03375451e-05 0.0
-0.000719926495 -2.92629811e-05 0.0
-0.00026303358 1.06639754e-06 0.0
-0.000155995949 2.20159964e-05 0.0
-0.000406312582 2.48404695e-06 0.0
-0.00093070342 -0.000100949546 0.0
-0.000860413769 -9.37266159e-05 0.0
-0.000275614701 -4.32583438e-05 0.0
-0.000257963111 -6.265923e-05 0.0
-0.000183622586 2.35261141e-05 0.0
-0.000647313078 -1.41644978e-05 0.0
-0.000837064115 -8.86139824e-05 0.0
-0.000234218795 1.22851634e-06 0.0
-0.000605053967 1.31853512e-05 0.0
-0.000584173074 -4.51880187e-05 0.0
-0.000542908732 -1.54546469e-05 0.0
-3.07178379e-05 -3.8709466e-05 0.0
-0.000461521413 -4.27730301e-05 0.0
-0.000111524125 2.71117842e-05 0.0
-0.000597681385 -1.93997803e-05 0.0
-0.000746500096 -5.51352932e-05 0.0
-0.000266015937 -1.1313733e-05 0.0
-0.000292920013 -7.25953869e-05 0.0
-0.000416742929 -4.44207035e-05 0.0
-0.000509090023 7.13366489e-06 0.0
-9.88418033e-05 -4.35158108e-05 0.0
-0.000156414375 -6.28913331e-05 0.0
-0.000689680572 -9.79149263e-05 0.0
-0.000565716939 3.00068086e-06 0.0
-0.000196578141 -7.8878169e-05 0.0
-0.000458688766 -2.21930568e-05 0.0
-0.000321124564 -6.61572049e-05 0.0
-0.00036524827 1.28831243e-05 0.0
-0.000193792192 -5.18818997e-05 0.0
-0.000280015491 -3.71324568e-05 0.0
-0.000763909658 -8.70268195e-06 0.0
-0.000760911615 -9.44424464e-05 0.0
-0.000671893824 -8.92094613e-05 0.0
-0.000543980394 -4.8907641e-05 0.0
-0.000420363416 4.80253902e-06 0.0
-6.08472401e-05 -3.2417709e-05 0.0
-0.000330772571 -1.26193454e-05 0.0
-0.000311377109 -2.36309152e-05 0.0
-2.33767532e-05 1.85737445e-05 0.0
-0.000487666868 -5.55901534e-06 0.0
-0.000371151342 -3.95168627e-06 0.0
-0.000705146173 -7.1706927e-05 0.0
-0.000820365793 -7.62333439e-05 0.0
-0.000698824821 -2.90768858e-05 0.0
-0.000296723214 -5.16936689e-06 0.0
-0.000342807529 3.42988164e-06 0.0
-7.53870772e-05 -4.06995896e-05 0.0
-0.000337969133 -5.08709345e-05 0.0
-0.000611378287 3.1388347e-06 0.0
-0.000592836703 -8.04321189e-06 0.0
-0.000515468593 -9.10548115e-05 0.0
-0.000481011724 -2.55152263e-05 0.0
-0.000269117882 -8.14287559e-05 0.0
-0.000545624702 -2.94858055e-05 0.0
-0.000542146678 -1.47720002e-05 0.0
-4.57454516e-05 2.39412402e-05 0.0
-0.00011661047 -5.58304964e-05 0.0
-0.000224242423 -7.81028648e-05 0.0
-0.000544825976 -8.7588407e-05 0.0
-0.000407952408 -4.18622076e-05 0.0
-0.000763379445 -6.50986112e-05 0.0
-0.000617979385 -1.52661926e-06 0.0
-0.000314133387 -1.8669308e-06 0.0
-0.000630564929 -3.48505782e-05 0.0
-0.000536914391 -7.70351253e-05 0.0
-0.000318325619 3.64258131e-06 0.0
-0.000400173594 -3.73632574e-05 0.0
-0.000626007619 -7.71267878e-05 0.0
-0.000500244962 -2.39755063e-05 0.0
-0.000296640006 -5.29924946e-05 0.0
-0.000226662931 -8.00388716e-06 0.0
-0.000488820544 1.2838963e-07 0.0
-0.000195405897 -2.90891012e-06 0.0
-0.000421436853 -4.10350331e-05 0.0
-0.000662651146 -5.44210816e-05 0.0
-0.000734125671 -2.22985655e-05 0.0
-0.000812138489 -4.07117222e-05 0.0
-0.000329337199 -8.14802406e-05 0.0
-0.000514672196 -9.54359566e-05 0.0
-0.000156303126 -5.02846488e-05 0.0
-0.000675304269 -2.95260015e-05 0.0
-0.000296141254 2.20591337e-05 0.0
-0.000505707634 -1.73706158e-05 0.0
-0.000673446455 -1.90150367e-05 0.0
-0.00047768472 -1.37592269e-05 0.0
-0.000259070715 -1.85764347e-05 0.0
-0.000713301881 -6.52024391e-05 0.0
-0.000293680729 -2.50338944e-05 0.0
-0.000251568155 -1.57753511e-05 0.0
-0.000124417478 9.10789004e-06 0.0
-0.000964013161 -3.27999187e-05 0.0
-0.000605295994 -3.74988376e-05 0.0
-0.000398253935 -1.26143414e-05 0.0
-0.00020919602 -6.34743628e-05 0.0
-0.000325059402 -2.84851012e-05 0.0
-0.000403128099 -4.08689157e-05 0.0
-0.000304279558 -8.38641427e-05 0.0
-0.00080260291 -9.44817657e-05 0.0
-0.000231307538 -6.060952e-05 0.0
-0.000551749312 -8.20090136e-05 0.0
-0.000364141422 -8.20607092e-05 0.0
-0.000349565904 -4.2794738e-05 0.0
-0.000620294071 -7.11450775e-05 0.0
-0.000386965519 -3.67188331e-05 0.0
-0.000557430321 -3.89725319e-05 0.0
-0.000774245884 -8.36507752e-05 0.0
-0.000438330142 1.12845123e-06 0.0
-0.000771940628 -3.55595803e-05 0.0
-0.000544903858 -4.20976357e-05 0.0
-0.00015272641 2.38392458e-05 0.0
-0.000707618601 8.88949216e-06 0.0
-0.000635933306 2.17481611e-05 0.0
-0.000223353418 -5.02147232e-05 0.0
-0.000472031825 4.17781075e-06 0.0
-0.000269837503 -2.8351229e-05 0.0
-0.000369107845 -3.72808718e-05 0.0
-0.000897722668 -8.15452368e-05 0.0
-0.000705093262 -5.07405057e-05 0.0
-0.000751550542 -6.89001681e-05 0.0
-0.00046953815 -3.26038935e-05 0.0
-0.000735006819 -6.21327854e-05 0.0
-0.000559580862 -1.0165124e-05 0.0
-0.000874302234 -8.69898431e-05 0.0
-0.000718799769 -4.44382495e-05 0.0
-0.000463153556 -3.18601524e-05 0.0
-0.000529384415 -3.14924e-05 0.0
-0.000897740945 -0.000103388476 0.0
-0.000977902906 -2.78075604e-05 0.0
-0.000466565281 -3.18223247e-05 0.0
-0.000813284016 6.52456765e-06 0.0
-0.000230049409 -2.65625749e-05 0.0
-0.000705927436 -6.02680375e-05 0.0
-7.75765366e-05 -3.4599936e-05 0.0
-0.00039357171 -5.44228578e-06 0.0
-0.000757609669 -8.00903799e-05 0.0
-0.000659435755 8.9099758e-06 0.0
-0.000399559678 -3.82351172e-05 0.0
-5.14336352e-05 2.24618707e-05 0.0
-0.000754408655 -1.0821489e-05 0.0
-0.000500855735 -3.24836765e-05 0.0
-0.000309080962 -5.09144411e-05 0.0
-0.000599824591 2.13151288e-05 0.0
-0.000193461165 -6.78510551e-05 0.0
-0.000646721746 -3.6261521e-05 0.0
-0.000728168932 -2.91484921e-05 0.0
-0.000661022437 -1.42970721e-05 0.0
-0.00044864908 -7.11893663e-05 0.0
-0.000598313694 -7.29483218e-05 0.0
-0.000128622938 -3.85085623e-05 0.0
-1.38410269e-05 -1.4047795e-05 0.0
-0.000674643554 -5.91981443e-05 0.0
-0.000816603599 -8.83668472e-05 0.0
-0.000355563505 -2.75284874e-05 0.0
-0.000693123846 2.18680689e-05 0.0
-0.000365812302 -4.60175652e-05 0.0
-0.000182602394 -3.9974082e-05 0.0
-0.000302786997 1.95894718e-05 0.0
-0.000480061688 -3.87112595e-05 0.0
-0.000136005256 -2.15886866e-05 0.0
-0.000771393243 -8.79251238e-05 0.0
-0.000340434461 1.52892262e-05 0.0
-0.000740579388 -1.65412857e-05 0.0
-0.000582715089 -3.55924058e-05 0.0
-0.000736525224 8.87314036e-06 0.0
-0.000476200483 -9.94637503e-06 0.0
-7.45658326e-05 3.94992239e-05 0.0
-0.00046402993 -1.63954792e-05 0.0
-0.000709784799 -3.76014432e-05 0.0
-0.000183736134 -2.39424444e-05 0.0
-0.000458465336 3.365559e-06 0.0
-0.000642180676 9.51848779e-06 0.0
-0.000390089408 7.95665346e-06 0.0
-9.70863493e-06 -3.69653644e-05 0.0
-6.91458845e-05 1.92437856e-05 0.0
