-5.29942627e-05 0.00110212003 0.0
-6.4223801e-05 0.00106136629 0.0
-0.000247839052 0.00108620559 0.0
-0.000156705355 0.00106478937 0.0
-0.000193343978 0.00114583375 0.0
9.08445088e-07 0.00106478937 0.0
-9.02252577e-05 0.00108620559 0.0
-0.000276078354 0.00163076341 0.0
-0.000287605188 0.0015829209 0.0
-0.000244138719 0.00158851 0.0
6.18910126e-05 -7.32820117e-05 0.0
7.3417832e-05 -2.54394508e-05 0.0
-0.000229290657 0.00155680231 0.0
-0.00023521221 0.00155193091 0.0
-0.000225688535 0.00153382414 0.0
0.00011428399 -0.000104271974 0.0
0.000120205535 -9.94005823e-05 0.0
0.000129083695 0.000255475927 0.0
0.00011803487 0.000211794963 0.0
-9.50674948e-05 0.00142923405 0.0
-0.000127344683 0.0014468364 0.0
-0.000120409895 0.00139716791 0.0
-0.000284958485 0.0014468364 0.0
-0.00025268129 0.00142923405 0.0
-0.000185897268 0.00134478847 0.0
-0.000197502217 0.00125613599 0.0
-0.000153176632 0.0014563771 0.0
-0.000162648343 0.00147387502 0.0
2.24260875e-05 0.000559192442 0.0
1.17879199e-05 0.000468660612 0.0
-4.11998444e-05 0.000295961363 0.0
-8.08118602e-06 0.000281070301 0.0
-1.59250048e-05 0.000335718709 0.0
0.000149532614 0.000281070301 0.0
0.000116413954 0.000295961363 0.0
-0.00010850899 0.000799512549 0.0
-0.000119124721 0.000807526754 0.0
1.14415925e-05 0.000420230819 0.0
3.67320382e-07 0.000332987634 0.0
-3.91541216e-05 0.000759768416 0.0
-5.20382491e-05 0.000770930725 0.0
-4.21086725e-06 0.000952925242 0.0
-1.79327599e-05 0.000913792406 0.0
-7.33095294e-05 0.000814428378 0.0
-8.54433092e-05 0.000834019738 0.0
5.83592846e-05 0.000650350587 0.0
4.48974206e-05 0.000604981324 0.0
-0.0003494962 0.00165620295 0.0
0.0 0.0 0.0
0.000157613802 0.0 0.0
-0.000191882398 0.00165620295 0.0
-5.9379985e-05 0.00110634684 0.0
-6.57227065e-05 0.00110722682 0.0
-7.17134608e-05 0.00110611529 0.0
-7.643547e-05 0.00110300712 0.0
-7.96507666e-05 0.00109846285 0.0
-8.14236992e-05 0.00109306548 0.0
-8.14772138e-05 0.0010872233 0.0
-7.99536429e-05 0.00108132337 0.0
-7.70294937e-05 0.00107581937 0.0
-7.36025759e-05 0.00107048999 0.0
-6.92958565e-05 0.001065713 0.0
-5.85373709e-05 0.00105778989 0.0
-5.22612718e-05 0.00105666625 0.0
-4.65872181e-05 0.00105775881 0.0
-4.19875578e-05 0.00106078538 0.0
-3.85781532e-05 0.00106512499 0.0
-3.63548243e-05 0.00107033341 0.0
-3.53851283e-05 0.0010760997 0.0
-3.62078645e-05 0.0010821796 0.0
-3.86635329e-05 0.00108820107 0.0
-4.2863674e-05 0.00109334989 0.0
-4.79895243e-05 0.00109775586 0.0
-0.000150832682 0.00107574812 0.0
-0.000148629144 0.00108823041 0.0
-0.00015002393 0.00110084482 0.0
-0.000154436828 0.00111290975 0.0
-0.000161302931 0.00112380798 0.0
-0.000170207291 0.0011329822 0.0
-0.000180955365 0.00114076305 0.0
-0.000206650555 0.00114795088 0.0
-0.000219365713 0.0011460454 0.0
-0.000230723861 0.00114114932 0.0
-0.000239862507 0.00113311526 0.0
-0.000246252544 0.00112288026 0.0
-0.000249921926 0.0011112229 0.0
-0.000250461686 0.00109867065 0.0
-8.4190724e-05 0.0010741821 0.0
-7.51023545e-05 0.00106390135 0.0
-6.4304455e-05 0.00105536601 0.0
-5.27518678e-05 0.0010490407 0.0
-4.00247882e-05 0.0010447317 0.0
-2.73972109e-05 0.00104448269 0.0
-1.65584897e-05 0.00104860414 0.0
-6.93883703e-06 0.001055539 0.0
-0.000282063993 0.00157752167 0.0
-0.00027494377 0.00157311454 0.0
-0.000266808987 0.00157091662 0.0
-0.000259548076 0.00157117809 0.0
-0.000253576669 0.00157352968 0.0
-0.000249016884 0.00157745823 0.0
-0.000245819829 0.00158245128 0.0
-0.000243877599 0.00159506383 0.0
-0.000245436531 0.00160187134 0.0
-0.000248831318 0.00160830503 0.0
-0.000253829639 0.00161369552 0.0
-0.000259046472 0.00161899708 0.0
-0.000264175236 0.00162393786 0.0
-0.00026972944 0.00162784464 0.0
6.6787441e-05 -2.51434139e-05 0.0
6.05929781e-05 -2.71219305e-05 0.0
5.57559324e-05 -3.08451708e-05 0.0
5.20968242e-05 -3.58086145e-05 0.0
4.99216076e-05 -4.19210373e-05 0.0
4.94067972e-05 -4.85370765e-05 0.0
5.06726319e-05 -5.5296794e-05 0.0
5.35323816e-05 -6.18402555e-05 0.0
5.72025965e-05 -6.78581564e-05 0.0
-0.000235193758 0.00154942938 0.0
-0.000235034837 0.00154603459 0.0
-0.000234582621 0.00154228159 0.0
-0.000234226361 0.00153768749 0.0
-0.00023238064 0.00153503567 0.0
-0.000231003389 0.00153378653 0.0
-0.000229402795 0.00153303519 0.0
-0.000227611396 0.00153294625 0.0
-0.000224249146 0.00153534673 0.0
-0.000223491646 0.00153726817 0.0
-0.000223183451 0.00153958285 0.0
-0.000223190073 0.00154220604 0.0
-0.000223249066 0.00154505263 0.0
-0.000223703013 0.00154798606 0.0
-0.000224705465 0.00155149726 0.0
-0.000226872566 0.00155460124 0.0
0.000117935757 -9.86029481e-05 0.0
0.000116349525 -9.86220184e-05 0.0
0.000115157898 -9.92603309e-05 0.0
0.000114416565 -0.000100532539 0.0
0.000114102375 -0.000102196966 0.0
0.000122705562 0.000257754873 0.0
0.000115972587 0.000257448992 0.0
0.000109673565 0.000256534986 0.0
0.000104678758 0.000253780105 0.0
0.000101133854 0.000249643374 0.0
9.92005735e-05 0.000244190509 0.0
9.90280532e-05 0.000238391673 0.0
0.000100532219 0.000232277845 0.0
0.000103895793 0.000226523669 0.0
0.000108278968 0.00022148127 0.0
0.000112658905 0.000216778208 0.0
0.000123987105 0.000208676691 0.0
0.000130801476 0.00020680789 0.0
0.000137182884 0.000208028461 0.0
0.000141962737 0.000211245191 0.0
0.00014515988 0.000215908934 0.0
0.000146870283 0.000221381299 0.0
0.000147091967 0.000227270546 0.0
0.00014579884 0.000233412473 0.0
0.000143398109 0.000239401532 0.0
0.000139851603 0.000245193427 0.0
0.000134997972 0.000250519224 0.0
-0.000132651709 0.00144423265 0.0
-0.000136446353 0.00144037092 0.0
-0.00013888735 0.00143534318 0.0
-0.000139616212 0.00142952299 0.0
-0.000138722215 0.00142341445 0.0
-0.000136626797 0.00141742488 0.0
-0.000133581867 0.00141147629 0.0
-0.000129500942 0.00140585203 0.0
-0.000125045612 0.00140117272 0.0
-0.00011523562 0.00139354402 0.0
-0.000109310167 0.00139161362 0.0
-0.00010260073 0.00139191397 0.0
-9.68084787e-05 0.00139448827 0.0
-9.25946151e-05 0.00139875954 0.0
-8.9622401e-05 0.00140414503 0.0
-8.8342902e-05 0.00141031796 0.0
-8.89293879e-05 0.00141668774 0.0
-9.11774332e-05 0.00142316555 0.0
-0.00025670047 0.0014341143 0.0
-0.000261114037 0.00143866299 0.0
-0.000266244955 0.00144295522 0.0
-0.000272634526 0.00144627807 0.0
-0.000279180444 0.00144745153 0.0
-0.000196721288 0.00134779071 0.0
-0.000207776087 0.00134780875 0.0
-0.000217215027 0.00134382804 0.0
-0.000224999822 0.00133751868 0.0
-0.000231266851 0.00132938393 0.0
-0.000235600077 0.00131961866 0.0
-0.000237291097 0.00130863523 0.0
-0.000236094609 0.00129741442 0.0
-0.000232097547 0.00128658116 0.0
-0.000225326585 0.00127697096 0.0
-0.00021740087 0.00126856554 0.0
-0.000208121302 0.00126108108 0.0
-0.00018593602 0.00125359325 0.0
-0.000174335219 0.00125445391 0.0
-0.000163926408 0.00125820132 0.0
-0.000155420945 0.00126490672 0.0
-0.000149401443 0.00127348257 0.0
-0.000145854327 0.00128352328 0.0
-0.000145075697 0.00129438192 0.0
-0.000147205705 0.00130531588 0.0
-0.000151729808 0.00131576532 0.0
-0.000158421419 0.00132511358 0.0
-0.000166681522 0.00133319886 0.0
-0.000175855297 0.00133977702 0.0
-0.000151112661 0.00146068225 0.0
-0.000149846237 0.00146538345 0.0
-0.000149724103 0.00146939757 0.0
-0.000150193067 0.00147252495 0.0
-0.000151092318 0.00147513649 0.0
-0.000152431036 0.00147718727 0.0
-0.000154132751 0.00147854595 0.0
-0.000156117749 0.00147900265 0.0
-0.000158387978 0.00147829775 0.0
-0.00016072669 0.00147646794 0.0
-0.000164001583 0.00146985857 0.0
-0.00016415432 0.00146566995 0.0
-0.000163796765 0.0014619733 0.0
-0.00016317892 0.00145889842 0.0
-0.000163000092 0.0014562459 0.0
-0.000162504206 0.00145409245 0.0
-0.000161501201 0.00145239441 0.0
-0.000159787131 0.00145147508 0.0
-0.000157590752 0.00145209255 0.0
-0.00015530581 0.00145353586 0.0
1.10068986e-05 0.00056093419 0.0
-5.68437201e-07 0.00055921817 0.0
-1.12310854e-05 0.000554549333 0.0
-1.96694946e-05 0.00054672471 0.0
-2.5043586e-05 0.000536699954 0.0
-2.74336835e-05 0.00052539946 0.0
-2.69053326e-05 0.000513607811 0.0
-2.3396331e-05 0.000502135081 0.0
-1.77404345e-05 0.000491393381 0.0
-9.66818607e-06 0.000481763476 0.0
3.53518971e-07 0.000473909051 0.0
2.35921252e-05 0.000467549951 0.0
3.51656017e-05 0.000469782302 0.0
4.57897768e-05 0.000474732165 0.0
5.39423927e-05 0.000482368254 0.0
5.95310848e-05 0.000492148683 0.0
6.20432256e-05 0.000503386022 0.0
6.15564568e-05 0.000515151129 0.0
5.80638698e-05 0.000526620075 0.0
5.2137595e-05 0.000537235057 0.0
4.40879812e-05 0.000546350842 0.0
3.41408013e-05 0.000553910446 0.0
-1.54804877e-06 0.000283605186 0.0
3.48715503e-06 0.000287580013 0.0
6.7988517e-06 0.000293214602 0.0
8.17482942e-06 0.00029987772 0.0
7.75621811e-06 0.000306792295 0.0
5.42217867e-06 0.000313784316 0.0
1.76000003e-06 0.000320381194 0.0
-3.119648e-06 0.000327048183 0.0
-9.1210859e-06 0.000332415337 0.0
-2.32750372e-05 0.000337358477 0.0
-3.04239129e-05 0.000338146725 0.0
-3.67181601e-05 0.000337245147 0.0
-4.23380116e-05 0.000333802745 0.0
-4.59129988e-05 0.00032880035 0.0
-4.79961855e-05 0.000322770211 0.0
-4.86040153e-05 0.000316082995 0.0
-4.75292109e-05 0.00030917328 0.0
-4.49407162e-05 0.000302312197 0.0
0.000121482924 0.000289958349 0.0
0.000127949854 0.000284519279 0.0
0.000135203853 0.000280721462 0.0
0.000142233781 0.000280068722 0.0
-0.000108238237 0.000802944298 0.0
-0.000108550936 0.000805618183 0.0
-0.000109393208 0.000808543235 0.0
-0.000110104826 0.00081123109 0.0
-0.000111119734 0.0008132449 0.0
-0.00011220797 0.000814543746 0.0
-0.000113249487 0.000815167557 0.0
-0.000114257818 0.000815343636 0.0
-0.000115422052 0.000814869651 0.0
-0.000116849442 0.000813593331 0.0
-0.000118172604 0.000811093254 0.0
-0.000119016615 0.00080347195 0.0
-0.000118305899 0.000799449219 0.0
-0.0001171154 0.000796501234 0.0
-0.000116708616 0.000794419204 0.0
-0.000116189563 0.000792662264 0.0
-0.000115436 0.000791259925 0.0
-0.000114338494 0.000790512247 0.0
-0.00011297263 0.00079054042 0.0
-0.000111608533 0.000791384955 0.0
-0.000110238616 0.000792978506 0.0
-0.000109143868 0.000795761065 0.0
-4.19633949e-07 0.000421848439 0.0
-1.21067169e-05 0.000419783493 0.0
-2.28096633e-05 0.000415172864 0.0
-3.12243428e-05 0.000407954736 0.0
-3.67396278e-05 0.000398405478 0.0
-3.94653543e-05 0.000387558626 0.0
-3.91904687e-05 0.000376042299 0.0
-3.578217e-05 0.000364539854 0.0
-2.93557805e-05 0.000354026008 0.0
-2.05410688e-05 0.000344767788 0.0
-1.04808933e-05 0.000337255304 0.0
1.15914954e-05 0.000331731484 0.0
2.2529357e-05 0.000332489464 0.0
3.23356253e-05 0.000336088735 0.0
4.07028347e-05 0.000343239575 0.0
4.63924953e-05 0.000352675794 0.0
4.91977116e-05 0.000363642408 0.0
4.89894155e-05 0.000375261385 0.0
4.5757668e-05 0.000386606349 0.0
4.00907993e-05 0.000397203054 0.0
3.24711145e-05 0.000406632316 0.0
2.2905544e-05 0.000414753071 0.0
-3.88789958e-05 0.000764258613 0.0
-3.92358925e-05 0.000767895894 0.0
-3.98698721e-05 0.00077072694 0.0
-4.06043e-05 0.000772862462 0.0
-4.17274605e-05 0.000774344371 0.0
-4.30728142e-05 0.000775311026 0.0
-4.44090329e-05 0.000775638211 0.0
-4.60733681e-05 0.000775232853 0.0
-4.84796401e-05 0.000774252345 0.0
-5.10415593e-05 0.000772979169 0.0
-5.22986011e-05 0.000767288031 0.0
-5.21706206e-05 0.000762611511 0.0
-5.10712416e-05 0.000759175222 0.0
-5.07117293e-05 0.000756782189 0.0
-5.0007995e-05 0.00075471733 0.0
-4.88359474e-05 0.000753207307 0.0
-4.71469939e-05 0.000752260385 0.0
-4.48700121e-05 0.000752220105 0.0
-4.24372301e-05 0.00075343647 0.0
-4.06121035e-05 0.000755723857 0.0
-1.00796942e-05 0.000956598611 0.0
-1.61492371e-05 0.000957567419 0.0
-2.16345343e-05 0.000956408912 0.0
-2.68512758e-05 0.000953620882 0.0
-3.13824639e-05 0.000949212059 0.0
-3.35711557e-05 0.000944354804 0.0
-3.44684995e-05 0.000938937301 0.0
-3.3610675e-05 0.000933353556 0.0
-3.12815573e-05 0.00092776469 0.0
-2.73432433e-05 0.000922942068 0.0
-2.25593467e-05 0.000918482721 0.0
-1.1917653e-05 0.000909804541 0.0
-5.78967592e-06 0.000908679969 0.0
-1.46852778e-06 0.000909769384 0.0
2.11907263e-06 0.000912645017 0.0
4.97421979e-06 0.00091642607 0.0
6.90803563e-06 0.00092105777 0.0
7.40706673e-06 0.000926392502 0.0
6.78757806e-06 0.000932082941 0.0
4.96872099e-06 0.000937472796 0.0
2.80743234e-06 0.000942816841 0.0
-2.11884739e-07 0.00094800035 0.0
-7.24438214e-05 0.000818274566 0.0
-7.19058444e-05 0.000822947535 0.0
-7.24006895e-05 0.00082709844 0.0
-7.29150561e-05 0.00083057856 0.0
-7.30654501e-05 0.000833457394 0.0
-7.36515867e-05 0.000836078194 0.0
-7.4585485e-05 0.000838249922 0.0
-7.61442716e-05 0.000839720713 0.0
-7.83935247e-05 0.000840237073 0.0
-8.09851263e-05 0.000839655113 0.0
-8.35467654e-05 0.000837606261 0.0
-8.70643125e-05 0.000830675534 0.0
-8.80043663e-05 0.00082778174 0.0
-8.87169153e-05 0.000823967508 0.0
-8.86890921e-05 0.000819714565 0.0
-8.83389439e-05 0.000816512445 0.0
-8.7468783e-05 0.000813846127 0.0
-8.60202854e-05 0.000811854145 0.0
-8.40296416e-05 0.000810655649 0.0
-8.15928943e-05 0.00081047439 0.0
-7.82506177e-05 0.000811126723 0.0
-7.49978935e-05 0.000812375802 0.0
5.23218951e-05 0.000654486183 0.0
4.59189432e-05 0.000656023796 0.0
4.07240441e-05 0.000655025709 0.0
3.6389938e-05 0.000652386516 0.0
3.2839318e-05 0.000648636371 0.0
3.0203184e-05 0.00064392545 0.0
2.86464528e-05 0.000638374651 0.0
2.83753361e-05 0.000632525305 0.0
2.90963708e-05 0.000626419205 0.0
3.08099225e-05 0.000620393024 0.0
3.42348103e-05 0.000614835415 0.0
3.86845022e-05 0.0006097476 0.0
5.18418565e-05 0.000602158252 0.0
5.86958668e-05 0.000601884851 0.0
6.51390292e-05 0.000602745218 0.0
7.0311733e-05 0.000605053559 0.0
7.45476718e-05 0.000608738046 0.0
7.69896797e-05 0.000613736862 0.0
7.8020239e-05 0.000619328115 0.0
7.75433145e-05 0.000625192537 0.0
7.54545908e-05 0.000631068251 0.0
7.1906099e-05 0.000636459095 0.0
6.78320939e-05 0.00064155116 0.0
6.34152166e-05 0.000646130415 0.0
-0.000337234145 0.00159061549 0.0
-0.000312281511 0.00152338634 0.0
-0.000137725307 0.000978701282 0.0
-0.000134653324 0.000935910968 0.0
-0.000138168572 0.00088971277 0.0
-0.000134795206 0.000847665302 0.0
-0.000136380375 0.00081681821 0.0
-0.000135085895 0.00077195093 0.0
-0.000100954683 0.000705752173 0.0
-5.46082229e-05 0.000611551979 0.0
-3.05316207e-05 0.000516378903 0.0
-3.04834957e-05 0.000417990086 0.0
-9.1884948e-07 0.000243443137 0.0
9.34308719e-06 0.000194905529 0.0
1.4203637e-05 0.000133740134 0.0
5.45273906e-06 6.69413421e-05 0.0
2.48437573e-05 -1.38908299e-05 0.0
0.000100856945 8.80994321e-06 0.0
0.000114290669 -1.39681024e-05 0.0
0.000128232772 -3.52664865e-05 0.0
0.000149010681 -2.89879372e-05 0.0
0.000164131765 -4.89766608e-05 0.0
0.000172824832 -8.13144507e-05 0.0
0.000174190704 -0.000107308646 0.0
0.000171674343 -0.000112060145 0.0
0.000171358726 -9.09587397e-05 0.0
0.00017890762 -5.67363531e-05 0.0
0.000194791908 -1.80560419e-05 0.0
0.000210594764 1.63307104e-05 0.0
0.00022093374 4.9337923e-05 0.0
0.000207469944 8.07334582e-05 0.0
0.000180035102 6.15557656e-05 0.0
0.00013863614 4.71967105e-05 0.0
0.000121826473 1.98988255e-05 0.0
0.0001359616 6.26351175e-06 0.0
0.000163066536 6.69413421e-05 0.0
0.000171817432 0.000133740134 0.0
0.000166956888 0.000194905529 0.0
0.00015669495 0.000243443137 0.0
0.000127130304 0.000417990086 0.0
0.000127082181 0.000516378903 0.0
0.000103005579 0.000611551979 0.0
5.66591189e-05 0.000705752173 0.0
2.25279127e-05 0.00077195093 0.0
2.12334289e-05 0.00081681821 0.0
2.28185927e-05 0.000847665302 0.0
1.94452296e-05 0.00088971277 0.0
2.29604793e-05 0.000935910968 0.0
1.98884882e-05 0.000978701282 0.0
-0.000154667723 0.00152338634 0.0
-0.000179620358 0.00159061549 0.0
-0.0002135346 0.00166246644 0.0
-0.00022766972 0.0016761017 0.0
-0.00021086006 0.00170339958 0.0
-0.000169461098 0.00171775871 0.0
-0.000142026256 0.00173693639 0.0
-0.00012856246 0.00170554081 0.0
-0.000138901436 0.00167253357 0.0
-0.000154704292 0.00163814682 0.0
-0.000170588581 0.00159946654 0.0
-0.000178137474 0.00156524417 0.0
-0.000177821858 0.00154414272 0.0
-0.000175305497 0.00154889422 0.0
-0.000176671369 0.00157488848 0.0
-0.000185364435 0.00160722621 0.0
-0.00020048552 0.00162721495 0.0
-0.000221263428 0.00162093644 0.0
-0.000235205531 0.00164223474 0.0
-0.000248639262 0.00166501279 0.0
-0.000324652443 0.00164231204 0.0
-0.0001359866 0.00115191948 0.0
8.03125367e-05 0.000244623225 0.0
-0.00014355754 0.00131825136 0.0
8.62879024e-05 0.000189387196 0.0
-0.000152069188 0.0010533504 0.0
-9.89054388e-05 0.000991526758 0.0
-0.000160247364 0.00132354361 0.0
6.91540117e-05 0.000206776996 0.0
-1.41828314e-05 0.00101472216 0.0
8.77952698e-05 0.000409891654 0.0
-1.62762917e-05 0.000845637638 0.0
-0.000111022433 0.00102593459 0.0
9.05275083e-05 0.000471058622 0.0
-6.4330452e-05 0.000604371191 0.0
7.7556826e-05 0.000662938925 0.0
0.000115136689 8.95320845e-05 0.0
-0.000111476584 0.00118635804 0.0
5.65747869e-05 0.000224317511 0.0
-7.82965508e-05 0.000632488867 0.0
-0.00023604033 0.00136778946 0.0
-4.55071713e-05 0.000671403133 0.0
-9.69383982e-05 0.000950096117 0.0
-0.000153376779 0.00119351083 0.0
8.5902233e-05 0.000291746284 0.0
-4.14981769e-05 0.00113273715 0.0
6.22042862e-05 0.000336599333 0.0
0.00011675751 8.45548348e-05 0.0
-9.1837268e-05 0.0012733168 0.0
-0.000239387475 0.00133948936 0.0
9.57628072e-05 9.66875159e-05 0.0
-7.32279004e-05 0.000605103443 0.0
-8.21541325e-05 0.000502360752 0.0
-0.000188813501 0.00142932893 0.0
6.7732115e-05 0.000284692855 0.0
-6.81995443e-05 0.000937380653 0.0
-5.42196794e-05 0.000666575856 0.0
-8.63519454e-05 0.000573043711 0.0
-0.000183344571 0.00139904628 0.0
-0.00010785769 0.00108272408 0.0
-0.000177540409 0.00105259393 0.0
-2.84880898e-05 0.000896883546 0.0
-0.000104983621 0.000943160965 0.0
-0.000141694734 0.0012578516 0.0
0.000100699253 0.000111559042 0.0
-0.000131843975 0.0010592941 0.0
0.000113456728 0.000404953083 0.0
5.98137412e-05 0.000178325048 0.0
2.14193678e-05 0.000775773136 0.0
7.05166531e-05 0.000307306065 0.0
-0.00014824688 0.000980644021 0.0
-0.000180402683 0.0014035271 0.0
-0.000128343338 0.00112555409 0.0
0.00012692 3.67825887e-05 0.0
9.20776438e-06 0.0007424418 0.0
7.7049328e-05 0.000500842056 0.0
5.17126027e-05 0.000115632705 0.0
-2.52469436e-05 0.000604622532 0.0
-0.000113760776 0.000923032116 0.0
0.00014382512 7.09813539e-05 0.0
0.000103392362 0.000552175508 0.0
5.95949896e-05 0.000326860754 0.0
0.0001226647 6.57075143e-05 0.0
-8.1259197e-05 0.00065965933 0.0
-4.83098411e-05 0.000520964793 0.0
8.96568163e-05 0.000589109317 0.0
8.32244914e-05 0.000211408696 0.0
6.35409669e-05 0.000367231871 0.0
7.23560806e-05 0.000122743149 0.0
-0.000123589256 0.00154697662 0.0
3.12038392e-05 0.000763499236 0.0
8.09443591e-05 0.000146871113 0.0
-0.000169219769 0.00115954387 0.0
8.66389746e-05 0.000369003246 0.0
9.22001273e-05 0.0001953225 0.0
-7.45389334e-05 0.00104448444 0.0
6.2399522e-05 0.000454132765 0.0
6.19892817e-05 0.000424743252 0.0
-0.000146163773 0.00136718736 0.0
-0.000243189279 0.00125854684 0.0
-0.000156877766 0.00130369607 0.0
-3.41317173e-05 0.000938011857 0.0
-0.000120790537 0.0010861773 0.0
-2.66428033e-05 0.000554545317 0.0
-6.04775096e-07 0.000812569342 0.0
6.40429498e-05 0.000126940256 0.0
-0.000154838053 0.0013117668 0.0
-7.57025991e-05 0.000901546213 0.0
-0.000230542835 0.00144411426 0.0
-5.80197848e-05 0.00116042246 0.0
-5.2559808e-05 0.00121614058 0.0
8.33749364e-05 8.05937452e-05 0.0
-4.91476021e-05 0.000920533203 0.0
1.027495e-05 0.000203391275 0.0
-9.06924106e-05 0.00100815156 0.0
-8.01894348e-05 0.000735587615 0.0
-3.72315335e-05 0.000892189215 0.0
-5.59605978e-05 0.000854009762 0.0
-0.000147687635 0.00122232176 0.0
7.55849178e-05 0.000316799502 0.0
-8.96255879e-05 0.00118642894 0.0
-7.06828941e-05 0.000546017603 0.0
6.91533642e-05 0.000332023774 0.0
-2.5294421e-05 0.000984837767 0.0
-7.12938636e-05 0.000679491786 0.0
-0.000252596656 0.00131847395 0.0
-5.9654154e-05 0.00104570552 0.0
-2.98690065e-05 0.00057081948 0.0
0.000103363302 0.000483055395 0.0
-7.02566758e-05 0.00127903372 0.0
0.000131570196 0.00027026399 0.0
8.92761309e-05 0.000188857404 0.0
-0.000256668543 0.00148144248 0.0
-0.000217784022 0.00138656294 0.0
-0.000223666226 0.00141966401 0.0
-0.000250748359 0.00128692877 0.0
-0.000183747994 0.00155840558 0.0
-6.59035431e-05 0.000552416663 0.0
-0.000115230803 0.00126197783 0.0
-6.03501303e-06 0.0010160174 0.0
-4.13455637e-05 0.00106193637 0.0
-0.000139293377 0.00105067913 0.0
-0.000107464781 0.000512890634 0.0
-7.12771944e-05 0.000722409692 0.0
-0.000144249469 0.00112339749 0.0
0.000102182486 0.00043190681 0.0
-1.50612959e-05 0.000809323101 0.0
-1.66293212e-05 0.000641606515 0.0
-0.000203023286 0.00145187578 0.0
-0.000198918075 0.00147473265 0.0
-1.24230501e-05 0.00100928242 0.0
-4.74054723e-05 0.000661274302 0.0
-0.000128647225 0.00119008368 0.0
-0.000129332155 0.000959231867 0.0
7.61892952e-05 0.000657701981 0.0
-7.3439398e-05 0.000689981563 0.0
-0.000112855283 0.00100490486 0.0
-9.7211916e-05 0.00113344414 0.0
-9.7361728e-05 0.000663260638 0.0
8.22334696e-05 0.000661519589 0.0
-0.000194487744 0.00143702189 0.0
0.000144567282 1.33808153e-05 0.0
9.83622085e-05 0.000307555514 0.0
-3.37396887e-05 0.000973568065 0.0
-6.43694148e-05 0.000520924164 0.0
0.000103333718 0.000125992898 0.0
4.80666567e-05 0.000292487122 0.0
-3.75351192e-05 0.000404980325 0.0
0.000125035542 0.000417974545 0.0
0.000111290763 0.000145007667 0.0
7.93995423e-05 0.000195766464 0.0
0.000134943184 0.000269872806 0.0
0.000129591208 3.33794305e-05 0.0
8.60261425e-05 0.000346999062 0.0
5.72571025e-06 0.000817524095 0.0
6.08828777e-05 0.000114187198 0.0
2.80799054e-06 0.000707269821 0.0
-0.000107936597 0.000600230473 0.0
-0.000105229708 0.00112315174 0.0
5.1757841e-05 0.000170780724 0.0
-6.49778303e-05 0.000494177279 0.0
-0.000244885159 0.00161630497 0.0
-0.000183437529 0.00104576931 0.0
-8.59722932e-05 0.000962379039 0.0
-0.000123320191 0.000994588481 0.0
0.000149157408 0.000133448964 0.0
-6.45622276e-05 0.00087074982 0.0
-0.0001086009 0.00159842765 0.0
-0.000163005054 0.000972800015 0.0
-0.000165976875 0.00151551771 0.0
-0.000122087746 0.00129595469 0.0
-6.83020189e-05 0.000513358798 0.0
-1.98898615e-05 0.000460917538 0.0
-7.73162683e-05 0.00123744062 0.0
-0.0002449108 0.00147692417 0.0
-0.000167412785 0.00126129959 0.0
5.03239171e-05 0.000418217562 0.0
-0.000118369011 0.00112866238 0.0
6.61422309e-05 0.000372279639 0.0
-0.000158755429 0.00132454175 0.0
0.000101390215 7.22495097e-05 0.0
-0.000156797687 0.00116816559 0.0
-0.0002838113 0.00151932205 0.0
-6.43214444e-05 0.000874581106 0.0
3.32261479e-05 5.17869521e-05 0.0
-0.000211643899 0.00145480561 0.0
3.4978224e-05 0.000193597021 0.0
-0.000315318874 0.00157642353 0.0
-4.53512075e-05 0.00124136452 0.0
-0.000144228296 0.00155240251 0.0
-0.000225459764 0.0012179825 0.0
0.000140773234 -1.37754239e-06 0.0
-0.000228551406 0.00145882228 0.0
7.80684786e-05 0.000547310279 0.0
-0.000110086607 0.000974853989 0.0
1.14598324e-05 0.000822837406 0.0
-0.000118942269 0.00135538017 0.0
-3.60993799e-05 0.00113888085 0.0
1.77323509e-05 0.000745141529 0.0
-0.000241863716 0.00139041967 0.0
-0.00013336548 0.000912444724 0.0
-0.000160097261 0.00112411368 0.0
7.19334421e-05 0.000261484936 0.0
0.000174067958 6.53417155e-05 0.0
-5.18069137e-05 0.000640635088 0.0
0.000100267804 0.00013934281 0.0
-0.000174445464 0.00138496619 0.0
-0.000251231773 0.00125363935 0.0
-1.6016169e-05 0.000640585378 0.0
-5.55100414e-05 0.00105942879 0.0
0.000104124498 3.14498211e-05 0.0
-0.000186875375 0.00152701547 0.0
0.000142400793 1.01857722e-05 0.0
-5.27811571e-05 0.000836679246 0.0
6.27046102e-05 0.000541876187 0.0
-0.00022444941 0.00145237974 0.0
-3.09009301e-05 0.000883760047 0.0
-0.000129369713 0.00125184411 0.0
7.55352085e-05 0.00016008853 0.0
9.97046664e-05 0.000120868201 0.0
7.32013432e-05 0.000277535903 0.0
6.54931355e-05 0.000222180999 0.0
-2.95171685e-05 0.00056941295 0.0
-0.000176353089 0.00117060181 0.0
-0.00025642509 0.00126645924 0.0
-0.000130496046 0.00148112187 0.0
6.16693069e-05 0.000483427546 0.0
9.8138953e-05 0.000395653653 0.0
3.51207746e-05 0.000170176325 0.0
-0.000102999009 0.000527299882 0.0
-0.00017792666 0.00154832366 0.0
-0.000234304345 0.00131421164 0.0
-7.67867677e-05 0.00118841825 0.0
-7.07432991e-05 0.00100254407 0.0
9.97959214e-05 0.000318272068 0.0
-8.72956844e-06 0.000664477644 0.0
-0.000166964906 0.00135210913 0.0
7.13551417e-05 0.000259691646 0.0
-0.00019719085 0.00149961456 0.0
-7.93119034e-05 0.0007039099 0.0
6.68004141e-05 0.000102817728 0.0
-7.60772964e-05 0.000884101144 0.0
-2.22279905e-05 0.000609486538 0.0
8.79425861e-05 0.000245196366 0.0
-0.00026713885 0.00150490669 0.0
0.000115295443 2.58336386e-05 0.0
-1.56434871e-05 0.000634929573 0.0
-0.000256126543 0.00154109439 0.0
0.000104617997 0.000116384057 0.0
-0.000128697706 0.00131812214 0.0
8.37245752e-05 4.357531e-05 0.0
-0.000161839605 0.00129424024 0.0
5.88387375e-05 0.000391815614 0.0
8.12849685e-05 0.000257198175 0.0
5.83168767e-05 0.000474709494 0.0
-0.000244646857 0.0014588919 0.0
-8.64739341e-05 0.000727221544 0.0
-0.000167448743 0.00141366629 0.0
-3.6132391e-05 0.00098078372 0.0
4.62946227e-05 0.000133969486 0.0
-0.000109658075 0.000866223359 0.0
-0.000167434235 0.00152067444 0.0
-4.10273606e-06 0.000334398443 0.0
0.000147676517 -2.65919771e-05 0.0
-6.52374292e-05 0.00119558978 0.0
-3.80298661e-05 0.000976037409 0.0
8.78133869e-06 0.000788471953 0.0
-0.000208109079 0.00148072024 0.0
6.48673376e-05 0.000301678228 0.0
-6.52116505e-05 0.000426802319 0.0
-1.54790505e-05 0.00045501336 0.0
-0.000220793256 0.00142536825 0.0
-0.000192662032 0.00151333108 0.0
0.000118305165 0.000491368934 0.0
-0.0001284912 0.00108387624 0.0
-5.65805894e-05 0.000644192391 0.0
-0.000161798322 0.00151375541 0.0
-0.000254066923 0.00156740227 0.0
-5.29978788e-05 0.00085292873 0.0
-0.000153109344 0.00127254438 0.0
-8.50480956e-06 0.000699126918 0.0
7.28177183e-05 0.00038337626 0.0
-1.27909352e-05 0.000334852462 0.0
-0.000216986999 0.00141743303 0.0
0.000106686384 0.000359320635 0.0
-9.28501613e-05 0.00105518475 0.0
-0.000157216011 0.00103185175 0.0
-0.000257876934 0.00129712012 0.0
-5.75475169e-05 0.000503679039 0.0
-3.97954936e-05 0.000653770636 0.0
4.67356585e-06 0.000440756354 0.0
-3.94357703e-05 0.000998250558 0.0
-5.86423703e-05 0.00103002903 0.0
4.90932543e-05 0.000407093263 0.0
0.000131032808 9.41984472e-05 0.0
1.20012874e-05 0.000225419251 0.0
-8.49191638e-05 0.00094378728 0.0
8.61498665e-06 0.000161240867 0.0
1.32806317e-05 0.000794625608 0.0
-4.35309739e-05 0.000960916514 0.0
-0.000205658274 0.00146766333 0.0
4.31615554e-05 0.000741559255 0.0
0.000122764221 0.000269222248 0.0
-0.000171588064 0.00155434676 0.0
3.36654848e-05 0.000739117211 0.0
-0.000228656005 0.00141034054 0.0
3.92233551e-06 0.000847719552 0.0
5.45664916e-05 0.000217466702 0.0
-2.23413008e-05 0.000595348014 0.0
7.00781675e-05 0.000246534444 0.0
-7.45182333e-05 0.00127318245 0.0
-0.000145405211 0.00137955102 0.0
-0.000115662369 0.00157702761 0.0
-5.40448273e-05 0.000626057386 0.0
-2.81269622e-05 0.00082372874 0.0
7.65761069e-05 4.33403511e-05 0.0
7.77239766e-05 0.000183342185 0.0
7.16779505e-06 0.000602828339 0.0
-0.000164071331 0.00134735263 0.0
8.47922129e-05 9.74871582e-05 0.0
-5.12017978e-05 0.000697750656 0.0
-0.000126436484 0.00097848149 0.0
9.29786911e-05 0.000530315505 0.0
8.0478545e-05 0.000186254023 0.0
9.47971967e-06 0.000869099575 0.0
-8.71855955e-05 0.000920543156 0.0
-0.000179911396 0.00118618773 0.0
-0.000110224035 0.00104808982 0.0
0.000105628809 0.000582291745 0.0
-7.90762933e-05 0.00050272455 0.0
-0.000204910801 0.00158385152 0.0
-0.000158509909 0.00105333095 0.0
-0.000143693862 0.00106912444 0.0
-0.000162287717 0.00134544808 0.0
0.00015045816 0.000169933497 0.0
-0.000156276685 0.00104653998 0.0
-8.82024906e-05 0.000777075591 0.0
6.05219975e-06 0.000313150405 0.0
-0.000200566676 0.00119775499 0.0
-0.000104888401 0.000652926101 0.0
-0.000158138326 0.00137067179 0.0
-0.000114914204 0.000598604849 0.0
-0.000205326214 0.00146650709 0.0
0.000174921224 0.000156459355 0.0
-0.000146237318 0.000969088112 0.0
-0.000164839235 0.0015381024 0.0
-3.4853103e-05 0.00104192644 0.0
-0.000113692862 0.000918561709 0.0
-0.000174070112 0.00137284573 0.0
1.92415446e-05 0.000450390187 0.0
-0.000150223103 0.00127462554 0.0
-8.18536937e-05 0.000599498977 0.0
7.33730922e-05 0.00037413917 0.0
8.81595988e-05 0.000192196909 0.0
0.000146932827 0.00014092926 0.0
0.000110760157 0.000499145361 0.0
-0.000224824384 0.00146346691 0.0
-1.29590026e-05 0.000334349228 0.0
-0.000161632692 0.00150251191 0.0
-0.00013992496 0.0012080844 0.0
-2.216553e-05 0.000887739705 0.0
7.71480554e-05 6.97342548e-05 0.0
-5.02437579e-05 0.00102178298 0.0
-0.000163617791 0.00151195854 0.0
-6.1456296e-05 0.00108298752 0.0
-7.70897095e-05 0.00073353335 0.0
2.06220193e-05 0.000690151763 0.0
1.16266765e-05 0.000275720173 0.0
0.000126612256 4.40229305e-05 0.0
9.84237558e-05 -7.06490255e-06 0.0
8.26707619e-05 0.000616950856 0.0
-0.000126772138 0.00113418617 0.0
5.11356047e-05 0.000354397373 0.0
3.66844724e-05 0.00043228225 0.0
9.3569477e-05 0.000601349631 0.0
-0.000163270495 0.00131140137 0.0
6.94687769e-05 0.000271916535 0.0
7.38512099e-05 0.000550492841 0.0
-0.000100137069 0.000890572905 0.0
-9.35778553e-06 0.000763096614 0.0
-7.78436515e-05 0.000607328897 0.0
0.000121254205 1.81108862e-05 0.0
-0.000142973469 0.00110399188 0.0
-0.000146680512 0.00129847613 0.0
-4.45649421e-05 0.000428824918 0.0
5.17086955e-05 0.000197692847 0.0
-9.19827653e-05 0.000734101923 0.0
-0.00013277751 0.00160407752 0.0
-0.000134934264 0.00144432625 0.0
-2.26784796e-05 0.000456459675 0.0
8.45520844e-05 0.000228129647 0.0
4.18876662e-05 0.000271845522 0.0
-7.8452349e-06 0.00102088216 0.0
-0.000143695579 0.00140956079 0.0
-2.44023613e-05 0.000356626522 0.0
-0.000170869505 0.00109402172 0.0
-0.000140841774 0.00118621741 0.0
4.34339245e-06 0.000854680955 0.0
5.4733624e-05 4.55003174e-05 0.0
9.31706236e-05 0.000609741255 0.0
6.91719324e-05 0.000130179484 0.0
-0.000121456069 0.0010118502 0.0
-6.05628411e-05 0.00127670786 0.0
5.10290774e-05 0.000409394241 0.0
9.81622215e-05 0.000353034906 0.0
0.000102841441 0.000493250147 0.0
-8.98454891e-05 0.000899141247 0.0
3.96799333e-05 0.000190197126 0.0
0.000167140039 1.24143971e-05 0.0
-8.4551597e-05 0.00112508773 0.0
-0.000135660783 0.000998622156 0.0
0.000177952475 0.000102129401 0.0
-7.54296634e-05 0.000761571515 0.0
7.85676675e-05 0.000450111635 0.0
-7.43942146e-05 0.000608626113 0.0
0.000179236435 0.000132081797 0.0
6.46302287e-05 0.00036360824 0.0
-0.000264206668 0.00144606188 0.0
-9.45692736e-05 0.00127180002 0.0
-9.09804075e-05 0.00108200335 0.0
-4.15041832e-05 0.00086376199 0.0
-8.57523773e-05 0.000744704623 0.0
3.18275524e-05 0.000111882669 0.0
-2.98186933e-05 0.000529913348 0.0
5.42868293e-05 0.000479157694 0.0
0.000113657981 4.58585309e-05 0.0
-0.000142745514 0.000930128212 0.0
-7.4691372e-05 0.000621128245 0.0
-0.000103277489 0.00121781242 0.0
-0.000183144279 0.00144847459 0.0
-0.00024166597 0.00143106922 0.0
-5.52857236e-05 0.000473772263 0.0
-4.80745912e-05 0.000563437003 0.0
0.000147552288 -7.22420737e-07 0.0
6.03138724e-05 0.000521181501 0.0
-0.000245305127 0.00120674376 0.0
1.40649545e-05 0.00092454016 0.0
2.53071516e-06 0.000787041907 0.0
-5.6536137e-05 0.000804883137 0.0
0.000100160134 0.00020507352 0.0
-0.000116289993 0.0010774557 0.0
-8.31559082e-05 0.00108687812 0.0
6.53510433e-05 7.01831596e-05 0.0
0.000149655811 -3.56377022e-05 0.0
0.000139264142 0.000128910804 0.0
-1.71268748e-05 0.000844424241 0.0
-0.000129606109 0.000805379183 0.0
-0.000127054664 0.00122896733 0.0
-0.000252655271 0.00121092552 0.0
-2.70433138e-05 0.000497673231 0.0
-0.000112074449 0.00102830399 0.0
2.46143873e-06 0.000817400927 0.0
-5.993374e-05 0.000491061655 0.0
7.01676254e-05 0.000547050498 0.0
-5.76699385e-05 0.000987631269 0.0
-7.48493694e-05 0.000961562677 0.0
7.345224e-05 0.000388290122 0.0
5.98502265e-05 0.000332624128 0.0
-0.000143358877 0.00090726692 0.0
0.000144792823 5.85452799e-05 0.0
-0.000124030674 0.000822094735 0.0
-4.46585836e-05 0.000997350435 0.0
-0.000242259004 0.00143412501 0.0
-0.000325087516 0.00161096931 0.0
0.000116580224 0.000405102153 0.0
2.32481489e-05 0.000718673051 0.0
0.000120504905 6.27087793e-05 0.0
-0.000236457461 0.00135629054 0.0
-3.88924927e-05 0.000470098195 0.0
-0.000105101943 0.000981881516 0.0
-0.000250325102 0.00138044788 0.0
-0.000121376717 0.000973200658 0.0
0.000157479575 0.000183559867 0.0
-4.05988721e-05 0.00118423661 0.0
-4.9158265e-05 0.000460823474 0.0
5.7553174e-05 0.00034520097 0.0
6.12908043e-05 0.000224932897 0.0
-0.000200641807 0.00158848439 0.0
-9.62670747e-05 0.000963324681 0.0
-3.65958767e-05 0.000641003076 0.0
0.000122094745 9.27395886e-05 0.0
0.000126847473 0.000266216666 0.0
-0.000131313762 0.000798015797 0.0
0.000105388295 0.000309466239 0.0
-0.000152051376 0.00140057132 0.0
9.86357336e-05 0.000147483501 0.0
-2.60510078e-05 0.00090092927 0.0
5.08293451e-05 0.000573281723 0.0
-6.29561109e-05 0.000662222854 0.0
-2.66333664e-05 0.00101277069 0.0
7.95820815e-05 0.000419363147 0.0
-8.94560362e-05 0.00112002448 0.0
-0.000137487616 0.00128740026 0.0
-8.1865328e-05 0.000740699295 0.0
-0.000298912957 0.00153456663 0.0
-5.80474843e-05 0.000840132532 0.0
5.75696213e-05 0.000264188653 0.0
-0.000175920621 0.00138761348 0.0
-0.000166570055 0.00123232882 0.0
8.99173756e-05 0.000183951779 0.0
-0.000119345124 0.000877188228 0.0
5.96817154e-05 0.000417342904 0.0
6.30216673e-05 0.000364190462 0.0
-0.00015925472 0.00153170899 0.0
-5.3859294e-05 0.00111452676 0.0
-8.80701336e-05 0.00124022772 0.0
6.37084886e-05 0.00070859812 0.0
-0.000240340407 0.00150033133 0.0
-0.000155298316 0.00113405683 0.0
-0.000135943163 0.00150791544 0.0
-6.58127465e-05 0.00110658177 0.0
5.25747782e-05 0.000710659369 0.0
-9.22932159e-05 0.0010472642 0.0
-0.000121451907 0.00150767108 0.0
-0.000197085785 0.00162071444 0.0
-6.63391038e-05 0.000783026509 0.0
-0.000248907629 0.00160867278 0.0
7.08484658e-05 0.000277360057 0.0
-5.32796876e-05 0.00115575944 0.0
5.4884058e-05 0.000144076301 0.0
-8.64018075e-05 0.000679021003 0.0
-7.39581083e-05 0.00130306568 0.0
-0.000159084855 0.00125200325 0.0
7.58698807e-05 0.000470839557 0.0
0.000108699845 3.23580753e-05 0.0
-0.000259694993 0.00144557108 0.0
5.01894392e-05 0.00071425247 0.0
-3.41553459e-05 0.000564557558 0.0
-0.000180541203 0.00115350122 0.0
0.000191205545 0.000120887365 0.0
-0.00022658988 0.00126343244 0.0
-0.000233564497 0.00148066808 0.0
-0.000143939193 0.00117438484 0.0
-2.00014051e-06 0.000668107416 0.0
-3.62011669e-05 0.00100497017 0.0
0.000119725213 7.66333033e-05 0.0
1.50637024e-05 2.63443453e-05 0.0
-0.000109005814 0.00113342772 0.0
-0.000135390306 0.00135274965 0.0
8.80442458e-05 0.000322648528 0.0
-0.00018756307 0.00138754374 0.0
-9.55463329e-05 0.000709124783 0.0
9.7701959e-05 0.000150463675 0.0
-5.62873029e-05 0.000473252789 0.0
3.15200923e-05 0.000734340341 0.0
0.000101436817 0.0001286638 0.0
-0.000126522747 0.00134122593 0.0
-6.3668369e-05 0.00055977219 0.0
-0.000244159542 0.00147741148 0.0
-9.0324349e-05 0.000938235957 0.0
-0.000225718613 0.00142291468 0.0
-5.82084685e-05 0.000802387542 0.0
7.28562809e-05 5.10767168e-05 0.0
-7.00416931e-05 0.000784116739 0.0
-0.000224337055 0.00148218812 0.0
8.50508732e-05 0.000200169889 0.0
-0.000103210979 0.000836084015 0.0
-0.000162918688 0.00119601085 0.0
-7.35341018e-05 0.000655429554 0.0
4.30278997e-05 -5.64926358e-06 0.0
9.96918607e-05 0.00010000066 0.0
