-8.42117806e-05 0.00139254413 0.0
-9.68581517e-05 0.00135043613 0.0
-0.000324978231 0.0013664352 0.0
-0.000208797021 0.00134530163 0.0
-0.000256786618 0.00144590659 0.0
-9.46192358e-06 0.00134530163 0.0
-0.000125643142 0.0013664352 0.0
-0.000358453603 0.00204001367 0.0
-0.000371092756 0.00199251273 0.0
-0.000327383663 0.00199790299 0.0
7.09171436e-05 -0.000102096907 0.0
8.35562896e-05 -5.45957737e-05 0.0
-0.000301478081 0.00195974507 0.0
-0.000307654496 0.00195117306 0.0
-0.000294024998 0.0019344833 0.0
0.000134355403 -0.000143436468 0.0
0.000140531818 -0.000134864589 0.0
0.000150657768 0.000363217201 0.0
0.000137402516 0.000292845129 0.0
-0.000145706232 0.00183500408 0.0
-0.000175575726 0.00185265671 0.0
-0.000171330073 0.00180558139 0.0
-0.000374910829 0.00185265671 0.0
-0.000345041335 0.00183500408 0.0
-0.000249390403 0.00168205681 0.0
-0.000263439346 0.0015721434 0.0
-0.000210558661 0.00186873646 0.0
-0.000221972427 0.00188044948 0.0
8.30132285e-06 0.000729172374 0.0
-4.12824647e-06 0.000623323896 0.0
-7.31695545e-05 0.00041042894 0.0
-2.4635885e-05 0.000395125448 0.0
-3.82538929e-05 0.000474000059 0.0
0.00017469922 0.000395125448 0.0
0.000126165542 0.00041042894 0.0
-0.000153469009 0.00103789358 0.0
-0.00016631576 0.00104748877 0.0
-4.54624978e-06 0.000574287202 0.0
-1.7849401e-05 0.000472366606 0.0
-7.09570304e-05 0.00100279017 0.0
-8.5049076e-05 0.00101196882 0.0
-2.08365182e-05 0.00120987266 0.0
-3.61962157e-05 0.00116440945 0.0
-0.000111332338 0.00105802703 0.0
-0.000125047969 0.00107408967 0.0
4.6389323e-05 0.000841726724 0.0
3.12097291e-05 0.000783023948 0.0
-0.000442009914 0.00209460966 0.0
0.0 0.0 0.0
0.000199335103 0.0 0.0
-0.000242674796 0.00209460966 0.0
-9.08795118e-05 0.00139672728 0.0
-9.76504816e-05 0.00139737828 0.0
-0.000103946433 0.00139603298 0.0
-0.000108728702 0.00139267312 0.0
-0.000111956462 0.00138801686 0.0
-0.000113827839 0.0013824678 0.0
-0.000114002345 0.00137647206 0.0
-0.000112600268 0.0013704194 0.0
-0.000109748973 0.00136479433 0.0
-0.000106233027 0.00135947461 0.0
-0.000101926125 0.00135480938 0.0
-9.10013769e-05 0.00134663493 0.0
-8.4258907e-05 0.00134537718 0.0
-7.80474438e-05 0.00134650315 0.0
-7.2968789e-05 0.00134967477 0.0
-6.92984249e-05 0.00135422847 0.0
-6.68405701e-05 0.00135972479 0.0
-6.58948193e-05 0.00136586162 0.0
-6.67007625e-05 0.00137226307 0.0
-6.92938411e-05 0.00137852214 0.0
-7.36555594e-05 0.00138380774 0.0
-7.89922633e-05 0.0013882441 0.0
-0.000201985808 0.00135952979 0.0
-0.000199501184 0.00137541676 0.0
-0.000201407078 0.00139140221 0.0
-0.000207113699 0.00140657381 0.0
-0.000215987486 0.00142008218 0.0
-0.000227494238 0.00143123849 0.0
-0.000241159985 0.00144025602 0.0
-0.000273532554 0.00144783489 0.0
-0.000289607793 0.00144479924 0.0
-0.000304063928 0.00143781677 0.0
-0.000315683807 0.00142692798 0.0
-0.000323744665 0.00141343544 0.0
-0.000328171707 0.00139828597 0.0
-0.000328553346 0.00138224079 0.0
-0.000117807162 0.00135137571 0.0
-0.000106236846 0.0013386152 0.0
-9.23849075e-05 0.00132844818 0.0
-7.76156303e-05 0.00132128922 0.0
-6.15028111e-05 0.00131701492 0.0
-4.53507782e-05 0.00131773762 0.0
-3.13502642e-05 0.00132365467 0.0
-1.91393465e-05 0.00133308058 0.0
-0.000365929503 0.00198730244 0.0
-0.000359087251 0.00198274083 0.0
-0.000350933551 0.0019802954 0.0
-0.00034349598 0.00198042183 0.0
-0.000337259844 0.00198280695 0.0
-0.000332489581 0.00198679417 0.0
-0.000329137692 0.001991831 0.0
-0.0003270671 0.00200441387 0.0
-0.000328492461 0.0020111585 0.0
-0.000331683288 0.00201752922 0.0
-0.000336338766 0.00202282518 0.0
-0.000341199571 0.00202805875 0.0
-0.000346155692 0.00203303131 0.0
-0.000351792783 0.00203704671 0.0
7.64838551e-05 -5.44331815e-05 0.0
7.00017554e-05 -5.66009003e-05 0.0
6.50980801e-05 -6.03857625e-05 0.0
6.14570454e-05 -6.53786701e-05 0.0
5.93131517e-05 -7.14293201e-05 0.0
5.87800569e-05 -7.79823604e-05 0.0
5.99689884e-05 -8.46294715e-05 0.0
6.26813344e-05 -9.10473027e-05 0.0
6.63301762e-05 -9.69209505e-05 0.0
-0.000307392707 0.00194848666 0.0
-0.000306939881 0.00194499432 0.0
-0.000305954425 0.00194117648 0.0
-0.000304921617 0.0019365995 0.0
-0.000302219356 0.00193416281 0.0
-0.000300179614 0.00193324103 0.0
-0.000298104394 0.00193289795 0.0
-0.000295984064 0.00193320366 0.0
-0.000292574638 0.00193638029 0.0
-0.000291754724 0.00193879707 0.0
-0.000291467353 0.00194163364 0.0
-0.000291619595 0.00194481597 0.0
-0.000292045006 0.00194839714 0.0
-0.000293167133 0.0019518442 0.0
-0.000294993602 0.00195556902 0.0
-0.000298202795 0.00195837184 0.0
0.000137837007 -0.000134821195 0.0
0.000135985872 -0.000135612296 0.0
0.000134737042 -0.000136968156 0.0
0.000134100483 -0.000138840478 0.0
0.00013394354 -0.00014099876 0.0
0.000140841992 0.000365204673 0.0
0.000130862842 0.000363735657 0.0
0.000121585006 0.000360847625 0.0
0.000114274451 0.000355030264 0.0
0.000109294553 0.000347514579 0.0
0.000106798296 0.000338547427 0.0
0.00010689388 0.000329208124 0.0
0.000109557703 0.000319865736 0.0
0.000114816256 0.000311366341 0.0
0.000121605291 0.000304275367 0.0
0.000128844957 0.000298291066 0.0
0.00014677977 0.000290144875 0.0
0.000157021263 0.000289616524 0.0
0.000166290265 0.00029309516 0.0
0.000173249311 0.000299089967 0.0
0.000177929775 0.00030697597 0.0
0.000180323477 0.000315902085 0.0
0.00018034516 0.000325250177 0.0
0.000177970156 0.000334589276 0.0
0.0001735806 0.00034330046 0.0
0.000167425766 0.000351065537 0.0
0.000159734642 0.000357570767 0.0
-0.000180841613 0.00185032806 0.0
-0.000184671764 0.00184677576 0.0
-0.000187243742 0.00184207095 0.0
-0.000188220758 0.00183664658 0.0
-0.000187735932 0.00183097378 0.0
-0.000186105957 0.00182533392 0.0
-0.000183505661 0.00181971036 0.0
-0.000179897601 0.00181434187 0.0
-0.000175813053 0.00180969667 0.0
-0.000166207014 0.00180184678 0.0
-0.000160195079 0.00179990369 0.0
-0.000153526969 0.00180024304 0.0
-0.000148092629 0.00180260243 0.0
-0.000144150632 0.00180655555 0.0
-0.000141329612 0.00181151717 0.0
-0.000140024029 0.00181721558 0.0
-0.000140335935 0.00182322937 0.0
-0.000142261604 0.00182931498 0.0
-0.000348576868 0.00183952739 0.0
-0.00035233135 0.00184375432 0.0
-0.0003568338 0.00184796925 0.0
-0.000362818857 0.00185148919 0.0
-0.000369190588 0.00185301318 0.0
-0.000262858783 0.00168475241 0.0
-0.000276620645 0.00168365322 0.0
-0.0002883829 0.00167815411 0.0
-0.000298072147 0.00166984007 0.0
-0.000305648078 0.00165937841 0.0
-0.000310567586 0.00164710579 0.0
-0.000312321878 0.00163358112 0.0
-0.000310597621 0.00161994726 0.0
-0.000305584836 0.00160690618 0.0
-0.000297362218 0.00159546116 0.0
-0.000287662551 0.00158571056 0.0
-0.000276405597 0.00157746975 0.0
-0.0002493012 0.00156971021 0.0
-0.000235094267 0.00157131185 0.0
-0.000222311952 0.00157657813 0.0
-0.00021191423 0.00158536038 0.0
-0.000204527911 0.00159629306 0.0
-0.000200199327 0.00160890748 0.0
-0.000199277172 0.00162236905 0.0
-0.00020187597 0.0016357865 0.0
-0.000207377379 0.00164846366 0.0
-0.000215529348 0.00165966153 0.0
-0.000225599637 0.00166917592 0.0
-0.000236927808 0.00167668529 0.0
-0.000209251622 0.00187313405 0.0
-0.000208973157 0.00187743746 0.0
-0.000209570251 0.00188076205 0.0
-0.000210291852 0.00188319141 0.0
-0.000211369013 0.00188511959 0.0
-0.000212776344 0.00188650959 0.0
-0.000214487896 0.00188726536 0.0
-0.000216430824 0.00188720133 0.0
-0.000218573172 0.00188601215 0.0
-0.000220618356 0.00188351877 0.0
-0.000222547664 0.00187621871 0.0
-0.000221805007 0.00187238201 0.0
-0.000220705391 0.00186947593 0.0
-0.000219680369 0.00186727359 0.0
-0.000219136695 0.0018655156 0.0
-0.000218518981 0.00186423515 0.0
-0.000217639245 0.00186326797 0.0
-0.000216077213 0.00186289928 0.0
-0.00021413264 0.00186390919 0.0
-0.000212190644 0.00186567684 0.0
-5.32150762e-06 0.000730871281 0.0
-1.90271803e-05 0.00072846387 0.0
-3.16213045e-05 0.000722470868 0.0
-4.16475996e-05 0.000712798676 0.0
-4.80109629e-05 0.000700714474 0.0
-5.07123368e-05 0.000687326421 0.0
-4.99802554e-05 0.000673523697 0.0
-4.57266651e-05 0.000660214107 0.0
-3.87157743e-05 0.00064802065 0.0
-2.91457982e-05 0.000637480989 0.0
-1.74666038e-05 0.000628992158 0.0
9.76688352e-06 0.000622274471 0.0
2.33690025e-05 0.000625074375 0.0
3.59492187e-05 0.000631083967 0.0
4.56833623e-05 0.000640476064 0.0
5.23025919e-05 0.000652241812 0.0
5.52759957e-05 0.000665572414 0.0
5.46504343e-05 0.000679403311 0.0
5.04653181e-05 0.000692749396 0.0
4.33073619e-05 0.000704904902 0.0
3.37090896e-05 0.000715089613 0.0
2.21147147e-05 0.000723325706 0.0
-1.54555601e-05 0.000400054356 0.0
-8.48547734e-06 0.000407147978 0.0
-4.06902018e-06 0.000416086114 0.0
-2.4175647e-06 0.000426105922 0.0
-3.37061215e-06 0.000436292466 0.0
-7.01847785e-06 0.000446227728 0.0
-1.26294535e-05 0.000455263507 0.0
-1.98456328e-05 0.000463639881 0.0
-2.85169099e-05 0.000470211904 0.0
-4.87413199e-05 0.000475281675 0.0
-5.90862146e-05 0.000474905682 0.0
-6.83020553e-05 0.000472021638 0.0
-7.63116259e-05 0.000465979043 0.0
-8.1631275e-05 0.000457913236 0.0
-8.45728282e-05 0.000448593608 0.0
-8.51938385e-05 0.00043860561 0.0
-8.33070299e-05 0.000428593543 0.0
-7.91669227e-05 0.000418988522 0.0
0.000133905894 0.000402970501 0.0
0.000143320169 0.000396586023 0.0
0.0001539472 0.000392519607 0.0
0.000164314915 0.00039258867 0.0
-0.000152917462 0.0010414765 0.0
-0.000153134053 0.0010443558 0.0
-0.000154095076 0.00104750553 0.0
-0.000154915047 0.00105021044 0.0
-0.000155961243 0.00105231651 0.0
-0.000157170944 0.00105379382 0.0
-0.000158419192 0.00105461152 0.0
-0.000159768664 0.00105502375 0.0
-0.00016144666 0.00105475646 0.0
-0.000163282486 0.00105359801 0.0
-0.000165007834 0.00105114025 0.0
-0.000166298109 0.0010433417 0.0
-0.000165523903 0.00103935122 0.0
-0.000164339304 0.0010364335 0.0
-0.00016389876 0.00103430008 0.0
-0.000163304634 0.00103245385 0.0
-0.00016247826 0.0010309004 0.0
-0.000161307922 0.00102994626 0.0
-0.000159760384 0.00102969317 0.0
-0.000158086841 0.00103024556 0.0
-0.000156276161 0.00103156432 0.0
-0.000154586713 0.00103412417 0.0
-1.83118209e-05 0.000575866608 0.0
-3.18900202e-05 0.000573340862 0.0
-4.44001962e-05 0.000567747222 0.0
-5.42455236e-05 0.000558906002 0.0
-6.06645008e-05 0.000547475356 0.0
-6.38556521e-05 0.000534635386 0.0
-6.34733588e-05 0.000521166658 0.0
-5.94885569e-05 0.000507833436 0.0
-5.21505062e-05 0.000495832181 0.0
-4.22464145e-05 0.000485406432 0.0
-3.06872716e-05 0.000477011054 0.0
-4.33109699e-06 0.000471323583 0.0
8.88561863e-06 0.000472910353 0.0
2.07230223e-05 0.000477990368 0.0
3.04045643e-05 0.000486870005 0.0
3.68343754e-05 0.000498215144 0.0
3.98036282e-05 0.000511136022 0.0
3.92455113e-05 0.000524606556 0.0
3.52429888e-05 0.000537574524 0.0
2.84866001e-05 0.000549522461 0.0
1.95670527e-05 0.000559846987 0.0
8.62417437e-06 0.0005684715 0.0
-7.09111628e-05 0.00100746145 0.0
-7.17498915e-05 0.0010111403 0.0
-7.2849667e-05 0.00101388909 0.0
-7.38168965e-05 0.00101587153 0.0
-7.50028776e-05 0.00101720414 0.0
-7.64518118e-05 0.00101798389 0.0
-7.79147813e-05 0.00101810298 0.0
-7.97455141e-05 0.00101743371 0.0
-8.21176e-05 0.00101599726 0.0
-8.43354283e-05 0.00101423112 0.0
-8.50231154e-05 0.00100823713 0.0
-8.43550952e-05 0.00100371626 0.0
-8.2695944e-05 0.00100078085 0.0
-8.19816269e-05 0.000998832518 0.0
-8.11076025e-05 0.000997160561 0.0
-7.98960391e-05 0.000995982904 0.0
-7.83078649e-05 0.000995325507 0.0
-7.63925927e-05 0.000995440059 0.0
-7.43368146e-05 0.000996585237 0.0
-7.25300706e-05 0.000998735079 0.0
-2.77262607e-05 0.00121343683 0.0
-3.47073183e-05 0.00121411029 0.0
-4.09791755e-05 0.00121249934 0.0
-4.68266553e-05 0.00120921561 0.0
-5.18609741e-05 0.00120422046 0.0
-5.44459181e-05 0.00119834894 0.0
-5.53812897e-05 0.00119192642 0.0
-5.42898197e-05 0.00118545187 0.0
-5.15150568e-05 0.00117915368 0.0
-4.70548366e-05 0.00117382617 0.0
-4.15699178e-05 0.00116909307 0.0
-2.92700988e-05 0.00116055645 0.0
-2.21222126e-05 0.00115977053 0.0
-1.6905853e-05 0.00116145716 0.0
-1.26425575e-05 0.00116503029 0.0
-9.37872483e-06 0.0011695883 0.0
-7.28567511e-06 0.00117500115 0.0
-6.78387232e-06 0.001181053 0.0
-7.55585324e-06 0.00118735293 0.0
-9.65645449e-06 0.00119321968 0.0
-1.22260981e-05 0.00119909202 0.0
-1.59660322e-05 0.00120470743 0.0
-0.000110748595 0.00106190238 0.0
-0.000110675406 0.00106642488 0.0
-0.000111670037 0.00107012119 0.0
-0.000112456 0.0010731183 0.0
-0.000112889436 0.00107551576 0.0
-0.000113705697 0.00107761764 0.0
-0.000114755254 0.0010792868 0.0
-0.000116309166 0.0010803754 0.0
-0.000118462325 0.00108060299 0.0
-0.000120875098 0.00107987272 0.0
-0.000123326245 0.00107777701 0.0
-0.000126388695 0.0010706787 0.0
-0.000126926418 0.00106780312 0.0
-0.000127076186 0.00106405432 0.0
-0.000126403946 0.00106019422 0.0
-0.000125600622 0.00105753681 0.0
-0.000124470214 0.00105537497 0.0
-0.000122958489 0.00105384807 0.0
-0.000121053585 0.00105301267 0.0
-0.000118721713 0.00105308159 0.0
-0.000115558047 0.00105414237 0.0
-0.000112713591 0.0010558092 0.0
3.86905958e-05 0.000845693925 0.0
3.05276481e-05 0.000846637064 0.0
2.37492113e-05 0.00084466394 0.0
1.81883624e-05 0.00084079121 0.0
1.38074374e-05 0.000835621497 0.0
1.06815478e-05 0.000829425931 0.0
8.99398128e-06 0.000822389324 0.0
9.01785279e-06 0.000815125415 0.0
1.0515836e-05 0.000807737058 0.0
1.33879439e-05 0.000800596841 0.0
1.79999042e-05 0.000794091146 0.0
2.35980042e-05 0.000788295351 0.0
3.97337171e-05 0.00078012544 0.0
4.81633142e-05 0.000780188013 0.0
5.60937006e-05 0.000781908806 0.0
6.24729291e-05 0.000785706798 0.0
6.74416151e-05 0.000790983497 0.0
7.03533515e-05 0.000797615561 0.0
7.15083152e-05 0.000804885174 0.0
7.07884392e-05 0.000812384125 0.0
6.81043603e-05 0.000819688372 0.0
6.37232661e-05 0.000826281612 0.0
5.86011411e-05 0.000832233112 0.0
5.28893397e-05 0.000837341708 0.0
-0.000428697473 0.00201494829 0.0
-0.000403133337 0.00193844782 0.0
-0.000192102627 0.00123881863 0.0
-0.000188920123 0.00119178672 0.0
-0.000190570165 0.00113933661 0.0
-0.000185394587 0.00109078432 0.0
-0.000187436322 0.00105590781 0.0
-0.00018585354 0.00100523885 0.0
-0.000147111321 0.000930346956 0.0
-9.36470315e-05 0.000812156708 0.0
-6.63445244e-05 0.000694962335 0.0
-6.45223918e-05 0.000573694182 0.0
-1.41109003e-05 0.000349609239 0.0
7.70121005e-07 0.000287806237 0.0
1.07967853e-05 0.000199303337 0.0
4.60474757e-06 9.27311848e-05 0.0
2.77181407e-05 -2.29825982e-05 0.0
0.000116093826 -1.70103922e-05 0.0
0.0001326083 -3.97314943e-05 0.0
0.000146134742 -4.79105838e-05 0.0
0.000168516417 -3.2583368e-05 0.0
0.000185057957 -4.39289943e-05 0.0
0.0001943104 -6.66147389e-05 0.0
0.000195673609 -8.52148296e-05 0.0
0.000193978747 -8.69513897e-05 0.0
0.000196170949 -6.38527563e-05 0.0
0.000208416532 -3.24483699e-05 0.0
0.000228467266 3.36517132e-06 0.0
0.000248700177 3.56773962e-05 0.0
0.000263764523 6.92370813e-05 0.0
0.00025137965 0.000104402861 0.0
0.000221887298 8.07241522e-05 0.0
0.000175481182 6.32794472e-05 0.0
0.0001570194 3.01099371e-05 0.0
0.000174454166 1.17706795e-05 0.0
0.000203939853 9.27311848e-05 0.0
0.000210131882 0.000199303337 0.0
0.00020010522 0.000287806237 0.0
0.000185224199 0.000349609239 0.0
0.000134812712 0.000573694182 0.0
0.000132990579 0.000694962335 0.0
0.000105688072 0.000812156708 0.0
5.2223786e-05 0.000930346956 0.0
1.34815564e-05 0.00100523885 0.0
1.189878e-05 0.00105590781 0.0
1.39405138e-05 0.00109078432 0.0
8.76494141e-06 0.00113933661 0.0
1.04149776e-05 0.00119178672 0.0
7.2324724e-06 0.00123881863 0.0
-0.000203798249 0.00193844782 0.0
-0.000229362384 0.00201494829 0.0
-0.000267555733 0.00210638018 0.0
-0.000284990499 0.00212471955 0.0
-0.000266528717 0.00215788907 0.0
-0.000220122616 0.00217533368 0.0
-0.00019063025 0.00219901232 0.0
-0.000178245362 0.00216384674 0.0
-0.000193309737 0.002130287 0.0
-0.000213542633 0.00209797476 0.0
-0.000233593368 0.00206216122 0.0
-0.00024583895 0.00203075679 0.0
-0.000248031167 0.00200765813 0.0
-0.000246336305 0.00200939481 0.0
-0.0002476995 0.00202799472 0.0
-0.000256951957 0.00205068057 0.0
-0.000273493468 0.00206202618 0.0
-0.000295875157 0.00204669894 0.0
-0.000309401599 0.00205487804 0.0
-0.000325916073 0.00207759906 0.0
-0.000414291746 0.00207162695 0.0
-0.000182358403 0.00147102668 0.0
8.29541532e-05 0.000323531334 0.0
-0.000189857645 0.00167328469 0.0
8.80830412e-05 0.000243223869 0.0
-0.000203062475 0.0013509345 0.0
-0.000141478973 0.00128379045 0.0
-0.000212082668 0.00166759978 0.0
6.33171439e-05 0.000275877188 0.0
-2.94181664e-05 0.00128431327 0.0
8.76065606e-05 0.000529491226 0.0
-4.24127356e-05 0.00109207013 0.0
-0.000159150441 0.00130346476 0.0
9.17129655e-05 0.000636217825 0.0
-9.00786472e-05 0.000795245345 0.0
7.5060314e-05 0.000861300912 0.0
0.00013402036 0.000146512291 0.0
-0.00015127084 0.00151043048 0.0
4.68675244e-05 0.000326624257 0.0
-0.000118327465 0.000841852161 0.0
-0.000319321553 0.00174751086 0.0
-7.46588048e-05 0.000884928508 0.0
-0.000141637007 0.00123256817 0.0
-0.000204336553 0.00151915685 0.0
9.10561939e-05 0.000379736273 0.0
-6.78049764e-05 0.00141988869 0.0
5.83470573e-05 0.000435104186 0.0
0.000127325766 0.000128616637 0.0
-0.000130527289 0.00162160292 0.0
-0.000318899896 0.00168006483 0.0
9.83078207e-05 0.000126293598 0.0
-0.000108312553 0.000808263547 0.0
-0.000114567563 0.000654499629 0.0
-0.000248821918 0.00181303511 0.0
6.52407252e-05 0.000356793083 0.0
-0.000105300693 0.00121989276 0.0
-8.25036695e-05 0.000879466475 0.0
-0.000126088838 0.00076406193 0.0
-0.000238580367 0.00175984972 0.0
-0.000148672611 0.00138514524 0.0
-0.000231507511 0.00134615274 0.0
-5.90113013e-05 0.0011481914 0.0
-0.000149577099 0.0012151571 0.0
-0.000187430676 0.00159615325 0.0
0.00011353373 0.000106353058 0.0
-0.000180034578 0.00136154867 0.0
0.000121092373 0.000509946723 0.0
5.3871936e-05 0.000253445702 0.0
9.73791612e-06 0.000997005962 0.0
6.56720731e-05 0.000419239805 0.0
-0.000198422902 0.00125300244 0.0
-0.000239431873 0.00175351789 0.0
-0.000181077557 0.00142216473 0.0
0.000144464764 8.22489528e-05 0.0
-1.36323388e-05 0.000976045791 0.0
7.42430057e-05 0.000650005764 0.0
5.54447652e-05 0.000160703916 0.0
-4.85588498e-05 0.000794186024 0.0
-0.000159145609 0.00117869489 0.0
0.000171854423 0.000125709135 0.0
0.000105779232 0.000735290581 0.0
5.51624689e-05 0.000413864473 0.0
0.000131055218 9.69475805e-05 0.0
-0.000111495698 0.000857730745 0.0
-7.27407969e-05 0.000694100629 0.0
8.7075292e-05 0.000776282919 0.0
8.65980182e-05 0.00027599241 0.0
5.71571618e-05 0.000503834453 0.0
7.87903482e-05 0.000106703534 0.0
-0.000178509363 0.00197726372 0.0
2.10861308e-05 0.000962490099 0.0
8.72834862e-05 0.000171221647 0.0
-0.000223451061 0.00147758238 0.0
9.0326088e-05 0.000502270879 0.0
0.000105176237 0.0002706417 0.0
-0.00011887341 0.00132137025 0.0
5.83309738e-05 0.000618835213 0.0
5.63949434e-05 0.000550360244 0.0
-0.00019693897 0.00174297509 0.0
-0.000321070635 0.00157924602 0.0
-0.000211655948 0.00164189318 0.0
-5.9072765e-05 0.00119039242 0.0
-0.000165038058 0.0013932772 0.0
-6.09782983e-05 0.000743159791 0.0
-2.14096872e-05 0.00106168049 0.0
5.80949963e-05 0.000182609001 0.0
-0.000208651996 0.00171046017 0.0
-0.000116663912 0.00118186278 0.0
-0.000312093325 0.00183746824 0.0
-8.36816544e-05 0.00144338212 0.0
-8.20054702e-05 0.0015145326 0.0
8.44846218e-05 0.000109036213 0.0
-8.19289926e-05 0.00119794172 0.0
-4.88083799e-07 0.000322842476 0.0
-0.00013016694 0.00129909639 0.0
-0.000119052922 0.00096337311 0.0
-6.98847725e-05 0.00114762015 0.0
-9.15226483e-05 0.00111324061 0.0
-0.000196493987 0.0015527925 0.0
7.47999875e-05 0.000414191803 0.0
-0.000126221334 0.00150881766 0.0
-9.97124807e-05 0.00073208753 0.0
6.69840374e-05 0.000425451988 0.0
-4.43856188e-05 0.00124648458 0.0
-0.000100927689 0.00088786456 0.0
-0.000342354528 0.00170137302 0.0
-8.75317201e-05 0.00131678407 0.0
-5.14239764e-05 0.000756653491 0.0
0.000106294101 0.000616941194 0.0
-0.000105524014 0.00163054594 0.0
0.0001506509 0.000380220969 0.0
9.82926722e-05 0.000259739027 0.0
-0.00033384253 0.00188110746 0.0
-0.00029075623 0.00171921763 0.0
-0.000299468142 0.00178025337 0.0
-0.000335643301 0.00163761375 0.0
-0.000248848024 0.00197661761 0.0
-0.000101451769 0.000750947627 0.0
-0.000156227645 0.00160501082 0.0
-2.01617331e-05 0.00128554052 0.0
-6.99949305e-05 0.00134701608 0.0
-0.000190882725 0.00133558083 0.0
-0.000144906488 0.000660447578 0.0
-0.000105418781 0.000947877939 0.0
-0.000193417873 0.0014372156 0.0
0.000106137857 0.000584890135 0.0
-4.26434162e-05 0.00105214305 0.0
-3.72480135e-05 0.00082127261 0.0
-0.000265377399 0.00182927283 0.0
-0.000262814661 0.0018699707 0.0
-2.77539566e-05 0.00127717562 0.0
-7.76280285e-05 0.000873271376 0.0
-0.000172088141 0.00151603553 0.0
-0.000176607355 0.00123331137 0.0
7.52926935e-05 0.000864778063 0.0
-0.000109627923 0.000901719497 0.0
-0.000158969837 0.00129863352 0.0
-0.000134753282 0.00144274579 0.0
-0.000140223201 0.000876680424 0.0
7.66699086e-05 0.000854631828 0.0
-0.000253150676 0.00179652509 0.0
0.000170533167 5.8021953e-05 0.0
0.000107783126 0.000395908253 0.0
-6.26119217e-05 0.00122941216 0.0
-9.89182445e-05 0.00070936 0.0
0.000113789916 0.00018112082 0.0
3.68896326e-05 0.000414115813 0.0
-6.45933469e-05 0.000547243457 0.0
0.000136847768 0.000523749681 0.0
0.000131167151 0.000214970249 0.0
7.77284295e-05 0.000249860605 0.0
0.000156529088 0.000380485901 0.0
0.000140107266 5.05618336e-05 0.0
8.72783276e-05 0.000449914893 0.0
-7.78116646e-06 0.00105078635 0.0
5.51079866e-05 0.000172627027 0.0
-2.1686039e-05 0.000935098506 0.0
-0.000150899854 0.000786241319 0.0
-0.00015438869 0.00141441659 0.0
5.59045766e-05 0.000195316403 0.0
-9.55983705e-05 0.00065666181 0.0
-0.000320862047 0.00202405709 0.0
-0.00023938957 0.00133737165 0.0
-0.000130026718 0.00122478255 0.0
-0.000171203996 0.00128131825 0.0
0.000185430137 0.000195846689 0.0
-0.000103265891 0.00114265399 0.0
-0.000160322685 0.00203906908 0.0
-0.000215441876 0.00124450948 0.0
-0.000232182516 0.00195554807 0.0
-0.000170524188 0.00169062812 0.0
-0.000100313227 0.000699825876 0.0
-5.29735262e-05 0.000630135008 0.0
-0.000112815855 0.00155263674 0.0
-0.000329158996 0.00187881279 0.0
-0.000223931376 0.00159364066 0.0
4.23241108e-05 0.000534837425 0.0
-0.000160561729 0.00144190667 0.0
6.53946481e-05 0.000511534337 0.0
-0.000208247162 0.00167273555 0.0
0.000115496514 5.53761456e-05 0.0
-0.000214566433 0.00147196604 0.0
-0.000371627451 0.00192822912 0.0
-0.000102881604 0.00115151983 0.0
3.60909362e-05 6.71093148e-05 0.0
-0.000277906453 0.00181131007 0.0
2.95305981e-05 0.000286064926 0.0
-0.000404620572 0.00199302984 0.0
-7.06681894e-05 0.00154047215 0.0
-0.000203631542 0.00199185684 0.0
-0.000297452701 0.00153033156 0.0
0.000156743306 3.61690181e-05 0.0
-0.000299127365 0.00183271954 0.0
7.37552618e-05 0.000729429012 0.0
-0.000157984352 0.00123513071 0.0
-3.40406586e-06 0.00104387326 0.0
-0.000165331774 0.00173040642 0.0
-6.38136553e-05 0.0014302975 0.0
-2.10455869e-06 0.000983603997 0.0
-0.000327767135 0.00178212684 0.0
-0.000181339055 0.00117182638 0.0
-0.00021243318 0.00143662316 0.0
7.18064621e-05 0.000332407508 0.0
0.000207818972 0.000107177941 0.0
-7.95621381e-05 0.000823501847 0.0
0.000105976687 0.000187342375 0.0
-0.000228539691 0.00175254233 0.0
-0.000333723001 0.00158614467 0.0
-3.8709306e-05 0.000851967663 0.0
-9.68968961e-05 0.0013377209 0.0
0.000112626425 4.00224781e-05 0.0
-0.00025124292 0.00193656643 0.0
0.000156040944 4.20844954e-05 0.0
-8.76451522e-05 0.00108764402 0.0
5.60215958e-05 0.000704717706 0.0
-0.00030217407 0.00183474284 0.0
-5.28433775e-05 0.00113390165 0.0
-0.000172340879 0.00159074902 0.0
7.24695637e-05 0.000209191188 0.0
0.000102979029 0.000159132018 0.0
7.28750456e-05 0.000362083607 0.0
5.78370382e-05 0.000310564646 0.0
-6.2615778e-05 0.000760190887 0.0
-0.000231876998 0.00148867443 0.0
-0.000345037697 0.00162507885 0.0
-0.000184225937 0.00189949444 0.0
5.57079438e-05 0.000628653157 0.0
0.000101282763 0.000506577489 0.0
3.26868903e-05 0.000250126672 0.0
-0.000142366815 0.000677215168 0.0
-0.000229209109 0.00197086064 0.0
-0.000310108415 0.00163941667 0.0
-0.000111649955 0.00151118066 0.0
-0.000106751431 0.00128933019 0.0
0.000107605869 0.000437149632 0.0
-2.90723765e-05 0.000853884092 0.0
-0.000225436408 0.00169352733 0.0
7.02949619e-05 0.0003255255 0.0
-0.000261427398 0.00190137804 0.0
-0.000112139976 0.000910602103 0.0
7.49685205e-05 0.000138407835 0.0
-0.000115374874 0.00114268495 0.0
-4.4329201e-05 0.000799021567 0.0
9.87564272e-05 0.000327254675 0.0
-0.000353875192 0.00191099453 0.0
0.000133425638 1.71904812e-05 0.0
-3.81989885e-05 0.000842746347 0.0
-0.000333296834 0.00194286369 0.0
0.000118711323 0.000174825967 0.0
-0.000173803186 0.00167794793 0.0
9.54504721e-05 2.0501242e-05 0.0
-0.00021705126 0.00168608676 0.0
5.28420424e-05 0.000501276925 0.0
8.48627533e-05 0.000340084487 0.0
5.10845493e-05 0.00064208667 0.0
-0.000318900333 0.00185322214 0.0
-0.000120034005 0.000939121237 0.0
-0.000223586525 0.00180122489 0.0
-6.68673965e-05 0.00124430947 0.0
4.74181033e-05 0.000164457058 0.0
-0.000153735236 0.00111210707 0.0
-0.000234207837 0.0019639188 0.0
-2.32852199e-05 0.000473565451 0.0
0.000169986175 1.30830995e-05 0.0
-9.53171475e-05 0.00149151485 0.0
-6.18077538e-05 0.00123014254 0.0
-9.75695821e-06 0.00103686983 0.0
-0.000272911391 0.00187052786 0.0
5.7451427e-05 0.00042340628 0.0
-9.72685011e-05 0.00056853448 0.0
-3.56579549e-05 0.000611924508 0.0
-0.000294521305 0.00177221349 0.0
-0.000257052976 0.00191875105 0.0
0.000123030666 0.000661970524 0.0
-0.000174991132 0.0013910525 0.0
-9.63560087e-05 0.000853688165 0.0
-0.000225019758 0.00194462563 0.0
-0.000330835755 0.00197036169 0.0
-8.85112604e-05 0.001123455 0.0
-0.000204457858 0.00160918955 0.0
-3.47465575e-05 0.000920310616 0.0
6.95715062e-05 0.000514036277 0.0
-3.46399902e-05 0.000473480701 0.0
-0.000290273194 0.00175760745 0.0
0.000113216833 0.000491545128 0.0
-0.00013094797 0.00134897872 0.0
-0.000208623271 0.00132337189 0.0
-0.000348363305 0.0016734153 0.0
-8.4323372e-05 0.000678929151 0.0
-6.75218544e-05 0.000860542583 0.0
-1.21080566e-05 0.000594796496 0.0
-6.04995839e-05 0.00126492837 0.0
-8.45066243e-05 0.00129898428 0.0
3.96927753e-05 0.000553690421 0.0
0.000165493519 0.000135735128 0.0
2.67105429e-06 0.000327685702 0.0
-0.000125525039 0.00122954778 0.0
-8.45553416e-07 0.000255088788 0.0
-1.33017215e-06 0.00099440245 0.0
-7.51740299e-05 0.00123646355 0.0
-0.000268160744 0.00184124755 0.0
3.60819067e-05 0.000948135857 0.0
0.000138069299 0.000377883262 0.0
-0.000236279477 0.00198089099 0.0
2.51436377e-05 0.000962784048 0.0
-0.00030050808 0.00176834548 0.0
-1.28330757e-05 0.00106875354 0.0
4.4742992e-05 0.000291606964 0.0
-4.41826414e-05 0.000792589504 0.0
6.54359828e-05 0.000317896891 0.0
-0.000109807683 0.00162360934 0.0
-0.000199564776 0.00178600359 0.0
-0.000164333702 0.0020129825 0.0
-7.92424107e-05 0.000823961338 0.0
-5.86789029e-05 0.00106985052 0.0
7.67649326e-05 6.61433587e-05 0.0
8.29999408e-05 0.00018062623 0.0
-1.10758237e-05 0.000778132642 0.0
-0.00021924013 0.00169150904 0.0
9.37393415e-05 0.000128095999 0.0
-8.16181928e-05 0.000924110645 0.0
-0.00017445811 0.00124821195 0.0
9.29681773e-05 0.000708893349 0.0
8.57951891e-05 0.00019876656 0.0
-2.6575583e-06 0.00111279101 0.0
-0.000129607972 0.00119235681 0.0
-0.000241976217 0.00149245467 0.0
-0.000152978944 0.00134760363 0.0
0.000108557622 0.000773913926 0.0
-0.000117932861 0.000655001088 0.0
-0.000274129154 0.00200116076 0.0
-0.000212024912 0.00134210347 0.0
-0.000193738495 0.00137192488 0.0
-0.000212276398 0.00170132914 0.0
0.000185418729 0.000236171662 0.0
-0.000208615325 0.00132933096 0.0
-0.000128538784 0.0010119623 0.0
-1.00611669e-05 0.000450654974 0.0
-0.000266790244 0.0015060259 0.0
-0.00014869601 0.000859220047 0.0
-0.000210072962 0.00174282759 0.0
-0.000157655042 0.000776303816 0.0
-0.000267904543 0.00182989019 0.0
0.000214415995 0.000214553496 0.0
-0.000196601177 0.00124518585 0.0
-0.000228902631 0.0019701093 0.0
-6.22943262e-05 0.00132562406 0.0
-0.000164027821 0.00117406598 0.0
-0.000227950906 0.00172493421 0.0
4.47103957e-06 0.000605103269 0.0
-0.000198727692 0.00161371077 0.0
-0.000121851815 0.00080063229 0.0
7.22478071e-05 0.000491403975 0.0
9.35287535e-05 0.00025685833 0.0
0.000182072981 0.000195293702 0.0
0.000117170552 0.000630334369 0.0
-0.000294503785 0.00183831493 0.0
-3.49680813e-05 0.000472741958 0.0
-0.000225940821 0.0019335181 0.0
-0.000186147794 0.0015370521 0.0
-5.04532291e-05 0.00113743148 0.0
8.16208412e-05 0.000102969076 0.0
-7.8705998e-05 0.00129314442 0.0
-0.000228751946 0.00194824825 0.0
-8.83168686e-05 0.00135568785 0.0
-0.000114145092 0.00095755409 0.0
-3.79126668e-08 0.00090907194 0.0
-2.29917214e-06 0.000410052337 0.0
0.000146824488 9.27699657e-05 0.0
0.000107885644 -6.07886932e-06 0.0
7.64153228e-05 0.000805934425 0.0
-0.000171131585 0.00144977286 0.0
4.20624092e-05 0.000492333143 0.0
2.48381803e-05 0.000584421272 0.0
9.31277682e-05 0.000791541941 0.0
-0.000220994116 0.00164800335 0.0
6.4124004e-05 0.000362485269 0.0
6.8589492e-05 0.000714599446 0.0
-0.000142962614 0.00113867957 0.0
-3.59200021e-05 0.00100181217 0.0
-0.000109699009 0.000803979579 0.0
0.000133000911 2.40503196e-05 0.0
-0.00019720057 0.00139827607 0.0
-0.000193126296 0.00164570846 0.0
-7.09589804e-05 0.000577176164 0.0
4.10572538e-05 0.00029211599 0.0
-0.000134279573 0.000963660656 0.0
-0.000189079161 0.0020493879 0.0
-0.000188397244 0.00185673824 0.0
-5.56668092e-05 0.000624052482 0.0
9.27023357e-05 0.000306551607 0.0
2.78509342e-05 0.000380934274 0.0
-2.21962619e-05 0.00129110261 0.0
-0.00019789947 0.00181876204 0.0
-4.89812155e-05 0.000496528286 0.0
-0.000224308125 0.00139791437 0.0
-0.00019552045 0.00149274908 0.0
-1.07623137e-05 0.00108894124 0.0
6.05761743e-05 6.06813701e-05 0.0
9.4123403e-05 0.000803927134 0.0
6.46966801e-05 0.000177895403 0.0
-0.000168998682 0.00130480994 0.0
-9.31096947e-05 0.00159815454 0.0
4.23503297e-05 0.000520988542 0.0
0.000103302198 0.00045183883 0.0
0.00010551673 0.000663251558 0.0
-0.000131121371 0.00115779333 0.0
3.87137588e-05 0.000272932957 0.0
0.000197811241 4.97529691e-05 0.0
-0.000120185578 0.00143013522 0.0
-0.000184437624 0.00128337811 0.0
0.000214286731 0.000148971245 0.0
-0.000111457055 0.000997366384 0.0
7.58810202e-05 0.000584507594 0.0
-0.000102239435 0.000800764537 0.0
0.0002200569 0.000178762828 0.0
6.07558104e-05 0.00047259999 0.0
-0.000344161148 0.00183303934 0.0
-0.00013310778 0.00162209279 0.0
-0.000128205545 0.00137865089 0.0
-7.41912227e-05 0.0011242464 0.0
-0.000119884266 0.000961079844 0.0
3.22271335e-05 0.000159310788 0.0
-5.1517316e-05 0.000701558718 0.0
4.68447251e-05 0.00062138983 0.0
0.000130612098 3.14907738e-05 0.0
-0.000192030697 0.00119135389 0.0
-0.000111949092 0.000827872485 0.0
-0.000142009769 0.00154905498 0.0
-0.000243688395 0.0018441896 0.0
-0.000327345013 0.00182966352 0.0
-8.46510738e-05 0.000641040329 0.0
-7.13896734e-05 0.000745298981 0.0
0.000161965683 2.05337728e-05 0.0
5.40487963e-05 0.000679074903 0.0
-0.000323545712 0.00151972589 0.0
1.07173889e-06 0.00117860897 0.0
-2.13569147e-05 0.00102707394 0.0
-9.22518302e-05 0.00105051463 0.0
0.00011624107 0.000283763336 0.0
-0.00016676099 0.0013652473 0.0
-0.000127203544 0.00137243315 0.0
7.16231152e-05 4.92849649e-05 0.0
0.000169264546 1.58806643e-06 0.0
0.000167339065 0.000196796202 0.0
-4.19048483e-05 0.00109224336 0.0
-0.000179075505 0.00104422378 0.0
-0.000176469985 0.00160645752 0.0
-0.000335934601 0.00153561402 0.0
-4.90189777e-05 0.00066176668 0.0
-0.000156683396 0.00132622942 0.0
-1.4277598e-05 0.00106388214 0.0
-9.21686733e-05 0.000673972827 0.0
6.43712774e-05 0.00072699372 0.0
-9.17981597e-05 0.00127198256 0.0
-0.000117447889 0.00122373342 0.0
7.08286752e-05 0.000504917291 0.0
5.48682328e-05 0.000419662334 0.0
-0.000192880383 0.00116779096 0.0
0.000183082375 8.38032283e-05 0.0
-0.00017223919 0.00106313732 0.0
-7.05084676e-05 0.00126741838 0.0
-0.000321067841 0.00179590576 0.0
-0.000414644339 0.00203504181 0.0
0.000127136154 0.000513633306 0.0
4.97200199e-06 0.000946956745 0.0
0.000134313173 0.000108206514 0.0
-0.000317995407 0.00171886501 0.0
-6.32122246e-05 0.000633270654 0.0
-0.000151372311 0.00124912278 0.0
-0.00034000483 0.00177528383 0.0
-0.000168790924 0.00123725552 0.0
0.000191068859 0.000270741119 0.0
-6.73716859e-05 0.00147935899 0.0
-8.56323459e-05 0.000615311379 0.0
5.20586182e-05 0.000442682591 0.0
6.52219314e-05 0.000264290458 0.0
-0.00025446256 0.00201953831 0.0
-0.000139566138 0.0012521334 0.0
-6.02213768e-05 0.000819785055 0.0
0.00014433547 0.000151542496 0.0
0.000144632068 0.000375029718 0.0
-0.000181152573 0.00103561091 0.0
0.000116150244 0.000399567711 0.0
-0.000205602133 0.00178829604 0.0
0.000113169699 0.000214388157 0.0
-5.2812753e-05 0.00115155231 0.0
4.10065222e-05 0.000744593155 0.0
-0.000102915401 0.000874593912 0.0
-5.19450041e-05 0.00128219638 0.0
8.07816177e-05 0.000569261902 0.0
-0.00013589389 0.0014089183 0.0
-0.000186238147 0.00165512785 0.0
-0.000117021838 0.000963763741 0.0
-0.000387747277 0.00194679038 0.0
-9.54319112e-05 0.00110678899 0.0
4.79040318e-05 0.000346293673 0.0
-0.000232090533 0.00173807913 0.0
-0.000222319024 0.00156011514 0.0
9.74417053e-05 0.000251216232 0.0
-0.000165119884 0.00112684234 0.0
5.27139309e-05 0.000562165224 0.0
6.04383349e-05 0.000502707844 0.0
-0.000222744406 0.00197769958 0.0
-8.06661483e-05 0.00139438652 0.0
-0.00012849347 0.00157731166 0.0
5.72822973e-05 0.000906969013 0.0
-0.000322649692 0.00190006895 0.0
-0.000212122119 0.00143292046 0.0
-0.00019230922 0.00193118409 0.0
-9.27119472e-05 0.00138154672 0.0
4.16916337e-05 0.000905100373 0.0
-0.000139152602 0.00132659858 0.0
-0.000173406253 0.0019309863 0.0
-0.000248704251 0.00205313973 0.0
-0.000101385202 0.00102428801 0.0
-0.000326694804 0.00201575249 0.0
6.99455995e-05 0.000357813726 0.0
-8.36927793e-05 0.0014498271 0.0
6.07303155e-05 0.000197651767 0.0
-0.00012779751 0.000898069819 0.0
-0.000111568319 0.0016421706 0.0
-0.000212970568 0.0015848988 0.0
7.45253419e-05 0.000637669407 0.0
0.000126421844 3.41087834e-05 0.0
-0.000340964063 0.00182949135 0.0
4.48669598e-05 0.000924944296 0.0
-7.03285186e-05 0.000754270121 0.0
-0.00023657587 0.00146496296 0.0
0.000231966711 0.000167598962 0.0
-0.000299359119 0.00158160436 0.0
-0.000311827229 0.00185650622 0.0
-0.000192158215 0.00149722351 0.0
-2.33466835e-05 0.000866423943 0.0
-6.32341107e-05 0.00126445014 0.0
0.000128971093 0.000115283801 0.0
1.62077849e-05 3.42296771e-05 0.0
-0.000149172396 0.00144554977 0.0
-0.000188321705 0.0017564235 0.0
9.34961863e-05 0.000442906865 0.0
-0.000250743527 0.00173159305 0.0
-0.000141082361 0.000934247568 0.0
0.000104755251 0.000205110744 0.0
-8.44503375e-05 0.000645852473 0.0
1.5388081e-05 0.000930085429 0.0
0.00010605844 0.000171350504 0.0
-0.00017324659 0.00171120942 0.0
-8.9760535e-05 0.000743388897 0.0
-0.000324002205 0.00185088825 0.0
-0.00013368146 0.00122222444 0.0
-0.000296628015 0.0017844839 0.0
-9.39288002e-05 0.00104585651 0.0
7.17154471e-05 8.11745704e-05 0.0
-0.000105272848 0.00102391758 0.0
-0.000299665466 0.00184561685 0.0
8.76881095e-05 0.000259139575 0.0
-0.000146179431 0.0010777039 0.0
-0.000216552973 0.00152105163 0.0
-0.000101731712 0.000855414721 0.0
4.81325769e-05 -1.19656725e-05 0.0
0.000113176357 0.000103693441 0.0
