-6.45460295e-06 0.000414026523 0.0
2.53189864e-06 0.000496282417 0.0
1.34439006e-05 0.000477099209 0.0
-2.01429521e-05 0.000440361531 0.0
0.000367313012 0.000422009587 0.0
0.00034211899 0.000413487374 0.0
0.000322992535 0.000405887142 0.0
0.000335818651 0.000390649104 0.0
-0.000134329879 0.000405887142 0.0
-0.000115203409 0.000413487374 0.0
-9.00093801e-05 0.000422009587 0.0
0.000414242415 0.000604060246 0.0
0.000422262092 0.000633787015 0.0
0.000427687453 0.000658250472 0.0
0.000373989955 0.000618190097 0.0
-3.36255362e-05 3.53163778e-05 0.0
-3.90509194e-05 1.0852893e-05 0.0
-4.70705854e-05 -1.88738395e-05 0.0
0.000278080523 0.000585326285 0.0
0.000283372734 0.000601753825 0.0
0.000289646385 0.000617270125 0.0
0.000237372951 0.000586158712 0.0
-0.000171666601 -5.6639733e-06 0.0
-0.000177940252 -2.11802853e-05 0.0
-0.000183232492 -3.76078242e-05 0.0
-0.000339050137 4.71668973e-05 0.0
-0.000325606146 9.36314973e-05 0.0
-0.000321327592 7.97563043e-05 0.0
-0.000341491832 5.35960608e-05 0.0
1.46548527e-05 0.000505277014 0.0
3.22196429e-05 0.000513172126 0.0
4.51855667e-05 0.000520466827 0.0
5.09928177e-05 0.000551399833 0.0
0.000502507959 0.000520466827 0.0
0.000489542028 0.000513172126 0.0
0.000471977255 0.000505277014 0.0
0.000268508302 0.000480322778 0.0
0.000279269967 0.000520151516 0.0
0.000281503133 0.000512942788 0.0
0.000266247866 0.000489245751 0.0
0.000124990911 0.000535371422 0.0
0.000150075066 0.000583341345 0.0
0.000153294357 0.000564461341 0.0
0.00012312051 0.000551815552 0.0
-4.46122212e-05 0.000226900025 0.0
-2.91592587e-05 0.000219146517 0.0
-3.88467597e-05 0.000230495774 0.0
-3.43052416e-05 0.000221590148 0.0
9.2840055e-05 0.000119235629 0.0
8.93441538e-05 0.000113874383 0.0
8.39660279e-05 0.000109462744 0.0
6.74446856e-05 0.000106982552 0.0
8.63899113e-05 0.000116517796 0.0
7.72031417e-05 0.000105669984 0.0
-0.000373356364 0.000109462744 0.0
-0.000367978239 0.000113874383 0.0
-0.000364482345 0.000119235629 0.0
0.000184942546 0.000260041503 0.0
0.000206126366 0.000285812974 0.0
0.000205241187 0.000277330633 0.0
0.000185382451 0.000261369772 0.0
2.00603736e-05 0.000144424834 0.0
4.16125804e-05 0.000125114326 0.0
2.50969424e-05 0.000139144497 0.0
3.00239117e-05 0.000127617182 0.0
4.49305589e-05 0.000276569714 0.0
6.52602321e-05 0.000319838873 0.0
6.74322946e-05 0.000303338777 0.0
3.6165402e-05 0.000286292285 0.0
-0.00011952161 0.000333720789 0.0
-0.000106910957 0.000391072535 0.0
-0.000114189024 0.000347720692 0.0
-0.000111729612 0.000372781098 0.0
9.79719698e-05 0.000326900103 0.0
0.000123026912 0.000355971482 0.0
0.000121904151 0.000355078169 0.0
0.000100386867 0.000337823498 0.0
-8.96715428e-05 0.000211585648 0.0
-7.28640225e-05 0.000270378136 0.0
-6.32304072e-05 0.00025438983 0.0
-9.83452046e-05 0.000230056015 0.0
0.000461313 0.00062293408 0.0
0.0 0.0 0.0
-0.0004573224 0.0 0.0
3.99059991e-06 0.00062293408 0.0
7.22648292e-06 0.000418619136 0.0
1.98899215e-05 0.000425235892 0.0
3.03582201e-05 0.000433652196 0.0
3.80370766e-05 0.000443292782 0.0
4.28326275e-05 0.000454596098 0.0
4.49175459e-05 0.000466542231 0.0
4.39738214e-05 0.000477358466 0.0
4.0179013e-05 0.000485902856 0.0
3.36542871e-05 0.000492126099 0.0
2.4672574e-05 0.000495740853 0.0
1.41164592e-05 0.000497265661 0.0
-9.3555509e-06 0.000492677966 0.0
-2.08544661e-05 0.000487140001 0.0
-3.10776559e-05 0.000479630951 0.0
-3.93596492e-05 0.000471011968 0.0
-4.55215413e-05 0.000461515825 0.0
-4.95967033e-05 0.000451572851 0.0
-5.10376667e-05 0.000441259588 0.0
-5.00230854e-05 0.000431070308 0.0
-4.48001483e-05 0.000422710844 0.0
-3.55144475e-05 0.000415833289 0.0
-2.14112879e-05 0.000413055299 0.0
-2.68765598e-06 0.000459078641 0.0
0.000360072969 0.000419728371 0.0
0.000351611292 0.000416943862 0.0
0.00033374448 0.000410175038 0.0
0.000327408692 0.000407648709 0.0
0.00032047776 0.000401776168 0.0
0.000319012994 0.000396507792 0.0
0.000319096493 0.000391751004 0.0
0.00032045049 0.000388523389 0.0
0.000323213462 0.000387348584 0.0
0.000327021582 0.000387348409 0.0
0.000331334886 0.000388847344 0.0
0.000340263679 0.000393043301 0.0
0.000345438923 0.000395544077 0.0
0.000351350172 0.000398915028 0.0
0.000357070909 0.000402849022 0.0
0.000361784914 0.000407340151 0.0
0.000365419954 0.00041197543 0.0
0.000367015658 0.00041733752 0.0
-0.000129913707 0.000407648709 0.0
-0.000123577905 0.000410175038 0.0
-0.000105711108 0.000416943862 0.0
-9.72494236e-05 0.000419728371 0.0
-9.25046334e-05 0.000425968639 0.0
-9.72955459e-05 0.000428343192 0.0
-0.0001033554 0.000428331463 0.0
-0.000109757275 0.000426658895 0.0
-0.000115541574 0.00042301463 0.0
-0.000121151257 0.0004189506 0.0
-0.000126447238 0.000414919428 0.0
-0.00013131139 0.000410047622 0.0
0.00041647238 0.000611767813 0.0
0.000419121585 0.00062146195 0.0
0.00042484689 0.000645313121 0.0
0.000426567887 0.000653045252 0.0
0.00042029639 0.000656964199 0.0
0.000413220638 0.000654653995 0.0
0.000406109466 0.000651249022 0.0
0.000398303819 0.000646661501 0.0
0.000390201487 0.000640862621 0.0
0.000382870174 0.00063406775 0.0
0.000377025193 0.000626448076 0.0
0.000373451097 0.000610022398 0.0
0.000375059928 0.000603570079 0.0
0.000377683755 0.00059896009 0.0
0.000381462247 0.000596070837 0.0
0.000385829975 0.000595725374 0.0
0.00039268384 0.000597422244 0.0
0.000402519334 0.000599816791 0.0
-3.47451023e-05 3.01111559e-05 0.0
-3.64661028e-05 2.23790266e-05 0.0
-4.21914228e-05 -1.47213007e-06 0.0
-4.48406208e-05 -1.11662721e-05 0.0
-3.56231685e-05 -1.31011484e-05 0.0
-2.62411013e-05 -5.97551434e-06 0.0
-1.94436143e-05 1.64055882e-06 0.0
-1.53671572e-05 9.23217249e-06 0.0
-1.39047697e-05 1.74828729e-05 0.0
-1.43660482e-05 2.4664987e-05 0.0
-1.67681355e-05 3.00685351e-05 0.0
-2.10277503e-05 3.35956502e-05 0.0
-2.69532939e-05 3.51490198e-05 0.0
0.000280088716 0.000592513825 0.0
0.000286919152 0.000610795221 0.0
0.000286117458 0.000618114485 0.0
0.000281258137 0.00061702251 0.0
0.000274235092 0.000614475925 0.0
0.000264425442 0.000610226649 0.0
0.000255194231 0.00060555496 0.0
0.000247313757 0.000599987863 0.0
0.000242149501 0.000594255107 0.0
0.00023922477 0.000589672069 0.0
0.000236258886 0.000582616252 0.0
0.000236198553 0.000579251267 0.0
0.000237262168 0.000576535065 0.0
0.00023934737 0.000574681384 0.0
0.000243332543 0.000574166595 0.0
0.000250313024 0.000574792328 0.0
0.000259678432 0.000577154104 0.0
0.000269418524 0.000580347958 0.0
-0.000174393863 -1.21388857e-05 0.0
-0.000181224284 -3.04202858e-05 0.0
-0.000175977533 -3.14515455e-05 0.0
-0.000170820291 -2.48596789e-05 0.0
-0.000167955281 -1.86217731e-05 0.0
-0.00016747255 -1.29039554e-05 0.0
-0.000169049788 -8.46199237e-06 0.0
-0.000333505188 4.89122322e-05 0.0
-0.000326693873 5.1447194e-05 0.0
-0.000318936713 5.52937308e-05 0.0
-0.000310565694 6.0298149e-05 0.0
-0.000303739042 6.70401278e-05 0.0
-0.00030016189 7.47316371e-05 0.0
-0.000298060069 8.21373615e-05 0.0
-0.000299734616 8.84473629e-05 0.0
-0.000303825829 9.32887051e-05 0.0
-0.000309778348 9.6036958e-05 0.0
-0.000317563128 9.61850747e-05 0.0
-0.000333978154 8.991293e-05 0.0
-0.000341571547 8.45599643e-05 0.0
-0.000348003523 7.83006399e-05 0.0
-0.00035291168 7.12460605e-05 0.0
-0.000356230506 6.35409378e-05 0.0
-0.000357770885 5.60336812e-05 0.0
-0.000357698271 5.0226161e-05 0.0
-0.000356508419 4.66815436e-05 0.0
-0.000353320967 4.50820589e-05 0.0
-0.000348831614 4.49745567e-05 0.0
-0.000343604246 4.56459129e-05 0.0
-0.000332126569 6.56395423e-05 0.0
2.3133065e-05 0.000508691068 0.0
3.95388706e-05 0.000517548877 0.0
5.10201025e-05 0.000525893993 0.0
5.58634929e-05 0.000532291655 0.0
5.9221722e-05 0.000539044267 0.0
6.14672317e-05 0.00054533052 0.0
6.2558589e-05 0.000549798249 0.0
6.22219522e-05 0.000552471494 0.0
6.12416625e-05 0.000553329766 0.0
6.0106373e-05 0.000553212827 0.0
5.78535328e-05 0.000552395359 0.0
4.05532483e-05 0.000549184508 0.0
2.98220075e-05 0.000545707648 0.0
2.11852002e-05 0.000540748006 0.0
1.46311695e-05 0.000535391795 0.0
1.02414569e-05 0.000529608224 0.0
7.11016673e-06 0.000523791532 0.0
5.9532963e-06 0.000517817796 0.0
6.26903147e-06 0.00051196717 0.0
9.31355044e-06 0.000507792749 0.0
0.000496861292 0.000517548877 0.0
0.000480455463 0.000508691068 0.0
0.000477645546 0.000504996919 0.0
0.00048311369 0.000506562414 0.0
0.000488129852 0.0005092012 0.0
0.000492581865 0.00051282061 0.0
0.000497222412 0.000516413071 0.0
0.000275021011 0.00048402531 0.0
0.000281425833 0.000488823163 0.0
0.000287874631 0.000493464351 0.0
0.000292757875 0.000498542213 0.0
0.000296117796 0.00050301908 0.0
0.000298266561 0.000506806769 0.0
0.000299573294 0.000512318627 0.0
0.000298807077 0.000517855573 0.0
0.000296671758 0.000521797454 0.0
0.000293238845 0.000524211326 0.0
0.000288446492 0.000524456729 0.0
0.000283867237 0.000522347051 0.0
0.000274775433 0.000517026987 0.0
0.000269850483 0.000513670733 0.0
0.000264057919 0.0005099072 0.0
0.000258290616 0.000505108852 0.0
0.000253387669 0.000499329413 0.0
0.000249851437 0.000492773659 0.0
0.000248707103 0.000486862467 0.0
0.00024853542 0.000482274743 0.0
0.000249921723 0.000479226146 0.0
0.000252836529 0.000477578724 0.0
0.00025707038 0.000477153197 0.0
0.000262495305 0.000478063565 0.0
0.000274343853 0.000501260336 0.0
0.000135932336 0.00053801504 0.0
0.000147205559 0.000542533584 0.0
0.000156079492 0.000548765063 0.0
0.000161998862 0.000555838109 0.0
0.000165762496 0.000563177164 0.0
0.000167188569 0.000570217322 0.0
0.000166935366 0.000576210616 0.0
0.000165270219 0.000580762338 0.0
0.00016227852 0.000583528192 0.0
0.000157770904 0.000584021502 0.0
0.00013985316 0.000580791675 0.0
0.00012944339 0.000576647406 0.0
0.000120392411 0.00057039794 0.0
0.000113517926 0.000562505098 0.0
0.000108987399 0.000553317543 0.0
0.000107847154 0.000544683193 0.0
0.000108746048 0.000538429595 0.0
0.000110814006 0.000534785737 0.0
0.000113781585 0.000533663551 0.0
0.000117438169 0.000533958373 0.0
0.000138270349 0.000558396743 0.0
-4.43495373e-05 0.000228266726 0.0
-4.29356696e-05 0.000229520068 0.0
-4.00521858e-05 0.000230659847 0.0
-3.6378573e-05 0.000233415863 0.0
-3.43281499e-05 0.000236231994 0.0
-3.41723971e-05 0.000237015891 0.0
-3.38187128e-05 0.000235647822 0.0
-3.37955571e-05 0.000232843609 0.0
-3.40627266e-05 0.000229210113 0.0
-3.35983277e-05 0.000225596843 0.0
-3.19637547e-05 0.000222034098 0.0
-2.73088008e-05 0.000217689783 0.0
-2.79237902e-05 0.000216846485 0.0
-3.03025899e-05 0.00021685446 0.0
-3.32972086e-05 0.000216574903 0.0
-3.61080456e-05 0.000216652319 0.0
-3.85563726e-05 0.000217109482 0.0
-4.03814593e-05 0.00021775905 0.0
-4.1605279e-05 0.000218902205 0.0
-4.24177051e-05 0.000220664573 0.0
-4.29177308e-05 0.000222550938 0.0
-4.33920432e-05 0.000224641306 0.0
-3.69001646e-05 0.000226406279 0.0
9.09055962e-05 0.000116807438 0.0
8.70624135e-05 0.000111118563 0.0
7.98859546e-05 0.000108076238 0.0
7.5869757e-05 0.000106197629 0.0
7.28869272e-05 0.000103521073 0.0
7.1310722e-05 0.000100441343 0.0
7.06527862e-05 9.85582956e-05 0.0
7.1221315e-05 9.80394616e-05 0.0
7.18438969e-05 9.92939385e-05 0.0
7.1297567e-05 0.000102452854 0.0
6.89316876e-05 0.00010533115 0.0
7.06371429e-05 0.000108302775 0.0
7.67536694e-05 0.000110360466 0.0
8.25169191e-05 0.000113747534 0.0
8.6852262e-05 0.00011744479 0.0
9.04034314e-05 0.000120812649 0.0
9.22332401e-05 0.000122668818 0.0
9.34778873e-05 0.0001230216 0.0
9.40089667e-05 0.000122216938 0.0
9.3932038e-05 0.000120933772 0.0
-0.000370259979 0.000111118563 0.0
-0.000366416818 0.000116807438 0.0
-0.000365563028 0.000116716597 0.0
-0.000365982094 0.00011416051 0.0
-0.000366631488 0.000112093388 0.0
-0.000369362213 0.000110942587 0.0
0.000186487116 0.00026278873 0.0
0.000190924271 0.000265052193 0.0
0.000197570247 0.000267494324 0.0
0.000204411903 0.000271206285 0.0
0.000209578182 0.000275804487 0.0
0.00021291546 0.000280596898 0.0
0.000214510976 0.000284799404 0.0
0.000215278182 0.000287195697 0.0
0.000216069879 0.000287985953 0.0
0.000215495777 0.000287963805 0.0
0.000212275394 0.000287036906 0.0
0.000199015733 0.000283315196 0.0
0.000192368985 0.000279172149 0.0
0.000186209552 0.00027387889 0.0
0.000181037612 0.000267931755 0.0
0.000177558803 0.000262374757 0.0
0.000175452777 0.000258032756 0.0
0.000175009423 0.000255543739 0.0
0.000176460555 0.000254317129 0.0
0.000178861126 0.00025412481 0.0
0.000182047152 0.000255115301 0.0
0.000183987315 0.000257217442 0.0
0.000195066546 0.000268866017 0.0
1.71853899e-05 0.000146378865 0.0
1.70109652e-05 0.000146873848 0.0
1.85614335e-05 0.000146525577 0.0
2.03195577e-05 0.000146038888 0.0
2.2151451e-05 0.000144973557 0.0
2.41611015e-05 0.000142996621 0.0
2.59929948e-05 0.00014028461 0.0
2.77053514e-05 0.000137266412 0.0
2.94119091e-05 0.000134039452 0.0
3.27241687e-05 0.000130442058 0.0
3.80179845e-05 0.000127062667 0.0
3.99365963e-05 0.00012461943 0.0
3.56128876e-05 0.00012342284 0.0
3.19259634e-05 0.000122064237 0.0
2.91347351e-05 0.000122283775 0.0
2.77229792e-05 0.000123381513 0.0
2.72530415e-05 0.00012508886 0.0
2.7043272e-05 0.000126916362 0.0
2.69162392e-05 0.000129293883 0.0
2.64867958e-05 0.000132469533 0.0
2.58031414e-05 0.000136524832 0.0
2.37108216e-05 0.000140971955 0.0
2.8860426e-05 0.000133245543 0.0
5.32477716e-05 0.000279701693 0.0
6.08285736e-05 0.000284126028 0.0
6.74375478e-05 0.000289564399 0.0
7.2378185e-05 0.000295131584 0.0
7.56288136e-05 0.000300550513 0.0
7.73689972e-05 0.000305802096 0.0
7.77072637e-05 0.000310400501 0.0
7.72295971e-05 0.000314026052 0.0
7.60371986e-05 0.000316550402 0.0
7.41286567e-05 0.000318658451 0.0
5.21023248e-05 0.000317367783 0.0
4.01790712e-05 0.000311497308 0.0
3.08099479e-05 0.000303713547 0.0
2.45563788e-05 0.000294729922 0.0
2.14128158e-05 0.000287061761 0.0
2.1059288e-05 0.00028175718 0.0
2.15109103e-05 0.000279043248 0.0
2.35887273e-05 0.000277300831 0.0
2.85701681e-05 0.000275961182 0.0
3.61069615e-05 0.000275446393 0.0
5.27224765e-05 0.00029464683 0.0
-0.000108725057 0.000337188976 0.0
-9.86083105e-05 0.000341985811 0.0
-9.11185271e-05 0.000347979396 0.0
-8.46217954e-05 0.000354415737 0.0
-8.03024159e-05 0.00036042335 0.0
-7.62465861e-05 0.000367395201 0.0
-7.37972805e-05 0.00037381571 0.0
-7.35715294e-05 0.000380890007 0.0
-7.74355358e-05 0.000386996195 0.0
-8.50587021e-05 0.000391880167 0.0
-9.61403493e-05 0.000393332593 0.0
-0.000116472678 0.000385877007 0.0
-0.000125104329 0.000379128876 0.0
-0.000133517809 0.000371447444 0.0
-0.000139695869 0.00036351537 0.0
-0.00014298482 0.000356108067 0.0
-0.000144851059 0.000350080983 0.0
-0.000146157108 0.000344914297 0.0
-0.000145971309 0.000340051425 0.0
-0.000144352292 0.000335801655 0.0
-0.000139791693 0.0003330326 0.0
-0.000131331748 0.000332541589 0.0
-0.000112838432 0.000359414116 0.0
0.000107983506 0.000328856346 0.0
0.000116322983 0.000332823925 0.0
0.00012313902 0.000338137994 0.0
0.000128156389 0.000344550295 0.0
0.000131110413 0.000351375784 0.0
0.000132510992 0.000357334968 0.0
0.000132547037 0.000361510523 0.0
0.000131445544 0.000363311818 0.0
0.000129519089 0.000363051164 0.0
0.000126911342 0.000361372251 0.0
0.00012439907 0.000358984835 0.0
0.000120608594 0.000353099313 0.0
0.000115838127 0.000350375689 0.0
0.000108901804 0.000347331021 0.0
0.000102987731 0.000343125779 0.0
9.81373814e-05 0.0003390481 0.0
9.45372085e-05 0.000335077231 0.0
9.28289592e-05 0.000332095806 0.0
9.20424645e-05 0.000329987204 0.0
9.12681062e-05 0.000328729104 0.0
9.06915884e-05 0.000328359718 0.0
9.08665243e-05 0.000327472779 0.0
0.000111108049 0.000346723624 0.0
-8.05077361e-05 0.000216242348 0.0
-7.12423862e-05 0.000222160248 0.0
-6.26360124e-05 0.000229042722 0.0
-5.59182881e-05 0.000236960317 0.0
-5.20187932e-05 0.000244692928 0.0
-5.00563547e-05 0.000250948098 0.0
-4.8647631e-05 0.000255815103 0.0
-4.79456976e-05 0.000259855093 0.0
-4.8670885e-05 0.000263414142 0.0
-5.1461735e-05 0.000266181713 0.0
-5.69482363e-05 0.000268489122 0.0
-6.51058726e-05 0.000270015036 0.0
-8.03966032e-05 0.000268745003 0.0
-8.88715367e-05 0.000265864772 0.0
-9.80105397e-05 0.000260836823 0.0
-0.000106926069 0.000254176906 0.0
-0.000114636234 0.000246413343 0.0
-0.000119180047 0.000237653265 0.0
-0.000121333382 0.000229122888 0.0
-0.000121182988 0.000221835187 0.0
-0.000118431482 0.000215760607 0.0
-0.000113373135 0.000211342776 0.0
-0.000106656415 0.000209309525 0.0
-9.84777653e-05 0.000209357211 0.0
-7.99948684e-05 0.00024317838 0.0
0.000454003952 0.000600804808 0.0
0.000467517471 0.000570425123 0.0
0.000335284043 0.000369240763 0.0
0.000319381128 0.000344802829 0.0
0.000272415928 0.000314711418 0.0
0.000235288695 0.000292135053 0.0
0.000218013971 0.000278088002 0.0
0.000214551896 0.000263637339 0.0
0.000226159667 0.000241918693 0.0
0.000231017199 0.00021697575 0.0
0.00020575925 0.000190524574 0.0
0.000149443731 0.000157455535 0.0
0.000102739679 7.61566916e-05 0.0
9.33029951e-05 6.12656877e-05 0.0
6.721932e-05 4.27968662e-05 0.0
2.92042332e-05 2.16951976e-05 0.0
-1.97176523e-05 2.50572321e-05 0.0
-9.16266799e-05 4.27231425e-05 0.0
-0.000127022038 3.82325561e-05 0.0
-0.000209825492 5.2011851e-06 0.0
-0.00022665791 2.21665759e-05 0.0
-0.000242822367 1.00805173e-05 0.0
-0.000260672066 -1.38594032e-05 0.0
-0.000277907646 -3.59174883e-05 0.0
-0.000289756397 -4.59515759e-05 0.0
-0.000300514861 -4.31790613e-05 0.0
-0.000312755263 -2.52964837e-05 0.0
-0.000321854895 -5.90204593e-07 0.0
-0.000328407332 2.02478659e-05 0.0
-0.000335459947 3.15764082e-05 0.0
-0.000349063455 3.13203382e-05 0.0
-0.000369692629 1.48557519e-05 0.0
-0.000395849987 -7.24088068e-06 0.0
-0.000418983225 -2.141406e-05 0.0
-0.000437295676 -1.93790675e-05 0.0
-0.000428118161 2.16951976e-05 0.0
-0.000390103087 4.27968662e-05 0.0
-0.000364019419 6.12656877e-05 0.0
-0.000354582735 7.61566916e-05 0.0
-0.000307878654 0.000157455535 0.0
-0.00025156315 0.000190524574 0.0
-0.000226305201 0.00021697575 0.0
-0.000231162732 0.000241918693 0.0
-0.000242770504 0.000263637339 0.0
-0.000239308429 0.000278088002 0.0
-0.000222033705 0.000292135053 0.0
-0.000184906472 0.000314711418 0.0
-0.000137941272 0.000344802829 0.0
-0.000122038371 0.000369240763 0.0
1.01950818e-05 0.000570425123 0.0
-3.31844763e-06 0.000600804808 0.0
2.40173267e-05 0.000603555003 0.0
4.23297824e-05 0.000601520063 0.0
6.54630057e-05 0.000615693221 0.0
9.16203571e-05 0.000637789839 0.0
0.000112249552 0.000654254458 0.0
0.000125853039 0.000654510513 0.0
0.000132905654 0.000643181964 0.0
0.000139458105 0.000622343912 0.0
0.000148557752 0.000597637612 0.0
0.000160798125 0.000579755055 0.0
0.000171556603 0.000576982507 0.0
0.000183405355 0.000587016635 0.0
0.000200640934 0.000609074719 0.0
0.000218490633 0.000633014599 0.0
0.00023465509 0.000645100663 0.0
0.000251487509 0.000628135283 0.0
0.000334290962 0.000661166676 0.0
0.000369686313 0.000665657222 0.0
0.000441595359 0.000647991314 0.0
1.59136071e-05 0.000448931736 0.0
-2.01459316e-05 0.000467903999 0.0
-3.1202926e-05 0.000453111454 0.0
2.52262762e-05 0.000465085293 0.0
6.31005321e-07 0.00043531807 0.0
-4.86873569e-06 0.00048006649 0.0
1.78475821e-05 0.000437040726 0.0
-2.05192009e-05 0.000477639143 0.0
-3.32874697e-05 0.000464677287 0.0
2.95414993e-05 0.000451809843 0.0
3.24104331e-05 0.000476435351 0.0
-4.01231446e-05 0.000441622135 0.0
5.90398076e-06 0.00048890413 0.0
-1.12508023e-05 0.00042474916 0.0
3.57550889e-05 0.000461553078 0.0
-3.00549254e-05 0.000472762564 0.0
2.63681977e-05 0.000442925404 0.0
-1.18208982e-05 0.000485326542 0.0
-4.05774699e-05 0.000456018723 0.0
9.15324017e-06 0.0004280867 0.0
-3.2607044e-05 0.000427391351 0.0
2.35486004e-05 0.000487944228 0.0
2.86548093e-05 0.0004839428 0.0
-3.75633172e-05 0.000432746339 0.0
-4.27195737e-05 0.000448618172 0.0
3.65148626e-05 0.000469616847 0.0
-2.40160334e-05 0.000424664526 0.0
1.63696368e-05 0.00048948155 0.0
-3.41142709e-06 0.000488790392 0.0
-1.37535437e-07 0.000424106751 0.0
1.17716318e-05 0.000460230396 0.0
-1.72680557e-05 0.000457802729 0.0
1.06413654e-06 0.00044786348 0.0
-6.0528123e-06 0.000469456951 0.0
0.000334908982 0.000399938464 0.0
0.000347843888 0.000405300845 0.0
0.000340528495 0.000397089287 0.0
0.000327275367 0.000401428028 0.0
0.000356655917 0.00041198809 0.0
0.000325980393 0.000394820905 0.0
0.000330054143 0.000393196213 0.0
0.000346559362 0.000399212731 0.0
0.000342213752 0.000406825769 0.0
0.000353005511 0.000404454127 0.0
0.000334101875 0.000404928607 0.0
0.000350078539 0.000410718407 0.0
0.000334613316 0.000392662245 0.0
0.000341088715 0.000401197613 0.0
0.000338782265 0.000393791299 0.0
0.000325064379 0.000403824786 0.0
0.000329568487 0.0004057076 0.0
0.000358722638 0.000409332482 0.0
0.000336245226 0.000396705203 0.0
0.000325294444 0.000391139445 0.0
0.000323473185 0.000396684947 0.0
0.000361464219 0.000416421215 0.0
0.000351876661 0.000401399971 0.0
0.000355309079 0.000414896233 0.0
0.000342502928 0.000395668379 0.0
0.000330035342 0.000399599987 0.0
0.000345493376 0.000401327066 0.0
0.000323124463 0.000400105782 0.0
0.000361786369 0.000413395755 0.0
0.000353326643 0.000407691172 0.0
0.000330300303 0.000390510046 0.0
0.000346466404 0.000411947782 0.0
-0.000118586999 0.000417143223 0.0
-0.000108999571 0.000421414239 0.0
-9.94030852e-05 0.000422846671 0.0
-0.000126838218 0.000411574845 0.0
-0.00012312863 0.000414870359 0.0
-0.000103200764 0.000423671765 0.0
-0.000113767164 0.000420408353 0.0
0.000403698534 0.000635398901 0.0
0.00039918223 0.000618397899 0.0
0.000387406413 0.000619887782 0.0
0.000402125355 0.000610032352 0.0
0.000414500799 0.000648063316 0.0
0.000403271464 0.000643242442 0.0
0.000388867193 0.00062939449 0.0
0.000388881366 0.000603124208 0.0
0.000384746847 0.000609687704 0.0
0.000408532214 0.000621418469 0.0
0.000403258979 0.000626768568 0.0
0.000414064154 0.000641280145 0.0
0.000394340837 0.000638137979 0.0
0.000407309475 0.000607336755 0.0
0.00039588075 0.00062782882 0.0
0.000380641432 0.000612010888 0.0
0.000394225033 0.000603109947 0.0
0.000382210652 0.000622223888 0.0
0.000409735629 0.000649213151 0.0
0.00038468116 0.000603541732 0.0
0.000411013636 0.000614736578 0.0
0.000420618191 0.000652920455 0.0
0.000420256867 0.000647491834 0.0
0.000393553724 0.0006187791 0.0
0.000408726308 0.000642428931 0.0
0.000413134316 0.000634084165 0.0
0.00039738667 0.000611703901 0.0
0.000415666349 0.000652478775 0.0
0.000379638863 0.000616439618 0.0
0.00039727398 0.000634931726 0.0
0.000399260258 0.000603127351 0.0
0.000391075097 0.000610464893 0.0
-2.69100146e-05 2.05086781e-05 0.0
-2.60810211e-05 1.23371101e-05 0.0
-3.10025534e-05 3.50626436e-07 0.0
-2.86990198e-05 2.97676306e-05 0.0
-2.09701047e-05 1.86548696e-05 0.0
-3.60822596e-05 -6.10908819e-06 0.0
-2.45747287e-05 5.92019478e-06 0.0
-3.32138297e-05 5.66815061e-06 0.0
-2.41686903e-05 2.69473276e-05 0.0
0.00025984642 0.000591482909 0.0
0.00026891462 0.000601801672 0.0
0.000250430836 0.000592911616 0.0
0.000245408592 0.000585942529 0.0
0.000263285736 0.000585614238 0.0
0.000261173584 0.000603013323 0.0
0.000249591889 0.000582412467 0.0
0.000276951265 0.000608542585 0.0
0.000273804297 0.000610295217 0.0
0.000270261342 0.000598113518 0.0
0.000259611377 0.000595147372 0.0
0.000251146033 0.000597186852 0.0
0.000243468574 0.000589465024 0.0
0.000269062963 0.000591782853 0.0
0.000242570808 0.000580673921 0.0
0.000253490492 0.000580077467 0.0
0.000278287655 0.00060491293 0.0
0.000259439752 0.000598639948 0.0
0.000270694902 0.000586168666 0.0
0.000251753052 0.000590338139 0.0
0.000250551471 0.000586224953 0.0
0.000241018235 0.000585733156 0.0
0.000266869174 0.000607886235 0.0
0.000254967366 0.000601974491 0.0
0.000244815281 0.000592482858 0.0
0.000280366337 0.000613594486 0.0
0.000263790222 0.000581966247 0.0
0.00024019822 0.000582808396 0.0
0.000257315638 0.000586139911 0.0
0.000260563218 0.000605664332 0.0
0.000244965951 0.000578019768 0.0
0.000284154987 0.00061399024 0.0
0.00024667714 0.000589107105 0.0
0.000267914118 0.000604960136 0.0
-0.000171811596 -1.5286103e-05 0.0
-0.000174725792 -2.45530355e-05 0.0
-0.000170776388 -1.21219155e-05 0.0
-0.000175798283 -2.79197902e-05 0.0
-0.000318162813 6.83542385e-05 0.0
-0.000338003621 7.32290719e-05 0.0
-0.000347238121 6.27440386e-05 0.0
-0.000325383851 5.78480685e-05 0.0
-0.000335551478 5.13982268e-05 0.0
-0.000349572219 5.38364402e-05 0.0
-0.000311053533 7.86443707e-05 0.0
-0.000329592935 8.39287968e-05 0.0
-0.000314471486 6.43745225e-05 0.0
-0.000345548993 7.22557816e-05 0.0
-0.000332344207 5.82644388e-05 0.0
-0.000318552862 8.81065062e-05 0.0
-0.000343311811 4.8806829e-05 0.0
-0.000336481753 8.30280987e-05 0.0
-0.000308376766 8.56498082e-05 0.0
-0.000306282396 7.57902599e-05 0.0
-0.00032944142 5.25694122e-05 0.0
-0.000353015173 5.61759589e-05 0.0
-0.000350758492 4.92315448e-05 0.0
-0.00031891145 5.84092231e-05 0.0
-0.000350887596 6.60494479e-05 0.0
-0.000341866224 6.0039707e-05 0.0
-0.000323988323 5.49951437e-05 0.0
-0.000342428975 7.86735691e-05 0.0
-0.000307813578 7.01879835e-05 0.0
-0.000352868316 6.08190676e-05 0.0
-0.000312447635 8.8444438e-05 0.0
-0.000347544934 4.81808383e-05 0.0
-0.000322923559 9.0438567e-05 0.0
-0.000340372266 4.81203751e-05 0.0
3.96039031e-05 0.000534045685 0.0
4.56842899e-05 0.000530201942 0.0
2.44364946e-05 0.000521030626 0.0
5.22786577e-05 0.000541939051 0.0
2.48509496e-05 0.000530977617 0.0
4.71512249e-05 0.000543888251 0.0
3.54280055e-05 0.000523607363 0.0
3.51570743e-05 0.000539175409 0.0
5.42194139e-05 0.000539075409 0.0
1.67330163e-05 0.000524229836 0.0
5.46868578e-05 0.000547582342 0.0
4.51062988e-05 0.000524480012 0.0
1.95913108e-05 0.000512987899 0.0
3.87720647e-05 0.000521367299 0.0
2.84781727e-05 0.000516529835 0.0
2.37711847e-05 0.000536134583 0.0
4.48495484e-05 0.000534353487 0.0
5.09907986e-05 0.000532139558 0.0
4.68627077e-05 0.000540122681 0.0
4.3913722e-05 0.000545565214 0.0
1.61905773e-05 0.000517651497 0.0
3.10022951e-05 0.000528385979 0.0
3.46384877e-05 0.000534188468 0.0
5.8661517e-05 0.000547723379 0.0
1.52866505e-05 0.00052827812 0.0
5.39656176e-05 0.000548875949 0.0
5.79235457e-05 0.000544431969 0.0
5.80657033e-05 0.000549332763 0.0
2.93098947e-05 0.000541013374 0.0
3.63343352e-05 0.00054421433 0.0
4.08190717e-05 0.000528229866 0.0
3.12958473e-05 0.000524102827 0.0
4.92469226e-05 0.000535739993 0.0
3.37969286e-05 0.000518637476 0.0
4.16531657e-05 0.000538299908 0.0
2.34844392e-05 0.000524850562 0.0
5.07564764e-05 0.000548612268 0.0
5.51749108e-05 0.000536817999 0.0
1.20715176e-05 0.000519261113 0.0
3.73227267e-05 0.000528782664 0.0
1.77021411e-05 0.000532501494 0.0
0.000492442283 0.000513548555 0.0
0.000484556309 0.000508814061 0.0
0.000494776468 0.000515054795 0.0
0.000481491385 0.000507275807 0.0
0.000261185982 0.000494695443 0.0
0.000270295481 0.000508150551 0.0
0.000279359258 0.000494726875 0.0
0.000288003648 0.000506856886 0.0
0.000288376847 0.00050065713 0.0
0.000290435361 0.000514443673 0.0
0.000276359729 0.000515078485 0.0
0.000262002315 0.000501811446 0.0
0.000257043022 0.00048666916 0.0
0.000272461242 0.000487498386 0.0
0.000253830047 0.00049162755 0.0
0.000282747525 0.000492447638 0.0
0.000294781639 0.000508482102 0.0
0.000268060132 0.000510541373 0.0
0.000259847438 0.00048310915 0.0
0.00026506788 0.000483368844 0.0
0.00028674936 0.000518639339 0.0
0.000282233959 0.000518747489 0.0
0.000293610326 0.000504385971 0.0
0.000294799334 0.000512784638 0.0
0.000253062753 0.000487471989 0.0
0.000255898776 0.000496794935 0.0
0.000277697283 0.000488677586 0.0
0.000287538598 0.00049665774 0.0
0.000272390898 0.000513765612 0.0
0.000263430149 0.000506532844 0.0
0.000254911516 0.000481620082 0.0
0.000291763921 0.00051976653 0.0
0.000280295819 0.000501223665 0.0
0.000269385404 0.000501720584 0.0
0.000134153452 0.000547121163 0.0
0.000141962533 0.000570394273 0.0
0.000121275334 0.000541925605 0.0
0.000154752866 0.000574363745 0.0
0.000146614155 0.000550570374 0.0
0.000129839595 0.000567668525 0.0
0.000149851679 0.000577502826 0.0
0.000125770239 0.000540156383 0.0
0.000156526366 0.000559769571 0.0
0.000119755823 0.000557312858 0.0
0.000160669966 0.000574431207 0.0
0.000115364957 0.000541074493 0.0
0.00013330915 0.000561921857 0.0
0.000143212485 0.000555246603 0.0
0.000139823198 0.000544217299 0.0
0.000136304952 0.000574350881 0.0
0.000131729612 0.000540613371 0.0
0.000143895784 0.00057772093 0.0
0.000119378652 0.000537323125 0.0
0.000156279872 0.000579949061 0.0
0.000113864706 0.000545102637 0.0
0.000114248694 0.000550406694 0.0
0.000162016338 0.000570268661 0.0
0.000161508797 0.000565540919 0.0
0.000155424263 0.000553777791 0.0
0.000120854893 0.000564479036 0.0
0.000130833243 0.000550098426 0.0
0.000145521291 0.000566649949 0.0
-3.51283124e-05 0.000229464233 0.0
-4.08024353e-05 0.000225669282 0.0
-3.98748161e-05 0.000222206771 0.0
-3.27014423e-05 0.000224887393 0.0
-3.76379212e-05 0.000219973183 0.0
-3.09814714e-05 0.000221235678 0.0
-3.57145982e-05 0.000233359722 0.0
-4.16861767e-05 0.000228219447 0.0
-4.18742275e-05 0.000223986266 0.0
-3.40091501e-05 0.000228157092 0.0
-3.75435302e-05 0.000223218143 0.0
-3.74714837e-05 0.000233300525 0.0
-3.4602821e-05 0.000218943664 0.0
-3.46352354e-05 0.00023296944 0.0
-4.30761611e-05 0.000227085635 0.0
-4.11749497e-05 0.000229834171 0.0
-3.99430428e-05 0.000219834168 0.0
-3.02256522e-05 0.000221289156 0.0
-3.05708709e-05 0.000219052439 0.0
-3.27394882e-05 0.000224853749 0.0
-4.15707364e-05 0.000222004106 0.0
-4.10301654e-05 0.000220721515 0.0
-3.42870335e-05 0.000230760794 0.0
-3.13669916e-05 0.000222666829 0.0
-4.2930842e-05 0.000225464697 0.0
-3.39519029e-05 0.000224436561 0.0
-3.9159524e-05 0.000231680227 0.0
-3.24906432e-05 0.000218595655 0.0
-3.54351796e-05 0.000235178653 0.0
-3.67355751e-05 0.000218163943 0.0
-3.68720248e-05 0.000230138859 0.0
7.73447609e-05 0.000110170338 0.0
8.25929528e-05 0.000109469947 0.0
8.43091548e-05 0.00011645694 0.0
7.36250659e-05 0.000105016537 0.0
7.79439288e-05 0.000105915686 0.0
8.90762385e-05 0.000119701239 0.0
8.39724598e-05 0.000112128422 0.0
7.91294515e-05 0.000113013979 0.0
7.2605857e-05 0.000108074259 0.0
9.03824912e-05 0.000118306802 0.0
7.35798822e-05 0.000101542872 0.0
7.46636288e-05 0.000102531783 0.0
8.80028165e-05 0.00011524454 0.0
8.1663311e-05 0.000109334003 0.0
8.55938124e-05 0.000112079004 0.0
8.36215404e-05 0.000115820592 0.0
7.49094906e-05 0.000110203087 0.0
7.05639686e-05 0.000105614883 0.0
7.92933424e-05 0.000107597538 0.0
9.0798334e-05 0.00011988695 0.0
8.6754022e-05 0.000118265729 0.0
8.89745643e-05 0.000120039535 0.0
7.12643523e-05 0.000103663282 0.0
7.23451085e-05 0.00010198541 0.0
8.09207268e-05 0.00011237531 0.0
7.43847486e-05 0.00010310686 0.0
7.34810164e-05 0.000100967489 0.0
-0.000366654654 0.000115208422 0.0
-0.000368395296 0.00011218751 0.0
-0.000366188993 0.00011587482 0.0
-0.000368796376 0.000111578607 0.0
-0.000365487387 0.000117586576 0.0
-0.000370992871 0.000110507957 0.0
0.000202108684 0.000277414831 0.0
0.000190434352 0.000263018155 0.0
0.000190334176 0.000269095763 0.0
0.000197061483 0.000268475473 0.0
0.000185545272 0.000258549146 0.0
0.00020906287 0.000282107474 0.0
0.000196330948 0.000276477309 0.0
0.000183041353 0.000262919464 0.0
0.00020522064 0.000275719707 0.0
0.000190927938 0.000263861788 0.0
0.000206634679 0.000283085828 0.0
0.000182641394 0.000257585489 0.0
0.000186272227 0.000270095625 0.0
0.000186126839 0.000259308348 0.0
0.00021206621 0.000284182199 0.0
0.000194977329 0.000266647578 0.0
0.000199461429 0.000269321114 0.0
0.000203585165 0.000272536126 0.0
0.000187586731 0.000261405541 0.0
0.000201644812 0.0002812655 0.0
0.000210454251 0.000284392474 0.0
0.000189062921 0.00026248474 0.0
0.000182544856 0.000265588198 0.0
0.000190826337 0.000274587859 0.0
0.000179337716 0.000258989865 0.0
0.000209850594 0.000280282635 0.0
0.000211418766 0.000282882567 0.0
0.000179820388 0.000257471052 0.0
0.000196708861 0.00026899256 0.0
0.000182479547 0.000256395724 0.0
2.58004766e-05 0.000135174138 0.0
3.41135456e-05 0.000128980508 0.0
3.17285921e-05 0.000133224225 0.0
2.22697254e-05 0.000140163102 0.0
2.75351704e-05 0.000137576702 0.0
2.73361857e-05 0.000131347042 0.0
3.35637851e-05 0.00012508512 0.0
2.32152088e-05 0.00013898313 0.0
3.6634814e-05 0.000128775777 0.0
2.16867938e-05 0.000142511111 0.0
2.84505677e-05 0.000127469248 0.0
2.63629008e-05 0.000134023081 0.0
2.80008135e-05 0.000131605586 0.0
2.98922241e-05 0.000124717786 0.0
3.65975793e-05 0.000125020233 0.0
2.56258536e-05 0.000140292832 0.0
2.92224377e-05 0.000135371476 0.0
2.03417803e-05 0.000142458914 0.0
1.91577619e-05 0.000143881189 0.0
1.9503148e-05 0.000144095466 0.0
3.42461026e-05 0.000130798959 0.0
2.87956263e-05 0.00013523821 0.0
2.50322773e-05 0.000137151597 0.0
3.8586546e-05 0.000126215324 0.0
3.14507161e-05 0.00013299656 0.0
2.37778095e-05 0.000142193487 0.0
2.21849641e-05 0.000143537618 0.0
2.7559272e-05 0.000128769476 0.0
2.58072614e-05 0.000136099174 0.0
3.11601543e-05 0.0001235534 0.0
2.85296101e-05 0.000125358798 0.0
4.55456575e-05 0.000299367908 0.0
5.02736038e-05 0.000286443334 0.0
6.29895585e-05 0.000293529272 0.0
6.18865961e-05 0.000307288952 0.0
3.88046792e-05 0.000281864981 0.0
3.33239732e-05 0.000291709992 0.0
7.07612271e-05 0.000301274558 0.0
4.89971862e-05 0.000307253533 0.0
5.56698651e-05 0.000285326474 0.0
7.12966357e-05 0.000309982279 0.0
2.72421585e-05 0.000286198279 0.0
3.3441047e-05 0.000297515129 0.0
3.1058371e-05 0.000280021573 0.0
4.26049228e-05 0.000279885018 0.0
4.94575615e-05 0.000281321642 0.0
3.95734351e-05 0.000303971174 0.0
5.92422002e-05 0.000312615331 0.0
6.68041466e-05 0.000314146542 0.0
7.08333246e-05 0.000313520839 0.0
6.2840365e-05 0.000289139221 0.0
6.73345057e-05 0.000292984565 0.0
7.02109974e-05 0.000296949525 0.0
2.64216415e-05 0.000282699999 0.0
2.75351467e-05 0.000281004497 0.0
7.39158568e-05 0.000305978436 0.0
7.41463227e-05 0.000309576193 0.0
4.20949873e-05 0.00029268011 0.0
4.44018151e-05 0.000287339935 0.0
-0.000128722633 0.000360055215 0.0
-9.32007897e-05 0.00036169216 0.0
-0.000130393484 0.000348412286 0.0
-9.00393788e-05 0.000372487702 0.0
-0.00012443497 0.000370078138 0.0
-9.4844203e-05 0.000353151612 0.0
-0.000137642142 0.000351159222 0.0
-0.000127541789 0.000341860781 0.0
-9.83036152e-05 0.000379856618 0.0
-8.37987245e-05 0.000367626082 0.0
-0.000136963761 0.000359894533 0.0
-0.000104599683 0.000346276211 0.0
-0.00014002368 0.000341783714 0.0
-8.7284272e-05 0.000357689074 0.0
-0.00011955158 0.000377831224 0.0
-8.0612881e-05 0.000374536816 0.0
-8.18108456e-05 0.00037941747 0.0
-8.68972347e-05 0.00038240396 0.0
-8.31751095e-05 0.000363052357 0.0
-0.000139838725 0.000354246236 0.0
-0.000132760877 0.000366153632 0.0
-0.000103460254 0.000355435448 0.0
-0.000137001014 0.00033908803 0.0
-0.000141529745 0.000345343549 0.0
-0.000103843369 0.00038465648 0.0
-0.000122753903 0.00033878049 0.0
-0.00011388163 0.0003408755 0.0
-0.000111852496 0.00038235329 0.0
-0.000101607569 0.000366452441 0.0
-9.73364149e-05 0.000347431749 0.0
0.000117203745 0.000346342364 0.0
0.000116130199 0.000352246192 0.0
0.000102207254 0.000337107544 0.0
0.000108978478 0.000346240879 0.0
0.000101274476 0.000339718827 0.0
0.000124349375 0.000352355797 0.0
0.000122313082 0.000357645971 0.0
0.000110245041 0.000337872014 0.0
9.60168109e-05 0.000333084376 0.0
0.00011602469 0.000351515773 0.0
0.000122168189 0.000343357824 0.0
9.7447155e-05 0.000331239775 0.0
0.000125240578 0.000359146827 0.0
0.000121712314 0.000356694451 0.0
0.000128188083 0.000357030774 0.0
9.69169487e-05 0.000335640594 0.0
0.000103491991 0.000342498068 0.0
0.000111589681 0.00034827218 0.0
0.000119836426 0.000354334625 0.0
0.000107264103 0.000345433305 0.0
0.000125733743 0.000348376023 0.0
0.000117249503 0.000338536804 0.0
0.0001038552 0.000332471507 0.0
9.40239188e-05 0.000330776587 0.0
0.000127798528 0.000359352853 0.0
9.51231996e-05 0.000333296222 0.0
9.41625185e-05 0.000331677904 0.0
0.00010649841 0.000343734107 0.0
0.000118122021 0.000353491865 0.0
0.000125843319 0.000360295206 0.0
0.000110149544 0.000342285784 0.0
-8.3536157e-05 0.000227429409 0.0
-6.45134351e-05 0.000242301379 0.0
-9.65214203e-05 0.000245743286 0.0
-7.69956096e-05 0.000258434971 0.0
-5.61723864e-05 0.000250881218 0.0
-7.10483873e-05 0.000231346276 0.0
-8.92658281e-05 0.000256956555 0.0
-6.55106996e-05 0.000262665999 0.0
-9.62805061e-05 0.000219758411 0.0
-0.000107776606 0.000235511587 0.0
-8.43592134e-05 0.000219021662 0.0
-0.000105155581 0.000248650584 0.0
-5.79658627e-05 0.000241336093 0.0
-7.69380567e-05 0.000265517971 0.0
-0.000109717461 0.000224975476 0.0
-0.000105657062 0.000219485693 0.0
-5.48631433e-05 0.0002577712 0.0
-5.7075129e-05 0.000261748733 0.0
-5.48898061e-05 0.000247015385 0.0
-6.28788912e-05 0.000234843959 0.0
-8.39592685e-05 0.000263441936 0.0
-7.03792975e-05 0.000266119197 0.0
-7.66150624e-05 0.000223333875 0.0
-9.1739159e-05 0.000216280736 0.0
-0.000110090521 0.000241931441 0.0
-9.85522784e-05 0.000254863815 0.0
-5.18120978e-05 0.000256041851 0.0
-0.000114977236 0.000227858371 0.0
-7.57032685e-05 0.000238598746 0.0
-8.34566672e-05 0.000249062607 0.0
0.000124785394 0.000440130563 0.0
-0.000219796813 8.77920102e-05 0.0
0.000140702585 0.000514925807 0.0
-0.000189128798 9.01406529e-05 0.0
0.000142477773 0.000387463515 0.0
7.10795139e-05 0.000383377599 0.0
0.000191460669 0.000508018944 0.0
-0.00012344541 9.44737112e-05 0.0
-0.000110716413 0.000377806777 0.0
-0.00014749293 0.000169137085 0.0
-2.40944119e-05 0.000356513279 0.0
0.000248390104 0.000390745088 0.0
-0.000234410967 0.00016050144 0.0
8.83414941e-06 0.000251550955 0.0
-0.000173571709 0.000247627991 0.0
-0.000292092969 2.27895944e-05 0.0
8.16604661e-05 0.000483894779 0.0
-5.75487429e-05 7.13078189e-05 0.0
0.000125203063 0.00022314729 0.0
0.000435792259 0.000501162547 0.0
-2.47631579e-06 0.000265018025 0.0
0.000106817373 0.000358004618 0.0
0.00018010498 0.000443517521 0.0
-0.00025705286 0.000111854126 0.0
-3.29664617e-05 0.000446616585 0.0
-0.0001519121 0.000134382091 0.0
-0.00023854163 3.38586688e-05 0.0
0.00010427618 0.000526781136 0.0
0.000340439234 0.00053254707 0.0
-0.000193979751 5.85853231e-05 0.0
7.98841284e-05 0.000225496158 0.0
7.16784853e-05 0.000183940079 0.0
0.000171165142 0.000536628591 0.0
-0.000130415749 0.000139601209 0.0
4.06001054e-05 0.000375230069 0.0
3.15746729e-05 0.000274630118 0.0
0.000108378059 0.000196374531 0.0
0.000180295014 0.000534852094 0.0
4.40262811e-05 0.00044776671 0.0
0.000153367873 0.00038901862 0.0
-1.64010112e-06 0.000383161008 0.0
0.000116200034 0.000361842598 0.0
0.00014378046 0.000488463498 0.0
-7.16182185e-05 7.74240834e-05 0.0
0.000121426994 0.00039464829 0.0
-0.000209470527 0.000178121889 0.0
-6.07723996e-05 5.56905943e-05 0.0
-0.000200766328 0.000276694947 0.0
-5.19435853e-05 0.00013538776 0.0
0.000245828502 0.000333118689 0.0
0.00023060423 0.000539041124 0.0
0.000305078778 0.000424765138 0.0
-0.000271797471 4.33274545e-06 0.0
1.08248432e-05 0.000306834379 0.0
-8.15036983e-05 0.000207957579 0.0
3.97352233e-05 6.95890558e-05 0.0
-6.12403119e-06 0.000261831447 0.0
0.000169759747 0.000351782161 0.0
-0.000314810197 2.20032089e-05 0.0
-0.000209617938 0.000203664909 0.0
-0.000136966366 0.000144319682 0.0
-0.000221835013 4.39688738e-05 0.0
4.41445518e-05 0.000272033532 0.0
-1.6279293e-05 0.000218833418 0.0
-0.000149227402 0.000208428086 0.0
-0.000203828662 8.443978e-05 0.0
-2.49670643e-06 0.000144758524 0.0
-4.8624097e-05 8.43318921e-05 0.0
0.000119631557 0.000605470384 0.0
-0.00015998102 0.000296897604 0.0
-6.13753291e-05 6.61519225e-05 0.0
0.000196110181 0.000422021461 0.0
-0.000320834224 0.000116642623 0.0
-0.000302465138 6.9487447e-05 0.0
0.000228449557 0.000435941649 0.0
-0.000203132906 0.000128483254 0.0
-0.000107507549 0.000170061699 0.0
0.000140294491 0.00053654518 0.0
0.000301034161 0.000496230728 0.0
0.000230300371 0.000486361561 0.0
-7.47708327e-05 0.00040235382 0.0
8.67650524e-05 0.000422275276 0.0
0.000199218688 0.000200093709 0.0
-5.82043103e-05 0.000325520145 0.0
-0.000123644291 3.45582848e-05 0.0
5.23869712e-05 0.000480413786 0.0
8.59851425e-05 0.000341675041 0.0
0.000457374583 0.000539999863 0.0
-7.03190817e-05 0.000461873104 0.0
9.14953716e-07 0.000481089664 0.0
-0.00017899074 3.98084012e-05 0.0
2.80485965e-05 0.00037488126 0.0
3.78123259e-05 4.97118199e-05 0.0
3.55631273e-05 0.000413151109 0.0
0.000156766197 0.000262761314 0.0
1.64029225e-05 0.000372363837 0.0
0.000100916404 0.00033815077 0.0
0.00016643948 0.000463711156 0.0
-0.000186535763 0.000119713201 0.0
6.26771871e-05 0.00050765241 0.0
1.42854424e-05 0.000211757957 0.0
-8.78351784e-05 0.000161983 0.0
-9.89639084e-05 0.00037378227 0.0
3.54257318e-05 0.000280544045 0.0
0.000438090268 0.000465182355 0.0
-8.28943521e-05 0.000407010055 0.0
-1.03943676e-05 0.000248872151 0.0
-0.00011622344 0.000214239539 0.0
9.73502101e-05 0.00053441216 0.0
-0.00035551106 8.87890128e-05 0.0
-0.000268142117 6.15762037e-05 0.0
0.000323665794 0.000532993814 0.0
0.000331993913 0.000571538694 0.0
0.00039021374 0.000574439066 0.0
0.000367089873 0.000471675594 0.0
0.000221996335 0.000622772612 0.0
8.45534232e-05 0.000192973224 0.0
0.000111421985 0.000508755969 0.0
-0.000118551856 0.000375975505 0.0
-2.94028578e-05 0.000413169008 0.0
0.000287372735 0.000373227143 0.0
8.35471219e-05 0.000189370476 0.0
5.0896906e-05 0.000289652002 0.0
0.000141892786 0.00041859987 0.0
-0.000283953763 0.000153477449 0.0
1.72133714e-05 0.00033453948 0.0
-5.06809047e-05 0.000253905222 0.0
0.000190005419 0.000545413175 0.0
0.000182017757 0.000548198121 0.0
-0.000113547445 0.000376617711 0.0
-9.68010227e-06 0.000259293854 0.0
0.000111109162 0.000466968544 0.0
0.00012330398 0.000364944339 0.0
-0.000208036086 0.000235131331 0.0
0.000114292787 0.000267678377 0.0
0.000102476035 0.000377367687 0.0
4.28993844e-05 0.000485918747 0.0
0.000147254861 0.000225241849 0.0
-0.000123590216 0.000241682981 0.0
0.000204640513 0.000551201112 0.0
-0.000301863562 -4.74306034e-06 0.0
-0.000275993923 0.0001272175 0.0
-4.45417645e-05 0.000425486563 0.0
8.18555418e-05 0.000179334893 0.0
-0.00024865265 4.07886582e-05 0.0
-7.58833767e-06 9.64128049e-05 0.0
5.3681335e-05 0.000154097535 0.0
-0.00021998529 0.000179057417 0.0
-0.000317669386 5.02530384e-05 0.0
-0.000169050007 9.92235655e-05 0.0
-0.000346955931 7.30720276e-05 0.0
-0.000219554466 3.94236413e-05 0.0
-0.00019767911 0.000137085299 0.0
-0.000215756168 0.000277921936 0.0
-0.000107189975 2.27085948e-05 0.0
1.37098559e-05 0.000291982346 0.0
0.000120317498 0.000208481986 0.0
0.000277896499 0.000448793202 0.0
-1.86768102e-05 8.88734794e-05 0.0
6.99247612e-05 0.000174343964 0.0
0.000336919096 0.00064591656 0.0
0.00015941287 0.000393903436 0.0
0.000182636271 0.00039181902 0.0
0.000120621364 0.000371634145 0.0
-0.000385216932 2.42885217e-05 0.0
9.59523459e-05 0.000333954493 0.0
0.000122546859 0.000622720341 0.0
0.000256565778 0.000325108558 0.0
0.000172826578 0.000575389015 0.0
4.00480385e-05 0.000484287768 0.0
3.61330931e-05 0.00018286008 0.0
0.000168659681 0.000169832245 0.0
1.89537604e-05 0.000484390883 0.0
0.000466106489 0.000550234457 0.0
0.000233452767 0.000458683528 0.0
-0.000101163838 0.000172142478 0.0
7.58416863e-05 0.000452246604 0.0
-0.000289578194 9.15191849e-05 0.0
0.000166992773 0.000511110062 0.0
-8.01923161e-05 7.19236341e-05 0.0
0.000309698225 0.000435906986 0.0
0.000446540827 0.000590256066 0.0
6.94878036e-05 0.000335036311 0.0
1.0498281e-05 4.24704485e-05 0.0
0.000238358945 0.000561820634 0.0
2.04272746e-05 5.50482e-05 0.0
0.000434033922 0.000623358472 0.0
-2.09765039e-05 0.000495710352 0.0
0.000137014213 0.000590210897 0.0
0.000298333383 0.000476291898 0.0
-0.000259812863 -1.70412864e-06 0.0
0.00026288713 0.000558659201 0.0
-0.000150014806 0.000179377224 0.0
0.000300858723 0.000371413829 0.0
-0.000175537731 0.000308609131 0.0
0.000121210673 0.000547146832 0.0
-4.82761016e-06 0.0004446198 0.0
-1.76659469e-05 0.000303603127 0.0
0.00046293324 0.0004997293 0.0
0.000198596041 0.000309502328 0.0
0.000167734499 0.000410946785 0.0
-0.000172883651 0.000112486552 0.0
-0.000324698427 2.83307909e-05 0.0
-2.39522396e-05 0.000251413439 0.0
-0.000214723885 6.30622744e-05 0.0
0.00016462573 0.00052811153 0.0
0.000335190824 0.000468822109 0.0
2.13956209e-05 0.000270450721 0.0
0.000225127151 0.000449788145 0.0
-0.000200106268 2.80495606e-05 0.0
0.000211094113 0.000600643689 0.0
-0.000243862232 1.3762311e-05 0.0
0.000103379563 0.000339786639 0.0
-6.78808938e-05 0.000223693118 0.0
0.000422804413 0.000572292542 0.0
-9.23133557e-05 0.000372719369 0.0
0.000122602025 0.00049458578 0.0
-0.000159758725 7.89316327e-05 0.0
-0.000201496921 6.81260499e-05 0.0
-0.000189822327 0.000105735075 0.0
-8.6911321e-05 8.68361094e-05 0.0
0.000185598299 0.000210040147 0.0
0.000208216938 0.000427914958 0.0
0.000391392678 0.000443718338 0.0
9.87281455e-05 0.000586341892 0.0
-7.57887537e-05 0.000196162495 0.0
-0.000181644675 0.000166614205 0.0
7.1396229e-05 7.43578348e-05 0.0
0.000102321676 0.000186144462 0.0
1.97988193e-05 0.000567435636 0.0
0.000301854714 0.000536496111 0.0
6.04872912e-05 0.000516430708 0.0
1.28968059e-05 0.00043154892 0.0
-0.000349815644 0.000109236236 0.0
-2.99363346e-05 0.000261378562 0.0
0.000252581056 0.000502790208 0.0
-0.000157134113 0.000121748817 0.0
0.000191545943 0.000562719244 0.0
7.91222774e-05 0.000292449782 0.0
2.36663436e-05 7.22308032e-05 0.0
0.000109727356 0.000350575399 0.0
-3.63013839e-07 0.000266326184 0.0
-0.000303979527 9.65361251e-05 0.0
0.000452995562 0.000576171675 0.0
-0.000115633695 3.89935558e-05 0.0
1.3139851e-05 0.000272406061 0.0
0.000323884335 0.00057233969 0.0
-0.00027372397 3.24856264e-05 0.0
0.000131086446 0.000523344381 0.0
-6.50228467e-05 4.94346132e-05 0.0
6.20515275e-05 0.000486104283 0.0
-8.72246455e-05 0.000182338903 0.0
-0.000240282912 9.15690543e-05 0.0
-0.000177802794 0.000142276927 0.0
0.000295242644 0.000538859109 0.0
5.54399885e-05 0.000300254935 0.0
0.000151153043 0.000543704955 0.0
-2.43535178e-05 0.000429357809 0.0
-7.08066318e-06 4.77001595e-05 0.0
0.000150629858 0.000336668862 0.0
0.000165839068 0.00056956819 0.0
5.61974957e-05 0.000113351292 0.0
-0.000288344221 -2.06033765e-05 0.0
-6.97224241e-05 0.000470090134 0.0
-8.53438396e-05 0.000415757124 0.0
-7.87387762e-05 0.00030109103 0.0
0.000199085611 0.000550410652 0.0
-2.32294315e-05 0.000113168557 0.0
6.78308861e-05 0.000157652103 0.0
-1.79113486e-05 0.000195371671 0.0
0.000364811596 0.00058205711 0.0
0.000201601229 0.000580501335 0.0
-0.000250638986 0.000182350981 0.0
0.000108325003 0.000410963985 0.0
0.000214941902 0.000226084492 0.0
0.000177449037 0.000583227607 0.0
0.000321054307 0.000599881983 0.0
5.9035352e-05 0.000328583468 0.0
0.000198377122 0.00048167113 0.0
5.31159822e-06 0.0002781722 0.0
-2.32619332e-05 0.000172899774 0.0
5.35689687e-05 0.000118198033 0.0
0.000330386101 0.000579338346 0.0
-0.000338208454 0.000130897897 0.0
1.71550801e-05 0.000461145508 0.0
0.000140932912 0.00038198792 0.0
0.000439617143 0.000459400617 0.0
-4.01757234e-06 0.000199611037 0.0
-5.24820871e-06 0.000261002482 0.0
-7.69386043e-06 0.000181346826 0.0
-0.000104139282 0.000384742365 0.0
-0.000102905287 0.000404629769 0.0
7.39756888e-06 0.000155101428 0.0
-0.000402238889 6.39523114e-06 0.0
9.03802938e-05 8.4174746e-05 0.0
6.26846668e-05 0.0003662206 0.0
2.94639212e-05 4.83862786e-05 0.0
-0.000140304299 0.000318824983 0.0
2.73565706e-06 0.000411694695 0.0
0.000204925513 0.000558010186 0.0
-0.000180135365 0.000277839135 0.0
-0.000355023745 8.8972527e-05 0.0
0.000206606986 0.000618854712 0.0
-0.00021937328 0.000254929357 0.0
0.000274632563 0.000539137516 0.0
-0.000135028211 0.000332818279 0.0
-3.61127131e-05 7.85771626e-05 0.0
-3.08587573e-07 0.000257939333 0.0
-0.000126009894 0.000120388533 0.0
8.86829584e-05 0.000531410857 0.0
7.65730947e-05 0.000504382362 0.0
0.000103869002 0.0006083849 0.0
1.20610712e-05 0.000263216934 0.0
3.13825731e-05 0.000330482755 0.0
-0.000164405821 4.24033851e-06 0.0
-3.55113916e-05 0.000100936384 0.0
-5.74794249e-05 0.000249770703 0.0
0.000219472437 0.000513860548 0.0
-8.98946746e-05 3.81087011e-05 0.0
3.68577894e-05 0.000286145427 0.0
0.000224247895 0.000353995536 0.0
-0.000190011851 0.000186401114 0.0
-4.19549142e-05 9.07783833e-05 0.0
-0.000196994384 0.000297571067 0.0
0.000109004752 0.000353722629 0.0
0.000314681005 0.000441449258 0.0
6.36186305e-05 0.00041493398 0.0
-0.000216900618 0.000212866638 0.0
0.000121905687 0.000182720381 0.0
0.000244736904 0.000616739213 0.0
0.000171108695 0.000401081372 0.0
0.000137294162 0.000394277216 0.0
0.000158743074 0.000518809655 0.0
-0.000366951863 3.44492619e-05 0.0
0.000292256038 0.000357684039 0.0
0.00016613066 0.000275630562 0.0
5.6703735e-05 9.86309897e-05 0.0
0.000309907482 0.000454117166 0.0
0.000143849335 0.000220510876 0.0
0.000150806227 0.000528499135 0.0
0.000115755851 0.0002122929 0.0
0.00022307453 0.000565866823 0.0
-0.000353989337 4.60987139e-05 0.0
0.00013531938 0.000369607558 0.0
0.000192978885 0.000603441382 0.0
-2.81020275e-05 0.000402604172 0.0
0.000291941513 0.000348176371 0.0
0.000188546677 0.000528169738 0.0
-4.55056897e-06 0.000185831916 0.0
0.00016792705 0.000489907921 0.0
0.000119174503 0.000206064753 0.0
-5.32050144e-05 0.000178094066 0.0
-0.000225086347 6.93513502e-05 0.0
-0.000373509567 2.43774066e-05 0.0
-0.000150090476 0.000221463662 0.0
0.000259971886 0.000557389169 0.0
5.80428132e-05 0.000114986789 0.0
0.00016976372 0.000571148179 0.0
0.000140057004 0.000464790035 0.0
-1.69227442e-05 0.000379550271 0.0
-0.000107580912 1.93711949e-05 0.0
-5.98942606e-05 0.000391524867 0.0
0.00016399879 0.000566648436 0.0
-9.14955453e-05 0.00042958968 0.0
0.000136206116 0.000285735703 0.0
-1.27144967e-05 0.00028591961 0.0
5.45916446e-05 7.94804e-05 0.0
-0.00028625445 5.31098613e-06 0.0
-0.000188735678 -5.23121798e-07 0.0
-0.0001144282 0.000208066151 0.0
9.99486583e-05 0.000441269483 0.0
9.37637287e-06 0.000124729209 0.0
8.54782684e-06 0.000166741127 0.0
-0.000171474545 0.000219717243 0.0
0.000251901976 0.000477454159 0.0
-8.80593288e-05 0.000125985927 0.0
-8.71672819e-05 0.000235222833 0.0
0.000141981727 0.000365362561 0.0
3.10225296e-05 0.00030396285 0.0
4.6257268e-05 0.00023945939 0.0
-0.000212987346 3.25095134e-05 0.0
0.000317787984 0.000392478745 0.0
0.000145418191 0.000505440868 0.0
4.93432817e-05 0.000158950992 0.0
-5.89039919e-05 5.47937489e-05 0.0
0.000171424588 0.000246314739 0.0
0.000131884284 0.000619350874 0.0
9.75406583e-05 0.000560587971 0.0
0.000158656636 0.000167256294 0.0
-0.000278092164 8.06750541e-05 0.0
-1.67031158e-05 9.04099215e-05 0.0
-0.000114798873 0.000380288693 0.0
7.82350398e-05 0.000524708536 0.0
4.90692073e-05 0.000134644099 0.0
0.000166041616 0.000399111916 0.0
0.000286271592 0.000468592072 0.0
-0.000181988013 0.000307715236 0.0
5.6654776e-06 5.38097884e-05 0.0
-0.000195835615 0.000224478135 0.0
-0.000145905826 5.00355272e-05 0.0
0.000115899456 0.000376898446 0.0
-3.31821757e-05 0.000496803143 0.0
-9.55373253e-05 0.000179479292 0.0
-0.000223999479 0.000146222228 0.0
-0.000233318933 0.000178061193 0.0
0.000117160118 0.000352539675 0.0
6.00961612e-05 9.0228612e-05 0.0
-0.000315772428 2.5419738e-06 0.0
3.5158122e-05 0.00050120597 0.0
0.000126986866 0.000373461633 0.0
-0.000336165627 4.72903012e-05 0.0
6.16003017e-05 0.000303725625 0.0
-0.000104400839 0.00018532855 0.0
2.01569565e-05 0.000249027857 0.0
-0.000357007841 3.77841461e-05 0.0
-0.000145617771 0.00014277891 0.0
0.000323154731 0.000534533523 0.0
8.23964219e-05 0.000520406349 0.0
1.91585732e-05 0.000481705385 0.0
3.65424312e-05 0.000344593573 0.0
7.16828363e-05 0.000309722032 0.0
4.61947566e-05 5.40818182e-05 0.0
-2.37028326e-05 0.000234648949 0.0
-7.10910681e-05 0.000194873268 0.0
-0.00010220713 5.78740292e-05 0.0
0.000251410354 0.000320725609 0.0
0.000102287238 0.000227593773 0.0
8.49929347e-05 0.000504071708 0.0
0.0001569999 0.000553547696 0.0
0.000476929883 0.000515554275 0.0
6.3063977e-05 0.00016693004 0.0
-8.94220284e-06 0.000239352914 0.0
-0.000236527558 2.04325861e-05 0.0
-6.08176451e-05 0.000212265368 0.0
0.000323666871 0.000448669569 0.0
-0.000151394255 0.000330684881 0.0
-6.37839184e-06 0.00032585868 0.0
9.35647477e-05 0.000328913971 0.0
-0.000320692779 8.18851113e-05 0.0
0.000284326874 0.000407603919 0.0
0.000211581762 0.000445056154 0.0
-4.59888543e-05 5.2766005e-05 0.0
-0.000276682549 -2.00544127e-05 0.0
-0.0003273068 4.82533578e-05 0.0
-4.57071656e-05 0.000351466268 0.0
0.000209020087 0.000279528933 0.0
4.43969948e-05 0.000461266929 0.0
0.000356123084 0.00043163498 0.0
-2.65568287e-05 0.000220141388 0.0
8.60585205e-05 0.00039341033 0.0
-0.000102091806 0.000327583548 0.0
5.35684521e-05 0.000173285211 0.0
-0.000140569304 0.000172336411 0.0
8.29766941e-06 0.000424572005 0.0
0.000176128233 0.000403820857 0.0
-0.000143198471 0.000154394555 0.0
-0.000123580467 0.000153367044 0.0
0.000221678565 0.000300318963 0.0
-0.000423942431 3.95137158e-06 0.0
0.000217896566 0.000288328243 0.0
-4.90099301e-05 0.000390964851 0.0
0.000334229728 0.000557008723 0.0
0.000441370677 0.000628865557 0.0
-0.000237398635 0.000166288781 0.0
-4.15790455e-05 0.000281522924 0.0
-0.000254832819 1.95637076e-05 0.0
0.000397889817 0.000515711319 0.0
-9.07883259e-06 0.000188778198 0.0
0.000208618716 0.000379547331 0.0
0.000466993864 0.000487647078 0.0
0.000283223519 0.000353457115 0.0
-0.000363804051 4.26475744e-05 0.0
-1.28330803e-05 0.000467770908 0.0
0.000140271761 0.000173516179 0.0
-0.000137729381 0.000144276069 0.0
-1.14692584e-05 0.000108850276 0.0
3.0712763e-05 0.000573675032 0.0
8.40222128e-05 0.000366303604 0.0
-3.68860456e-05 0.000249739649 0.0
-0.000306428585 2.62338963e-05 0.0
-0.000347602385 7.74104847e-05 0.0
0.00020987021 0.000275716622 0.0
-0.000281665532 0.000132223897 0.0
0.000135437032 0.000552149082 0.0
-0.000293311896 4.57699171e-05 0.0
-4.21880468e-05 0.00038555311 0.0
-6.4353706e-05 0.000238495268 0.0
0.000199926551 0.000234926949 0.0
-6.9858499e-05 0.000421592587 0.0
-0.000273773476 0.000129725726 0.0
0.000256674219 0.000465804012 0.0
7.41376862e-05 0.000505130272 0.0
6.00062667e-05 0.000300141721 0.0
0.000447933387 0.000596233236 0.0
8.12591097e-05 0.000321387633 0.0
-1.58651274e-05 9.77838718e-05 0.0
0.000208001744 0.000533945917 0.0
0.000230006975 0.000446424296 0.0
-0.000248894037 6.0823324e-05 0.0
0.000177457463 0.000311964686 0.0
-1.13640599e-05 0.000180299598 0.0
-0.0002611542 9.12758187e-05 0.0
0.000152138848 0.000570782868 0.0
-6.33021627e-05 0.000439271651 0.0
3.01676409e-05 0.000471477368 0.0
-0.000149962929 0.000268383854 0.0
0.000434120389 0.000586209295 0.0
0.000323738699 0.000403815997 0.0
0.000125852064 0.000580302381 0.0
-9.46077562e-05 0.000444061268 0.0
-0.000119166732 0.000269674521 0.0
0.000247611344 0.000419134827 0.0
9.86852101e-05 0.000593137287 0.0
9.50668436e-06 0.000599521387 0.0
6.91008099e-05 0.000317350845 0.0
0.000369368936 0.000613643962 0.0
-0.000177413531 0.000111297901 0.0
8.99843781e-06 0.000449178886 0.0
3.11299882e-05 7.62157433e-05 0.0
0.000150331834 0.000233636441 0.0
8.36036361e-06 0.000513495237 0.0
0.000217932524 0.000462267228 0.0
-0.00021393779 0.000148099978 0.0
-0.00011258795 2.96841717e-05 0.0
0.000333754142 0.000544745359 0.0
-0.000198300171 0.000258445623 0.0
0.000213395208 0.000203694348 0.0
0.000200467912 0.000426008133 0.0
-0.00034544387 4.67118225e-05 0.0
0.000284977024 0.000514941814 0.0
0.000341652601 0.000577232626 0.0
0.000148976702 0.000443957048 0.0
-2.22866674e-05 0.000270609657 0.0
-6.56643169e-05 0.000429910317 0.0
-0.000229530822 3.92898073e-05 0.0
4.0944492e-06 2.22550352e-05 0.0
6.06831964e-05 0.000466868863 0.0
4.68195467e-05 0.000507935707 0.0
-0.000321702566 8.56935294e-05 0.0
0.000258056272 0.000519283931 0.0
0.000212125145 0.000244856201 0.0
-0.000226892415 5.76266357e-05 0.0
1.3539383e-05 0.000172367101 0.0
-9.29268863e-05 0.000274144404 0.0
-0.000208280559 6.63395404e-05 0.0
0.0001289387 0.000537576969 0.0
7.97113273e-07 0.000229152763 0.0
0.000345227978 0.000567108393 0.0
9.56774529e-05 0.000354381686 0.0
0.000270726188 0.000538562424 0.0
9.37812219e-05 0.000327172456 0.0
-0.000141996046 3.73496869e-06 0.0
7.12031106e-05 0.000314272882 0.0
0.000359118858 0.000604351575 0.0
-0.000195949178 8.72039527e-05 0.0
0.000147844039 0.000323325221 0.0
0.000203758376 0.000437046343 0.0
2.82384117e-05 0.000271415192 0.0
-1.55815433e-05 4.05188403e-05 0.0
-8.009679e-05 6.18012491e-05 0.0
