-0.000465605321 0.000194980981 0.0
-0.000449935615 0.000210813509 0.0
-0.000453456654 0.000210033963 0.0
-0.000464466895 0.000201536066 0.0
-1.55285634e-05 0.000201598697 0.0
-1.2210875e-05 0.000197253059 0.0
-1.86683576e-06 0.000194036882 0.0
-2.69134416e-05 0.000201189439 0.0
-0.000578278385 0.000194036882 0.0
-0.00058862241 0.000197253059 0.0
-0.00059194013 0.000201598697 0.0
-0.000128222469 0.000307500508 0.0
-0.000118172764 0.00030406873 0.0
-0.000109588502 0.000296632788 0.0
-0.000108833425 0.000294104306 0.0
-4.58846043e-05 3.04859145e-06 0.0
-5.44688628e-05 1.04845194e-05 0.0
-6.45185719e-05 1.3916313e-05 0.0
-0.000265568204 0.000308680232 0.0
-0.000258653337 0.00030646607 0.0
-0.000250797719 0.00030151481 0.0
-0.00024670019 0.000298208382 0.0
-0.000187093829 7.93060008e-06 0.0
-0.000194949433 1.28818765e-05 0.0
-0.000201864314 1.50960213e-05 0.0
-0.000544562994 9.41625694e-06 0.0
-0.000519473688 1.51671275e-05 0.0
-0.000524950738 1.34354568e-05 0.0
-0.000534766645 5.72228237e-06 0.0
-0.000543195114 0.000237764965 0.0
-0.000549639983 0.000242566937 0.0
-0.000558289874 0.000247045624 0.0
-0.000522689079 0.000230452555 0.0
1.8121671e-05 0.000247045624 0.0
2.67715932e-05 0.000242566937 0.0
3.32164564e-05 0.000237764965 0.0
-0.000162224183 0.000253182137 0.0
-0.000140479504 0.000234447405 0.0
-0.000150982945 0.000241277128 0.0
-0.000153521047 0.000244479044 0.0
-0.000440440461 0.00023575699 0.0
-0.000408172316 0.000261066947 0.0
-0.00041722774 0.00025007737 0.0
-0.000431009481 0.000242190421 0.0
-0.000277964165 0.000112932234 0.0
-0.000244750845 9.94867951e-05 0.0
-0.000271876808 0.000112704576 0.0
-0.000251474412 0.000103954895 0.0
-4.35001893e-05 3.82546423e-05 0.0
-2.94129404e-05 3.6247915e-05 0.0
-2.06764071e-05 3.38106438e-05 0.0
-6.68429129e-05 5.84375885e-05 0.0
-4.69754341e-05 4.9010654e-05 0.0
-4.04474267e-05 4.46811864e-05 0.0
-0.000597087957 3.38106438e-05 0.0
-0.00060582452 3.6247915e-05 0.0
-0.000619911763 3.82546423e-05 0.0
-9.79506658e-05 0.000131656794 0.0
-6.89143344e-05 0.000118616474 0.0
-8.34291568e-05 0.000125489023 0.0
-8.1292761e-05 0.00011922585 0.0
-0.000156743714 8.58935091e-05 0.0
-0.000115754134 5.3116386e-05 0.0
-0.00015074604 7.50048494e-05 0.0
-0.000126980536 6.33404416e-05 0.0
-0.000280093431 0.000127730716 0.0
-0.000253373 0.000136393777 0.0
-0.000264811912 0.000130892528 0.0
-0.000274870166 0.000125641105 0.0
-0.000531173311 0.000177245383 0.0
-0.000509976177 0.000152627035 0.0
-0.000527105643 0.000169512583 0.0
-0.000514334941 0.000156609123 0.0
-0.00020956526 0.000161451622 0.0
-0.000175079636 0.000175055 0.0
-0.000186067351 0.000179457144 0.0
-0.000197638074 0.000168000814 0.0
-0.000396598334 9.09018199e-05 0.0
-0.000368172361 0.000103866245 0.0
-0.000378445431 9.92691712e-05 0.0
-0.000389692286 9.12719843e-05 0.0
-6.37038975e-05 0.000293584191 0.0
0.0 0.0 0.0
-0.000576411549 0.0 0.0
-0.000640115468 0.000293584191 0.0
-0.000462674099 0.000196778652 0.0
-0.000460292271 0.000198559239 0.0
-0.00045816382 0.000200504015 0.0
-0.000455974252 0.000202694122 0.0
-0.000453819346 0.000205858436 0.0
-0.000451805914 0.000209510792 0.0
-0.000450711523 0.000212110812 0.0
-0.000449935236 0.000213057312 0.0
-0.00044913069 0.000212953499 0.0
-0.000448957464 0.000212333296 0.0
-0.000449227635 0.000211702674 0.0
-0.000451007072 0.000209652615 0.0
-0.000452291657 0.000208636833 0.0
-0.000454082387 0.000207581368 0.0
-0.000456586975 0.000206445329 0.0
-0.000460142677 0.000204933109 0.0
-0.00046461224 0.000202862779 0.0
-0.000468580343 0.000199988543 0.0
-0.000472147105 0.000196992842 0.0
-0.000473678636 0.00019550549 0.0
-0.000473042775 0.000193940781 0.0
-0.00046934752 0.000194042994 0.0
-0.000458319264 0.000206228025 0.0
-1.62580163e-05 0.00020014371 0.0
-1.55419038e-05 0.00019871266 0.0
-7.26557346e-06 0.000196014909 0.0
-3.56207624e-06 0.000194868771 0.0
-5.75714876e-06 0.000193822474 0.0
-9.31576506e-06 0.000192533073 0.0
-1.19063616e-05 0.000192260894 0.0
-1.46235006e-05 0.000193394881 0.0
-1.72602431e-05 0.000195781657 0.0
-2.02665869e-05 0.000198053007 0.0
-2.34230029e-05 0.00020009694 0.0
-2.98616924e-05 0.000201876464 0.0
-3.05734102e-05 0.000202218493 0.0
-2.91142333e-05 0.000202597948 0.0
-2.65077579e-05 0.000202668438 0.0
-2.39243855e-05 0.000202253097 0.0
-2.09962345e-05 0.000201508039 0.0
-1.82526928e-05 0.000201567542 0.0
-0.000579973625 0.000194868771 0.0
-0.000583677145 0.000196014909 0.0
-0.00059195346 0.00019871266 0.0
-0.000592669589 0.00020014371 0.0
-0.000590466778 0.000200732989 0.0
-0.000589624105 0.000198927723 0.0
-0.000588136842 0.000196078297 0.0
-0.000585846894 0.000193756554 0.0
-0.000582573761 0.000191847095 0.0
-0.000578562147 0.000191364685 0.0
-0.000574489823 0.000192592677 0.0
-0.000575568061 0.000193572341 0.0
-0.000125685779 0.000306625559 0.0
-0.000122436468 0.000305357418 0.0
-0.000114132214 0.000302309054 0.0
-0.000111337802 0.000299608655 0.0
-0.000105604573 0.000295047357 0.0
-0.000101556652 0.00029434255 0.0
-9.85723455e-05 0.000293964462 0.0
-9.81682097e-05 0.000293752993 0.0
-0.000100087709 0.000293808407 0.0
-0.000102942351 0.000294045429 0.0
-0.000106139312 0.000294334721 0.0
-0.00011135207 0.000293644844 0.0
-0.00011370251 0.000294416386 0.0
-0.000116996962 0.000296633632 0.0
-0.000121131772 0.000299458508 0.0
-0.000126009458 0.000302530214 0.0
-0.000128899701 0.000304974063 0.0
-0.000129446111 0.00030644919 0.0
-4.7633901e-05 6.02444152e-06 0.0
-5.04283162e-05 8.72483997e-06 0.0
-5.87325703e-05 1.17732143e-05 0.0
-6.1981882e-05 1.30413628e-05 0.0
-6.30852883e-05 1.45480863e-05 0.0
-6.2029816e-05 1.47135588e-05 0.0
-6.10520729e-05 1.43842817e-05 0.0
-5.97765393e-05 1.37607785e-05 0.0
-5.81954191e-05 1.40601323e-05 0.0
-5.6493227e-05 1.39654876e-05 0.0
-5.46509837e-05 1.1911512e-05 0.0
-5.24423558e-05 8.82234872e-06 0.0
-4.93609405e-05 5.53426798e-06 0.0
-0.000262850022 0.000308221672 0.0
-0.000254238286 0.000303873996 0.0
-0.000246880576 0.000298923289 0.0
-0.000243483766 0.000296463753 0.0
-0.000241691654 0.000294378435 0.0
-0.000241768561 0.000292442885 0.0
-0.000240928261 0.000292274315 0.0
-0.000240716094 0.000292689394 0.0
-0.000241404661 0.000293704041 0.0
-0.000243137241 0.00029570199 0.0
-0.000251193153 0.000300320709 0.0
-0.000256184605 0.000301961118 0.0
-0.000261604524 0.000303281413 0.0
-0.000267012947 0.000304373913 0.0
-0.000270720397 0.000305450318 0.0
-0.000271668046 0.00030636313 0.0
-0.000269975106 0.00030757513 0.0
-0.00026761202 0.000308019225 0.0
-0.000190534396 1.0289803e-05 0.0
-0.000199146132 1.46374741e-05 0.0
-0.000199907678 1.53237961e-05 0.0
-0.000197997491 1.50209735e-05 0.0
-0.000195967412 1.39725898e-05 0.0
-0.000193651227 1.25216129e-05 0.0
-0.000190917082 1.04882556e-05 0.0
-0.000547288102 8.90493538e-06 0.0
-0.000545389019 8.4352605e-06 0.0
-0.000539640139 9.21387527e-06 0.0
-0.000532894046 1.03971342e-05 0.0
-0.000526931428 1.24216122e-05 0.0
-0.000522831804 1.51529357e-05 0.0
-0.000518922287 1.7968312e-05 0.0
-0.00051752344 1.92655152e-05 0.0
-0.00051739742 1.96831079e-05 0.0
-0.000517821172 1.90372884e-05 0.0
-0.000518675777 1.73360895e-05 0.0
-0.000520602218 1.31418292e-05 0.0
-0.00052164722 1.09683024e-05 0.0
-0.000522618764 8.90213414e-06 0.0
-0.000523726223 6.8659283e-06 0.0
-0.000525290379 4.52633549e-06 0.0
-0.000526738761 2.59965395e-06 0.0
-0.000528256234 2.36046026e-06 0.0
-0.000530701654 3.77123865e-06 0.0
-0.000533061335 5.96180007e-06 0.0
-0.000535932078 8.02924114e-06 0.0
-0.000539443514 9.23723474e-06 0.0
-0.000530858699 8.5720003e-06 0.0
-0.000545019226 0.0002399558 0.0
-0.000555128034 0.00024519625 0.0
-0.000557124091 0.000247244985 0.0
-0.000555473613 0.000247330725 0.0
-0.000553775171 0.000246960786 0.0
-0.000551175792 0.000245874689 0.0
-0.000547364587 0.000243112838 0.0
-0.000542636553 0.000239553527 0.0
-0.00053668255 0.00023592003 0.0
-0.000530046585 0.000232961014 0.0
-0.000524211035 0.000231066937 0.0
-0.000524424133 0.00023034474 0.0
-0.000526303949 0.000230726364 0.0
-0.000527581782 0.000231036422 0.0
-0.000529033307 0.000231565602 0.0
-0.000530952006 0.000232168575 0.0
-0.000533807557 0.000232988794 0.0
-0.000536566018 0.000233789702 0.0
-0.000539520755 0.000234111678 0.0
-0.000541537069 0.000235550644 0.0
2.12834912e-05 0.00024519625 0.0
3.1392341e-05 0.0002399558 0.0
3.10520154e-05 0.000240441266 0.0
2.79290689e-05 0.00024294421 0.0
2.42524002e-05 0.000244688097 0.0
2.07004487e-05 0.000245958363 0.0
1.8412702e-05 0.000246606709 0.0
-0.000165420526 0.00025470322 0.0
-0.000168555023 0.00025518905 0.0
-0.000171086518 0.000254334329 0.0
-0.000171880776 0.000252743572 0.0
-0.000171208114 0.000250617508 0.0
-0.000168464641 0.000247974851 0.0
-0.000164899087 0.000247379648 0.0
-0.000162148557 0.000246819778 0.0
-0.00015899181 0.000244965137 0.0
-0.00015533244 0.000241988731 0.0
-0.000150934356 0.000238882043 0.0
-0.000145771002 0.000235917803 0.0
-0.000135910945 0.000233697981 0.0
-0.000133790381 0.000233492887 0.0
-0.000134341128 0.000233405648 0.0
-0.000136235743 0.000233670464 0.0
-0.000138434043 0.000234036561 0.0
-0.000140814125 0.000234131745 0.0
-0.000142647623 0.000234857449 0.0
-0.000144887104 0.000237075888 0.0
-0.000147824932 0.000240614434 0.0
-0.000151102708 0.000244572962 0.0
-0.000154914698 0.000248058961 0.0
-0.000158629191 0.000250958517 0.0
-0.000152237597 0.000242481197 0.0
-0.00043431911 0.000237029948 0.0
-0.000427770254 0.000239084227 0.0
-0.000422470766 0.000242096619 0.0
-0.00041835141 0.000245624222 0.0
-0.000414515962 0.000249509467 0.0
-0.000411414803 0.000253310805 0.0
-0.000408708089 0.000256650936 0.0
-0.00040649256 0.000259313761 0.0
-0.000404761435 0.000261025503 0.0
-0.000404797582 0.000261584762 0.0
-0.000414430513 0.000259083434 0.0
-0.000421051518 0.000256476342 0.0
-0.000427000894 0.000252662401 0.0
-0.000431777997 0.000247899239 0.0
-0.000435558701 0.000242523165 0.0
-0.000437458162 0.000238045832 0.0
-0.00043881996 0.000235605039 0.0
-0.000440642616 0.000234691106 0.0
-0.000442061311 0.000234700303 0.0
-0.0004430525 0.00023488875 0.0
-0.000424071332 0.000246364099 0.0
-0.000281931483 0.000112442474 0.0
-0.000282233756 0.00011316438 0.0
-0.000279587344 0.000113598187 0.0
-0.00027610219 0.000114867151 0.0
-0.000273840036 0.00011618717 0.0
-0.000273049955 0.000115940347 0.0
-0.000271364261 0.000113193593 0.0
-0.000268924923 0.000109369415 0.0
-0.000265077164 0.000105704865 0.0
-0.000259979541 0.000102778722 0.0
-0.000252922298 0.000100368678 0.0
-0.000238902008 9.96952222e-05 0.0
-0.000238499488 9.96239687e-05 0.0
-0.000241736881 9.96947565e-05 0.0
-0.000245134986 9.97939642e-05 0.0
-0.000248299795 0.000100702928 0.0
-0.000251286139 0.000102312479 0.0
-0.000254628161 0.000104154657 0.0
-0.000258132495 0.000106387561 0.0
-0.000262284884 0.000108714812 0.0
-0.000266915391 0.000110764537 0.0
-0.00027202029 0.00011206948 0.0
-0.000261776237 0.000108716347 0.0
-3.78576406e-05 3.73795338e-05 0.0
-2.25622316e-05 3.47156929e-05 0.0
-2.33372721e-05 3.47429632e-05 0.0
-2.58361215e-05 3.60818412e-05 0.0
-2.81548037e-05 3.74406118e-05 0.0
-3.02916014e-05 3.88490844e-05 0.0
-3.30829971e-05 4.12803711e-05 0.0
-3.66764689e-05 4.53069333e-05 0.0
-4.21431469e-05 5.00241476e-05 0.0
-4.97616602e-05 5.48035678e-05 0.0
-5.93632249e-05 5.76676539e-05 0.0
-6.79571094e-05 5.87601935e-05 0.0
-6.46837143e-05 5.94655939e-05 0.0
-6.20343635e-05 6.03392327e-05 0.0
-6.05196365e-05 6.06700705e-05 0.0
-5.90972268e-05 5.99361992e-05 0.0
-5.78514737e-05 5.73044235e-05 0.0
-5.56165214e-05 5.29862664e-05 0.0
-5.25046307e-05 4.7640835e-05 0.0
-4.83478943e-05 4.26696934e-05 0.0
-0.000598973769 3.47156929e-05 0.0
-0.000614269171 3.73795338e-05 0.0
-0.000613992568 3.44340187e-05 0.0
-0.000606473186 3.24919529e-05 0.0
-0.000599182909 3.18727834e-05 0.0
-0.000595877413 3.30310068e-05 0.0
-0.000102948354 0.000132439847 0.0
-0.000103064587 0.000132132613 0.0
-9.92660789e-05 0.0001312815 0.0
-9.47889057e-05 0.000130892382 0.0
-9.09793234e-05 0.000130828455 0.0
-8.75289916e-05 0.000130735207 0.0
-8.44446186e-05 0.000130174623 0.0
-8.09398261e-05 0.000128067928 0.0
-7.63183634e-05 0.000125070859 0.0
-7.19785749e-05 0.000122482365 0.0
-6.93955371e-05 0.000120129909 0.0
-6.94855917e-05 0.000117367774 0.0
-7.01929894e-05 0.000115861141 0.0
-7.13242844e-05 0.000114414783 0.0
-7.27175066e-05 0.000113238952 0.0
-7.40144824e-05 0.000112876289 0.0
-7.5514894e-05 0.000114210481 0.0
-7.71968917e-05 0.000117241689 0.0
-7.91920538e-05 0.000120792232 0.0
-8.21513167e-05 0.00012416509 0.0
-8.60345754e-05 0.000127277221 0.0
-9.13036711e-05 0.000129937805 0.0
-8.3247789e-05 0.000121724763 0.0
-0.000164622033 8.5872387e-05 0.0
-0.000166207537 8.5257554e-05 0.0
-0.000164373341 8.44622555e-05 0.0
-0.000162642958 8.29832861e-05 0.0
-0.000160825686 8.0516751e-05 0.0
-0.000158311654 7.67575184e-05 0.0
-0.000155114962 7.18187221e-05 0.0
-0.000150460124 6.67738568e-05 0.0
-0.000144379417 6.17257538e-05 0.0
-0.00013567628 5.73378093e-05 0.0
-0.000124531187 5.42527268e-05 0.0
-0.00011395842 5.34384417e-05 0.0
-0.000116187068 5.33067832e-05 0.0
-0.000117289572 5.39523353e-05 0.0
-0.000117866744 5.61757079e-05 0.0
-0.000118547439 5.94991361e-05 0.0
-0.000119734752 6.3572028e-05 0.0
-0.000122356287 6.77236967e-05 0.0
-0.000125999373 7.21593897e-05 0.0
-0.000131305889 7.66527446e-05 0.0
-0.000138081145 8.10515921e-05 0.0
-0.000146804043 8.43058151e-05 0.0
-0.000138040166 6.88973232e-05 0.0
-0.000279250758 0.000128952801 0.0
-0.000278521155 0.000129962355 0.0
-0.000277254236 0.000130971675 0.0
-0.000275219529 0.000131658366 0.0
-0.000272207253 0.000132147936 0.0
-0.000268525764 0.000132723522 0.0
-0.000264079601 0.000133274938 0.0
-0.000259120716 0.000134014161 0.0
-0.000254334736 0.000134455768 0.0
-0.00025038718 0.000135488313 0.0
-0.000260403991 0.000135034265 0.0
-0.000266434567 0.000132022105 0.0
-0.000270604593 0.000128485408 0.0
-0.000273119338 0.000124956161 0.0
-0.00027469435 0.000122593541 0.0
-0.000275451574 0.000122895202 0.0
-0.000277439511 0.000124980754 0.0
-0.000280446751 0.000126520317 0.0
-0.000281593151 0.000126745537 0.0
-0.000281117624 0.000127109626 0.0
-0.000269270735 0.000127772102 0.0
-0.000535138242 0.000177303213 0.0
-0.000539671048 0.000175934925 0.0
-0.000541785441 0.000173479275 0.0
-0.000539155095 0.00017161615 0.0
-0.000535777945 0.000168968952 0.0
-0.000531153171 0.000166843573 0.0
-0.000526135205 0.00016391337 0.0
-0.000520890055 0.000162024589 0.0
-0.000517265813 0.000159666 0.0
-0.000514850835 0.000157934861 0.0
-0.000513172185 0.000155547663 0.0
-0.000505939301 0.000150005362 0.0
-0.000501278264 0.000149221858 0.0
-0.00049876899 0.000149594052 0.0
-0.000497868052 0.000151157335 0.0
-0.000497685978 0.00015404771 0.0
-0.000500044262 0.000158199779 0.0
-0.000505070493 0.000163186749 0.0
-0.000511494349 0.000167190112 0.0
-0.000518482004 0.000170547923 0.0
-0.000524583505 0.000173509936 0.0
-0.000528816716 0.000175914538 0.0
-0.000520675734 0.000162576252 0.0
-0.000202340845 0.000162917626 0.0
-0.000196490524 0.00016567095 0.0
-0.00019181169 0.000169266525 0.0
-0.000188194666 0.000173600609 0.0
-0.000185644458 0.000178154834 0.0
-0.000183723183 0.000181995842 0.0
-0.000182553282 0.000184001008 0.0
-0.00018189392 0.000183430398 0.0
-0.000180933857 0.000181416166 0.0
-0.000179867435 0.000179002091 0.0
-0.000178240502 0.000176877962 0.0
-0.000173241031 0.000173946974 0.0
-0.000175564026 0.000172933942 0.0
-0.000181662239 0.000171147927 0.0
-0.000187012964 0.000168751678 0.0
-0.000191559448 0.000166730344 0.0
-0.000195634857 0.000165039208 0.0
-0.000198673864 0.000164107565 0.0
-0.000201902454 0.000163584948 0.0
-0.00020594016 0.000163005097 0.0
-0.000209807782 0.000162817581 0.0
-0.000213058011 0.000161970078 0.0
-0.000191538711 0.000174108107 0.0
-0.000395575335 9.39058955e-05 0.0
-0.000394761882 9.6347685e-05 0.0
-0.000393951515 9.79717151e-05 0.0
-0.000392583024 9.99242184e-05 0.0
-0.000391548267 0.000100925143 0.0
-0.000389385299 0.000101132187 0.0
-0.000385617401 0.000100884856 0.0
-0.000380957295 0.000100440127 0.0
-0.000376567012 0.000100465877 0.0
-0.000372830225 0.000100767626 0.0
-0.000370773923 0.000101451384 0.0
-0.000369779882 0.000102647209 0.0
-0.000367432978 0.000104543869 0.0
-0.00037106339 0.000103535436 0.0
-0.00037669341 0.000101496677 0.0
-0.000383122679 9.88825559e-05 0.0
-0.000389353518 9.58584205e-05 0.0
-0.000393757276 9.22215404e-05 0.0
-0.000397220603 8.85686095e-05 0.0
-0.000399314478 8.60949731e-05 0.0
-0.000399793411 8.49994176e-05 0.0
-0.000399419427 8.50527358e-05 0.0
-0.000398538978 8.64752074e-05 0.0
-0.000397573982 8.84515903e-05 0.0
-0.000382868253 9.64006103e-05 0.0
-5.32646336e-05 0.000286044 0.0
-2.72848119e-05 0.000272354489 0.0
3.01068048e-05 0.000186345598 0.0
2.66987045e-05 0.000177302747 0.0
-6.97719634e-06 0.000152254739 0.0
-3.78405894e-05 0.000129532025 0.0
-4.8197413e-05 0.000117349038 0.0
-4.13773123e-05 0.000107697691 0.0
-1.94188578e-05 9.47673543e-05 0.0
1.32034916e-06 8.09459598e-05 0.0
3.50128494e-06 6.88483124e-05 0.0
-1.45276308e-05 5.65277187e-05 0.0
9.92424611e-06 1.57487666e-05 0.0
1.48544841e-05 1.03879229e-05 0.0
1.01713849e-05 7.01718318e-06 0.0
2.20509628e-06 3.81051154e-06 0.0
-2.08507554e-05 8.77118237e-06 0.0
-0.000104764877 4.01110374e-05 0.0
-0.000143319849 3.49540096e-05 0.0
-0.000235489773 3.322876e-05 0.0
-0.000264259987 3.15965481e-05 0.0
-0.0002943078 7.91401089e-06 0.0
-0.000323030021 -1.75338282e-05 0.0
-0.000347278663 -3.50491246e-05 0.0
-0.000363994681 -3.99074343e-05 0.0
-0.000384391169 -3.82902908e-05 0.0
-0.000409156986 -3.11271724e-05 0.0
-0.000433668902 -2.19134181e-05 0.0
-0.000455668021 -1.4280562e-05 0.0
-0.00047540068 -1.12630951e-05 0.0
-0.000495658605 -9.93841059e-06 0.0
-0.000511296734 -1.34428492e-05 0.0
-0.000526278105 -1.61928892e-05 0.0
-0.0005407313 -1.81053711e-05 0.0
-0.000556601502 -1.22520205e-05 0.0
-0.000574206468 3.81051154e-06 0.0
-0.000566240167 7.01718318e-06 0.0
-0.00056155707 1.03879229e-05 0.0
-0.000566487317 1.57487666e-05 0.0
-0.000590939191 5.65277187e-05 0.0
-0.000572910241 6.88483124e-05 0.0
-0.000575091224 8.09459598e-05 0.0
-0.000595830381 9.47673543e-05 0.0
-0.000617788872 0.000107697691 0.0
-0.000624608947 0.000117349038 0.0
-0.000614252116 0.000129532025 0.0
-0.000583388726 0.000152254739 0.0
-0.000549712859 0.000177302747 0.0
-0.000546304742 0.000186345598 0.0
-0.00060369639 0.000272354489 0.0
-0.000629676157 0.000286044 0.0
-0.000620305364 0.000281332177 0.0
-0.000604435161 0.000275478815 0.0
-0.000589982024 0.000277391315 0.0
-0.000575000595 0.000280141365 0.0
-0.000559362466 0.000283645786 0.0
-0.000539104571 0.000282321096 0.0
-0.000519371941 0.00027930364 0.0
-0.000497372821 0.000271670782 0.0
-0.000472860906 0.000262457033 0.0
-0.000448095059 0.000255293911 0.0
-0.000427698571 0.000253676757 0.0
-0.000410982553 0.000258535089 0.0
-0.000386733911 0.000276050385 0.0
-0.00035801169 0.000301498221 0.0
-0.000327963877 0.000325180736 0.0
-0.000299193664 0.000326812966 0.0
-0.000207023739 0.000328538212 0.0
-0.000168468774 0.000333695236 0.0
-8.45546529e-05 0.000302355387 0.0
-0.000457824819 0.000204164302 0.0
-0.000457821181 0.000207203411 0.0
-0.000462779688 0.000204131138 0.0
-0.000454546622 0.000208347512 0.0
-0.00046169752 0.00020064367 0.0
-0.000454031746 0.000209320744 0.0
-0.000459090836 0.000201198258 0.0
-0.0004551124 0.000208199548 0.0
-0.000459236529 0.000206095254 0.0
-0.000455916335 0.000205024407 0.0
-0.000451986969 0.000211039514 0.0
-0.00046726354 0.000200861861 0.0
-0.00045146409 0.000210694343 0.0
-0.000465344143 0.000197686706 0.0
-0.000453859946 0.000207745485 0.0
-0.000456506008 0.000207205943 0.0
-0.000457401678 0.000202666823 0.0
-0.000452923035 0.000209257138 0.0
-0.000462422526 0.000204282202 0.0
-0.000461326912 0.000198981405 0.0
-0.000469778461 0.000197544738 0.0
-0.000450578693 0.000211831983 0.0
-0.000450987311 0.000211845749 0.0
-0.000469359191 0.000198577414 0.0
-0.000465165795 0.000202460433 0.0
-0.000452635868 0.000209889811 0.0
-0.000468233513 0.000197167465 0.0
-0.000450707332 0.0002114198 0.0
-0.000451887841 0.000210020778 0.0
-0.000463255303 0.000197801128 0.0
-0.000456608628 0.000206838682 0.0
-0.000460188458 0.000205508593 0.0
-0.00045980615 0.000203716118 0.0
-0.000456527778 0.000207962992 0.0
-1.58098374e-05 0.000197012007 0.0
-2.04996722e-05 0.000199445669 0.0
-2.31562863e-05 0.000199255708 0.0
-9.1118618e-06 0.000195082786 0.0
-1.9426232e-05 0.000200190771 0.0
-1.32258092e-05 0.00019468613 0.0
-1.74054821e-05 0.00019642862 0.0
-2.56387939e-05 0.000200690702 0.0
-1.62297729e-05 0.000198068563 0.0
-2.36507622e-05 0.00020094178 0.0
-1.14517024e-05 0.000196599533 0.0
-1.79931121e-05 0.000199153728 0.0
-2.22382132e-05 0.000198662063 0.0
-1.96088349e-05 0.000198428883 0.0
-2.56976709e-05 0.000200108363 0.0
-5.7560801e-06 0.000194755616 0.0
-7.35089634e-06 0.000195633664 0.0
-2.15429172e-05 0.000200929804 0.0
-1.96002566e-05 0.00019787674 0.0
-1.55551534e-05 0.000195015018 0.0
-1.04481533e-05 0.000193767177 0.0
-1.79697072e-05 0.00020057091 0.0
-2.6214937e-05 0.000201628529 0.0
-1.74734905e-05 0.000199615286 0.0
-2.71272147e-05 0.000200776718 0.0
-1.2320741e-05 0.00019566706 0.0
-2.25986969e-05 0.000199665476 0.0
-7.86375222e-06 0.00019402671 0.0
-1.9727835e-05 0.00020091809 0.0
-2.1134907e-05 0.000200177848 0.0
-2.00682043e-05 0.000197783069 0.0
-1.55030793e-05 0.000198340465 0.0
-0.000583534013 0.000194983746 0.0
-0.000588412979 0.000196689449 0.0
-0.000591100368 0.000199268179 0.0
-0.00057862571 0.000194546796 0.0
-0.000579897664 0.000194321517 0.0
-0.000589902338 0.000198007445 0.0
-0.000585938746 0.000195266111 0.0
-0.000109182758 0.00029875341 0.0
-0.000117030468 0.000300470187 0.0
-0.000110870315 0.000296535698 0.0
-0.00012348211 0.000303569628 0.0
-0.000107204331 0.000298165251 0.0
-0.000103813814 0.000296615559 0.0
-0.000106596199 0.000295974314 0.0
-0.000121660887 0.000300461747 0.0
-0.000115008515 0.000296904444 0.0
-0.000119280659 0.000302844652 0.0
-0.000113965398 0.000300217915 0.0
-0.000111006768 0.000300280662 0.0
-0.000103193481 0.000295625272 0.0
-0.000126407904 0.000305771653 0.0
-0.000109961467 0.000297867897 0.0
-0.000112200374 0.000295322097 0.0
-0.000124836341 0.000302927772 0.0
-0.000108427404 0.000295226695 0.0
-0.000103314793 0.000296248298 0.0
-0.000118549673 0.000298393919 0.0
-0.000123462072 0.000304917048 0.0
-0.000108059459 0.000297779683 0.0
-0.000110758556 0.000300087966 0.0
-0.000114059068 0.000298494357 0.0
-0.000107428488 0.000298395549 0.0
-0.000114465613 0.0003016915 0.0
-0.000120347737 0.000301385357 0.0
-0.000105089493 0.00029645476 0.0
-0.000110184053 0.000294955593 0.0
-0.000106456799 0.000297076942 0.0
-0.000126908606 0.000304800546 0.0
-0.000117865246 0.000299201725 0.0
-5.47165291e-05 1.15630146e-05 0.0
-5.75594022e-05 1.26931918e-05 0.0
-5.99080668e-05 1.32579635e-05 0.0
-5.06140532e-05 8.17096043e-06 0.0
-5.6757417e-05 1.30135422e-05 0.0
-6.11853102e-05 1.35535392e-05 0.0
-5.93201366e-05 1.32993646e-05 0.0
-5.79689149e-05 1.23453856e-05 0.0
-5.34303217e-05 1.07636934e-05 0.0
-0.000258608517 0.000304054614 0.0
-0.000252600381 0.000301373162 0.0
-0.000250581739 0.000299093721 0.0
-0.000255888473 0.000301817199 0.0
-0.000264729984 0.000307008857 0.0
-0.000246385142 0.000296409766 0.0
-0.000263559254 0.000304856425 0.0
-0.000250438257 0.00030067304 0.0
-0.000246260548 0.000297416176 0.0
-0.000256902567 0.000304176792 0.0
-0.000254396175 0.000301709078 0.0
-0.000245835196 0.000295978767 0.0
-0.000248936674 0.000298509636 0.0
-0.000261525129 0.000306543719 0.0
-0.000261005247 0.000303405192 0.0
-0.00026758798 0.000306481874 0.0
-0.000254667219 0.000303616544 0.0
-0.000250099431 0.00029898237 0.0
-0.000265099254 0.000307993032 0.0
-0.000254982937 0.000301600434 0.0
-0.000259417837 0.000303531677 0.0
-0.000251906866 0.000300221087 0.0
-0.00024472439 0.000295373582 0.0
-0.00024370919 0.000294440397 0.0
-0.000245937583 0.00029649341 0.0
-0.00024723704 0.000298825995 0.0
-0.000267115975 0.000307580776 0.0
-0.000255287974 0.000301544351 0.0
-0.000262895774 0.000305621506 0.0
-0.000243573391 0.000294230878 0.0
-0.000266475749 0.000304944231 0.0
-0.000249810138 0.000300807093 0.0
-0.000252505153 0.000300258165 0.0
-0.000248449738 0.000298372674 0.0
-0.000193556349 1.23219461e-05 0.0
-0.00019728388 1.43528969e-05 0.0
-0.000192146719 1.13757778e-05 0.0
-0.000198609079 1.48667386e-05 0.0
-0.000530473248 1.13973729e-05 0.0
-0.000526143878 9.07793674e-06 0.0
-0.000527787895 5.57512703e-06 0.0
-0.000537693559 8.63907826e-06 0.0
-0.000540540146 7.04182776e-06 0.0
-0.000530696707 4.27176701e-06 0.0
-0.000524432282 1.50461819e-05 0.0
-0.000522791117 1.27829298e-05 0.0
-0.000532087113 1.10421179e-05 0.0
-0.00052485487 7.86327109e-06 0.0
-0.000535590108 7.5428743e-06 0.0
-0.00052152673 1.57547838e-05 0.0
-0.000537158281 6.63473929e-06 0.0
-0.000522672432 1.14750273e-05 0.0
-0.000521064387 1.71387837e-05 0.0
-0.000524226343 1.48158988e-05 0.0
-0.000542691385 8.16387546e-06 0.0
-0.000528234465 3.63309891e-06 0.0
-0.000532295788 4.72644342e-06 0.0
-0.00053695828 9.57860721e-06 0.0
-0.000525611104 5.76647108e-06 0.0
-0.000530875754 6.1589385e-06 0.0
-0.000540713139 8.76506692e-06 0.0
-0.000523369119 9.65561594e-06 0.0
-0.000527257856 1.31848574e-05 0.0
-0.000526704476 4.33973628e-06 0.0
-0.000520656642 1.69701598e-05 0.0
-0.000534715829 5.92907509e-06 0.0
-0.000520653382 1.52235734e-05 0.0
-0.000540511333 7.82268944e-06 0.0
-0.000536829059 0.000237019529 0.0
-0.000547328556 0.000242543319 0.0
-0.000538963999 0.000236665466 0.0
-0.000540917274 0.000240262161 0.0
-0.000533064071 0.00023394372 0.0
-0.000530348392 0.000234126681 0.0
-0.000543496222 0.000239643749 0.0
-0.000530011777 0.000232897117 0.0
-0.000547839096 0.000243892398 0.0
-0.000535112806 0.000234382955 0.0
-0.000533986662 0.00023642552 0.0
-0.000553284714 0.00024489034 0.0
-0.000541340851 0.000237285945 0.0
-0.000549083168 0.000242345166 0.0
-0.000543754722 0.000239189205 0.0
-0.000529962534 0.000232236329 0.0
-0.000541501446 0.00023987265 0.0
-0.000551471836 0.000245103147 0.0
-0.000536072825 0.00023728855 0.0
-0.000526877411 0.000231758255 0.0
-0.000538292516 0.000235543426 0.0
-0.000536850072 0.000236250649 0.0
-0.000533972052 0.000235127707 0.0
-0.000543169794 0.000241100381 0.0
-0.000532693521 0.000233233586 0.0
-0.000528788602 0.00023353321 0.0
-0.000546685595 0.000243312403 0.0
-0.000538648281 0.000238408509 0.0
-0.000528133474 0.000231528713 0.0
-0.000526963617 0.000231317361 0.0
-0.00054406462 0.000240519046 0.0
-0.000540323963 0.00023789845 0.0
-0.000545149494 0.000242090391 0.0
-0.000546446594 0.000240898618 0.0
-0.000533547776 0.000235457512 0.0
-0.000536468753 0.000235517247 0.0
-0.000526010641 0.000231921804 0.0
-0.000551404897 0.000245640433 0.0
-0.000536822365 0.000234559062 0.0
-0.00054037862 0.000238521679 0.0
-0.000530844962 0.000232446386 0.0
2.26113989e-05 0.000244756287 0.0
2.80784116e-05 0.000242236245 0.0
2.07442226e-05 0.000245610107 0.0
2.96514336e-05 0.000241401125 0.0
-0.000145017228 0.000238392138 0.0
-0.000141937213 0.000237468877 0.0
-0.000161328062 0.000248240627 0.0
-0.000160859563 0.000245604257 0.0
-0.000165231089 0.000248467986 0.0
-0.000158486248 0.000244397466 0.0
-0.000142504417 0.000237265369 0.0
-0.000140312986 0.000236079984 0.0
-0.000147867351 0.000240165537 0.0
-0.000160460055 0.00024980749 0.0
-0.00014253534 0.000235846019 0.0
-0.0001666014 0.000252170634 0.0
-0.000164949262 0.000246889656 0.0
-0.000136930292 0.00023494901 0.0
-0.000152825945 0.00024481595 0.0
-0.000156982336 0.00024824281 0.0
-0.000152714405 0.000241385787 0.0
-0.000147252533 0.000238570661 0.0
-0.000166966987 0.000248139957 0.0
-0.000162490993 0.000246199226 0.0
-0.000144601057 0.000237144792 0.0
-0.000140570904 0.000235236759 0.0
-0.000164511832 0.000252304861 0.0
-0.00016796698 0.000251322839 0.0
-0.000137857438 0.000235336091 0.0
-0.000137355863 0.00023487641 0.0
-0.000149870786 0.000242454378 0.0
-0.000156444861 0.000243297545 0.0
-0.000157526345 0.000245009636 0.0
-0.000146611681 0.000239629939 0.0
-0.000431042514 0.000241112823 0.0
-0.00041733426 0.000252764265 0.0
-0.000436357048 0.000237961809 0.0
-0.000411536719 0.000255437917 0.0
-0.00042542271 0.00024306777 0.0
-0.000423232384 0.000250962563 0.0
-0.00041121713 0.000257151696 0.0
-0.000437062408 0.000237788932 0.0
-0.000418446609 0.000247722783 0.0
-0.000430319807 0.000244916882 0.0
-0.000410621695 0.000255619438 0.0
-0.000437199371 0.000237122222 0.0
-0.000423868856 0.000247831835 0.0
-0.00042441368 0.000245181291 0.0
-0.000430466956 0.000239995745 0.0
-0.000418221171 0.000255034072 0.0
-0.000435114256 0.000238250548 0.0
-0.000413527887 0.000257187086 0.0
-0.000439842581 0.000236287175 0.0
-0.000407931337 0.000258827291 0.0
-0.000435797148 0.000238590699 0.0
-0.000434116315 0.000241106551 0.0
-0.000412442634 0.000253352482 0.0
-0.000414693903 0.00025077691 0.0
-0.000421049743 0.000244662951 0.0
-0.000428120489 0.000249085395 0.0
-0.000430075394 0.000242099806 0.0
-0.000418073876 0.000250875601 0.0
-0.000262989721 0.00010966538 0.0
-0.000269179145 0.0001099203 0.0
-0.000261539855 0.000107287604 0.0
-0.000253712438 0.000105266132 0.0
-0.000254411803 0.000104176157 0.0
-0.000246445212 0.000102808423 0.0
-0.000269718847 0.000113504422 0.0
-0.000275667786 0.00011203422 0.0
-0.000268368633 0.000109869259 0.0
-0.000261067966 0.000106875283 0.0
-0.000258798653 0.000106661122 0.0
-0.000274026883 0.000114597504 0.0
-0.000248961878 0.000102034428 0.0
-0.000268358068 0.000111471549 0.0
-0.000276588282 0.000111686189 0.0
-0.000278090563 0.000113071656 0.0
-0.000257583131 0.000105661646 0.0
-0.000246505573 0.000102261249 0.0
-0.000243712348 0.000101252175 0.0
-0.000255563762 0.000103883242 0.0
-0.000263899157 0.000108666944 0.0
-0.000260670437 0.00010727936 0.0
-0.000265412731 0.000108685534 0.0
-0.000250590092 0.000102538579 0.0
-0.000273151207 0.000111167377 0.0
-0.000254325598 0.000105974686 0.0
-0.000276360632 0.000113955932 0.0
-0.000245971285 0.00010118349 0.0
-0.000272676436 0.000115340474 0.0
-0.00025077723 0.000102198239 0.0
-0.000267005089 0.000111317582 0.0
-5.43458737e-05 5.32577942e-05 0.0
-2.73629939e-05 3.75937234e-05 0.0
-5.53992359e-05 5.59474975e-05 0.0
-5.1490686e-05 5.09176425e-05 0.0
-3.04382229e-05 3.89155502e-05 0.0
-5.31541773e-05 5.35092295e-05 0.0
-3.76381249e-05 4.34434223e-05 0.0
-6.01327629e-05 5.81080931e-05 0.0
-6.06266985e-05 5.59461914e-05 0.0
-4.38604657e-05 4.31888402e-05 0.0
-4.24605569e-05 4.67473255e-05 0.0
-3.41403429e-05 4.12455011e-05 0.0
-3.72796312e-05 4.1529569e-05 0.0
-3.3020955e-05 4.07836851e-05 0.0
-3.08366798e-05 3.93014889e-05 0.0
-5.93796431e-05 5.90647614e-05 0.0
-6.20437568e-05 5.76129314e-05 0.0
-5.90146337e-05 5.51538833e-05 0.0
-2.69237662e-05 3.70295966e-05 0.0
-4.96465073e-05 4.85281453e-05 0.0
-5.82713583e-05 5.87348441e-05 0.0
-5.65786249e-05 5.71216915e-05 0.0
-5.3543019e-05 5.34176543e-05 0.0
-4.775247e-05 5.06759425e-05 0.0
-4.98626432e-05 5.09620295e-05 0.0
-3.07967057e-05 3.9005321e-05 0.0
-3.72787472e-05 4.35108523e-05 0.0
-0.000609487935 3.53286414e-05 0.0
-0.000600605563 3.41737396e-05 0.0
-0.000611392315 3.51300077e-05 0.0
-0.00059860386 3.36481753e-05 0.0
-0.000616057892 3.6689471e-05 0.0
-0.000597313046 3.38524405e-05 0.0
-7.60876283e-05 0.000120247852 0.0
-9.18121295e-05 0.000125594728 0.0
-7.63143689e-05 0.000116840769 0.0
-9.35333446e-05 0.000127810781 0.0
-8.8095956e-05 0.000124833663 0.0
-7.71690393e-05 0.000123407473 0.0
-7.29870953e-05 0.000117306008 0.0
-7.70456463e-05 0.000115978793 0.0
-8.88500435e-05 0.000128457643 0.0
-9.72775888e-05 0.000128701286 0.0
-7.1644361e-05 0.000119648808 0.0
-8.29939236e-05 0.000121737678 0.0
-7.33776833e-05 0.000114780254 0.0
-9.28908557e-05 0.000127751788 0.0
-7.93246581e-05 0.000125856153 0.0
-9.80724726e-05 0.000129811131 0.0
-9.58189994e-05 0.000129923588 0.0
-9.26738285e-05 0.000129642925 0.0
-9.71479603e-05 0.00012923 0.0
-7.12013352e-05 0.000118138269 0.0
-7.29788226e-05 0.000121455494 0.0
-8.62629458e-05 0.000122490281 0.0
-7.45800789e-05 0.000114320093 0.0
-7.23260382e-05 0.000115712726 0.0
-7.76883462e-05 0.000116564901 0.0
-8.61262743e-05 0.000129010441 0.0
-8.28639531e-05 0.000127848645 0.0
-7.97047978e-05 0.000118953554 0.0
-8.83952598e-05 0.00012495133 0.0
-8.47548872e-05 0.000124406943 0.0
-0.000141985831 7.46957376e-05 0.0
-0.000127168183 6.07394504e-05 0.0
-0.000136636343 6.42098385e-05 0.0
-0.000153938119 7.88083707e-05 0.0
-0.000147595521 7.01650351e-05 0.0
-0.000132295303 7.17019502e-05 0.0
-0.000121132267 5.73325196e-05 0.0
-0.000149052081 7.96451131e-05 0.0
-0.000125038307 5.828965e-05 0.0
-0.00015776683 7.99510017e-05 0.0
-0.000125440958 6.57085475e-05 0.0
-0.000136300048 7.61672491e-05 0.0
-0.000134873873 6.93432012e-05 0.0
-0.000121811638 5.96331156e-05 0.0
-0.000118610027 5.52762613e-05 0.0
-0.000153265733 7.38191375e-05 0.0
-0.000144161721 6.55228432e-05 0.0
-0.000157206698 8.22585134e-05 0.0
-0.000160967378 8.29125347e-05 0.0
-0.000161315373 8.24984454e-05 0.0
-0.000131844135 5.95320089e-05 0.0
-0.00014181911 6.9024165e-05 0.0
-0.000142561956 7.93383442e-05 0.0
-0.00011895605 5.5572822e-05 0.0
-0.00013849276 6.20001229e-05 0.0
-0.000156460053 7.73111678e-05 0.0
-0.000158670286 8.00062917e-05 0.0
-0.00012652771 6.92344111e-05 0.0
-0.000144927137 7.3660849e-05 0.0
-0.000119587516 5.67739444e-05 0.0
-0.000121892655 6.2215302e-05 0.0
-0.000267248339 0.000127338295 0.0
-0.000275122584 0.000128202621 0.0
-0.000272232661 0.00012983472 0.0
-0.000260149973 0.000130511558 0.0
-0.000277717074 0.000127232925 0.0
-0.000272162812 0.00012470143 0.0
-0.000268663018 0.000131442765 0.0
-0.000263658148 0.000130048924 0.0
-0.000276500505 0.000129024396 0.0
-0.000259405671 0.000132444446 0.0
-0.00027460829 0.00012367079 0.0
-0.000270731136 0.000126249768 0.0
-0.000278927735 0.00012658193 0.0
-0.000278679305 0.000127652966 0.0
-0.000278015243 0.000128364467 0.0
-0.000267713767 0.000128652027 0.0
-0.000258371903 0.000132502377 0.0
-0.000255193561 0.000133328213 0.0
-0.000255431049 0.00013331318 0.0
-0.000275702914 0.000130111177 0.0
-0.000274423044 0.000130734858 0.0
-0.00027229081 0.000131194844 0.0
-0.000276406645 0.000124409256 0.0
-0.000277917919 0.000125584134 0.0
-0.000265808398 0.000132242072 0.0
-0.000262103305 0.000132788351 0.0
-0.000270976103 0.000126235056 0.0
-0.000274153601 0.000127017251 0.0
-0.000510558661 0.00015816938 0.0
-0.00052806898 0.000165012898 0.0
-0.000517876411 0.000165960984 0.0
-0.000522174407 0.000160935408 0.0
-0.000507489662 0.000154108362 0.0
-0.000534011924 0.000169310646 0.0
-0.000509557489 0.000161547607 0.0
-0.000524010742 0.000171042237 0.0
-0.000516662723 0.000157134418 0.0
-0.000527419732 0.000164261539 0.0
-0.000502637646 0.000154643392 0.0
-0.000532954757 0.000171796826 0.0
-0.000516058179 0.000167918537 0.0
-0.00053428486 0.000168591389 0.0
-0.000507218472 0.00015245477 0.0
-0.000523476279 0.000162153039 0.0
-0.000520396919 0.000160579133 0.0
-0.000518004759 0.000158825118 0.0
-0.000531665981 0.000166797341 0.0
-0.000503673858 0.00015746367 0.0
-0.000502587412 0.000152760971 0.0
-0.000527671946 0.000166461978 0.0
-0.000521085516 0.000170621046 0.0
-0.000511040329 0.000164830635 0.0
-0.000513333711 0.00015504568 0.0
-0.000528081146 0.000173989902 0.0
-0.000530752237 0.000173942986 0.0
-0.000510361278 0.000153352186 0.0
-0.000521717651 0.00016122128 0.0
-0.000536895415 0.000172451386 0.0
-0.000192415595 0.000174890636 0.0
-0.000183096301 0.000175967885 0.0
-0.000201606221 0.000168603277 0.0
-0.00018563756 0.00017159959 0.0
-0.000192566062 0.000167963124 0.0
-0.00018780891 0.000178632501 0.0
-0.000181537122 0.000178790899 0.0
-0.000198561669 0.000169394494 0.0
-0.000203921736 0.000165608886 0.0
-0.000179256705 0.000174393441 0.0
-0.000191240877 0.000172901768 0.0
-0.000207592006 0.000164697442 0.0
-0.000183057462 0.000180793751 0.0
-0.000178859264 0.000177161288 0.0
-0.000185040233 0.000181385374 0.0
-0.000196232097 0.000165823789 0.0
-0.00018856363 0.000168944389 0.0
-0.000181115422 0.000172119981 0.0
-0.000177269219 0.000175581867 0.0
-0.000184693039 0.00017040626 0.0
-0.000188473176 0.000176187677 0.0
-0.000194763139 0.000169708481 0.0
-0.000203947115 0.000165661375 0.0
-0.000208210549 0.000164289391 0.0
-0.000183789758 0.000182032702 0.0
-0.000199574555 0.000165063437 0.0
-0.000202679192 0.000164537429 0.0
-0.000191076891 0.00017116341 0.0
-0.000185494049 0.000177668102 0.0
-0.000181489449 0.00018006684 0.0
-0.000196054316 0.000172035594 0.0
-0.000390409085 9.33522315e-05 0.0
-0.000386335683 9.80800833e-05 0.0
-0.000382967759 9.58930614e-05 0.0
-0.000374635652 0.000100415418 0.0
-0.000383835461 9.96351664e-05 0.0
-0.00039049593 9.63076382e-05 0.0
-0.00037613936 9.9955374e-05 0.0
-0.000373196439 0.000101080157 0.0
-0.000393722352 8.99733204e-05 0.0
-0.000389985944 9.19250233e-05 0.0
-0.000393996423 9.27416258e-05 0.0
-0.000384535786 9.6760632e-05 0.0
-0.000389777735 9.95153896e-05 0.0
-0.000370403344 0.000102891507 0.0
-0.000394274131 8.85351765e-05 0.0
-0.000395000417 8.79861545e-05 0.0
-0.000378885568 9.9930352e-05 0.0
-0.000374964904 0.000100406593 0.0
-0.000388004381 0.000100123623 0.0
-0.000391231413 9.8266617e-05 0.0
-0.000371724513 0.000102356236 0.0
-0.000370882481 0.00010248219 0.0
-0.000393152994 9.48554298e-05 0.0
-0.00039486427 9.06979258e-05 0.0
-0.000388709857 9.41344479e-05 0.0
-0.000379670761 9.91818742e-05 0.0
-0.000382217346 0.000100145888 0.0
-0.000395143375 8.87597562e-05 0.0
-0.000385628169 9.60632315e-05 0.0
-0.000379726203 9.75489238e-05 0.0
-0.000309591065 0.000206913915 0.0
-0.000379032193 3.16227415e-05 0.0
-0.000344532658 0.000237684741 0.0
-0.000304248388 5.10533173e-05 0.0
-0.000242537091 0.000188007296 0.0
-0.000347214547 0.000170649044 0.0
-0.000261595676 0.000252961036 0.0
-0.000237335174 5.96541577e-05 0.0
-0.000553726335 0.000182042932 0.0
-0.000365193555 6.47677152e-05 0.0
-0.000389528577 0.000154029112 0.0
-0.000101105332 0.000181506373 0.0
-0.000521528011 5.39314278e-05 0.0
-0.00022577199 0.000130458589 0.0
-0.000501946255 0.000104615159 0.0
-0.000433159526 -9.27458223e-06 0.0
-0.000374612835 0.000220035115 0.0
-0.000192453372 4.09307213e-05 0.0
-0.000130913089 0.00010642127 0.0
-2.59573571e-05 0.000231962375 0.0
-0.000274866499 0.00012055572 0.0
-0.000274307968 0.000161045624 0.0
-0.000250298093 0.000216166445 0.0
-0.000437785115 3.9179653e-05 0.0
-0.000512967526 0.000199773654 0.0
-0.000327354966 6.15922108e-05 0.0
-0.000347122987 7.17217881e-06 0.0
-0.000389060559 0.000233746585 0.0
-8.21137801e-05 0.000259427587 0.0
-0.000263692375 4.93720217e-05 0.0
-0.000164026074 0.000112635229 0.0
-0.000107399632 9.81056146e-05 0.0
-0.000348216563 0.000246670796 0.0
-0.000269628683 7.8434874e-05 0.0
-0.000374903611 0.000164944839 0.0
-0.000243722767 0.000126355764 0.0
-0.000116195428 9.57330631e-05 0.0
-0.000298261904 0.000266327028 0.0
-0.000394189323 0.000200873881 0.0
-0.000211869847 0.000194655295 0.0
-0.000364351203 0.000171393229 0.0
-0.000234929146 0.000175192035 0.0
-0.000313668948 0.000231983577 0.0
-0.000131435474 5.37582309e-05 0.0
-0.000286897586 0.000184048549 0.0
-0.000424495549 7.05727216e-05 0.0
-0.000170156767 3.74308584e-05 0.0
-0.000552396756 0.000125435778 0.0
-0.000215157139 6.73384056e-05 0.0
-8.5603664e-05 0.000156445851 0.0
-0.000220148708 0.000278222084 0.0
-7.42300836e-05 0.000194219101 0.0
-0.000387275795 -1.60053005e-05 0.0
-0.00033721255 0.000125189486 0.0
-0.000329706527 7.7486693e-05 0.0
-1.31388342e-05 2.18635269e-05 0.0
-0.000272337813 0.00011777546 0.0
-0.000135780516 0.000171597188 0.0
-0.000460526586 -1.4102764e-05 0.0
-0.000526151154 7.5405449e-05 0.0
-0.000295329432 7.57732778e-05 0.0
-0.000303907116 2.54335919e-05 0.0
-0.000205182238 0.00013958881 0.0
-0.000222443297 0.000119501594 0.0
-0.000461921649 8.08307304e-05 0.0
-0.000340992061 3.73915791e-05 0.0
-0.000189971703 6.52860908e-05 0.0
-0.000104004284 5.31979276e-05 0.0
-0.000483574928 0.000268460426 0.0
-0.000484458782 0.000138644522 0.0
-0.000151003493 4.495541e-05 0.0
-0.000210894228 0.000209050937 0.0
-0.000563570589 3.77876495e-05 0.0
-0.000472650892 1.22948231e-05 0.0
-0.000126827144 0.00020775896 0.0
-0.000480171817 3.70665293e-05 0.0
-0.000320667226 7.20323224e-05 0.0
-0.000377822755 0.000237465807 0.0
-9.91598135e-05 0.000245074305 0.0
-0.000210955084 0.00024645697 0.0
-0.000456741545 0.000179803159 0.0
-0.00034326149 0.000193336498 0.0
-2.50000012e-05 7.49168466e-05 0.0
-0.000439510681 0.000128566913 0.0
-0.000212626561 3.43986248e-05 0.0
-0.000485938042 0.000207434161 0.0
-0.000303841953 0.000147026556 0.0
-2.36015712e-05 0.000246173731 0.0
-0.00055325788 0.000211655337 0.0
-0.000495340966 0.000213926294 0.0
-0.000240762281 4.3767981e-05 0.0
-0.000372070033 0.000166995582 0.0
-7.79561888e-05 2.17254474e-05 0.0
-0.000396443327 0.000182789416 0.0
-0.000127068764 0.000123996477 0.0
-0.000349295238 0.000166386744 0.0
-0.000241608213 0.000152435692 0.0
-0.000274320511 0.000224352392 0.0
-0.000367415079 4.68079779e-05 0.0
-0.000406954787 0.000225623386 0.0
-0.000200649971 0.000113391128 0.0
-0.000247848016 8.42291047e-05 0.0
-0.000553167658 0.00017882009 0.0
-0.000230493824 0.000138998963 0.0
-7.014527e-06 0.00021703013 0.0
-0.000548811862 0.000185917888 0.0
-0.00024441359 0.000121626959 0.0
-0.000365797634 8.17842229e-05 0.0
-0.000410669512 0.00023505406 0.0
-0.000580190215 2.48776887e-05 0.0
-0.000425037462 1.36750768e-05 0.0
-0.000186394638 0.00025657317 0.0
-0.00010748794 0.000277611747 0.0
-7.0319169e-05 0.000269263459 0.0
-5.18130873e-05 0.000230127378 0.0
-0.000326047797 0.000316516904 0.0
-0.000145645768 9.43413252e-05 0.0
-0.000366202265 0.000230553836 0.0
-0.000555055041 0.000185706303 0.0
-0.000497926434 0.000183978438 0.0
-6.92213871e-05 0.000173281034 0.0
-9.45007851e-05 9.74177819e-05 0.0
-0.000241713817 0.000132150293 0.0
-0.00027887366 0.000199096889 0.0
-0.000556495157 5.34715255e-05 0.0
-0.000330441166 0.000145952916 0.0
-0.00032718369 0.000120099132 0.0
-0.000310268224 0.000270302087 0.0
-0.000349119044 0.000252783007 0.0
-0.000556324085 0.000183851182 0.0
-0.000274497987 0.000119624623 0.0
-0.000336906873 0.00021717971 0.0
-0.000218820831 0.000182395204 0.0
-0.000552987971 9.33667397e-05 0.0
-0.000155771078 0.00013011659 0.0
-0.000301172346 0.000171002801 0.0
-0.000409489236 0.000217021312 0.0
-0.000109954482 0.000106392385 0.0
-0.000442740595 0.000104145249 0.0
-0.000262967224 0.000282349589 0.0
-0.000424275058 -2.35010593e-05 0.0
-0.000468069571 4.40591903e-05 0.0
-0.000425361301 0.000193126267 0.0
-0.000133680893 8.54002428e-05 0.0
-0.000379084784 6.60545857e-06 0.0
-0.000166575192 5.10987957e-05 0.0
-0.000100988516 8.62615707e-05 0.0
-0.000444954407 6.92173489e-05 0.0
-0.000483996526 -1.10110568e-06 0.0
-0.000276207516 6.27392801e-05 0.0
-0.000564243412 1.66050177e-05 0.0
-0.000280726701 3.32412201e-05 0.0
-0.000392127637 5.19732857e-05 0.0
-0.000584390596 0.000123117934 0.0
-0.000195677072 2.63960628e-05 0.0
-0.000319596293 0.0001207237 0.0
-0.000102551661 0.000105897627 0.0
-0.000100966565 0.000204860989 0.0
-9.86544328e-05 4.82087598e-05 0.0
-0.000119503748 8.88983486e-05 0.0
-0.000191388041 0.00032213956 0.0
-0.000193855492 0.000199180984 0.0
-0.000140045231 0.00019116755 0.0
-0.0002562835 0.000175626046 0.0
-0.000555291714 6.67787461e-08 0.0
-0.000271670229 0.000142951205 0.0
-0.000508476049 0.0002720911 0.0
-6.81728852e-05 0.000154179172 0.0
-0.000416049559 0.000253602542 0.0
-0.000494931184 0.000212584477 0.0
-0.000176331901 9.67184242e-05 0.0
-1.97891422e-05 6.12023869e-05 0.0
-0.000489600177 0.000214290776 0.0
-1.89294096e-05 0.000252192636 0.0
-0.000191682702 0.000231709637 0.0
-0.000299048726 8.28162229e-05 0.0
-0.000364736305 0.000206694138 0.0
-0.000532422739 2.27951459e-05 0.0
-0.000297502294 0.000249137403 0.0
-0.000114576847 5.25338583e-05 0.0
-7.25402715e-05 0.000200701485 0.0
-4.67328355e-05 0.000276980601 0.0
-0.000321939995 0.000145473197 0.0
-1.42138761e-05 1.31527513e-05 0.0
-0.000216580927 0.000289484218 0.0
-8.50098004e-05 2.94788806e-05 0.0
-7.36364673e-05 0.000294133002 0.0
-0.000520650472 0.000222058603 0.0
-0.000461908669 0.000260979781 0.0
-9.4610994e-05 0.000234708452 0.0
-0.000355098047 -1.60470954e-05 0.0
-0.000212625921 0.000277607702 0.0
-0.000452254026 6.41474398e-05 0.0
-1.08253598e-05 0.000179170078 0.0
-0.000521648908 0.000150139269 0.0
-0.000402902719 0.000240390262 0.0
-0.000483086711 0.000201314295 0.0
-0.000380668411 0.000118982432 0.0
-2.0156765e-06 0.000229661033 0.0
-0.000110645982 0.000147918443 0.0
-0.000240238558 0.000200014489 0.0
-0.000315451325 5.7631587e-05 0.0
-0.000469458493 -1.27884778e-05 0.0
-0.000281700399 0.000120132725 0.0
-0.000325542613 2.99189196e-05 0.0
-0.000331358548 0.000250190613 0.0
-6.73945906e-05 0.000234680323 0.0
-0.000255561667 0.000119841956 0.0
-0.000136746879 0.000215990221 0.0
-0.0002451654 4.03334125e-05 0.0
-0.000331118063 0.000302530185 0.0
-0.000328304799 -2.23250618e-06 0.0
-0.000223273033 0.00016261627 0.0
-0.000321802829 8.41776637e-05 0.0
-5.45288494e-05 0.000261769135 0.0
-0.00047506683 0.000152090768 0.0
-0.000342536019 0.000229292535 0.0
-0.000251246587 5.66477866e-05 0.0
-0.000288790354 4.53819957e-05 0.0
-0.000351608585 4.43795943e-05 0.0
-0.000215727414 5.17268963e-05 0.0
-4.36704686e-05 8.31440848e-05 0.0
-0.000190786785 0.000214563101 0.0
-3.04559653e-05 0.000213868057 0.0
-0.000487342506 0.000260543544 0.0
-0.000308320945 8.09020494e-05 0.0
-0.00039428391 6.40865546e-05 0.0
-1.47023616e-06 1.89573784e-05 0.0
-8.16309403e-05 9.18869555e-05 0.0
-0.000597986393 0.000268799136 0.0
-0.000116258656 0.000260508212 0.0
-0.000421054196 0.000226858043 0.0
-0.000416331808 0.000188165199 0.0
-0.000585213013 3.66864115e-05 0.0
-0.000328843569 0.00011522061 0.0
-0.000190350707 0.000260293047 0.0
-0.000290790107 6.8484027e-05 0.0
-0.000345703564 0.000266314048 0.0
-0.000185706216 0.00014625676 0.0
-2.70394885e-05 2.47610969e-05 0.0
-0.000226301607 0.000168967032 0.0
-0.000272818055 0.000118452823 0.0
-0.000484977267 2.56377061e-05 0.0
-3.67243192e-05 0.000266635412 0.0
-0.000157793984 3.20844556e-05 0.0
-0.000265181181 0.000118451535 0.0
-0.000188701262 0.000277049141 0.0
-0.000413837261 -1.79450342e-06 0.0
-0.00036722896 0.000234458959 0.0
-9.02291649e-05 3.99223281e-05 0.0
-0.000462507713 0.00021582417 0.0
-0.000262670888 9.39020683e-05 0.0
-0.000408664404 3.1016225e-05 0.0
-0.000452789507 4.58132963e-05 0.0
-0.000204371507 0.000262754387 0.0
-0.000216690765 0.000151441607 0.0
-0.000379311532 0.000240285313 0.0
-0.000409874017 0.000190915089 0.0
-8.487788e-05 3.09062598e-05 0.0
-0.000145872415 0.000167928316 0.0
-0.000426626415 0.000251235353 0.0
-8.80479856e-05 5.27935008e-05 0.0
-0.00039202263 -2.94630627e-05 0.0
-0.000563749636 0.000216086526 0.0
-0.000485858152 0.000183434036 0.0
-0.00045532317 0.000117437121 0.0
-0.000314668025 0.000269065611 0.0
-0.000191784056 5.39824505e-05 0.0
-8.91716845e-05 8.50149008e-05 0.0
-0.000214229876 0.00010828409 0.0
-8.97137288e-05 0.000278202293 0.0
-0.000337487931 0.000285087241 0.0
-0.000555360632 6.55793701e-05 0.0
-0.000314188452 0.000190366845 0.0
-2.66841726e-05 8.64686299e-05 0.0
-0.000406230945 0.000258152344 0.0
-0.000196605324 0.000294025172 0.0
-0.000323871442 0.00014443777 0.0
-0.000245429779 0.000238687571 0.0
-0.000315495156 0.000119637611 0.0
-0.000213776424 7.88126563e-05 0.0
-9.48247616e-05 5.82794164e-05 0.0
-0.000122087353 0.000277634448 0.0
-0.000589009549 4.52582935e-05 0.0
-0.000422499725 0.000201286224 0.0
-0.000227725133 0.0001888189 0.0
6.99190377e-06 0.000215147433 0.0
-0.000204761309 0.000111077934 0.0
-0.000274719379 0.000119879376 0.0
-0.00020391024 9.47248991e-05 0.0
-0.000563007721 0.000180234463 0.0
-0.00056580716 0.000187147147 0.0
-0.000183670767 6.89785011e-05 0.0
-0.000550822588 -6.5133745e-06 0.0
2.49473231e-07 2.12637115e-05 0.0
-0.000349107751 0.000160962838 0.0
-6.22959415e-05 2.46196778e-05 0.0
-0.000463006872 0.000147052648 0.0
-0.000394014205 0.000181789102 0.0
-0.000278977066 0.000286515977 0.0
-0.000514631043 0.000126829531 0.0
-0.000581772183 2.49562527e-05 0.0
-0.000356075354 0.00029645735 0.0
-0.000578960986 0.000105993495 0.0
-0.000206821991 0.000267593539 0.0
-0.000467068981 0.000145900718 0.0
-0.000152654276 4.90812708e-05 0.0
-0.000250085723 0.000118419164 0.0
-0.000252314057 7.08220687e-05 0.0
-0.000426543673 0.000232864026 0.0
-0.000482151838 0.000214622371 0.0
-0.000533491606 0.000262445537 0.0
-0.000237492131 0.000129469117 0.0
-0.000314538862 0.000148818421 0.0
-0.000217473236 2.78905136e-05 0.0
-0.000120472185 6.21103391e-05 0.0
-0.00032535076 0.000116931646 0.0
-0.000228631005 0.000261280948 0.0
-0.00017065728 3.09788084e-05 0.0
-0.000254923827 0.000125572726 0.0
-0.000105670901 0.000166543337 0.0
-0.000495031127 6.65773041e-05 0.0
-0.000133692956 5.7018653e-05 0.0
-0.000578672043 0.000138905234 0.0
-0.000250155485 0.000162766562 0.0
-7.11635585e-05 0.000207072066 0.0
-0.000365599844 0.000187156606 0.0
-0.000549139222 8.00005291e-05 0.0
-6.8905123e-05 8.46525145e-05 0.0
-0.000299460837 0.000321501837 0.0
-0.000178934511 0.000203402 0.0
-0.00026373117 0.000187772544 0.0
-0.000320193067 0.000248192897 0.0
-0.000522521615 -4.49669733e-06 0.0
-5.20201502e-05 0.000172645654 0.0
-0.000122763187 0.000131970824 0.0
-8.34327657e-05 4.19377611e-05 0.0
-7.86554083e-05 0.000218079236 0.0
-0.000101655191 0.000108167238 0.0
-0.000358105375 0.000238742825 0.0
-9.60644466e-05 0.000107363245 0.0
-0.000241042217 0.000293449382 0.0
-0.000512913102 -2.70483383e-06 0.0
-0.000203942167 0.000186126039 0.0
-0.000381621096 0.00027586022 0.0
-0.000488443417 0.000182282529 0.0
-7.72118437e-06 0.000169803112 0.0
-0.000274375692 0.00026466712 0.0
-0.000202378869 9.16416393e-05 0.0
-0.000284195732 0.000238070177 0.0
-0.000121507182 9.76584852e-05 0.0
-0.000233422106 8.65447437e-05 0.0
-0.000366059481 2.43375798e-05 0.0
-0.000523164461 -7.3027818e-06 0.0
-0.000401294412 8.83034081e-05 0.0
-0.000207500707 0.000281752902 0.0
-8.51153382e-05 5.89347655e-05 0.0
-0.00041663181 0.000252014084 0.0
-0.000304593588 0.000220612914 0.0
-0.000382792496 0.000169142266 0.0
-0.000185017401 2.29316429e-05 0.0
-0.00052567519 0.000173729786 0.0
-0.000426527928 0.000250047073 0.0
-0.000563277397 0.000197454094 0.0
-0.000146901933 0.000137847514 0.0
-0.000354903983 0.00011058266 0.0
-8.16640386e-05 3.26140798e-05 0.0
-0.000411231507 -1.70162766e-05 0.0
-0.000223750132 2.98076957e-05 0.0
-0.000424751517 8.4345862e-05 0.0
-0.000336730969 0.000204163429 0.0
-0.000167363178 6.06671674e-05 0.0
-0.00018668444 7.78252579e-05 0.0
-0.000491590064 8.62133238e-05 0.0
-0.000181331052 0.000245433301 0.0
-0.000230640391 6.85186606e-05 0.0
-0.000350542832 8.86983325e-05 0.0
-0.000159942079 0.000180854811 0.0
-0.000308970164 0.00013205914 0.0
-0.000190372724 0.000123463615 0.0
-0.00025838014 3.93348819e-05 0.0
-5.02464682e-05 0.000186166828 0.0
-0.000324838969 0.000238869892 0.0
-0.000119819269 8.18778062e-05 0.0
-0.000179915354 3.54150361e-05 0.0
-0.000105801759 0.00011690156 0.0
-0.000491563347 0.000272326288 0.0
-0.000480361719 0.000246374111 0.0
-3.55890297e-05 6.28903072e-05 0.0
-0.000447149971 2.20881084e-05 0.0
-0.000156705122 5.30850957e-05 0.0
-0.000552622601 0.000185547338 0.0
-0.000484804652 0.000221207141 0.0
-0.000104335151 7.09217202e-05 0.0
-0.000221745751 0.000197017886 0.0
-0.000101695332 0.000213231178 0.0
-0.000542785798 0.000148972875 0.0
-2.61195582e-05 1.69390114e-05 0.0
-0.000524319767 8.76431077e-05 0.0
-0.000229904923 4.41186858e-05 0.0
-0.00027781789 0.000174187779 0.0
-0.000541909947 0.000226142598 0.0
-0.000279638334 9.16919016e-05 0.0
-0.000422832818 5.57504827e-05 0.0
-0.000531646772 6.2796571e-05 0.0
-0.000214013213 0.000174767483 0.0
-1.70886833e-05 3.04577716e-05 0.0
-0.000440094853 -2.13070889e-05 0.0
-0.000429085689 0.000219182853 0.0
-0.000238190361 0.000181903088 0.0
-0.000489555416 -4.72741431e-06 0.0
-0.000240207577 0.000135520197 0.0
-0.000336965837 7.05016791e-05 0.0
-0.000213589155 0.000130119341 0.0
-0.000511495105 -5.67073766e-06 0.0
-0.000337089004 6.05300411e-05 0.0
-0.00016550938 0.000256105966 0.0
-0.000437821902 0.000228322941 0.0
-0.000429725536 0.000210006736 0.0
-0.000335868768 0.00015428089 0.0
-0.000201623247 0.00015586408 0.0
-3.04534524e-06 1.41060418e-05 0.0
-0.000241395668 0.000118533557 0.0
-0.000291560689 9.01202875e-05 0.0
-0.000136793489 4.4998309e-05 0.0
-6.25777175e-05 0.000151899905 0.0
-0.000148357969 0.000110905792 0.0
-0.000384094048 0.000227072902 0.0
-0.000382072321 0.000246330514 0.0
5.61060006e-06 0.000239111512 0.0
-0.00013205604 8.07222386e-05 0.0
-0.000231207276 0.000124848477 0.0
-0.000306014961 9.53911785e-06 0.0
-0.00030270766 8.8223147e-05 0.0
-6.60946098e-05 0.000226323013 0.0
-0.000553973834 0.00016849018 0.0
-0.000366307213 0.000134729707 0.0
-0.000228908335 0.00015263255 0.0
-0.000501110801 1.37256065e-05 0.0
-8.42458103e-05 0.000186524281 0.0
-0.000151480592 0.000214783184 0.0
-8.70672302e-05 3.78657496e-05 0.0
-0.000371391536 -2.85539281e-05 0.0
-0.000489802682 -4.21316417e-06 0.0
-0.000418839743 0.000148941617 0.0
-5.88624025e-05 0.000116503732 0.0
-0.000473157095 0.000205156597 0.0
-4.33405694e-05 0.000214699656 0.0
-0.000233480372 0.000116545081 0.0
-0.000332846626 0.000177839363 0.0
-0.000469841267 0.000134910937 0.0
-0.000158093171 8.77542407e-05 0.0
-0.000434353366 6.20556602e-05 0.0
-0.000413440604 0.000186201694 0.0
-0.00015107081 0.000197511239 0.0
-0.000349388429 6.09155613e-05 0.0
-0.000280612905 8.256203e-05 0.0
-9.06838759e-05 0.000141144206 0.0
-0.0005642873 -3.62283117e-06 0.0
-5.87171344e-05 0.000122759375 0.0
-0.000501004746 0.000172271917 0.0
-0.000138901072 0.000268146425 0.0
-7.4943513e-05 0.00029745014 0.0
-0.000463896518 6.11494397e-05 0.0
-0.00040240743 0.00010558989 0.0
-0.000367818808 -4.55592453e-06 0.0
-4.99727466e-05 0.000244063616 0.0
-0.000201617382 0.000107458807 0.0
-0.000120688499 0.000180433301 0.0
1.23381969e-05 0.000227720957 0.0
-3.33663775e-05 0.000168378043 0.0
-0.000552027836 5.4612583e-06 0.0
-0.000501603761 0.000209939622 0.0
-5.57995845e-05 7.45858706e-05 0.0
-0.000308930757 7.18019292e-05 0.0
-0.000112431131 5.96633399e-05 0.0
-0.000596204598 0.000267294789 0.0
-0.000321325002 0.000161622243 0.0
-0.000301501015 0.000120774319 0.0
-0.000454402994 -1.0566283e-05 0.0
-0.000570888922 2.01504645e-05 0.0
-5.47020245e-05 0.000114464056 0.0
-0.000482373463 4.38174211e-05 0.0
-0.000397754367 0.00024293318 0.0
-0.000449608429 2.05038373e-06 0.0
-0.000414640148 0.000171113221 0.0
-0.000324047229 9.32094335e-05 0.0
-4.46348022e-05 9.3116716e-05 0.0
-0.000483607815 0.00018772365 0.0
-0.000535208557 4.05428509e-05 0.0
-0.000119909659 0.000217788111 0.0
-0.00044762512 0.000223117182 0.0
-0.000225834126 0.000146313061 0.0
-5.06846773e-05 0.000282334833 0.0
-0.000290685944 0.000136814808 0.0
-0.000136895498 6.03494918e-05 0.0
-0.000247874268 0.000272370758 0.0
-0.000185658253 0.000225056836 0.0
-0.000397602998 1.5976153e-05 0.0
-0.000123602076 0.000152766355 0.0
-0.000209422447 8.05152158e-05 0.0
-0.000505188946 2.04512326e-05 0.0
-0.00044382835 0.000252032565 0.0
-0.000538452761 0.000199267655 0.0
-0.000485062919 0.00021028865 0.0
-0.000474467408 0.000120153702 0.0
-5.3075255e-05 0.000266004121 0.0
-4.81587449e-05 0.000193020242 0.0
-0.000459380302 0.000258093787 0.0
-0.000572966703 0.00020386088 0.0
-0.000438286777 0.000122637372 0.0
-0.000110042361 0.000195406174 0.0
-0.000505511998 0.000259705936 0.0
-0.000623640197 0.00028323906 0.0
-0.000240974012 0.000139658732 0.0
-0.000160565571 0.000309344992 0.0
-0.000332228577 5.16502841e-05 0.0
-0.000474375003 0.000204465832 0.0
-3.511865e-05 2.81972007e-05 0.0
-0.000119107644 0.000109456894 0.0
-0.000512459897 0.000225114127 0.0
-0.000215780325 0.000230784208 0.0
-0.000498142559 4.67920581e-05 0.0
-0.000168324448 2.69951142e-05 0.0
-0.000149703468 0.000263631227 0.0
-0.000541536137 0.000111228263 0.0
-8.51916047e-06 7.50803811e-05 0.0
-0.000182848235 0.000215104053 0.0
-0.000500674709 -4.25895269e-06 0.0
-0.0001260071 0.00024456234 0.0
-0.000131284236 0.000276246399 0.0
-0.000284807029 0.000212098574 0.0
-0.000332118536 0.000113573085 0.0
-0.000461741118 0.000196035937 0.0
-0.000325930043 1.53333931e-05 0.0
-8.20929654e-06 6.94351547e-06 0.0
-0.000385818625 0.000210948405 0.0
-0.000505864038 0.000216468587 0.0
-0.00055478001 2.33601622e-05 0.0
-0.000189678205 0.000270008546 0.0
-3.75896598e-05 9.60891339e-05 0.0
-0.000352164847 2.04504922e-05 0.0
-0.000183262469 9.53337949e-05 0.0
-0.000419414369 0.000118130309 0.0
-0.000306726492 3.77888937e-05 0.0
-0.000384999497 0.000237636545 0.0
-0.000216791595 0.000122934012 0.0
-0.000133569833 0.000275310595 0.0
-0.000294783094 0.000155588408 0.0
-0.000199497954 0.000270367251 0.0
-0.000224031202 0.000156519789 0.0
-0.000205095625 2.33016817e-05 0.0
-0.000235942643 0.000143268902 0.0
-0.000104028208 0.000289693591 0.0
-0.000321861968 4.36390037e-05 0.0
-0.000145115919 0.000161351592 0.0
-0.000216847693 0.00021604498 0.0
-0.000223595853 0.000138504882 0.0
-3.04153946e-05 1.12462276e-05 0.0
-0.00014747442 4.29982865e-05 0.0
