0.000746848702 0.00123445888 0.0
0.000733668741 0.00133591343 0.0
0.000559700304 0.00134533388 0.0
0.000497909263 0.00132472487 0.0
0.000539096596 0.00129168504 0.0
0.000776926521 0.00132472487 0.0
0.00083871762 0.00134533388 0.0
0.000768141705 0.00180590025 0.0
0.00075653987 0.00186218391 0.0
0.000718920026 0.00181528367 0.0
5.31110418e-05 -4.30287255e-05 0.0
6.47129273e-05 -9.93123685e-05 0.0
0.000829552126 0.00177459605 0.0
0.000820937799 0.00181849243 0.0
0.000769570994 0.00177665101 0.0
0.000117509007 -8.67201525e-05 0.0
0.000126123326 -0.000130616507 0.0
0.000436815666 0.00033325245 0.0
0.000421708013 0.000383453938 0.0
0.00090552005 0.00159533799 0.0
0.000954204006 0.00161318039 0.0
0.00091876142 0.00167111726 0.0
0.000675186689 0.00161318039 0.0
0.000626502733 0.00159533799 0.0
0.000642764673 0.00141871569 0.0
0.000628595415 0.00147788716 0.0
0.000889516319 0.00168075692 0.0
0.000877933344 0.0017414795 0.0
0.000377533754 0.000573712576 0.0
0.000362178136 0.000567175681 0.0
0.000230372621 0.000418689742 0.0
0.000218559173 0.000404040795 0.0
0.000237704546 0.000402027043 0.0
0.00049757649 0.000404040795 0.0
0.000509389909 0.000418689742 0.0
0.000412961643 0.000914245436 0.0
0.000398825272 0.000986290979 0.0
0.000290565396 0.000443159515 0.0
0.000274291291 0.000435173832 0.0
0.000515117543 0.000809023681 0.0
0.000500817434 0.000907546259 0.0
0.000678828626 0.00106243754 0.0
0.00066439592 0.00118357292 0.0
0.000493003521 0.000921842176 0.0
0.000477915746 0.00100059528 0.0
0.00050422753 0.000617632177 0.0
0.000487432902 0.000678722863 0.0
0.000703428814 0.00190521264 0.0
0.0 0.0 0.0
0.000279017288 0.0 0.0
0.00098244613 0.00190521264 0.0
0.000759237155 0.00124051748 0.0
0.000771202671 0.00124782266 0.0
0.000781457929 0.00125796825 0.0
0.00078879972 0.00127002818 0.0
0.000792963314 0.00128320814 0.0
0.000793474086 0.00129679905 0.0
0.000790617429 0.00130986935 0.0
0.00078436028 0.00132149237 0.0
0.000774734304 0.00133088464 0.0
0.000761786476 0.00133655884 0.0
0.000747721002 0.00133814244 0.0
0.000720641401 0.00133047812 0.0
0.000708868844 0.00132317829 0.0
0.000698705146 0.0013133972 0.0
0.000690935994 0.00130174088 0.0
0.000686470419 0.00128860178 0.0
0.000685757434 0.00127504254 0.0
0.00068921264 0.00126171729 0.0
0.000696684583 0.00124956528 0.0
0.000707057538 0.00124021107 0.0
0.000718791736 0.00123394304 0.0
0.00073241652 0.0012319301 0.0
0.000497124216 0.00131642632 0.0
0.000498227542 0.00130849867 0.0
0.000501033617 0.00130114704 0.0
0.00050582597 0.00129499449 0.0
0.000512702274 0.00129048573 0.0
0.00052131759 0.00128807267 0.0
0.000530498219 0.00128895778 0.0
0.000546309573 0.00129606377 0.0
0.000552953687 0.00130118546 0.0
0.000558313041 0.00130761007 0.0
0.000562246656 0.00131477532 0.0
0.000564542424 0.00132260355 0.0
0.000564879389 0.00133070338 0.0
0.000563213369 0.00133843324 0.0
0.000833298487 0.00135110773 0.0
0.000826076022 0.00135503046 0.0
0.000817191787 0.00135588693 0.0
0.000808255048 0.00135414186 0.0
0.000800613256 0.00135012495 0.0
0.00079280301 0.00134567113 0.0
0.000785663957 0.00134019123 0.0
0.000780218106 0.0013330254 0.0
0.000747111335 0.00185967854 0.0
0.000739475188 0.00185522134 0.0
0.000733223569 0.00185017323 0.0
0.000727460196 0.00184431684 0.0
0.000722835015 0.00183774426 0.0
0.000719794247 0.00183050754 0.0
0.000718474097 0.00182280061 0.0
0.000721204502 0.00180818781 0.0
0.000725275255 0.00180221407 0.0
0.000730748521 0.00179759634 0.0
0.000737778028 0.00179439725 0.0
0.000745817611 0.00179448666 0.0
0.000753676402 0.00179716211 0.0
0.000761334202 0.00180090382 0.0
7.08675288e-05 -9.3814946e-05 0.0
7.56820446e-05 -8.73411773e-05 0.0
7.91805214e-05 -8.01665446e-05 0.0
8.08533223e-05 -7.24661368e-05 0.0
8.05746313e-05 -6.50158181e-05 0.0
7.85106822e-05 -5.80441483e-05 0.0
7.48089224e-05 -5.19072128e-05 0.0
6.96202769e-05 -4.70235391e-05 0.0
6.20459105e-05 -4.39102587e-05 0.0
0.000812875049 0.00182004145 0.0
0.000804724579 0.00181874167 0.0
0.000796684122 0.00181590568 0.0
0.000789013284 0.00181140471 0.0
0.000781826035 0.00180659536 0.0
0.000775604916 0.00180040987 0.0
0.000771355524 0.00179294951 0.0
0.000769241014 0.00178480393 0.0
0.000772083411 0.00176897366 0.0
0.000777097943 0.00176244159 0.0
0.000784077973 0.00175806507 0.0
0.000792309991 0.00175584783 0.0
0.000800912152 0.00175610126 0.0
0.000809419551 0.001758117 0.0
0.000817415188 0.0017624367 0.0
0.000824109651 0.00176798657 0.0
0.000130330853 -0.000122754922 0.0
0.000132347384 -0.000114300587 0.0
0.000132124071 -0.000105868276 0.0
0.000129504726 -9.80188779e-05 0.0
0.000124550323 -9.13498006e-05 0.0
0.000443713448 0.000336944388 0.0
0.000449552259 0.000341832871 0.0
0.000453594897 0.00034822413 0.0
0.000455712201 0.000355354539 0.0
0.000456487644 0.000362886291 0.0
0.000455529371 0.000370024529 0.0
0.000453012093 0.000376594282 0.0
0.000448948093 0.000382020313 0.0
0.000443818048 0.000386114931 0.0
0.000436874368 0.000388211774 0.0
0.00042879142 0.000387367123 0.0
0.000415081275 0.000379374658 0.0
0.00040969465 0.000374144787 0.0
0.000404963357 0.000368401059 0.0
0.000401482976 0.00036186169 0.0
0.000399712095 0.000354903925 0.0
0.000399794022 0.000347895257 0.0
0.000401666883 0.000341217703 0.0
0.000405440514 0.000335607183 0.0
0.000411466928 0.000331191957 0.0
0.000419817719 0.00032911828 0.0
0.000428886065 0.000329921808 0.0
0.000959931582 0.00162124948 0.0
0.000963656756 0.00163033255 0.0
0.000965214742 0.00163979188 0.0
0.00096462376 0.00164904341 0.0
0.00096176326 0.00165772892 0.0
0.000956029282 0.00166544179 0.0
0.000947753259 0.00167079538 0.0
0.00093860284 0.00167326198 0.0
0.000928827329 0.00167329097 0.0
0.000908939284 0.0016663993 0.0
0.000900113489 0.00166016794 0.0
0.000893221062 0.00165243924 0.0
0.000887940172 0.00164360274 0.0
0.000884982001 0.00163408823 0.0
0.000884622394 0.00162425532 0.0
0.000886714435 0.00161485747 0.0
0.000891085481 0.00160655612 0.0
0.000897424296 0.00159992464 0.0
0.000635406701 0.00159352703 0.0
0.000644780695 0.00159458409 0.0
0.000653751253 0.00159757107 0.0
0.00066149421 0.00160205946 0.0
0.000668757362 0.00160701899 0.0
0.000649973808 0.00142319663 0.0
0.000656382355 0.00142835267 0.0
0.00066263834 0.00143419753 0.0
0.00066713756 0.00144127116 0.0
0.000669607718 0.00144912559 0.0
0.000669884845 0.00145715277 0.0
0.000668134366 0.00146451278 0.0
0.000664850173 0.00147118222 0.0
0.000659924757 0.00147657166 0.0
0.000653868425 0.00148064271 0.0
0.000645640015 0.00148239778 0.0
0.000637006538 0.00148076355 0.0
0.000621313462 0.00147335802 0.0
0.000614991994 0.00146813015 0.0
0.00060981157 0.00146186538 0.0
0.000606100948 0.00145500689 0.0
0.000603713037 0.00144756108 0.0
0.000603067165 0.00143992819 0.0
0.000604183355 0.00143262011 0.0
0.000606832851 0.00142595405 0.0
0.000611339347 0.00142038974 0.0
0.000617732236 0.00141619099 0.0
0.00062594522 0.00141446455 0.0
0.000634589233 0.00141560053 0.0
0.000898428843 0.00168536953 0.0
0.000906190311 0.00169172871 0.0
0.000912230171 0.00169946882 0.0
0.000916104938 0.00170803757 0.0
0.000917373574 0.00171712274 0.0
0.000916008314 0.00172601477 0.0
0.000911951123 0.00173402997 0.0
0.000905179011 0.00174017332 0.0
0.000896447687 0.00174347532 0.0
0.00088709814 0.00174352841 0.0
0.000869428506 0.00173665746 0.0
0.00086231553 0.0017301297 0.0
0.000856832834 0.00172243803 0.0
0.00085340545 0.00171382027 0.0
0.000852105208 0.00170490576 0.0
0.000853267557 0.00169632665 0.0
0.000856724393 0.0016885146 0.0
0.00086313847 0.00168234785 0.0
0.000871203665 0.00167936867 0.0
0.000880182779 0.00167890324 0.0
0.000377546588 0.000576368009 0.0
0.000376893644 0.000578553707 0.0
0.000375372561 0.000580309832 0.0
0.000373577117 0.000581090979 0.0
0.000372093491 0.00058118318 0.0
0.000370974565 0.000580865424 0.0
0.000369842164 0.000580153835 0.0
0.000368764449 0.000579177926 0.0
0.000366429536 0.000577547878 0.0
0.000364187843 0.000574555947 0.0
0.000362419058 0.00057073863 0.0
0.000362294784 0.000564957154 0.0
0.000362862746 0.000562838453 0.0
0.000364289881 0.000561158813 0.0
0.000365942542 0.000560263987 0.0
0.000367549801 0.000559936976 0.0
0.00036885505 0.000560159271 0.0
0.00037025963 0.000560834189 0.0
0.000371584698 0.000561870751 0.0
0.000373516232 0.000563629437 0.0
0.000375595468 0.000566319097 0.0
0.000377117773 0.000570035016 0.0
0.000219045192 0.000401158817 0.0
0.000220046481 0.000398580654 0.0
0.000221219016 0.000396641146 0.0
0.00022249209 0.000395149342 0.0
0.000224218835 0.000394152448 0.0
0.000226332282 0.000393731199 0.0
0.000229420883 0.000394130067 0.0
0.000232793551 0.000396568998 0.0
0.000235639774 0.000399538985 0.0
0.000239075525 0.000404604623 0.0
0.000239263551 0.000407625659 0.0
0.000239413828 0.000410620036 0.0
0.000239306144 0.000412972382 0.0
0.000239224624 0.000414939976 0.0
0.000238716617 0.000416664203 0.0
0.000237603657 0.000418081821 0.0
0.000235979489 0.000419108721 0.0
0.0002337318 0.00041929874 0.0
0.000505693431 0.000416366558 0.0
0.000502464769 0.000412606023 0.0
0.00050026708 0.000409676548 0.0
0.000498445064 0.000407208077 0.0
0.000422482495 0.000918581849 0.0
0.000430947199 0.000924624328 0.0
0.000437108829 0.000932492432 0.0
0.000441628305 0.000941505947 0.0
0.000444039673 0.000951293216 0.0
0.000444027508 0.000961126061 0.0
0.000441594806 0.000970333174 0.0
0.000436843926 0.000978572993 0.0
0.000429518026 0.000984876999 0.0
0.000420132274 0.000988426036 0.0
0.000409547705 0.000988704967 0.0
0.000389063411 0.000981620862 0.0
0.000380708632 0.000974979892 0.0
0.000374122785 0.000967136875 0.0
0.000369140034 0.000958250079 0.0
0.000366488966 0.000948569563 0.0
0.000366318825 0.000938633166 0.0
0.000368701702 0.000929172966 0.0
0.000373860385 0.000920851773 0.0
0.000381560356 0.000914615113 0.0
0.000391732901 0.000911112875 0.0
0.000402450474 0.000911046867 0.0
0.000290184747 0.000445748621 0.0
0.0002893091 0.000447964121 0.0
0.000287522154 0.000449665589 0.0
0.000285531481 0.000450591702 0.0
0.000283788191 0.000450775027 0.0
0.000282139983 0.000450464489 0.0
0.000280539098 0.000449725601 0.0
0.000278732303 0.000448166742 0.0
0.000276883162 0.000446099992 0.0
0.000275276252 0.000442587421 0.0
0.000274352322 0.000438338349 0.0
0.000275010447 0.000432724279 0.0
0.000276639243 0.000430369837 0.0
0.00027821309 0.000428601197 0.0
0.000279492611 0.000427878345 0.0
0.000280753302 0.000427681749 0.0
0.000281992252 0.0004280672 0.0
0.000283231639 0.000428946456 0.0
0.000284276175 0.000430137676 0.0
0.000285983871 0.000432014873 0.0
0.000288602343 0.000434904679 0.0
0.000290582422 0.000439282798 0.0
0.000528585049 0.000814770814 0.0
0.000540413719 0.000823092822 0.0
0.000550161349 0.000834011531 0.0
0.000556877174 0.000846983108 0.0
0.000559749547 0.000861127512 0.0
0.000558198546 0.000875299447 0.0
0.000552161131 0.000888177077 0.0
0.000542133057 0.000898029772 0.0
0.000529359444 0.00090453279 0.0
0.000514669809 0.000907972106 0.0
0.000487815705 0.000902244647 0.0
0.000475672015 0.00089291326 0.0
0.00046615646 0.000881708867 0.0
0.000459295086 0.000868777046 0.0
0.00045622894 0.000854602375 0.0
0.000457194546 0.000840360299 0.0
0.000462250697 0.000827058335 0.0
0.000471669511 0.000815987412 0.0
0.000484843302 0.000808965124 0.0
0.000499636168 0.000806300377 0.0
0.00069468224 0.00106776087 0.0
0.00070960843 0.00107619946 0.0
0.000722151657 0.00108778698 0.0
0.000731119711 0.00110217393 0.0
0.000736104732 0.00111817452 0.0
0.000736317248 0.00113461504 0.0
0.000732309592 0.00115022657 0.0
0.000723535137 0.00116454961 0.0
0.000711532077 0.00117589964 0.0
0.000697733019 0.00118351786 0.0
0.000681384816 0.00118618819 0.0
0.00064925605 0.00117774506 0.0
0.000634941098 0.00116933137 0.0
0.000622332271 0.00115772185 0.0
0.000612897915 0.00114378263 0.0
0.000607494847 0.00112794212 0.0
0.000606666377 0.00111132569 0.0
0.000610235671 0.00109539379 0.0
0.00061831862 0.00108133431 0.0
0.000630034541 0.00107007509 0.0
0.000644968473 0.00106322381 0.0
0.000661589089 0.00106066244 0.0
0.000502600626 0.000926532201 0.0
0.000511559891 0.000933859905 0.0
0.000518567744 0.000942469225 0.0
0.000523564115 0.000952261093 0.0
0.000526386721 0.000962627586 0.0
0.000526508142 0.000973145827 0.0
0.000524084782 0.000983125297 0.0
0.000519145222 0.00099202327 0.0
0.000511026708 0.000998934382 0.0
0.000500416558 0.00100296491 0.0
0.000488922873 0.00100349204 0.0
0.000467573613 0.000996259623 0.0
0.000458406401 0.000990063301 0.0
0.000451256987 0.000981981517 0.0
0.000446534686 0.000972097158 0.0
0.000443769532 0.000961864018 0.0
0.000443659432 0.000951278489 0.0
0.000446373539 0.000941281265 0.0
0.000452019798 0.000932571769 0.0
0.000460176176 0.000926225912 0.0
0.000470497733 0.000922496663 0.0
0.000482327014 0.000920778839 0.0
0.00051114877 0.000622216612 0.0
0.000517577457 0.000627000525 0.0
0.000523586816 0.000632796087 0.0
0.000528340694 0.00063963281 0.0
0.000531322032 0.000647299981 0.0
0.000532343925 0.000655252603 0.0
0.000531166676 0.000663065468 0.0
0.000528192613 0.000670370413 0.0
0.000522708579 0.000676546886 0.0
0.000514729531 0.000680737547 0.0
0.000505763164 0.000682665035 0.0
0.000495943357 0.000681886624 0.0
0.000479916518 0.000674492738 0.0
0.000473286695 0.000669413595 0.0
0.000468309969 0.000662766572 0.0
0.000464988436 0.000655204756 0.0
0.000463426753 0.000647108129 0.0
0.000463464821 0.000639169768 0.0
0.000465281482 0.000631587754 0.0
0.000468705752 0.000624759239 0.0
0.000473523338 0.000619155529 0.0
0.000479634065 0.000615132798 0.0
0.000487618381 0.00061351771 0.0
0.00049618911 0.000614479242 0.0
0.000684742758 0.0018310314 0.0
0.000682338548 0.00175730651 0.0
0.000435420865 0.00112033053 0.0
0.000417194242 0.00106716866 0.0
0.000396240968 0.00103035953 0.0
0.000384220359 0.00100119226 0.0
0.000370227237 0.000970944238 0.0
0.000350308517 0.00091875717 0.0
0.000351214083 0.000839292654 0.0
0.00034892431 0.00074428902 0.0
0.00032316806 0.000642231782 0.0
0.000273176265 0.000528170553 0.0
0.000195123503 0.00034876584 0.0
0.000176875299 0.000297078834 0.0
0.000136868504 0.000219431531 0.0
5.87354371e-05 0.000100087047 0.0
1.62322867e-05 -4.68474627e-06 0.0
8.94005789e-05 -2.03757136e-05 0.0
0.000108296241 -2.20027341e-05 0.0
0.000154857931 -3.52235329e-05 0.0
0.00018791332 -1.78179853e-05 0.0
0.000217634108 -2.81677185e-05 0.0
0.000239513 -4.87346661e-05 0.0
0.000254112063 -6.1346771e-05 0.0
0.000262792746 -6.24226013e-05 0.0
0.000273591548 -4.11232832e-05 0.0
0.000291350647 -1.07155402e-05 0.0
0.000315109821 8.04906904e-06 0.0
0.000339541031 1.64080066e-05 0.0
0.000358456367 3.62489263e-05 0.0
0.000354875607 7.43769633e-05 0.0
0.000331659743 5.153046e-05 0.0
0.000290800468 3.20726358e-05 0.0
0.000263410446 1.87878377e-05 0.0
0.000267185766 1.92819698e-06 0.0
0.000337752746 0.000100087047 0.0
0.000415885821 0.000219431531 0.0
0.000455892616 0.000297078834 0.0
0.000474140805 0.00034876584 0.0
0.000552193553 0.000528170553 0.0
0.000602185377 0.000642231782 0.0
0.000627941627 0.00074428902 0.0
0.0006302314 0.000839292654 0.0
0.000629325805 0.00091875717 0.0
0.000649244525 0.000970944238 0.0
0.000663237646 0.00100119226 0.0
0.000675258285 0.00103035953 0.0
0.000696211529 0.00106716866 0.0
0.000714438152 0.00112033053 0.0
0.000961355807 0.00175730651 0.0
0.000963760074 0.0018310314 0.0
0.00097061455 0.00190714083 0.0
0.000966839259 0.00192400045 0.0
0.000994229224 0.00193728518 0.0
0.00103508856 0.00195674296 0.0
0.00105830445 0.00197958946 0.0
0.00106188515 0.00194146158 0.0
0.00104296987 0.00192162057 0.0
0.00101853861 0.00191326172 0.0
0.000994779402 0.00189449708 0.0
0.000977020361 0.00186408928 0.0
0.00096622156 0.00184279005 0.0
0.000957540877 0.00184386584 0.0
0.000942941813 0.00185647793 0.0
0.000921062892 0.00187704491 0.0
0.000891342119 0.00188739458 0.0
0.000858286745 0.00186998909 0.0
0.00081172504 0.00188320992 0.0
0.000792829378 0.00188483694 0.0
0.000719661068 0.00190052786 0.0
0.000674790121 0.00132711371 0.0
0.000334272801 0.000289016374 0.0
0.000759334012 0.00153572089 0.0
0.000272782316 0.000216240674 0.0
0.000591957185 0.00119131012 0.0
0.000658346049 0.00116331142 0.0
0.000699502067 0.00150164426 0.0
0.000247301126 0.000227729703 0.0
0.000756844296 0.00124449062 0.0
0.000395980052 0.000464724406 0.0
0.000600257597 0.000977259246 0.0
0.000541076064 0.00118379027 0.0
0.000528946344 0.000560381217 0.0
0.000358595134 0.000696025323 0.0
0.000569397118 0.000759015209 0.0
0.000340556056 0.000158124516 0.0
0.00071858085 0.00140071393 0.0
0.000247719669 0.000249621487 0.0
0.000379738456 0.000744793855 0.0
0.000669058878 0.00157081778 0.0
0.000416689785 0.000739324489 0.0
0.000607383845 0.00109067 0.0
0.000666044711 0.0013482786 0.0
0.000373144459 0.000370378315 0.0
0.000791190891 0.00133590202 0.0
0.000330021372 0.000369546731 0.0
0.000284795999 0.000121862999 0.0
0.000798197987 0.00150704698 0.0
0.000624050037 0.00153748156 0.0
0.000213877182 0.000110786561 0.0
0.000366030057 0.000706494437 0.0
0.000258828455 0.00059621234 0.0
0.000804313342 0.00165400421 0.0
0.000282864756 0.000313072756 0.0
0.000670334673 0.00112094916 0.0
0.000428003434 0.000769507315 0.0
0.000327359012 0.00067676598 0.0
0.000734440051 0.00159904326 0.0
0.000685916573 0.00129352731 0.0
0.00054821308 0.00119429419 0.0
0.000585183909 0.00101746514 0.0
0.000556868967 0.00107623881 0.0
0.000711608445 0.0014543453 0.0
0.000150001739 9.04818153e-05 0.0
0.000634843891 0.00121027965 0.0
0.000419715332 0.000483843556 0.0
0.000210815357 0.000176942427 0.0
0.000580963329 0.000890082854 0.0
0.000301288586 0.000345044537 0.0
0.000486572681 0.00114306516 0.0
0.000686701038 0.00156001351 0.0
0.000589087489 0.00129515398 0.0
0.000303286244 9.22463951e-05 0.0
0.000583371962 0.000840063847 0.0
0.000423618854 0.000555229606 0.0
0.000141298558 0.000166640952 0.0
0.000419011427 0.000699373195 0.0
0.000472209998 0.00106508483 0.0
0.000361900689 0.000135527691 0.0
0.000574696402 0.000659036392 0.0
0.00030440095 0.00035700333 0.0
0.000248651457 8.97537975e-05 0.0
0.00037519139 0.000769169128 0.0
0.000317360042 0.000591884542 0.0
0.000548456504 0.000645920867 0.0
0.00030238519 0.000244972645 0.0
0.000330839481 0.00042137393 0.0
0.000120223136 0.000106386477 0.0
0.000961083744 0.00179441611 0.0
0.000530687685 0.000842319743 0.0
0.000185097888 0.000128747881 0.0
0.000621902989 0.00129556656 0.0
0.000483927026 0.000462560274 0.0
0.000371604547 0.000294913829 0.0
0.000573493948 0.00119271257 0.0
0.000490319391 0.000513020437 0.0
0.000370917376 0.000462704775 0.0
0.00081947929 0.0016030249 0.0
0.000589200819 0.0014526305 0.0
0.00068145548 0.00144188944 0.0
0.000620122999 0.00113358861 0.0
0.000668899505 0.00126539741 0.0
0.000361537968 0.000690979417 0.0
0.000634041557 0.00097272289 0.0
0.000205145712 0.000148160747 0.0
0.000846672687 0.00156045682 0.0
0.000628995069 0.00105131418 0.0
0.00069817499 0.00164951256 0.0
0.000796160894 0.00140509347 0.0
0.000800505106 0.00141257257 0.0
0.000190843959 9.38902376e-05 0.0
0.000652121787 0.00108446332 0.0
0.000225975396 0.000281486282 0.0
0.000682260026 0.00121227105 0.0
0.000431106018 0.00087086868 0.0
0.000585625181 0.00101219537 0.0
0.000564336835 0.000986394123 0.0
0.000684201426 0.00139435043 0.0
0.000351637165 0.000359603844 0.0
0.000751992862 0.00142184133 0.0
0.000324320397 0.000632891781 0.0
0.000299014995 0.000361828104 0.0
0.000748691848 0.00117854518 0.0
0.000406120642 0.000783105555 0.0
0.000639988866 0.00150994025 0.0
0.000778707734 0.00128365261 0.0
0.00037032101 0.000655346666 0.0
0.000437245966 0.00054619927 0.0
0.000836513063 0.00150832033 0.0
0.000477983995 0.000378067285 0.0
0.000346899993 0.000253540551 0.0
0.00076429412 0.00170362159 0.0
0.000656185905 0.00158625492 0.0
0.000684756611 0.0016397764 0.0
0.000610262505 0.00147619494 0.0
0.000870697259 0.00181036314 0.0
0.000348823087 0.00064646604 0.0
0.000756967056 0.00148437917 0.0
0.000739304698 0.00121190585 0.0
0.000775995723 0.00124821148 0.0
0.000537351123 0.00121670309 0.0
0.00024067545 0.000621379761 0.0
0.000446923514 0.000831802725 0.0
0.000651827722 0.00128016004 0.0
0.000525994459 0.000533713668 0.0
0.000572451216 0.000905810681 0.0
0.000431702181 0.000684080762 0.0
0.000770480023 0.0016617059 0.0
0.000820760382 0.00170621055 0.0
0.000748894759 0.00121792138 0.0
0.000405930565 0.000715509115 0.0
0.000698926626 0.00138539041 0.0
0.000531237631 0.00109534652 0.0
0.000601939799 0.000781325856 0.0
0.000407833402 0.000810771482 0.0
0.000633216288 0.00115577062 0.0
0.000716369308 0.00136329641 0.0
0.000375035946 0.000791577622 0.0
0.000549193472 0.000704903039 0.0
0.000714017486 0.0016216943 0.0
0.000324744644 7.71404448e-05 0.0
0.000399953366 0.000416640512 0.0
0.000612312462 0.00114459265 0.0
0.000326311303 0.000614390825 0.0
0.000311739859 0.000173238921 0.0
0.000278379041 0.000332117255 0.0
0.00025031087 0.000489298138 0.0
0.000443606783 0.000502763083 0.0
0.000378241559 0.000244835188 0.0
0.000256107072 0.000218040441 0.0
0.00046794879 0.000372812821 0.0
0.000219644717 5.02478979e-05 0.0
0.000376534794 0.000404038758 0.0
0.000606815913 0.0009470121 0.0
0.000197103116 0.000131286215 0.0
0.000546897005 0.000789677608 0.0
0.000313122786 0.000715266971 0.0
0.000599828549 0.00128788396 0.0
0.000151864122 0.000187848855 0.0
0.00028516684 0.000579622749 0.0
0.000788559322 0.00184778881 0.0
0.000527191674 0.00119191746 0.0
0.000519231369 0.00110451551 0.0
0.000590053329 0.00113162189 0.0
0.000391109817 0.000220903225 0.0
0.000600875937 0.00101098872 0.0
0.00101282715 0.00182986341 0.0
0.000467293255 0.00114259531 0.0
0.00094243465 0.00179260701 0.0
0.000858738145 0.0015421632 0.0
0.000320722378 0.0005914754 0.0
0.000312040473 0.000581666362 0.0
0.000823474082 0.00146162626 0.0
0.00069640117 0.00167704292 0.0
0.000650151924 0.00137979316 0.0
0.000344311324 0.000450746418 0.0
0.000687390217 0.00132670428 0.0
0.00047073423 0.000454847759 0.0
0.000717843475 0.00152062392 0.0
0.000116339521 5.14608655e-05 0.0
0.000584609341 0.00133922207 0.0
0.000701693061 0.00175989082 0.0
0.000637075223 0.00103013078 0.0
6.74170296e-05 7.13138361e-05 0.0
0.00068419741 0.00162747863 0.0
0.000207757475 0.000239160479 0.0
0.000700602075 0.0018299584 0.0
0.000808261335 0.00145099603 0.0
0.000952305505 0.00181586342 0.0
0.000584897236 0.00141003844 0.0
0.000278249034 4.28618223e-05 0.0
0.000729666499 0.00166031404 0.0
0.000523030467 0.00058809598 0.0
0.000464436511 0.00112685491 0.0
0.000567162526 0.000933613745 0.0
0.000843792339 0.00159220735 0.0
0.00078500883 0.00130770297 0.0
0.000614824763 0.000868058356 0.0
0.000668606604 0.00158120075 0.0
0.000455803849 0.00105813437 0.0
0.000627661706 0.00126636389 0.0
0.000297679333 0.000291532575 0.0
0.000367461937 0.000100389472 0.0
0.000388050044 0.000680803263 0.0
0.000277422281 0.000169948995 0.0
0.000766746409 0.00159865897 0.0
0.000588430441 0.00143984845 0.0
0.000447375292 0.000734222063 0.0
0.000595530146 0.00120252278 0.0
0.000176740767 4.02625301e-05 0.0
0.000856123515 0.00177013152 0.0
0.000261472742 4.24030732e-05 0.0
0.000540848821 0.00096242968 0.0
0.000427315186 0.00059411081 0.0
0.000704761595 0.00167331519 0.0
0.000623048225 0.0011011858 0.0
0.000728598447 0.00146067434 0.0
0.000229654892 0.000178463146 0.0
0.000243232353 0.000141763056 0.0
0.000326643465 0.000313463737 0.0
0.000253011356 0.000243938994 0.0
0.000370808528 0.000715795031 0.0
0.000604470435 0.00130781461 0.0
0.00061001908 0.00145288208 0.0
0.000931783288 0.00173193857 0.0
0.000393937575 0.000524313364 0.0
0.000402355305 0.000460972951 0.0
0.000184085453 0.000264930568 0.0
0.000253116043 0.000634743075 0.0
0.000950353744 0.00178119738 0.0
0.000616407313 0.00151577312 0.0
0.000779614376 0.00142813928 0.0
0.000689281034 0.00122469955 0.0
0.000477335358 0.00042027919 0.0
0.000469798979 0.000718358322 0.0
0.000677430071 0.0014721622 0.0
0.000283276546 0.00028799189 0.0
0.000833065016 0.00173601869 0.0
0.000398051634 0.000824743882 0.0
0.000134944028 0.000139181517 0.0
0.000545547518 0.00101565314 0.0
0.000427719875 0.000707558298 0.0
0.000381525868 0.000363960367 0.0
0.00069881446 0.0017275823 0.0
0.000144115751 1.95539287e-05 0.0
0.000448920648 0.000742545875 0.0
0.000765452976 0.00176695618 0.0
0.000331272866 0.000177077382 0.0
0.000790875754 0.00154729921 0.0
9.14860211e-05 1.65543406e-05 0.0
0.000821579539 0.00154218718 0.0
0.000313697354 0.000421347184 0.0
0.000351855211 0.000313839613 0.0
0.000476310553 0.000517979905 0.0
0.000754273206 0.00167488353 0.0
0.000409177126 0.000837232277 0.0
0.000831237703 0.0016522666 0.0
0.00062542042 0.00115721743 0.0
0.000145453552 0.000132892281 0.0
0.000456046022 0.00100631232 0.0
0.000943924009 0.00179020059 0.0
0.000256234343 0.000419417629 0.0
0.000296391052 3.29582472e-05 0.0
0.000816404528 0.00143945334 0.0
0.000645375345 0.00119928294 0.0
0.000627609028 0.000933962001 0.0
0.000795490341 0.00169898139 0.0
0.000301256747 0.000343604042 0.0
0.000238028995 0.000518787652 0.0
0.000319409388 0.000519322697 0.0
0.000678093464 0.00163926231 0.0
0.000843669462 0.00175187539 0.0
0.000572715828 0.000604897155 0.0
0.00065612857 0.00124850275 0.0
0.000371530943 0.000778205518 0.0
0.000933285162 0.00178883947 0.0
0.000773811131 0.0017979577 0.0
0.00062271097 0.000990396598 0.0
0.000687721826 0.0014354313 0.0
0.000513020263 0.000765311357 0.0
0.000340843661 0.00043869458 0.0
0.00025614351 0.000418465876 0.0
0.000673092669 0.00161254546 0.0
0.000503082469 0.000465743447 0.0
0.000695932889 0.00129233103 0.0
0.000562685018 0.00116814894 0.0
0.00061945233 0.0014959001 0.0
0.000304321933 0.000573952682 0.0
0.000415326329 0.000720290001 0.0
0.000321652013 0.0004977301 0.0
0.000768410799 0.00123162288 0.0
0.000775420747 0.0012904118 0.0
0.000329555536 0.000462100492 0.0
0.000332450523 0.00015337675 0.0
0.0002016621 0.000332735101 0.0
0.000655757671 0.00111516635 0.0
0.000186611564 0.000234829044 0.0
0.000520591275 0.000895713689 0.0
0.000650789822 0.00114590675 0.0
0.000745976635 0.00166928512 0.0
0.00055909995 0.000836662191 0.0
0.00047808321 0.000376947632 0.0
0.000898442639 0.00181906682 0.0
0.000604617584 0.000865717535 0.0
0.000723158184 0.00158670684 0.0
0.000549459248 0.00100117933 0.0
0.000212945524 0.000213081759 0.0
0.000399921992 0.000684708531 0.0
0.000266411545 0.000270246906 0.0
0.000843022892 0.00151341257 0.0
0.000880363805 0.00162400026 0.0
0.00101892778 0.00180658523 0.0
0.000386675994 0.000721368473 0.0
0.00056084228 0.00090930541 0.0
0.000166729238 5.84690206e-05 0.0
0.000162474811 0.000159746094 0.0
0.000427346851 0.000643884588 0.0
0.000689818407 0.00150496024 0.0
0.000186480436 9.18948863e-05 0.0
0.00045390072 0.00080793316 0.0
0.000499760208 0.00113310653 0.0
0.000546545256 0.000611276773 0.0
0.000178997492 0.000156871029 0.0
0.000637991878 0.00100448937 0.0
0.000577916682 0.00105619547 0.0
0.000578162319 0.00135703175 0.0
0.000669845205 0.00123476738 0.0
0.000601001258 0.000704774109 0.0
0.00027957905 0.000621696352 0.0
0.000854885671 0.00182433496 0.0
0.000536763924 0.00118368492 0.0
0.000620649371 0.00121308723 0.0
0.000740997493 0.00155286363 0.0
0.000360111881 0.000224603369 0.0
0.000508319354 0.00121383998 0.0
0.000436836533 0.000914731878 0.0
0.000256597035 0.000397390453 0.0
0.000581885397 0.001378546 0.0
0.000353858282 0.000778443296 0.0
0.000797140819 0.00159714126 0.0
0.000291063479 0.000719696865 0.0
0.000706771505 0.0016455634 0.0
0.000380280602 0.000219365887 0.0
0.000522175396 0.00111015234 0.0
0.000918448088 0.00180914765 0.0
0.000758566079 0.0012129742 0.0
0.000439309573 0.00106772967 0.0
0.000710848894 0.00156065077 0.0
0.00033363112 0.000518090208 0.0
0.000701126468 0.00145980285 0.0
0.000354627846 0.000710342429 0.0
0.000327225483 0.000419925404 0.0
0.000314763514 0.000232810489 0.0
0.000343004795 0.00017836997 0.0
0.000450138032 0.000564237067 0.0
0.000716912735 0.00165402226 0.0
0.000250165234 0.000411856308 0.0
0.000935306074 0.00177000032 0.0
0.00069141417 0.0013922177 0.0
0.000595855585 0.00101748144 0.0
0.000186959631 7.76905872e-05 0.0
0.000775285822 0.00123016234 0.0
0.000938413199 0.00177404971 0.0
0.000788942969 0.00134486065 0.0
0.000431303342 0.000870160351 0.0
0.000565487484 0.000773157808 0.0
0.000254864746 0.000358959835 0.0
0.000319825922 0.000106559717 0.0
0.000152187466 4.14671376e-06 0.0
0.000532853068 0.000630278606 0.0
0.000679418328 0.00131830492 0.0
0.000310989475 0.000398377946 0.0
0.000329355127 0.000486485806 0.0
0.000567266659 0.000687849766 0.0
0.000664150692 0.00141824561 0.0
0.000276598381 0.000296629267 0.0
0.000446217513 0.000608751143 0.0
0.00047837451 0.00104045786 0.0
0.000560420915 0.00084235653 0.0
0.000355497934 0.000710993074 0.0
0.000187797676 2.87188523e-05 0.0
0.000562734029 0.00126805436 0.0
0.000731493114 0.00150477921 0.0
0.00026493409 0.000516267319 0.0
0.000223198018 0.000213862935 0.0
0.000413631002 0.000862726476 0.0
0.000996042043 0.00185869669 0.0
0.000918411068 0.00169230578 0.0
0.000320892723 0.0005812202 0.0
0.000362241291 0.000307522219 0.0
0.000245734002 0.000301184366 0.0
0.000742370088 0.00122695637 0.0
0.000889998919 0.00165803044 0.0
0.000255255698 0.000443208613 0.0
0.000589434872 0.00123218389 0.0
0.000600705214 0.00136400398 0.0
0.00059626397 0.000978681725 0.0
9.16621429e-05 6.28499256e-05 0.0
0.000583841582 0.000719748263 0.0
0.000209631224 0.000148605759 0.0
0.000616413425 0.00115563371 0.0
0.000826318224 0.00148683821 0.0
0.000324688473 0.000437826617 0.0
0.000394825533 0.000428373198 0.0
0.000551480975 0.000594221987 0.0
0.000532842649 0.00102750689 0.0
0.000192941734 0.000283798203 0.0
0.000333114382 6.17001642e-05 0.0
0.000742174976 0.0013754681 0.0
0.000565948896 0.00113355007 0.0
0.000382028869 0.000157077564 0.0
0.000459719333 0.000879206927 0.0
0.000402781094 0.000500959926 0.0
0.000353869807 0.000706290186 0.0
0.00036870045 0.000171739026 0.0
0.000350502814 0.000400301971 0.0
0.000717061281 0.00168023142 0.0
0.000838535547 0.00151416648 0.0
0.000711977424 0.00132967695 0.0
0.000597611128 0.000978130032 0.0
0.000410757784 0.000862477464 0.0
0.000124680693 0.000170844476 0.0
0.000343637948 0.000610436196 0.0
0.000374872383 0.000511751743 0.0
0.000129371489 2.91165143e-05 0.0
0.000459883275 0.00109965494 0.0
0.000374738505 0.000728207466 0.0
0.000745801721 0.0014430111 0.0
0.000835962361 0.00169363641 0.0
0.000677974662 0.00161302555 0.0
0.000298275263 0.000561204622 0.0
0.000344279892 0.000644488144 0.0
0.000240514943 2.39417404e-05 0.0
0.00040760386 0.000560854038 0.0
0.000572659657 0.00139117974 0.0
0.000677686476 0.00105272955 0.0
0.000601188804 0.000903843669 0.0
0.000524703122 0.000928047288 0.0
0.000389945315 0.000341900712 0.0
0.000571347948 0.00124319282 0.0
0.000585961912 0.00123718882 0.0
9.55782525e-05 4.91781539e-05 0.0
0.000282806956 1.64856647e-05 0.0
0.000385902473 0.000218147776 0.0
0.000612691045 0.00099430827 0.0
0.000378431228 0.000970714609 0.0
0.000825347204 0.00146593712 0.0
0.00058116758 0.00139363809 0.0
0.000327615679 0.000571679731 0.0
0.000654531061 0.00119497813 0.0
0.000610975025 0.000991485431 0.0
0.000323082088 0.000573558442 0.0
0.000501156086 0.000566458213 0.0
0.000687338819 0.00120247877 0.0
0.000534814957 0.00110398664 0.0
0.000373205694 0.000432955188 0.0
0.000299881038 0.000362863619 0.0
0.000452300999 0.00105951715 0.0
0.000316315913 8.99171937e-05 0.0
0.000397531316 0.000992062618 0.0
0.000732748653 0.00119090022 0.0
0.00069100369 0.00162293715 0.0
0.000705810788 0.00186136586 0.0
0.000450497464 0.000491526385 0.0
0.000606537913 0.000828404562 0.0
0.000294409634 0.000108623768 0.0
0.000655032112 0.00156244286 0.0
0.00029971436 0.00052913453 0.0
0.000515087624 0.00113090815 0.0
0.000650875445 0.00155835494 0.0
0.000473354157 0.00113950565 0.0
0.000432094035 0.000275732542 0.0
0.000796355191 0.00137726101 0.0
0.00030736209 0.000591945543 0.0
0.000319872837 0.000376032287 0.0
0.000187054247 0.000234254418 0.0
0.000950024696 0.00182240352 0.0
0.000641299237 0.00112115126 0.0
0.000407050276 0.000685001607 0.0
0.000356187142 0.000165834354 0.0
0.000469354185 0.000366641354 0.0
0.000370688096 0.000958742341 0.0
0.000416553492 0.000435697642 0.0
0.000842297392 0.00164450821 0.0
0.000355735683 0.000225211246 0.0
0.000606756075 0.00105640211 0.0
0.000431441382 0.000622329419 0.0
0.000376293552 0.000805421965 0.0
0.000681643782 0.00122009485 0.0
0.000499749032 0.000506536511 0.0
0.000605156529 0.0012791144 0.0
0.000822900678 0.00152285909 0.0
0.00043392551 0.000850323646 0.0
0.000700865814 0.00178088027 0.0
0.000606874819 0.000976352661 0.0
0.000222069677 0.000256465108 0.0
0.000698258344 0.00156059721 0.0
0.000635245699 0.00135267235 0.0
0.000331594609 0.000235609463 0.0
0.00045029883 0.00101508631 0.0
0.000345707347 0.000480292947 0.0
0.000463633653 0.000447957282 0.0
0.000946127693 0.00179845083 0.0
0.000786993362 0.00134470197 0.0
0.000831011741 0.00145688467 0.0
0.000549327699 0.000780147791 0.0
0.000709413376 0.00172428181 0.0
0.000568485062 0.00129625748 0.0
0.000929589267 0.00175249786 0.0
0.000796476204 0.00138331926 0.0
0.000526495918 0.000755100278 0.0
0.000565489579 0.00120236597 0.0
0.000962208549 0.00175395247 0.0
0.00096264889 0.00186093536 0.0
0.000480707909 0.00090981531 0.0
0.000778990041 0.00181225804 0.0
0.00031375495 0.000309756986 0.0
0.00078134943 0.00131992495 0.0
0.000160440817 0.000189993792 0.0
0.000400059012 0.000806100783 0.0
0.000847744814 0.00153903768 0.0
0.000669063709 0.00139076973 0.0
0.00051214057 0.000542485679 0.0
0.000162234792 3.10106516e-05 0.0
0.000709922751 0.00167328503 0.0
0.000581615779 0.000826855947 0.0
0.000351024384 0.000698463642 0.0
0.000575829006 0.00129410031 0.0
0.000382912229 0.000173049877 0.0
0.000606471556 0.00147027569 0.0
0.000700071279 0.00168376137 0.0
0.000672917464 0.00134305051 0.0
0.000491820916 0.000730971457 0.0
0.000637892925 0.00119855045 0.0
0.000268393662 0.000107563988 0.0
3.27161324e-05 4.04509592e-05 0.0
0.000700970704 0.00134617998 0.0
0.000877896091 0.00160820188 0.0
0.000465808262 0.000414433918 0.0
0.000671060232 0.00150732009 0.0
0.000364844891 0.000850454962 0.0
0.000297914376 0.000187937767 0.0
0.000297682011 0.000534414663 0.0
0.000523059047 0.000772669504 0.0
0.000260292843 0.000154514142 0.0
0.000821401132 0.00157782668 0.0
0.000331326097 0.000642954081 0.0
0.000701194105 0.00166551874 0.0
0.000623192231 0.00108542829 0.0
0.000708546082 0.00159104809 0.0
0.000516354747 0.000918645761 0.0
0.000173274384 6.24754903e-05 0.0
0.000473991531 0.000903284992 0.0
0.000692628557 0.00170188607 0.0
0.000287249452 0.000230834456 0.0
0.000452830864 0.000976688578 0.0
0.000646784611 0.00133285031 0.0
0.000382949336 0.000757379399 0.0
5.02721123e-05 1.06699044e-05 0.0
0.000164549507 8.591191e-05 0.0
