-0.000286646624 0.000185445868 0.0
-0.000264046743 0.000261844776 0.0
-0.000257880019 0.000242853799 0.0
-0.00029740957 0.000212769315 0.0
0.000429564127 0.000188358739 0.0
0.000400093501 0.00018663377 0.0
0.000381764694 0.000185000958 0.0
0.000381622987 0.000158413721 0.0
-0.000484276359 0.000185000958 0.0
-0.000465947553 0.00018663377 0.0
-0.000436476927 0.000188358739 0.0
0.000408768916 0.000267201423 0.0
0.000423708087 0.000303193898 0.0
0.000435984926 0.000334490178 0.0
0.000361329759 0.000296657992 0.0
-8.64404865e-05 5.245598e-05 0.0
-9.87173116e-05 2.11597016e-05 0.0
-0.00011365649 -1.48327717e-05 0.0
0.000178946168 0.000268794887 0.0
0.000190725812 0.00028165977 0.0
0.000202809941 0.000294013647 0.0
0.000150979002 0.000273094483 0.0
-0.000319615443 1.19794613e-05 0.0
-0.000331699586 -3.74417681e-07 0.0
-0.000343479216 -1.32393043e-05 0.0
-0.000717013201 -1.93381093e-05 0.0
-0.000685752486 4.28275962e-05 0.0
-0.000683119579 2.2926064e-05 0.0
-0.000715735485 -6.72406532e-06 0.0
-0.000321357162 0.000215403328 0.0
-0.000300905114 0.000218326037 0.0
-0.00028559551 0.000221871771 0.0
-0.000265691284 0.000260670611 0.0
0.000580445514 0.000221871771 0.0
0.000565135968 0.000218326037 0.0
0.000544683891 0.000215403328 0.0
0.000219103298 0.000198445108 0.0
0.000245791307 0.000262878719 0.0
0.000246197131 0.000245827861 0.0
0.000218233734 0.000214307904 0.0
-0.00012303055 0.000230625752 0.0
-7.9882615e-05 0.000296173064 0.0
-8.00021226e-05 0.000266983639 0.0
-0.000122573678 0.00025803718 0.0
-0.000235497049 9.2925693e-05 0.0
-0.00019971747 0.000120126009 0.0
-0.000216323955 0.000106017003 0.0
-0.000219099195 0.000110130633 0.0
6.88947039e-05 7.71410341e-05 0.0
5.71528362e-05 7.55165383e-05 0.0
4.30352811e-05 7.31843684e-05 0.0
1.64356734e-05 4.05494429e-05 0.0
5.40617511e-05 6.72299575e-05 0.0
2.93070843e-05 5.51788471e-05 0.0
-0.000823005743 7.31843684e-05 0.0
-0.000808888231 7.55165383e-05 0.0
-0.000797146349 7.71410341e-05 0.0
0.000166272162 7.20714525e-05 0.0
0.000205804157 0.000130139815 0.0
0.000205737582 0.000107104621 0.0
0.000165794394 8.97570208e-05 0.0
-9.23947664e-05 5.00123679e-05 0.0
-4.77927133e-05 6.02516629e-05 0.0
-7.02457837e-05 5.72427052e-05 0.0
-7.7200857e-05 5.23625167e-05 0.0
-0.000137947747 0.000110596819 0.0
-9.63462371e-05 0.000144366932 0.0
-0.000104383282 0.000130303975 0.0
-0.00013971109 0.00011843301 0.0
-0.000439288007 0.000150337204 0.0
-0.000408860215 0.000176398331 0.0
-0.00043025476 0.000155257876 0.0
-0.000416661904 0.0001648334 0.0
-1.82800104e-05 0.000138691612 0.0
3.06865149e-05 0.00018869956 0.0
2.81514713e-05 0.000175707712 0.0
-1.05332892e-05 0.000156576614 0.0
-0.000372549752 9.26297871e-05 0.0
-0.000333912525 0.000136969451 0.0
-0.000336354307 0.000123179372 0.0
-0.000372639624 0.000107940359 0.0
0.000522425398 0.000282034191 0.0
0.0 0.0 0.0
-0.000866041053 0.0 0.0
-0.000343615655 0.000282034191 0.0
-0.000272079051 0.0001879583 0.0
-0.000259140012 0.00019293699 0.0
-0.00024806193 0.000199405738 0.0
-0.000239029585 0.000207121775 0.0
-0.000232289152 0.000217027162 0.0
-0.000227783341 0.000228259974 0.0
-0.000227284749 0.000239140805 0.0
-0.000230203761 0.000248298718 0.0
-0.000235600179 0.000255155028 0.0
-0.000243417933 0.00025942811 0.0
-0.00025309273 0.000261807552 0.0
-0.000275615224 0.00025942066 0.0
-0.000286987342 0.000255139399 0.0
-0.000297360064 0.000248997443 0.0
-0.000306334841 0.000241796981 0.0
-0.000314110512 0.000233797138 0.0
-0.000320815016 0.000225047086 0.0
-0.000325397297 0.000215627209 0.0
-0.000327998132 0.000206737517 0.0
-0.000325985806 0.000199645248 0.0
-0.000317449507 0.000191480169 0.0
-0.000302428962 0.000186669684 0.0
-0.00027666174 0.000227777957 0.0
0.000420583587 0.000187626545 0.0
0.00041051241 0.000187076919 0.0
0.000391805632 0.000186214922 0.0
0.000385958003 0.000185581157 0.0
0.000374992407 0.000181054405 0.0
0.000369939517 0.000174250919 0.0
0.000368118315 0.000167667691 0.0
0.000368243171 0.000162655022 0.0
0.000370220223 0.000159779811 0.0
0.000373204763 0.000158207506 0.0
0.00037705258 0.000158098352 0.0
0.000387130829 0.00015968307 0.0
0.000394113566 0.000161988486 0.0
0.000402390549 0.000165525576 0.0
0.000410341454 0.000169748542 0.0
0.000417209289 0.000174026412 0.0
0.000423364603 0.000178248418 0.0
0.000427387626 0.000183465279 0.0
-0.00048008305 0.000185581157 0.0
-0.000474235421 0.000186214922 0.0
-0.000455528643 0.000187076919 0.0
-0.000445457466 0.000187626545 0.0
-0.000438445888 0.000193190557 0.0
-0.000443954428 0.000197071233 0.0
-0.000450645195 0.000198973459 0.0
-0.000457346236 0.00019904536 0.0
-0.00046319433 0.000197187372 0.0
-0.000468021812 0.000194817068 0.0
-0.00047192807 0.000192486797 0.0
-0.000478436472 0.000188665974 0.0
0.000412786176 0.000276673964 0.0
0.0004177136 0.000288327254 0.0
0.000429168373 0.000317606435 0.0
0.000433156092 0.000327683782 0.0
0.000427497725 0.000335421966 0.0
0.000418509007 0.000334947632 0.0
0.000408650027 0.000332439784 0.0
0.000397728232 0.000327818067 0.0
0.000386462169 0.000321452273 0.0
0.00037598284 0.000313911383 0.0
0.00036704028 0.000305734662 0.0
0.000358089834 0.000287303992 0.0
0.000358615362 0.00027883958 0.0
0.000361589104 0.000271638477 0.0
0.000366726774 0.000265798619 0.0
0.000372575596 0.000262812275 0.0
0.000382085855 0.000262505491 0.0
0.000394274364 0.000263716036 0.0
-8.92693133e-05 4.56495764e-05 0.0
-9.32570401e-05 3.55722186e-05 0.0
-0.000104711798 6.29304122e-06 0.0
-0.000109639215 -5.36022662e-06 0.0
-9.94025831e-05 -9.19561717e-06 0.0
-8.74125981e-05 -1.98815314e-06 0.0
-7.80778792e-05 5.85965199e-06 0.0
-7.12696346e-05 1.3576182e-05 0.0
-6.72800234e-05 2.28674398e-05 0.0
-6.58861682e-05 3.17614031e-05 0.0
-6.80038866e-05 3.95679854e-05 0.0
-7.27952647e-05 4.59445728e-05 0.0
-7.89758196e-05 5.00262504e-05 0.0
0.000183734111 0.000274500344 0.0
0.000197697183 0.000288777926 0.0
0.000200802213 0.000295421254 0.0
0.000196896566 0.000295151316 0.0
0.000191373911 0.000293484685 0.0
0.000182876247 0.000290454889 0.0
0.000174599321 0.000287641888 0.0
0.00016658708 0.000283317902 0.0
0.000160446449 0.000278711581 0.0
0.000155740257 0.000275327184 0.0
0.000146576131 0.000270498131 0.0
0.00014322011 0.000267624855 0.0
0.000141092474 0.000264982838 0.0
0.000140594901 0.000262887595 0.0
0.000143005644 0.000262237911 0.0
0.000148972278 0.000262544199 0.0
0.000158269366 0.000264093775 0.0
0.000168843297 0.00026561218 0.0
-0.0003247282 6.74372086e-06 0.0
-0.000338691287 -7.53385984e-06 0.0
-0.00033435697 -8.90381216e-06 0.0
-0.000326978421 -4.10046505e-06 0.0
-0.000321842643 5.02459329e-07 0.0
-0.000319191866 5.13932991e-06 0.0
-0.000318905892 9.09088885e-06 0.0
-0.000708906155 -1.88305912e-05 0.0
-0.000698317774 -1.61306871e-05 0.0
-0.000686631072 -1.10488445e-05 0.0
-0.000674101815 -5.63874437e-06 0.0
-0.000663316692 1.90827768e-06 0.0
-0.00065680925 1.11964118e-05 0.0
-0.00065236626 2.03139098e-05 0.0
-0.000653428608 2.84610014e-05 0.0
-0.000658675155 3.55770171e-05 0.0
-0.000665792788 4.07827793e-05 0.0
-0.000675256597 4.31787194e-05 0.0
-0.000696931966 4.04713537e-05 0.0
-0.000707729196 3.59828155e-05 0.0
-0.000717314368 2.97975239e-05 0.0
-0.000725165999 2.20871461e-05 0.0
-0.000731217966 1.28086904e-05 0.0
-0.000734739995 3.24063626e-06 0.0
-0.00073580991 -4.78079073e-06 0.0
-0.000735229172 -1.05410681e-05 0.0
-0.00073239737 -1.421255e-05 0.0
-0.000728038314 -1.65568636e-05 0.0
-0.000722676981 -1.82810782e-05 0.0
-0.000700223783 7.12518022e-06 0.0
-0.00031146477 0.000216541317 0.0
-0.000292146986 0.000220385162 0.0
-0.000277488289 0.000226852309 0.0
-0.000270156626 0.000232931998 0.0
-0.000264259143 0.000239759291 0.0
-0.000260058325 0.000246960321 0.0
-0.000257548731 0.00025254779 0.0
-0.000256453117 0.000256475963 0.0
-0.000255909021 0.000258877 0.0
-0.000256005296 0.000260242436 0.0
-0.000258110784 0.000260724017 0.0
-0.000277606829 0.000259543827 0.0
-0.00029027398 0.000257192063 0.0
-0.000301156484 0.000253043982 0.0
-0.000310157455 0.000248023105 0.0
-0.000316992286 0.000242344773 0.0
-0.000323080661 0.000236639098 0.0
-0.000326991401 0.000230809004 0.0
-0.00032896761 0.000224986987 0.0
-0.000326970679 0.00021986787 0.0
0.000573894067 0.000220385162 0.0
0.000554576283 0.000216541317 0.0
0.000550635566 0.000212996398 0.0
0.000556496321 0.000212546409 0.0
0.000561999041 0.000213404113 0.0
0.000567564683 0.000215485692 0.0
0.000573517405 0.000218309942 0.0
0.000228610064 0.000201263509 0.0
0.000237703673 0.00020565484 0.0
0.000246566313 0.000210743819 0.0
0.000253747596 0.000216651068 0.0
0.000259912049 0.000222292016 0.0
0.000265854935 0.000227244978 0.0
0.000270840857 0.000235176223 0.0
0.000272431032 0.000243879898 0.0
0.000270623219 0.000251382502 0.0
0.000265680952 0.00025746238 0.0
0.000259255059 0.000261515641 0.0
0.000252702535 0.000262723304 0.0
0.000238342545 0.000261286536 0.0
0.000229696248 0.000258008018 0.0
0.000219654961 0.000253285718 0.0
0.000209311154 0.000247244316 0.0
0.000200046125 0.000239641842 0.0
0.000192567168 0.000230433216 0.0
0.00018952573 0.000220999311 0.0
0.000189323691 0.000212844563 0.0
0.000191627347 0.000206332101 0.0
0.000196289548 0.000201621326 0.0
0.000202501076 0.000198686146 0.0
0.00021029709 0.00019761741 0.0
0.000232589227 0.000230196703 0.0
-0.000108669272 0.000232741717 0.0
-9.35019052e-05 0.000236916487 0.0
-8.06765747e-05 0.000243703529 0.0
-7.1139475e-05 0.000252119353 0.0
-6.40215294e-05 0.000261658308 0.0
-5.99802552e-05 0.000271423021 0.0
-5.84957488e-05 0.000280486129 0.0
-5.95245183e-05 0.00028810167 0.0
-6.28188427e-05 0.000293551042 0.0
-6.91802852e-05 0.000295928738 0.0
-9.39193851e-05 0.000293776189 0.0
-0.000108528657 0.000289895193 0.0
-0.000122108031 0.000283366739 0.0
-0.000133451496 0.000274809136 0.0
-0.000141783123 0.000263832189 0.0
-0.000145180049 0.000252819533 0.0
-0.000144916048 0.000243496921 0.0
-0.000142883349 0.000236511623 0.0
-0.000139141586 0.000232387727 0.0
-0.000133605194 0.000230370293 0.0
-0.000101077901 0.000262696674 0.0
-0.00023210785 9.29616508e-05 0.0
-0.000226273565 9.4639232e-05 0.0
-0.000217202003 9.69767498e-05 0.0
-0.000206779659 0.000102296683 0.0
-0.000199519389 0.000109479894 0.0
-0.000196894514 0.00011508826 0.0
-0.000195979082 0.000118531927 0.0
-0.000196884954 0.00012047372 0.0
-0.000198195208 0.000120929195 0.0
-0.000199432645 0.000121079334 0.0
-0.000199732502 0.000120605662 0.0
-0.000201505056 0.000119050623 0.0
-0.000207315243 0.000116758332 0.0
-0.000215586027 0.000114013339 0.0
-0.00022347107 0.000110381698 0.0
-0.000230343663 0.000106883439 0.0
-0.000235665852 0.000103443177 0.0
-0.000238934517 9.98638789e-05 0.0
-0.000240196052 9.69030807e-05 0.0
-0.000240027046 9.48126035e-05 0.0
-0.000238712382 9.33664342e-05 0.0
-0.000236845168 9.25853601e-05 0.0
-0.000217985609 0.000108651235 0.0
6.3428437e-05 7.64596625e-05 0.0
4.9950133e-05 7.42349657e-05 0.0
3.38855352e-05 6.97455835e-05 0.0
2.55137656e-05 6.61163431e-05 0.0
1.86641901e-05 6.1169987e-05 0.0
1.4013056e-05 5.51631565e-05 0.0
1.19054703e-05 4.94956148e-05 0.0
1.29639311e-05 4.46551567e-05 0.0
1.46170842e-05 4.15453978e-05 0.0
1.53555702e-05 4.09260392e-05 0.0
1.45649647e-05 4.08288761e-05 0.0
2.44196872e-05 4.13045564e-05 0.0
3.67679968e-05 4.36169576e-05 0.0
4.84637567e-05 4.80827912e-05 0.0
5.78616855e-05 5.40046021e-05 0.0
6.53232055e-05 6.08582632e-05 0.0
6.94317569e-05 6.66253327e-05 0.0
7.18216397e-05 7.08329026e-05 0.0
7.2383722e-05 7.35097419e-05 0.0
7.15052884e-05 7.56511581e-05 0.0
-0.000816090906 7.42349657e-05 0.0
-0.000802612631 7.64596625e-05 0.0
-0.000800384791 7.76688466e-05 0.0
-0.000803441741 7.78747781e-05 0.0
-0.000807417207 7.73394931e-05 0.0
-0.000814263825 7.63401986e-05 0.0
0.000172115033 7.41433978e-05 0.0
0.000181794065 7.74009386e-05 0.0
0.000194169494 8.20682108e-05 0.0
0.000206041848 8.85759146e-05 0.0
0.0002157579 9.6204938e-05 0.0
0.000222440794 0.000104947663 0.0
0.000225693977 0.000113466238 0.0
0.000226182412 0.000120113989 0.0
0.000225514494 0.000124795042 0.0
0.000222407558 0.000128133601 0.0
0.000215815235 0.000129374748 0.0
0.000193539236 0.00012889244 0.0
0.00018107197 0.000124941755 0.0
0.00016904826 0.000118543685 0.0
0.000158905765 0.00010994156 0.0
0.000151587825 0.000100552439 0.0
0.000147308368 9.21001483e-05 0.0
0.000146224629 8.55743056e-05 0.0
0.000147961255 8.04906813e-05 0.0
0.000151522909 7.63417265e-05 0.0
0.000156577516 7.34306959e-05 0.0
0.000161432894 7.21333417e-05 0.0
0.000185429919 9.7909513e-05 0.0
-9.19061131e-05 5.12435399e-05 0.0
-8.69663854e-05 5.30176148e-05 0.0
-7.97125467e-05 5.50423647e-05 0.0
-7.32114204e-05 5.74782352e-05 0.0
-6.77418502e-05 5.95304882e-05 0.0
-6.27823247e-05 6.06745452e-05 0.0
-5.90393065e-05 6.09246381e-05 0.0
-5.64340517e-05 6.10419447e-05 0.0
-5.48699718e-05 6.101494e-05 0.0
-5.23824019e-05 6.08204791e-05 0.0
-4.8414342e-05 6.03745502e-05 0.0
-5.39611319e-05 6.01246065e-05 0.0
-6.42872692e-05 5.83718247e-05 0.0
-7.30842221e-05 5.57703388e-05 0.0
-8.02987051e-05 5.38595632e-05 0.0
-8.5282918e-05 5.24411735e-05 0.0
-8.8306675e-05 5.12592451e-05 0.0
-9.03853361e-05 4.97131805e-05 0.0
-9.10048329e-05 4.82775868e-05 0.0
-9.09865557e-05 4.75382767e-05 0.0
-9.06422065e-05 4.79411865e-05 0.0
-9.12251926e-05 4.90100356e-05 0.0
-7.23238554e-05 5.44976647e-05 0.0
-0.000129466076 0.000112326285 0.0
-0.000121707249 0.000115276569 0.0
-0.000114390474 0.000119379547 0.0
-0.000108379732 0.000123503763 0.0
-0.00010307577 0.000127241103 0.0
-9.85259903e-05 0.000131114895 0.0
-9.46590371e-05 0.000134671296 0.0
-9.10891322e-05 0.000137760449 0.0
-8.82761742e-05 0.000139625263 0.0
-8.70707008e-05 0.000141479308 0.0
-0.000112143854 0.000144447389 0.0
-0.00012709471 0.000140980163 0.0
-0.000139419673 0.000135303722 0.0
-0.000148299368 0.000127556646 0.0
-0.000153492292 0.000120596218 0.0
-0.000155020563 0.000116003823 0.0
-0.0001558043 0.000114159317 0.0
-0.000156513983 0.000113239723 0.0
-0.000152992216 0.00011179773 0.0
-0.000146401639 0.000110761895 0.0
-0.000120584104 0.000124162645 0.0
-0.000433022826 0.000150939813 0.0
-0.000426827639 0.000152302135 0.0
-0.000421406527 0.000154533991 0.0
-0.000413687842 0.000157868475 0.0
-0.00040728951 0.000160334836 0.0
-0.00040039717 0.000163574354 0.0
-0.000394308474 0.000165494988 0.0
-0.000389428344 0.000167782593 0.0
-0.000387989974 0.000170111321 0.0
-0.000392624963 0.000174760658 0.0
-0.000401256606 0.000177056543 0.0
-0.000415151182 0.000173054854 0.0
-0.000420087221 0.000168913568 0.0
-0.000425330189 0.000164335492 0.0
-0.000429757143 0.000159960269 0.0
-0.000432800123 0.000157139686 0.0
-0.000437012874 0.000156079637 0.0
-0.000442231278 0.00015533423 0.0
-0.000446900813 0.000153508314 0.0
-0.000450063584 0.000151490167 0.0
-0.00044995168 0.00015049128 0.0
-0.000446333986 0.000150435371 0.0
-0.000423104037 0.000159225601 0.0
-2.19208528e-06 0.000138547257 0.0
1.24715343e-05 0.000141453696 0.0
2.53324779e-05 0.000146825259 0.0
3.57116951e-05 0.000154305177 0.0
4.29441461e-05 0.000163484568 0.0
4.7183501e-05 0.00017261949 0.0
4.84632365e-05 0.000180047558 0.0
4.69189072e-05 0.000185310084 0.0
4.39366122e-05 0.000188325997 0.0
3.97785006e-05 0.000189617276 0.0
3.51043345e-05 0.000189688901 0.0
2.49324748e-05 0.000186177334 0.0
1.59850806e-05 0.000182389034 0.0
4.40731446e-06 0.000177157621 0.0
-5.0818735e-06 0.000170477666 0.0
-1.3010259e-05 0.000164101075 0.0
-1.91757536e-05 0.000157583083 0.0
-2.25634467e-05 0.000152320892 0.0
-2.46932323e-05 0.000148044535 0.0
-2.67459454e-05 0.000144715799 0.0
-2.810148e-05 0.000142911609 0.0
-2.81877165e-05 0.000141070981 0.0
8.09842641e-06 0.000166416066 0.0
-0.000364582986 9.57643351e-05 0.0
-0.000356418575 0.000100055178 0.0
-0.000349168782 0.000104890474 0.0
-0.000343034597 0.000111081004 0.0
-0.000339103775 0.000116344629 0.0
-0.000335370511 0.000119943463 0.0
-0.0003307304 0.000122633137 0.0
-0.000325979141 0.00012526568 0.0
-0.000322739041 0.000127679014 0.0
-0.000321548636 0.00012972184 0.0
-0.000323579181 0.00013202292 0.0
-0.000328761787 0.000134567585 0.0
-0.000340155995 0.000137179755 0.0
-0.000349875801 0.000135621973 0.0
-0.000360667327 0.000132228073 0.0
-0.000371685601 0.000127673498 0.0
-0.00038234939 0.000122312136 0.0
-0.000389274588 0.000115347189 0.0
-0.00039370227 0.000108923974 0.0
-0.000395877665 0.000103640392 0.0
-0.000394662493 9.84782891e-05 0.0
-0.000390769594 9.43241466e-05 0.0
-0.00038600291 9.22263644e-05 0.0
-0.000379681791 9.1489499e-05 0.0
-0.000353328651 0.000116645453 0.0
0.000513974926 0.000274266466 0.0
0.000530117832 0.000258378772 0.0
0.000405894738 0.000178097704 0.0
0.000392320682 0.000168763596 0.0
0.00032567131 0.000144758931 0.0
0.000260419794 0.000124730475 0.0
0.000237416927 0.000113947521 0.0
0.000233474711 0.000108365937 0.0
0.000240293215 0.000100792124 0.0
0.000236199543 9.69019529e-05 0.0
0.000200869676 9.34378259e-05 0.0
0.000136137911 8.82945387e-05 0.0
9.86621017e-05 2.2759983e-05 0.0
9.21469036e-05 1.50539745e-05 0.0
6.44474494e-05 9.43067607e-06 0.0
2.84466823e-05 5.23267909e-06 0.0
-4.30433392e-05 3.23347922e-05 0.0
-0.000190983439 4.60319134e-05 0.0
-0.000250894518 4.38465213e-05 0.0
-0.00040007371 3.04417154e-05 0.0
-0.000443970552 5.31828664e-05 0.0
-0.000485626311 3.95270945e-05 0.0
-0.000525372045 1.44109399e-05 0.0
-0.000558668515 -8.06374373e-06 0.0
-0.000580074324 -2.00390277e-05 0.0
-0.000602278218 -2.4657018e-05 0.0
-0.000631506497 -1.6453494e-05 0.0
-0.000661909406 2.63215497e-07 0.0
-0.000688283413 1.38689038e-05 0.0
-0.000710899127 1.38120022e-05 0.0
-0.000731100852 4.518281e-06 0.0
-0.00074950594 -8.93158631e-06 0.0
-0.000769074773 -2.20938346e-05 0.0
-0.000793414598 -3.08493509e-05 0.0
-0.000825381023 -2.50728499e-05 0.0
-0.000837594387 5.23267909e-06 0.0
-0.000801593589 9.43067607e-06 0.0
-0.000773894135 1.50539745e-05 0.0
-0.000767378951 2.2759983e-05 0.0
-0.000729903113 8.82945387e-05 0.0
-0.000665171363 9.34378259e-05 0.0
-0.000629841525 9.69019529e-05 0.0
-0.000625747838 0.000100792124 0.0
-0.000632566342 0.000108365937 0.0
-0.000628624111 0.000113947521 0.0
-0.000605621259 0.000124730475 0.0
-0.000540369714 0.000144758931 0.0
-0.000473720371 0.000168763596 0.0
-0.000460146315 0.000178097704 0.0
-0.000335923251 0.000258378772 0.0
-0.000352066098 0.000274266466 0.0
-0.000302955625 0.000256961357 0.0
-0.0002709892 0.000251184858 0.0
-0.000246649346 0.000259940367 0.0
-0.000227080513 0.000273102603 0.0
-0.000208675468 0.000286552473 0.0
-0.000188473699 0.000295846199 0.0
-0.000165858 0.000295903097 0.0
-0.000139484007 0.000282297406 0.0
-0.000109081084 0.000265580718 0.0
-7.98528345e-05 0.000257377193 0.0
-5.76489292e-05 0.000261995185 0.0
-3.62431201e-05 0.000273970451 0.0
-2.94666734e-06 0.000296445127 0.0
3.67990906e-05 0.000321561296 0.0
7.84548392e-05 0.000335217075 0.0
0.000122351703 0.000312475924 0.0
0.00027153088 0.000325880712 0.0
0.000331441959 0.000328066119 0.0
0.000479382055 0.000314368983 0.0
-0.000259887456 0.0002157298 0.0
-0.000291150936 0.000237611268 0.0
-0.000304843124 0.000225197131 0.0
-0.000248332741 0.000229767189 0.0
-0.000276962935 0.000205206205 0.0
-0.000274468766 0.000247413933 0.0
-0.000259515858 0.000204251104 0.0
-0.000289049873 0.000246441457 0.0
-0.000303404959 0.000235718893 0.0
-0.000245976204 0.000216365865 0.0
-0.000239408517 0.000239894798 0.0
-0.000316162506 0.000215510809 0.0
-0.000262544694 0.00025468503 0.0
-0.00029052014 0.00019687759 0.0
-0.000238223103 0.000224729782 0.0
-0.000298418629 0.000242739814 0.0
-0.000250426936 0.000208488404 0.0
-0.000279512169 0.000252822007 0.0
-0.000312020245 0.000228505567 0.0
-0.000269194192 0.000197034387 0.0
-0.000312433025 0.00020230138 0.0
-0.000246063457 0.000252125697 0.0
-0.000241856585 0.000247717224 0.0
-0.000316134974 0.000207515244 0.0
-0.000316113059 0.000221875598 0.0
-0.00023620596 0.000232560764 0.0
-0.000303848763 0.000198573631 0.0
-0.000252584403 0.000254267827 0.0
-0.000271146215 0.000255347899 0.0
-0.000279066095 0.000194559398 0.0
-0.000262315501 0.0002270103 0.0
-0.000290856522 0.000228128847 0.0
-0.000274774997 0.000216900589 0.0
-0.0002778208 0.000237744549 0.0
0.000387838663 0.000172691856 0.0
0.000402657373 0.000174895613 0.0
0.000391099253 0.000166603611 0.0
0.000381666905 0.00017785994 0.0
0.000414430833 0.000180079282 0.0
0.000376895856 0.000169214341 0.0
0.000379685545 0.000165308229 0.0
0.000398058764 0.000167494392 0.0
0.000397735654 0.00017865494 0.0
0.000407413929 0.000172472646 0.0
0.00038958923 0.000179580806 0.0
0.000407085463 0.000180558782 0.0
0.000382950529 0.000162555851 0.0
0.000394054048 0.000171980486 0.0
0.000387010397 0.000162256722 0.0
0.000381143356 0.000181950658 0.0
0.000386121043 0.000182489763 0.0
0.000415456074 0.000176674352 0.0
0.000387154811 0.000167738966 0.0
0.000374320807 0.000164348254 0.0
0.000375315547 0.000172826403 0.0
0.000421168574 0.000183684868 0.0
0.000404504943 0.000168953615 0.0
0.000413989095 0.00018365719 0.0
0.000391719921 0.000163552613 0.0
0.000383275794 0.00017421646 0.0
0.000398316304 0.000170646177 0.0
0.000376794051 0.00017775067 0.0
0.000420318742 0.000180382354 0.0
0.000409268745 0.000176123067 0.0
0.000378037686 0.000161352116 0.0
0.000403857412 0.000183225129 0.0
-0.000467472972 0.000192112973 0.0
-0.000457771966 0.000193169471 0.0
-0.000447223865 0.000191652944 0.0
-0.000475155161 0.000189072729 0.0
-0.000471260399 0.000191419196 0.0
-0.000451289961 0.000193732762 0.0
-0.000462541793 0.000193756976 0.0
0.000401439465 0.000310874166 0.0
0.000392803224 0.000290053955 0.0
0.000377986056 0.000295753591 0.0
0.000395355077 0.000277799583 0.0
0.000417775911 0.000324726832 0.0
0.000402805861 0.000321439147 0.0
0.000381784368 0.000307094422 0.0
0.000377490331 0.000272776844 0.0
0.000372843468 0.000283489353 0.0
0.000404931663 0.000291123986 0.0
0.000399248413 0.000299786712 0.0
0.000415453746 0.000315553916 0.0
0.000390591449 0.000316867401 0.0
0.000401209894 0.000272749312 0.0
0.000390154892 0.000303369248 0.0
0.000367807748 0.000287823466 0.0
0.00038454734 0.000270675548 0.0
0.000372057664 0.000299838197 0.0
0.000412431138 0.000327959569 0.0
0.000371907634 0.000275122351 0.0
0.000406862848 0.00028166236 0.0
0.000426401035 0.000329509028 0.0
0.000424348604 0.000322086533 0.0
0.000385660969 0.000292435318 0.0
0.0004092491 0.000318736624 0.0
0.000412748195 0.00030630565 0.0
0.00038960902 0.000281655608 0.0
0.000420568627 0.000330638664 0.0
0.000367505592 0.000293540244 0.0
0.000393388793 0.000312035001 0.0
0.000390901812 0.000268989737 0.0
0.000381271617 0.000282217661 0.0
-8.23277005e-05 3.01616528e-05 0.0
-8.29732817e-05 1.94804215e-05 0.0
-9.13077602e-05 6.23233836e-06 0.0
-8.24135423e-05 4.31984008e-05 0.0
-7.53938875e-05 2.6047901e-05 0.0
-9.85184452e-05 -6.50691334e-07 0.0
-8.27089898e-05 1.15596395e-05 0.0
-9.27626315e-05 1.30877524e-05 0.0
-7.77228561e-05 3.78595068e-05 0.0
0.000167024933 0.000275531638 0.0
0.000179935654 0.000283247384 0.0
0.000162776181 0.00027739341 0.0
0.000153924062 0.000272251898 0.0
0.000165966558 0.000270413351 0.0
0.000176414702 0.000284922775 0.0
0.000153575209 0.000268853764 0.0
0.000189265862 0.000288130395 0.0
0.00018839835 0.000290030614 0.0
0.000178529735 0.000280019129 0.0
0.000169537248 0.000278546126 0.0
0.000166831771 0.000280702778 0.0
0.00015646957 0.000275143975 0.0
0.000174019064 0.000274956052 0.0
0.000147683793 0.000268073782 0.0
0.000154796871 0.000266613555 0.0
0.000188217498 0.000284879003 0.0
0.000172176398 0.000281426735 0.0
0.000172545115 0.000270232471 0.0
0.00016121217 0.000275274797 0.0
0.000157138333 0.000272006466 0.0
0.000151664673 0.000272499892 0.0
0.000182915697 0.000288550451 0.0
0.000172236469 0.000284505222 0.0
0.000160047712 0.000277268002 0.0
0.000194391381 0.000292123092 0.0
0.000164423094 0.000267427851 0.0
0.000148504478 0.000270177959 0.0
0.000161638498 0.00027131816 0.0
0.000177852751 0.000287213072 0.0
0.000147105762 0.000265432027 0.0
0.000197218527 0.00029194355 0.0
0.000157502873 0.00027467974 0.0
0.000181493917 0.000286019262 0.0
-0.000323960645 3.76164417e-06 0.0
-0.000330352341 -3.44734053e-06 0.0
-0.000321778207 6.25694702e-06 0.0
-0.000332748314 -6.06309277e-06 0.0
-0.000681625155 6.74823195e-06 0.0
-0.000705693034 1.94136719e-05 0.0
-0.000719847856 8.34088405e-06 0.0
-0.000693972572 -5.88442344e-06 0.0
-0.000709729269 -1.24573335e-05 0.0
-0.000725080841 -3.26338932e-06 0.0
-0.000670204055 1.86574362e-05 0.0
-0.00069268368 3.10510259e-05 0.0
-0.000677871634 4.2780573e-07 0.0
-0.00071549631 2.07767971e-05 0.0
-0.000702802499 -3.17317176e-06 0.0
-0.000677972275 3.31015544e-05 0.0
-0.000720199139 -1.32634195e-05 0.0
-0.000701590383 3.21264561e-05 0.0
-0.000665525557 2.70661221e-05 0.0
-0.000664479798 1.38126952e-05 0.0
-0.000701416226 -1.2984473e-05 0.0
-0.000728673593 1.46346201e-06 0.0
-0.00072800077 -9.33004867e-06 0.0
-0.000685390551 -6.71435009e-06 0.0
-0.000723709934 1.42705139e-05 0.0
-0.000714012596 2.60930074e-06 0.0
-0.000693221926 -1.05705676e-05 0.0
-0.00071010075 2.83213994e-05 0.0
-0.000667820103 6.79622326e-06 0.0
-0.000727419392 7.86172131e-06 0.0
-0.000670259702 3.1811378e-05 0.0
-0.000724946964 -1.23005848e-05 0.0
-0.000682969112 3.75017553e-05 0.0
-0.000717511575 -1.60221061e-05 0.0
-0.000285527465 0.000241814356 0.0
-0.000281141984 0.000234533261 0.0
-0.000306209084 0.000230621692 0.0
-0.000270119228 0.000247202144 0.0
-0.000301702385 0.000241574118 0.0
-0.000273471844 0.000252107624 0.0
-0.000293826364 0.000230323974 0.0
-0.000287474686 0.000249032513 0.0
-0.000269539392 0.000242271766 0.0
-0.000313072494 0.000235701926 0.0
-0.00026482268 0.000254138838 0.0
-0.000283860281 0.000227282217 0.0
-0.00031400242 0.000222875242 0.0
-0.000291273085 0.000226111428 0.0
-0.00030345624 0.00022417563 0.0
-0.000300437678 0.000247454183 0.0
-0.000280357985 0.000240330497 0.0
-0.00027519546 0.000234622465 0.0
-0.000275821978 0.000247125194 0.0
-0.000275664672 0.000254958053 0.0
-0.000316263555 0.000228884572 0.0
-0.000296542217 0.000237379965 0.0
-0.00029036976 0.000243263596 0.0
-0.000261780078 0.000251865131 0.0
-0.000312669203 0.000240213689 0.0
-0.000264336501 0.000256637722 0.0
-0.000263915135 0.000247697113 0.0
-0.000261244219 0.000254567538 0.0
-0.000292612414 0.000252087309 0.0
-0.000284016045 0.000254623941 0.0
-0.000286694674 0.000234065577 0.0
-0.000297900609 0.000232267193 0.0
-0.000275570841 0.000240225287 0.0
-0.000297283346 0.00022474397 0.0
-0.000281544402 0.0002465164 0.0
-0.000305770576 0.000235076805 0.0
-0.000267391268 0.000257318723 0.0
-0.000269326876 0.000238777488 0.0
-0.000320061052 0.000231335391 0.0
-0.000289983465 0.000236038584 0.0
-0.000308255985 0.000244378694 0.0
0.000567914394 0.00021703032 0.0
0.00055868132 0.000214834115 0.0
0.000570741657 0.000217778186 0.0
0.000555148639 0.000214247368 0.0
0.00021161366 0.000227221317 0.0
0.000228444391 0.000245541916 0.0
0.000237498447 0.000216514673 0.0
0.000253115868 0.000231686165 0.0
0.000250848389 0.000221758994 0.0
0.0002590644 0.000242818045 0.0
0.000239526009 0.000254246872 0.0
0.000214147032 0.000239548128 0.0
0.000203897536 0.000215336855 0.0
0.000226192496 0.00020812497 0.0
0.000199165093 0.000226334465 0.0
0.000240607435 0.000211209757 0.0
0.000262584654 0.000231161903 0.0
0.000225773998 0.000252034981 0.0
0.000207615929 0.000207317455 0.0
0.000215128486 0.000205044882 0.0
0.000255272695 0.000252281723 0.0
0.000249069359 0.000256255473 0.0
0.000258747925 0.000225273907 0.0
0.000264645758 0.000237751505 0.0
0.000197382527 0.000219301393 0.0
0.0002034145 0.000234238265 0.0
0.00023325019 0.000207453952 0.0
0.000247795106 0.000215853463 0.0
0.000233354542 0.000255403575 0.0
0.000217557172 0.000247195683 0.0
0.000199919406 0.000207598263 0.0
0.000262538524 0.000251023448 0.0
0.000240891415 0.000226667835 0.0
0.000225499462 0.000234389328 0.0
-0.000108700806 0.000246530981 0.0
-9.37720906e-05 0.000279378612 0.0
-0.000126826839 0.000243340051 0.0
-7.56638983e-05 0.000281613698 0.0
-9.21168466e-05 0.000248224678 0.0
-0.000110388777 0.000278351799 0.0
-8.16210086e-05 0.000287759496 0.0
-0.000121071462 0.00023823815 0.0
-7.70372353e-05 0.000259108172 0.0
-0.000126082043 0.000266711693 0.0
-6.75627962e-05 0.000279763859 0.0
-0.000135209892 0.000244663825 0.0
-0.000107012223 0.000269550685 0.0
-9.52778937e-05 0.000256172585 0.0
-0.000102252176 0.000240607973 0.0
-0.000100283723 0.000285991642 0.0
-0.000113259266 0.000237175249 0.0
-8.9490648e-05 0.000289244548 0.0
-0.00013037266 0.000235983927 0.0
-7.21948454e-05 0.000289820862 0.0
-0.000136558054 0.000251330144 0.0
-0.000135056223 0.000258707325 0.0
-6.68956272e-05 0.000273054378 0.0
-6.88914661e-05 0.000266189367 0.0
-8.00980124e-05 0.00025082464 0.0
-0.000123003498 0.000275890401 0.0
-0.000112534726 0.000252544589 0.0
-8.97737045e-05 0.000272766425 0.0
-0.000207235906 0.000115993913 0.0
-0.00022787202 9.9385099e-05 0.0
-0.000231508078 9.98394389e-05 0.0
-0.000205809003 0.000117849573 0.0
-0.000229742669 0.000103958118 0.0
-0.000209303704 0.000115775278 0.0
-0.000205211138 0.000114208684 0.0
-0.000225408439 9.8316872e-05 0.0
-0.000233463637 9.60589605e-05 0.0
-0.000202603755 0.000119330325 0.0
-0.000224595933 0.000105163468 0.0
-0.000209847902 0.000107341722 0.0
-0.000223804469 0.00010870977 0.0
-0.000200964409 0.000117948432 0.0
-0.000230769932 9.52374612e-05 0.0
-0.000221616356 9.85309089e-05 0.0
-0.000235141371 9.96544695e-05 0.0
-0.000203839401 0.000118668628 0.0
-0.000212528685 0.000114392475 0.0
-0.000201912946 0.000119948796 0.0
-0.000235939136 9.62375707e-05 0.0
-0.000236463267 9.74921641e-05 0.0
-0.000200572424 0.000119507837 0.0
-0.000202131385 0.000119683493 0.0
-0.000233396757 9.45498032e-05 0.0
-0.000212709085 0.000113500711 0.0
-0.000214943313 0.000102319878 0.0
-0.000218770525 0.000111455061 0.0
-0.000202871277 0.000111845096 0.0
-0.000229936952 0.00010573188 0.0
-0.00021189898 0.000111290705 0.0
3.49485927e-05 5.2990461e-05 0.0
3.99264463e-05 6.85260602e-05 0.0
5.12168917e-05 5.98137303e-05 0.0
2.42256265e-05 4.72423344e-05 0.0
2.91414781e-05 6.20264327e-05 0.0
6.13589582e-05 6.68753637e-05 0.0
4.54748188e-05 6.64817417e-05 0.0
4.09793538e-05 5.14921994e-05 0.0
2.62743724e-05 4.61577911e-05 0.0
6.3013933e-05 7.37178925e-05 0.0
2.01227249e-05 4.68950129e-05 0.0
2.16897606e-05 5.46863885e-05 0.0
5.56941632e-05 7.23023695e-05 0.0
3.86839602e-05 6.50732036e-05 0.0
4.79945738e-05 7.05932398e-05 0.0
5.05504831e-05 5.44174036e-05 0.0
3.2198368e-05 4.73959299e-05 0.0
1.98768903e-05 4.3229702e-05 0.0
3.25054716e-05 6.66881824e-05 0.0
6.46590779e-05 7.11805405e-05 0.0
5.72320969e-05 5.87451177e-05 0.0
6.17992919e-05 6.34391035e-05 0.0
1.82764979e-05 4.27496998e-05 0.0
1.83699358e-05 4.35378242e-05 0.0
4.18365889e-05 5.90435739e-05 0.0
2.11583028e-05 5.82854664e-05 0.0
1.90083083e-05 4.97834553e-05 0.0
-0.000804406707 7.67699821e-05 0.0
-0.000811214792 7.57766975e-05 0.0
-0.000802679278 7.71543419e-05 0.0
-0.000812584767 7.58530805e-05 0.0
-0.000800047885 7.70898259e-05 0.0
-0.000817786844 7.45865036e-05 0.0
0.000198268128 0.000114240102 0.0
0.000177181209 8.33526574e-05 0.0
0.000176121379 0.000105172745 0.0
0.000191874919 8.88809227e-05 0.0
0.000165353864 7.88296311e-05 0.0
0.000211597187 0.000117740921 0.0
0.000187759186 0.000117154734 0.0
0.000161840042 9.66219086e-05 0.0
0.000207229299 0.000100157165 0.0
0.000179923765 8.03376097e-05 0.0
0.000206308672 0.000124276936 0.0
0.000159500327 8.19347042e-05 0.0
0.000168770697 0.000110659086 0.0
0.000167418475 7.59043978e-05 0.0
0.000218412868 0.00011802894 0.0
0.000188729013 8.30807621e-05 0.0
0.000197156085 8.72099336e-05 0.0
0.00020456237 9.27959481e-05 0.0
0.000172267522 7.63235585e-05 0.0
0.000197613103 0.000123690377 0.0
0.00021320692 0.000123860169 0.0
0.000173285749 8.68759016e-05 0.0
0.000161327116 0.000103624414 0.0
0.000177666181 0.000116905918 0.0
0.000154444628 9.0267531e-05 0.0
0.000216096174 0.000107284162 0.0
0.000218394489 0.000113348586 0.0
0.000154777357 8.541852e-05 0.0
0.000189750193 9.37294826e-05 0.0
0.000158482333 7.77830064e-05 0.0
-8.35108294e-05 5.04071904e-05 0.0
-6.25693428e-05 5.69138429e-05 0.0
-5.89024057e-05 5.9599719e-05 0.0
-8.19502093e-05 5.27630982e-05 0.0
-6.19201237e-05 5.9848513e-05 0.0
-8.57460109e-05 4.94522792e-05 0.0
-6.85196355e-05 5.51281009e-05 0.0
-8.75586848e-05 4.97812034e-05 0.0
-5.47526033e-05 5.94885751e-05 0.0
-7.61561023e-05 5.59152759e-05 0.0
-8.39396744e-05 5.0759063e-05 0.0
-8.80107254e-05 4.86085482e-05 0.0
-7.98750189e-05 5.14552776e-05 0.0
-7.87970639e-05 5.27153534e-05 0.0
-6.09898852e-05 5.73699435e-05 0.0
-6.30651193e-05 5.99846644e-05 0.0
-5.78779327e-05 6.05453606e-05 0.0
-8.81122614e-05 5.09600068e-05 0.0
-8.63024106e-05 5.23709714e-05 0.0
-8.20679925e-05 5.40530818e-05 0.0
-5.3796397e-05 6.04846282e-05 0.0
-6.57891214e-05 5.76248167e-05 0.0
-8.8515284e-05 4.8808557e-05 0.0
-5.48182325e-05 5.89443553e-05 0.0
-5.56065097e-05 6.06873946e-05 0.0
-6.70455411e-05 5.91151984e-05 0.0
-7.12390465e-05 5.79873886e-05 0.0
-8.75148544e-05 4.95134336e-05 0.0
-7.79645852e-05 5.2977728e-05 0.0
-7.51670741e-05 5.43684437e-05 0.0
-8.35294559e-05 5.17240223e-05 0.0
-0.000124370461 0.000128578977 0.0
-0.000128217041 0.000118121861 0.0
-0.000114412323 0.000122868252 0.0
-0.000104985949 0.000133804962 0.0
-0.000140527438 0.000115356183 0.0
-0.000139502459 0.000123083155 0.0
-0.00010457007 0.000128384519 0.0
-0.000117988224 0.000135358525 0.0
-0.000124757891 0.0001168218 0.0
-9.66713924e-05 0.000135320995 0.0
-0.000147611543 0.000118927841 0.0
-0.000137758907 0.000128688291 0.0
-0.000148261941 0.000114499177 0.0
-0.00013841693 0.00011358138 0.0
-0.000131815556 0.000114131617 0.0
-0.000129389198 0.000133826878 0.0
-0.000105295607 0.000138695541 0.0
-9.68165914e-05 0.00013899387 0.0
-9.3883551e-05 0.000138127056 0.0
-0.000117482043 0.00011941143 0.0
-0.000112285554 0.000122162703 0.0
-0.000107992222 0.000125036997 0.0
-0.000150065811 0.000116266958 0.0
-0.000150442342 0.000115221454 0.0
-9.94643269e-05 0.000131719047 0.0
-9.62820268e-05 0.000134608475 0.0
-0.000130896602 0.000123243197 0.0
-0.000132215035 0.000118943157 0.0
-0.000429676205 0.000159628049 0.0
-0.000411748857 0.00016013725 0.0
-0.000436917297 0.000156023278 0.0
-0.000403396261 0.000164068537 0.0
-0.000423513673 0.000163868492 0.0
-0.000418535055 0.000156863462 0.0
-0.000437212904 0.00015697784 0.0
-0.000439468917 0.000153651694 0.0
-0.000405908417 0.000167810998 0.0
-0.000403123355 0.000162680488 0.0
-0.000431227643 0.000159031726 0.0
-0.000426832121 0.000154347435 0.0
-0.000444321049 0.000153971094 0.0
-0.000412075256 0.000158920695 0.0
-0.000418823794 0.000168182174 0.0
-0.000396878109 0.000165213321 0.0
-0.000394735835 0.000167014252 0.0
-0.000396915333 0.000168568076 0.0
-0.000406324747 0.000161221891 0.0
-0.000434782647 0.000157323928 0.0
-0.000427398598 0.000161706121 0.0
-0.000420772703 0.000157726492 0.0
-0.000445160316 0.000152820721 0.0
-0.000442076387 0.00015535875 0.0
-0.000408417603 0.000171560241 0.0
-0.000438917428 0.000152475157 0.0
-0.000433630252 0.000152754976 0.0
-0.000413802423 0.000170590953 0.0
-0.00041348589 0.000161734642 0.0
-0.000423268473 0.000154531401 0.0
1.766274e-05 0.000161377771 0.0
1.76609665e-05 0.000177779933 0.0
-8.39405857e-06 0.000152198612 0.0
4.50215657e-06 0.000171597669 0.0
-8.56974111e-06 0.000162109107 0.0
3.14447425e-05 0.000168472267 0.0
3.01433793e-05 0.00018405648 0.0
3.87332329e-06 0.000150600245 0.0
-1.84192668e-05 0.000149035506 0.0
1.69827363e-05 0.000180276242 0.0
2.51646925e-05 0.000154800393 0.0
-1.75060359e-05 0.000144521313 0.0
3.52845709e-05 0.000182625474 0.0
2.88307619e-05 0.000185862766 0.0
3.94777198e-05 0.000174739529 0.0
-1.58751973e-05 0.000156541573 0.0
-4.5982647e-06 0.000167771926 0.0
8.91239415e-06 0.000176748115 0.0
2.44084003e-05 0.000184593024 0.0
1.65514371e-06 0.00017260891 0.0
3.26429617e-05 0.000161135409 0.0
1.5555519e-05 0.000149333762 0.0
-7.68711652e-06 0.000144616832 0.0
-2.22828403e-05 0.000145084181 0.0
3.95179813e-05 0.000179899042 0.0
-1.92719544e-05 0.000152248176 0.0
-2.13673175e-05 0.000148851119 0.0
1.77148593e-07 0.000165486883 0.0
2.14719021e-05 0.00017654238 0.0
3.70531197e-05 0.000186056262 0.0
5.27853126e-06 0.00015786977 0.0
-0.000362553285 0.000104874773 0.0
-0.000344317639 0.000114924835 0.0
-0.000365271379 0.000119993085 0.0
-0.00034351091 0.000127838401 0.0
-0.00033554103 0.000120099481 0.0
-0.000352972333 0.000107270746 0.0
-0.000354280783 0.00012813785 0.0
-0.000332912256 0.000129456879 0.0
-0.000374720548 9.97388925e-05 0.0
-0.000379090634 0.000112880974 0.0
-0.000366280001 9.83311329e-05 0.0
-0.0003721338 0.000123173872 0.0
-0.000342136889 0.000114114744 0.0
-0.00033963297 0.000133644324 0.0
-0.000384184095 0.000104964689 0.0
-0.000382092956 0.000100186517 0.0
-0.000329974951 0.000124579354 0.0
-0.000328037189 0.000127582913 0.0
-0.000338156766 0.0001177386 0.0
-0.00034716737 0.000109614113 0.0
-0.000346530403 0.000132869958 0.0
-0.000334468263 0.000132927773 0.0
-0.000359526806 0.000101291356 0.0
-0.000372478797 9.6593838e-05 0.0
-0.000379123783 0.000118121628 0.0
-0.000363601604 0.000127469539 0.0
-0.000330449606 0.000123021586 0.0
-0.000388235319 0.000107596541 0.0
-0.000352521922 0.000112913971 0.0
-0.000353086303 0.000121340738 0.0
-3.22967353e-05 0.000189082668 0.0
-0.000481201452 3.28548995e-05 0.0
-3.51875715e-05 0.000230754493 0.0
-0.000409976346 5.63815447e-05 0.0
3.08194976e-05 0.000154945417 0.0
-0.000123613267 0.000161305943 0.0
7.29904423e-05 0.00022881091 0.0
-0.000305476686 5.40943656e-05 0.0
-0.000443904515 0.000168324448 0.0
-0.000403427344 7.63910866e-05 0.0
-0.000273214973 0.000181574651 0.0
0.000221188733 0.000176877584 0.0
-0.000606151298 6.92267422e-05 0.0
-0.000116708805 0.00012228929 0.0
-0.000517985434 0.000116829215 0.0
-0.000598737388 -2.52317068e-06 0.0
-0.00012090509 0.000227494849 0.0
-0.000211420207 2.28475383e-05 0.0
5.61239031e-05 8.37711414e-05 0.0
0.000470741768 0.000217346242 0.0
-0.000169820487 0.000115502793 0.0
-4.61160016e-05 0.000146036284 0.0
6.24499226e-05 0.000186027202 0.0
-0.000556741899 4.59239345e-05 0.0
-0.000345727778 0.000205535573 0.0
-0.000379411766 5.79480002e-05 0.0
-0.000494887587 1.9704019e-05 0.0
-0.00011808717 0.000260403787 0.0
0.000350627786 0.000262451795 0.0
-0.000394703908 5.22640366e-05 0.0
-8.20158493e-06 9.64447245e-05 0.0
3.10306568e-05 7.34817586e-05 0.0
1.96458745e-06 0.00022768222 0.0
-0.000329511298 7.81095732e-05 0.0
-0.000179658367 0.000166148893 0.0
-0.000114703718 0.00012456991 0.0
5.4401371e-05 6.92056929e-05 0.0
4.69174229e-05 0.000240180409 0.0
-0.000173017092 0.000208528436 0.0
7.33011839e-05 0.000154844252 0.0
-0.000232348742 0.000195408618 0.0
-5.75474178e-06 0.000153005036 0.0
-1.22749834e-05 0.000216787128 0.0
-0.000190691047 5.4533095e-05 0.0
-2.5437992e-05 0.000161610602 0.0
-0.000512347906 9.27319561e-05 0.0
-0.000200608381 2.01258936e-05 0.0
-0.000544398848 0.000119508783 0.0
-0.000227000404 6.68508001e-05 0.0
0.000250525423 0.000119500713 0.0
0.000145565209 0.000252099591 0.0
0.000295472681 0.000188055768 0.0
-0.000555784558 -6.10830921e-06 0.0
-0.000225774915 0.000153047658 0.0
-0.000316900667 8.91081509e-05 0.0
7.53911308e-06 5.29177487e-05 0.0
-0.000178653412 0.000121488869 0.0
0.000127500956 0.000166087892 0.0
-0.000649006513 6.83588667e-07 0.0
-0.000585592003 9.64719802e-05 0.0
-0.000347291323 7.16793074e-05 0.0
-0.000455541071 4.32444685e-05 0.0
-6.6577406e-05 0.000128908447 0.0
-0.000143378027 0.000113197115 0.0
-0.000482196861 9.67649103e-05 0.0
-0.000444132776 4.08219748e-05 0.0
-0.000160976022 5.66726994e-05 0.0
-0.000142220597 5.4425971e-05 0.0
-0.000166061407 0.000290311174 0.0
-0.000466752186 0.000142501784 0.0
-0.000191715008 3.36070989e-05 0.0
0.000108120446 0.000168248676 0.0
-0.000717074436 4.97477995e-05 0.0
-0.000624517386 2.12012437e-05 0.0
0.000169044491 0.000223355411 0.0
-0.00053047447 2.97519928e-05 0.0
-0.000333227974 6.88951113e-05 0.0
-6.28519774e-05 0.000248007214 0.0
0.000307114417 0.000247544056 0.0
0.000139872413 0.000212532905 0.0
-0.000343183667 0.000202322859 0.0
-9.5684074e-05 0.000183018055 0.0
0.000174246918 9.49781097e-05 0.0
-0.000341765815 0.00015000203 0.0
-0.000286280847 1.32531168e-05 0.0
-0.000228021076 0.000203872201 0.0
-9.43512932e-05 0.000137430223 0.0
0.000492463936 0.000238673107 0.0
-0.000399081124 0.000212280793 0.0
-0.000303087087 0.000223998461 0.0
-0.000361632818 3.3281096e-05 0.0
-0.000196157329 0.000174670582 0.0
-3.60225677e-05 1.4983495e-05 0.0
-0.000189263665 0.000187144193 0.0
9.22302206e-05 9.06612404e-05 0.0
-0.000204334472 0.000180754389 0.0
-4.62871394e-05 0.000148382591 0.0
3.39370417e-05 0.000200644296 0.0
-0.00043993775 4.80879899e-05 0.0
-0.000169735911 0.000255389838 0.0
-9.29009911e-05 9.66652151e-05 0.0
-0.000279092666 8.59459105e-05 0.0
-0.000434372167 0.000169073377 0.0
-9.62626145e-05 0.00012980029 0.0
0.000488990743 0.000195721834 0.0
-0.00040944881 0.000182161064 0.0
-0.000157601768 0.000128183427 0.0
-0.000376703363 0.000110656627 0.0
-0.000150448133 0.000271708734 0.0
-0.000776902772 4.52413879e-05 0.0
-0.000559988082 1.63482564e-05 0.0
0.000279900007 0.00022352222 0.0
0.000321129191 0.000287771603 0.0
0.00039633314 0.000281008455 0.0
0.000398111675 0.000212641535 0.0
6.11799987e-05 0.000332743366 0.0
5.89624142e-06 7.7503013e-05 0.0
-8.63712266e-05 0.000238216817 0.0
-0.000454105058 0.00016914084 0.0
-0.000333830161 0.000187535639 0.0
0.0002915941 0.000147660438 0.0
6.12535077e-05 7.21051183e-05 0.0
-9.20477178e-05 0.00012269702 0.0
4.43792442e-06 0.000173759618 0.0
-0.000683223538 7.60513212e-05 0.0
-0.000203961928 0.000168090119 0.0
-0.000267000258 0.000109987748 0.0
5.27188386e-05 0.000238812179 0.0
1.49357993e-05 0.000231397658 0.0
-0.000449726154 0.000169766485 0.0
-0.000174775807 0.000115971321 0.0
-6.31244257e-05 0.000208000332 0.0
2.38766661e-05 0.000149336833 0.0
-0.000582475739 0.000102593054 0.0
2.7389473e-05 0.000116104253 0.0
-6.04228408e-05 0.000154066525 0.0
-0.000187448779 0.000240543144 0.0
9.77425079e-05 7.04196718e-05 0.0
-0.00044116989 0.000117529926 0.0
9.81259145e-05 0.000255051535 0.0
-0.000614765915 -1.32283467e-05 0.0
-0.000600502186 5.82690991e-05 0.0
-0.000298119063 0.000221582828 0.0
1.22060437e-05 6.97586802e-05 0.0
-0.000518343411 1.26307305e-05 0.0
-0.00014784724 2.83164027e-05 0.0
1.90606627e-07 7.39285024e-05 0.0
-0.000539139612 8.73583485e-05 0.0
-0.000653989089 1.21739404e-05 0.0
-0.000373082206 6.45938999e-05 0.0
-0.000744545949 1.39036483e-05 0.0
-0.000441641663 5.17920344e-05 0.0
-0.000469008606 5.94083358e-05 0.0
-0.000571788754 0.000108405111 0.0
-0.000259594817 5.64260517e-06 0.0
-0.000209320468 0.000144369216 0.0
8.18228291e-05 6.99715019e-05 0.0
0.000240630383 0.000213848529 0.0
-0.000107500789 4.80240233e-05 0.0
1.29421333e-05 7.02324178e-05 0.0
0.00028291432 0.000318884879 0.0
9.34429772e-05 0.000165867081 0.0
0.000122638783 0.000201401199 0.0
-1.01316491e-05 0.00015168832 0.0
-0.00078029104 -1.36172912e-05 0.0
-6.88681539e-05 0.000136776376 0.0
-0.000185093915 0.00029358652 0.0
0.00027944945 0.000118605276 0.0
-5.28066885e-05 0.000267159339 0.0
-0.000255340216 0.000216523345 0.0
-5.75572776e-05 7.48754101e-05 0.0
0.000147885163 8.93629112e-05 0.0
-0.000280293985 0.000223086681 0.0
0.000511552847 0.000243169314 0.0
0.000156547845 0.000189153187 0.0
-0.000313176773 7.31311447e-05 0.0
-0.000118901466 0.000205368226 0.0
-0.000655609125 4.68212693e-06 0.0
2.67137675e-05 0.000228435252 0.0
-0.000185420722 5.8831858e-05 0.0
0.000310915144 0.000190669205 0.0
0.000485355849 0.000281031418 0.0
-0.000125491148 0.00013802886 0.0
-1.11256395e-05 3.59872538e-05 0.0
0.000166423983 0.000264970004 0.0
-6.09086383e-05 2.23914376e-05 0.0
0.000471952459 0.000303092616 0.0
-0.00033902927 0.000232751423 0.0
-0.00012598552 0.000270101882 0.0
0.000298608007 0.000236948152 0.0
-0.000531151425 1.64734206e-06 0.0
0.00019968563 0.000254916406 0.0
-0.000468144863 7.11334869e-05 0.0
0.000343132735 0.000176969377 0.0
-0.000492445659 0.000144033984 0.0
-0.000110222594 0.000271656492 0.0
-0.000302601838 0.000205741919 0.0
-0.000283426256 0.000147811283 0.0
0.000512514671 0.000211488587 0.0
0.000189064667 0.000110064146 0.0
5.86529568e-05 0.00016522425 0.0
-0.00039573203 5.76420389e-05 0.0
-0.000676369062 8.93121796e-06 0.0
-0.000193560802 0.00010706282 0.0
-0.000452197943 3.95250972e-05 0.0
5.32040303e-06 0.000230615246 0.0
0.000360671605 0.000221662005 0.0
-0.000144080856 0.000129891574 0.0
0.000152386419 0.000229091296 0.0
-0.000390140485 3.62920509e-05 0.0
4.68798826e-05 0.000311636948 0.0
-0.000499896763 2.03736872e-05 0.0
-3.14899808e-05 0.00015645611 0.0
-0.000296474056 9.25540953e-05 0.0
0.000437078415 0.000269940152 0.0
-0.000372616953 0.000174934452 0.0
-5.49373108e-05 0.000223956085 0.0
-0.000348908274 5.25686446e-05 0.0
-0.000418023439 5.50375771e-05 0.0
-0.000433184352 4.43992467e-05 0.0
-0.000256605592 4.05905521e-05 0.0
0.000150474953 9.52820919e-05 0.0
0.000135814349 0.000171333842 0.0
0.000435930473 0.000186565099 0.0
-0.000188144739 0.000287603063 0.0
-0.000295594393 7.86063247e-05 0.0
-0.000459617411 8.04787487e-05 0.0
4.76778368e-05 4.16462317e-05 0.0
8.42840236e-05 7.20261087e-05 0.0
-0.000312722259 0.000248247932 0.0
0.000295614242 0.000271878962 0.0
-0.000187629368 0.00026578363 0.0
-0.000228061981 0.000209295831 0.0
-0.000760725001 6.08328337e-05 0.0
-0.000254872575 0.000112668647 0.0
0.000180058254 0.000222778574 0.0
-0.000366994907 6.81959064e-05 0.0
2.81111516e-05 0.000249366334 0.0
-2.38713656e-05 0.000140566466 0.0
-2.28037788e-05 6.05498935e-05 0.0
-1.71718766e-05 0.000155747752 0.0
-0.000174526736 0.00012078174 0.0
-0.000632605341 3.89735942e-05 0.0
0.000494779437 0.000266802905 0.0
-0.000250484503 3.32815871e-05 0.0
-0.000159091302 0.000130150787 0.0
0.000278724736 0.000247840973 0.0
-0.000564496208 2.75397065e-06 0.0
-6.61935992e-05 0.000242092225 0.0
-0.000150323132 3.95075658e-05 0.0
-0.000202474126 0.000220593342 0.0
-0.000284738286 9.29740272e-05 0.0
-0.000519675319 3.29631912e-05 0.0
-0.000486001401 4.85392229e-05 0.0
0.000239313595 0.000237698885 0.0
-6.51200244e-05 0.000139005846 0.0
-4.85067103e-05 0.000244900526 0.0
-0.000271421828 0.000220491682 0.0
-8.52987141e-05 2.14564316e-05 0.0
9.78263488e-05 0.000164928017 0.0
-6.64187901e-05 0.00025839539 0.0
-1.26386449e-05 4.59070179e-05 0.0
-0.00058416836 -1.7780927e-05 0.0
-0.000404922204 0.000213884821 0.0
-0.000368050678 0.000201701827 0.0
-0.000371660572 0.000134432863 0.0
5.99802042e-05 0.00023652392 0.0
-0.000182736854 4.21477707e-05 0.0
3.35186414e-05 6.64171457e-05 0.0
-0.000158898023 0.000106535583 0.0
0.000361091195 0.000287326431 0.0
3.81256395e-05 0.00028025877 0.0
-0.000651510491 8.99815932e-05 0.0
-5.50614714e-05 0.000172734595 0.0
0.000201047107 0.000100992838 0.0
-4.29338324e-05 0.000277941523 0.0
0.000264667644 0.000274516118 0.0
-0.000140992313 0.000138247269 0.0
8.50285505e-05 0.000211690683 0.0
-0.000207042947 0.000126795159 0.0
-0.000199841787 8.46765397e-05 0.0
-1.50543074e-05 5.30722791e-05 0.0
0.000310809381 0.000286397611 0.0
-0.000754472159 7.55589208e-05 0.0
-0.000222828327 0.000226634133 0.0
4.22557132e-05 0.000152739507 0.0
0.000502121984 0.000193075422 0.0
-0.000117176154 9.69538814e-05 0.0
-0.00017478675 0.000113662143 0.0
-0.000149623738 8.74096586e-05 0.0
-0.00044138715 0.00017396397 0.0
-0.000436964823 0.000183728465 0.0
-0.000139379859 5.5420729e-05 0.0
-0.000785458717 -2.31884205e-05 0.0
7.11761095e-05 4.23813508e-05 0.0
-0.000138817777 0.000153741785 0.0
-3.14416066e-05 2.2285165e-05 0.0
-0.000425842998 0.000152427107 0.0
-0.000234081148 0.000203821997 0.0
9.08097572e-05 0.000256033818 0.0
-0.000511326129 0.000129656401 0.0
-0.000775863067 4.4856657e-05 0.0
2.13241292e-05 0.00032203077 0.0
-0.000588771189 0.000103960971 0.0
0.000213713734 0.000244771334 0.0
-0.000415555551 0.000149509404 0.0
-0.000166440834 3.11427793e-05 0.0
-0.000154967987 0.00012863391 0.0
-0.000317101716 6.93264083e-05 0.0
-0.000171521213 0.000269020704 0.0
-0.00020596906 0.000211142484 0.0
-0.000215682259 0.000276615639 0.0
-0.00012558607 0.000126624174 0.0
-0.000175834459 0.000155743837 0.0
-0.000329500966 3.72763907e-06 0.0
-0.000145389902 5.81933018e-05 0.0
-0.000276289502 0.000113677532 0.0
0.000121979749 0.000234121151 0.0
-0.000230510981 2.00374961e-05 0.0
-0.000120651435 0.000130170738 0.0
0.00020464322 0.000146830178 0.0
-0.000545859744 8.39880231e-05 0.0
-0.000161755932 4.76508467e-05 0.0
-0.000549613091 0.000121378922 0.0
-3.11306794e-05 0.00014935981 0.0
0.000326277601 0.000195092536 0.0
-0.000136304472 0.000182141419 0.0
-0.00060534582 9.81095654e-05 0.0
9.92111527e-05 7.77387613e-05 0.0
0.000110270754 0.00031193727 0.0
0.000106372041 0.000176839676 0.0
8.59605007e-06 0.000159508083 0.0
4.65617404e-06 0.000230329475 0.0
-0.000744627556 -5.44127397e-06 0.0
0.000317827507 0.000135950933 0.0
0.000115626528 9.38729718e-05 0.0
-1.90367009e-05 3.40483311e-05 0.0
0.000316766906 0.000211634455 0.0
0.000102379374 6.89071385e-05 0.0
-3.29841278e-05 0.00023353209 0.0
8.65086258e-05 7.36506045e-05 0.0
0.000134244183 0.000268488366 0.0
-0.000733685272 5.89879301e-06 0.0
5.26655058e-05 0.000154103371 0.0
-1.11824384e-05 0.000301218301 0.0
-0.000326471578 0.000182722884 0.0
0.000337664591 0.00017306197 0.0
6.79182631e-05 0.000240086301 0.0
-0.000148475476 8.6086271e-05 0.0
3.19705359e-05 0.000216917426 0.0
5.87510403e-05 7.19290183e-05 0.0
-0.000240254711 9.25931308e-05 0.0
-0.000481530908 2.76345618e-05 0.0
-0.000750346808 -9.88182182e-06 0.0
-0.000432672532 0.000117363961 0.0
0.000198467649 0.000254256884 0.0
-6.90738989e-06 5.08757585e-05 0.0
-5.76769089e-05 0.00026493441 0.0
-1.20678333e-05 0.00020301617 0.0
-0.000258766231 0.000195715198 0.0
-0.000254502287 7.6552551e-06 0.0
-0.000378825673 0.000169408304 0.0
-6.94795744e-05 0.00025642672 0.0
-0.000424244499 0.000195384433 0.0
5.56378363e-05 0.000124004131 0.0
-0.000267476193 0.000139934098 0.0
-2.39951205e-05 2.51327911e-05 0.0
-0.00058429694 -8.97634709e-06 0.0
-0.000361711631 1.1101899e-05 0.0
-0.000420715427 9.18033038e-05 0.0
-7.58645911e-05 0.000193023865 0.0
-0.000131354347 3.9643437e-05 0.0
-0.000131777691 6.39599093e-05 0.0
-0.000521689886 0.000103220314 0.0
0.000181931755 0.000201499686 0.0
-0.000269611046 6.73532631e-05 0.0
-0.000334844459 0.000112438698 0.0
7.58745373e-05 0.000189143771 0.0
-0.000180790215 0.000144470425 0.0
-5.52532547e-05 0.000109876739 0.0
-0.000417327479 4.81431562e-05 0.0
0.000332452677 0.000160024632 0.0
-1.58839975e-05 0.000225672615 0.0
-1.33504518e-05 7.1104274e-05 0.0
-0.000204066426 1.51727236e-05 0.0
0.000125005085 7.41037729e-05 0.0
-0.000153869973 0.000289395102 0.0
-0.000185231023 0.000266328978 0.0
0.000129256616 8.56272018e-05 0.0
-0.000581685221 2.68223721e-05 0.0
-0.000148977051 3.05721333e-05 0.0
-0.000448227423 0.000170087063 0.0
-0.000204881115 0.000224553907 0.0
-1.61966036e-05 6.72168244e-05 0.0
7.40848263e-05 0.000157294489 0.0
0.000259052904 0.000222683957 0.0
-0.00050766737 0.000136076516 0.0
-3.2453896e-05 5.1983403e-05 0.0
-0.000562448346 0.000104028593 0.0
-0.000320080377 2.92618843e-05 0.0
-2.95294103e-05 0.000152959678 0.0
-0.000362236286 0.000228950026 0.0
-0.000298869272 8.41690853e-05 0.0
-0.000519433175 6.93498805e-05 0.0
-0.000615800149 8.45799295e-05 0.0
6.80847597e-06 0.000149667205 0.0
1.77009533e-05 6.43144667e-05 0.0
-0.000647468725 -4.81479719e-06 0.0
-0.000214281186 0.00025811221 0.0
1.37838233e-05 0.00015199164 0.0
-0.000701448822 1.95579578e-05 0.0
-7.96960885e-05 0.00012594783 0.0
-0.000342075946 7.91109705e-05 0.0
-9.51530019e-05 0.00011837043 0.0
-0.000737431517 1.64579797e-06 0.0
-0.000379493431 5.89360861e-05 0.0
0.000298460567 0.000230664256 0.0
-0.000182351578 0.000255908148 0.0
-0.000227019147 0.000243419723 0.0
-0.000174097528 0.00015714555 0.0
-4.08542473e-05 0.000146954058 0.0
2.90194712e-05 3.24987632e-05 0.0
-0.000169347797 0.00012549285 0.0
-0.000281549059 8.00456619e-05 0.0
-0.000224266536 5.1127583e-05 0.0
0.000277636864 0.000124914877 0.0
2.26426328e-05 9.40519531e-05 0.0
-0.000127143008 0.000244042531 0.0
-4.08234882e-05 0.000250193261 0.0
0.000531401311 0.000219283742 0.0
-5.4799807e-06 6.81931269e-05 0.0
-0.000141718599 0.000121810823 0.0
-0.000480948365 3.53980322e-05 0.0
-0.000278021675 8.54460086e-05 0.0
0.000349659589 0.000210497092 0.0
-0.000486809906 0.000154652473 0.0
-0.000255369028 0.000163180666 0.0
-4.60050396e-05 0.000150795735 0.0
-0.000663207262 3.18216262e-05 0.0
0.000265259208 0.000180592135 0.0
0.000136879971 0.000214032698 0.0
-0.000125302147 3.36458834e-05 0.0
-0.000561392982 -1.23828868e-05 0.0
-0.000677536707 1.54151076e-05 0.0
-0.000309002702 0.000174317727 0.0
0.000217186098 0.000121328718 0.0
-0.00023513801 0.000205317148 0.0
0.000398217526 0.000186787685 0.0
-0.000169837862 0.000120613644 0.0
-9.49486857e-05 0.000164867131 0.0
-0.000392227288 0.000150610358 0.0
-3.21969128e-05 7.05014463e-05 0.0
-0.000440669857 6.51915325e-05 0.0
-0.000234047562 0.000207975405 0.0
0.000104630162 0.000210516984 0.0
-0.000386195054 6.4637592e-05 0.0
-0.00032742531 7.95358865e-05 0.0
0.000229737532 0.000103590202 0.0
-0.000820147456 -1.35352529e-05 0.0
0.00022734591 0.000128081723 0.0
-0.000350623624 0.000172960368 0.0
0.000314104574 0.000260653876 0.0
0.00048409673 0.000301140914 0.0
-0.000570318196 8.15641761e-05 0.0
-0.000322478358 0.000128912812 0.0
-0.000524806441 6.93508673e-06 0.0
0.000420918368 0.000237786953 0.0
-0.000128287793 9.46533983e-05 0.0
0.000168501589 0.000179262162 0.0
0.000527047901 0.0002038987 0.0
0.000318555627 0.000153750851 0.0
-0.000761024479 -5.35323943e-06 0.0
-0.000321082742 0.000218163463 0.0
0.000111708607 7.95498345e-05 0.0
-0.000354861026 6.64017862e-05 0.0
-0.000115087998 5.65976734e-05 0.0
-0.00029040323 0.000243820628 0.0
-9.73368878e-05 0.000149919651 0.0
-0.000226312943 0.000103934362 0.0
-0.000628665031 -6.94226173e-07 0.0
-0.000755436136 2.71621411e-05 0.0
0.00022039983 0.000118078984 0.0
-0.000616451143 6.12637014e-05 0.0
-8.40379653e-05 0.000266011251 0.0
-0.000603670022 7.59876048e-06 0.0
-0.000296889979 0.000197675545 0.0
-0.000288496987 0.000100982936 0.0
0.000176565882 0.00010462723 0.0
-0.000355693803 0.000203903372 0.0
-0.000652865507 4.61704367e-05 0.0
0.000202625946 0.000233696876 0.0
-0.000187482859 0.000239798042 0.0
-6.95271956e-05 0.000132350164 0.0
0.000490821549 0.000284276262 0.0
-9.96157833e-05 0.000130240209 0.0
-0.000139412441 4.29160791e-05 0.0
0.000104369545 0.000246907672 0.0
0.000156574853 0.000180378745 0.0
-0.000524453761 1.83898792e-05 0.0
0.000154483729 0.000125097533 0.0
-0.00018054797 8.3744686e-05 0.0
-0.000608009403 7.59731302e-06 0.0
-9.35277276e-05 0.000254630286 0.0
-0.000385785679 0.000199891074 0.0
-0.00026449468 0.000213812324 0.0
-0.000471999345 0.000129617096 0.0
0.000456107431 0.000275153347 0.0
0.000342124869 0.000167239748 0.0
-0.000140132746 0.000271637196 0.0
-0.00043131283 0.000203681047 0.0
-0.000420512428 0.000131903769 0.0
0.000205109609 0.000204229975 0.0
-0.000202299241 0.000283887231 0.0
-0.000327372807 0.000264204136 0.0
-7.90257836e-05 0.000135253111 0.0
0.000340708735 0.000283375004 0.0
-0.000409343746 5.09030979e-05 0.0
-0.000281071552 0.000206199154 0.0
-2.47521275e-05 5.78933941e-05 0.0
9.07704307e-05 7.58830938e-05 0.0
-0.000306471484 0.000239097877 0.0
0.000123457226 0.000195084373 0.0
-0.000562699395 5.07685181e-05 0.0
-0.000252488244 2.23789957e-05 0.0
0.000314949604 0.000244910188 0.0
-0.000550487952 0.000114386639 0.0
0.000202244832 9.55284631e-05 0.0
0.000135692826 0.00017554067 0.0
-0.000723011733 1.31863917e-05 0.0
0.000270894205 0.000260904926 0.0
0.000318423117 0.000274066755 0.0
8.6521477e-06 0.000189404134 0.0
-0.000255458377 0.000124516751 0.0
-0.000335421268 0.000217483321 0.0
-0.000474881323 3.10107898e-05 0.0
-6.78802417e-06 1.85633107e-05 0.0
-0.00015041836 0.00021940282 0.0
-0.000252971658 0.000224608797 0.0
-0.000701480138 1.51860622e-05 0.0
0.000194043023 0.00023308504 0.0
0.000209559163 0.00010686458 0.0
-0.000478714675 2.73980968e-05 0.0
-8.58256681e-05 7.25421341e-05 0.0
-0.000378491939 0.000123751903 0.0
-0.000435550231 4.87346115e-05 0.0
-8.46520998e-05 0.0002582054 0.0
-0.00011791219 0.000112083217 0.0
0.000326246198 0.000262859685 0.0
-7.28132873e-05 0.00014347276 0.0
0.000214765416 0.000241297021 0.0
-3.87873224e-05 0.000146865481 0.0
-0.000299749372 5.47158777e-07 0.0
-6.97479481e-05 0.000130653236 0.0
0.000347898866 0.000300047774 0.0
-0.000426167622 4.81008137e-05 0.0
8.7163462e-05 0.000153569868 0.0
0.000109256835 0.000178044385 0.0
-9.59528625e-05 0.000128023225 0.0
-5.12837942e-05 4.70400628e-05 0.0
-0.000208611644 3.83882507e-05 0.0
