0.000543234404 0.000253620616 0.0
0.000526026357 0.000233271625 0.0
-0.000143767145 0.000263431371 0.0
-0.000125765408 0.000248970056 0.0
-0.000119985918 0.000271570665 0.0
0.000729297288 0.000248970056 0.0
0.000711295579 0.000263431371 0.0
-3.83853403e-05 0.000383988488 0.0
-5.66036651e-05 0.000369262823 0.0
-3.3953329e-05 0.000366587105 0.0
0.000101187536 -1.34503762e-05 0.0
0.000119405864 1.27529904e-06 0.0
0.000144539124 0.000346510846 0.0
0.000128865242 0.000354954944 0.0
0.00012821384 0.000341649837 0.0
0.000286656432 -2.7758244e-05 0.0
0.000302330329 -3.62023675e-05 0.0
0.000757491565 8.17659165e-05 0.0
0.000738203002 6.01061874e-05 0.0
0.000645471155 0.000329430914 0.0
0.000638364931 0.000339855615 0.0
0.000621834595 0.000325213856 0.0
-0.000216697779 0.000339855615 0.0
-0.000209591555 0.000329430914 0.0
5.79029074e-05 0.00031893258 0.0
3.88585395e-05 0.00030527034 0.0
0.000463660312 0.000333977514 0.0
0.000443509663 0.000299859035 0.0
0.000377417571 0.000138216186 0.0
0.00035650871 0.000126291183 0.0
2.67448013e-05 6.53168536e-05 0.0
3.72571303e-05 5.879522e-05 0.0
5.1039995e-05 7.8127734e-05 0.0
0.000892319833 5.879522e-05 0.0
0.000881807529 6.53168536e-05 0.0
2.03139189e-06 0.000217388995 0.0
-1.79869858e-05 0.000176620757 0.0
0.000187164755 9.95102528e-05 0.0
0.00016476278 7.97433822e-05 0.0
0.000370507303 0.000167819759 0.0
0.000350542279 0.000175411566 0.0
0.000655232405 0.00021633484 0.0
0.000634217926 0.000205209755 0.0
0.000147371946 0.000232368911 0.0
0.000125943974 0.000213215186 0.0
0.000594196259 0.00015764244 0.0
0.000572560704 0.000131953406 0.0
-0.000157791204 0.000382713188 0.0
0.0 0.0 0.0
0.000855062681 0.0 0.0
0.000697271491 0.000382713188 0.0
0.000539506844 0.000255811872 0.0
0.000536053325 0.000256722618 0.0
0.000532524427 0.000256767293 0.0
0.000528907287 0.000255763036 0.0
0.000525387062 0.000254007813 0.0
0.000522191171 0.000251485471 0.0
0.000520682661 0.000248203636 0.0
0.00052026636 0.000244405877 0.0
0.000520389469 0.000240671099 0.0
0.000521473587 0.000237574 0.0
0.000523441762 0.000235113606 0.0
0.000529024343 0.000231990372 0.0
0.000532320119 0.000231369559 0.0
0.000535701343 0.000231578932 0.0
0.000539125293 0.000232640494 0.0
0.000542760419 0.000234425446 0.0
0.000546609226 0.000236841093 0.0
0.000549715362 0.000239750516 0.0
0.000551172881 0.000242739989 0.0
0.00055075431 0.000245566946 0.0
0.000549312681 0.000248426106 0.0
0.00054659578 0.000251055753 0.0
-0.000121284313 0.000250135461 0.0
-0.000117593925 0.000252957019 0.0
-0.000115884701 0.000256145926 0.0
-0.000115193536 0.000259763678 0.0
-0.000115431721 0.000263616879 0.0
-0.000116296258 0.000266909337 0.0
-0.000117914853 0.00026965476 0.0
-0.000122657031 0.000272356294 0.0
-0.000125635983 0.000272212317 0.0
-0.000128982618 0.00027170885 0.0
-0.000132605157 0.000270769582 0.0
-0.000136124785 0.000269497716 0.0
-0.000139652111 0.000267948606 0.0
-0.000142466874 0.00026567193 0.0
0.000711426197 0.000260756671 0.0
0.000712634472 0.000257923413 0.0
0.000714365277 0.000254258252 0.0
0.000716343464 0.000251262943 0.0
0.000718446565 0.000248767465 0.0
0.000720632204 0.000247238611 0.0
0.000723284786 0.000247067976 0.0
0.000726250932 0.0002477284 0.0
-5.54187864e-05 0.00036666129 0.0
-5.35917352e-05 0.000364727748 0.0
-5.12110892e-05 0.000363925501 0.0
-4.8316153e-05 0.000363724452 0.0
-4.49745821e-05 0.000363848958 0.0
-4.11435321e-05 0.000364297564 0.0
-3.72282921e-05 0.00036516547 0.0
-3.10516734e-05 0.000368167472 0.0
-2.99177846e-05 0.000370255875 0.0
-2.96200051e-05 0.00037281026 0.0
-2.99990425e-05 0.0003758643 0.0
-3.0750758e-05 0.000378890778 0.0
-3.26088739e-05 0.000381009158 0.0
-3.51312119e-05 0.000382488768 0.0
0.000115917755 2.28860267e-06 0.0
0.000112598456 2.86226737e-06 0.0
0.000109406385 2.61724313e-06 0.0
0.000106032545 1.97053077e-06 0.0
0.000103086248 6.26786743e-07 0.0
0.00010113453 -1.2562399e-06 0.0
0.000100358775 -3.79660082e-06 0.0
0.000100212397 -7.20555772e-06 0.0
0.000100340971 -1.05896606e-05 0.0
0.000126150597 0.000354292337 0.0
0.000123984501 0.000353461393 0.0
0.000122398473 0.000352287578 0.0
0.00012149231 0.000350449234 0.0
0.000121032055 0.000347543857 0.0
0.000121333534 0.000345438195 0.0
0.000122485872 0.000343914551 0.0
0.000124603845 0.000342660816 0.0
0.000132052635 0.000340832514 0.0
0.000135563008 0.000340593018 0.0
0.000138577932 0.000340688654 0.0
0.000140792981 0.00034079855 0.0
0.000142533609 0.000340692903 0.0
0.000144046964 0.000341079023 0.0
0.000144951598 0.000341985142 0.0
0.000145259735 0.000343908789 0.0
0.00030061623 -3.35821933e-05 0.0
0.000298183586 -3.11787189e-05 0.0
0.000295437203 -2.92494478e-05 0.0
0.000292488927 -2.80591885e-05 0.0
0.0002896839 -2.75705934e-05 0.0
0.000754127395 8.28149496e-05 0.0
0.000750305247 8.26884498e-05 0.0
0.000746371166 8.16724205e-05 0.0
0.000741345109 8.11650098e-05 0.0
0.000736248097 7.98916517e-05 0.0
0.000732490502 7.76675952e-05 0.0
0.000730554631 7.51410844e-05 0.0
0.000730156258 7.23284902e-05 0.0
0.000730944739 6.92772737e-05 0.0
0.000732484274 6.58683639e-05 0.0
0.000734987727 6.26716719e-05 0.0
0.000741836091 5.85057678e-05 0.0
0.000745797646 5.75713675e-05 0.0
0.000749733532 5.75968079e-05 0.0
0.000753476925 5.84993431e-05 0.0
0.000756868511 6.02593173e-05 0.0
0.000759322895 6.26268229e-05 0.0
0.000760818773 6.56944467e-05 0.0
0.000761624367 6.92406757e-05 0.0
0.000761822041 7.29727326e-05 0.0
0.000761184085 7.64363431e-05 0.0
0.000759859104 7.9490499e-05 0.0
0.000635145989 0.000340237224 0.0
0.000631615811 0.000340259168 0.0
0.000628250069 0.000339980033 0.0
0.000625618792 0.000338701124 0.0
0.000623731466 0.00033667052 0.0
0.000621891348 0.000333960867 0.0
0.000620475446 0.000330836687 0.0
0.000619961938 0.000328312424 0.0
0.000620474573 0.0003265462 0.0
0.000623842468 0.000323868589 0.0
0.000626568799 0.000322499021 0.0
0.000629600952 0.000321703788 0.0
0.000632879965 0.000321825384 0.0
0.00063610595 0.000322437554 0.0
0.000639793871 0.000323175191 0.0
0.000642867817 0.00032421737 0.0
0.000644780113 0.000325149536 0.0
0.000645588385 0.000327002635 0.0
-0.000209931284 0.000332295749 0.0
-0.000210527462 0.000334966782 0.0
-0.000211354811 0.000337091304 0.0
-0.00021270079 0.000338644488 0.0
-0.000214447966 0.000339367747 0.0
5.61456181e-05 0.000320514635 0.0
5.44772229e-05 0.000322263222 0.0
5.26868425e-05 0.000323310785 0.0
5.05253811e-05 0.000323509448 0.0
4.77375615e-05 0.000323118467 0.0
4.37072304e-05 0.000322372071 0.0
4.006975e-05 0.000320904102 0.0
3.7794598e-05 0.000319080893 0.0
3.67221801e-05 0.000316789519 0.0
3.67616012e-05 0.000314082019 0.0
3.69983427e-05 0.000310671603 0.0
3.76919525e-05 0.000307470909 0.0
4.06113104e-05 0.00030382257 0.0
4.29327556e-05 0.000303302775 0.0
4.57963361e-05 0.000303153676 0.0
4.93610823e-05 0.000302957895 0.0
5.3107553e-05 0.00030323636 0.0
5.67249954e-05 0.000303943845 0.0
5.87533032e-05 0.000305359543 0.0
5.97477265e-05 0.000307421666 0.0
6.0413644e-05 0.000310163741 0.0
6.05893947e-05 0.000312937394 0.0
6.02433756e-05 0.000315301935 0.0
5.93512268e-05 0.000317248399 0.0
0.000458010298 0.000334427692 0.0
0.000451776374 0.000334118929 0.0
0.00044562461 0.000332307507 0.0
0.000440243602 0.000329100527 0.0
0.000435730326 0.000324665918 0.0
0.000432606321 0.000319453276 0.0
0.000431118679 0.000313874683 0.0
0.000431701395 0.000308495481 0.0
0.000434133312 0.00030403788 0.0
0.000438306422 0.000301244785 0.0
0.000449244573 0.000300013402 0.0
0.000455006404 0.000300693937 0.0
0.000461034739 0.000302276167 0.0
0.000466944184 0.000304582674 0.0
0.000471791078 0.000308368442 0.0
0.000474357425 0.000312846474 0.0
0.000475037057 0.00031809244 0.0
0.000474692963 0.000323853106 0.0
0.000472527812 0.00032886531 0.0
0.000468739105 0.000332233263 0.0
0.000375930598 0.00013927363 0.0
0.000373863528 0.000139715092 0.0
0.000371337926 0.000140136617 0.0
0.000367511821 0.000140412376 0.0
0.000364358566 0.000140641656 0.0
0.000362106162 0.000139779673 0.0
0.000360041042 0.000137356183 0.0
0.000357955432 0.000134733476 0.0
0.000356399512 0.000132449379 0.0
0.000355708617 0.000129851978 0.0
0.000355688535 0.000127671708 0.0
0.000357783138 0.000125659571 0.0
0.000359592959 0.000125396211 0.0
0.000361820799 0.000125465347 0.0
0.00036466922 0.000125533872 0.0
0.000368016452 0.000125807637 0.0
0.000371311384 0.000126622486 0.0
0.000374014518 0.000128179134 0.0
0.000376125827 0.00013014875 0.0
0.000377663819 0.000132507877 0.0
0.000378333498 0.000134792936 0.0
0.000378208846 0.000136862931 0.0
4.0936724e-05 5.92782308e-05 0.0
4.4982422e-05 5.95633646e-05 0.0
4.87870893e-05 6.04624329e-05 0.0
5.17777626e-05 6.18081394e-05 0.0
5.35353101e-05 6.38611455e-05 0.0
5.4241129e-05 6.66643755e-05 0.0
5.45964394e-05 7.04629419e-05 0.0
5.44556133e-05 7.4159092e-05 0.0
5.31764308e-05 7.65520381e-05 0.0
4.82577707e-05 7.91829953e-05 0.0
4.48297869e-05 7.98327092e-05 0.0
4.05909777e-05 8.03354706e-05 0.0
3.64930784e-05 8.03148287e-05 0.0
3.30878938e-05 7.91981511e-05 0.0
3.0826377e-05 7.71540435e-05 0.0
2.90130156e-05 7.43015626e-05 0.0
2.76362171e-05 7.12039182e-05 0.0
2.68269305e-05 6.81703095e-05 0.0
0.000882528198 6.25895773e-05 0.0
0.000883890374 6.01793909e-05 0.0
0.000886216236 5.89151605e-05 0.0
0.000889148796 5.84223453e-05 0.0
-3.52999564e-06 0.000217863009 0.0
-9.50565845e-06 0.000216720233 0.0
-1.5425494e-05 0.000214516796 0.0
-2.16137851e-05 0.000211644103 0.0
-2.7253991e-05 0.000207890334 0.0
-3.12635129e-05 0.000203214498 0.0
-3.31943556e-05 0.000198036971 0.0
-3.31918163e-05 0.000192558145 0.0
-3.17978083e-05 0.000186881196 0.0
-2.85863589e-05 0.000182096686 0.0
-2.3753837e-05 0.00017878291 0.0
-1.15909397e-05 0.000175583918 0.0
-4.97479868e-06 0.000175551744 0.0
1.4653574e-06 0.000176809976 0.0
6.94702885e-06 0.000179462106 0.0
1.10665314e-05 0.000183274664 0.0
1.36062899e-05 0.000188313381 0.0
1.47880273e-05 0.000194083696 0.0
1.46506181e-05 0.000200003007 0.0
1.31037941e-05 0.000205617704 0.0
1.03088614e-05 0.00021064769 0.0
6.5998247e-06 0.000214647225 0.0
0.000184669974 0.000100161065 0.0
0.000181691968 9.99852564e-05 0.0
0.000178314411 9.94173315e-05 0.0
0.000174490793 9.84822909e-05 0.0
0.000170627129 9.70433175e-05 0.0
0.000167064572 9.49896857e-05 0.0
0.00016437954 9.25353088e-05 0.0
0.000162608296 8.96240235e-05 0.0
0.000161812859 8.65887559e-05 0.0
0.000161709351 8.34222083e-05 0.0
0.000162808341 8.12294093e-05 0.0
0.000167454666 7.88681646e-05 0.0
0.000170826199 7.84245567e-05 0.0
0.000174677756 7.82476054e-05 0.0
0.000178635994 7.8740246e-05 0.0
0.0001822583 8.03106086e-05 0.0
0.000185221666 8.24578674e-05 0.0
0.000187712591 8.50027354e-05 0.0
0.000189104685 8.80005464e-05 0.0
0.000189769038 9.13522672e-05 0.0
0.000189854065 9.476368e-05 0.0
0.000189114609 9.77868767e-05 0.0
0.000370560912 0.000169843595 0.0
0.000370168564 0.000171905311 0.0
0.000369060959 0.000173714885 0.0
0.000367226545 0.000175247435 0.0
0.000364294392 0.00017648183 0.0
0.000360902486 0.000177129783 0.0
0.000357061159 0.000177209033 0.0
0.000354170741 0.000176631176 0.0
0.000352492527 0.000176470057 0.0
0.000351237773 0.000176171539 0.0
0.000350471033 0.000174321569 0.0
0.000351204217 0.000172609711 0.0
0.000353111565 0.000169837265 0.0
0.000355533703 0.000167084188 0.0
0.000357633689 0.000164666984 0.0
0.000359934551 0.00016402961 0.0
0.000363045023 0.000164465324 0.0
0.000366516266 0.000164589932 0.0
0.000368492823 0.000165168996 0.0
0.000369870511 0.000166172118 0.0
0.000653574243 0.000218696106 0.0
0.000651214388 0.000219903988 0.0
0.00064861821 0.000220034795 0.0
0.00064548396 0.000219294758 0.0
0.000641961698 0.000218146728 0.0
0.000637746416 0.000216521032 0.0
0.000634144235 0.000215297448 0.0
0.00063211855 0.000213623673 0.0
0.00063154829 0.000212068917 0.0
0.00063162396 0.000210133323 0.0
0.000632749172 0.000207896897 0.0
0.000636070443 0.000202852811 0.0
0.000638121215 0.000200795243 0.0
0.000640147657 0.000199687856 0.0
0.000642594416 0.000199962567 0.0
0.000644910557 0.000201441537 0.0
0.000647640787 0.000203521791 0.0
0.000651022478 0.000205509539 0.0
0.000654053525 0.000208025245 0.0
0.000655949698 0.000210476632 0.0
0.000656479213 0.000212448474 0.0
0.000656222168 0.000214295666 0.0
0.00014401853 0.000232894483 0.0
0.000140273172 0.00023336368 0.0
0.000135990238 0.000233700135 0.0
0.000131292632 0.00023368439 0.0
0.000127148523 0.000232782841 0.0
0.000124092388 0.000231047758 0.0
0.000122431084 0.000228608915 0.0
0.000121735466 0.000225336495 0.0
0.000121616613 0.000221494076 0.0
0.000122253434 0.000217968627 0.0
0.00012370375 0.000215099513 0.0
0.000128828848 0.000212407074 0.0
0.000132335248 0.000212578394 0.0
0.000136252012 0.000213699284 0.0
0.000140550052 0.000214399493 0.0
0.000144949372 0.00021575726 0.0
0.000148653111 0.000218181478 0.0
0.000151184242 0.000220914546 0.0
0.000152910827 0.000223928611 0.0
0.000153414527 0.000227137556 0.0
0.000152239125 0.000229424302 0.0
0.000150193839 0.00023117286 0.0
0.00059065473 0.000159565476 0.0
0.000587081478 0.000161070464 0.0
0.000583663292 0.000161472111 0.0
0.000580214779 0.000160527838 0.0
0.000576954044 0.000158180294 0.0
0.000574120902 0.000154672583 0.0
0.000570649398 0.000150967651 0.0
0.000567597104 0.000146960825 0.0
0.000566103321 0.000143053039 0.0
0.000565925147 0.000139480078 0.0
0.000567304494 0.000136578208 0.0
0.000569425058 0.000133996364 0.0
0.000576246122 0.000130978791 0.0
0.000580356806 0.000131246838 0.0
0.000584643683 0.000132017536 0.0
0.000589030969 0.000132899775 0.0
0.000594524143 0.000134041169 0.0
0.000598946295 0.000136333241 0.0
0.000601959648 0.000139209194 0.0
0.00060310954 0.000141983721 0.0
0.000603055989 0.000145166356 0.0
0.000601987413 0.000148540377 0.0
0.000600104686 0.00015210647 0.0
0.00059740874 0.000155221656 0.0
-0.000157074741 0.000363145518 0.0
-0.00017351014 0.000347231544 0.0
-0.000163965262 0.000215752574 0.0
-0.000156515278 0.000201186078 0.0
-0.000117951095 0.000198810594 0.0
-7.30830943e-05 0.000198541878 0.0
-5.31414262e-05 0.000195086672 0.0
-5.2407373e-05 0.000182645046 0.0
-5.48250609e-05 0.000165871883 0.0
-5.20777321e-05 0.000140177202 0.0
-3.74127267e-05 0.000112879294 0.0
-1.16917854e-05 8.47365081e-05 0.0
-2.70358596e-05 7.34325513e-05 0.0
-3.28328642e-05 6.31820003e-05 0.0
-2.252577e-05 4.40934127e-05 0.0
-9.82245365e-06 2.23275729e-05 0.0
4.48153078e-05 -7.48660932e-06 0.0
0.000181485084 -1.3717623e-05 0.0
0.000234614272 -2.0573425e-05 0.0
0.00036907068 -4.96096545e-05 0.0
0.000430698245 -6.43972016e-05 0.0
0.000486856385 -5.85203452e-05 0.0
0.000535320025 -5.00496753e-05 0.0
0.000571306795 -4.33853602e-05 0.0
0.000591921387 -3.87135296e-05 0.0
0.000614291755 -2.8931514e-05 0.0
0.000646066619 -1.79125145e-05 0.0
0.000683326449 -7.35746107e-06 0.0
0.000717670948 4.24622931e-06 0.0
0.000745567435 1.97479185e-05 0.0
0.000762211857 2.97107617e-05 0.0
0.000768205617 3.08365925e-05 0.0
0.000770508719 2.29592897e-05 0.0
0.000783265801 1.60340132e-05 0.0
0.000813635241 9.03018281e-06 0.0
0.000845240254 2.23275729e-05 0.0
0.000832536956 4.40934127e-05 0.0
0.000822229835 6.31820003e-05 0.0
0.000828026852 7.34325513e-05 0.0
0.000843370915 8.47365081e-05 0.0
0.000817649998 0.000112879294 0.0
0.000802984985 0.000140177202 0.0
0.000800237642 0.000165871883 0.0
0.000802655355 0.000182645046 0.0
0.000801921298 0.000195086672 0.0
0.000781979586 0.000198541878 0.0
0.000737111608 0.000198810594 0.0
0.000698547403 0.000201186078 0.0
0.000691097463 0.000215752574 0.0
0.00068155257 0.000347231544 0.0
0.000697987969 0.000363145518 0.0
0.000655844051 0.000391743379 0.0
0.000625474611 0.000398747216 0.0
0.000612717529 0.000405672501 0.0
0.000610414427 0.000413549802 0.0
0.000604420668 0.000412423949 0.0
0.000587776245 0.000402461126 0.0
0.000559879758 0.000386959437 0.0
0.000525535201 0.000375355739 0.0
0.000488275429 0.000364800682 0.0
0.000456500566 0.000353781681 0.0
0.000434130168 0.00034399968 0.0
0.000413515576 0.000339327846 0.0
0.000377528835 0.000332663534 0.0
0.000329065195 0.000324192864 0.0
0.000272907026 0.000318315986 0.0
0.00021127949 0.000333103555 0.0
7.68230748e-05 0.000362139777 0.0
2.36938813e-05 0.000368995563 0.0
-0.000112975889 0.000375226577 0.0
0.0002920712 0.000271719153 0.0
0.000541815127 6.5204149e-05 0.0
0.000323004409 0.000310754578 0.0
0.000449553976 2.91328997e-05 0.0
0.000201522664 0.000260264584 0.0
0.000376877462 0.00023598774 0.0
0.000202871233 0.000302761036 0.0
0.000351953349 4.18949894e-05 0.0
0.000676759228 0.000231555867 0.0
0.000533380662 0.00010774182 0.0
0.000508710917 0.000180521572 0.0
5.59988439e-06 0.000258086424 0.0
0.000745673606 0.000112531961 0.0
0.000241311645 0.000151458487 0.0
0.000707588799 0.000151754517 0.0
0.000629820628 2.97194711e-05 0.0
0.000387368083 0.00026849602 0.0
0.000282856054 5.83923538e-05 0.0
0.000103372848 0.00016788517 0.0
-0.000128616331 0.00032944401 0.0
0.000359165133 0.000156346112 0.0
0.000285404298 0.000223923576 0.0
0.000202989249 0.000285161776 0.0
0.000620755192 7.65898512e-05 0.0
0.000618588529 0.000264667906 0.0
0.000467126345 8.79528234e-05 0.0
0.000523078314 9.50707363e-06 0.0
0.000416201627 0.000277933868 0.0
-5.89426236e-05 0.000306843081 0.0
0.000401356432 -8.56010047e-06 0.0
0.000149409883 0.000154525187 0.0
7.32933986e-05 0.000123164165 0.0
0.000305737194 0.000349831855 0.0
0.000394899747 6.23333035e-05 0.0
0.00043792589 0.000218618559 0.0
0.000272851292 0.000187101308 0.0
8.44859096e-05 0.000148446881 0.0
0.000233826475 0.000323031505 0.0
0.000424967817 0.000247660966 0.0
0.000136662784 0.000275195693 0.0
0.000467427453 0.000189837359 0.0
0.000217566863 0.000223736773 0.0
0.000285121932 0.000293558493 0.0
0.000218573288 1.46356688e-05 0.0
0.000273125363 0.000253893348 0.0
0.000624293752 9.43210471e-05 0.0
0.000253161241 3.76787029e-05 0.0
0.000726338825 0.000182447766 0.0
0.00032231005 7.94416046e-05 0.0
-3.78381192e-05 0.000250654761 0.0
0.000132802132 0.000310231524 0.0
-2.66783845e-05 0.000286556315 0.0
0.000581237604 9.8388191e-06 0.0
0.000474087894 0.000157808492 0.0
0.000491045008 0.000139178796 0.0
3.71526003e-05 2.3867964e-05 0.0
0.000361914077 0.000148354258 0.0
4.09986642e-05 0.000226477598 0.0
0.000679489051 2.43353497e-05 0.0
0.000751868065 0.000126121988 0.0
0.000424982543 7.79511829e-05 0.0
0.000471819803 -1.53631445e-05 0.0
0.000190454826 0.000171126623 0.0
0.000257995445 0.00011500762 0.0
0.000677038799 0.000137430907 0.0
0.000494605862 4.70152954e-05 0.0
0.000283420522 0.000109209941 0.0
0.000172529035 2.48669439e-05 0.0
0.000539925357 0.000340421684 0.0
0.000661482976 0.000171712018 0.0
0.000235903091 3.10130235e-05 0.0
0.000142509321 0.000289150863 0.0
0.000792754348 8.65117108e-05 0.0
0.000665957399 5.8205118e-05 0.0
5.79774824e-05 0.000253967155 0.0
0.000686809653 0.00011987194 0.0
0.000460791955 0.000118273929 0.0
0.000377025106 0.00031451456 0.0
-3.92516667e-05 0.000284214184 0.0
0.000140538803 0.000301500695 0.0
0.000564032991 0.000201482253 0.0
0.000349752547 0.000254879735 0.0
-2.89867467e-06 0.000123362421 0.0
0.000575225509 0.000185404235 0.0
0.000312744 2.39183537e-05 0.0
0.000545302348 0.000311752199 0.0
0.000348275848 0.000217301276 0.0
-0.000131366629 0.000351036229 0.0
0.000666893378 0.0002753484 0.0
0.000592950848 0.000284950394 0.0
0.000360899227 -3.21882021e-06 0.0
0.000450246298 0.000206511235 0.0
0.000108462176 5.48684911e-05 0.0
0.000443002558 0.00023474099 0.0
8.11330392e-05 0.000205449673 0.0
0.000443761353 0.000194322696 0.0
0.000274563703 0.000187957179 0.0
0.000234205276 0.00028746904 0.0
0.000525502663 8.52092926e-05 0.0
0.000445757905 0.000258388289 0.0
0.000205046555 0.00013457633 0.0
0.00036710134 8.14653467e-05 0.0
0.000671578397 0.000228856152 0.0
0.000235487125 0.000185604018 0.0
-0.000157053044 0.000311332289 0.0
0.000660067424 0.000246584823 0.0
0.000299101521 0.000139943775 0.0
0.000553078367 0.000114926363 0.0
0.000463142962 0.000270706863 0.0
0.000840183639 6.51752271e-05 0.0
0.000604738132 5.4511951e-05 0.0
4.37810813e-05 0.000362176099 0.0
-1.78065002e-05 0.000321617175 0.0
-7.05937346e-05 0.000332978554 0.0
-0.000100209734 0.000300958985 0.0
0.00027910684 0.00029343777 0.0
0.00013465446 0.000138797011 0.0
0.000370046357 0.000287814124 0.0
0.000687706401 0.000235791173 0.0
0.000595693302 0.000244504772 0.0
-4.58550858e-05 0.000267740164 0.0
3.99438759e-05 0.000134919115 0.0
0.000258343556 0.00021507476 0.0
0.000250738609 0.00026901465 0.0
0.000791881932 9.52302289e-05 0.0
0.000445160986 0.000169477906 0.0
0.000455262896 0.000142880468 0.0
0.000235997039 0.000342136773 0.0
0.000302505621 0.000358431571 0.0
0.000684746308 0.000233064507 0.0
0.000359168858 0.000152547655 0.0
0.000327754533 0.000276733073 0.0
0.000170515632 0.000249950215 0.0
0.000761545496 0.000154783469 0.0
0.000127900057 0.000182445423 0.0
0.000307252863 0.000239880959 0.0
0.0004476826 0.000250483747 0.0
6.26464971e-05 0.000182678428 0.0
0.000651289651 0.00015128644 0.0
0.000178379574 0.000320493418 0.0
0.000638159574 7.16852855e-06 0.0
0.000665325962 8.02329596e-05 0.0
0.000522835588 0.000204149284 0.0
0.000121625839 0.000130161992 0.0
0.000554698869 3.12233533e-05 0.0
0.000243088798 7.8801284e-05 0.0
9.30632305e-05 8.29685305e-05 0.0
0.000657672354 0.000100882593 0.0
0.000689748325 4.57395217e-05 0.0
0.000409721717 2.90280223e-05 0.0
0.000808352197 7.81042909e-05 0.0
0.000444428006 -3.65617962e-05 0.0
0.000564036309 9.0031921e-05 0.0
0.000748745864 0.000201643372 0.0
0.000287826668 1.90516457e-05 0.0
0.000455182511 0.00014550866 0.0
5.31205915e-05 0.000159494899 0.0
1.54834306e-05 0.000282607798 0.0
0.000156858558 4.1556239e-05 0.0
0.000101866441 0.000119061304 0.0
5.34894352e-05 0.000357679761 0.0
0.000103803781 0.000274007878 0.0
6.44668253e-05 0.00023346681 0.0
0.000240209585 0.00023737282 0.0
0.000802685914 4.85245801e-05 0.0
0.000315831538 0.000205260032 0.0
0.000575741986 0.000363143045 0.0
-6.89631415e-05 0.000241143585 0.0
0.000427458232 0.000333719043 0.0
0.000573105179 0.000301010208 0.0
0.000175903289 0.000129168708 0.0
-2.57378679e-06 9.61753831e-05 0.0
0.000578553183 0.000290907861 0.0
-0.000143950063 0.000358197809 0.0
0.000112912283 0.000303080742 0.0
0.000425877137 0.00011109325 0.0
0.000375449454 0.000259515102 0.0
0.000743757468 0.000105884479 0.0
0.000250533805 0.000307138165 0.0
0.0001965376 9.3267704e-07 0.0
-3.75346608e-05 0.000296563201 0.0
-0.000131128836 0.000347139721 0.0
0.000385235442 0.000208210637 0.0
3.19617575e-05 1.0796708e-05 0.0
0.000108557433 0.000321820349 0.0
0.000131778608 4.79693663e-05 0.0
-0.000115648458 0.000355212716 0.0
0.000628426962 0.00028771293 0.0
0.000496397726 0.000346328627 0.0
-3.86052998e-05 0.000274913036 0.0
0.000551828765 -1.12406397e-05 0.0
9.243776e-05 0.000336551719 0.0
0.000663410116 0.00013271939 0.0
-9.56161457e-05 0.000213811305 0.0
0.000684587925 0.000183601631 0.0
0.000432467903 0.000289793708 0.0
0.000579692132 0.000263777561 0.0
0.000529306591 0.000167204809 0.0
-0.000162389057 0.000335386547 0.0
-4.05016226e-06 0.00023419621 0.0
0.00019103114 0.000276047387 0.0
0.000456112 5.78843974e-05 0.0
0.000707623374 2.23348761e-05 0.0
0.00036856209 0.000151527187 0.0
0.00048507395 1.84985129e-05 0.0
0.000286423136 0.000331627118 0.0
-8.18695189e-05 0.000284750131 0.0
0.000321611966 0.000159758842 0.0
8.05018062e-05 0.000258797023 0.0
0.000375842792 -2.63727634e-05 0.0
0.000285021204 0.000299327541 0.0
0.000517654698 -2.05469296e-05 0.0
0.000234433683 0.000182224292 0.0
0.000479714625 0.000151456712 0.0
-9.09011069e-05 0.000347602414 0.0
0.000590254844 0.000196248526 0.0
0.000330220908 0.000290383119 0.0
0.000373807561 2.15628297e-05 0.0
0.000437574403 3.26410685e-07 0.0
0.00050316978 7.15438e-05 0.0
0.000320034771 5.35838699e-05 0.0
1.62557608e-05 0.000130681961 0.0
0.000108150984 0.000295965903 0.0
-0.000127558204 0.000301108608 0.0
0.000549335382 0.000321245694 0.0
0.000447341823 0.000136307121 0.0
0.000576475577 9.73396454e-05 0.0
8.83247503e-06 4.42168384e-05 0.0
2.64236478e-05 0.000137399475 0.0
0.00066030724 0.000357405777 0.0
-1.36569961e-05 0.000301947352 0.0
0.000474650238 0.000255191087 0.0
0.000481097057 0.00022692488 0.0
0.000826389529 6.42325831e-05 0.0
0.000464182929 0.000148998064 0.0
0.000104929008 0.000308745046 0.0
0.000424263766 5.34677565e-05 0.0
0.000296013139 0.000347697525 0.0
0.000158307826 0.000181853407 0.0
6.82365499e-05 1.9332032e-05 0.0
0.000221698094 0.000200006718 0.0
0.000362138526 0.000151409928 0.0
0.000679591729 6.86863204e-05 0.0
-0.000133102527 0.000354577176 0.0
0.0002538767 -4.1438725e-06 0.0
0.000347678608 0.000152611421 0.0
4.59915791e-05 0.000369305664 0.0
0.000599161547 3.53214709e-05 0.0
0.000365347252 0.000304399582 0.0
0.000157198636 4.0601094e-06 0.0
0.000509504869 0.000289260322 0.0
0.000383757841 9.50302929e-05 0.0
0.00058036705 6.95970739e-05 0.0
0.000655700511 0.000116901858 0.0
7.53655186e-05 0.000347001711 0.0
0.000195653702 0.000198214417 0.0
0.000371253176 0.0003302439 0.0
0.000502098701 0.000210516504 0.0
0.00013709988 3.75806376e-05 0.0
5.53696336e-05 0.000208205223 0.0
0.000440053176 0.000338878337 0.0
0.000108782711 8.37312546e-05 0.0
0.000603732246 -7.10502673e-06 0.0
0.000680200872 0.000288861163 0.0
0.000589792209 0.000217302877 0.0
0.000602217682 0.000181013238 0.0
0.000238472523 0.00035304483 0.0
0.000286353228 8.70978329e-05 0.0
5.83478213e-05 0.000102194121 0.0
0.000271626806 9.31467512e-05 0.0
-4.47158709e-05 0.000333530887 0.0
0.000288263604 0.000322452805 0.0
0.000794913271 0.000107590771 0.0
0.000308093964 0.000257181877 0.0
-1.90361698e-05 0.000145790662 0.0
0.000417165196 0.000327719987 0.0
5.64195361e-05 0.000364552485 0.0
0.000400067773 0.000198759837 0.0
0.000189791041 0.000295420235 0.0
0.000441004231 0.000149176558 0.0
0.000322711276 0.000104668077 0.0
0.000104036109 7.55899891e-05 0.0
3.10659743e-07 0.00033547479 0.0
0.000835517538 7.31596156e-05 0.0
0.000473262277 0.000238354842 0.0
0.000175084569 0.000261954381 0.0
-0.000177482361 0.000303092325 0.0
0.00022365812 0.000113827176 0.0
0.000361152779 0.000153672489 0.0
0.000266077404 0.000106843916 0.0
0.000684627332 0.000229630168 0.0
0.000683523889 0.000238297609 0.0
0.000265904673 0.000126348459 0.0
0.000790230697 3.83503102e-05 0.0
-1.72714078e-06 5.87418035e-05 0.0
0.000394420495 0.000225022159 0.0
8.80784573e-05 3.8968763e-05 0.0
0.000625510758 0.000175995374 0.0
0.000477826863 0.000210899976 0.0
0.000188453909 0.000329737406 0.0
0.00069976307 0.000168223851 0.0
0.000832966412 6.32283845e-05 0.0
0.000337766309 0.000303520035 0.0
0.000765560137 0.000178395014 0.0
8.6603497e-05 0.000333389326 0.0
0.00061849301 0.000186180478 0.0
0.00023007649 5.04480122e-05 0.0
0.000310022006 0.000151899803 0.0
0.000373353629 5.18347915e-05 0.0
0.000488027814 0.000270827586 0.0
0.000542347145 0.000330906012 0.0
0.000603850989 0.000372417242 0.0
0.000264255621 0.000164312252 0.0
0.000416823139 0.000177606256 0.0
0.000321581669 -4.05361197e-06 0.0
0.000197065121 4.14597816e-05 0.0
0.000459473551 0.000133876863 0.0
0.000156595153 0.000303956826 0.0
0.0002600156 1.44094811e-05 0.0
0.000305413269 0.000179291499 0.0
-1.28260604e-06 0.000247711258 0.0
0.000715797476 0.00012560653 0.0
0.000214516302 4.26170845e-05 0.0
0.000732610759 0.00020831135 0.0
0.000256986939 0.000210909173 0.0
-4.86660683e-05 0.000295456062 0.0
0.000388531946 0.000245407224 0.0
0.000776085129 0.000132802699 0.0
2.48614197e-05 0.000128542189 0.0
0.000219369089 0.000318469189 0.0
9.2509872e-05 0.00027197774 0.0
0.000235306783 0.000259114924 0.0
0.000278070482 0.00031660503 0.0
0.000764313852 4.76010609e-05 0.0
-7.73097054e-05 0.000258117856 0.0
6.37949124e-05 0.000217931651 0.0
0.00010996186 8.56062688e-05 0.0
-4.79817354e-05 0.000285753486 0.0
4.97420333e-05 0.000176299727 0.0
0.000337196456 0.000327750487 0.0
3.96486066e-05 0.00015913033 0.0
0.000141349825 0.000319612736 0.0
0.000761775649 4.62557218e-05 0.0
0.000133625595 0.000258987828 0.0
0.000380887766 0.000317075726 0.0
0.000582975568 0.000234743871 0.0
-0.000101689031 0.000194728374 0.0
0.000208913814 0.000312337506 0.0
0.00028420132 0.000120058357 0.0
0.000241047834 0.000296244281 0.0
9.18042424e-05 0.000158783223 0.0
0.000349466165 9.47031949e-05 0.0
0.000529325102 4.75722954e-05 0.0
0.000765971665 4.18090531e-05 0.0
0.000606410787 0.000111287372 0.0
8.88489812e-05 0.000334712066 0.0
8.69818468e-05 7.48588718e-05 0.0
0.000431356224 0.000331155112 0.0
0.000278431165 0.000283277652 0.0
0.00049324584 0.000186260266 0.0
0.000275687373 1.0102236e-05 0.0
0.000630636117 0.000246419571 0.0
0.000442107092 0.000337683974 0.0
0.000680244295 0.00025726264 0.0
0.000108910885 0.000195289103 0.0
0.000515488093 0.000153381508 0.0
0.000111252033 7.62529089e-05 0.0
0.000610623509 1.53933142e-05 0.0
0.00033685207 -2.47889584e-05 0.0
0.000635652686 0.000146335893 0.0
0.000333718897 0.000265391573 0.0
0.000243225906 0.00010286882 0.0
0.000262869871 0.000127894033 0.0
0.000708269188 0.000139159718 0.0
9.7401673e-05 0.000308395742 0.0
0.000343540363 6.4792046e-05 0.0
0.00053400849 0.000135677939 0.0
8.24416275e-05 0.000217942157 0.0
0.000425668142 0.000160827985 0.0
0.000179745548 0.00015473798 0.0
0.000405638828 -4.08759588e-05 0.0
-6.53816751e-05 0.000277597341 0.0
0.000294823869 0.000303993584 0.0
0.000115390751 9.79606339e-05 0.0
0.000264171074 4.53965804e-05 0.0
4.85518358e-05 0.000205055054 0.0
0.00053686637 0.00036118069 0.0
0.000537763233 0.000320374995 0.0
1.51956465e-05 9.92384739e-05 0.0
0.000630279013 6.42651721e-05 0.0
0.000228868608 6.57645214e-05 0.0
0.000682478771 0.000237694883 0.0
0.000547166739 0.000336956087 0.0
0.000110529705 7.24229758e-05 0.0
0.000158907715 0.000277397572 0.0
7.87584486e-06 0.000294871774 0.0
0.000698139484 0.000196250316 0.0
6.18861595e-05 6.8626091e-06 0.0
0.000741241267 0.000140677977 0.0
0.000339714403 1.95056618e-05 0.0
0.000270494173 0.000242035458 0.0
0.000653784606 0.000297038438 0.0
0.00040191412 0.000103579063 0.0
0.000610619027 8.72988821e-05 0.0
0.000761643227 0.000112625763 0.0
0.000181505791 0.000230066784 0.0
4.07182924e-05 3.58768921e-05 0.0
0.000671324262 4.69265706e-06 0.0
0.000484254007 0.000245673087 0.0
0.000204016033 0.000245418283 0.0
0.000733562338 3.2603868e-05 0.0
0.000260300614 0.000218785135 0.0
0.000494701788 0.000124804632 0.0
0.000214866435 0.000153797402 0.0
0.000763860007 4.19505777e-05 0.0
0.000481557043 9.88519241e-05 0.0
1.65889287e-05 0.000356364559 0.0
0.000498303911 0.00027679262 0.0
0.000483497046 0.000240782392 0.0
0.000423650024 0.000192295905 0.0
0.000169787629 0.000197111658 0.0
9.85456791e-06 2.95895479e-05 0.0
0.000302831002 0.00012457995 0.0
0.000418472162 0.000127573338 0.0
0.000228661942 -6.5486106e-06 0.0
-6.9413938e-05 0.000228264922 0.0
0.000127417792 0.000160579162 0.0
0.00040337161 0.000271029683 0.0
0.000371034374 0.000334608427 0.0
-0.000173223147 0.000344366737 0.0
0.000124980739 0.000115583753 0.0
0.000266640272 0.000133446505 0.0
0.000491514336 -3.63905929e-05 0.0
0.000441897864 0.000144881953 0.0
-8.38961059e-05 0.000276010367 0.0
0.000697295298 0.000204763826 0.0
0.00049952144 0.000170494153 0.0
0.000265664537 0.00017598446 0.0
0.000705376035 5.96479367e-05 0.0
-1.35115488e-05 0.00027404775 0.0
8.91376476e-05 0.000267067662 0.0
0.000146711172 1.80133011e-05 0.0
0.000580237072 -1.4285667e-05 0.0
0.000711826491 3.95111674e-05 0.0
0.000540761859 0.000184711331 0.0
-3.40799161e-05 0.000183585027 0.0
0.000539030065 0.000282111228 0.0
-0.000112155372 0.000285690563 0.0
0.0002946803 0.000108481428 0.0
0.000346677494 0.000244430819 0.0
0.000613410026 0.00017884835 0.0
0.000156639304 0.000123013189 0.0
0.000640082464 0.000133432419 0.0
0.000486063043 0.00022042355 0.0
8.64527465e-05 0.000236878026 0.0
0.000503276766 0.000106252854 0.0
0.000406675623 7.74665968e-05 0.0
-3.59733131e-05 0.000231202823 0.0
0.000821494963 2.34205836e-05 0.0
-3.82741273e-05 0.000184648306 0.0
0.000594934914 0.000228858553 0.0
4.24491736e-06 0.000342621846 0.0
-0.000123128484 0.000364950014 0.0
0.000677724427 9.8108474e-05 0.0
0.000563492358 0.000170082931 0.0
0.000552254554 1.02734093e-05 0.0
-9.82801503e-05 0.000319908489 0.0
0.000232652252 0.000101382997 0.0
2.99933672e-05 0.000243498842 0.0
-0.000183044904 0.000325532106 0.0
-8.10300699e-05 0.000224405274 0.0
0.000799541071 6.19939674e-05 0.0
0.000604577595 0.000274193211 0.0
2.55721297e-05 0.000117908618 0.0
0.000441434036 8.62521265e-05 0.0
0.000179224095 5.40739929e-05 0.0
0.000640641607 0.000373609684 0.0
0.000348226458 0.000230810678 0.0
0.000403905666 0.000150706896 0.0
0.00065971911 3.20758518e-05 0.0
0.000814095431 6.99784869e-05 0.0
-3.83227307e-05 0.000183671611 0.0
0.000687569322 8.19178822e-05 0.0
0.000411703804 0.000306716043 0.0
0.000640608778 4.61983436e-05 0.0
0.000525644107 0.000191465006 0.0
0.000475800189 0.000151866407 0.0
-2.66597567e-07 0.000150705251 0.0
0.000584545021 0.000223326249 0.0
0.0007560784 0.000104760933 0.0
4.55748086e-05 0.000274919235 0.0
0.000497723464 0.000283128757 0.0
0.00021430917 0.000212046696 0.0
-0.000135497365 0.000346532237 0.0
0.00035828774 0.00020173534 0.0
0.000211909675 5.82272987e-05 0.0
0.000172324304 0.000309737778 0.0
0.000105197003 0.000302264147 0.0
0.000570233795 5.03093615e-05 0.0
1.84040655e-05 0.000220676389 0.0
0.000312634453 0.000118433825 0.0
0.000708209467 0.000106038504 0.0
0.000464546058 0.000344830885 0.0
0.000648670422 0.000262757909 0.0
0.000568463409 0.000287543779 0.0
0.000671059068 0.000160439391 0.0
-9.79479591e-05 0.000359560479 0.0
-7.17452713e-05 0.000284021255 0.0
0.000502680079 0.000331739313 0.0
0.000691165216 0.000267303549 0.0
0.000630050316 0.000162910612 0.0
2.7832466e-05 0.000259558379 0.0
0.000575761369 0.000339258258 0.0
0.000676076859 0.000375702017 0.0
0.000286124938 0.000207624995 0.0
1.39847134e-05 0.000368243316 0.0
0.000477263355 6.794621e-05 0.0
0.000561451481 0.000269597775 0.0
7.73426509e-05 2.71489571e-05 0.0
7.78170579e-05 0.000188339312 0.0
0.000612972479 0.000305048859 0.0
0.000150175154 0.000296890357 0.0
0.000713205955 0.000119331307 0.0
0.000262819027 8.28236253e-08 0.0
2.35225116e-06 0.000349047652 0.0
0.000733006455 0.000167209568 0.0
-2.72961533e-05 0.000126071143 0.0
9.33666233e-05 0.00029235144 0.0
0.000755231245 3.85356871e-05 0.0
2.93603193e-06 0.000292987621 0.0
1.2071921e-06 0.000347569934 0.0
0.000253911974 0.000277973071 0.0
0.00047602682 0.000145748578 0.0
0.00055765477 0.000216539498 0.0
0.000498388428 -1.62883953e-06 0.0
1.61800508e-05 6.0518023e-06 0.0
0.000409029308 0.000257342705 0.0
0.000584277615 0.000321203319 0.0
0.000775132037 8.73410099e-05 0.0
9.06826608e-05 0.000316326099 0.0
-2.85547649e-05 0.000160410054 0.0
0.000517296256 3.0988489e-05 0.0
0.000192732623 0.000115353883 0.0
0.00060054101 0.000174675777 0.0
0.000461861142 7.94373682e-06 0.0
0.000397423282 0.000298238039 0.0
0.000233149127 0.000133260532 0.0
-4.31680564e-06 0.000350251823 0.0
0.000320063991 0.000224360716 0.0
7.97258181e-05 0.00033244412 0.0
0.000216554035 0.000198069451 0.0
0.000303041044 1.76528897e-06 0.0
0.000242631984 0.000226237258 0.0
-2.96455964e-05 0.000343128719 0.0
0.000471482199 3.84720915e-05 0.0
5.74104961e-05 0.000205215474 0.0
0.00015308967 0.000291231729 0.0
0.000225385564 0.00017288106 0.0
6.53876268e-05 -3.14854924e-06 0.0
0.000236755877 1.79132803e-05 0.0
