-2.14108095e-05 -0.000108169872 0.0
-2.53891703e-05 -0.000140797056 0.0
-2.98659161e-05 -0.000133165333 0.0
-1.59306364e-05 -0.000118492186 0.0
-0.000148056832 -0.000116888732 0.0
-0.000136509203 -0.000113142785 0.0
-0.000130142449 -0.000110411951 0.0
-0.000134510366 -0.000105192499 0.0
1.86314464e-05 -0.000110411951 0.0
1.22647016e-05 -0.000113142785 0.0
7.17070577e-07 -0.000116888732 0.0
-0.000178545539 -0.000159746603 0.0
-0.000181358206 -0.000175706082 0.0
-0.000183190903 -0.000189725688 0.0
-0.00015439064 -0.000170494968 0.0
1.14485038e-05 -1.65728834e-05 0.0
1.32811874e-05 -2.55327654e-06 0.0
1.60938635e-05 1.34061947e-05 0.0
-0.00013127565 -0.000156572438 0.0
-0.000133370966 -0.000160103315 0.0
-0.000135753638 -0.000163653924 0.0
-0.000120530196 -0.000154518537 0.0
5.8885762e-05 9.49888181e-06 0.0
6.1268438e-05 1.30494927e-05 0.0
6.33637464e-05 1.65803667e-05 0.0
0.000100901219 -1.30416101e-05 0.0
9.50292888e-05 -4.7451038e-05 0.0
9.10814342e-05 -3.74004376e-05 0.0
0.000104012179 -1.94199056e-05 0.0
-2.98153227e-05 -0.000136821938 0.0
-4.00071149e-05 -0.000140352786 0.0
-4.80933231e-05 -0.000143133031 0.0
-4.7034926e-05 -0.000161654432 0.0
-0.00019686723 -0.000143133031 0.0
-0.000188781021 -0.000140352786 0.0
-0.000178589224 -0.000136821938 0.0
-0.000118090604 -0.000125865481 0.0
-0.000122010373 -0.000148098436 0.0
-0.000124163169 -0.000143099518 0.0
-0.000116204661 -0.000131073175 0.0
-7.65786681e-05 -0.000149094718 0.0
-8.55604012e-05 -0.000167312901 0.0
-8.74639736e-05 -0.000160102907 0.0
-7.51463303e-05 -0.000155500413 0.0
4.15192608e-06 -6.14961609e-05 0.0
-1.82702388e-06 -6.27966001e-05 0.0
5.18330467e-07 -6.423585e-05 0.0
1.54692225e-06 -6.21993895e-05 0.0
-4.60188567e-05 -4.03843624e-05 0.0
-4.14703136e-05 -3.83577863e-05 0.0
-3.59966507e-05 -3.66964814e-05 0.0
-3.28278766e-05 -2.5963227e-05 0.0
-4.23513593e-05 -3.65843916e-05 0.0
-3.41545601e-05 -3.06012662e-05 0.0
0.000112777248 -3.66964814e-05 0.0
0.000107303582 -3.83577863e-05 0.0
0.000102755046 -4.03843624e-05 0.0
-7.85710654e-05 -6.89482258e-05 0.0
-8.70252843e-05 -8.23672162e-05 0.0
-8.7908913e-05 -7.70673723e-05 0.0
-7.75549997e-05 -7.0156304e-05 0.0
-1.46553593e-05 -3.53637479e-05 0.0
-2.2475424e-05 -3.37000529e-05 0.0
-1.82276344e-05 -3.54559597e-05 0.0
-1.63081058e-05 -3.17810882e-05 0.0
-2.65875842e-05 -7.26189755e-05 0.0
-3.53266478e-05 -8.72375313e-05 0.0
-3.59403602e-05 -8.1304599e-05 0.0
-2.33164064e-05 -7.49532046e-05 0.0
1.63152326e-05 -9.53081326e-05 0.0
1.07766527e-05 -0.000100687044 0.0
1.42716308e-05 -9.63385392e-05 0.0
1.25578481e-05 -9.63027924e-05 0.0
-5.10538703e-05 -8.72082092e-05 0.0
-6.15810859e-05 -0.000101746002 0.0
-6.22504231e-05 -0.000100346238 0.0
-5.13618179e-05 -9.26636058e-05 0.0
2.27396595e-05 -6.7140907e-05 0.0
1.59351166e-05 -8.55188482e-05 0.0
1.27256899e-05 -8.13406732e-05 0.0
2.58159671e-05 -7.34673376e-05 0.0
-0.000194639404 -0.000173152803 0.0
0.0 0.0 0.0
0.000148773906 0.0 0.0
-4.58655013e-05 -0.000173152803 0.0
-2.71379904e-05 -0.000110061803 0.0
-3.23194836e-05 -0.000112816968 0.0
-3.66190325e-05 -0.000116112897 0.0
-3.98619886e-05 -0.000119690245 0.0
-4.19904791e-05 -0.000124075057 0.0
-4.30696236e-05 -0.000128894724 0.0
-4.2757154e-05 -0.000133339039 0.0
-4.10827779e-05 -0.000136733957 0.0
-3.82790422e-05 -0.000139150012 0.0
-3.45588742e-05 -0.000140561257 0.0
-3.01912678e-05 -0.000141188415 0.0
-2.04554599e-05 -0.00013926145 0.0
-1.57866671e-05 -0.000136961637 0.0
-1.16820302e-05 -0.000134034359 0.0
-8.33199192e-06 -0.000130816625 0.0
-5.84664076e-06 -0.000127174775 0.0
-4.23874781e-06 -0.000123157632 0.0
-3.59574028e-06 -0.000118831798 0.0
-3.78892878e-06 -0.000114418952 0.0
-5.26205758e-06 -0.000110781875 0.0
-9.12470659e-06 -0.000108471402 0.0
-1.51810491e-05 -0.000107642241 0.0
-2.31866688e-05 -0.000125994091 0.0
-0.000144548976 -0.000115875489 0.0
-0.000140656586 -0.000114677714 0.0
-0.000133196445 -0.000111801804 0.0
-0.000131267851 -0.000110917237 0.0
-0.000128722968 -0.000109473971 0.0
-0.000127581094 -0.000107544722 0.0
-0.000127319538 -0.000105533079 0.0
-0.000127877356 -0.00010426205 0.0
-0.000129110005 -0.000103890568 0.0
-0.000130689266 -0.00010393875 0.0
-0.000132530127 -0.000104499697 0.0
-0.000136473449 -0.000106123218 0.0
-0.00013859295 -0.000107080457 0.0
-0.000140966076 -0.000108315784 0.0
-0.00014324949 -0.000109759319 0.0
-0.00014520828 -0.00011132667 0.0
-0.000146807899 -0.00011284036 0.0
-0.000147718558 -0.000114747469 0.0
1.75060504e-05 -0.000110917237 0.0
1.55774542e-05 -0.000111801804 0.0
8.11731297e-06 -0.000114677714 0.0
4.22492576e-06 -0.000115875489 0.0
1.89813909e-06 -0.000118781667 0.0
4.34063986e-06 -0.000119550437 0.0
7.15824581e-06 -0.000119090037 0.0
9.91765683e-06 -0.000118030053 0.0
1.24713197e-05 -0.000116173149 0.0
1.47130331e-05 -0.000113833325 0.0
1.60955842e-05 -0.000111288078 0.0
1.74048891e-05 -0.000110439403 0.0
-0.000179388953 -0.000163909688 0.0
-0.000180339062 -0.000169078659 0.0
-0.000182199365 -0.000182128322 0.0
-0.000182807853 -0.000186592195 0.0
-0.00017876325 -0.000189470069 0.0
-0.000174455563 -0.00018846801 0.0
-0.000170297455 -0.000186789839 0.0
-0.000166167913 -0.000184498946 0.0
-0.000162172291 -0.000181555748 0.0
-0.000158629526 -0.000178139904 0.0
-0.000155872054 -0.000174443048 0.0
-0.000154010442 -0.000166326616 0.0
-0.000154953901 -0.000162520926 0.0
-0.000157022427 -0.000159604388 0.0
-0.000160001349 -0.000157620278 0.0
-0.000163373596 -0.000156724243 0.0
-0.000167604958 -0.000156789101 0.0
-0.000172795742 -0.000157725095 0.0
1.18315465e-05 -1.34394013e-05 0.0
1.24400376e-05 -8.97551854e-06 0.0
1.43003363e-05 4.07414154e-06 0.0
1.52504417e-05 9.24311098e-06 0.0
1.05600511e-05 1.04724595e-05 0.0
5.91237222e-06 6.90523802e-06 0.0
2.47026674e-06 3.16767364e-06 0.0
2.85022281e-07 -4.858328e-07 0.0
-6.60386263e-07 -4.78048378e-06 0.0
-5.88899127e-07 -8.974921e-06 0.0
1.0029438e-06 -1.2345783e-05 0.0
3.86381726e-06 -1.46268512e-05 0.0
7.43319151e-06 -1.59701176e-05 0.0
-0.000132097222 -0.000158173963 0.0
-0.000134730159 -0.000162112789 0.0
-0.000134729053 -0.000163481775 0.0
-0.000133272799 -0.00016282365 0.0
-0.000131112407 -0.000161737407 0.0
-0.000128230458 -0.000160049036 0.0
-0.000125463994 -0.000157973904 0.0
-0.000123256163 -0.000155603062 0.0
-0.000121937104 -0.000154307534 0.0
-0.000121184377 -0.000154359164 0.0
-0.000119924327 -0.000154329711 0.0
-0.000119578996 -0.000153976041 0.0
-0.000119571931 -0.000153671062 0.0
-0.000119879958 -0.000153472662 0.0
-0.000120820587 -0.000153548244 0.0
-0.000122736441 -0.000153811343 0.0
-0.000125470542 -0.000154470516 0.0
-0.000128476866 -0.000155270667 0.0
5.99092418e-05 1.10400069e-05 0.0
6.25421817e-05 1.49788348e-05 0.0
6.09425115e-05 1.50134492e-05 0.0
5.91134558e-05 1.34270549e-05 0.0
5.79910375e-05 1.20666928e-05 0.0
5.76960665e-05 1.07982596e-05 0.0
5.81121676e-05 9.88433567e-06 0.0
9.6788026e-05 -1.40510438e-05 0.0
9.20576131e-05 -1.55724174e-05 0.0
8.69004798e-05 -1.79631752e-05 0.0
8.19057022e-05 -2.14937063e-05 0.0
7.78956455e-05 -2.61304849e-05 0.0
7.54342036e-05 -3.14821627e-05 0.0
7.40212708e-05 -3.77638862e-05 0.0
7.53363929e-05 -4.27143532e-05 0.0
7.8950543e-05 -4.6182482e-05 0.0
8.38803826e-05 -4.7963189e-05 0.0
8.94059631e-05 -4.83734584e-05 0.0
0.000100745965 -4.55444315e-05 0.0
0.000106009626 -4.25398648e-05 0.0
0.000110489083 -3.87080327e-05 0.0
0.000113900802 -3.41292143e-05 0.0
0.000116153395 -2.88914835e-05 0.0
0.000117078693 -2.3545068e-05 0.0
0.000116670613 -1.90932442e-05 0.0
0.000115147537 -1.58937619e-05 0.0
0.000112399568 -1.38995747e-05 0.0
0.000108859596 -1.28067504e-05 0.0
0.000104766608 -1.24649587e-05 0.0
9.79531032e-05 -2.77669133e-05 0.0
-3.46363595e-05 -0.000138435498 0.0
-4.46433587e-05 -0.000142085395 0.0
-5.11621729e-05 -0.000145841739 0.0
-5.36675798e-05 -0.000149206899 0.0
-5.53584323e-05 -0.000153040353 0.0
-5.62067726e-05 -0.000156798254 0.0
-5.62491259e-05 -0.000159570744 0.0
-5.54140133e-05 -0.000161255128 0.0
-5.4176242e-05 -0.000161974924 0.0
-5.26870244e-05 -0.000162219454 0.0
-5.06357283e-05 -0.000162083656 0.0
-4.21829936e-05 -0.000160517651 0.0
-3.72357645e-05 -0.000158715062 0.0
-3.30214534e-05 -0.000156270762 0.0
-2.97358511e-05 -0.000153670684 0.0
-2.7452943e-05 -0.00015083472 0.0
-2.57568518e-05 -0.000147839513 0.0
-2.49635705e-05 -0.000144603953 0.0
-2.49538134e-05 -0.000141023513 0.0
-2.66337101e-05 -0.000138347794 0.0
-0.000193417261 -0.000142085395 0.0
-0.000183410259 -0.000138435498 0.0
-0.000181888652 -0.000136543502 0.0
-0.000185142067 -0.000137012394 0.0
-0.000188244143 -0.000138015472 0.0
-0.000191132058 -0.000139590862 0.0
-0.000193969288 -0.000141265598 0.0
-0.000121801488 -0.000127591178 0.0
-0.000125414444 -0.000130218134 0.0
-0.000128622924 -0.000133139503 0.0
-0.000130794739 -0.00013557644 0.0
-0.000132330533 -0.000137044219 0.0
-0.000133584384 -0.000138418342 0.0
-0.00013449839 -0.000140999691 0.0
-0.000134444519 -0.000144105288 0.0
-0.000133174195 -0.000146702645 0.0
-0.000130798726 -0.000148414678 0.0
-0.00012788242 -0.000149106607 0.0
-0.000124979415 -0.000148734864 0.0
-0.000119107506 -0.000146899387 0.0
-0.000116189251 -0.000145431826 0.0
-0.000113032904 -0.000143735058 0.0
-0.000109897846 -0.00014133699 0.0
-0.000107269581 -0.000138328382 0.0
-0.000105298786 -0.000134689719 0.0
-0.000104575665 -0.000130945918 0.0
-0.000105020677 -0.000128108019 0.0
-0.000106422602 -0.000126361629 0.0
-0.000108654342 -0.00012536555 0.0
-0.000111360067 -0.00012490018 0.0
-0.0001145813 -0.000125019651 0.0
-0.000120444005 -0.000137250914 0.0
-8.08152254e-05 -0.00015020823 0.0
-8.51569348e-05 -0.000151958506 0.0
-8.86976268e-05 -0.000154295369 0.0
-9.11093884e-05 -0.000156872717 0.0
-9.26204812e-05 -0.000159565345 0.0
-9.31528339e-05 -0.000162153796 0.0
-9.29297603e-05 -0.000164394427 0.0
-9.20657694e-05 -0.000166110651 0.0
-9.06396963e-05 -0.000167195452 0.0
-8.86276903e-05 -0.000167459366 0.0
-8.16548491e-05 -0.000166500264 0.0
-7.75939843e-05 -0.000165105492 0.0
-7.39185853e-05 -0.000162873941 0.0
-7.09841843e-05 -0.000159964329 0.0
-6.89612207e-05 -0.000156308612 0.0
-6.83657127e-05 -0.000152663793 0.0
-6.88706132e-05 -0.000150031367 0.0
-6.99925658e-05 -0.00014865704 0.0
-7.14830894e-05 -0.000148354884 0.0
-7.33727211e-05 -0.000148514373 0.0
-8.13920124e-05 -0.000157930423 0.0
3.22849678e-06 -6.1894003e-05 0.0
1.90154958e-06 -6.22386069e-05 0.0
-5.96665259e-08 -6.26735782e-05 0.0
-2.49976733e-06 -6.41436491e-05 0.0
-4.40529357e-06 -6.66244741e-05 0.0
-4.81616189e-06 -6.84287006e-05 0.0
-4.29986767e-06 -6.81668025e-05 0.0
-3.39241615e-06 -6.72453534e-05 0.0
-2.62543836e-06 -6.60977894e-05 0.0
-2.03683135e-06 -6.49936992e-05 0.0
-1.76255526e-06 -6.38726124e-05 0.0
-1.56864155e-06 -6.21383515e-05 0.0
-5.82854e-07 -6.16397301e-05 0.0
8.82569509e-07 -6.13235097e-05 0.0
2.51731967e-06 -6.07279217e-05 0.0
3.94198605e-06 -6.02081564e-05 0.0
5.01673549e-06 -5.98608385e-05 0.0
5.5817959e-06 -5.95881575e-05 0.0
5.67597544e-06 -5.95485071e-05 0.0
5.45828061e-06 -5.98319457e-05 0.0
5.04868785e-06 -6.02498294e-05 0.0
4.50876678e-06 -6.0797589e-05 0.0
1.18190167e-06 -6.34560492e-05 0.0
-4.39390788e-05 -3.95081152e-05 0.0
-3.87628497e-05 -3.72643335e-05 0.0
-3.31006922e-05 -3.55910051e-05 0.0
-3.04418445e-05 -3.40466941e-05 0.0
-2.84829857e-05 -3.19231549e-05 0.0
-2.73324495e-05 -2.92791956e-05 0.0
-2.71444151e-05 -2.68151125e-05 0.0
-2.8253211e-05 -2.51086694e-05 0.0
-2.97160423e-05 -2.45743122e-05 0.0
-3.09503848e-05 -2.50180747e-05 0.0
-3.16736805e-05 -2.55353771e-05 0.0
-3.54491749e-05 -2.66931165e-05 0.0
-3.89982633e-05 -2.80278873e-05 0.0
-4.23914789e-05 -3.02059925e-05 0.0
-4.51065789e-05 -3.29096983e-05 0.0
-4.72719585e-05 -3.58387806e-05 0.0
-4.83009353e-05 -3.80897836e-05 0.0
-4.86087665e-05 -3.93659648e-05 0.0
-4.82104006e-05 -3.99831406e-05 0.0
-4.7320209e-05 -4.03565718e-05 0.0
0.000110011053 -3.72643335e-05 0.0
0.00010483482 -3.95081152e-05 0.0
0.00010430823 -4.00052086e-05 0.0
0.000105741085 -3.92549846e-05 0.0
0.000107348518 -3.83236948e-05 0.0
0.000109682507 -3.74743613e-05 0.0
-7.98690235e-05 -6.99962911e-05 0.0
-8.22059519e-05 -7.07734434e-05 0.0
-8.53407109e-05 -7.17353905e-05 0.0
-8.8559289e-05 -7.3305222e-05 0.0
-9.10965609e-05 -7.53332351e-05 0.0
-9.27780056e-05 -7.76815796e-05 0.0
-9.35672942e-05 -8.01368151e-05 0.0
-9.35297285e-05 -8.17963592e-05 0.0
-9.30112292e-05 -8.25741881e-05 0.0
-9.1908325e-05 -8.2937142e-05 0.0
-8.99345177e-05 -8.27651311e-05 0.0
-8.36272375e-05 -8.14004161e-05 0.0
-8.03282601e-05 -7.96276654e-05 0.0
-7.72551648e-05 -7.72067724e-05 0.0
-7.47341546e-05 -7.41976473e-05 0.0
-7.30198735e-05 -7.11339671e-05 0.0
-7.21471879e-05 -6.88721557e-05 0.0
-7.22590485e-05 -6.76926502e-05 0.0
-7.3185307e-05 -6.71654852e-05 0.0
-7.45122743e-05 -6.69419969e-05 0.0
-7.61566698e-05 -6.71304151e-05 0.0
-7.75238659e-05 -6.78058277e-05 0.0
-8.25960888e-05 -7.34521382e-05 0.0
-1.45577587e-05 -3.6245121e-05 0.0
-1.52406101e-05 -3.65645428e-05 0.0
-1.63952445e-05 -3.6686266e-05 0.0
-1.75895311e-05 -3.69851223e-05 0.0
-1.86921498e-05 -3.72762079e-05 0.0
-1.96827677e-05 -3.72840332e-05 0.0
-2.03862273e-05 -3.69526279e-05 0.0
-2.08005895e-05 -3.64279513e-05 0.0
-2.09861482e-05 -3.58027755e-05 0.0
-2.14820684e-05 -3.50325608e-05 0.0
-2.2377033e-05 -3.42369713e-05 0.0
-2.08718502e-05 -3.33376847e-05 0.0
-1.84458622e-05 -3.24607317e-05 0.0
-1.62623019e-05 -3.1288826e-05 0.0
-1.45761614e-05 -3.06088914e-05 0.0
-1.36307899e-05 -3.04471723e-05 0.0
-1.33079202e-05 -3.05693138e-05 0.0
-1.32995547e-05 -3.06524889e-05 0.0
-1.36146155e-05 -3.08603994e-05 0.0
-1.41108849e-05 -3.14908284e-05 0.0
-1.47073215e-05 -3.26334775e-05 0.0
-1.49517446e-05 -3.40837396e-05 0.0
-1.78152968e-05 -3.35768309e-05 0.0
-2.98925042e-05 -7.37180599e-05 0.0
-3.28682181e-05 -7.52877531e-05 0.0
-3.54604017e-05 -7.71356063e-05 0.0
-3.7458416e-05 -7.88188772e-05 0.0
-3.88445915e-05 -8.04880183e-05 0.0
-3.96589203e-05 -8.21871799e-05 0.0
-3.99407181e-05 -8.3720799e-05 0.0
-3.99088603e-05 -8.49774515e-05 0.0
-3.95565185e-05 -8.58475105e-05 0.0
-3.87930995e-05 -8.65718976e-05 0.0
-3.01805921e-05 -8.66938717e-05 0.0
-2.53082817e-05 -8.48112832e-05 0.0
-2.12130799e-05 -8.2058119e-05 0.0
-1.81167652e-05 -7.82539792e-05 0.0
-1.63122259e-05 -7.44350473e-05 0.0
-1.66103873e-05 -7.28147934e-05 0.0
-1.7522294e-05 -7.26445724e-05 0.0
-1.84947276e-05 -7.25153805e-05 0.0
-2.03914042e-05 -7.23366466e-05 0.0
-2.32335969e-05 -7.22819241e-05 0.0
-3.00938736e-05 -7.81539711e-05 0.0
1.3953445e-05 -9.67156375e-05 0.0
1.19306005e-05 -9.8559969e-05 0.0
1.07188989e-05 -9.99624899e-05 0.0
9.39507845e-06 -9.94580478e-05 0.0
8.0688751e-06 -9.89996915e-05 0.0
6.34012304e-06 -9.92821806e-05 0.0
4.72916918e-06 -9.94279981e-05 0.0
3.37040956e-06 -0.00010010523 0.0
3.0491401e-06 -0.00010156387 0.0
5.40847122e-06 -0.000102631289 0.0
8.31682155e-06 -0.000102130318 0.0
1.27870071e-05 -9.85303413e-05 0.0
1.45398271e-05 -9.57203156e-05 0.0
1.60183245e-05 -9.23025873e-05 0.0
1.63728564e-05 -8.88511422e-05 0.0
1.6564627e-05 -9.02200409e-05 0.0
1.73620319e-05 -9.206502e-05 0.0
1.83060965e-05 -9.30033493e-05 0.0
1.92353145e-05 -9.34868294e-05 0.0
1.98745747e-05 -9.36950237e-05 0.0
1.97455574e-05 -9.39642341e-05 0.0
1.85904664e-05 -9.45648644e-05 0.0
1.34270367e-05 -9.56572621e-05 0.0
-5.55940023e-05 -8.76186241e-05 0.0
-5.96795071e-05 -8.90035881e-05 0.0
-6.32350784e-05 -9.11192183e-05 0.0
-6.60348014e-05 -9.3904091e-05 0.0
-6.79317964e-05 -9.72499474e-05 0.0
-6.89619046e-05 -0.000100685284 0.0
-6.900882e-05 -0.000103418934 0.0
-6.7944442e-05 -0.000104661041 0.0
-6.64184918e-05 -0.000104699619 0.0
-6.46109911e-05 -0.000104067687 0.0
-6.28823764e-05 -0.000103072518 0.0
-6.00040403e-05 -0.000100298486 0.0
-5.76288476e-05 -9.90416083e-05 0.0
-5.46228548e-05 -9.78314056e-05 0.0
-5.18688576e-05 -9.60076068e-05 0.0
-4.96688917e-05 -9.39532038e-05 0.0
-4.80806593e-05 -9.19634549e-05 0.0
-4.73983964e-05 -9.04412882e-05 0.0
-4.72145439e-05 -8.93122924e-05 0.0
-4.71958519e-05 -8.85264162e-05 0.0
-4.73893124e-05 -8.81200831e-05 0.0
-4.79352566e-05 -8.76692066e-05 0.0
-5.6574223e-05 -9.64804785e-05 0.0
1.91248837e-05 -6.94683331e-05 0.0
1.56853112e-05 -7.27900697e-05 0.0
1.29103064e-05 -7.6709126e-05 0.0
1.15554512e-05 -8.16096726e-05 0.0
1.11574718e-05 -8.22515212e-05 0.0
1.02296863e-05 -8.15919266e-05 0.0
9.46548244e-06 -8.19559791e-05 0.0
8.74149646e-06 -8.25966927e-05 0.0
8.57673058e-06 -8.32692531e-05 0.0
9.16064255e-06 -8.38722844e-05 0.0
1.07394708e-05 -8.4549436e-05 0.0
1.3281483e-05 -8.51546138e-05 0.0
1.8765586e-05 -8.51991645e-05 0.0
2.18912846e-05 -8.46205658e-05 0.0
2.54048409e-05 -8.33285376e-05 0.0
2.89315194e-05 -8.1412516e-05 0.0
3.22287378e-05 -7.90985359e-05 0.0
3.46476263e-05 -7.62751442e-05 0.0
3.6241745e-05 -7.29237872e-05 0.0
3.6861089e-05 -6.93026814e-05 0.0
3.55279881e-05 -6.64763065e-05 0.0
3.28711903e-05 -6.50647635e-05 0.0
2.96302787e-05 -6.50732691e-05 0.0
2.62773956e-05 -6.57593628e-05 0.0
1.85185017e-05 -7.82926436e-05 0.0
-0.000189512692 -0.000165958627 0.0
-0.000190614388 -0.000156568087 0.0
-0.000130358923 -0.000104451181 0.0
-0.000124787286 -9.85606166e-05 0.0
-0.00011172751 -9.02375396e-05 0.0
-9.9019453e-05 -8.30588979e-05 0.0
-9.21211758e-05 -7.83006835e-05 0.0
-8.97612263e-05 -7.36942311e-05 0.0
-9.03909022e-05 -6.77220378e-05 0.0
-8.82557579e-05 -6.19230559e-05 0.0
-7.82676289e-05 -5.61207344e-05 0.0
-6.2077801e-05 -4.90586062e-05 0.0
-4.05487772e-05 -2.52354403e-05 0.0
-3.490991e-05 -1.99616134e-05 0.0
-2.415788e-05 -1.36806193e-05 0.0
-1.09122029e-05 -7.0940132e-06 0.0
6.90893239e-06 -9.74124669e-06 0.0
3.01641921e-05 -3.91270532e-06 0.0
4.32960187e-05 -3.48142657e-06 0.0
7.16032955e-05 1.15982118e-06 0.0
7.7243225e-05 -8.14476789e-06 0.0
8.24511517e-05 -6.8445288e-06 0.0
8.81931919e-05 -4.64863547e-07 0.0
9.35051576e-05 5.96014615e-06 0.0
9.71691916e-05 9.36446577e-06 0.0
0.0001003055 8.56260522e-06 0.0
0.000104385173 1.58391572e-06 0.0
0.000108011591 -9.26027224e-06 0.0
0.000110839639 -1.82724434e-05 0.0
0.000113549977 -2.13198327e-05 0.0
0.000117721298 -1.81280102e-05 0.0
0.000123516395 -1.12333946e-05 0.0
0.000130300527 -2.40147983e-06 0.0
0.000136603907 4.58650084e-06 0.0
0.000142132776 5.9025374e-06 0.0
0.000137861702 -7.0940132e-06 0.0
0.000124616025 -1.36806193e-05 0.0
0.000113863985 -1.99616134e-05 0.0
0.000108225126 -2.52354403e-05 0.0
8.66960982e-05 -4.90586062e-05 0.0
7.05062703e-05 -5.61207344e-05 0.0
6.05181413e-05 -6.19230559e-05 0.0
5.83829969e-05 -6.77220378e-05 0.0
5.90126765e-05 -7.36942311e-05 0.0
5.66527233e-05 -7.83006835e-05 0.0
4.97544461e-05 -8.30588979e-05 0.0
3.70463895e-05 -9.02375396e-05 0.0
2.39866149e-05 -9.85606166e-05 0.0
1.84149703e-05 -0.000104451181 0.0
-4.18404816e-05 -0.000156568087 0.0
-4.07387924e-05 -0.000165958627 0.0
-5.25066243e-05 -0.000167250269 0.0
-5.80354972e-05 -0.000168566301 0.0
-6.43388703e-05 -0.000175554276 0.0
-7.11230095e-05 -0.000184386197 0.0
-7.69181061e-05 -0.000191280807 0.0
-8.10894198e-05 -0.000194472639 0.0
-8.3799765e-05 -0.00019142525 0.0
-8.6627806e-05 -0.000182413074 0.0
-9.02542233e-05 -0.000171568885 0.0
-9.43338964e-05 -0.000164590194 0.0
-9.74702052e-05 -0.00016378834 0.0
-0.000101134239 -0.000167192658 0.0
-0.000106446212 -0.000173617664 0.0
-0.000112188245 -0.000179997325 0.0
-0.000117396179 -0.000181297568 0.0
-0.000123036109 -0.000171992986 0.0
-0.000151343382 -0.000176634232 0.0
-0.000164475205 -0.000177065507 0.0
-0.00018773046 -0.000182894044 0.0
-3.08278104e-05 -0.000121924029 0.0
-1.60517848e-05 -0.000129538297 0.0
-1.15471594e-05 -0.000123644291 0.0
-3.47253335e-05 -0.000128342013 0.0
-2.44801467e-05 -0.000116568997 0.0
-2.2301756e-05 -0.000134312897 0.0
-3.15816833e-05 -0.000117291485 0.0
-1.58995699e-05 -0.000133344482 0.0
-1.07448641e-05 -0.000128309461 0.0
-3.6455549e-05 -0.000123024409 0.0
-3.77703509e-05 -0.000132926842 0.0
-7.82936058e-06 -0.000118936776 0.0
-2.67728501e-05 -0.000137831768 0.0
-1.94918957e-05 -0.000112312322 0.0
-3.91099165e-05 -0.000126890518 0.0
-1.20608483e-05 -0.000131460954 0.0
-3.50928385e-05 -0.000119568045 0.0
-1.9442723e-05 -0.000136350209 0.0
-7.81056679e-06 -0.000124876184 0.0
-2.79736905e-05 -0.000113789429 0.0
-1.06083644e-05 -0.000113098053 0.0
-3.40896768e-05 -0.000137487543 0.0
-3.62083083e-05 -0.000135917566 0.0
-8.65795937e-06 -0.000115256727 0.0
-6.90991055e-06 -0.000121841855 0.0
-3.948827e-05 -0.000130159533 0.0
-1.41524251e-05 -0.000112149661 0.0
-3.11135082e-05 -0.00013808113 0.0
-2.29097823e-05 -0.000137757059 0.0
-2.4091938e-05 -0.000112157497 0.0
-2.91492706e-05 -0.000126429877 0.0
-1.71989504e-05 -0.000125498307 0.0
-2.47032312e-05 -0.000121510071 0.0
-2.18139703e-05 -0.000130132656 0.0
-0.000133944748 -0.000108620668 0.0
-0.000139343276 -0.000110419714 0.0
-0.000136404575 -0.000107551641 0.0
-0.000131006265 -0.000109273431 0.0
-0.00014309086 -0.00011277492 0.0
-0.000130378932 -0.000106779269 0.0
-0.000132003639 -0.000106134372 0.0
-0.000138967516 -0.000108329506 0.0
-0.000136800285 -0.00011097901 0.0
-0.000141615688 -0.000110166438 0.0
-0.000133488531 -0.000110350622 0.0
-0.000140144795 -0.000112317364 0.0
-0.000133925525 -0.000105944084 0.0
-0.000136516799 -0.000109009379 0.0
-0.000135742084 -0.000106370964 0.0
-0.000130373985 -0.000110061825 0.0
-0.000131853012 -0.000110580811 0.0
-0.000144015517 -0.000111857284 0.0
-0.00013456239 -0.000107414024 0.0
-0.00013002193 -0.000105319385 0.0
-0.000129418171 -0.000107557811 0.0
-0.000145225931 -0.000114445284 0.0
-0.000141157187 -0.000109162313 0.0
-0.000142412158 -0.000113889706 0.0
-0.00013732932 -0.000107064901 0.0
-0.000132020898 -0.000108561049 0.0
-0.000138439616 -0.000109048313 0.0
-0.000129468623 -0.000108864428 0.0
-0.000145361249 -0.00011329163 0.0
-0.000141692246 -0.000111256224 0.0
-0.00013208852 -0.000105124454 0.0
-0.000138480216 -0.000112745831 0.0
1.37659135e-05 -0.000113841415 0.0
9.63300317e-06 -0.000116178337 0.0
5.29085355e-06 -0.000117198033 0.0
1.65315032e-05 -0.000111539761 0.0
1.54463232e-05 -0.000112538357 0.0
7.04947388e-06 -0.000117363532 0.0
1.16703413e-05 -0.000115427989 0.0
-0.000170273837 -0.000177946946 0.0
-0.000169021776 -0.000168841245 0.0
-0.00016173003 -0.000170688698 0.0
-0.000171628752 -0.000163751014 0.0
-0.000175810725 -0.000184409218 0.0
-0.000169388688 -0.000182311705 0.0
-0.000162025972 -0.000175572786 0.0
-0.00016421912 -0.000160957788 0.0
-0.000160852505 -0.000165243968 0.0
-0.000174330475 -0.000169763327 0.0
-0.000170719053 -0.000173203443 0.0
-0.000176054396 -0.000180546282 0.0
-0.000164598925 -0.000179926734 0.0
-0.000174803106 -0.000161816337 0.0
-0.000166190264 -0.000174351066 0.0
-0.000158134513 -0.000166916972 0.0
-0.000167652775 -0.000160349184 0.0
-0.0001586664 -0.000172197921 0.0
-0.000172781583 -0.000185371449 0.0
-0.000161362812 -0.000161641277 0.0
-0.00017627854 -0.000165812322 0.0
-0.00017921628 -0.000186908481 0.0
-0.000179333394 -0.000183709344 0.0
-0.00016553617 -0.000169569874 0.0
-0.000172739441 -0.000181539086 0.0
-0.00017602084 -0.000176528047 0.0
-0.000168594241 -0.000165159348 0.0
-0.000176189613 -0.000186964462 0.0
-0.00015740798 -0.000169352308 0.0
-0.000166504484 -0.000178077884 0.0
-0.000170703017 -0.000159859526 0.0
-0.00016478599 -0.000165060774 0.0
6.79049936e-06 -7.27065026e-06 0.0
6.01421652e-06 -2.56611702e-06 0.0
8.40115717e-06 3.56222608e-06 0.0
8.20556761e-06 -1.28451711e-05 0.0
3.25608926e-06 -5.82063376e-06 0.0
1.08971626e-05 6.80315861e-06 0.0
5.12409952e-06 8.88729801e-07 0.0
9.7381253e-06 6.67294216e-07 0.0
5.40036262e-06 -1.09186822e-05 0.0
-0.000126003913 -0.000156941154 0.0
-0.000129004096 -0.000159007555 0.0
-0.000123521007 -0.000156081893 0.0
-0.000121993551 -0.000155265181 0.0
-0.000126809478 -0.00015620554 0.0
-0.000126900894 -0.000158161463 0.0
-0.000122858502 -0.000155104892 0.0
-0.000131640263 -0.000160833908 0.0
-0.000130829299 -0.000160776952 0.0
-0.000129258784 -0.000158637471 0.0
-0.000126071871 -0.000157308255 0.0
-0.000123913444 -0.000156183844 0.0
-0.000121776779 -0.000155173839 0.0
-0.000128697298 -0.000157551593 0.0
-0.000121016827 -0.000154507521 0.0
-0.000123810547 -0.000154886715 0.0
-0.000131902241 -0.000160365133 0.0
-0.000126177198 -0.00015753234 0.0
-0.00012902559 -0.000156563387 0.0
-0.000123758844 -0.000156137277 0.0
-0.000123275167 -0.000155655711 0.0
-0.000121045457 -0.000154895344 0.0
-0.000128768093 -0.000159632706 0.0
-0.000125190403 -0.000157153452 0.0
-0.000122249767 -0.000155168411 0.0
-0.000132870497 -0.000162055512 0.0
-0.000126836647 -0.000155518908 0.0
-0.0001206663 -0.000154600057 0.0
-0.000125106075 -0.000156045091 0.0
-0.000126913757 -0.000158538009 0.0
-0.000121451965 -0.000154226334 0.0
-0.000133995942 -0.000162516182 0.0
-0.000122458179 -0.000155554066 0.0
-0.000128881657 -0.000159270654 0.0
5.9163307e-05 1.1515569e-05 0.0
6.0337421e-05 1.35486353e-05 0.0
5.87557297e-05 1.07995984e-05 0.0
6.07776092e-05 1.42628769e-05 0.0
8.7850698e-05 -2.83334321e-05 0.0
0.000102829494 -3.41136729e-05 0.0
0.000109188557 -2.73031856e-05 0.0
9.20785897e-05 -2.0824109e-05 0.0
9.89836626e-05 -1.67018716e-05 0.0
0.000110347893 -2.06968416e-05 0.0
8.34645689e-05 -3.56541823e-05 0.0
9.73033602e-05 -4.10534303e-05 0.0
8.48195195e-05 -2.48742381e-05 0.0
0.000108408516 -3.41431733e-05 0.0
9.73945134e-05 -2.19857629e-05 0.0
8.95754856e-05 -4.31875633e-05 0.0
0.000104910483 -1.55532325e-05 0.0
0.000102223414 -4.09953391e-05 0.0
8.19065244e-05 -4.09219501e-05 0.0
7.98660549e-05 -3.303005e-05 0.0
9.43861814e-05 -1.68721181e-05 0.0
0.000113300106 -2.30240676e-05 0.0
0.000110859772 -1.71034917e-05 0.0
8.73846511e-05 -2.0625308e-05 0.0
0.000112170244 -3.01624659e-05 0.0
0.000104871928 -2.45742376e-05 0.0
9.06524947e-05 -1.8297842e-05 0.0
0.000106382467 -3.84458071e-05 0.0
8.06081007e-05 -2.86935883e-05 0.0
0.000113451562 -2.65253511e-05 0.0
8.51800651e-05 -4.31142325e-05 0.0
0.000108218956 -1.5678741e-05 0.0
9.28508307e-05 -4.50059852e-05 0.0
0.000102365666 -1.43752268e-05 0.0
-4.27047926e-05 -0.000152237888 0.0
-4.70444538e-05 -0.00014921774 0.0
-3.49480688e-05 -0.00014557672 0.0
-4.9834307e-05 -0.000155800401 0.0
-3.48264293e-05 -0.000151255474 0.0
-4.59177754e-05 -0.000157569462 0.0
-4.11671463e-05 -0.000146317834 0.0
-3.98580123e-05 -0.000155422211 0.0
-5.1723855e-05 -0.000153713234 0.0
-3.06736911e-05 -0.000147794999 0.0
-5.02896255e-05 -0.000159115487 0.0
-4.74336157e-05 -0.000145692145 0.0
-3.24806133e-05 -0.000141066019 0.0
-4.35334732e-05 -0.000144603357 0.0
-3.74679221e-05 -0.000142651435 0.0
-3.42242529e-05 -0.000154001144 0.0
-4.59431358e-05 -0.000151915214 0.0
-5.04145319e-05 -0.000149712971 0.0
-4.64143268e-05 -0.00015528081 0.0
-4.39585965e-05 -0.000158671348 0.0
-3.04722544e-05 -0.000144035148 0.0
-3.82372564e-05 -0.000149500789 0.0
-3.98880657e-05 -0.000152633758 0.0
-5.35765939e-05 -0.000158686744 0.0
-2.99517287e-05 -0.000150031905 0.0
-4.92516192e-05 -0.000160067342 0.0
-5.36230655e-05 -0.000156684488 0.0
-5.27024822e-05 -0.000159780437 0.0
-3.69360641e-05 -0.00015643322 0.0
-4.02826008e-05 -0.000158028357 0.0
-4.40902804e-05 -0.000148576946 0.0
-3.86854481e-05 -0.000146934297 0.0
-4.87056932e-05 -0.000152253997 0.0
-4.05724204e-05 -0.00014345556 0.0
-4.34401954e-05 -0.000154632085 0.0
-3.4287983e-05 -0.000147845683 0.0
-4.7276244e-05 -0.000160138472 0.0
-5.27248558e-05 -0.000152131266 0.0
-2.82088913e-05 -0.000145182159 0.0
-4.18618583e-05 -0.00014925802 0.0
-3.11937583e-05 -0.000152207489 0.0
-0.000190835141 -0.000140164193 0.0
-0.000185921483 -0.000138207703 0.0
-0.000192338368 -0.000140766526 0.0
-0.00018411396 -0.000137556388 0.0
-0.000112559326 -0.000134676957 0.0
-0.000117255382 -0.000141766111 0.0
-0.000123907463 -0.00013348191 0.0
-0.000128344138 -0.000139061434 0.0
-0.000128769592 -0.000136080853 0.0
-0.000129459659 -0.000142976205 0.0
-0.000120597899 -0.000145162645 0.0
-0.000112463713 -0.00013896625 0.0
-0.000110490866 -0.000130189903 0.0
-0.000120086595 -0.000129840089 0.0
-0.000107924367 -0.000133556285 0.0
-0.000125948107 -0.00013237026 0.0
-0.00013195588 -0.000139417374 0.0
-0.000115502335 -0.000143606288 0.0
-0.000112597612 -0.000127988882 0.0
-0.000115795876 -0.00012787513 0.0
-0.000127101404 -0.000145858154 0.0
-0.000124228187 -0.00014655097 0.0
-0.000131302222 -0.000137550844 0.0
-0.000132031069 -0.000141599958 0.0
-0.000107717184 -0.000130967281 0.0
-0.000108946027 -0.000136571223 0.0
-0.000123174308 -0.000130327506 0.0
-0.000128398824 -0.000134483853 0.0
-0.000117979893 -0.000145023849 0.0
-0.000112958449 -0.000141676966 0.0
-0.00010956177 -0.000127439693 0.0
-0.000130102737 -0.000146001155 0.0
-0.000124128841 -0.000136734321 0.0
-0.000117251533 -0.000138014831 0.0
-7.99778136e-05 -0.00015356022 0.0
-8.26182586e-05 -0.00016258104 0.0
-7.46036676e-05 -0.000151538799 0.0
-8.77768325e-05 -0.000163870165 0.0
-8.4953972e-05 -0.000154879614 0.0
-7.77459063e-05 -0.000161728181 0.0
-8.56408878e-05 -0.000165156438 0.0
-7.66633966e-05 -0.000150898515 0.0
-8.88598588e-05 -0.000158315408 0.0
-7.36415386e-05 -0.000157790928 0.0
-9.02978281e-05 -0.000163804361 0.0
-7.19165691e-05 -0.000151169195 0.0
-7.92433493e-05 -0.000159410178 0.0
-8.35163373e-05 -0.000156650174 0.0
-8.23071678e-05 -0.00015249569 0.0
-8.02888535e-05 -0.000164171608 0.0
-7.91411221e-05 -0.00015110051 0.0
-8.32513833e-05 -0.000165330726 0.0
-7.39784227e-05 -0.000149794811 0.0
-8.82048553e-05 -0.00016595659 0.0
-7.1158538e-05 -0.000152813969 0.0
-7.12784386e-05 -0.000155025336 0.0
-9.09708542e-05 -0.000162214215 0.0
-9.08419897e-05 -0.00016045259 0.0
-8.84450637e-05 -0.000156096605 0.0
-7.40761679e-05 -0.000160610231 0.0
-7.84765361e-05 -0.000154734036 0.0
-8.41870715e-05 -0.000161055199 0.0
-1.03633897e-06 -6.55264885e-05 0.0
2.94949018e-06 -6.1911087e-05 0.0
3.82895541e-06 -6.09554663e-05 0.0
-9.35099479e-07 -6.42457089e-05 0.0
3.64058246e-06 -6.0839131e-05 0.0
-2.44731154e-07 -6.28426133e-05 0.0
-2.01485659e-06 -6.67093191e-05 0.0
2.21560003e-06 -6.24190216e-05 0.0
4.01454145e-06 -6.10089301e-05 0.0
-1.74470904e-06 -6.55429467e-05 0.0
2.53431654e-06 -6.19967977e-05 0.0
-1.26258726e-06 -6.52888266e-05 0.0
2.51426559e-06 -6.11949508e-05 0.0
-2.73493288e-06 -6.70976588e-05 0.0
3.2346245e-06 -6.18009435e-05 0.0
1.20418269e-06 -6.28035123e-05 0.0
4.65889798e-06 -6.02058026e-05 0.0
-1.18263677e-06 -6.32142619e-05 0.0
3.47438231e-07 -6.20162755e-05 0.0
-1.59166916e-06 -6.45559485e-05 0.0
4.62034404e-06 -6.0425773e-05 0.0
4.82541054e-06 -6.01895881e-05 0.0
-2.45058936e-06 -6.64520558e-05 0.0
-1.45169213e-06 -6.38181518e-05 0.0
3.86266947e-06 -6.12684526e-05 0.0
3.11830888e-07 -6.35228498e-05 0.0
-2.14260865e-07 -6.38445563e-05 0.0
1.5165291e-06 -6.14915552e-05 0.0
-3.06924971e-06 -6.68522262e-05 0.0
3.78794743e-06 -6.0526625e-05 0.0
-2.4470188e-07 -6.50907314e-05 0.0
-3.72237009e-05 -3.07660121e-05 0.0
-3.59862788e-05 -3.54598269e-05 0.0
-4.23852689e-05 -3.42714229e-05 0.0
-3.36732701e-05 -2.79252072e-05 0.0
-3.27556336e-05 -3.27707239e-05 0.0
-4.52400964e-05 -3.72592476e-05 0.0
-3.88275366e-05 -3.5399371e-05 0.0
-3.97159856e-05 -3.08642848e-05 0.0
-3.5160243e-05 -2.81227803e-05 0.0
-4.45243932e-05 -3.90255627e-05 0.0
-3.14362333e-05 -2.695291e-05 0.0
-3.07799673e-05 -2.9679315e-05 0.0
-4.17852643e-05 -3.78191035e-05 0.0
-3.62367464e-05 -3.439801e-05 0.0
-3.89102388e-05 -3.65895867e-05 0.0
-4.26513652e-05 -3.25032524e-05 0.0
-3.71709466e-05 -2.89671534e-05 0.0
-3.30977673e-05 -2.66705847e-05 0.0
-3.32620439e-05 -3.45224289e-05 0.0
-4.57193419e-05 -3.86482352e-05 0.0
-4.45986261e-05 -3.44572036e-05 0.0
-4.58022114e-05 -3.63290055e-05 0.0
-3.21131229e-05 -2.60838042e-05 0.0
-3.15334764e-05 -2.59775152e-05 0.0
-3.89070519e-05 -3.31149895e-05 0.0
-2.9982124e-05 -3.0948082e-05 0.0
-3.03493725e-05 -2.7680866e-05 0.0
0.000105759944 -3.91767499e-05 0.0
0.000108406377 -3.79155208e-05 0.0
0.000105131287 -3.95194838e-05 0.0
0.000108973414 -3.77040633e-05 0.0
0.000103966027 -3.99658929e-05 0.0
0.000110823617 -3.71450551e-05 0.0
-8.55739127e-05 -7.79559996e-05 0.0
-8.09302364e-05 -7.03835758e-05 0.0
-7.97274261e-05 -7.4180527e-05 0.0
-8.45891918e-05 -7.25051796e-05 0.0
-7.81015769e-05 -6.86165658e-05 0.0
-8.92280441e-05 -7.9848367e-05 0.0
-8.25031602e-05 -7.79378315e-05 0.0
-7.61016927e-05 -7.11747853e-05 0.0
-8.85344198e-05 -7.57381858e-05 0.0
-8.16842294e-05 -7.05005514e-05 0.0
-8.74409961e-05 -8.0913007e-05 0.0
-7.62966956e-05 -6.83901599e-05 0.0
-7.74746368e-05 -7.50460895e-05 0.0
-7.87891768e-05 -6.87570064e-05 0.0
-9.12033138e-05 -8.05442178e-05 0.0
-8.38969063e-05 -7.15391507e-05 0.0
-8.60676082e-05 -7.26373546e-05 0.0
-8.79958461e-05 -7.40661053e-05 0.0
-7.99134432e-05 -6.9530608e-05 0.0
-8.50020078e-05 -8.02255381e-05 0.0
-8.94505647e-05 -8.12962535e-05 0.0
-7.97584944e-05 -7.04189224e-05 0.0
-7.56707668e-05 -7.27059887e-05 0.0
-7.9704354e-05 -7.72564163e-05 0.0
-7.43007549e-05 -6.92261965e-05 0.0
-9.08728907e-05 -7.79246984e-05 0.0
-9.13755284e-05 -7.95175001e-05 0.0
-7.47170925e-05 -6.84608021e-05 0.0
-8.39021523e-05 -7.30949832e-05 0.0
-7.63316129e-05 -6.77963544e-05 0.0
-1.59330975e-05 -3.31134033e-05 0.0
-1.95095745e-05 -3.33227108e-05 0.0
-2.03413201e-05 -3.49108268e-05 0.0
-1.62313845e-05 -3.47777677e-05 0.0
-1.97703612e-05 -3.58912293e-05 0.0
-1.50883825e-05 -3.18766834e-05 0.0
-1.78397222e-05 -3.19727696e-05 0.0
-1.54098998e-05 -3.39315993e-05 0.0
-2.11186943e-05 -3.40278348e-05 0.0
-1.71358752e-05 -3.59101759e-05 0.0
-1.48375448e-05 -3.12352204e-05 0.0
-1.49807265e-05 -3.22888554e-05 0.0
-1.62606302e-05 -3.24982175e-05 0.0
-1.54530007e-05 -3.11110161e-05 0.0
-1.94773729e-05 -3.26811059e-05 0.0
-1.95819921e-05 -3.65119013e-05 0.0
-2.04929147e-05 -3.57454592e-05 0.0
-1.5257313e-05 -3.50819682e-05 0.0
-1.54538902e-05 -3.56681994e-05 0.0
-1.60940072e-05 -3.5949186e-05 0.0
-2.1302465e-05 -3.4783272e-05 0.0
-1.90436149e-05 -3.47748937e-05 0.0
-1.51973218e-05 -3.31621704e-05 0.0
-2.09684094e-05 -3.33980715e-05 0.0
-2.09176724e-05 -3.53091855e-05 0.0
-1.88137201e-05 -3.66200038e-05 0.0
-1.7999655e-05 -3.65705309e-05 0.0
-1.42819208e-05 -3.11747062e-05 0.0
-1.68908173e-05 -3.38960053e-05 0.0
-1.60476811e-05 -3.12302072e-05 0.0
-1.44813284e-05 -3.0902389e-05 0.0
-2.74085178e-05 -7.98541005e-05 0.0
-2.88727806e-05 -7.56096051e-05 0.0
-3.39505677e-05 -7.80916962e-05 0.0
-3.39328617e-05 -8.27220501e-05 0.0
-2.42957067e-05 -7.40053219e-05 0.0
-2.22202088e-05 -7.67282181e-05 0.0
-3.70879497e-05 -8.06877069e-05 0.0
-2.88626306e-05 -8.29349228e-05 0.0
-3.09272255e-05 -7.54715293e-05 0.0
-3.75645614e-05 -8.36205727e-05 0.0
-1.9355808e-05 -7.44434146e-05 0.0
-2.22879189e-05 -7.92820501e-05 0.0
-2.1286538e-05 -7.32868866e-05 0.0
-2.57415377e-05 -7.35725334e-05 0.0
-2.8436205e-05 -7.41371696e-05 0.0
-2.49713066e-05 -8.18621265e-05 0.0
-3.2948461e-05 -8.47462798e-05 0.0
-3.5908939e-05 -8.51519872e-05 0.0
-3.74555311e-05 -8.48671989e-05 0.0
-3.37618076e-05 -7.68216341e-05 0.0
-3.55485208e-05 -7.80606861e-05 0.0
-3.67439061e-05 -7.93053914e-05 0.0
-1.92052285e-05 -7.34977293e-05 0.0
-1.9810268e-05 -7.33072084e-05 0.0
-3.8406557e-05 -8.22381553e-05 0.0
-3.86153697e-05 -8.34598832e-05 0.0
-2.58277578e-05 -7.72734347e-05 0.0
-2.65960352e-05 -7.56392255e-05 0.0
1.6362821e-05 -9.35161952e-05 0.0
9.36762262e-06 -9.74623836e-05 0.0
1.71421852e-05 -9.46337386e-05 0.0
7.71047689e-06 -9.80637706e-05 0.0
1.49435837e-05 -9.39723031e-05 0.0
1.03942557e-05 -9.7980992e-05 0.0
1.77033526e-05 -9.33370247e-05 0.0
1.71376123e-05 -9.51694819e-05 0.0
9.30067563e-06 -9.86603773e-05 0.0
7.09220012e-06 -9.83623249e-05 0.0
1.69565919e-05 -9.13194162e-05 0.0
1.25107454e-05 -9.75464791e-05 0.0
1.87511705e-05 -9.40016762e-05 0.0
9.03447653e-06 -9.84278304e-05 0.0
1.36767057e-05 -9.62267368e-05 0.0
5.5415544e-06 -9.89531982e-05 0.0
5.158985e-06 -9.95268201e-05 0.0
6.27846248e-06 -9.98960168e-05 0.0
7.78317826e-06 -9.85286169e-05 0.0
1.7390179e-05 -9.20801904e-05 0.0
1.62427914e-05 -9.16561548e-05 0.0
1.17569316e-05 -9.68104723e-05 0.0
1.87594487e-05 -9.43836203e-05 0.0
1.84437704e-05 -9.36150827e-05 0.0
1.03802904e-05 -9.9392164e-05 0.0
1.65445272e-05 -9.55360592e-05 0.0
1.47145811e-05 -9.63991261e-05 0.0
1.20585864e-05 -9.81133562e-05 0.0
1.07234882e-05 -9.67617452e-05 0.0
1.13151746e-05 -9.85790393e-05 0.0
-6.00867279e-05 -9.55290889e-05 0.0
-5.85399248e-05 -9.95830196e-05 0.0
-5.27263619e-05 -9.17158468e-05 0.0
-5.48936841e-05 -9.70335313e-05 0.0
-5.139114e-05 -9.39447636e-05 0.0
-6.39114223e-05 -9.83858845e-05 0.0
-6.20298306e-05 -0.000102125581 0.0
-5.66739836e-05 -9.1611706e-05 0.0
-4.96666617e-05 -9.02840475e-05 0.0
-5.80877168e-05 -9.94848961e-05 0.0
-6.27882764e-05 -9.36890501e-05 0.0
-5.07483492e-05 -8.90744777e-05 0.0
-6.3991225e-05 -0.000102638231 0.0
-6.13280063e-05 -0.000101844147 0.0
-6.61759841e-05 -0.00010091588 0.0
-4.93709922e-05 -9.20326129e-05 0.0
-5.22621158e-05 -9.54568313e-05 0.0
-5.58917163e-05 -9.81307749e-05 0.0
-6.00027452e-05 -0.000100805446 0.0
-5.39466746e-05 -9.68920795e-05 0.0
-6.47459528e-05 -9.60369653e-05 0.0
-6.01941792e-05 -9.15973069e-05 0.0
-5.36887783e-05 -8.93722463e-05 0.0
-4.90725506e-05 -8.90773299e-05 0.0
-6.57746787e-05 -0.000102474769 0.0
-4.86952558e-05 -9.0811096e-05 0.0
-4.84702105e-05 -8.99003571e-05 0.0
-5.40464243e-05 -9.55232244e-05 0.0
-5.99787563e-05 -9.98826654e-05 0.0
-6.41722581e-05 -0.000103372513 0.0
-5.64887378e-05 -9.39260208e-05 0.0
2.00639606e-05 -7.35375506e-05 0.0
1.3110357e-05 -7.92461651e-05 0.0
2.51154925e-05 -7.890079e-05 0.0
1.75341484e-05 -8.24168164e-05 0.0
1.08771956e-05 -8.09855774e-05 0.0
1.54406243e-05 -7.63746066e-05 0.0
2.2148577e-05 -8.21815047e-05 0.0
1.3525856e-05 -8.33288141e-05 0.0
2.5244748e-05 -6.97290452e-05 0.0
2.99130879e-05 -7.54151333e-05 0.0
2.06192763e-05 -7.04307749e-05 0.0
2.84971102e-05 -7.9787038e-05 0.0
1.15281591e-05 -8.05652671e-05 0.0
1.74999241e-05 -8.42908194e-05 0.0
3.09755014e-05 -7.11027678e-05 0.0
2.91264769e-05 -6.89118242e-05 0.0
1.04125193e-05 -8.2086437e-05 0.0
1.08886434e-05 -8.29521596e-05 0.0
1.08348513e-05 -8.09767516e-05 0.0
1.28729362e-05 -7.88305551e-05 0.0
2.01185048e-05 -8.38808992e-05 0.0
1.51453005e-05 -8.43083326e-05 0.0
1.76307949e-05 -7.27670777e-05 0.0
2.35193056e-05 -6.88156579e-05 0.0
3.06899492e-05 -7.76790548e-05 0.0
2.57629636e-05 -8.16132742e-05 0.0
9.8403616e-06 -8.18429544e-05 0.0
3.34313663e-05 -7.22877885e-05 0.0
1.69235827e-05 -7.74345463e-05 0.0
1.9845138e-05 -7.9968886e-05 0.0
-6.95197086e-05 -0.000118928292 0.0
6.18168706e-05 -2.96513572e-05 0.0
-8.02982322e-05 -0.00013993938 0.0
5.62570858e-05 -2.66754651e-05 0.0
-7.35095819e-05 -0.000104296487 0.0
-4.65154371e-05 -0.000103752216 0.0
-9.55761279e-05 -0.000135366485 0.0
3.68743094e-05 -2.40363152e-05 0.0
1.40394204e-05 -0.000105187981 0.0
3.96099458e-05 -5.38168824e-05 0.0
-7.25970403e-06 -0.000103232713 0.0
-0.000102812664 -0.00010854705 0.0
6.57962519e-05 -4.83941585e-05 0.0
-1.6806398e-05 -6.64034742e-05 0.0
4.29949978e-05 -6.94276023e-05 0.0
8.91464297e-05 -1.42556382e-05 0.0
-5.63944086e-05 -0.000132939458 0.0
1.63399964e-05 -1.51065105e-05 0.0
-5.51652593e-05 -6.22326625e-05 0.0
-0.000168861676 -0.000140080112 0.0
-1.21510402e-05 -7.13534318e-05 0.0
-5.73793732e-05 -9.70654073e-05 0.0
-8.73615718e-05 -0.000119234785 0.0
7.17165822e-05 -4.30008331e-05 0.0
-1.31098905e-05 -0.000124032347 0.0
4.03578961e-05 -3.85631647e-05 0.0
7.34330242e-05 -1.32372306e-05 0.0
-6.52130402e-05 -0.000148086256 0.0
-0.000142160396 -0.000146544524 0.0
6.20674764e-05 -1.58810835e-05 0.0
-3.97467047e-05 -6.18684353e-05 0.0
-4.00405734e-05 -4.96175708e-05 0.0
-9.44196727e-05 -0.000145497543 0.0
3.64838234e-05 -3.86244574e-05 0.0
-3.3450975e-05 -0.000102303537 0.0
-2.28930639e-05 -7.38728413e-05 0.0
-5.05964854e-05 -5.32210761e-05 0.0
-9.62691556e-05 -0.000142350822 0.0
-4.10053835e-05 -0.000122658384 0.0
-7.87328972e-05 -0.000103602782 0.0
-1.48284926e-05 -0.000108061031 0.0
-6.14151431e-05 -9.80207187e-05 0.0
-7.89625483e-05 -0.00013135538 0.0
2.31599461e-05 -1.63702025e-05 0.0
-6.59003854e-05 -0.000106890911 0.0
5.81679924e-05 -6.20697465e-05 0.0
1.86562647e-05 -8.71331031e-06 0.0
4.34244976e-05 -7.59527757e-05 0.0
1.32929981e-05 -3.55930606e-05 0.0
-0.000104824845 -9.04071421e-05 0.0
-0.000110292633 -0.000143124242 0.0
-0.000121848941 -0.000119168908 0.0
8.45818286e-05 -6.05789864e-06 0.0
-1.30022272e-05 -9.1905109e-05 0.0
1.92104653e-05 -6.31987787e-05 0.0
-1.47500086e-05 -2.37394615e-05 0.0
-9.8373248e-06 -7.178534e-05 0.0
-8.02762661e-05 -9.68939639e-05 0.0
9.93054055e-05 -1.69156501e-05 0.0
5.78342951e-05 -5.86156275e-05 0.0
3.67553257e-05 -4.03405938e-05 0.0
7.08237858e-05 -1.53258406e-05 0.0
-2.98364976e-05 -7.25381542e-05 0.0
-8.02298655e-06 -5.7320216e-05 0.0
4.09834174e-05 -6.14869641e-05 0.0
5.87451905e-05 -2.61086388e-05 0.0
-4.15665136e-06 -3.87145992e-05 0.0
1.28429056e-05 -1.77689508e-05 0.0
-7.52551059e-05 -0.000177554175 0.0
3.12046541e-05 -8.2100596e-05 0.0
1.94027671e-05 -1.22911379e-05 0.0
-9.19185186e-05 -0.000112219255 0.0
8.72664168e-05 -3.79782286e-05 0.0
8.85445988e-05 -3.24041903e-05 0.0
-9.4680363e-05 -0.000122659229 0.0
5.65579721e-05 -4.15668583e-05 0.0
2.62438098e-05 -4.84632656e-05 0.0
-8.10206693e-05 -0.000149526692 0.0
-0.000129708147 -0.000136350107 0.0
-0.000105005493 -0.0001298438 0.0
1.87685464e-06 -0.000110238303 0.0
-5.52419442e-05 -0.000114598864 0.0
-7.65254008e-05 -5.81494787e-05 0.0
3.9165725e-06 -9.36057622e-05 0.0
3.89563211e-05 -5.13950408e-06 0.0
-4.79571718e-05 -0.000131989247 0.0
-4.80767158e-05 -9.19929371e-05 0.0
-0.000177693873 -0.000152727793 0.0
-2.99338512e-06 -0.000128918764 0.0
-2.48186298e-05 -0.000134562113 0.0
5.77156643e-05 -7.96382847e-06 0.0
-2.73292717e-05 -0.000103191625 0.0
-1.82060812e-05 -1.03656994e-05 0.0
-3.49313959e-05 -0.00011285441 0.0
-6.63592073e-05 -7.36013826e-05 0.0
-2.08554284e-05 -0.000102945996 0.0
-5.16485015e-05 -9.22289182e-05 0.0
-8.4320207e-05 -0.000124552622 0.0
5.08641206e-05 -3.81221616e-05 0.0
-4.94726482e-05 -0.000142438919 0.0
-1.88108042e-05 -5.50140867e-05 0.0
2.31234517e-05 -4.41463999e-05 0.0
1.1609005e-05 -0.000104418003 0.0
-2.56015519e-05 -7.48157836e-05 0.0
-0.000169216146 -0.000127635562 0.0
2.95452946e-06 -0.000112243419 0.0
-9.5857049e-06 -6.82103055e-05 0.0
3.25697292e-05 -6.85237756e-05 0.0
-6.18315753e-05 -0.000152023 0.0
0.000103633611 -2.85635342e-05 0.0
7.77535897e-05 -2.57266838e-05 0.0
-0.000143707512 -0.00014310269 0.0
-0.000139727199 -0.000159074305 0.0
-0.000156726732 -0.000159492643 0.0
-0.000149065614 -0.000130724438 0.0
-0.000111587258 -0.000175358931 0.0
-4.09318818e-05 -5.29469544e-05 0.0
-6.81811798e-05 -0.000140083692 0.0
1.56289079e-05 -0.000104427352 0.0
-1.27332141e-05 -0.000112661517 0.0
-0.00011608265 -0.000102079604 0.0
-4.62182288e-05 -5.09506353e-05 0.0
-3.05345493e-05 -7.73663633e-05 0.0
-7.41649128e-05 -0.000113182767 0.0
7.87776735e-05 -4.74825902e-05 0.0
-1.77460424e-05 -9.67374071e-05 0.0
5.05132448e-06 -7.02539328e-05 0.0
-0.000101752463 -0.000145359605 0.0
-9.85424995e-05 -0.000149234955 0.0
1.44586502e-05 -0.000104729872 0.0
-1.06134494e-05 -7.09926971e-05 0.0
-6.63810497e-05 -0.000126457817 0.0
-6.5964552e-05 -9.77079544e-05 0.0
5.26505137e-05 -6.56196862e-05 0.0
-5.19706227e-05 -7.47773083e-05 0.0
-5.77594947e-05 -0.000102188213 0.0
-4.18264281e-05 -0.000134986141 0.0
-6.36132754e-05 -6.09275521e-05 0.0
3.10819596e-05 -7.11863031e-05 0.0
-0.000105056679 -0.00014612198 0.0
9.60274556e-05 -5.20708591e-06 0.0
7.62590789e-05 -5.13760024e-05 0.0
-5.20005187e-06 -0.000117983218 0.0
-4.05961364e-05 -4.89922786e-05 0.0
7.41300901e-05 -1.62110591e-05 0.0
-1.18535513e-06 -2.09556256e-05 0.0
-3.18380771e-05 -4.16344337e-05 0.0
6.07724942e-05 -6.52771269e-05 0.0
9.63839557e-05 -2.73860005e-05 0.0
5.06883916e-05 -2.7848575e-05 0.0
0.000102948885 -2.40187092e-05 0.0
7.22484401e-05 -1.33706017e-05 0.0
5.41551599e-05 -4.63277502e-05 0.0
4.68247054e-05 -7.6548713e-05 0.0
3.4425655e-05 -2.4812104e-07 0.0
-1.37558118e-05 -8.69436772e-05 0.0
-5.55249717e-05 -5.56347259e-05 0.0
-0.000112181624 -0.000126221159 0.0
1.56564636e-06 -1.91641102e-05 0.0
-3.78161167e-05 -4.74066255e-05 0.0
-0.000152315377 -0.000170977597 0.0
-8.12156431e-05 -0.000105927436 0.0
-8.26575197e-05 -0.000110863628 0.0
-6.41732549e-05 -0.000100654688 0.0
0.000123139049 -6.86078101e-06 0.0
-5.03191332e-05 -9.03318796e-05 0.0
-7.66703452e-05 -0.000184428078 0.0
-0.000109025415 -8.77683633e-05 0.0
-9.65879444e-05 -0.000163531804 0.0
-4.14767455e-05 -0.000135180919 0.0
-2.47861026e-05 -4.85892378e-05 0.0
-6.68437424e-05 -5.10154714e-05 0.0
-3.15976577e-05 -0.000135078095 0.0
-0.000182115022 -0.000155711736 0.0
-0.000104618717 -0.00012150823 0.0
2.37546847e-05 -4.74194749e-05 0.0
-5.30809848e-05 -0.00012329992 0.0
7.63651842e-05 -3.23307431e-05 0.0
-8.87700589e-05 -0.000136531118 0.0
2.58187993e-05 -1.40197844e-05 0.0
-0.000125351842 -0.000122692902 0.0
-0.000182002826 -0.0001645132 0.0
-4.12676563e-05 -8.99745719e-05 0.0
-4.55922282e-06 -1.50326405e-05 0.0
-0.00011643381 -0.000148392253 0.0
-1.19087035e-05 -1.18444796e-05 0.0
-0.000182219999 -0.000174397312 0.0
-1.74474244e-05 -0.000139022493 0.0
-8.27956683e-05 -0.000169461186 0.0
-0.000127363455 -0.00013035156 0.0
8.31034922e-05 -3.60534091e-06 0.0
-0.000125651015 -0.000146979757 0.0
4.29471584e-05 -5.44341019e-05 0.0
-0.000117679301 -0.000101767786 0.0
3.23571621e-05 -8.44921524e-05 0.0
-7.26208164e-05 -0.000155490561 0.0
-2.22040417e-05 -0.000121991929 0.0
-3.77251899e-06 -9.21880055e-05 0.0
-0.000178080561 -0.000138434538 0.0
-8.98442086e-05 -8.42390655e-05 0.0
-8.26084579e-05 -0.000110489382 0.0
4.87584402e-05 -3.24584471e-05 0.0
0.000105539242 -2.07836019e-05 0.0
-7.00445025e-06 -6.78690994e-05 0.0
6.49335416e-05 -2.03076997e-05 0.0
-9.08463844e-05 -0.00014203912 0.0
-0.000139142183 -0.000128306769 0.0
-1.78328846e-05 -7.4741256e-05 0.0
-9.3030787e-05 -0.000125660823 0.0
6.63674946e-05 -5.48701337e-06 0.0
-0.000107806613 -0.000168365223 0.0
7.88101534e-05 -7.8625435e-06 0.0
-5.25230062e-05 -9.29146991e-05 0.0
1.42553263e-05 -6.71535745e-05 0.0
-0.000167494858 -0.000161192482 0.0
7.22492996e-06 -0.000100650876 0.0
-7.19118398e-05 -0.000134288857 0.0
4.91159117e-05 -2.02933588e-05 0.0
6.29733113e-05 -2.05817196e-05 0.0
5.24947682e-05 -3.23487911e-05 0.0
2.55904652e-05 -2.12604336e-05 0.0
-7.21480683e-05 -5.88557596e-05 0.0
-9.58329983e-05 -0.000112869202 0.0
-0.00015552374 -0.000123101781 0.0
-6.72854221e-05 -0.000171851076 0.0
1.64769917e-05 -5.605564e-05 0.0
4.98661466e-05 -5.61337365e-05 0.0
-2.6134825e-05 -2.45844876e-05 0.0
-5.2571686e-05 -5.17297631e-05 0.0
-4.64020741e-05 -0.000156336318 0.0
-0.000130745451 -0.000149545464 0.0
-4.84759621e-05 -0.000146414342 0.0
-2.63506026e-05 -0.000119789649 0.0
9.7822347e-05 -3.6395475e-05 0.0
3.09190625e-07 -7.4415344e-05 0.0
-0.000113457376 -0.000134042682 0.0
4.47919665e-05 -3.43838947e-05 0.0
-0.000101812351 -0.00015441158 0.0
-4.15748837e-05 -7.94103689e-05 0.0
-9.6227277e-06 -2.5029487e-05 0.0
-5.69596086e-05 -9.55681098e-05 0.0
-1.06682983e-05 -7.18353549e-05 0.0
8.7015811e-05 -4.26748629e-05 0.0
-0.000181162613 -0.000162463548 0.0
4.00111785e-05 -4.02530304e-06 0.0
-1.49168955e-05 -7.5260119e-05 0.0
-0.00014591089 -0.000151017492 0.0
8.19574052e-05 -1.58261973e-05 0.0
-7.65961522e-05 -0.000144709367 0.0
1.95859029e-05 -5.97673761e-06 0.0
-5.18869747e-05 -0.000133784182 0.0
2.12755131e-05 -5.02434705e-05 0.0
6.74359471e-05 -3.36743396e-05 0.0
4.93638508e-05 -4.56964699e-05 0.0
-0.000134637157 -0.000144849182 0.0
-3.37273705e-05 -8.06686949e-05 0.0
-8.60510117e-05 -0.000151295695 0.0
-1.06067282e-05 -0.000119613491 0.0
-2.58527348e-06 -9.17366651e-06 0.0
-7.28712548e-05 -9.20915627e-05 0.0
-9.43019331e-05 -0.000161360047 0.0
-2.77191084e-05 -2.8628343e-05 0.0
9.27027359e-05 1.29547618e-06 0.0
-3.6411177e-06 -0.000131866153 0.0
4.63568176e-06 -0.000111118316 0.0
9.3133358e-06 -8.75990372e-05 0.0
-0.00010526945 -0.000147418687 0.0
4.42663668e-06 -2.85711758e-05 0.0
-3.89850975e-05 -4.22397134e-05 0.0
-5.95961592e-06 -5.14046151e-05 0.0
-0.000149252606 -0.000161324846 0.0
-0.000104925472 -0.000161070391 0.0
7.05769344e-05 -5.40888941e-05 0.0
-6.22244625e-05 -0.000111318252 0.0
-8.34312086e-05 -6.4824264e-05 0.0
-9.7678545e-05 -0.000166280355 0.0
-0.000146380276 -0.000157959221 0.0
-3.6345984e-05 -8.82785171e-05 0.0
-9.50972681e-05 -0.000128825413 0.0
-1.16417059e-05 -7.97540779e-05 0.0
2.51494089e-06 -4.71822459e-05 0.0
-2.81049543e-05 -3.07069859e-05 0.0
-0.000140136748 -0.000161366304 0.0
9.40975297e-05 -4.28834646e-05 0.0
-3.08868366e-05 -0.000127681167 0.0
-7.32459011e-05 -0.000102252961 0.0
-0.000169188512 -0.000124663857 0.0
-1.21832454e-05 -5.10950777e-05 0.0
-1.10555984e-05 -7.02642283e-05 0.0
-7.6506476e-06 -4.85071869e-05 0.0
1.14111572e-05 -0.000105508341 0.0
9.269168e-06 -0.000110546571 0.0
-9.05106117e-06 -4.20096148e-05 0.0
0.000129413194 -1.98997486e-06 0.0
-3.48284739e-05 -2.78888856e-05 0.0
-4.17779338e-05 -9.88808315e-05 0.0
-1.53091969e-05 -1.09427692e-05 0.0
2.21751161e-05 -8.62000597e-05 0.0
-1.93784472e-05 -0.000114375558 0.0
-0.00010693603 -0.000148126957 0.0
3.94575436e-05 -7.6600656e-05 0.0
0.000101537218 -2.920117e-05 0.0
-0.000106429834 -0.000176177433 0.0
5.1893061e-05 -7.0388538e-05 0.0
-0.000128341839 -0.000144197824 0.0
1.78811788e-05 -8.67659182e-05 0.0
9.55580163e-06 -1.56539299e-05 0.0
-1.23920163e-05 -7.13788759e-05 0.0
3.65001542e-05 -3.23827662e-05 0.0
-5.87136492e-05 -0.000150806314 0.0
-5.63609647e-05 -0.000139961528 0.0
-7.05837156e-05 -0.000178680057 0.0
-1.7208602e-05 -7.03768528e-05 0.0
-2.32919901e-05 -9.15192359e-05 0.0
5.40348992e-05 3.95553707e-06 0.0
8.70863551e-06 -2.38138546e-05 0.0
8.24727704e-06 -7.11368193e-05 0.0
-0.000104201972 -0.000136807081 0.0
3.01950276e-05 -3.51815265e-06 0.0
-2.40210484e-05 -7.78556641e-05 0.0
-9.72290072e-05 -9.7113123e-05 0.0
5.35488689e-05 -5.47496602e-05 0.0
1.15670027e-05 -2.02480987e-05 0.0
3.97818148e-05 -8.32054939e-05 0.0
-5.73516663e-05 -9.62194899e-05 0.0
-0.000128201267 -0.000123849124 0.0
-4.62608295e-05 -0.00011284541 0.0
5.87083341e-05 -6.07507754e-05 0.0
-5.74898222e-05 -5.20020367e-05 0.0
-0.000119906937 -0.000169659077 0.0
-8.3838524e-05 -0.000109350665 0.0
-7.16008071e-05 -0.000106613297 0.0
-8.73009776e-05 -0.000139232317 0.0
0.000120898352 -1.57845534e-05 0.0
-0.000118871561 -9.599646e-05 0.0
-7.05124476e-05 -7.7124394e-05 0.0
-2.62799931e-05 -2.40828867e-05 0.0
-0.00012869871 -0.000125726205 0.0
-6.27786212e-05 -5.87333816e-05 0.0
-8.54109239e-05 -0.000144699326 0.0
-5.49381039e-05 -5.67304196e-05 0.0
-0.000112141104 -0.000149726024 0.0
0.000117412332 -2.20296406e-05 0.0
-7.13976478e-05 -9.92848145e-05 0.0
-0.000102204649 -0.000172199536 0.0
-1.25352954e-05 -0.000107178799 0.0
-0.000114583818 -9.79372489e-05 0.0
-9.72281268e-05 -0.00014042377 0.0
-7.87505087e-06 -5.09435013e-05 0.0
-8.68081188e-05 -0.000131094101 0.0
-5.37078886e-05 -5.6449775e-05 0.0
1.23163281e-05 -4.84028205e-05 0.0
6.50372094e-05 -2.34081908e-05 0.0
0.000123050209 -1.22806405e-05 0.0
4.32121014e-05 -7.27461738e-05 0.0
-0.000124013415 -0.000146536666 0.0
-2.96196849e-05 -2.93644298e-05 0.0
-9.50938484e-05 -0.000162165205 0.0
-7.60026523e-05 -0.000125140476 0.0
-1.02060694e-05 -0.000107796695 0.0
3.57721801e-05 1.57398972e-06 0.0
-2.39273481e-06 -0.00010748062 0.0
-9.32849798e-05 -0.000160379917 0.0
4.12617146e-06 -0.000118883363 0.0
-5.9531325e-05 -8.03565417e-05 0.0
-3.83439783e-06 -8.80905427e-05 0.0
-2.43273007e-05 -1.85332665e-05 0.0
8.89613002e-05 -7.48583989e-06 0.0
6.35164906e-05 4.99796579e-06 0.0
3.12584489e-05 -6.37074627e-05 0.0
-6.1034425e-05 -0.00011962399 0.0
-8.34873117e-06 -3.06345428e-05 0.0
-1.06287316e-05 -4.54472865e-05 0.0
4.60658339e-05 -6.30634313e-05 0.0
-0.00011138674 -0.000126449653 0.0
2.47176667e-05 -3.31356823e-05 0.0
2.16359604e-05 -7.39096067e-05 0.0
-7.02378675e-05 -0.000103203325 0.0
-2.06984623e-05 -8.71499215e-05 0.0
-2.97900333e-05 -6.37324192e-05 0.0
7.10847307e-05 -9.0469257e-06 0.0
-0.000126475221 -0.000107814572 0.0
-8.11285063e-05 -0.000136173941 0.0
-2.98755713e-05 -4.32052984e-05 0.0
1.74645556e-05 -8.80178595e-06 0.0
-7.18440133e-05 -6.68814173e-05 0.0
-8.14525265e-05 -0.000182139192 0.0
-6.60646183e-05 -0.000162176133 0.0
-6.40704093e-05 -4.95806016e-05 0.0
7.95824453e-05 -3.35932928e-05 0.0
2.16448962e-06 -1.88335962e-05 0.0
1.4804411e-05 -0.000105262799 0.0
-5.79374173e-05 -0.0001477818 0.0
-2.81008688e-05 -3.61936836e-05 0.0
-8.23627488e-05 -0.000106554951 0.0
-0.000117349082 -0.000132118177 0.0
3.36567136e-05 -8.47439733e-05 0.0
-3.04660466e-06 -1.98826692e-05 0.0
5.16385226e-05 -6.34908502e-05 0.0
4.5651399e-05 -1.04374021e-05 0.0
-6.27246845e-05 -0.000102125727 0.0
-1.37504467e-05 -0.000139440817 0.0
2.24778287e-05 -4.95687927e-05 0.0
6.20410574e-05 -5.22525188e-05 0.0
6.5644701e-05 -5.25954565e-05 0.0
-6.13085795e-05 -9.49336609e-05 0.0
-2.24721134e-05 -2.96023754e-05 0.0
0.000102866863 -9.58102464e-06 0.0
-3.87914151e-05 -0.000141401761 0.0
-6.71818634e-05 -0.000100611105 0.0
0.000110075693 -2.77478157e-05 0.0
-3.51103263e-05 -8.10951751e-05 0.0
2.67442974e-05 -5.6059198e-05 0.0
-2.11967945e-05 -6.5395383e-05 0.0
0.000118836921 -1.88746362e-05 0.0
3.80686834e-05 -4.16859511e-05 0.0
-0.000143771555 -0.000144590958 0.0
-5.69365184e-05 -0.000146452978 0.0
-3.22992237e-05 -0.000134534333 0.0
-2.7776141e-05 -9.39170495e-05 0.0
-3.9585746e-05 -8.38982814e-05 0.0
-1.68871193e-05 -1.81079322e-05 0.0
-5.2706655e-06 -6.45139298e-05 0.0
1.44980477e-05 -5.36064654e-05 0.0
3.47159003e-05 -9.91607521e-06 0.0
-0.000106808868 -8.821542e-05 0.0
-4.73669061e-05 -6.30591312e-05 0.0
-5.8073143e-05 -0.000139818105 0.0
-8.88306531e-05 -0.000154416019 0.0
-0.000183744254 -0.000142798031 0.0
-3.4424389e-05 -4.53403845e-05 0.0
-1.04394576e-05 -6.36541663e-05 0.0
7.79873881e-05 -9.55849464e-06 0.0
1.12143252e-05 -6.07921211e-05 0.0
-0.000135165494 -0.000122213765 0.0
2.65415256e-05 -9.44542408e-05 0.0
-9.20463935e-06 -9.6806536e-05 0.0
-4.79972405e-05 -8.96487109e-05 0.0
9.44753774e-05 -3.98632837e-05 0.0
-0.000114124981 -0.000113719638 0.0
-9.03597247e-05 -0.000121710014 0.0
1.17797081e-05 -7.82394545e-06 0.0
8.94466357e-05 1.45635249e-06 0.0
0.000102689854 -2.80950899e-05 0.0
-1.64822961e-06 -0.000101282014 0.0
-8.81762244e-05 -7.95161759e-05 0.0
-4.36168193e-05 -0.000125439692 0.0
-0.000144423291 -0.000119058546 0.0
-3.96078758e-06 -5.97733815e-05 0.0
-5.30041179e-05 -0.000106574123 0.0
1.26600116e-05 -8.89201619e-05 0.0
-3.02225544e-05 -4.65939083e-05 0.0
4.01319085e-05 -5.34225837e-05 0.0
-2.35959978e-05 -0.000118089083 0.0
-8.0128535e-05 -0.000115197843 0.0
3.7564314e-05 -4.69710394e-05 0.0
3.29641698e-05 -4.26134466e-05 0.0
-9.73419228e-05 -8.15192834e-05 0.0
0.000136665985 -1.05296135e-06 0.0
-9.19929807e-05 -8.27304102e-05 0.0
-5.18987781e-06 -0.000103265003 0.0
-0.000144126228 -0.000152792083 0.0
-0.000186220495 -0.000175803667 0.0
6.38122438e-05 -6.26707697e-05 0.0
3.83190445e-06 -8.67617346e-05 0.0
7.87282625e-05 -9.8544615e-06 0.0
-0.000157776667 -0.00014334431 0.0
-9.80772256e-06 -4.80068993e-05 0.0
-9.13965559e-05 -0.000105532163 0.0
-0.000178917864 -0.000132802437 0.0
-0.000113672839 -9.61905171e-05 0.0
0.00011446693 -1.28113188e-05 0.0
-1.95880148e-05 -0.000130160974 0.0
-6.1380204e-05 -5.08505946e-05 0.0
3.61560524e-05 -4.03428603e-05 0.0
-2.59394398e-07 -2.58904893e-05 0.0
-5.15684733e-05 -0.000159543313 0.0
-4.99505368e-05 -9.89163018e-05 0.0
-1.32872117e-06 -6.7114197e-05 0.0
9.43905616e-05 -1.72259588e-05 0.0
0.000100388737 -2.44969287e-05 0.0
-8.83463726e-05 -7.80893679e-05 0.0
7.72557687e-05 -5.52846177e-05 0.0
-7.93834479e-05 -0.000156174385 0.0
8.72361998e-05 -2.26319116e-05 0.0
-4.32962543e-06 -0.000109051718 0.0
1.21980584e-05 -7.15536153e-05 0.0
-7.88213874e-05 -6.68561479e-05 0.0
1.12304826e-06 -0.000112105197 0.0
7.43506826e-05 -4.13716152e-05 0.0
-0.000104935207 -0.00013081028 0.0
-5.54923827e-05 -0.000140881719 0.0
-3.48165267e-05 -8.03174407e-05 0.0
-0.000184369346 -0.00016540935 0.0
-4.38427596e-05 -8.62476154e-05 0.0
2.24295127e-06 -2.19937974e-05 0.0
-0.000103223552 -0.00014172736 0.0
-0.000102844162 -0.000117705182 0.0
7.20711832e-05 -2.32547518e-05 0.0
-8.16478641e-05 -8.47294068e-05 0.0
-3.0071933e-06 -4.99459929e-05 0.0
6.73267059e-05 -3.3322729e-05 0.0
-8.90290321e-05 -0.000161805699 0.0
-4.2876618e-06 -0.000121877711 0.0
-3.65208325e-05 -0.000130336528 0.0
3.42550993e-05 -7.58682072e-05 0.0
-0.000173064676 -0.000166751852 0.0
-0.000129438122 -0.000111445079 0.0
-7.73914726e-05 -0.000166639569 0.0
4.48225637e-06 -0.000123693608 0.0
2.55835657e-05 -7.83074793e-05 0.0
-0.000101263897 -0.000117588592 0.0
-6.75714036e-05 -0.000174713059 0.0
-4.63153701e-05 -0.000165679041 0.0
-3.78217483e-05 -8.5346277e-05 0.0
-0.000160291514 -0.000161861433 0.0
4.92123363e-05 -3.26966256e-05 0.0
-2.77989366e-05 -0.00012231365 0.0
-1.30370981e-05 -2.48614524e-05 0.0
-6.39606951e-05 -6.46980552e-05 0.0
-2.73249116e-05 -0.00014563468 0.0
-9.98691248e-05 -0.000123499747 0.0
6.0123577e-05 -4.55792506e-05 0.0
3.89452616e-05 -1.10254314e-06 0.0
-0.000146264356 -0.00014804423 0.0
4.64178629e-05 -7.13868867e-05 0.0
-8.13816951e-05 -5.91146527e-05 0.0
-9.33687697e-05 -0.000112953232 0.0
0.000114820039 -2.47685075e-05 0.0
-0.000124661252 -0.000144192483 0.0
-0.000144908321 -0.000158547948 0.0
-7.75842564e-05 -0.000119673387 0.0
-1.96938504e-06 -7.92213541e-05 0.0
-3.24994573e-07 -0.000116993338 0.0
7.18059237e-05 -1.43409097e-05 0.0
-1.80846814e-06 -7.92956598e-06 0.0
-4.79332593e-05 -0.000128237531 0.0
-4.48672254e-05 -0.000144082805 0.0
8.71369339e-05 -2.91812485e-05 0.0
-0.000117751595 -0.000138125615 0.0
-8.50120632e-05 -6.96361822e-05 0.0
6.73503891e-05 -1.96237706e-05 0.0
-1.69625982e-05 -4.44341458e-05 0.0
1.66416539e-05 -8.05559393e-05 0.0
6.41162842e-05 -2.08319598e-05 0.0
-7.5860451e-05 -0.000150975757 0.0
-1.42706522e-05 -5.96314858e-05 0.0
-0.000147446277 -0.000154315741 0.0
-5.29658937e-05 -9.5788062e-05 0.0
-0.00012667483 -0.00014277047 0.0
-4.82819378e-05 -8.85118643e-05 0.0
4.65780577e-05 4.68598182e-06 0.0
-3.87771615e-05 -8.3999148e-05 0.0
-0.000148453706 -0.000167516875 0.0
5.73507386e-05 -2.62905141e-05 0.0
-7.06807114e-05 -8.79974541e-05 0.0
-9.45291104e-05 -0.000116639771 0.0
-2.36079886e-05 -7.20034732e-05 0.0
4.651381e-06 -1.61645057e-05 0.0
2.65429298e-05 -1.11237105e-05 0.0
