0.00145609572 -0.000449057959 0.0
0.00143365096 -0.000448210776 0.0
0.00144220539 -0.000452709588 0.0
0.00144872745 -0.000449413317 0.0
0.000237007567 -0.0004534045 0.0
0.000268408796 -0.000445344136 0.0
0.000294165511 -0.000440790725 0.0
0.000285969698 -0.000394486997 0.0
0.00187230494 -0.000440790725 0.0
0.00184654829 -0.000445344136 0.0
0.00181514712 -0.0004534045 0.0
0.000547386066 -0.000675770279 0.0
0.000534774212 -0.000689404609 0.0
0.000520871661 -0.000699550263 0.0
0.000550379744 -0.000679563149 0.0
0.00014473543 -4.34280264e-05 0.0
0.000158637951 -3.3282362e-05 0.0
0.000171249834 -1.96480469e-05 0.0
0.000986204715 -0.000706716673 0.0
0.000977422227 -0.000683756545 0.0
0.00096828572 -0.000662786246 0.0
0.000921894331 -0.000679499703 0.0
0.000592149445 -6.6640082e-06 0.0
0.000601285952 -2.76343126e-05 0.0
0.000610068499 -5.05944117e-05 0.0
0.0014421267 2.46432501e-05 0.0
0.00141679717 -2.14999945e-05 0.0
0.00141880172 -9.84981853e-06 0.0
0.001439824 1.49353964e-05 0.0
0.00173257 -0.000534522638 0.0
0.00173751079 -0.000542549824 0.0
0.00174471014 -0.000547679607 0.0
0.00171220314 -0.00053476519 0.0
0.000166570651 -0.000547679607 0.0
0.00015937128 -0.000542549824 0.0
0.000154430498 -0.000534522638 0.0
0.000693678623 -0.000516617147 0.0
0.00066866714 -0.000561409805 0.0
0.000672602386 -0.000549693592 0.0
0.000691015273 -0.000524093746 0.0
0.00145686441 -0.000531032449 0.0
0.00143120694 -0.000499125221 0.0
0.0014521752 -0.000514701067 0.0
0.00143530872 -0.000510133163 0.0
0.000965515443 -0.000248444034 0.0
0.000941039296 -0.000228638441 0.0
0.000963242433 -0.000244539027 0.0
0.000942886574 -0.000234631487 0.0
0.000152017325 -8.02103386e-05 0.0
0.00012595742 -7.88492034e-05 0.0
0.000103262377 -7.79131442e-05 0.0
0.000153599525 -0.000146729973 0.0
0.000150606866 -0.000106506421 0.0
0.000123857375 -0.00011008681 0.0
0.00168140186 -7.79131442e-05 0.0
0.00170409691 -7.88492034e-05 0.0
0.00173015683 -8.02103386e-05 0.0
0.000373786635 -0.000305043068 0.0
0.000346728571 -0.000203191172 0.0
0.000384286745 -0.000250688638 0.0
0.000338218088 -0.000259688211 0.0
0.000474321569 -0.000211134815 0.0
0.000447428669 -0.000136518822 0.0
0.000482636067 -0.000181455718 0.0
0.000439423748 -0.000169828942 0.0
0.00100365875 -0.000269837241 0.0
0.00098258513 -0.000254236598 0.0
0.000996153569 -0.000258634478 0.0
0.000992410467 -0.000260356232 0.0
0.00162648782 -0.000368609501 0.0
0.00160304457 -0.000291710981 0.0
0.00162291981 -0.000348288071 0.0
0.00160674856 -0.000309127761 0.0
0.000758238835 -0.000421021366 0.0
0.000730542175 -0.000468848652 0.0
0.000732955465 -0.000457577873 0.0
0.000757323869 -0.000439736119 0.0
0.0012479024 -8.62803281e-05 0.0
0.00122020626 -0.000180115443 0.0
0.00121208071 -0.000146146689 0.0
0.00125592377 -0.000114389339 0.0
0.000376136246 -0.000656122225 0.0
0.0 0.0 0.0
0.00157813949 0.0 0.0
0.00195427565 -0.000656122225 0.0
0.0014567154 -0.000449957384 0.0
0.00145686744 -0.000450356194 0.0
0.00145640085 -0.000450847816 0.0
0.00145485264 -0.00045155079 0.0
0.00145265833 -0.000453816931 0.0
0.00144946331 -0.000457095564 0.0
0.00144672976 -0.000458560302 0.0
0.00144392217 -0.000456653623 0.0
0.0014405041 -0.00045355584 0.0
0.00143768813 -0.000450791034 0.0
0.00143532362 -0.000449130544 0.0
0.00143276423 -0.000447797647 0.0
0.00143269903 -0.000447547325 0.0
0.00143343292 -0.000447227969 0.0
0.00143482361 -0.000447290513 0.0
0.00143740606 -0.000447690545 0.0
0.00144190935 -0.000448505016 0.0
0.00144625467 -0.000447541359 0.0
0.00144938717 -0.000446559978 0.0
0.00145165238 -0.000446942839 0.0
0.0014536021 -0.000447275408 0.0
0.00145513075 -0.000448237144 0.0
0.00144551217 -0.000451282249 0.0
0.000246728916 -0.000450658816 0.0
0.000257084117 -0.000448061706 0.0
0.000279027299 -0.000443087367 0.0
0.000287571514 -0.00044165508 0.0
0.000299639942 -0.000430765329 0.0
0.000303618232 -0.000418650598 0.0
0.000305272784 -0.000407343556 0.0
0.000304745365 -0.000400136516 0.0
0.00030240562 -0.000397374155 0.0
0.000298410945 -0.000395463809 0.0
0.00029303733 -0.000394605828 0.0
0.000277843588 -0.000396043237 0.0
0.000268952776 -0.000399741286 0.0
0.000260092609 -0.000406058622 0.0
0.00025216752 -0.000414134818 0.0
0.000246078038 -0.000422593032 0.0
0.000241024623 -0.000431009801 0.0
0.000237712418 -0.000441890559 0.0
0.00186571106 -0.00044165508 0.0
0.00185716676 -0.000443087367 0.0
0.00183522364 -0.000448061706 0.0
0.00182486838 -0.000450658816 0.0
0.00181829708 -0.000460654235 0.0
0.00182353146 -0.000464913814 0.0
0.00183000974 -0.000465574703 0.0
0.00183694775 -0.000465365185 0.0
0.00184366386 -0.000463238102 0.0
0.00185112085 -0.000460341107 0.0
0.00185880193 -0.000456568989 0.0
0.00186634983 -0.000450000225 0.0
0.000544248323 -0.000678184966 0.0
0.000540207722 -0.000682211015 0.0
0.000528665376 -0.000696402567 0.0
0.000523955154 -0.000699052645 0.0
0.000521640177 -0.000699174299 0.0
0.000523913011 -0.000699012831 0.0
0.000527459837 -0.000697961194 0.0
0.00053178845 -0.000695593131 0.0
0.000536633015 -0.000692112313 0.0
0.000541621237 -0.000688687316 0.0
0.000546584721 -0.00068519474 0.0
0.000552899379 -0.000672693073 0.0
0.000553425809 -0.000667710381 0.0
0.000553907128 -0.00066649291 0.0
0.000553864927 -0.000667315209 0.0
0.000553915743 -0.000669728441 0.0
0.000552795595 -0.000672141032 0.0
0.000550657278 -0.000673691276 0.0
0.000147818893 -4.293042e-05 0.0
0.000152529145 -4.02802943e-05 0.0
0.000164071462 -2.60887718e-05 0.0
0.000168112063 -2.20627262e-05 0.0
0.000167531136 -2.20898237e-05 0.0
0.000163943434 -2.47473545e-05 0.0
0.000160203272 -2.79360047e-05 0.0
0.000155807298 -3.11977637e-05 0.0
0.0001518098 -3.8429931e-05 0.0
0.00014843847 -4.66560086e-05 0.0
0.000146957114 -4.84485063e-05 0.0
0.000146289502 -4.67786667e-05 0.0
0.000145102618 -4.45799415e-05 0.0
0.000982462429 -0.000696875097 0.0
0.000972292037 -0.000671806745 0.0
0.00095995114 -0.000656092656 0.0
0.000951016671 -0.000651462527 0.0
0.000941972889 -0.000649291323 0.0
0.000933991687 -0.000649502035 0.0
0.00092732755 -0.000652383431 0.0
0.000922931067 -0.000656737015 0.0
0.00092012668 -0.000662393984 0.0
0.000919390237 -0.000670362322 0.0
0.000927221903 -0.000687975727 0.0
0.000933924282 -0.000694909424 0.0
0.000941682258 -0.00070129137 0.0
0.000949987734 -0.000706915394 0.0
0.000958660443 -0.000711050874 0.0
0.000967106142 -0.000712865207 0.0
0.000974666036 -0.000712971843 0.0
0.000981365214 -0.000710701395 0.0
0.000596155762 -1.5684509e-05 0.0
0.000606326212 -4.0752846e-05 0.0
0.000613133307 -4.43052922e-05 0.0
0.000613357523 -3.64673651e-05 0.0
0.0006108667 -2.81438188e-05 0.0
0.000606089481 -2.10368762e-05 0.0
0.000599968946 -1.41377504e-05 0.0
0.00143638544 2.47349926e-05 0.0
0.0014296138 2.31064678e-05 0.0
0.00142264005 1.88296835e-05 0.0
0.00141555001 1.39036611e-05 0.0
0.00140869815 8.09329504e-06 0.0
0.00140360161 2.58985608e-07 0.0
0.00139935629 -1.15037728e-05 0.0
0.00139996794 -1.88255854e-05 0.0
0.0014030044 -2.37584773e-05 0.0
0.00140728848 -2.48322795e-05 0.0
0.00141203974 -2.38291614e-05 0.0
0.00142222596 -1.8600078e-05 0.0
0.00142734137 -1.45982085e-05 0.0
0.00143227726 -9.54221559e-06 0.0
0.00143671513 -3.08821359e-06 0.0
0.00144059327 5.08856465e-06 0.0
0.00144300493 1.32106015e-05 0.0
0.00144505047 1.79251947e-05 0.0
0.00144790299 1.92047246e-05 0.0
0.00144886889 2.00492232e-05 0.0
0.00144842197 2.13425319e-05 0.0
0.00144615059 2.3139306e-05 0.0
0.00142951903 4.05408673e-06 0.0
0.0017336657 -0.000538458291 0.0
0.00174189161 -0.000545828487 0.0
0.00174454076 -0.000549032993 0.0
0.00174399838 -0.000550541212 0.0
0.00174316694 -0.000552011945 0.0
0.00174039789 -0.000552227371 0.0
0.00173529575 -0.000549217744 0.0
0.00173029792 -0.000545377552 0.0
0.00172504084 -0.00054118922 0.0
0.00171988073 -0.000537763583 0.0
0.00171533914 -0.000535414671 0.0
0.0017104689 -0.000535025029 0.0
0.0017098937 -0.000536250183 0.0
0.00171067682 -0.000537296757 0.0
0.00171271071 -0.000537914049 0.0
0.00171558291 -0.000538067252 0.0
0.00172066363 -0.000538217369 0.0
0.00172514329 -0.000536885345 0.0
0.00172886474 -0.000533838465 0.0
0.00173069164 -0.000533309008 0.0
0.000163752062 -0.000545828487 0.0
0.000155526199 -0.000538458291 0.0
0.000156488299 -0.000537921151 0.0
0.000159394855 -0.000541141373 0.0
0.000162306897 -0.00054350117 0.0
0.000164669589 -0.000545407704 0.0
0.000166066719 -0.000546502939 0.0
0.000689440349 -0.000518504821 0.0
0.0006849622 -0.000521079462 0.0
0.000679765886 -0.000523881637 0.0
0.000675080868 -0.000527384167 0.0
0.00067071768 -0.000531636178 0.0
0.000666172011 -0.000536236214 0.0
0.000661882339 -0.000544285169 0.0
0.000660160673 -0.000553458463 0.0
0.000659988727 -0.000559659267 0.0
0.000660755322 -0.000562526227 0.0
0.000662786013 -0.000563328213 0.0
0.000665240921 -0.000562329136 0.0
0.000673192204 -0.000559274922 0.0
0.000678376528 -0.000556171988 0.0
0.000684155908 -0.000551365898 0.0
0.000689718756 -0.000545228017 0.0
0.000694290909 -0.00053903478 0.0
0.000698266493 -0.000531269237 0.0
0.000700625184 -0.000523335882 0.0
0.000702130608 -0.000518346555 0.0
0.000702610647 -0.000516343978 0.0
0.000701881829 -0.00051585678 0.0
0.000700274075 -0.00051546545 0.0
0.000697357405 -0.000515678898 0.0
0.000681930687 -0.000535982952 0.0
0.00146125921 -0.00053118862 0.0
0.00146416039 -0.000529671961 0.0
0.00146568555 -0.000527295342 0.0
0.00146594911 -0.000523806375 0.0
0.00146396121 -0.000519807625 0.0
0.00145995116 -0.000515543798 0.0
0.00145486475 -0.000511635502 0.0
0.00144924375 -0.000507270393 0.0
0.00144282228 -0.000503401679 0.0
0.00143667543 -0.000500245311 0.0
0.00142692705 -0.000499185524 0.0
0.00142393273 -0.000500518479 0.0
0.00142281526 -0.000502231997 0.0
0.00142341573 -0.0005040057 0.0
0.00142587081 -0.00050486275 0.0
0.00142851239 -0.000506751239 0.0
0.00143260707 -0.000511858205 0.0
0.00143864134 -0.000518630957 0.0
0.00144493859 -0.000524873205 0.0
0.00145132188 -0.000529160025 0.0
0.00144364347 -0.000512876548 0.0
0.000969077984 -0.000248264725 0.0
0.000971497502 -0.000248234923 0.0
0.000972420035 -0.000247977907 0.0
0.000971424102 -0.000247986987 0.0
0.000970400637 -0.000248054188 0.0
0.000969617104 -0.000246018724 0.0
0.000966617547 -0.000241390415 0.0
0.000961946673 -0.00023632888 0.0
0.000956538599 -0.000233787432 0.0
0.000951536116 -0.000232078659 0.0
0.000946049287 -0.000229953905 0.0
0.000936705444 -0.0002282801 0.0
0.000933949254 -0.000228505029 0.0
0.000932657626 -0.000228665114 0.0
0.000932072347 -0.000229359546 0.0
0.000933007221 -0.000231739439 0.0
0.000936092576 -0.000235715706 0.0
0.000940166763 -0.000238816487 0.0
0.00094508013 -0.000241476781 0.0
0.000950362941 -0.000243384842 0.0
0.000955358963 -0.000245645584 0.0
0.000960515754 -0.000247383083 0.0
0.000953076524 -0.000239767629 0.0
0.000140377248 -7.95603628e-05 0.0
0.000112573776 -7.82769348e-05 0.0
9.92815258e-05 -8.31647485e-05 0.0
9.78831813e-05 -8.9855479e-05 0.0
9.87488238e-05 -9.62540435e-05 0.0
0.000101679558 -0.000101187419 0.0
0.000105789724 -0.000106553794 0.0
0.000111575122 -0.000115508024 0.0
0.000120141383 -0.000126674771 0.0
0.000130980276 -0.000137636423 0.0
0.000142596982 -0.000144143254 0.0
0.000163199773 -0.000146826846 0.0
0.000170773375 -0.000145195823 0.0
0.000176486385 -0.000142606659 0.0
0.00018088863 -0.000138899108 0.0
0.000182649615 -0.000132759 0.0
0.000181925905 -0.000122936312 0.0
0.000178091446 -0.000111003828 0.0
0.000171600681 -9.88883185e-05 0.0
0.000162563185 -8.85113041e-05 0.0
0.00169071322 -7.82769348e-05 0.0
0.00171851669 -7.95603628e-05 0.0
0.00171854568 -7.42085103e-05 0.0
0.00170717691 -7.13511763e-05 0.0
0.00169658393 -7.12151814e-05 0.0
0.00168790529 -7.39511161e-05 0.0
0.000387929875 -0.000304252142 0.0
0.000399484939 -0.00029995176 0.0
0.000408056774 -0.000293105171 0.0
0.000413197733 -0.000284004404 0.0
0.000414961309 -0.000273366226 0.0
0.000413613277 -0.000263441267 0.0
0.000409190427 -0.000253527629 0.0
0.00040132401 -0.000241147136 0.0
0.000389450841 -0.000226008953 0.0
0.000375658652 -0.000214331332 0.0
0.000361134997 -0.000206394965 0.0
0.000333585776 -0.000203715201 0.0
0.000322051375 -0.000206772806 0.0
0.000313088181 -0.000212290266 0.0
0.000307048816 -0.000219954469 0.0
0.000303962384 -0.000230103818 0.0
0.00030520765 -0.000244118593 0.0
0.000311107869 -0.000261142384 0.0
0.000319488114 -0.000275709433 0.0
0.000330683426 -0.00028730178 0.0
0.00034395972 -0.000296002749 0.0
0.000358734047 -0.000302083499 0.0
0.000361366925 -0.000254508574 0.0
0.000484722696 -0.00021026234 0.0
0.000493112253 -0.000207105142 0.0
0.000499307644 -0.000202549374 0.0
0.000503182644 -0.000196773937 0.0
0.000504830328 -0.000189500381 0.0
0.000502364477 -0.000179745053 0.0
0.000497082015 -0.000169476014 0.0
0.000489881611 -0.000160401862 0.0
0.000480998278 -0.000152156324 0.0
0.000470498548 -0.000144919803 0.0
0.000458875584 -0.000138890755 0.0
0.000437252776 -0.000137415685 0.0
0.000428829429 -0.000140222255 0.0
0.000422336481 -0.000145248574 0.0
0.000418446434 -0.000153681394 0.0
0.000417562289 -0.000163402437 0.0
0.000419799762 -0.000173346882 0.0
0.000425154169 -0.000182045027 0.0
0.000432198023 -0.000189645565 0.0
0.000441151002 -0.000196984998 0.0
0.00045169107 -0.000204056967 0.0
0.000463033473 -0.000209082835 0.0
0.00046101326 -0.000175422218 0.0
0.0010061455 -0.000270035729 0.0
0.00100850931 -0.000269235083 0.0
0.001010017 -0.000267848081 0.0
0.00100976136 -0.000265355833 0.0
0.00100757962 -0.000262309506 0.0
0.00100367796 -0.000259844295 0.0
0.000998128206 -0.000258379849 0.0
0.000993234222 -0.000257584325 0.0
0.00098917447 -0.000255418214 0.0
0.000985530787 -0.000254271319 0.0
0.000980821671 -0.000254521467 0.0
0.000980326091 -0.000253962789 0.0
0.000980862416 -0.000252958154 0.0
0.00098154298 -0.00025208763 0.0
0.000982223079 -0.000252701662 0.0
0.000983755337 -0.00025669203 0.0
0.000988190295 -0.00026270849 0.0
0.000994043425 -0.000266942719 0.0
0.000998156844 -0.000268423842 0.0
0.00100136467 -0.000269318058 0.0
0.000994083006 -0.000259288616 0.0
0.00163704914 -0.000366931985 0.0
0.00164542207 -0.000363090367 0.0
0.00165158266 -0.000357701123 0.0
0.00165488513 -0.000351065421 0.0
0.0016556324 -0.000342040061 0.0
0.00165196229 -0.000332996395 0.0
0.00164661929 -0.000323138229 0.0
0.00164023612 -0.000314844336 0.0
0.00163275097 -0.00030630338 0.0
0.0016235091 -0.000299848063 0.0
0.00161331671 -0.000294838974 0.0
0.00159276545 -0.000290791999 0.0
0.00158264989 -0.000292437879 0.0
0.00157557521 -0.000295628852 0.0
0.00157064828 -0.00030248976 0.0
0.00156791904 -0.000312654185 0.0
0.00156892173 -0.000324454479 0.0
0.00157470617 -0.000336223136 0.0
0.00158347678 -0.000345781591 0.0
0.00159327011 -0.000354740769 0.0
0.00160410791 -0.000362394057 0.0
0.00161529286 -0.000367267086 0.0
0.00161484827 -0.000328508177 0.0
0.000752041 -0.000422009936 0.0
0.00074530096 -0.00042540874 0.0
0.000738283619 -0.000430681859 0.0
0.000731911918 -0.000438252086 0.0
0.000727158505 -0.000447524479 0.0
0.000723702542 -0.000457060029 0.0
0.000721991819 -0.000464575394 0.0
0.000721777906 -0.000467517442 0.0
0.000721879594 -0.000468352635 0.0
0.000723240606 -0.000468575017 0.0
0.000726290338 -0.000468862214 0.0
0.000736263406 -0.000467961509 0.0
0.000742675213 -0.000465084537 0.0
0.000749422528 -0.000459840958 0.0
0.000755029439 -0.000452882465 0.0
0.000760914874 -0.000447888044 0.0
0.000765428646 -0.000441722019 0.0
0.000768312486 -0.00043633196 0.0
0.000769632519 -0.000430668559 0.0
0.000769200909 -0.000426087528 0.0
0.00076689187 -0.000423503254 0.0
0.000763206452 -0.000421799981 0.0
0.000745114055 -0.000448200677 0.0
0.00123701605 -9.01257954e-05 0.0
0.00122637441 -9.56462027e-05 0.0
0.00121646246 -0.000103276565 0.0
0.0012081241 -0.000113557013 0.0
0.00120274839 -0.000123315593 0.0
0.00119858584 -0.00013150023 0.0
0.00119488849 -0.000140597374 0.0
0.00119230908 -0.000150133477 0.0
0.00119253132 -0.000159688585 0.0
0.00119561364 -0.000167835591 0.0
0.00120183418 -0.000173871755 0.0
0.00121017708 -0.000178211165 0.0
0.00123124651 -0.000179220282 0.0
0.00124312728 -0.000174721601 0.0
0.00125454622 -0.000167069462 0.0
0.00126469054 -0.000157224247 0.0
0.00127409154 -0.000146197577 0.0
0.00128082128 -0.000133429508 0.0
0.00128503877 -0.000118587741 0.0
0.00128544809 -0.00010467571 0.0
0.00128172908 -9.50219983e-05 0.0
0.0012758557 -8.85367845e-05 0.0
0.00126748614 -8.58240746e-05 0.0
0.00125811493 -8.50817596e-05 0.0
0.00123328529 -0.00013148351 0.0
0.000360554055 -0.000646235945 0.0
0.000310391595 -0.000619742263 0.0
0.000101627789 -0.000392855232 0.0
7.64689103e-05 -0.000371394824 0.0
0.000183077456 -0.00029946008 0.0
0.000282114925 -0.00023218125 0.0
0.000298404368 -0.000201490038 0.0
0.000268166099 -0.000178111804 0.0
0.000200651717 -0.000155043963 0.0
0.000140083517 -0.000138941512 0.0
0.000108573324 -0.000129053398 0.0
0.000107789696 -0.000116656425 0.0
-2.67540436e-05 -1.37698426e-05 0.0
-3.71224087e-05 -6.1071006e-07 0.0
-2.70646888e-05 1.85746558e-06 0.0
-7.87818317e-06 -3.24604031e-07 0.0
6.7541092e-05 -4.23135316e-05 0.0
0.000322972191 -0.000126448664 0.0
0.000424963247 -0.000115374867 0.0
0.000704420439 -0.000104049112 0.0
0.000782442803 -0.000108592802 0.0
0.00089485303 -1.48484278e-05 0.0
0.0010066398 8.53204401e-05 0.0
0.00107720029 0.000132971385 0.0
0.00111111091 0.000129931141 0.0
0.00115603826 0.000110147797 0.0
0.0012087482 7.87195022e-05 0.0
0.00125579291 4.89825179e-05 0.0
0.00129535934 3.17812992e-05 0.0
0.00133158138 3.31817173e-05 0.0
0.00137873553 3.65508495e-05 0.0
0.00141157233 4.49055478e-05 0.0
0.00144585385 4.85879355e-05 0.0
0.00148298393 5.31596888e-05 0.0
0.00152366119 3.93214177e-05 0.0
0.00157026132 -3.24604031e-07 0.0
0.00155107479 1.85746558e-06 0.0
0.00154101709 -6.1071006e-07 0.0
0.0015513855 -1.37698426e-05 0.0
0.00168592914 -0.000116656425 0.0
0.00168671284 -0.000129053398 0.0
0.00171822298 -0.000138941512 0.0
0.00177879119 -0.000155043963 0.0
0.00184630556 -0.000178111804 0.0
0.00187654386 -0.000201490038 0.0
0.00186025444 -0.00023218125 0.0
0.0017612169 -0.00029946008 0.0
0.00165460841 -0.000371394824 0.0
0.00167976727 -0.000392855232 0.0
0.00188853114 -0.000619742263 0.0
0.00193869357 -0.000646235945 0.0
0.00189979747 -0.000616800855 0.0
0.00185912009 -0.000602962566 0.0
0.00182199012 -0.000607534312 0.0
0.00178770861 -0.000611216703 0.0
0.0017548718 -0.000619571423 0.0
0.00170771766 -0.000622940541 0.0
0.00167149561 -0.000624340959 0.0
0.00163192919 -0.000607139722 0.0
0.00158488448 -0.000577402767 0.0
0.00153217453 -0.000545974472 0.0
0.00148724718 -0.000526191085 0.0
0.00145333656 -0.00052315084 0.0
0.00138277607 -0.000570801785 0.0
0.00127098931 -0.00067097065 0.0
0.00115857902 -0.000764715078 0.0
0.00108055666 -0.000760171388 0.0
0.000801099523 -0.000771497143 0.0
0.000699108467 -0.000782570918 0.0
0.000443677331 -0.000698435761 0.0
0.00145097577 -0.000451857137 0.0
0.00144004659 -0.000449641549 0.0
0.00144365383 -0.000449431362 0.0
0.00144804351 -0.000454344467 0.0
0.00145224656 -0.000450196618 0.0
0.00143809442 -0.00045001469 0.0
0.00145397242 -0.000450877269 0.0
0.00143634866 -0.000448620587 0.0
0.00143907359 -0.000448742125 0.0
0.0014520816 -0.00045291998 0.0
0.00144548621 -0.000455887319 0.0
0.00144645001 -0.000448312989 0.0
0.00143677555 -0.000449994433 0.0
0.00145343121 -0.000449140382 0.0
0.00145033887 -0.000454924593 0.0
0.00143643329 -0.000448157021 0.0
0.00145375798 -0.000451543427 0.0
0.00143500196 -0.000448616222 0.0
0.00144124951 -0.000448846084 0.0
0.00145489629 -0.000450170483 0.0
0.00145111897 -0.00044798298 0.0
0.00144013553 -0.000452706998 0.0
0.00144241389 -0.000454415975 0.0
0.00144928042 -0.000447845843 0.0
0.00144384534 -0.000448691892 0.0
0.00144818053 -0.000456333481 0.0
0.00145235576 -0.000448374572 0.0
0.00143834739 -0.000451253523 0.0
0.00143521361 -0.000448977778 0.0
0.00145464856 -0.000449659914 0.0
0.00144730916 -0.000452623441 0.0
0.00144390529 -0.000450252672 0.0
0.0014491881 -0.000450990745 0.0
0.00144169084 -0.000450844615 0.0
0.000282214896 -0.000419432065 0.0
0.000264246279 -0.000425142236 0.0
0.00027644349 -0.0004096388 0.0
0.000290587195 -0.000426353945 0.0
0.000251937978 -0.000435429014 0.0
0.000295220816 -0.000411703804 0.0
0.000291548873 -0.000406407169 0.0
0.000267201773 -0.000410951703 0.0
0.000270740245 -0.00043129985 0.0
0.00025742437 -0.000420370547 0.0
0.000280813198 -0.000431015767 0.0
0.000260233122 -0.000435968745 0.0
0.000286501338 -0.000402472884 0.0
0.000274137652 -0.000419224409 0.0
0.00028018828 -0.000401580794 0.0
0.000292377488 -0.000433333567 0.0
0.000285849004 -0.000435286725 0.0
0.000249534496 -0.000428517902 0.0
0.000282185123 -0.000411311281 0.0
0.000297885446 -0.000404011225 0.0
0.000297444843 -0.000417054282 0.0
0.000245439413 -0.000442933233 0.0
0.000259307271 -0.000413215224 0.0
0.000253207312 -0.000442447403 0.0
0.000273901242 -0.000403624523 0.0
0.000288062904 -0.000420816359 0.0
0.000268308766 -0.000417071918 0.0
0.000296543963 -0.000425299222 0.0
0.000245244213 -0.000435780443 0.0
0.000256656844 -0.000427656953 0.0
0.000292870274 -0.000400328863 0.0
0.000264170172 -0.000440203614 0.0
0.00184893736 -0.000454512163 0.0
0.00183750584 -0.000457246817 0.0
0.00182682707 -0.000456770096 0.0
0.00186036678 -0.000449109386 0.0
0.00185490411 -0.000453379151 0.0
0.0018308966 -0.00045908356 0.0
0.00184278947 -0.000457613758 0.0
0.000535286788 -0.000689228531 0.0
0.000542902446 -0.000679560355 0.0
0.000544420618 -0.000679993478 0.0
0.000546410389 -0.000676214229 0.0
0.000527447206 -0.000695979863 0.0
0.000531947357 -0.00069334585 0.0
0.000541187997 -0.000686100102 0.0
0.000550240919 -0.000671464019 0.0
0.000548328855 -0.00067325437 0.0
0.000540993409 -0.000681754842 0.0
0.00053900585 -0.000684393395 0.0
0.000531250902 -0.000693011098 0.0
0.000536506297 -0.000690655026 0.0
0.000547118252 -0.000676017778 0.0
0.00053968979 -0.000684829138 0.0
0.000548901618 -0.000674470852 0.0
0.000549961929 -0.000672886439 0.0
0.000545609335 -0.000681851408 0.0
0.000527572993 -0.000696425792 0.0
0.000550577824 -0.000670392066 0.0
0.000543625152 -0.000678923214 0.0
0.000524115749 -0.000698197808 0.0
0.000527397206 -0.000696353323 0.0
0.000543394592 -0.000679401855 0.0
0.000531199446 -0.000693055859 0.0
0.000534956169 -0.000688954315 0.0
0.000545894785 -0.000676174299 0.0
0.000524791772 -0.000697823532 0.0
0.000548164768 -0.000677800621 0.0
0.000536876323 -0.000688938599 0.0
0.00054971705 -0.00067392597 0.0
0.000546973723 -0.000674621377 0.0
0.000153315195 -4.06886247e-05 0.0
0.000156934475 -3.45095395e-05 0.0
0.00016200899 -2.71863282e-05 0.0
0.000148076433 -4.42632081e-05 0.0
0.000153147092 -3.97830154e-05 0.0
0.000165099176 -2.43721279e-05 0.0
0.000158960873 -2.98940431e-05 0.0
0.000160350814 -3.01611872e-05 0.0
0.000149593092 -4.50529151e-05 0.0
0.000957038603 -0.000687556108 0.0
0.000955444993 -0.000673189585 0.0
0.000937960402 -0.000675274292 0.0
0.000940989936 -0.000687970663 0.0
0.000969712273 -0.000700717967 0.0
0.000939493475 -0.000662159233 0.0
0.000954892894 -0.000698819233 0.0
0.000958538381 -0.00066679687 0.0
0.000949181966 -0.000658977486 0.0
0.000963397732 -0.000681982026 0.0
0.000950580928 -0.000679203484 0.0
0.000931871706 -0.000665144471 0.0
0.000930449984 -0.000676936936 0.0
0.000969902205 -0.000693003472 0.0
0.000945161621 -0.000697176438 0.0
0.000964377658 -0.000705694139 0.0
0.000966461783 -0.00067537924 0.0
0.000943992229 -0.000670581765 0.0
0.000977741205 -0.000702990394 0.0
0.000945073436 -0.000683170336 0.0
0.000950098154 -0.000691554276 0.0
0.000932184397 -0.00068459817 0.0
0.000940969214 -0.000656769262 0.0
0.0009312724 -0.000658814737 0.0
0.000927649904 -0.000669793168 0.0
0.000956138072 -0.000659280049 0.0
0.000974217663 -0.000706773368 0.0
0.000935881748 -0.000690604676 0.0
0.0009611235 -0.000696547038 0.0
0.000934580981 -0.000655981072 0.0
0.00095449033 -0.000704346516 0.0
0.000963081664 -0.000663200975 0.0
0.000937623554 -0.000681293313 0.0
0.000947973691 -0.000664806052 0.0
0.00060321542 -2.21276987e-05 0.0
0.000608443224 -3.4368255e-05 0.0
0.000601272623 -1.81009473e-05 0.0
0.000610284216 -3.90909117e-05 0.0
0.00141943886 3.35014897e-06 0.0
0.00142953242 -3.90476816e-06 0.0
0.00143733853 6.319146e-06 0.0
0.00142717594 1.38655114e-05 0.0
0.00143722887 1.88008107e-05 0.0
0.00144257804 1.44258911e-05 0.0
0.00141192379 -7.63761909e-06 0.0
0.00142179173 -1.3764341e-05 0.0
0.0014171931 8.93457309e-06 0.0
0.00143305527 -3.30314379e-06 0.0
0.00143218937 1.17413865e-05 0.0
0.00141469273 -1.7734581e-05 0.0
0.00144348643 1.93897486e-05 0.0
0.00142547698 -1.3054143e-05 0.0
0.00140820525 -1.56530987e-05 0.0
0.00140853936 -3.24797657e-06 0.0
0.00143182673 1.98175167e-05 0.0
0.00144185266 1.2687753e-05 0.0
0.0014455159 1.77106613e-05 0.0
0.00142189453 1.4762848e-05 0.0
0.00143734424 2.79403957e-06 0.0
0.00143661804 8.95580524e-06 0.0
0.00142667606 1.80074949e-05 0.0
0.00142958155 -9.34457057e-06 0.0
0.00141087454 3.78081177e-06 0.0
0.00143989094 8.24832023e-06 0.0
0.00141064078 -1.84141372e-05 0.0
0.00144544046 1.8882205e-05 0.0
0.00141637854 -1.92033767e-05 0.0
0.00144240004 2.1498412e-05 0.0
0.00172411965 -0.00054225215 0.0
0.0017348493 -0.000546297175 0.0
0.00172601384 -0.000539483503 0.0
0.00172906043 -0.000545469637 0.0
0.00171890878 -0.000539790315 0.0
0.00171875884 -0.000539926172 0.0
0.00173076917 -0.000542571594 0.0
0.00171621435 -0.000539207831 0.0
0.00173599902 -0.000548844633 0.0
0.00172164175 -0.00053898606 0.0
0.00172298786 -0.00054179033 0.0
0.00174043514 -0.000547070638 0.0
0.00172933575 -0.000537165673 0.0
0.00173632393 -0.000544389652 0.0
0.00173136371 -0.00054023799 0.0
0.00171463692 -0.000538557302 0.0
0.00172911619 -0.000544588256 0.0
0.00173937273 -0.000548818905 0.0
0.00172407296 -0.000542780734 0.0
0.001714524 -0.000537561951 0.0
0.00172572711 -0.000537528424 0.0
0.00172359589 -0.000540979498 0.0
0.00172067794 -0.000540836831 0.0
0.00173128513 -0.000546654454 0.0
0.0017183501 -0.000538982742 0.0
0.00171845523 -0.000538701948 0.0
0.0017348961 -0.000548820128 0.0
0.00172699359 -0.000543851871 0.0
0.00171272608 -0.000537746761 0.0
0.00171265285 -0.000537198561 0.0
0.00173142611 -0.000544232025 0.0
0.00172742491 -0.000541249174 0.0
0.00173299224 -0.000546708936 0.0
0.00173396443 -0.000542372291 0.0
0.00172105862 -0.00054127106 0.0
0.00172306469 -0.000539746194 0.0
0.00171533681 -0.000537107058 0.0
0.00173994573 -0.000550209661 0.0
0.00172440161 -0.00053767272 0.0
0.00172758929 -0.000542714668 0.0
0.00171564671 -0.000538582215 0.0
0.000162970275 -0.000544588023 0.0
0.0001588093 -0.0005410132 0.0
0.000164396261 -0.000545565679 0.0
0.000157511327 -0.000539631525 0.0
0.000690938439 -0.000531012425 0.0
0.000680613914 -0.000546236581 0.0
0.000682488957 -0.000527171418 0.0
0.000672436261 -0.000539789384 0.0
0.000675355841 -0.00053136528 0.0
0.000667373475 -0.00054996484 0.0
0.000673730683 -0.00055431173 0.0
0.000688115368 -0.000539924542 0.0
0.000696338364 -0.000522584654 0.0
0.000688996573 -0.000521630689 0.0
0.00069600204 -0.000528759498 0.0
0.000682320155 -0.000524084957 0.0
0.000667505316 -0.000539960223 0.0
0.000681008387 -0.000550814089 0.0
0.000696590752 -0.000519424502 0.0
0.000694070884 -0.000519261113 0.0
0.000666951179 -0.000556456507 0.0
0.000668716442 -0.000557606225 0.0
0.000670559995 -0.000534487073 0.0
0.000665469968 -0.000546438328 0.0
0.000697900658 -0.000523715513 0.0
0.000693256094 -0.000535024388 0.0
0.00068625022 -0.00052170729 0.0
0.000678104523 -0.000527024386 0.0
0.000676631986 -0.00055433251 0.0
0.000685659936 -0.000546096708 0.0
0.000699368306 -0.000518386893 0.0
0.000663775369 -0.00055728812 0.0
0.000678978802 -0.00053446478 0.0
0.000683995837 -0.000537716318 0.0
0.00145173306 -0.000521408569 0.0
0.00143586774 -0.000505854376 0.0
0.00144367618 -0.000518389395 0.0
0.00144407479 -0.000507686578 0.0
0.0014585203 -0.000523461786 0.0
0.00142916245 -0.000504466996 0.0
0.00143623434 -0.000503347139 0.0
0.00145166193 -0.000524870236 0.0
0.00145881355 -0.000519415829 0.0
0.00142899016 -0.000506341457 0.0
0.00145030499 -0.000510249985 0.0
0.00143760594 -0.000514512125 0.0
0.00143573305 -0.000508214696 0.0
0.00145160453 -0.000518016226 0.0
0.00145896536 -0.000526703894 0.0
0.00142892636 -0.000502304465 0.0
0.0014564232 -0.0005273961 0.0
0.00143152708 -0.000501696719 0.0
0.001447886 -0.000524295319 0.0
0.00143999245 -0.00050371699 0.0
0.0014326683 -0.000509875303 0.0
0.001429589 -0.000507128541 0.0
0.0014552346 -0.000513742445 0.0
0.00145860051 -0.000516846718 0.0
0.00146216922 -0.000523494266 0.0
0.00142606627 -0.000504301512 0.0
0.00144483102 -0.00051620201 0.0
0.00144264579 -0.000509789679 0.0
0.000955447031 -0.000238067951 0.0
0.000958351127 -0.000244034556 0.0
0.00095024542 -0.000241584989 0.0
0.000947487599 -0.000233443105 0.0
0.000942645594 -0.000237443339 0.0
0.0009409333 -0.000231643106 0.0
0.000962917809 -0.000242993061 0.0
0.0009650102 -0.000246178766 0.0
0.000956865726 -0.000244769326 0.0
0.000953557726 -0.00023468172 0.0
0.000948852219 -0.000239170753 0.0
0.000967423373 -0.000246433046 0.0
0.000938049867 -0.000233070081 0.0
0.000961489743 -0.000239481989 0.0
0.000964753272 -0.000246868352 0.0
0.000968619366 -0.000247062708 0.0
0.00094516715 -0.000240224297 0.0
0.000942006009 -0.000230647638 0.0
0.000937035889 -0.000230400401 0.0
0.000948755827 -0.000232308506 0.0
0.000952206028 -0.000243497707 0.0
0.000948596513 -0.000242102004 0.0
0.000957832963 -0.000236178326 0.0
0.000945067091 -0.000231014506 0.0
0.000961429847 -0.000246438372 0.0
0.000947138935 -0.000235343599 0.0
0.000968888635 -0.000246886571 0.0
0.000936611032 -0.000231119178 0.0
0.000967601954 -0.000246106763 0.0
0.000937556382 -0.000234560124 0.0
0.000958976103 -0.000241550078 0.0
0.000149268002 -0.000125547507 0.0
0.000111805166 -8.87992646e-05 0.0
0.000164112134 -0.000124952392 0.0
0.000137310155 -0.000126283936 0.0
0.000108773762 -9.7112119e-05 0.0
0.000166660335 -0.000115013696 0.0
0.000130452958 -9.8571938e-05 0.0
0.000164889934 -0.000135353053 0.0
0.000152593289 -0.000136183429 0.0
0.000150237684 -9.1146685e-05 0.0
0.000122186961 -0.000118632139 0.0
0.000110407505 -0.000105252489 0.0
0.000136190734 -8.97724531e-05 0.0
0.000119223514 -9.64097781e-05 0.0
0.000122431491 -8.85299669e-05 0.0
0.000171981213 -0.000135093593 0.0
0.000160388227 -0.000138018731 0.0
0.000145314945 -0.000137642593 0.0
0.000105028164 -9.01111198e-05 0.0
0.000161736985 -0.000102396662 0.0
0.000174801535 -0.000131411813 0.0
0.000174268134 -0.000124760423 0.0
0.000136960574 -0.000134391536 0.0
0.00012901923 -0.000128075364 0.0
0.000146993494 -0.000116806055 0.0
0.000104912098 -0.000100029552 0.0
0.000114039918 -0.000111099595 0.0
0.00171100558 -7.63449425e-05 0.0
0.00169594935 -7.59138275e-05 0.0
0.00171428302 -7.56859372e-05 0.0
0.0016925052 -7.51863408e-05 0.0
0.00172240648 -7.79931943e-05 0.0
0.00168667338 -7.67137317e-05 0.0
0.000357326149 -0.000229971789 0.0
0.000371907518 -0.000280682667 0.0
0.000334572163 -0.000234214938 0.0
0.00039125976 -0.000277548621 0.0
0.000354133546 -0.000285076414 0.0
0.000375591015 -0.000232304636 0.0
0.000337462465 -0.000219553418 0.0
0.000323205051 -0.00024315223 0.0
0.000398900243 -0.000264705886 0.0
0.00038567264 -0.000290053256 0.0
0.000355005905 -0.000214164655 0.0
0.000337762584 -0.000275254657 0.0
0.000318834704 -0.000222498405 0.0
0.000365520769 -0.000293915538 0.0
0.000388736138 -0.000237813976 0.0
0.000397483382 -0.000288701005 0.0
0.000403210579 -0.000283631234 0.0
0.000405016384 -0.000275779661 0.0
0.00037764429 -0.000295977225 0.0
0.000343407941 -0.000212112776 0.0
0.000366992026 -0.000218671819 0.0
0.000356610399 -0.000270262506 0.0
0.000315161742 -0.00023002908 0.0
0.000324773748 -0.000216667468 0.0
0.000318877544 -0.000252882426 0.0
0.000402703619 -0.00025759323 0.0
0.000397456257 -0.000248308352 0.0
0.000325233093 -0.000264936913 0.0
0.000377642951 -0.000266196759 0.0
0.000341718609 -0.000285636663 0.0
0.000459055882 -0.000191675426 0.0
0.000451885659 -0.00015691173 0.0
0.000469164603 -0.000158386974 0.0
0.000477678579 -0.00019549542 0.0
0.000483494601 -0.00016820048 0.0
0.000443533121 -0.000188050704 0.0
0.000435960683 -0.000153712637 0.0
0.000466780068 -0.000200955008 0.0
0.0004552092 -0.000147962812 0.0
0.000489666301 -0.000192891748 0.0
0.000432845904 -0.000176941452 0.0
0.00044906218 -0.000195805944 0.0
0.000450456806 -0.00018135045 0.0
0.000428535219 -0.000162628596 0.0
0.000438465737 -0.000145958256 0.0
0.000492348161 -0.000174658489 0.0
0.000480183604 -0.000159107251 0.0
0.000477631664 -0.000204123033 0.0
0.000484782562 -0.000203417265 0.0
0.000489876897 -0.000200204639 0.0
0.000465492078 -0.000148793653 0.0
0.000472018204 -0.000170140847 0.0
0.000457948161 -0.000201078787 0.0
0.000445495418 -0.000143772661 0.0
0.000473309454 -0.000152869412 0.0
0.000495623273 -0.000183068274 0.0
0.000496499881 -0.00019011469 0.0
0.000433577661 -0.000184202174 0.0
0.000467207836 -0.000186142948 0.0
0.000426341372 -0.000153895249 0.0
0.000426046026 -0.00016948054 0.0
0.000986644416 -0.000255243329 0.0
0.000999956275 -0.000264925911 0.0
0.00100228388 -0.000263277558 0.0
0.000988275278 -0.000255687541 0.0
0.000997966505 -0.000265929993 0.0
0.000986062922 -0.000254701474 0.0
0.00100150215 -0.000260698958 0.0
0.000983655453 -0.000254344253 0.0
0.001003969 -0.000267031719 0.0
0.000992372748 -0.000256893138 0.0
0.000986294937 -0.000255989871 0.0
0.000983431353 -0.000253443402 0.0
0.000995627255 -0.000265656796 0.0
0.00100093661 -0.000267834897 0.0
0.00100308447 -0.000268206233 0.0
0.000982595491 -0.000253732229 0.0
0.000984082697 -0.000254637824 0.0
0.000985747552 -0.000254850776 0.0
0.000988328946 -0.000255452469 0.0
0.00100615236 -0.000266519433 0.0
0.00100662338 -0.00026513348 0.0
0.00100539171 -0.000263214723 0.0
0.000989013468 -0.000259699271 0.0
0.000992186368 -0.000263082387 0.0
0.000999443699 -0.000259002583 0.0
0.000995664392 -0.000257818203 0.0
0.000990153058 -0.000257384701 0.0
0.000996027258 -0.000262376241 0.0
0.00159290282 -0.000318584149 0.0
0.00163578463 -0.00033312419 0.0
0.00160133687 -0.000339770544 0.0
0.00163040776 -0.000318490493 0.0
0.00159111829 -0.000305212452 0.0
0.0016415515 -0.000347089983 0.0
0.0015862463 -0.000329705072 0.0
0.00161130051 -0.000352875621 0.0
0.00161742896 -0.000306396774 0.0
0.00164144603 -0.000327961345 0.0
0.00157810946 -0.000311661308 0.0
0.00163542433 -0.000354457618 0.0
0.00159291388 -0.000346572167 0.0
0.00164735911 -0.000343042862 0.0
0.00159307593 -0.000298554165 0.0
0.00163859711 -0.000319493614 0.0
0.00163372979 -0.000313291384 0.0
0.00162681472 -0.000307957584 0.0
0.00164742302 -0.00033577485 0.0
0.00157744624 -0.000320344174 0.0
0.00158060261 -0.00030447371 0.0
0.00162918854 -0.000339302642 0.0
0.0016013491 -0.000353289797 0.0
0.00158554618 -0.000338997139 0.0
0.00160944392 -0.000299486564 0.0
0.00161987043 -0.000360150356 0.0
0.00162845291 -0.000359635043 0.0
0.00160108879 -0.000297861872 0.0
0.0016225616 -0.00032239643 0.0
0.00164320599 -0.000355441356 0.0
0.000740431016 -0.000443381752 0.0
0.000739173731 -0.000458823633 0.0
0.000754267094 -0.000433977257 0.0
0.000748771359 -0.000453965884 0.0
0.000757476606 -0.000445724902 0.0
0.000732684508 -0.000451155734 0.0
0.000730165862 -0.000464196113 0.0
0.000748163206 -0.000432306784 0.0
0.000761118426 -0.000431568653 0.0
0.000740516465 -0.000461611227 0.0
0.000737476745 -0.000437859067 0.0
0.000758341455 -0.000425920414 0.0
0.000727622304 -0.000463729899 0.0
0.000731203647 -0.00046579534 0.0
0.000727484468 -0.000458106806 0.0
0.000762766693 -0.000440537726 0.0
0.000755070185 -0.000450902269 0.0
0.000746433972 -0.000458955212 0.0
0.000735081499 -0.000465216639 0.0
0.000751030922 -0.000455138768 0.0
0.000732910179 -0.000444384699 0.0
0.000742879696 -0.000432148401 0.0
0.000753772794 -0.000426318031 0.0
0.00076182856 -0.000426689308 0.0
0.000726408092 -0.000462596974 0.0
0.000764744356 -0.000435834663 0.0
0.000765240227 -0.000431667722 0.0
0.000750811654 -0.000447983242 0.0
0.000736400136 -0.000457617018 0.0
0.000725823746 -0.000466178346 0.0
0.000747090497 -0.000439655007 0.0
0.00123926578 -0.000106721345 0.0
0.00121571636 -0.000124094557 0.0
0.00125299091 -0.00014092162 0.0
0.00122782844 -0.000158109906 0.0
0.00120474456 -0.000135806637 0.0
0.00122483179 -0.000109100154 0.0
0.00124366081 -0.000158369206 0.0
0.00121296721 -0.000163771416 0.0
0.00125459745 -9.82037454e-05 0.0
0.00126699416 -0.000126506842 0.0
0.00124115532 -9.49354799e-05 0.0
0.0012632357 -0.000148001607 0.0
0.00120908685 -0.000120323872 0.0
0.00122665032 -0.000171562904 0.0
0.00127012283 -0.000108381391 0.0
0.00126563129 -9.92670539e-05 0.0
0.00120156689 -0.000149492844 0.0
0.00120343012 -0.000159534757 0.0
0.00120450323 -0.000127845662 0.0
0.00121557643 -0.000112080634 0.0
0.0012364377 -0.000169087245 0.0
0.00121803291 -0.000171374995 0.0
0.00123205944 -9.89200416e-05 0.0
0.00124986214 -9.28118388e-05 0.0
0.00126947218 -0.000138201241 0.0
0.00125521235 -0.000156865382 0.0
0.00119830656 -0.000143853758 0.0
0.00127673324 -0.000114613234 0.0
0.00122894975 -0.000122011123 0.0
0.00123681023 -0.000142845849 0.0
0.0010689476 -0.000432468107 0.0
0.00114101521 -4.69572042e-05 0.0
0.00122120953 -0.000486853998 0.0
0.000939191785 -0.000147439205 0.0
0.000859526393 -0.000421243225 0.0
0.00112453755 -0.000329404284 0.0
0.00100314291 -0.000562544854 0.0
0.000770264538 -0.000137174415 0.0
0.00174633565 -0.000406258507 0.0
0.00115264312 -9.57293378e-05 0.0
0.00120417587 -0.000297031278 0.0
0.000547185598 -0.000405415427 0.0
0.00155430683 -0.00010176748 0.0
0.000833878934 -0.000365387357 0.0
0.00159576128 -0.000203728254 0.0
0.00125337404 4.71666608e-05 0.0
0.00126710837 -0.000462316733 0.0
0.000650919217 -5.21079201e-05 0.0
0.000463628909 -0.000224535761 0.0
0.000300682033 -0.000487944693 0.0
0.000978803728 -0.000252458063 0.0
0.000943041756 -0.000336618221 0.0
0.000899147824 -0.00044991789 0.0
0.00126370601 -5.45308394e-05 0.0
0.00161074474 -0.000428886327 0.0
0.00104875746 -0.000136197355 0.0
0.00105372665 5.46367164e-06 0.0
0.00131670013 -0.000479464827 0.0
0.000483201147 -0.000637628022 0.0
0.000800272916 -0.000141783312 0.0
0.000567185518 -0.000249176257 0.0
0.000366714259 -0.000255947234 0.0
0.00123555306 -0.000493422674 0.0
0.000889315153 -0.000201848408 0.0
0.00118776446 -0.00031588212 0.0
0.000896861602 -0.000288078387 0.0
0.000409518165 -0.000224193485 0.0
0.001088597 -0.000583363988 0.0
0.0012935726 -0.000423091173 0.0
0.000796213397 -0.000452621869 0.0
0.00116280117 -0.000335947116 0.0
0.000847283402 -0.00041674875 0.0
0.00114136958 -0.000492789608 0.0
0.000422582496 -0.00016366916 0.0
0.000962006277 -0.00038058887 0.0
0.0012641619 -0.000109154957 0.0
0.000575549959 -6.26018518e-05 0.0
0.00169021857 -0.00023449416 0.0
0.000751747575 -0.000130141765 0.0
0.000470698986 -0.000303368841 0.0
0.000876825303 -0.000640793529 0.0
0.000488716818 -0.000417706993 0.0
0.00116008322 7.2345254e-05 0.0
0.0010925614 -0.000235676096 0.0
0.00111928652 -0.000115738847 0.0
4.69610859e-05 -6.68301873e-05 0.0
0.000972746231 -0.000246163254 0.0
0.000570470176 -0.000412134919 0.0
0.00130280608 4.37707058e-05 0.0
0.00161280797 -0.000140996082 0.0
0.00096863904 -0.000195048735 0.0
0.000915018085 -7.49229657e-05 0.0
0.00077597698 -0.000404141261 0.0
0.000829408935 -0.000338632235 0.0
0.0014637179 -0.000131939902 0.0
0.00104947167 -8.3381492e-05 0.0
0.000676730124 -9.41663238e-05 0.0
0.000344151136 -0.000154347974 0.0
0.00160704413 -0.000614568824 0.0
0.00155969872 -0.000302956207 0.0
0.000505271775 -0.000107999105 0.0
0.000805068878 -0.000453009299 0.0
0.00157876196 -8.66282571e-05 0.0
0.00133153202 -3.71377701e-06 0.0
0.000629524235 -0.00050714548 0.0
0.00140569964 -9.11544703e-06 0.0
0.00106584642 -0.000133975365 0.0
0.00130314392 -0.000472826243 0.0
0.000547283387 -0.000600629079 0.0
0.000808934856 -0.000521416019 0.0
0.00143842073 -0.000412791618 0.0
0.00113963871 -0.000397299882 0.0
0.000168790473 -0.000131861292 0.0
0.00133557536 -0.00020317483 0.0
0.000677105505 -6.13207812e-05 0.0
0.00155873492 -0.000454244262 0.0
0.00103065162 -0.000279732776 0.0
0.000292995537 -0.000528108678 0.0
0.00175611163 -0.000494750333 0.0
0.00156620424 -0.000478595466 0.0
0.000736354094 -0.000114443406 0.0
0.00117871014 -0.00032409816 0.0
0.000241840957 -2.88750507e-05 0.0
0.00127336767 -0.000367695495 0.0
0.000458662136 -0.000262583431 0.0
0.00113582413 -0.000324037741 0.0
0.000903574633 -0.000331285322 0.0
0.000998635194 -0.000475212641 0.0
0.00112882908 -7.64960205e-05 0.0
0.00134417485 -0.000472806336 0.0
0.000752146123 -0.000345457782 0.0
0.000859417894 -0.000197905028 0.0
0.00171919703 -0.00038970288 0.0
0.000848703785 -0.000367337285 0.0
0.000241901595 -0.000457034796 0.0
0.0017323019 -0.000405799248 0.0
0.000897382561 -0.000296348531 0.0
0.00119052862 -0.000119834142 0.0
0.00136549002 -0.000486717443 0.0
0.00160349393 -3.93694027e-05 0.0
0.00123423326 6.11894791e-07 0.0
0.000734486035 -0.000526716351 0.0
0.000544578128 -0.000667795772 0.0
0.000468144834 -0.000646052358 0.0
0.000358968769 -0.000509825302 0.0
0.00113639538 -0.00073321769 0.0
0.000496051973 -0.000200892493 0.0
0.00126331253 -0.000474905799 0.0
0.00174870482 -0.000408684602 0.0
0.00156222109 -0.000380983634 0.0
0.000468349434 -0.000332397874 0.0
0.000327820482 -0.000248796045 0.0
0.000898509345 -0.000295492995 0.0
0.000953344163 -0.000412328547 0.0
0.00161131425 -0.000118829463 0.0
0.00107609364 -0.000282103632 0.0
0.00107851694 -0.000261294685 0.0
0.00110581925 -0.000589462114 0.0
0.001250898 -0.000507385295 0.0
0.00175271649 -0.00040645519 0.0
0.000976866577 -0.000250722223 0.0
0.00117767567 -0.00046082199 0.0
0.000806336524 -0.000442263146 0.0
0.00169467332 -0.000160935509 0.0
0.000574294128 -0.000293071003 0.0
0.000996397343 -0.00034363594 0.0
0.00134179241 -0.000460416806 0.0
0.000404013408 -0.000239368659 0.0
0.00142268091 -0.000197575297 0.0
0.000977224321 -0.000648940739 0.0
0.00123609195 7.18748488e-05 0.0
0.00132406119 -6.9592752e-05 0.0
0.00136720994 -0.000425786566 0.0
0.000458136172 -0.000187437079 0.0
0.00113580574 1.22215679e-05 0.0
0.000590703508 -7.08358421e-05 0.0
0.000346633373 -0.000245617382 0.0
0.00130663568 -0.000109097768 0.0
0.00135120924 1.75627956e-05 0.0
0.000866012299 -0.000172494474 0.0
0.00153558562 -1.0884035e-05 0.0
0.000837249565 -0.000110860841 0.0
0.00118375977 -7.50680119e-05 0.0
0.00176662439 -0.000215493725 0.0
0.000633607269 -3.72275099e-05 0.0
0.00106952223 -0.000237282555 0.0
0.000367391505 -0.000260293542 0.0
0.000594184676 -0.00047148281 0.0
0.000331722928 -0.000137949522 0.0
0.000407422369 -0.000222259914 0.0
0.000754688052 -0.000753974251 0.0
0.000760444906 -0.000466371537 0.0
0.000623440894 -0.000483916752 0.0
0.000889946125 -0.000391157431 0.0
0.00151486194 2.93615249e-05 0.0
0.000972719456 -0.000280465087 0.0
0.00165705779 -0.000614991528 0.0
0.000430349552 -0.00028937991 0.0
0.00146540662 -0.000519375259 0.0
0.00157767511 -0.000476073619 0.0
0.000573599711 -0.000221654598 0.0
0.000135161987 -0.000114925191 0.0
0.00155384804 -0.000483068579 0.0
0.000258922257 -0.000557374151 0.0
0.000765061122 -0.000484657736 0.0
0.0010084922 -0.000191507948 0.0
0.00122666557 -0.000438279472 0.0
0.00146681443 -7.0516403e-06 0.0
0.00110618549 -0.000537116604 0.0
0.00036248978 -0.000157859686 0.0
0.000467415986 -0.000434645248 0.0
0.000368342473 -0.000637119694 0.0
0.00107615511 -0.000276557199 0.0
4.3402466e-05 -4.60411902e-05 0.0
0.000870103191 -0.000660944323 0.0
0.00026062681 -6.43190433e-05 0.0
0.000431262219 -0.000679480494 0.0
0.00166717218 -0.000518202723 0.0
0.00156623288 -0.000588004768 0.0
0.000568491698 -0.000561885652 0.0
0.00108001858 7.74865766e-05 0.0
0.00082096213 -0.000607176975 0.0
0.00138742721 -5.91029129e-05 0.0
0.000238925088 -0.000394086237 0.0
0.00160978676 -0.000314600329 0.0
0.00135689357 -0.000485319004 0.0
0.00150839193 -0.000447063008 0.0
0.001176705 -0.000190204868 0.0
0.000240611946 -0.000487934944 0.0
0.000484687713 -0.000309762749 0.0
0.000860972097 -0.000430167245 0.0
0.000994688482 -0.000152251436 0.0
0.00131820037 3.51894887e-05 0.0
0.000987305306 -0.000255914114 0.0
0.000992434914 -7.46307414e-05 0.0
0.00118903688 -0.000514525396 0.0
0.000409108208 -0.000544771086 0.0
0.000934983953 -0.000250862358 0.0
0.000660900318 -0.000517446315 0.0
0.000739326235 -0.000116556999 0.0
0.00112953607 -0.000684566796 0.0
0.00100331963 3.55325465e-05 0.0
0.000828028482 -0.000398189499 0.0
0.00110758818 -0.000128474028 0.0
0.000421330245 -0.000606459856 0.0
0.0015169112 -0.000298491126 0.0
0.0012080688 -0.000479045266 0.0
0.000788251637 -0.000144752092 0.0
0.000875319354 -0.00013810696 0.0
0.00108693063 -8.68952047e-05 0.0
0.000715004746 -9.33948832e-05 0.0
0.000203790754 -0.000152730805 0.0
0.000768071099 -0.000469570921 0.0
0.000280336651 -0.000446339487 0.0
0.00161019899 -0.000606735528 0.0
0.0010632507 -0.000140058153 0.0
0.00120436947 -9.47234221e-05 0.0
1.99326787e-05 -4.42150267e-05 0.0
0.000287644973 -0.000215157255 0.0
0.00186363352 -0.000604818517 0.0
0.000577935542 -0.000631621166 0.0
0.00137885334 -0.000475876004 0.0
0.00132287678 -0.000386286527 0.0
0.00162641169 -9.18822479e-05 0.0
0.00108251686 -0.000243163027 0.0
0.000753491942 -0.000548054173 0.0
0.000932101859 -0.000185528843 0.0
0.00124548166 -0.000546933094 0.0
0.000727995008 -0.000416707713 0.0
8.36060135e-05 -8.21112699e-05 0.0
0.00083516445 -0.000412213645 0.0
0.000974136288 -0.00024741044 0.0
0.00135749392 -3.49112488e-05 0.0
0.000321499567 -0.000603354245 0.0
0.000505808915 -8.1955528e-05 0.0
0.000959714234 -0.000242859445 0.0
0.000778194168 -0.00058723992 0.0
0.00121465686 3.5477995e-05 0.0
0.0012736991 -0.000474083761 0.0
0.000289808144 -0.000120501863 0.0
0.00148416113 -0.000472782092 0.0
0.000919406419 -0.000229134894 0.0
0.00120150344 -3.71984424e-05 0.0
0.00135091774 -2.55721043e-05 0.0
0.000758147333 -0.000557090621 0.0
0.000806555443 -0.000413708767 0.0
0.00131315039 -0.000472137239 0.0
0.00131837348 -0.000404804858 0.0
0.000265712239 -7.08567823e-05 0.0
0.000592673256 -0.000419795047 0.0
0.00148535392 -0.000526959484 0.0
0.000299798616 -0.000129640131 0.0
0.00117032812 9.80152254e-05 0.0
0.0017764389 -0.000505242904 0.0
0.00149469927 -0.000413085887 0.0
0.00135583244 -0.000164600366 0.0
0.00112571951 -0.000576669816 0.0
0.000670004112 -7.04741178e-05 0.0
0.00030781384 -0.000229700701 0.0
0.000831284211 -0.000303842477 0.0
0.000509161095 -0.000664489344 0.0
0.00118256093 -0.00061665359 0.0
0.00164284941 -0.000130557048 0.0
0.00104348792 -0.000388266955 0.0
0.000191373198 -0.000148623483 0.0
0.00144673395 -0.000519681023 0.0
0.000804489304 -0.000641171995 0.0
0.00108692434 -0.000279297732 0.0
0.000926305598 -0.000513366191 0.0
0.00105964567 -0.000245459989 0.0
0.00078253774 -0.00015541476 0.0
0.00029639795 -0.000151730244 0.0
0.000575976097 -0.000656759774 0.0
0.00165206834 -0.000109403882 0.0
0.00136760727 -0.0004245608 0.0
0.000828021381 -0.000437711831 0.0
0.000210150116 -0.000465012272 0.0
0.000773064152 -0.000346540124 0.0
0.000977653312 -0.000252401456 0.0
0.000701872923 -0.000228155186 0.0
0.00176652847 -0.000399573386 0.0
0.00178496714 -0.00043134694 0.0
0.000651354145 -9.82572165e-05 0.0
0.00150235079 3.84437226e-05 0.0
1.77902402e-05 -4.25116305e-05 0.0
0.00112678343 -0.000304188288 0.0
0.00018063758 -5.36169136e-05 0.0
0.00152805622 -0.000321735133 0.0
0.00124929787 -0.000367429893 0.0
0.00100669533 -0.000653208583 0.0
0.00162089441 -0.000260553003 0.0
0.00160178682 -3.89370798e-05 0.0
0.00126408576 -0.000650774105 0.0
0.00175263535 -0.000176170492 0.0
0.000791569066 -0.000571994402 0.0
0.00153696071 -0.000311131851 0.0
0.000519287132 -0.000105312341 0.0
0.000914840435 -0.000263654336 0.0
0.000826692965 -0.000173859167 0.0
0.00140062708 -0.000488752383 0.0
0.00156046322 -0.000472884451 0.0
0.00170613616 -0.000582267239 0.0
0.000874076504 -0.000329299044 0.0
0.00106209272 -0.00029288212 0.0
0.000669125177 -6.316285e-05 0.0
0.000403743994 -0.000179029492 0.0
0.00108094048 -0.000249143603 0.0
0.000893692253 -0.000590236508 0.0
0.000566920266 -5.51197627e-05 0.0
0.0009362282 -0.000260170928 0.0
0.000522106886 -0.000355938944 0.0
0.00153475313 -0.000114631584 0.0
0.000440589356 -0.00016305731 0.0
0.00176369527 -0.000259662425 0.0
0.000893545279 -0.000361527462 0.0
0.000450616819 -0.000453424786 0.0
0.00119450572 -0.000379990845 0.0
0.00166781794 -0.000145223414 0.0
0.000248218828 -0.000184921912 0.0
0.00106817822 -0.000749852974 0.0
0.000734576723 -0.00047706507 0.0
0.000906216155 -0.000402273232 0.0
0.00116265973 -0.000518428686 0.0
0.00143638172 2.6925969e-05 0.0
0.000409396103 -0.00032332589 0.0
0.000436111237 -0.000291282369 0.0
0.000277078565 -8.25383613e-05 0.0
0.000495630258 -0.000498008274 0.0
0.000375676056 -0.00025506207 0.0
0.00125611783 -0.000478354807 0.0
0.000344482658 -0.000263462891 0.0
0.00092193007 -0.000677756034 0.0
0.00141595025 2.14128704e-05 0.0
0.000772820204 -0.000450560503 0.0
0.00136844197 -0.000568613061 0.0
0.00153642951 -0.000387609383 0.0
0.000179922688 -0.000356908946 0.0
0.00103236246 -0.000590992044 0.0
0.000738247356 -0.000211444349 0.0
0.00106331462 -0.000515294552 0.0
0.000431634369 -0.000214814281 0.0
0.000840728113 -0.000193739223 0.0
0.00110690983 -3.68676447e-05 0.0
0.00143819524 3.22719461e-05 0.0
0.00126284175 -0.000133247828 0.0
0.000811178936 -0.000624074426 0.0
0.00024720779 -0.000152920155 0.0
0.00146716239 -0.000518987246 0.0
0.00109174952 -0.000467576465 0.0
0.00119583705 -0.000336897385 0.0
0.00060442317 -3.16099249e-05 0.0
0.00164728635 -0.000341135252 0.0
0.00148485985 -0.000527522585 0.0
0.00178228901 -0.000457897724 0.0
0.000541611982 -0.000324809575 0.0
0.00114159507 -0.000185578538 0.0
0.000267196039 -5.53091922e-05 0.0
0.00121030514 6.778229e-05 0.0
0.000678473909 -8.35920946e-05 0.0
0.00132158585 -9.77970849e-05 0.0
0.00114419579 -0.000426722399 0.0
0.000604750414 -8.42853769e-05 0.0
0.0006255997 -0.000146205857 0.0
0.00155257527 -0.000154213398 0.0
0.000734858797 -0.000509447709 0.0
0.000781712704 -0.000148991254 0.0
0.00117958267 -0.00013517811 0.0
0.000662559178 -0.000469916267 0.0
0.00104531099 -0.000263685099 0.0
0.000718133291 -0.000363299157 0.0
0.000773579115 -0.00012169304 0.0
0.000386099593 -0.00036394893 0.0
0.00117339194 -0.000499648682 0.0
0.000404135295 -0.00021527565 0.0
0.00060899317 -4.49654544e-05 0.0
0.000397262018 -0.000259967521 0.0
0.00162316952 -0.00061522139 0.0
0.00157145539 -0.000570920354 0.0
0.000165688951 -0.000117401047 0.0
0.00127958029 -1.92507359e-05 0.0
0.000546656491 -0.000103494393 0.0
0.00173896435 -0.000413382513 0.0
0.00158810732 -0.000496621418 0.0
0.000365979125 -0.000199023722 0.0
0.000820349902 -0.000441791024 0.0
0.000586722803 -0.00048978941 0.0
0.00165022409 -0.000302246015 0.0
7.88184407e-05 -6.53344468e-05 0.0
0.00163237855 -0.000161191041 0.0
0.000722148863 -9.85709848e-05 0.0
0.000939217629 -0.00036685876 0.0
0.0017275603 -0.00052794849 0.0
0.000960857898 -0.000224532079 0.0
0.00124527467 -8.29783603e-05 0.0
0.00159407023 -0.000124502025 0.0
0.000797576271 -0.000432484871 0.0
6.6284847e-05 -8.49409334e-05 0.0
0.00126633176 5.56331506e-05 0.0
0.00139018334 -0.000463638251 0.0
0.000850069162 -0.000422852318 0.0
0.00135735748 1.7763814e-05 0.0
0.000917590631 -0.000285999558 0.0
0.00111435878 -0.000107111962 0.0
0.000797177257 -0.000381592225 0.0
0.00141306 2.8129276e-05 0.0
0.00107995432 -0.000114684932 0.0
0.000678195502 -0.000544060429 0.0
0.00142412202 -0.000485243945 0.0
0.00138874922 -0.000445515383 0.0
0.00111140579 -0.00030292981 0.0
0.000770986197 -0.000430757034 0.0
1.43436428e-05 -3.57249301e-05 0.0
0.000886087713 -0.00029988098 0.0
0.00101265672 -0.00018880413 0.0
0.00042288666 -0.000142393561 0.0
0.000399382436 -0.000294264493 0.0
0.00052141794 -0.00024126959 0.0
0.00129549252 -0.000473549182 0.0
0.00133321981 -0.000481046824 0.0
0.000209557635 -0.000521530514 0.0
0.000446490856 -0.000188529186 0.0
0.000853203528 -0.000337019796 0.0
0.000930735259 -1.86912457e-05 0.0
0.00106078375 -0.000153344838 0.0
0.000419214048 -0.000515317486 0.0
0.00167704234 -0.000346039247 0.0
0.00113878294 -0.000245198025 0.0
0.000854231359 -0.000355374621 0.0
0.00138673629 -1.52210159e-05 0.0
0.000531491591 -0.000399801385 0.0
0.000695212744 -0.000504811003 0.0
0.000281846995 -0.000109219407 0.0
0.00112514617 0.000108500011 0.0
0.00136079267 1.91787985e-05 0.0
0.00128198415 -0.000280866283 0.0
0.000319640269 -0.000199018221 0.0
0.00151280907 -0.000451754895 0.0
0.000304330781 -0.000453312299 0.0
0.000866631046 -0.000310402684 0.0
0.00108568487 -0.000351232826 0.0
0.00144241424 -0.000230392208 0.0
0.000518784916 -0.00019341633 0.0
0.00132941396 -4.2257172e-05 0.0
0.00130614289 -0.00038072461 0.0
0.000660966791 -0.000497485569 0.0
0.00111432641 -9.9134355e-05 0.0
0.000936938974 -0.000212607891 0.0
0.000445418089 -0.000281869172 0.0
0.00154058996 2.46500367e-05 0.0
0.000329993578 -0.000213922191 0.0
0.00157646905 -0.000349299429 0.0
0.000610431249 -0.000605506881 0.0
0.000420444063 -0.000682351936 0.0
0.00133454381 -9.08173533e-05 0.0
0.00122099463 -0.00015047261 0.0
0.00111081591 4.38519055e-05 0.0
0.000378273049 -0.000552635698 0.0
0.000784644915 -0.000325307803 0.0
0.000572335906 -0.000423816091 0.0
0.000202954267 -0.000489430618 0.0
0.000320960506 -0.000360510545 0.0
0.00150418223 2.13920393e-05 0.0
0.00157500221 -0.000468705257 0.0
0.000210528204 -0.000146461025 0.0
0.00100683665 -0.000177034788 0.0
0.000384987245 -0.000168038459 0.0
0.00184800476 -0.000592220633 0.0
0.0010581502 -0.000309662719 0.0
0.00102385238 -0.00025972788 0.0
0.0012929911 4.33576934e-05 0.0
0.00155398808 -2.06767199e-05 0.0
0.000306794042 -0.000194321256 0.0
0.0013523011 -7.03154074e-05 0.0
0.00135242648 -0.000480320072 0.0
0.00128473283 2.2810711e-05 0.0
0.00129127549 -0.000356477743 0.0
0.00109920558 -0.000159422882 0.0
0.000227236087 -0.00016507665 0.0
0.00148321642 -0.000427769701 0.0
0.00153927761 -7.58488823e-05 0.0
0.000639784674 -0.000516168599 0.0
0.00144536095 -0.000482328993 0.0
0.000834541104 -0.000380045647 0.0
0.000380101847 -0.000650358154 0.0
0.0010225313 -0.000261935842 0.0
0.000459441217 -0.000164036959 0.0
0.000954114541 -0.000627368048 0.0
0.00075761386 -0.000477298949 0.0
0.00117729232 -8.25375446e-06 0.0
0.000503946852 -0.00034707741 0.0
0.000772667059 -0.000153055182 0.0
0.00140974682 6.52223025e-06 0.0
0.00152450602 -0.00055008562 0.0
0.00170646515 -0.000449188432 0.0
0.00154061697 -0.000471585896 0.0
0.00152641593 -0.000252391765 0.0
0.000393969443 -0.000604921719 0.0
0.000368531095 -0.000385521707 0.0
0.00155118946 -0.000590064155 0.0
0.00180393842 -0.000480851886 0.0
0.00143288984 -0.000252975675 0.0
0.000588741386 -0.000463189237 0.0
0.00165123516 -0.000595512975 0.0
0.00191472762 -0.000631039788 0.0
0.000938306213 -0.000282124587 0.0
0.000633282936 -0.000694627932 0.0
0.00104140025 -0.000119340744 0.0
0.00149505434 -0.000459282193 0.0
0.000105931373 -8.55575854e-05 0.0
0.00043118975 -0.000229938625 0.0
0.00165053725 -0.000518224086 0.0
0.000816856802 -0.000479762472 0.0
0.00147740589 -4.86856334e-05 0.0
0.000550374796 -5.30877842e-05 0.0
0.000640258426 -0.000570926582 0.0
0.00167888589 -0.000204227807 0.0
0.0001423457 -0.000132920439 0.0
0.000751949148 -0.000479354378 0.0
0.00138579472 2.18744826e-05 0.0
0.000626803376 -0.00058681384 0.0
0.000595201214 -0.00063557917 0.0
0.00100308121 -0.000444385427 0.0
0.00109188189 -0.000230096135 0.0
0.00144167943 -0.000442701625 0.0
0.000987511245 -2.81401117e-05 0.0
2.46485815e-05 -2.39499022e-05 0.0
0.00128075248 -0.000445198297 0.0
0.00163126958 -0.000486264093 0.0
0.00150046661 -2.84496073e-05 0.0
0.000764612283 -0.000576855382 0.0
0.000230680453 -0.00016413111 0.0
0.00106920046 -3.23808708e-05 0.0
0.000608656206 -0.000243526069 0.0
0.00134246785 -0.000200029594 0.0
0.000931934163 -0.000110297296 0.0
0.00131658209 -0.000477430265 0.0
0.000805108633 -0.000364032428 0.0
0.000596343074 -0.000619726139 0.0
0.000998783275 -0.000303508627 0.0
0.000775413122 -0.000582113862 0.0
0.00081011164 -0.000388542394 0.0
0.000644384942 -4.25286416e-05 0.0
0.000906333444 -0.000312071701 0.0
0.00054091739 -0.000682492449 0.0
0.000993607449 -0.000113873997 0.0
0.000597647042 -0.000406987587 0.0
0.000819561479 -0.000456036709 0.0
0.000826801348 -0.000384986663 0.0
9.3903036e-05 -5.48223834e-05 0.0
0.000483017997 -0.000112618378 0.0
