-0.000354211923 8.59534048e-05 0.0
-0.000358279125 2.0204161e-05 0.0
-0.0005257476 0.000105997453 0.0
-0.000452040927 9.94135553e-05 0.0
-0.000486874662 0.000139342214 0.0
-0.000292615674 9.94135553e-05 0.0
-0.000366322376 0.000105997453 0.0
-0.000678207492 0.000187833852 0.0
-0.00068368623 0.00010350204 0.0
-0.00060466578 0.000139842334 0.0
3.32897544e-05 -4.82507094e-05 0.0
3.87685031e-05 3.608111e-05 0.0
-0.000610432529 0.000180646399 0.0
-0.000617252721 0.000146737351 0.0
-0.000558443251 0.000163259596 0.0
9.97232855e-05 -5.01539171e-06 0.0
0.000106543455 2.88936426e-05 0.0
3.12900484e-05 3.39970793e-05 0.0
2.81208449e-05 -3.87190412e-05 0.0
-0.000432255154 0.000138786767 0.0
-0.000500034948 0.000144268619 0.0
-0.000473215827 6.421133e-05 0.0
-0.000659460202 0.000144268619 0.0
-0.000591680408 0.000138786767 0.0
-0.000509711215 0.000169668099 0.0
-0.000510908198 9.1799142e-05 0.0
-0.000518563611 0.000103772385 0.0
-0.000527163967 6.07418224e-05 0.0
-0.000141143391 5.16445252e-05 0.0
-0.000141628057 1.9435407e-05 0.0
-0.000158952927 -4.17607316e-06 0.0
-0.000116263458 -5.20721642e-06 0.0
-0.000133759764 4.4700304e-05 0.0
4.31617918e-05 -5.20721642e-06 0.0
4.7232561e-07 -4.17607316e-06 0.0
-0.000326834474 0.000112104579 0.0
-0.000332829164 4.41663833e-05 0.0
-0.000127974825 6.26477486e-05 0.0
-0.000129049498 1.98206908e-05 0.0
-0.000267466035 6.73130635e-05 0.0
-0.000277860614 3.09959905e-05 0.0
-0.00025999092 0.000109337576 0.0
-0.00026672415 2.06723817e-05 0.0
-0.000317054568 0.000109137334 0.0
-0.000326590816 8.14746527e-05 0.0
-0.000145879108 5.67456955e-05 0.0
-0.000150460066 -2.76853007e-05 0.0
-0.000716976007 0.000151752756 0.0
0.0 0.0 0.0
0.000159425254 0.0 0.0
-0.000557550753 0.000151752756 0.0
-0.0003667743 8.58487401e-05 0.0
-0.000378291443 8.27455951e-05 0.0
-0.000388025888 7.80514383e-05 0.0
-0.000395281502 7.20669705e-05 0.0
-0.00039973887 6.49344365e-05 0.0
-0.00040164878 5.70476914e-05 0.0
-0.000400495075 4.8279584e-05 0.0
-0.000396231248 3.9205981e-05 0.0
-0.000389117922 3.10851974e-05 0.0
-0.000380085577 2.51228412e-05 0.0
-0.000369559071 2.14466363e-05 0.0
-0.000346935587 2.15229848e-05 0.0
-0.000336292811 2.49216027e-05 0.0
-0.000327187969 2.9953082e-05 0.0
-0.000320219435 3.58940124e-05 0.0
-0.000315882236 4.26711667e-05 0.0
-0.000314019911 4.97915098e-05 0.0
-0.000314061035 5.67974967e-05 0.0
-0.000315967598 6.33077798e-05 0.0
-0.000321151951 7.04762278e-05 0.0
-0.000329536269 7.75092703e-05 0.0
-0.000341399922 8.30941644e-05 0.0
-0.000449378625 0.000103345992 0.0
-0.000448352715 0.000108960747 0.0
-0.000449709361 0.000115681803 0.0
-0.000453653309 0.000122897254 0.0
-0.000459780946 0.000129741922 0.0
-0.000467734324 0.000134972302 0.0
-0.000476978574 0.000138191273 0.0
-0.000496360764 0.00013868876 0.0
-0.000504744239 0.000136698538 0.0
-0.000512197264 0.00013354524 0.0
-0.000518230954 0.000129004271 0.0
-0.00052293815 0.000123463557 0.0
-0.000526075833 0.000117623531 0.0
-0.000526959251 0.000111692469 0.0
-0.000362086052 9.91378838e-05 0.0
-0.000354450749 9.22425461e-05 0.0
-0.000344624947 8.62290035e-05 0.0
-0.000333904667 8.30993959e-05 0.0
-0.000322734471 8.2700084e-05 0.0
-0.000312095624 8.51635268e-05 0.0
-0.000302630651 9.04337794e-05 0.0
-0.000296376093 9.568526e-05 0.0
-0.000669565576 0.000100577388 0.0
-0.000655399635 0.000100557532 0.0
-0.000642182131 0.000102980506 0.0
-0.000630593742 0.000107367297 0.0
-0.000620887964 0.00011377925 0.0
-0.000612983946 0.000121781595 0.0
-0.000607297232 0.000130687506 0.0
-0.000604591449 0.000148843203 0.0
-0.000608092989 0.000158472278 0.0
-0.000615114986 0.000168557395 0.0
-0.000625110464 0.000177929847 0.0
-0.000636751007 0.000185056022 0.0
-0.000649651629 0.000188985403 0.0
-0.000663685729 0.000189815546 0.0
2.4872772e-05 3.11249278e-05 0.0
1.27682906e-05 2.38828507e-05 0.0
3.66834047e-06 1.51981631e-05 0.0
-1.9192089e-06 6.21830168e-06 0.0
-3.78228674e-06 -3.12245061e-06 0.0
-2.52404266e-06 -1.27341709e-05 0.0
2.15874798e-06 -2.31792746e-05 0.0
9.97218376e-06 -3.35734258e-05 0.0
2.06794393e-05 -4.22847443e-05 0.0
-0.000611064665 0.000142412347 0.0
-0.000603593944 0.000139663112 0.0
-0.000594967802 0.000138729258 0.0
-0.000585479604 0.000139586758 0.0
-0.000575533893 0.000142703837 0.0
-0.000567106297 0.000148042338 0.0
-0.000561781228 0.000153697547 0.0
-0.000559149077 0.000158549505 0.0
-0.000559309963 0.000168094135 0.0
-0.000561811961 0.000172729473 0.0
-0.000565843366 0.000176835601 0.0
-0.000571010343 0.000180217656 0.0
-0.000577318016 0.000182491785 0.0
-0.000584902824 0.000183740427 0.0
-0.000593325472 0.000183956188 0.0
-0.000602121931 0.000183009019 0.0
9.91539855e-05 2.46147174e-05 0.0
9.37978984e-05 1.91044855e-05 0.0
9.11834213e-05 1.30376129e-05 0.0
9.15425553e-05 6.76006675e-06 0.0
9.45882493e-05 6.36425e-07 0.0
2.01148578e-05 3.28017122e-05 0.0
9.96225117e-06 2.97732022e-05 0.0
9.19352715e-07 2.62543217e-05 0.0
-7.32022863e-06 2.07946032e-05 0.0
-1.37506113e-05 1.3672091e-05 0.0
-1.73856115e-05 5.41618738e-06 0.0
-1.77232014e-05 -3.25294604e-06 0.0
-1.42346626e-05 -1.26079531e-05 0.0
-7.15418219e-06 -2.19266331e-05 0.0
3.05555545e-06 -3.03692941e-05 0.0
1.51368695e-05 -3.61150451e-05 0.0
4.10646535e-05 -3.83896404e-05 0.0
5.33391176e-05 -3.54761214e-05 0.0
6.39404388e-05 -3.02100379e-05 0.0
7.19876989e-05 -2.29962698e-05 0.0
7.69189573e-05 -1.4346535e-05 0.0
7.86271266e-05 -4.83355825e-06 0.0
7.7174358e-05 5.37966616e-06 0.0
7.2260038e-05 1.53413912e-05 0.0
6.46867047e-05 2.38003358e-05 0.0
5.46652409e-05 2.98956074e-05 0.0
4.30105574e-05 3.33688477e-05 0.0
-0.000509435835 0.000138089439 0.0
-0.000516797882 0.000129960696 0.0
-0.000521680631 0.000120256438 0.0
-0.000523004739 0.000109190514 0.0
-0.00052042579 9.75118455e-05 0.0
-0.000514817541 8.6455213e-05 0.0
-0.000506718527 7.70625629e-05 0.0
-0.000496974157 7.01446406e-05 0.0
-0.000485977565 6.58888021e-05 0.0
-0.000459221104 6.52075105e-05 0.0
-0.000445377635 6.90502056e-05 0.0
-0.000433087524 7.51754051e-05 0.0
-0.000423594611 8.29931523e-05 0.0
-0.000417653035 9.20222446e-05 0.0
-0.000414371985 0.000101552323 0.0
-0.00041376875 0.000111274188 0.0
-0.000416040508 0.000120256984 0.0
-0.000422083453 0.000129665947 0.0
-0.000602720946 0.000145565355 0.0
-0.000614852761 0.000149648855 0.0
-0.000627174624 0.000151159591 0.0
-0.000639030128 0.000150349617 0.0
-0.000649834052 0.000147819417 0.0
-0.000522360438 0.000168640094 0.0
-0.000534601219 0.000164780184 0.0
-0.000545626739 0.000158774506 0.0
-0.00055308739 0.00015173851 0.0
-0.000557936903 0.00014511522 0.0
-0.000560578192 0.000138458214 0.0
-0.000561152294 0.000131266672 0.0
-0.000559590932 0.000123209989 0.0
-0.000554486702 0.000114468254 0.0
-0.000545953517 0.000105658946 0.0
-0.000535170955 9.83819482e-05 0.0
-0.000523257826 9.37300501e-05 0.0
-0.000499131391 9.22586696e-05 0.0
-0.000488636026 9.47298322e-05 0.0
-0.000479347189 9.81912235e-05 0.0
-0.000471147243 0.000103777384 0.0
-0.00046458299 0.000111016649 0.0
-0.000460168696 0.00011942166 0.0
-0.000459322531 0.000128775457 0.0
-0.000461917487 0.00013864784 0.0
-0.000467427453 0.000148472696 0.0
-0.000475524954 0.000157181566 0.0
-0.000485668745 0.000163769262 0.0
-0.000497252913 0.000167999475 0.0
-0.000527934171 0.000103366852 0.0
-0.000537137559 0.000101229292 0.0
-0.000545102637 9.72673806e-05 0.0
-0.000550694938 9.18828882e-05 0.0
-0.000553540653 8.57771083e-05 0.0
-0.000553675171 7.94979351e-05 0.0
-0.00055151165 7.35657086e-05 0.0
-0.000547412608 6.84130282e-05 0.0
-0.000541753892 6.44230531e-05 0.0
-0.000535080035 6.2034007e-05 0.0
-0.00051864062 6.05660753e-05 0.0
-0.000510070298 6.15967147e-05 0.0
-0.000502218492 6.41856896e-05 0.0
-0.000495727058 6.79654113e-05 0.0
-0.000491574174 7.35193244e-05 0.0
-0.000490581966 8.00441412e-05 0.0
-0.00049253786 8.73058889e-05 0.0
-0.000497026718 9.42433253e-05 0.0
-0.000502949464 9.94125949e-05 0.0
-0.000509949692 0.00010248219 0.0
-0.000148310733 5.11519538e-05 0.0
-0.000154540336 5.1288891e-05 0.0
-0.000160612544 5.06956676e-05 0.0
-0.000167040445 4.77536814e-05 0.0
-0.000171443869 4.27396808e-05 0.0
-0.000172998713 3.74016854e-05 0.0
-0.000172230764 3.2031021e-05 0.0
-0.00016876946 2.68017266e-05 0.0
-0.000163321572 2.34188174e-05 0.0
-0.000156767463 2.08924212e-05 0.0
-0.000149248619 1.93568794e-05 0.0
-0.000134696282 2.03905602e-05 0.0
-0.000128972417 2.16032877e-05 0.0
-0.000124278318 2.30031401e-05 0.0
-0.000119983553 2.5712272e-05 0.0
-0.000116620526 2.94176425e-05 0.0
-0.000114759539 3.38079117e-05 0.0
-0.000115150244 3.84002014e-05 0.0
-0.000117537566 4.28231469e-05 0.0
-0.000121773832 4.65613157e-05 0.0
-0.000127422958 4.9532031e-05 0.0
-0.000134110946 5.12695369e-05 0.0
-0.000109425746 -2.53391113e-06 0.0
-0.000103392376 1.22171514e-06 0.0
-9.91858469e-05 6.50458787e-06 0.0
-9.73993956e-05 1.2661445e-05 0.0
-9.83801365e-05 1.95949287e-05 0.0
-0.000102540631 2.7236505e-05 0.0
-0.000109187771 3.45951848e-05 0.0
-0.000117274285 4.02065489e-05 0.0
-0.000125461185 4.33535388e-05 0.0
-0.000142299032 4.49160725e-05 0.0
-0.000150730528 4.41235497e-05 0.0
-0.000158748619 4.16233088e-05 0.0
-0.000165806938 3.72257746e-05 0.0
-0.000171221283 3.07861155e-05 0.0
-0.000173563953 2.32310904e-05 0.0
-0.000173336215 1.52309594e-05 0.0
-0.0001706638 7.52275037e-06 0.0
-0.000165707519 9.22541972e-07 0.0
8.91573291e-06 -7.72608837e-06 0.0
1.78857899e-05 -8.90988667e-06 0.0
2.67877858e-05 -8.71691554e-06 0.0
3.53215073e-05 -6.97810765e-06 0.0
-0.000336425292 0.000111253714 0.0
-0.000345748354 0.000108890097 0.0
-0.000354660413 0.000104875769 0.0
-0.00036258105 9.91394045e-05 0.0
-0.000368578185 9.22202162e-05 0.0
-0.00037166613 8.4279578e-05 0.0
-0.000371495757 7.57224334e-05 0.0
-0.000368197332 6.67279164e-05 0.0
-0.000362228137 5.80965279e-05 0.0
-0.000354238844 5.13240884e-05 0.0
-0.000344280881 4.67471109e-05 0.0
-0.000320878462 4.40146541e-05 0.0
-0.000309538125 4.60443916e-05 0.0
-0.00029929867 5.04869713e-05 0.0
-0.000291221018 5.73232319e-05 0.0
-0.00028586539 6.58192803e-05 0.0
-0.000283840462 7.54381617e-05 0.0
-0.000285220391 8.5325235e-05 0.0
-0.000289648975 9.42509505e-05 0.0
-0.000296750368 0.000101809339 0.0
-0.000306122645 0.000107506494 0.0
-0.00031639979 0.000111096349 0.0
-0.000135966562 6.16143298e-05 0.0
-0.000142413599 6.03744629e-05 0.0
-0.000148005725 5.88229959e-05 0.0
-0.000153021494 5.56654013e-05 0.0
-0.000156811962 5.11750732e-05 0.0
-0.000158837094 4.56522466e-05 0.0
-0.000158666182 3.96062023e-05 0.0
-0.000155977585 3.37876518e-05 0.0
-0.000150953783 2.84388152e-05 0.0
-0.000144226738 2.40881418e-05 0.0
-0.000137025301 2.11401402e-05 0.0
-0.000120528137 1.97724094e-05 0.0
-0.000112007503 2.11698953e-05 0.0
-0.000103882514 2.45284773e-05 0.0
-9.67542874e-05 2.91506803e-05 0.0
-9.25586573e-05 3.44119399e-05 0.0
-9.14814373e-05 3.98572665e-05 0.0
-9.28016743e-05 4.54013316e-05 0.0
-9.64888022e-05 5.11036051e-05 0.0
-0.000102427126 5.61969136e-05 0.0
-0.000110288405 6.01717802e-05 0.0
-0.000119182325 6.2256775e-05 0.0
-0.000276407081 6.65935004e-05 0.0
-0.000284585636 6.41658698e-05 0.0
-0.000291616714 6.05711321e-05 0.0
-0.000296510087 5.64408292e-05 0.0
-0.000299038715 5.18623492e-05 0.0
-0.000299452775 4.71415115e-05 0.0
-0.000297869585 4.26804872e-05 0.0
-0.000295129779 3.88653898e-05 0.0
-0.000291345757 3.56821329e-05 0.0
-0.000285766 3.28743263e-05 0.0
-0.000268484582 3.07723858e-05 0.0
-0.000258995191 3.1601634e-05 0.0
-0.000249894219 3.40697152e-05 0.0
-0.000242576367 3.93043374e-05 0.0
-0.00023874137 4.5222474e-05 0.0
-0.000238105844 5.1126488e-05 0.0
-0.000240076552 5.68869364e-05 0.0
-0.00024432104 6.13188749e-05 0.0
-0.000250530167 6.41447405e-05 0.0
-0.000258474611 6.62491002e-05 0.0
-0.000276231702 0.000107344807 0.0
-0.000291550386 0.000101880083 0.0
-0.000302008004 9.41965773e-05 0.0
-0.000309040595 8.67276249e-05 0.0
-0.00031375332 7.79129405e-05 0.0
-0.000316094345 6.81162492e-05 0.0
-0.00031604254 5.84608097e-05 0.0
-0.000313433149 4.97966394e-05 0.0
-0.000307303941 4.06578984e-05 0.0
-0.000296967599 3.16819314e-05 0.0
-0.000282406632 2.47256594e-05 0.0
-0.000251084828 2.04836324e-05 0.0
-0.000235683328 2.43727209e-05 0.0
-0.000222254559 3.17279846e-05 0.0
-0.000212485204 4.1780655e-05 0.0
-0.00020811602 5.34005958e-05 0.0
-0.000207319405 6.48813075e-05 0.0
-0.000209342441 7.61217889e-05 0.0
-0.000214423155 8.65334732e-05 0.0
-0.00022207947 9.57096781e-05 0.0
-0.000232258593 0.000102923746 0.0
-0.000245002942 0.000107451277 0.0
-0.0003240933 0.000109855704 0.0
-0.000331119722 0.000110179208 0.0
-0.000337859907 0.000109489898 0.0
-0.000343566178 0.000107815213 0.0
-0.000347501016 0.000104887913 0.0
-0.000349477195 0.000101172744 0.0
-0.000349413662 9.67777451e-05 0.0
-0.000347311725 9.16245408e-05 0.0
-0.000343341904 8.69153519e-05 0.0
-0.000338128768 8.36123363e-05 0.0
-0.000332380499 8.18257395e-05 0.0
-0.000320947234 8.26666947e-05 0.0
-0.000315387093 8.41730216e-05 0.0
-0.000310486677 8.50594661e-05 0.0
-0.000306040805 8.69574505e-05 0.0
-0.000302747037 9.02446773e-05 0.0
-0.000300913292 9.42155966e-05 0.0
-0.000300860323 9.80476179e-05 0.0
-0.000302177388 0.000101326419 0.0
-0.000304295681 0.000103845872 0.0
-0.000306992617 0.000105793224 0.0
-0.000311119016 0.000107749518 0.0
-0.000160061027 5.67269417e-05 0.0
-0.000174097921 5.34602477e-05 0.0
-0.000186899168 4.71141539e-05 0.0
-0.000197358255 3.84566374e-05 0.0
-0.000203047341 2.78115604e-05 0.0
-0.000204552023 1.71674728e-05 0.0
-0.000203887234 7.10810536e-06 0.0
-0.000200845156 -2.47590947e-06 0.0
-0.000195372544 -1.08802706e-05 0.0
-0.000187485362 -1.779987e-05 0.0
-0.000176933201 -2.31439062e-05 0.0
-0.000163933917 -2.64410173e-05 0.0
-0.000137498966 -2.62170561e-05 0.0
-0.000126709798 -2.41747475e-05 0.0
-0.000116642033 -2.01305484e-05 0.0
-0.000107932072 -1.43592379e-05 0.0
-0.000100383135 -7.22856794e-06 0.0
-9.54740899e-05 1.34360437e-06 0.0
-9.3584531e-05 1.02821532e-05 0.0
-9.47830267e-05 1.94495042e-05 0.0
-9.94695001e-05 2.95264053e-05 0.0
-0.000107995882 3.95144489e-05 0.0
-0.000119071068 4.80130293e-05 0.0
-0.000131989276 5.38572676e-05 0.0
-0.000690689078 0.000148702122 0.0
-0.000671512913 0.000144849546 0.0
-0.000418940937 9.06233763e-05 0.0
-0.000399187586 8.7573826e-05 0.0
-0.000376700191 7.89428232e-05 0.0
-0.000353488838 6.8713387e-05 0.0
-0.000337635051 6.1556806e-05 0.0
-0.000324477325 5.27237025e-05 0.0
-0.000304002519 4.30809596e-05 0.0
-0.000273964688 2.8662851e-05 0.0
-0.00023363049 1.59327701e-05 0.0
-0.000191607949 5.51908215e-06 0.0
-0.000112941329 2.20599145e-06 0.0
-9.45960201e-05 -4.05214422e-07 0.0
-6.50154179e-05 -6.53950622e-07 0.0
-3.17707236e-05 -3.46892733e-07 0.0
1.92320676e-05 -1.7263952e-05 0.0
6.239496e-05 1.34464817e-05 0.0
8.06926255e-05 1.43759257e-06 0.0
0.000117480566 1.06199104e-05 0.0
0.000125885621 -2.38097582e-05 0.0
0.000128717031 -5.09821803e-05 0.0
0.000131582943 -6.43008534e-05 0.0
0.000133989655 -6.58699137e-05 0.0
0.000134743546 -5.92619108e-05 0.0
0.000131769921 -5.04674099e-05 0.0
0.000129770313 -4.62984062e-05 0.0
0.000129367167 -4.80677336e-05 0.0
0.000127772335 -4.91672981e-05 0.0
0.000124821658 -4.18587806e-05 0.0
0.000120166958 -2.76100945e-05 0.0
0.000119680117 -1.68345432e-05 0.0
0.000120848934 -6.16052785e-06 0.0
0.000128152155 1.0859394e-06 0.0
0.00014149354 5.18316256e-06 0.0
0.000127654523 -3.46892733e-07 0.0
9.44098356e-05 -6.53950622e-07 0.0
6.48292335e-05 -4.05214422e-07 0.0
4.64839177e-05 2.20599145e-06 0.0
-3.21827029e-05 5.51908215e-06 0.0
-7.42052434e-05 1.59327701e-05 0.0
-0.000114539449 2.8662851e-05 0.0
-0.00014457728 4.30809596e-05 0.0
-0.000165052086 5.27237025e-05 0.0
-0.000178209812 6.1556806e-05 0.0
-0.000194063585 6.8713387e-05 0.0
-0.000217274952 7.89428232e-05 0.0
-0.000239762347 8.7573826e-05 0.0
-0.000259515684 9.06233763e-05 0.0
-0.000512087718 0.000144849546 0.0
-0.000531263824 0.000148702122 0.0
-0.000575482438 0.000156935916 0.0
-0.000588823867 0.000152838693 0.0
-0.000596127065 0.000145592217 0.0
-0.000597295875 0.000134918213 0.0
-0.000596809026 0.000124142651 0.0
-0.000592154334 0.000109893968 0.0
-0.000589203672 0.000102585451 0.0
-0.00058760884 0.000103685015 0.0
-0.000587205694 0.000105454339 0.0
-0.000585206086 0.000101285339 0.0
-0.000582232431 9.24908381e-05 0.0
-0.000582986337 8.58828353e-05 0.0
-0.000585393049 8.74518955e-05 0.0
-0.000588258961 0.000100770572 0.0
-0.000591090356 0.000127942985 0.0
-0.000599495426 0.000162372657 0.0
-0.000636283366 0.00015319034 0.0
-0.000654581061 0.000165199235 0.0
-0.000697743904 0.000134488801 0.0
-0.000429318839 0.000103670791 0.0
-4.45346132e-06 -7.46617116e-06 0.0
-0.000481374242 0.00010351916 0.0
2.20439797e-05 4.88814703e-06 0.0
-0.000407946092 0.000119536388 0.0
-0.000373449177 7.33051711e-05 0.0
-0.000486931414 0.00013631671 0.0
-3.8532894e-06 2.62258764e-05 0.0
-0.000297656952 9.59835161e-05 0.0
-6.42061132e-05 -5.24169218e-06 0.0
-0.000262051501 2.12180767e-05 0.0
-0.000418123906 9.79600663e-05 0.0
-7.10993627e-05 2.66948518e-05 0.0
-0.000212456158 7.12051406e-05 0.0
-0.000135754017 4.60324918e-05 0.0
5.42061498e-05 -2.99989388e-05 0.0
-0.000419912889 7.6474229e-05 0.0
-4.33235073e-05 2.61776986e-05 0.0
-0.00025858084 6.53123861e-05 0.0
-0.000592418655 0.000121360375 0.0
-0.000214182408 4.63425531e-05 0.0
-0.000363480154 8.04098963e-05 0.0
-0.000455147121 0.000125824328 0.0
-5.50583582e-06 -1.308417e-05 0.0
-0.000354896241 7.67845631e-05 0.0
-4.69596234e-05 1.73922745e-05 0.0
5.83748588e-05 -2.9128656e-05 0.0
-0.000444822654 5.87244322e-05 0.0
-0.000548146258 0.000127737658 0.0
6.66877313e-05 1.14561653e-05 0.0
-0.000236601263 6.59438738e-05 0.0
-0.000197715999 6.62020029e-05 0.0
-0.00053147506 0.000123365928 0.0
-2.50745288e-05 2.62538233e-05 0.0
-0.000346212299 5.66569361e-05 0.0
-0.000246471172 5.8068792e-05 0.0
-0.000235463347 6.4744112e-05 0.0
-0.000510778453 0.000144245598 0.0
-0.00038504359 6.70629888e-05 0.0
-0.000417877076 0.000135407317 0.0
-0.000277025392 3.39045364e-05 0.0
-0.000355913478 0.000101321632 0.0
-0.000461722899 0.00011243589 0.0
2.74870927e-05 1.68789065e-05 0.0
-0.000403610087 0.000100189158 0.0
-3.29165377e-05 -1.25972783e-05 0.0
-2.26881457e-05 2.78909774e-05 0.0
-0.000168894956 6.67773129e-05 0.0
-6.4110136e-05 2.23293264e-05 0.0
-0.0004227311 0.000109161039 0.0
-0.000511678692 0.000152080102 0.0
-0.000463161297 0.000101004589 0.0
7.10331951e-05 -3.72348586e-05 0.0
-0.000246713491 8.89153944e-06 0.0
-0.000110224631 -7.3527292e-07 0.0
-3.45336339e-05 -1.74600391e-05 0.0
-0.000199589835 3.4653378e-05 0.0
-0.000368550682 0.000100140816 0.0
7.3786272e-05 -3.73622897e-05 0.0
-9.755254e-05 2.81684497e-05 0.0
-4.04823695e-05 2.69493703e-05 0.0
7.76086526e-05 -2.37702479e-05 0.0
-0.000244607189 8.16580941e-05 0.0
-0.000170255909 6.04376764e-05 0.0
-0.000118541466 3.7487287e-05 0.0
7.94449443e-06 -3.04550781e-06 0.0
-0.000102959872 2.50025332e-05 0.0
8.36696563e-06 2.24020259e-05 0.0
-0.000535002095 8.97571226e-05 0.0
-0.000165253863 6.16804173e-05 0.0
-2.13093836e-06 2.56054136e-05 0.0
-0.000453668123 0.000138288771 0.0
-2.24857995e-05 2.1810316e-05 0.0
2.56068488e-05 -2.24399555e-05 0.0
-0.000400150224 9.16564823e-05 0.0
-8.0264901e-05 2.98456853e-05 0.0
-8.75561454e-05 1.9838506e-05 0.0
-0.000498015899 7.97688263e-05 0.0
-0.000521396636 0.000124269151 0.0
-0.000488522463 0.000143755227 0.0
-0.000272443402 3.5474146e-05 0.0
-0.000401618337 8.58718486e-05 0.0
-0.000242840848 2.19984449e-05 0.0
-0.000248513592 1.65972433e-05 0.0
1.68146471e-05 2.81312805e-05 0.0
-0.000459300354 8.83064495e-05 0.0
-0.000349663431 6.48971545e-05 0.0
-0.000615777215 0.000120468569 0.0
-0.000355167344 9.29499292e-05 0.0
-0.000379239413 7.79349575e-05 0.0
6.30262366e-05 2.47641638e-05 0.0
-0.000324411463 4.99883135e-05 0.0
-9.18047663e-05 2.08065157e-05 0.0
-0.000365798682 6.10725692e-05 0.0
-0.000297700899 8.13190272e-05 0.0
-0.00029007913 4.41453449e-05 0.0
-0.000320754072 6.22742664e-05 0.0
-0.000457719289 0.000121291116 0.0
-3.29784089e-05 -4.42002374e-07 0.0
-0.00040837226 5.2071493e-05 0.0
-0.000197985195 6.99075608e-05 0.0
-5.41254267e-05 2.75232469e-05 0.0
-0.000307714858 8.86957932e-05 0.0
-0.000249942823 7.88166944e-05 0.0
-0.000584748224 0.000123158621 0.0
-0.000335693505 8.29089113e-05 0.0
-0.000187075435 4.40162912e-05 0.0
-8.35984247e-05 -1.52345419e-05 0.0
-0.000437104318 4.83608346e-05 0.0
2.59691878e-05 8.09598714e-06 0.0
1.99288734e-05 -1.80003099e-05 0.0
-0.000609368726 0.00015673686 0.0
-0.000549958961 0.000126412662 0.0
-0.00058324245 0.000120841956 0.0
-0.000551141973 0.000127613413 0.0
-0.000569368596 0.000114700037 0.0
-0.000221412149 5.56871164e-05 0.0
-0.000449973624 8.10329366e-05 0.0
-0.000286864088 0.000101844453 0.0
-0.00034580339 6.84719707e-05 0.0
-0.000446356833 0.000108353597 0.0
-0.000214395681 6.87048523e-05 0.0
-0.0002727182 7.25888895e-05 0.0
-0.000427736377 0.000111066038 0.0
-4.52021377e-05 1.8546205e-05 0.0
-0.000263160473 2.62996946e-05 0.0
-0.000176681729 4.96724424e-05 0.0
-0.000535651285 0.000153114117 0.0
-0.000544680108 0.000128440588 0.0
-0.000295194768 9.78492317e-05 0.0
-0.000206540572 4.4049626e-05 0.0
-0.000433649111 9.66428124e-05 0.0
-0.000368675072 0.000122569953 0.0
-0.000133662135 4.18281015e-05 0.0
-0.000271414407 7.32123299e-05 0.0
-0.000382900413 8.58386411e-05 0.0
-0.000391262438 5.63818248e-05 0.0
-0.000275913219 7.75356311e-05 0.0
-0.000139947457 4.74617773e-05 0.0
-0.000519248075 0.000154684778 0.0
8.6519969e-05 -3.89834604e-05 0.0
-3.00544639e-06 -1.60430827e-05 0.0
-0.000283969741 3.56384844e-05 0.0
-0.000210421262 4.92334148e-05 0.0
3.8575592e-05 -2.349022e-05 0.0
-8.30534773e-05 3.6336347e-05 0.0
-0.000156453767 4.83098374e-05 0.0
-3.08070703e-05 -9.58745295e-06 0.0
4.49216313e-05 -3.06191178e-05 0.0
1.90634692e-05 1.76062804e-05 0.0
2.97436145e-05 1.49968146e-05 0.0
9.73724018e-05 -1.91882446e-05 0.0
-3.41721425e-05 -8.08811001e-06 0.0
-0.000182756863 7.49954925e-05 0.0
1.15988169e-05 2.47084645e-05 0.0
-0.000239755798 7.85716111e-06 0.0
-0.000248506723 8.13656152e-05 0.0
-0.000446521706 9.52273112e-05 0.0
-2.80546556e-05 2.35940261e-05 0.0
-0.000193214146 5.52812744e-05 0.0
-0.000632918847 0.000156613954 0.0
-0.000419200485 0.000133129346 0.0
-0.000372200884 9.19384474e-05 0.0
-0.000379217556 0.00010086679 0.0
8.68067946e-05 1.24590042e-05 0.0
-0.000336130324 5.9557151e-05 0.0
-0.000549117045 9.37130462e-05 0.0
-0.000429048057 0.000108760643 0.0
-0.000570147124 8.587911e-05 0.0
-0.000437145092 8.19968991e-05 0.0
-0.00019587604 6.28334165e-05 0.0
-0.000206252211 9.21060291e-06 0.0
-0.000398057658 7.83996365e-05 0.0
-0.000628717477 0.000126121944 0.0
-0.000481157447 0.000147837854 0.0
-8.57937921e-05 3.464568e-05 0.0
-0.000406683219 8.09861449e-05 0.0
-3.97808071e-05 2.90395001e-05 0.0
-0.000485370692 0.000128707514 0.0
4.55782647e-05 1.3670925e-05 0.0
-0.00047821895 0.000106537373 0.0
-0.000651746464 0.000130025946 0.0
-0.000338339189 6.0345923e-05 0.0
-9.64419269e-06 -1.45169397e-05 0.0
-0.000531851372 0.000157412491 0.0
-6.56045086e-05 2.40092395e-05 0.0
-0.000673924689 0.00013290497 0.0
-0.000375271571 8.47371557e-05 0.0
-0.000550876139 9.93455105e-05 0.0
-0.000509126112 0.000120705896 0.0
8.94036421e-05 -4.61388881e-05 0.0
-0.000558864907 0.000152266992 0.0
-0.000109422122 3.53233336e-05 0.0
-0.000400280667 8.27349504e-05 0.0
-0.000181895972 7.29366147e-05 0.0
-0.000478055503 5.68289361e-05 0.0
-0.00036039282 7.59717077e-05 0.0
-0.00024134868 5.99418263e-06 0.0
-0.000606418413 0.000125962732 0.0
-0.000385185471 0.000105998937 0.0
-0.000436762697 0.000125588034 0.0
-1.1435648e-05 1.30308817e-05 0.0
9.29993112e-05 -4.19516145e-05 0.0
-0.000195545086 5.34725441e-05 0.0
4.04126113e-05 -1.2748179e-05 0.0
-0.00051092566 0.000126746061 0.0
-0.000531694794 0.000130251705 0.0
-0.000223195035 3.1629912e-05 0.0
-0.000396860822 9.48490051e-05 0.0
9.16250647e-05 1.56446986e-05 0.0
-0.000560407527 0.000115800634 0.0
9.2503833e-05 -4.50931293e-05 0.0
-0.000313549855 7.42732736e-05 0.0
-0.000122918718 3.31944625e-06 0.0
-0.000604967528 0.00011642676 0.0
-0.000261938054 2.2941138e-05 0.0
-0.000453091634 9.75652802e-05 0.0
2.77816252e-05 2.36883989e-05 0.0
5.57268359e-05 -1.51305608e-06 0.0
-1.96643578e-05 2.8871973e-06 0.0
-2.65773906e-05 2.53194466e-05 0.0
-0.000242284324 3.3224067e-05 0.0
-0.000459211413 0.000145776779 0.0
-0.000557501393 0.000126556362 0.0
-0.000515778083 8.04166702e-05 0.0
-0.000111426983 2.02517622e-05 0.0
-4.5874036e-05 -1.16504107e-05 0.0
-7.02874459e-05 -1.13226833e-05 0.0
-0.000222356437 6.21436411e-05 0.0
-0.00052890816 0.000146981387 0.0
-0.000532079255 0.000120164441 0.0
-0.00040677053 4.16136318e-05 0.0
-0.000349385082 4.32122288e-05 0.0
7.60521289e-07 1.14990708e-05 0.0
-0.000196985697 3.60515951e-05 0.0
-0.000504465366 0.000153476649 0.0
-9.99235363e-06 2.0525591e-05 0.0
-0.000553125225 0.000128536194 0.0
-0.000266255403 8.02447685e-05 0.0
-1.83395441e-05 -1.95236626e-05 0.0
-0.000332622702 8.70619842e-05 0.0
-0.00020577648 3.69676709e-05 0.0
1.41950732e-05 -2.09731224e-05 0.0
-0.000640384678 0.000126075975 0.0
6.25292887e-05 6.70193413e-06 0.0
-0.000216334403 2.67041287e-05 0.0
-0.000616744335 0.000161301825 0.0
4.21041477e-05 -2.56966232e-05 0.0
-0.000477495487 8.25481839e-05 0.0
3.77072538e-05 2.15248219e-05 0.0
-0.000455789064 8.02053619e-05 0.0
-7.02564212e-05 3.21342013e-05 0.0
-3.63201798e-06 -1.13375072e-05 0.0
-8.66985865e-05 2.65842973e-05 0.0
-0.000586049864 0.00014863415 0.0
-0.000270065735 9.14814154e-05 0.0
-0.000516981643 8.78664432e-05 0.0
-0.000295684324 3.5296609e-05 0.0
-3.16990518e-05 2.58984401e-05 0.0
-0.000349433831 9.78067328e-05 0.0
-0.0005693821 9.30282986e-05 0.0
-0.000128490545 3.29808208e-05 0.0
9.79119286e-05 -4.48810279e-05 0.0
-0.000363496802 0.000100882862 0.0
-0.000284334295 4.27019004e-05 0.0
-0.000233213199 1.71163483e-05 0.0
-0.000548975426 0.000153112764 0.0
-7.73533466e-05 2.37639251e-05 0.0
-0.000176752961 5.57700478e-05 0.0
-0.00014491078 4.83099284e-05 0.0
-0.000571338169 0.00012744253 0.0
-0.000556772749 0.000123408274 0.0
-6.7613415e-05 1.79053459e-05 0.0
-0.000407531712 9.50347967e-05 0.0
-0.000275174272 3.13318997e-05 0.0
-0.000567001349 7.99625122e-05 0.0
-0.00062092609 0.000159245174 0.0
-0.000323199172 5.81613858e-05 0.0
-0.000476092449 0.000133045876 0.0
-0.000232196777 2.54967599e-05 0.0
-9.65516083e-05 2.06553359e-05 0.0
-0.000135724244 3.23021886e-05 0.0
-0.000557121472 0.000126193612 0.0
-1.20974937e-05 8.13654879e-06 0.0
-0.000368242181 4.70466293e-05 0.0
-0.000401975209 0.000126311657 0.0
-0.000579294632 0.000124667495 0.0
-0.00017371845 6.48541536e-05 0.0
-0.000207910824 4.67362952e-05 0.0
-0.000137337382 4.28537642e-05 0.0
-0.000317789207 8.57563355e-05 0.0
-0.000328604074 8.61951485e-05 0.0
-0.000117355587 3.13511337e-05 0.0
0.000101065198 1.23802993e-05 0.0
-0.000100111691 -6.1310825e-06 0.0
-0.000358556514 6.59621437e-05 0.0
-7.27985171e-05 1.70417952e-05 0.0
-0.000181506315 5.96837999e-05 0.0
-0.000314389908 4.04957536e-05 0.0
-0.000534319377 0.00016000231 0.0
-0.00015693593 5.93676559e-05 0.0
1.83723132e-05 7.88443231e-06 0.0
-0.00056674832 9.07382273e-05 0.0
-0.000158982264 5.61919042e-05 0.0
-0.000563438865 0.000147196872 0.0
-0.000194689652 5.67672432e-05 0.0
-3.94163508e-05 3.46774541e-05 0.0
-0.000199590184 3.51026647e-05 0.0
-1.39191989e-05 2.61850073e-05 0.0
-0.000435355381 4.83156982e-05 0.0
-0.000479949522 9.25404529e-05 0.0
-0.000550377183 0.000101095713 0.0
-0.000220635935 6.28950074e-05 0.0
-0.000274141465 4.68422149e-05 0.0
6.37509147e-05 2.99412131e-05 0.0
-1.22965957e-05 2.79010583e-05 0.0
-0.000158095951 3.48037538e-05 0.0
-0.000496025197 0.000144501711 0.0
1.65129804e-05 1.87397127e-05 0.0
-0.000254089508 4.15352952e-05 0.0
-0.000406423322 0.0001034733 0.0
-9.65802828e-05 3.10401701e-05 0.0
-1.28592746e-05 2.95060581e-05 0.0
-0.000201752715 8.38736814e-05 0.0
-0.000348122558 8.05085874e-05 0.0
-0.000489261467 0.000112216308 0.0
-0.000385250372 7.5268159e-05 0.0
-0.000106007617 2.83780846e-05 0.0
-0.00022131241 4.86253739e-05 0.0
-0.00058588601 0.000152701061 0.0
-0.00041465403 0.000128914893 0.0
-0.000410912733 0.000110915396 0.0
-0.000493070635 0.000123752121 0.0
9.6985219e-05 -6.22460539e-06 0.0
-0.000448466191 0.000118552729 0.0
-0.000312140735 9.01229214e-05 0.0
-0.00011995768 3.00592947e-05 0.0
-0.00049902976 0.000116818403 0.0
-0.000269721204 8.41891379e-05 0.0
-0.00050476176 0.000101344776 0.0
-0.000244929717 8.10568163e-05 0.0
-0.000529780111 0.000158163748 0.0
9.82644924e-05 -1.75077312e-05 0.0
-0.000383371516 0.000125613195 0.0
-0.000566862174 8.08211116e-05 0.0
-0.000339589489 6.8274785e-05 0.0
-0.000385852967 7.24199563e-05 0.0
-0.000500168884 0.000142186269 0.0
-0.000133408714 3.75487762e-05 0.0
-0.00047111453 0.000124480997 0.0
-0.000247472548 6.34596217e-05 0.0
-7.90950435e-05 2.42815277e-05 0.0
1.46505863e-05 -1.15526045e-05 0.0
0.000102924852 -5.62102696e-06 0.0
-6.81523525e-05 -1.10555538e-05 0.0
-0.000551335921 0.000158514551 0.0
-0.000134834365 3.61646707e-05 0.0
-0.000564930262 8.59311185e-05 0.0
-0.000447486091 0.000110412984 0.0
-0.000270343298 2.87635339e-05 0.0
2.28189601e-05 1.91927775e-05 0.0
-0.000335503428 7.46580554e-05 0.0
-0.000565299066 9.36227807e-05 0.0
-0.000340301631 8.95012417e-05 0.0
-0.000291235105 7.65271179e-05 0.0
-0.000226177959 -2.01653006e-06 0.0
-0.000112333357 2.62396516e-05 0.0
6.9453512e-05 -3.52624229e-05 0.0
9.24921987e-05 2.64690607e-05 0.0
-0.000128823754 4.53962239e-05 0.0
-0.000416798517 9.26342545e-05 0.0
-0.000104291321 3.67542998e-05 0.0
-0.000125961276 3.65614542e-05 0.0
-0.000118299991 3.74040246e-05 0.0
-0.00049431948 0.00015415762 0.0
-3.79711018e-05 2.49233544e-05 0.0
-0.000113059017 -1.24956505e-05 0.0
-0.000349500391 9.05935594e-05 0.0
-0.000258307671 3.0830277e-05 0.0
-0.000228747333 7.37646769e-05 0.0
0.000103322272 -2.02602041e-06 0.0
-0.000465392397 0.000114606875 0.0
-0.000474849076 0.000112864087 0.0
-0.000165268444 4.53597204e-05 0.0
-3.32192831e-05 2.83072877e-05 0.0
-0.000300365646 8.85376867e-05 0.0
-0.000561536115 9.71345144e-05 0.0
-0.000508053403 8.20592832e-05 0.0
-0.000206518715 1.55927446e-05 0.0
1.21380881e-05 -1.66813388e-05 0.0
-6.82118043e-05 3.99364071e-05 0.0
-0.000289493095 0.000100162622 0.0
-0.000487003388 8.86522248e-05 0.0
-0.000144180871 3.50828996e-05 0.0
-0.000430377637 0.000133083697 0.0
-0.000469340885 9.7341137e-05 0.0
-0.000193557062 8.07541364e-05 0.0
-2.16859894e-06 -2.4452489e-05 0.0
-0.000118201853 3.58683428e-05 0.0
2.82365545e-05 2.8270053e-05 0.0
-0.000386260042 9.48332599e-05 0.0
-0.000380130659 9.79644465e-05 0.0
-7.77821333e-05 3.6772868e-05 0.0
-2.35171974e-05 -1.23400087e-05 0.0
-7.48269304e-05 2.41671078e-05 0.0
-0.000343694119 0.000109591841 0.0
-6.56150951e-05 -1.25454644e-05 0.0
0.000102217455 -4.25216895e-05 0.0
-0.000387009262 3.834983e-05 0.0
-0.000382639642 0.00011416764 0.0
9.30385431e-05 -3.93500159e-05 0.0
-0.000285440125 7.05236889e-05 0.0
-9.11788229e-05 1.46586842e-06 0.0
-0.000220097543 7.62277923e-05 0.0
0.000104981584 -1.70598432e-05 0.0
-5.90858981e-05 1.29170048e-05 0.0
-0.000602072862 0.000152439068 0.0
-0.000439343043 5.69990516e-05 0.0
-0.000373580813 4.154817e-05 0.0
-0.000303573266 5.24169263e-05 0.0
-0.000276475592 8.99000152e-05 0.0
-4.31978187e-05 -1.03805032e-05 0.0
-0.000166542217 4.32634952e-05 0.0
-0.000109867586 3.56468263e-05 0.0
6.04901579e-05 7.70328552e-06 0.0
-0.000412550668 9.85950828e-05 0.0
-0.000247979449 6.47542329e-05 0.0
-0.000426609273 6.81247038e-05 0.0
-0.000529744953 9.11177049e-05 0.0
-0.000617993297 0.00013343367 0.0
-0.000188652615 4.51166015e-05 0.0
-0.000187196274 6.00824897e-05 0.0
0.000104536688 -4.26777769e-05 0.0
-0.000124147307 2.18539917e-05 0.0
-0.000518645742 0.000130409157 0.0
-0.000234012856 9.13221011e-05 0.0
-0.000252727186 1.34976408e-05 0.0
-0.000305956462 6.05428249e-05 0.0
2.88726515e-05 -2.95914033e-05 0.0
-0.000443622528 9.87115127e-05 0.0
-0.00040303258 0.000107127984 0.0
1.40099501e-05 2.41054222e-05 0.0
0.000101191006 -4.97420224e-05 0.0
6.47782799e-05 -3.67851462e-05 0.0
-0.00025942942 2.0508829e-05 0.0
-0.000331138668 5.12256265e-05 0.0
-0.000428616157 8.04962401e-05 0.0
-0.00053262664 0.000129382344 0.0
-0.000154948852 4.58639333e-05 0.0
-0.000386767439 8.20045389e-05 0.0
-0.000224627613 2.31682297e-05 0.0
-0.000195791945 5.33214916e-05 0.0
-0.000107623055 3.67802968e-05 0.0
-0.000338176265 4.14600945e-05 0.0
-0.000367791159 8.86448324e-05 0.0
-6.54329269e-05 3.95221605e-06 0.0
-4.36871451e-05 2.9323277e-05 0.0
-0.000398439326 0.000102614686 0.0
0.000122317768 6.96830966e-06 0.0
-0.000343532825 5.32087324e-05 0.0
-0.000330776296 6.26486362e-05 0.0
-0.000583322893 0.000138844538 0.0
-0.000688823115 0.000139970318 0.0
-2.89805284e-05 -9.99354779e-06 0.0
-0.000228136472 8.00704129e-06 0.0
6.30145078e-05 -3.41996856e-05 0.0
-0.000574544712 0.000123302496 0.0
-0.000156654845 6.07318216e-05 0.0
-0.000392377435 9.73145943e-05 0.0
-0.000602187589 0.000132926813 0.0
-0.000408379885 9.16407589e-05 0.0
6.75437914e-05 1.21739031e-05 0.0
-0.000366773544 7.85174561e-05 0.0
-0.000216787827 3.60155209e-05 0.0
-5.05932694e-05 2.57191878e-05 0.0
-4.04539678e-05 2.85903334e-05 0.0
-0.000552386453 0.00014801191 0.0
-0.000368611421 7.33106644e-05 0.0
-0.000186349484 5.91739699e-05 0.0
5.85018752e-05 -3.20763247e-05 0.0
2.13467702e-05 1.4944847e-05 0.0
-0.000328894355 5.19033965e-05 0.0
-4.64296909e-06 -1.90472783e-05 0.0
-0.000502707902 6.71959788e-05 0.0
3.57598037e-05 -2.40589015e-05 0.0
-0.000269034121 2.84226298e-05 0.0
-0.000132899731 4.27296709e-06 0.0
-0.000273394224 3.69774716e-05 0.0
-0.000296531303 4.78336333e-05 0.0
-5.08168378e-05 2.67414198e-05 0.0
-0.000433469395 9.45999782e-05 0.0
-0.000450904132 6.87537613e-05 0.0
-0.000278753752 9.00495288e-05 0.0
-0.000662708189 0.000134938455 0.0
-0.000327183428 5.64534457e-05 0.0
-4.98348782e-05 3.98507182e-05 0.0
-0.000504274853 0.0001477271 0.0
-0.000474107655 0.000149085579 0.0
1.84989294e-05 -1.65230249e-05 0.0
-0.000364077452 0.000103527396 0.0
-0.000113005364 2.26243264e-05 0.0
-5.05840799e-05 2.35081352e-05 0.0
-0.000561997411 0.000100376506 0.0
-0.000348038826 8.46975963e-05 0.0
-0.000409891247 8.08422337e-05 0.0
-0.000149506508 5.35059371e-05 0.0
-0.00062212284 0.000115386167 0.0
-0.000475156674 0.000118009171 0.0
-0.000530547346 9.39788733e-05 0.0
-0.000346269284 9.24520646e-05 0.0
-0.000159699601 5.55877596e-05 0.0
-0.000414719339 9.30048845e-05 0.0
-0.000524149917 8.43944435e-05 0.0
-0.000551198144 0.000153182293 0.0
-0.00028848683 6.10088064e-05 0.0
-0.000640088518 0.000171719104 0.0
-1.9575984e-05 9.4514935e-06 0.0
-0.000373487535 7.96900204e-05 0.0
-3.48755202e-05 -1.2730754e-05 0.0
-0.000281167158 7.46003134e-05 0.0
-0.000401979167 8.13371735e-05 0.0
-0.000476365472 0.000138913296 0.0
-7.89898768e-05 3.00909378e-05 0.0
4.95651402e-05 1.03144739e-05 0.0
-0.000600397063 0.000149344531 0.0
-0.000150594336 5.41742193e-05 0.0
-0.000251059682 2.14747142e-05 0.0
-0.000450151245 0.00014417604 0.0
0.000102850281 -2.93450848e-05 0.0
-0.000518129789 0.000108816777 0.0
-0.00057989615 0.000136223593 0.0
-0.000442045071 0.000113610309 0.0
-0.000205773234 1.643016e-05 0.0
-0.000290094147 4.49038744e-05 0.0
6.68336288e-05 -2.75553939e-05 0.0
-4.94088772e-06 -7.41219446e-06 0.0
-0.0004000591 7.10472377e-05 0.0
-0.000459246774 8.04760275e-05 0.0
-1.32155674e-05 2.50817538e-05 0.0
-0.000519753143 0.000158586103 0.0
-0.000296853657 3.84257473e-05 0.0
3.1916632e-05 -1.64542562e-05 0.0
-0.000172871369 6.24381428e-05 0.0
-0.000183441894 5.42818016e-05 0.0
4.919399e-05 -8.88050999e-06 0.0
-0.000481988507 6.75520932e-05 0.0
-0.000194394554 6.93895854e-05 0.0
-0.000591756194 0.000146827893 0.0
-0.000361290586 7.25445207e-05 0.0
-0.000554872793 0.000154227178 0.0
-0.000306127738 7.88933467e-05 0.0
4.68853468e-05 2.60289617e-05 0.0
-0.000292184006 8.01441493e-05 0.0
-0.000578388339 0.000129961147 0.0
1.51265986e-05 5.27633176e-07 0.0
-0.000340450293 9.72302805e-05 0.0
-0.000462280208 0.000136264309 0.0
-0.000237617365 8.02339782e-05 0.0
1.4628019e-05 -2.84765301e-05 0.0
2.56495732e-05 1.7512426e-05 0.0
