0.000291217933 -0.000522037968 0.0
0.000285739865 -0.000522622431 0.0
0.000288735144 -0.000530302641 0.0
0.000288651092 -0.000520294125 0.0
0.000107155545 -0.000541450165 0.0
0.000100409539 -0.000524115167 0.0
8.75430633e-05 -0.000511158374 0.0
0.000105246683 -0.000533587183 0.0
0.000360599603 -0.000511158374 0.0
0.000373466086 -0.000524115167 0.0
0.000380212092 -0.000541450165 0.0
0.000175360707 -0.000796468172 0.0
0.000171531734 -0.000793847954 0.0
0.000168240935 -0.000783558295 0.0
0.000156519687 -0.000766422483 0.0
-2.51387087e-06 3.06912693e-06 0.0
7.76936474e-07 -7.22052482e-06 0.0
4.60591127e-06 -9.84079725e-06 0.0
0.000244890485 -0.000763501099 0.0
0.000243717543 -0.000761675532 0.0
0.000240782349 -0.00075707311 0.0
0.000231002923 -0.000740601448 0.0
7.00275559e-05 2.95542759e-05 0.0
7.29627427e-05 2.49518744e-05 0.0
7.41356707e-05 2.31263148e-05 0.0
0.000263377791 -8.48262862e-05 0.0
0.000253098202 -9.77490345e-05 0.0
0.000256094645 -9.90399276e-05 0.0
0.00026024066 -8.04295414e-05 0.0
0.000343553285 -0.000649899885 0.0
0.000353880547 -0.000664709369 0.0
0.000365687214 -0.000676392112 0.0
0.000341060222 -0.000644891697 0.0
9.26306529e-05 -0.000676392112 0.0
8.08240075e-05 -0.000664709369 0.0
7.04967388e-05 -0.000649899885 0.0
0.000173649227 -0.000644720916 0.0
0.000163702876 -0.00061694684 0.0
0.000171948981 -0.000630285649 0.0
0.000166609723 -0.000630572671 0.0
0.000306846079 -0.000654182688 0.0
0.000292494486 -0.000667273824 0.0
0.000297010585 -0.000664342893 0.0
0.000300657062 -0.000648611574 0.0
0.000155870875 -0.000284075795 0.0
0.00014089288 -0.000247870543 0.0
0.000160492404 -0.000281879387 0.0
0.000136782182 -0.000259260501 0.0
2.58979071e-05 -0.000124258033 0.0
1.26005743e-05 -0.000116687363 0.0
4.11725887e-06 -0.000110361092 0.0
3.30302901e-05 -0.000142690522 0.0
2.48566903e-05 -0.000134167145 0.0
1.37024444e-05 -0.000121523342 0.0
0.000277173822 -0.000110361092 0.0
0.000285657123 -0.000116687363 0.0
0.000298954459 -0.000124258033 0.0
0.000104447005 -0.00037599288 0.0
9.00767627e-05 -0.00034119311 0.0
0.000105464496 -0.000361856335 0.0
8.88310387e-05 -0.000348471309 0.0
8.22690927e-05 -0.000202183524 0.0
6.24129389e-05 -0.000139292271 0.0
9.1938331e-05 -0.000181189273 0.0
5.65379705e-05 -0.000158417664 0.0
0.000181864132 -0.000337921025 0.0
0.00017664193 -0.000350970164 0.0
0.000177834285 -0.000344117929 0.0
0.000182307907 -0.000331211428 0.0
0.00031916154 -0.000457716524 0.0
0.000312918331 -0.000408146705 0.0
0.000319680548 -0.00044496241 0.0
0.000314103148 -0.000417296164 0.0
0.00015929791 -0.000425710779 0.0
0.000147274055 -0.000449009094 0.0
0.000151081986 -0.000457437214 0.0
0.000158759445 -0.000435422844 0.0
0.000195070039 -0.000265109236 0.0
0.000184127712 -0.000271828234 0.0
0.000188129314 -0.000273114187 0.0
0.000189112456 -0.000256827829 0.0
0.000170754807 -0.00078662741 0.0
0.0 0.0 0.0
0.000273056561 0.0 0.0
0.000443811354 -0.00078662741 0.0
0.000291514763 -0.000526968332 0.0
0.000291776814 -0.00053055532 0.0
0.000292283396 -0.000533525483 0.0
0.000292726676 -0.000535611296 0.0
0.000293016143 -0.000538604974 0.0
0.000293146935 -0.000541894697 0.0
0.000292808749 -0.000542474852 0.0
0.000291699573 -0.000539374829 0.0
0.000290054828 -0.000534676365 0.0
0.000288621086 -0.000530012592 0.0
0.000287061324 -0.000526149641 0.0
0.000284727779 -0.000519209018 0.0
0.000283876958 -0.00051680149 0.0
0.000283507659 -0.000515146414 0.0
0.00028375446 -0.000514522311 0.0
0.000284800131 -0.000514263171 0.0
0.000286702008 -0.000513816252 0.0
0.00028808284 -0.000512372062 0.0
0.000289217336 -0.000510956859 0.0
0.000289625314 -0.000511284336 0.0
0.000290587515 -0.000513272884 0.0
0.000291462522 -0.000517578039 0.0
0.000288518553 -0.000526070304 0.0
0.000106905434 -0.000536729931 0.0
0.000104886349 -0.000531049038 0.0
9.48425004e-05 -0.000517952431 0.0
9.06092318e-05 -0.000513743435 0.0
8.76449049e-05 -0.000510739337 0.0
8.85558184e-05 -0.000509729027 0.0
8.99678707e-05 -0.000510128739 0.0
9.20709208e-05 -0.000513217587 0.0
9.45977081e-05 -0.000519148191 0.0
9.76907759e-05 -0.000524695322 0.0
0.000101322192 -0.000529939949 0.0
0.000108842469 -0.000536137784 0.0
0.000110833869 -0.000537512533 0.0
0.000111245434 -0.000538922963 0.0
0.000110512163 -0.000539701083 0.0
0.000109696477 -0.000539886707 0.0
0.000108761444 -0.000539681758 0.0
0.000108139538 -0.00054039422 0.0
0.000363665778 -0.000513743435 0.0
0.000367899047 -0.000517952431 0.0
0.000377942895 -0.000531049038 0.0
0.000379961974 -0.000536729931 0.0
0.000379486039 -0.000539468136 0.0
0.00037792424 -0.00053495419 0.0
0.000375737116 -0.000527402095 0.0
0.000373055344 -0.000521179696 0.0
0.000369547401 -0.000515363121 0.0
0.000366247346 -0.00051134947 0.0
0.000363304076 -0.000510418264 0.0
0.000361779326 -0.000510305865 0.0
0.000174353278 -0.000795576605 0.0
0.000173182038 -0.00079450442 0.0
0.000169725667 -0.000792126229 0.0
0.000168572864 -0.000788051169 0.0
0.000163972363 -0.000778811635 0.0
0.000159337185 -0.000775443041 0.0
0.000155619418 -0.000773138832 0.0
0.000153829184 -0.000771317631 0.0
0.000153974906 -0.000769860635 0.0
0.000154855894 -0.000768747588 0.0
0.00015596606 -0.000767842052 0.0
0.000156429494 -0.000764763274 0.0
0.000157211878 -0.000765729288 0.0
0.000160326948 -0.000770250219 0.0
0.000164795201 -0.000776345958 0.0
0.000169814652 -0.000783129188 0.0
0.000173388689 -0.000788553618 0.0
0.000175029869 -0.000792487466 0.0
-2.18193713e-06 -1.42379554e-06 0.0
-1.02913043e-06 -5.4988468e-06 0.0
2.42723218e-06 -7.87699355e-06 0.0
3.59847627e-06 -8.94920868e-06 0.0
4.68393682e-06 -1.30233893e-05 0.0
5.11521739e-06 -1.54305908e-05 0.0
5.81331687e-06 -1.66311384e-05 0.0
6.64102527e-06 -1.73590706e-05 0.0
7.23706535e-06 -1.95786597e-05 0.0
7.46608703e-06 -2.13408894e-05 0.0
6.40560893e-06 -1.76686735e-05 0.0
4.37649442e-06 -1.03566936e-05 0.0
1.2948658e-06 -2.85808392e-06 0.0
0.000244567142 -0.000763229793 0.0
0.000242308553 -0.000759300659 0.0
0.000238039531 -0.000752175285 0.0
0.000235492116 -0.000747382757 0.0
0.000234004008 -0.000742971723 0.0
0.000233849001 -0.000738137343 0.0
0.000232611928 -0.000734728586 0.0
0.000231821949 -0.00073334761 0.0
0.000231008016 -0.000733719207 0.0
0.000230358797 -0.000736695132 0.0
0.000233036088 -0.000743630691 0.0
0.000235855579 -0.000746082922 0.0
0.000239051456 -0.000748358842 0.0
0.000242271373 -0.000750545529 0.0
0.00024464645 -0.000752601947 0.0
0.000245531584 -0.000754711567 0.0
0.0002452115 -0.000757703616 0.0
0.00024492279 -0.000760530005 0.0
7.15537462e-05 2.7326716e-05 0.0
7.38123272e-05 2.33975989e-05 0.0
7.44009812e-05 2.11660154e-05 0.0
7.46362202e-05 2.03420223e-05 0.0
7.46018486e-05 2.08357014e-05 0.0
7.40470714e-05 2.23474108e-05 0.0
7.25975406e-05 2.52290392e-05 0.0
0.000264409115 -8.65883339e-05 0.0
0.00026324988 -8.77180501e-05 0.0
0.000260109897 -9.05000998e-05 0.0
0.000256296218 -9.43433988e-05 0.0
0.000253236474 -9.94041911e-05 0.0
0.000251931197 -0.00010496028 0.0
0.000250250072 -0.000112291091 0.0
0.000250649813 -0.000114867347 0.0
0.000251193007 -0.000113769755 0.0
0.000251791585 -0.0001090558 0.0
0.000252643717 -0.000103583239 0.0
0.000253931794 -9.25716449e-05 0.0
0.000254333369 -8.72521996e-05 0.0
0.000254548766 -8.24200542e-05 0.0
0.000254789105 -7.78342728e-05 0.0
0.000255489605 -7.31094988e-05 0.0
0.000255948718 -6.88678992e-05 0.0
0.000256267551 -6.76643613e-05 0.0
0.000257689477 -7.02635371e-05 0.0
0.000258473272 -7.45341677e-05 0.0
0.000259720342 -7.87116878e-05 0.0
0.000261226785 -8.20880741e-05 0.0
0.000258850574 -8.82723834e-05 0.0
0.000347115536 -0.000656813383 0.0
0.000361230079 -0.000671769958 0.0
0.000367291766 -0.000677986885 0.0
0.000368307054 -0.000679502613 0.0
0.000369107787 -0.000680421712 0.0
0.000367950357 -0.000678989978 0.0
0.000364724605 -0.000674096693 0.0
0.00036105953 -0.000667367771 0.0
0.000356025354 -0.000659417768 0.0
0.000349994923 -0.000652734947 0.0
0.00034430821 -0.00064789661 0.0
0.000339951977 -0.0006424975 0.0
0.000339268794 -0.000641099759 0.0
0.000338091719 -0.000640341488 0.0
0.000337106438 -0.000640799932 0.0
0.000337041594 -0.000641620834 0.0
0.000337868725 -0.000642356696 0.0
0.00033857394 -0.000642679457 0.0
0.000339797873 -0.00064157974 0.0
0.000341044972 -0.000644376036 0.0
8.8173525e-05 -0.000671769958 0.0
7.40589894e-05 -0.000656813383 0.0
7.34307614e-05 -0.000656923163 0.0
7.74742803e-05 -0.000663125014 0.0
8.20358327e-05 -0.000668076682 0.0
8.67155613e-05 -0.00067208457 0.0
9.03796681e-05 -0.000674419978 0.0
0.000177922135 -0.000649034162 0.0
0.000181871132 -0.00065252278 0.0
0.000184784687 -0.000653567375 0.0
0.000186626276 -0.000652951538 0.0
0.000188113525 -0.000650679984 0.0
0.000188667662 -0.000647393113 0.0
0.00018782531 -0.000646759639 0.0
0.000187266065 -0.000645997527 0.0
0.000184889723 -0.000642654952 0.0
0.000180501374 -0.000636735698 0.0
0.00017566295 -0.000629344257 0.0
0.000169778941 -0.000621829589 0.0
0.000158164854 -0.000613332144 0.0
0.000154112073 -0.000611498137 0.0
0.000152008171 -0.000610124902 0.0
0.000150956213 -0.000609089097 0.0
0.000150250649 -0.000608230126 0.0
0.000149789412 -0.000606853922 0.0
0.0001501363 -0.000607477443 0.0
0.000152356079 -0.000611459371 0.0
0.000155549787 -0.000618692546 0.0
0.000159415358 -0.000626842899 0.0
0.00016412574 -0.000633898831 0.0
0.000168868588 -0.000639775535 0.0
0.000169022271 -0.000629967544 0.0
0.000304304267 -0.00065735227 0.0
0.000301368709 -0.000660784193 0.0
0.000299450709 -0.000664140272 0.0
0.000298383646 -0.000666784355 0.0
0.000297162624 -0.000669073779 0.0
0.000295996171 -0.000670799462 0.0
0.000294619997 -0.000671729213 0.0
0.000293183781 -0.000671751797 0.0
0.000291908334 -0.000670945097 0.0
0.000291426288 -0.000669334782 0.0
0.00029494238 -0.000663952087 0.0
0.000297531806 -0.000659910147 0.0
0.000299634412 -0.000654992939 0.0
0.000300829444 -0.000649197493 0.0
0.000301760621 -0.00064320711 0.0
0.000301861844 -0.00063908007 0.0
0.000302607048 -0.000639407255 0.0
0.000304208079 -0.000643056119 0.0
0.000305879366 -0.000647563604 0.0
0.000307339098 -0.000651044422 0.0
0.000298888801 -0.000657063327 0.0
0.00016113992 -0.000285390764 0.0
0.00016494382 -0.000286867464 0.0
0.00016703624 -0.00028790909 0.0
0.000168469167 -0.000289667631 0.0
0.000169877807 -0.000291945762 0.0
0.00017153268 -0.00029007555 0.0
0.00017105967 -0.000281789456 0.0
0.000168793413 -0.000271925121 0.0
0.000164408586 -0.000263839116 0.0
0.000158198513 -0.000256983476 0.0
0.00014998627 -0.000251327787 0.0
0.000133580601 -0.000246870506 0.0
0.000129309643 -0.000246765732 0.0
0.000127513049 -0.000247439079 0.0
0.000126910003 -0.000248838827 0.0
0.000127028834 -0.00025166804 0.0
0.000127978055 -0.00025588242 0.0
0.000130045315 -0.000260732137 0.0
0.000133114372 -0.000266199233 0.0
0.000137471667 -0.000271891913 0.0
0.000142894103 -0.000277020532 0.0
0.000149050116 -0.00028115543 0.0
0.000148674211 -0.000270916702 0.0
2.00658142e-05 -0.000120913122 0.0
6.58022145e-06 -0.000112761445 0.0
3.35784148e-06 -0.000110109824 0.0
3.06456695e-06 -0.000109550972 0.0
2.75231696e-06 -0.000108902896 0.0
2.52918335e-06 -0.000108004097 0.0
3.42500016e-06 -0.000109309309 0.0
6.18488457e-06 -0.000115397088 0.0
1.10149958e-05 -0.000124401704 0.0
1.79428807e-05 -0.000133484777 0.0
2.61581954e-05 -0.000139454191 0.0
3.62263709e-05 -0.000145165308 0.0
3.6525551e-05 -0.000148046354 0.0
3.65615197e-05 -0.000151449902 0.0
3.72827599e-05 -0.000154072215 0.0
3.71981296e-05 -0.000154554815 0.0
3.66909117e-05 -0.000151378321 0.0
3.54724216e-05 -0.00014554098 0.0
3.33564822e-05 -0.000138021205 0.0
3.00418087e-05 -0.000130785222 0.0
0.000279636763 -0.000112761445 0.0
0.000293122372 -0.000120913122 0.0
0.000293573103 -0.000118285599 0.0
0.000287436997 -0.000114173396 0.0
0.000281829591 -0.000111448375 0.0
0.000278412277 -0.000110822075 0.0
0.00011082417 -0.000378551311 0.0
0.000114583025 -0.000378870493 0.0
0.000116151103 -0.000377941702 0.0
0.000116372416 -0.000376856682 0.0
0.000116620744 -0.000375865697 0.0
0.000116247364 -0.000374470837 0.0
0.000114705952 -0.000371659786 0.0
0.000111221649 -0.000366039894 0.0
0.000105724081 -0.000358076883 0.0
9.9948149e-05 -0.000351421419 0.0
9.45570646e-05 -0.000345576234 0.0
8.63147579e-05 -0.000337663805 0.0
8.28074262e-05 -0.000334218639 0.0
8.00034832e-05 -0.000331595686 0.0
7.84266231e-05 -0.000330158015 0.0
7.75516964e-05 -0.000330349489 0.0
7.77968016e-05 -0.000333787204 0.0
7.87973549e-05 -0.000340892177 0.0
8.05453965e-05 -0.000349169073 0.0
8.4164516e-05 -0.000357064215 0.0
8.94541881e-05 -0.000364392123 0.0
9.6497919e-05 -0.000370935217 0.0
9.75583825e-05 -0.000354706106 0.0
9.25341883e-05 -0.000203787466 0.0
9.92729983e-05 -0.000203138043 0.0
0.000103612445 -0.000201228031 0.0
0.000106766092 -0.000197940273 0.0
0.000108420063 -0.000192966312 0.0
0.00010819007 -0.000185941011 0.0
0.00010619971 -0.000177260023 0.0
0.00010189032 -0.000168053724 0.0
9.51493857e-05 -0.00015887442 0.0
8.51415607e-05 -0.000150208303 0.0
7.31086402e-05 -0.000143101788 0.0
5.5704837e-05 -0.000138182106 0.0
5.18058223e-05 -0.000137480121 0.0
4.82311771e-05 -0.00013812691 0.0
4.47222228e-05 -0.000141959434 0.0
4.20992474e-05 -0.000148139006 0.0
4.09569257e-05 -0.000155612419 0.0
4.20944016e-05 -0.00016325849 0.0
4.56900634e-05 -0.000171603213 0.0
5.17954795e-05 -0.000180575444 0.0
6.00596031e-05 -0.000189735481 0.0
7.05135826e-05 -0.000197364745 0.0
7.34823407e-05 -0.000169619918 0.0
0.000182022501 -0.00034149416 0.0
0.000182111835 -0.000344391068 0.0
0.000181969925 -0.000346624467 0.0
0.000181347626 -0.000347719964 0.0
0.000180193878 -0.000348442176 0.0
0.000178673465 -0.000349361449 0.0
0.000176732385 -0.000350211485 0.0
0.000175068664 -0.000351234892 0.0
0.00017460424 -0.000351714523 0.0
0.000174940709 -0.000352004135 0.0
0.000179256866 -0.000347191119 0.0
0.000182064119 -0.000340975937 0.0
0.000183381577 -0.000334069511 0.0
0.000183376877 -0.000326515408 0.0
0.000182721633 -0.000320805877 0.0
0.000181154202 -0.000322308275 0.0
0.000181228563 -0.00032791085 0.0
0.000182006625 -0.00033109705 0.0
0.000182151562 -0.000332699739 0.0
0.000181998417 -0.000334862998 0.0
0.000180060757 -0.000337338803 0.0
0.000326238136 -0.000460612297 0.0
0.000332661788 -0.000461250806 0.0
0.000337230915 -0.00045925341 0.0
0.000339980383 -0.000454998051 0.0
0.000341485516 -0.000448469626 0.0
0.000339782593 -0.000443068566 0.0
0.000337254402 -0.000437311479 0.0
0.000334343553 -0.000433056994 0.0
0.000331292191 -0.000427933584 0.0
0.000326080248 -0.000421919976 0.0
0.000319711922 -0.000415013521 0.0
0.000305396301 -0.000402351085 0.0
0.000297714694 -0.000398966426 0.0
0.000292812096 -0.00039701385 0.0
0.000289181335 -0.000398899254 0.0
0.000286034599 -0.000406567706 0.0
0.00028573678 -0.000415960007 0.0
0.000288742682 -0.000425566424 0.0
0.000294048397 -0.000434190617 0.0
0.000300765445 -0.000441614276 0.0
0.00030748776 -0.000447958708 0.0
0.000313717464 -0.000453446351 0.0
0.000317292754 -0.000430574146 0.0
0.000155995149 -0.000429694308 0.0
0.000152639608 -0.000435652968 0.0
0.000150213993 -0.000442487421 0.0
0.00014881503 -0.000450518652 0.0
0.000148438834 -0.000458820374 0.0
0.000148279476 -0.000465790043 0.0
0.000148315885 -0.000469800114 0.0
0.000148886946 -0.000468099635 0.0
0.00014912663 -0.000463214528 0.0
0.000149164654 -0.000457908318 0.0
0.000148728504 -0.000453193963 0.0
0.000147151804 -0.000446066348 0.0
0.000148787818 -0.000443476165 0.0
0.000152360182 -0.000440054311 0.0
0.000155640228 -0.000435502239 0.0
0.000158515482 -0.00043191298 0.0
0.000160939584 -0.000428966858 0.0
0.000162308774 -0.000427255494 0.0
0.000163197954 -0.00042604169 0.0
0.000163753881 -0.000424953381 0.0
0.000162966564 -0.00042444584 0.0
0.000161767952 -0.000424445752 0.0
0.000154356472 -0.000446182035 0.0
0.000195547735 -0.000271533791 0.0
0.000195783286 -0.000277190324 0.0
0.000195721761 -0.000281790853 0.0
0.000195636298 -0.000287002651 0.0
0.000197481248 -0.000287325849 0.0
0.000197705987 -0.000283832691 0.0
0.000196712353 -0.000280874752 0.0
0.00019436513 -0.000278120395 0.0
0.000191798768 -0.000276126317 0.0
0.00018970549 -0.000274712977 0.0
0.000187841521 -0.0002736811 0.0
0.000186185236 -0.000272822683 0.0
0.00018283118 -0.000270862598 0.0
0.000183850469 -0.000268964359 0.0
0.000186108067 -0.000265856099 0.0
0.000189125436 -0.000261975336 0.0
0.000191720683 -0.000257625274 0.0
0.000193107684 -0.000252991449 0.0
0.0001940004 -0.000247605902 0.0
0.000194019536 -0.000243043789 0.0
0.00019349216 -0.000243006289 0.0
0.000193860411 -0.000246686657 0.0
0.000193992251 -0.000253087084 0.0
0.000194521373 -0.00025921542 0.0
0.000187426893 -0.000267010706 0.0
0.000157740535 -0.000759658171 0.0
0.000131531604 -0.000725578342 0.0
4.8196529e-05 -0.000472164655 0.0
4.58511058e-05 -0.000448312756 0.0
6.54410978e-05 -0.000408059772 0.0
7.99725894e-05 -0.000370887225 0.0
8.32082005e-05 -0.00034781362 0.0
7.51340413e-05 -0.000322320207 0.0
4.47831699e-05 -0.000287953008 0.0
1.23488426e-05 -0.000247501041 0.0
-5.58899501e-07 -0.000209044039 0.0
7.76766046e-06 -0.000168590777 0.0
-9.64541141e-06 -8.71924785e-05 0.0
-1.19877741e-05 -6.83121834e-05 0.0
-9.1251668e-06 -4.69493825e-05 0.0
-1.21588459e-06 -2.39700112e-05 0.0
-6.31821493e-08 -9.18433579e-06 0.0
1.97196568e-05 -3.97331933e-05 0.0
3.93013397e-05 -2.51196307e-05 0.0
8.60643049e-05 -5.65566461e-06 0.0
9.28367081e-05 3.45727003e-08 0.0
0.000104427912 3.19144165e-05 0.0
0.000118250144 6.74580442e-05 0.0
0.000131784109 9.10637682e-05 0.0
0.000142360761 9.52114206e-05 0.0
0.000155328395 8.321309e-05 0.0
0.00016832503 5.8507896e-05 0.0
0.000176848174 2.94795136e-05 0.0
0.000183548458 4.9268865e-06 0.0
0.000191177416 -1.0316031e-05 0.0
0.000209442209 -1.90858736e-05 0.0
0.000229582773 -9.29357338e-06 0.0
0.000255555613 -2.0780592e-06 0.0
0.000269627868 1.03434522e-05 0.0
0.000272289937 1.11596773e-05 0.0
0.000271840661 -2.39700112e-05 0.0
0.000263931375 -4.69493825e-05 0.0
0.000261068781 -6.83121834e-05 0.0
0.000263411144 -8.71924785e-05 0.0
0.000280824199 -0.000168590777 0.0
0.000272497651 -0.000209044039 0.0
0.000285405404 -0.000247501041 0.0
0.000317839731 -0.000287953008 0.0
0.000348190602 -0.000322320207 0.0
0.000356264762 -0.00034781362 0.0
0.000353029143 -0.000370887225 0.0
0.000338497659 -0.000408059772 0.0
0.000318907667 -0.000448312756 0.0
0.000321253086 -0.000472164655 0.0
0.000404588151 -0.000725578342 0.0
0.000430797081 -0.000759658171 0.0
0.00044304473 -0.000775467721 0.0
0.000440382661 -0.000776283967 0.0
0.000426310435 -0.000788705482 0.0
0.000400337565 -0.000795920962 0.0
0.000380197016 -0.000805713295 0.0
0.000361932209 -0.000796943437 0.0
0.000354303251 -0.000781700539 0.0
0.000347602967 -0.000757147907 0.0
0.000339079823 -0.000728119514 0.0
0.000326083187 -0.00070341432 0.0
0.000313115568 -0.000691415975 0.0
0.000302538916 -0.00069556362 0.0
0.000289004936 -0.000719169329 0.0
0.000275182712 -0.000754712964 0.0
0.000263591501 -0.000786592835 0.0
0.000256819098 -0.000792283041 0.0
0.00021005614 -0.000811747042 0.0
0.000190474457 -0.0008263606 0.0
0.000170691623 -0.000795811764 0.0
0.000290904311 -0.000530763646 0.0
0.00028628268 -0.0005208035 0.0
0.000287006347 -0.000518401444 0.0
0.000291235221 -0.000534907624 0.0
0.000290256139 -0.000525586307 0.0
0.000286511 -0.000523665338 0.0
0.000291389966 -0.000530360674 0.0
0.000285171729 -0.000519167166 0.0
0.000285560818 -0.000517434615 0.0
0.000292177778 -0.000534841674 0.0
0.000291198492 -0.000537398504 0.0
0.000287829433 -0.000515238964 0.0
0.000286825467 -0.000525470474 0.0
0.000290381809 -0.000521401525 0.0
0.000292571611 -0.000537991116 0.0
0.000284728914 -0.000517115754 0.0
0.000291970908 -0.000532948063 0.0
0.000285253685 -0.000520311121 0.0
0.000286198774 -0.000516011729 0.0
0.000291131204 -0.000527585216 0.0
0.000289446238 -0.000515469525 0.0
0.00028903046 -0.00053193263 0.0
0.000290081691 -0.000534850522 0.0
0.000288756448 -0.000514703104 0.0
0.00028707122 -0.000515240768 0.0
0.000292303826 -0.000539122208 0.0
0.000290011725 -0.000517608831 0.0
0.000287961331 -0.00052892504 0.0
0.0002858394 -0.000522335817 0.0
0.000290803146 -0.000524636125 0.0
0.000289909134 -0.000530409568 0.0
0.0002875067 -0.000522056362 0.0
0.000289628137 -0.000526533579 0.0
0.000287427072 -0.000524723087 0.0
9.91587658e-05 -0.000522949558 0.0
0.000106196647 -0.000531516329 0.0
0.00010523649 -0.000530130812 0.0
9.23569969e-05 -0.000515698572 0.0
0.00010766233 -0.000535335857 0.0
9.35548305e-05 -0.000516402826 0.0
9.76391966e-05 -0.000521635346 0.0
0.000108445136 -0.000534244173 0.0
0.000102365273 -0.000526633172 0.0
0.000108830187 -0.000535736559 0.0
9.67799424e-05 -0.000520429749 0.0
0.000105678831 -0.000531351019 0.0
0.000102282909 -0.000527855649 0.0
0.000103561877 -0.000527883763 0.0
0.000105924169 -0.000531962491 0.0
8.99829465e-05 -0.000513487088 0.0
9.29085654e-05 -0.00051635236 0.0
0.000108627857 -0.000537112821 0.0
0.000101595891 -0.000525945972 0.0
9.45626671e-05 -0.000517585431 0.0
9.1012007e-05 -0.00051336945 0.0
0.00010780368 -0.000537571963 0.0
0.0001098106 -0.000536958512 0.0
0.000106623636 -0.000534019666 0.0
0.000108096909 -0.000533996092 0.0
9.5111689e-05 -0.000518484041 0.0
0.000106565371 -0.000531706668 0.0
8.97322025e-05 -0.000512630097 0.0
0.000108337699 -0.000537964632 0.0
0.000107742882 -0.000534410065 0.0
9.90648041e-05 -0.000524837465 0.0
0.000103436636 -0.000528284872 0.0
0.000369697489 -0.00051816972 0.0
0.000374972617 -0.000526069256 0.0
0.000378684461 -0.000534540333 0.0
0.000364605949 -0.000513543957 0.0
0.000366384687 -0.000514641812 0.0
0.000377178105 -0.000530885707 0.0
0.000372279523 -0.000521387323 0.0
0.000161445598 -0.000780415372 0.0
0.000165797901 -0.000782135176 0.0
0.000158948053 -0.000772921136 0.0
0.000171096282 -0.000787844823 0.0
0.000162855795 -0.000782139774 0.0
0.000158055904 -0.000776815519 0.0
0.000156994065 -0.000772645581 0.0
0.000167033242 -0.000779908849 0.0
0.000160961004 -0.000772720028 0.0
0.000169335923 -0.000788143021 0.0
0.00016452359 -0.00078267447 0.0
0.000165098405 -0.000785663899 0.0
0.000156062553 -0.000773379637 0.0
0.000173750232 -0.000792382401 0.0
0.00016018124 -0.000777104404 0.0
0.00015813284 -0.000769167964 0.0
0.00017067256 -0.000785256096 0.0
0.000156941722 -0.000769919425 0.0
0.000159296615 -0.00077768421 0.0
0.000163563731 -0.000775240129 0.0
0.000172434738 -0.00079187745 0.0
0.000165127989 -0.000783254509 0.0
0.000166471043 -0.000786980789 0.0
0.000162382436 -0.000777547015 0.0
0.000161488686 -0.000781073002 0.0
0.000167098347 -0.00078760914 0.0
0.000167873703 -0.000783236814 0.0
0.00016203725 -0.00077962951 0.0
0.000157129747 -0.000768568832 0.0
0.000158413051 -0.000776236877 0.0
0.000173052686 -0.000789310958 0.0
0.000164604644 -0.000778152549 0.0
3.83928636e-06 -1.29491791e-05 0.0
5.09841539e-06 -1.40972679e-05 0.0
4.37993867e-06 -1.25731922e-05 0.0
1.1468901e-06 -6.92154072e-06 0.0
6.05952937e-06 -1.67180297e-05 0.0
4.11819883e-06 -1.1660466e-05 0.0
5.20371668e-06 -1.44499472e-05 0.0
3.61701268e-06 -1.11676882e-05 0.0
3.88998069e-06 -1.29481687e-05 0.0
0.000241372225 -0.000753266097 0.0
0.000239572168 -0.000751260726 0.0
0.000236742038 -0.000744215155 0.0
0.000238107954 -0.000747591548 0.0
0.000243878327 -0.000757958391 0.0
0.000235942702 -0.000742397446 0.0
0.000242266426 -0.00075272395 0.0
0.000239146408 -0.000752159569 0.0
0.000236575506 -0.000746851205 0.0
0.000241641668 -0.00075553573 0.0
0.000239550471 -0.000749866187 0.0
0.000234688108 -0.000739472511 0.0
0.000234551131 -0.000742042845 0.0
0.000243289134 -0.00075847673 0.0
0.000239982604 -0.000749559666 0.0
0.000244273455 -0.000755477988 0.0
0.000241485046 -0.000756563153 0.0
0.000237579414 -0.000745785539 0.0
0.000244430121 -0.000760793744 0.0
0.000238861408 -0.000748288003 0.0
0.000240609166 -0.000750959211 0.0
0.000235086525 -0.000744388904 0.0
0.000235462066 -0.000742409436 0.0
0.00023404033 -0.000737934257 0.0
0.000233584957 -0.000739013602 0.0
0.000237630287 -0.000750450417 0.0
0.000244611991 -0.000758782087 0.0
0.00023651302 -0.000746316102 0.0
0.000242804861 -0.00075504533 0.0
0.000234504667 -0.00073910784 0.0
0.000242954469 -0.000752195017 0.0
0.000239560715 -0.000754297129 0.0
0.00023685371 -0.000745354511 0.0
0.000237419954 -0.000746778271 0.0
7.33152701e-05 2.39333367e-05 0.0
7.40234027e-05 2.22174294e-05 0.0
7.28654923e-05 2.47758962e-05 0.0
7.42120246e-05 2.17756478e-05 0.0
0.000258195098 -9.62963968e-05 0.0
0.000256381638 -8.68960706e-05 0.0
0.000256692379 -7.81053168e-05 0.0
0.00026110714 -8.94422265e-05 0.0
0.000262450281 -8.41619476e-05 0.0
0.000258033804 -7.47538943e-05 0.0
0.000255209306 -0.000104146573 0.0
0.000254803133 -9.44985077e-05 0.0
0.000257669075 -9.5654068e-05 0.0
0.000255480903 -8.21280482e-05 0.0
0.000260699657 -8.63754176e-05 0.0
0.000254142447 -0.000102572907 0.0
0.000260800414 -8.01356437e-05 0.0
0.000254787941 -9.01019739e-05 0.0
0.00025340062 -0.000108668428 0.0
0.000254146755 -0.000104401814 0.0
0.000262912246 -8.70373333e-05 0.0
0.000256603234 -7.24083802e-05 0.0
0.00025855194 -7.44150966e-05 0.0
0.000259672728 -9.17356228e-05 0.0
0.000255569728 -7.69892795e-05 0.0
0.000258400803 -8.10177371e-05 0.0
0.000261610665 -8.92188909e-05 0.0
0.000254995364 -8.56001425e-05 0.0
0.000254947488 -0.000100457932 0.0
0.000255940045 -7.38655144e-05 0.0
0.000253484759 -0.000106738706 0.0
0.000259689987 -7.73828942e-05 0.0
0.000253696897 -9.95775044e-05 0.0
0.000262036832 -8.27059412e-05 0.0
0.000347421359 -0.00065631757 0.0
0.000357891753 -0.00066810078 0.0
0.000343627587 -0.000651729875 0.0
0.000355397206 -0.000665104366 0.0
0.000340826489 -0.000647688576 0.0
0.000345205888 -0.000652203104 0.0
0.000350699964 -0.000660169753 0.0
0.000341806415 -0.00064770953 0.0
0.000361901097 -0.000672714494 0.0
0.000339738239 -0.000646383793 0.0
0.000350694347 -0.000658133416 0.0
0.000362257822 -0.000672397262 0.0
0.000343491702 -0.000650850707 0.0
0.000356317294 -0.000666156819 0.0
0.00034816502 -0.000657242781 0.0
0.000339405233 -0.000644146116 0.0
0.000352927484 -0.000662765175 0.0
0.000363461528 -0.000674177369 0.0
0.000349437294 -0.000658261997 0.0
0.000342031708 -0.000646930595 0.0
0.000340822124 -0.000647305278 0.0
0.000344538421 -0.000652991759 0.0
0.000343986234 -0.000651823764 0.0
0.000359923957 -0.000668699271 0.0
0.000338654092 -0.000644413813 0.0
0.00034633957 -0.000652123766 0.0
0.000362461695 -0.000672692317 0.0
0.000356004341 -0.000663261744 0.0
0.0003397869 -0.000643433596 0.0
0.000340506464 -0.000644290587 0.0
0.000353298994 -0.000663120707 0.0
0.000346945308 -0.00065584213 0.0
0.000357631186 -0.000668003573 0.0
0.00035223522 -0.000661954226 0.0
0.000345787266 -0.000653848052 0.0
0.000342047948 -0.000649785216 0.0
0.000343245076 -0.000648302143 0.0
0.000365278131 -0.000676403288 0.0
0.000339464168 -0.000645136635 0.0
0.000349163543 -0.000658545468 0.0
0.000338436541 -0.000643475505 0.0
8.51969889e-05 -0.000669745903 0.0
7.79652255e-05 -0.000662457081 0.0
8.76561026e-05 -0.000671976595 0.0
7.56918671e-05 -0.000659831683 0.0
0.000157737857 -0.000618020014 0.0
0.000159755495 -0.000619141851 0.0
0.000176720132 -0.000641435268 0.0
0.000180696501 -0.000640449231 0.0
0.000182342745 -0.000645099906 0.0
0.000181106938 -0.000639167032 0.0
0.000163426987 -0.00062071532 0.0
0.000154649446 -0.000614050077 0.0
0.000158485374 -0.00062001124 0.0
0.000173686785 -0.000641233928 0.0
0.000152626977 -0.000611096097 0.0
0.000180901348 -0.00064859679 0.0
0.000185847312 -0.000644720451 0.0
0.000155338654 -0.000613821147 0.0
0.000163641351 -0.000629125629 0.0
0.000168743267 -0.000636328303 0.0
0.000175952024 -0.000632683106 0.0
0.000169932144 -0.000625685265 0.0
0.000185527155 -0.000646400207 0.0
0.000185262979 -0.000643703854 0.0
0.000153959074 -0.000613227719 0.0
0.00015218003 -0.000610692077 0.0
0.00017803596 -0.000646847824 0.0
0.000183230077 -0.000649058784 0.0
0.000158093841 -0.000615763478 0.0
0.000153493573 -0.000612476026 0.0
0.000159278949 -0.000623493514 0.0
0.000180562274 -0.00063790509 0.0
0.000174921763 -0.00063655281 0.0
0.000162591474 -0.000622948515 0.0
0.000302536093 -0.000655904762 0.0
0.000295752427 -0.000660484249 0.0
0.000303850538 -0.000648722751 0.0
0.000294239901 -0.000666134234 0.0
0.000300495245 -0.000661121856 0.0
0.000297696242 -0.000655852025 0.0
0.000293590856 -0.000665061933 0.0
0.000305103196 -0.000653058698 0.0
0.000297935534 -0.000665267289 0.0
0.000299982989 -0.00064859353 0.0
0.000294618978 -0.000668781111 0.0
0.000303136621 -0.000644253334 0.0
0.000298083702 -0.000655146025 0.0
0.000299720181 -0.000659587036 0.0
0.000302622648 -0.000658684352 0.0
0.000296049169 -0.000660306483 0.0
0.000304548681 -0.000655877346 0.0
0.000294401718 -0.000663521932 0.0
0.000305665802 -0.000650095462 0.0
0.00029272461 -0.000667859742 0.0
0.000301903579 -0.000642838131 0.0
0.000301131309 -0.000644028769 0.0
0.000295719568 -0.000668727036 0.0
0.000296759652 -0.000667852932 0.0
0.000298951752 -0.000664327003 0.0
0.000299569161 -0.000652095943 0.0
0.000301431486 -0.000653376395 0.0
0.000296511775 -0.000661175756 0.0
0.000155846094 -0.000271210447 0.0
0.000151252549 -0.000276876759 0.0
0.000141145429 -0.00026957714 0.0
0.000146822335 -0.000260022527 0.0
0.000134312198 -0.000261177978 0.0
0.000136887393 -0.000254614657 0.0
0.000163816992 -0.00028194426 0.0
0.000159251664 -0.000282570923 0.0
0.000147287632 -0.000276526 0.0
0.000156811802 -0.000264721282 0.0
0.000141896497 -0.000266990479 0.0
0.000165903199 -0.000286965369 0.0
0.000131355759 -0.000254969927 0.0
0.000165140242 -0.000276591047 0.0
0.000157088929 -0.000282439112 0.0
0.00016366654 -0.000285474758 0.0
0.000135023045 -0.00026504969 0.0
0.000140218399 -0.000252842641 0.0
0.000131931913 -0.000251388003 0.0
0.000151359476 -0.000257719017 0.0
0.000141281474 -0.000272735808 0.0
0.000137635245 -0.000269029435 0.0
0.00016261905 -0.000269566954 0.0
0.000145766418 -0.000254169165 0.0
0.000152195789 -0.00028036951 0.0
0.000143521713 -0.000262679212 0.0
0.000165563237 -0.000286630297 0.0
0.000130719505 -0.00025228248 0.0
0.000167874736 -0.000288026553 0.0
0.000130191911 -0.000255864812 0.0
0.000157638715 -0.000276977924 0.0
2.70835062e-05 -0.000136687493 0.0
6.9515504e-06 -0.000114595656 0.0
3.13567289e-05 -0.000144291393 0.0
2.20761776e-05 -0.000130697023 0.0
6.0096304e-06 -0.000113448492 0.0
3.13062228e-05 -0.000143071535 0.0
1.54335648e-05 -0.000123684615 0.0
3.34530669e-05 -0.000145771512 0.0
3.05781941e-05 -0.000139748183 0.0
2.44410166e-05 -0.000128620668 0.0
1.3050103e-05 -0.00012168465 0.0
6.67824042e-06 -0.000113812413 0.0
1.76921258e-05 -0.00012360292 0.0
1.04752462e-05 -0.000118353018 0.0
1.12696925e-05 -0.000118432887 0.0
3.47336099e-05 -0.000149419531 0.0
3.31999836e-05 -0.000143518322 0.0
2.74724753e-05 -0.00013731129 0.0
4.99569342e-06 -0.000112208865 0.0
2.91938595e-05 -0.000136707604 0.0
3.50272421e-05 -0.000150429027 0.0
3.4302102e-05 -0.000148838619 0.0
2.2270664e-05 -0.000133329813 0.0
1.71432457e-05 -0.000128010754 0.0
2.46567597e-05 -0.000134344198 0.0
4.41203247e-06 -0.000110997949 0.0
8.38023516e-06 -0.000115815608 0.0
0.000289321033 -0.00011743926 0.0
0.000281818386 -0.000113314971 0.0
0.000291101402 -0.000117983007 0.0
0.000280292443 -0.000112203961 0.0
0.000295216683 -0.000121152334 0.0
0.000278407591 -0.000111314861 0.0
9.46934888e-05 -0.000348730915 0.0
0.000102919628 -0.000364947395 0.0
8.72409073e-05 -0.000341558742 0.0
0.00011012498 -0.000369560876 0.0
9.50220929e-05 -0.000361861836 0.0
0.000101038502 -0.00035536752 0.0
8.77933708e-05 -0.000340542494 0.0
8.34618841e-05 -0.000339531689 0.0
0.000111637244 -0.000369485235 0.0
0.000108967499 -0.000371902861 0.0
9.30925744e-05 -0.000345333712 0.0
8.81873639e-05 -0.000353682059 0.0
8.19563575e-05 -0.000334618497 0.0
0.000100247562 -0.000368567737 0.0
0.000106120664 -0.000360958278 0.0
0.000112942042 -0.000374326395 0.0
0.000114171213 -0.000374367315 0.0
0.000114062568 -0.0003733091 0.0
0.000105897656 -0.000372449431 0.0
8.93787874e-05 -0.000341497449 0.0
9.72167327e-05 -0.000349810551 0.0
9.62400736e-05 -0.000357240177 0.0
8.08684563e-05 -0.000334298558 0.0
8.37777698e-05 -0.000335966237 0.0
8.19043562e-05 -0.000340515428 0.0
0.000112481262 -0.000369685149 0.0
0.000110015564 -0.00036617383 0.0
8.37136613e-05 -0.0003463639 0.0
0.000104361454 -0.000362672523 0.0
8.9235531e-05 -0.000359113619 0.0
7.01897297e-05 -0.00018085794 0.0
6.65826592e-05 -0.000153956469 0.0
8.1635837e-05 -0.000160697688 0.0
8.68301286e-05 -0.000189492566 0.0
9.40560421e-05 -0.000172341126 0.0
5.66925119e-05 -0.000173448701 0.0
5.52606871e-05 -0.000146770937 0.0
7.6110191e-05 -0.000190701016 0.0
6.93522015e-05 -0.000149174026 0.0
9.69143803e-05 -0.000191337749 0.0
5.00909628e-05 -0.000161607662 0.0
5.98372171e-05 -0.000181629453 0.0
6.41015213e-05 -0.000170281841 0.0
4.97427682e-05 -0.000150335531 0.0
5.69158619e-05 -0.000142999997 0.0
0.000100903046 -0.000179655166 0.0
9.25114509e-05 -0.000164387093 0.0
8.61699446e-05 -0.000196497611 0.0
9.26014691e-05 -0.000197915273 0.0
9.68223976e-05 -0.000196836583 0.0
7.90237464e-05 -0.000152445311 0.0
8.33984741e-05 -0.000169801686 0.0
6.71848975e-05 -0.00018855471 0.0
6.14683086e-05 -0.000143734986 0.0
8.6585118e-05 -0.000157647053 0.0
0.000102451464 -0.000186278354 0.0
0.00010238852 -0.000191366911 0.0
4.87621073e-05 -0.000167504462 0.0
7.81429408e-05 -0.000179249037 0.0
4.95268869e-05 -0.000144294958 0.0
4.66412748e-05 -0.000154447174 0.0
0.00018036674 -0.000335522607 0.0
0.000181190626 -0.000338148151 0.0
0.00018016118 -0.000342669344 0.0
0.000177554859 -0.000343014428 0.0
0.000182032672 -0.000334760058 0.0
0.000182027608 -0.000328453229 0.0
0.000178842543 -0.000345956563 0.0
0.000179804207 -0.000340193452 0.0
0.000181351104 -0.000341103412 0.0
0.000176315938 -0.00034704071 0.0
0.000182498989 -0.000325284462 0.0
0.000182283024 -0.000330958486 0.0
0.000182324671 -0.000332351628 0.0
0.000181770753 -0.000336546393 0.0
0.000181593496 -0.000339131802 0.0
0.000181543393 -0.000336226134 0.0
0.000177797963 -0.000345506647 0.0
0.000176382659 -0.000347807509 0.0
0.000175742767 -0.000348294096 0.0
0.000181215742 -0.000343935128 0.0
0.00018087693 -0.000345325971 0.0
0.000180116767 -0.00034602161 0.0
0.000182430507 -0.000327133515 0.0
0.000182458112 -0.000329875969 0.0
0.000177712645 -0.000347611291 0.0
0.000176483809 -0.000348300848 0.0
0.000181372845 -0.000332913158 0.0
0.000181489144 -0.000335087039 0.0
0.000303801353 -0.000417865434 0.0
0.000329998322 -0.000438818592 0.0
0.000307333918 -0.000434262125 0.0
0.000328595284 -0.00043026192 0.0
0.000303386187 -0.000408999564 0.0
0.000331771676 -0.000448808947 0.0
0.000298012281 -0.000423597899 0.0
0.000312157412 -0.000444911799 0.0
0.000321606261 -0.000420527358 0.0
0.000334085518 -0.000437764771 0.0
0.000293850026 -0.00040846414 0.0
0.000326698006 -0.000452084496 0.0
0.000301076652 -0.000436637056 0.0
0.000335958961 -0.000447591214 0.0
0.000305198279 -0.00040649841 0.0
0.000333270931 -0.000433415844 0.0
0.0003311779 -0.000429828186 0.0
0.000327425863 -0.000425340579 0.0
0.000336892525 -0.00044319118 0.0
0.000292523968 -0.000414776208 0.0
0.000296029175 -0.000404367252 0.0
0.000324932102 -0.000440809701 0.0
0.000306194212 -0.000442658406 0.0
0.000296550716 -0.000429879175 0.0
0.000316848455 -0.000414320239 0.0
0.000316416321 -0.000451238506 0.0
0.000321528525 -0.000453307643 0.0
0.000311030366 -0.000409686618 0.0
0.000323114684 -0.000429463398 0.0
0.000331944902 -0.000455164292 0.0
0.000153113666 -0.000449034938 0.0
0.000150830092 -0.000449179672 0.0
0.000158261231 -0.000436269387 0.0
0.000153321846 -0.000441386626 0.0
0.000157650094 -0.000435152644 0.0
0.000150993059 -0.00045710933 0.0
0.00014957886 -0.000455567118 0.0
0.000155335409 -0.000438849238 0.0
0.000160749623 -0.000431019609 0.0
0.000149629588 -0.000446109916 0.0
0.000151161119 -0.000447612169 0.0
0.00015973975 -0.00042953674 0.0
0.000149834625 -0.00046056771 0.0
0.000148708306 -0.000452115113 0.0
0.000149760395 -0.000463140372 0.0
0.000160133059 -0.000431138964 0.0
0.000155894711 -0.000436426315 0.0
0.000151376138 -0.000442078395 0.0
0.00014838163 -0.000448675099 0.0
0.000153630055 -0.000439012976 0.0
0.000150211898 -0.00045382377 0.0
0.000152686785 -0.000441392418 0.0
0.000157509014 -0.000432056375 0.0
0.000161264994 -0.000428381114 0.0
0.000149674845 -0.000464091718 0.0
0.000161401113 -0.000429651176 0.0
0.000162043783 -0.000428658241 0.0
0.00015542499 -0.00044073796 0.0
0.000151297267 -0.000452891254 0.0
0.000149521933 -0.000459413888 0.0
0.000155398317 -0.000442946213 0.0
0.000191472267 -0.000266619318 0.0
0.000191319472 -0.000276559527 0.0
0.000187053622 -0.000261140143 0.0
0.000185082725 -0.000269324839 0.0
0.000192101215 -0.000278296095 0.0
0.000192978376 -0.000275378872 0.0
0.000184947989 -0.000266140676 0.0
0.000186530466 -0.00027226354 0.0
0.000192128413 -0.000258563552 0.0
0.000189556173 -0.000254522864 0.0
0.000193910921 -0.000267742493 0.0
0.000188740494 -0.000260157831 0.0
0.000194184555 -0.000282992027 0.0
0.000184062956 -0.000270646677 0.0
0.000191037514 -0.000250024837 0.0
0.000191693456 -0.000251784688 0.0
0.000190718056 -0.000275597966 0.0
0.000188781371 -0.000274028716 0.0
0.000194399981 -0.000282071851 0.0
0.000194210937 -0.00028114891 0.0
0.000183858603 -0.000268933683 0.0
0.000185200348 -0.000271801371 0.0
0.000194222011 -0.000272827951 0.0
0.000193628221 -0.000262696587 0.0
0.000190225881 -0.000256628962 0.0
0.000186781093 -0.000263642985 0.0
0.000193371903 -0.000278139021 0.0
0.000191868399 -0.000248820201 0.0
0.000189422441 -0.000270079036 0.0
0.000185987985 -0.000266164221 0.0
0.000233651939 -0.000543609844 0.0
0.000190323743 -0.000100560137 0.0
0.000260378176 -0.000619871193 0.0
0.000142948105 -0.00010258313 0.0
0.000198591209 -0.000507998921 0.0
0.000238513676 -0.000455946749 0.0
0.000219423935 -0.000638691592 0.0
0.000107719927 -0.000117001226 0.0
0.00035122782 -0.000491344079 0.0
0.000182410644 -0.00018413068 0.0
0.000232602993 -0.000391588139 0.0
0.000122300407 -0.000493063999 0.0
0.000255632447 -0.000187696438 0.0
0.000171157808 -0.000316104706 0.0
0.000257507781 -0.000291563803 0.0
0.000207650461 -1.41211058e-05 0.0
0.000264464325 -0.000561408175 0.0
8.44077149e-05 -9.14624761e-05 0.0
0.000100949954 -0.000296093116 0.0
0.000102353777 -0.000637117424 0.0
0.000179546754 -0.000312130665 0.0
0.000195324974 -0.000440270785 0.0
0.000207150239 -0.000569163123 0.0
0.000220495116 -0.000128691536 0.0
0.000319542101 -0.000539919594 0.0
0.000169640422 -0.000162587879 0.0
0.000155386268 -1.89852908e-05 0.0
0.000265540555 -0.000596124213 0.0
0.000139917 -0.000664576597 0.0
0.000112073889 -6.7533736e-05 0.0
0.000125669976 -0.000293556397 0.0
9.12295727e-05 -0.000252764003 0.0
0.000274473132 -0.000663385494 0.0
0.000131257155 -0.000168494385 0.0
0.000243662682 -0.000430855725 0.0
0.000180846328 -0.000329626841 0.0
9.34197815e-05 -0.00026453851 0.0
0.000247497373 -0.0006734911 0.0
0.000270831777 -0.00051317527 0.0
0.000194778913 -0.000522194838 0.0
0.000224998192 -0.000427110004 0.0
0.000177504582 -0.000463218952 0.0
0.000241869493 -0.000598036451 0.0
3.33864919e-05 -8.42255249e-05 0.0
0.000215730368 -0.000497084402 0.0
0.000203702439 -0.000190523366 0.0
6.94773553e-05 -7.03675469e-05 0.0
0.000309420982 -0.000346158951 0.0
9.62015692e-05 -0.000155665766 0.0
0.000128986576 -0.000448332314 0.0
0.000203315896 -0.000684752653 0.0
0.000110812529 -0.000533302722 0.0
0.000175595414 1.68319712e-05 0.0
0.000190311912 -0.000331262243 0.0
0.000166415979 -0.000226017713 0.0
-1.27601561e-05 -5.61479319e-05 0.0
0.000172995715 -0.0002983179 0.0
0.000141302036 -0.000454441528 0.0
0.000213161271 -8.53936763e-06 0.0
0.000257335865 -0.000229285084 0.0
0.000150972512 -0.000177766924 0.0
0.00012580819 -2.93907469e-05 0.0
0.000164323515 -0.000348242669 0.0
0.000156295413 -0.000273646816 0.0
0.000224872623 -0.000243000715 0.0
0.000167059959 -9.48010638e-05 0.0
8.3599909e-05 -0.000170676198 0.0
2.52508016e-05 -9.27000001e-05 0.0
0.000324452063 -0.000724339683 0.0
0.000267702271 -0.0003610391 0.0
5.14689928e-05 -7.95453961e-05 0.0
0.000191355124 -0.00055802759 0.0
0.000276994833 -0.000145212078 0.0
0.000238054694 -7.74001674e-05 0.0
0.000121635159 -0.000530435878 0.0
0.000240823108 -0.000164429075 0.0
0.000167224425 -0.000200660332 0.0
0.000275321072 -0.000628261536 0.0
0.000154419511 -0.000621269282 0.0
0.000189530256 -0.000627340574 0.0
0.000282617722 -0.000448519393 0.0
0.00024586689 -0.000508158642 0.0
1.32588211e-05 -0.000222606541 0.0
0.000252650207 -0.000349322043 0.0
9.30692913e-05 -5.62644163e-05 0.0
0.000329985633 -0.000587472925 0.0
0.000206035416 -0.000405688304 0.0
9.86742962e-05 -0.000678384618 0.0
0.000353008567 -0.000568925636 0.0
0.000308674382 -0.000580990803 0.0
0.000103145954 -5.66542585e-05 0.0
0.000236448046 -0.000426434883 0.0
3.00756528e-05 -6.52817398e-05 0.0
0.0002642732 -0.00047224437 0.0
0.000105442967 -0.000353179901 0.0
0.000220724833 -0.00042026685 0.0
0.000165146397 -0.000401552068 0.0
0.000219839349 -0.000582931505 0.0
0.000186864549 -0.000138518764 0.0
0.000274093152 -0.0005664372 0.0
0.000152615205 -0.000276140985 0.0
0.000118732285 -0.000190269682 0.0
0.000347819703 -0.000475200475 0.0
0.000178871313 -0.000352720002 0.0
9.52182454e-05 -0.000599111954 0.0
0.000352428673 -0.000501085655 0.0
0.000166188678 -0.000293945224 0.0
0.000177073831 -0.000218400353 0.0
0.000267162366 -0.000597528531 0.0
0.000274049526 -0.000101280282 0.0
0.000212285537 -6.86711792e-05 0.0
0.000209521066 -0.000687575084 0.0
0.000147715851 -0.000705041457 0.0
0.000128481857 -0.000701962621 0.0
0.000123697508 -0.000610685209 0.0
0.000258231536 -0.000752113876 0.0
0.000106905158 -0.000251581892 0.0
0.0002622928 -0.00059348339 0.0
0.000344010507 -0.000489049184 0.0
0.000310742558 -0.000496603781 0.0
0.000115497292 -0.00048661136 0.0
9.25616914e-05 -0.000263472873 0.0
0.000183816126 -0.000356257427 0.0
0.000217493129 -0.000531350379 0.0
0.000269979879 -0.000175628113 0.0
0.000199431612 -0.000372568436 0.0
0.000185864614 -0.00030527584 0.0
0.000259202614 -0.000694337417 0.0
0.000276488106 -0.000681206468 0.0
0.000348558155 -0.000487636687 0.0
0.000178950111 -0.000308136601 0.0
0.000248708617 -0.000562300207 0.0
0.000179976545 -0.000485094264 0.0
0.000286749273 -0.000276409148 0.0
0.000121823643 -0.000346140267 0.0
0.000216328161 -0.00046497272 0.0
0.000277211744 -0.000543770671 0.0
9.44669664e-05 -0.000307819952 0.0
0.000216404384 -0.000289185729 0.0
0.000231020007 -0.000698775926 0.0
0.000191340267 2.65746821e-05 0.0
0.000231022568 -0.000145582482 0.0
0.000263512746 -0.000472203741 0.0
9.74677096e-05 -0.000231065482 0.0
0.000180341158 -3.54046715e-05 0.0
7.13125119e-05 -0.000123652426 0.0
6.97063588e-05 -0.000204439188 0.0
0.000209194477 -0.000199600516 0.0
0.000238307111 -4.90481725e-05 0.0
0.000128138548 -0.000118669239 0.0
0.00026860644 -9.66102089e-05 0.0
0.000108726475 -2.49921723e-05 0.0
0.000196840701 -0.000152892535 0.0
0.000336513884 -0.000357708137 0.0
8.36609397e-05 -3.74861593e-05 0.0
0.000181022551 -0.000314468634 0.0
9.3418188e-05 -0.000292256824 0.0
0.000118738528 -0.000548132637 0.0
2.85969891e-05 -9.87019157e-05 0.0
9.05389243e-05 -0.000231948012 0.0
0.000204392345 -0.000797747343 0.0
0.000187989688 -0.000525026 0.0
0.00013276987 -0.000490524515 0.0
0.00019448121 -0.000474385684 0.0
0.000268177275 -4.01027792e-05 0.0
0.000184829638 -0.000393559545 0.0
0.00033303909 -0.000749346043 0.0
0.000126384257 -0.000438201561 0.0
0.000302909495 -0.00068295229 0.0
0.000324446242 -0.00058970222 0.0
0.000131192093 -0.000244663883 0.0
7.47164131e-06 -0.000181776166 0.0
0.000310743373 -0.000585954404 0.0
9.9633362e-05 -0.000695305818 0.0
0.000182204545 -0.000602918444 0.0
0.000158516836 -0.000213446925 0.0
0.000259005552 -0.000532508071 0.0
0.000265183975 -0.000135641472 0.0
0.00023950485 -0.000634861586 0.0
2.38257981e-05 -7.1915274e-05 0.0
0.000117405223 -0.0005512645 0.0
0.000131982582 -0.00073225284 0.0
0.0002129161 -0.000392586051 0.0
-4.95810536e-06 -3.07616101e-05 0.0
0.000210748331 -0.000711098954 0.0
2.50874455e-05 -7.39318857e-05 0.0
0.000159527801 -0.000767230231 0.0
0.000325206493 -0.00059724669 0.0
0.000321377738 -0.000712566136 0.0
0.000148864463 -0.000595580088 0.0
0.00014982342 3.4718676e-05 0.0
0.000214171887 -0.000703762227 0.0
0.000222507908 -0.000212894156 0.0
6.55288968e-05 -0.000462971744 0.0
0.000294723664 -0.00038598504 0.0
0.000277228653 -0.000620847917 0.0
0.000296151731 -0.000542557333 0.0
0.000210647777 -0.00032510981 0.0
8.92694661e-05 -0.000639215112 0.0
0.000134963935 -0.000422238867 0.0
0.000201781993 -0.000537662185 0.0
0.000157239745 -0.000134467147 0.0
0.000207013712 -1.21642079e-05 0.0
0.000180318748 -0.000308105664 0.0
0.000149496205 -6.17435944e-05 0.0
0.000262697926 -0.000653907715 0.0
0.000135374154 -0.000605175737 0.0
0.000170408748 -0.000305976573 0.0
0.000119737771 -0.000544810377 0.0
9.87667299e-05 -3.57111348e-05 0.0
0.000261303125 -0.000730503642 0.0
0.000132817542 1.92381103e-05 0.0
0.000154925045 -0.000414213806 0.0
0.000163985853 -0.000245926291 0.0
0.000117834148 -0.000701663434 0.0
0.00029490827 -0.000397701748 0.0
0.000254080747 -0.000591609452 0.0
0.000113207541 -9.89173932e-05 0.0
0.000126488929 -7.14663474e-05 0.0
0.000178169095 -0.000123826816 0.0
9.56090589e-05 -0.000108937653 0.0
2.46292147e-05 -0.000234799896 0.0
0.000185152341 -0.000567873183 0.0
0.000111081739 -0.000584574009 0.0
0.000327560614 -0.000695782714 0.0
0.000160882555 -0.000227815428 0.0
0.00019377697 -0.000178974602 0.0
-1.29571572e-05 -6.79587829e-05 0.0
8.03231087e-05 -0.00025867566 0.0
0.000411212881 -0.000728694373 0.0
0.000160790441 -0.000660715275 0.0
0.000276191538 -0.000569011725 0.0
0.000268841075 -0.000476366054 0.0
0.000285229849 -0.000127343752 0.0
0.000185229859 -0.000304154033 0.0
0.000181962168 -0.000653725176 0.0
0.000142309902 -0.000147459665 0.0
0.000274525693 -0.000697652111 0.0
0.000149175132 -0.000370953523 0.0
-1.23171767e-05 -5.72393583e-05 0.0
0.000163683435 -0.000437716488 0.0
0.000173057429 -0.000300544081 0.0
0.000245836476 -0.000109794106 0.0
0.0001185894 -0.000718688534 0.0
4.83458753e-05 -3.05854373e-05 0.0
0.000171391745 -0.000302130327 0.0
0.000211491453 -0.000727569801 0.0
0.000200236245 -2.774315e-05 0.0
0.000266471907 -0.000613329932 0.0
1.54446934e-05 -5.4459364e-05 0.0
0.000317658938 -0.000583140587 0.0
0.000132327754 -0.000218493748 0.0
0.000206409532 -0.000105688749 0.0
0.00022688233 -0.000171236665 0.0
0.000212694038 -0.00068749307 0.0
0.000175181616 -0.000386015658 0.0
0.000281837041 -0.000644780521 0.0
0.000255222374 -0.000474196509 0.0
2.14186748e-05 -6.82819591e-05 0.0
0.000142886041 -0.000435213558 0.0
0.000309066527 -0.000683498278 0.0
4.33502646e-05 -0.000137922048 0.0
0.000169851628 5.15975662e-05 0.0
0.000359492609 -0.000586712616 0.0
0.000303331122 -0.000467846898 0.0
0.000252747064 -0.000325533474 0.0
0.000262667047 -0.000701689976 0.0
8.2174316e-05 -0.000134869493 0.0
7.2675306e-05 -0.000215335778 0.0
0.000134009475 -0.000241240472 0.0
0.000139024211 -0.000716455455 0.0
0.000267652184 -0.000714208116 0.0
0.000265620911 -0.000201428906 0.0
0.000231202823 -0.000507198914 0.0
2.67048563e-05 -0.00025963306 0.0
0.000296322571 -0.000685590378 0.0
0.000214169821 -0.000752920634 0.0
0.00021091722 -0.00038360685 0.0
0.000206924829 -0.00061125349 0.0
0.000182532705 -0.000312147924 0.0
9.75474904e-05 -0.000194408465 0.0
5.22181035e-05 -0.000143935351 0.0
0.000155055328 -0.00071505236 0.0
0.000285175774 -0.00014626066 0.0
0.000281287939 -0.000507323712 0.0
0.000193572196 -0.000507198914 0.0
8.99903825e-05 -0.000590876676 0.0
0.000147942948 -0.000258169515 0.0
0.000176859554 -0.00030879493 0.0
0.000117437499 -0.000224847041 0.0
0.000359154423 -0.000478716189 0.0
0.000365206914 -0.000498278067 0.0
8.55349208e-05 -0.000188487698 0.0
0.00027363369 -2.35296575e-05 0.0
-8.5845204e-06 -8.46963158e-05 0.0
0.000234745123 -0.000430237909 0.0
2.14810952e-05 -6.19420316e-05 0.0
0.000263675436 -0.000380529236 0.0
0.000248195662 -0.00045671931 0.0
0.000242966242 -0.00071172684 0.0
0.000280017557 -0.000338814483 0.0
0.000277462736 -0.000102614118 0.0
0.00026976486 -0.000729698979 0.0
0.000319662155 -0.000313063822 0.0
0.000206704121 -0.000680181256 0.0
0.000270290358 -0.000391313108 0.0
5.87021823e-05 -0.000101274352 0.0
0.000168221231 -0.000296804879 0.0
0.000117856791 -0.000145709448 0.0
0.000275600178 -0.000595204241 0.0
0.000324464956 -0.00061522139 0.0
0.000350372924 -0.000737118244 0.0
0.000176034999 -0.000321332656 0.0
0.000196956302 -0.000380948739 0.0
9.18269725e-05 -2.46095187e-05 0.0
3.26136178e-05 -0.000119767246 0.0
0.000178406481 -0.000292405632 0.0
0.000202395255 -0.000653161609 0.0
6.44705724e-05 -4.14830356e-05 0.0
0.000182280419 -0.000327526504 0.0
0.000131130015 -0.000461940654 0.0
0.000242115479 -0.000214616986 0.0
3.99575802e-05 -0.000111232039 0.0
0.000335614866 -0.000389666879 0.0
0.000179124603 -0.00043603353 0.0
0.000121877951 -0.000561828201 0.0
0.000254133309 -0.000489406055 0.0
0.000270528079 -0.000241018526 0.0
5.98326988e-05 -0.000239127156 0.0
0.000251600752 -0.000773158099 0.0
0.000172740736 -0.000531004334 0.0
0.00020696361 -0.000507523248 0.0
0.000253242615 -0.000639773498 0.0
0.000251013349 -4.51588785e-05 0.0
0.00011348127 -0.000478537695 0.0
0.000107825275 -0.000376588345 0.0
3.66079475e-05 -0.000119261473 0.0
0.000132385991 -0.000574331381 0.0
9.1749891e-05 -0.000307227514 0.0
0.00027062837 -0.000635699835 0.0
9.32981347e-05 -0.000296516781 0.0
0.000222021234 -0.000715919479 0.0
0.000234402003 -4.65753437e-05 0.0
0.000179525174 -0.000493321219 0.0
0.000282400521 -0.000706208579 0.0
0.000303396082 -0.00048555588 0.0
5.88496659e-05 -0.000432377332 0.0
0.000231392929 -0.00066391367 0.0
0.000110767971 -0.000227818557 0.0
0.000228139455 -0.000610125717 0.0
9.50939866e-05 -0.000274496851 0.0
0.000110222936 -0.000202606127 0.0
0.000179239301 -7.52688939e-05 0.0
0.000251977966 -3.56661949e-05 0.0
0.000191995248 -0.000228830366 0.0
0.000210937054 -0.000709581829 0.0
4.57114838e-05 -0.000143842524 0.0
0.000301904976 -0.000678285141 0.0
0.000234314561 -0.000573282829 0.0
0.000232283943 -0.000420639582 0.0
7.5198077e-05 -2.45005394e-05 0.0
0.000334265816 -0.000478250382 0.0
0.000307754322 -0.000680770201 0.0
0.00036138852 -0.000530306716 0.0
0.000118045711 -0.000370218884 0.0
0.000190584615 -0.000302628032 0.0
3.3131073e-05 -9.75119547e-05 0.0
0.000190259569 1.22044494e-05 0.0
8.97212885e-05 -1.3921449e-05 0.0
0.00020343576 -0.000251931226 0.0
0.000245728152 -0.000533521583 0.0
7.24770289e-05 -0.000157164337 0.0
9.06575442e-05 -0.000206629367 0.0
0.000242276539 -0.000253399194 0.0
0.000175739609 -0.00062819419 0.0
0.000105067309 -0.000148604973 0.0
0.00017430594 -0.000244694413 0.0
0.000147894752 -0.000463125063 0.0
0.000184228062 -0.00034356254 0.0
0.000149471583 -0.000309639174 0.0
9.96483286e-05 -2.7491973e-05 0.0
0.000103238301 -0.000513456238 0.0
0.000250583718 -0.000616201491 0.0
8.46845069e-05 -0.000205128526 0.0
7.72743078e-05 -7.22711047e-05 0.0
9.40422324e-05 -0.000341716863 0.0
0.000334293523 -0.00074762397 0.0
0.000323556538 -0.000667931105 0.0
1.67641865e-05 -0.000183102355 0.0
0.000226280681 -9.2780203e-05 0.0
6.59910802e-05 -0.000119167147 0.0
0.000344282889 -0.00049210561 0.0
0.000326485257 -0.000633001502 0.0
6.44217434e-05 -0.000168186132 0.0
0.0001962237 -0.000531297002 0.0
0.000128682688 -0.000570692006 0.0
0.000311529584 -0.000395152339 0.0
-8.32494334e-06 -3.44591972e-05 0.0
0.000262890651 -0.00025797385 0.0
0.000102020116 -7.20528624e-05 0.0
0.000205892444 -0.000474046741 0.0
0.000342092972 -0.000610415358 0.0
0.000145735161 -0.000222574337 0.0
0.000208296653 -0.000161186152 0.0
0.000257960608 -0.000201330447 0.0
0.00016411423 -0.000459194125 0.0
-8.97976497e-06 -8.04613228e-05 0.0
0.00019215545 2.0431391e-05 0.0
0.000282734458 -0.000546417956 0.0
0.000190346036 -0.000487750542 0.0
0.000217825509 -3.50656337e-05 0.0
0.000182036441 -0.000366908789 0.0
0.00017060939 -0.000203829914 0.0
0.000166589438 -0.000318149221 0.0
0.00023126333 -3.62659775e-05 0.0
0.000174882516 -0.000168577724 0.0
0.000202124997 -0.000685360807 0.0
0.000286695344 -0.000592805853 0.0
0.000284650276 -0.000524913019 0.0
0.000214563741 -0.000396852673 0.0
0.000164150304 -0.000396068906 0.0
-9.54735242e-06 -4.74838962e-05 0.0
0.000159764677 -0.00027921045 0.0
0.00015387313 -0.000236915148 0.0
3.44607251e-05 -5.36053631e-05 0.0
0.000116414543 -0.00042492256 0.0
0.000113817259 -0.000296786719 0.0
0.000267415104 -0.000576422608 0.0
0.000287611503 -0.000658992853 0.0
8.40220746e-05 -0.000662854349 0.0
9.47733497e-05 -0.000212961429 0.0
0.000165278034 -0.000294657919 0.0
0.00011718311 1.20786899e-05 0.0
0.000157576578 -0.000246572541 0.0
0.000135806724 -0.000583026966 0.0
0.000323708082 -0.000436605362 0.0
0.000210330385 -0.000354512857 0.0
0.000161552758 -0.000389654364 0.0
0.000251173304 -8.80530934e-05 0.0
0.000113879374 -0.000512270897 0.0
0.000135188078 -0.000548534037 0.0
1.81533869e-05 -6.30558061e-05 0.0
0.000156178794 5.69324548e-05 0.0
0.000232095656 -4.18975796e-05 0.0
0.000249751814 -0.000383721141 0.0
8.61165536e-05 -0.000340069731 0.0
0.000313855358 -0.000560258399 0.0
0.000120661673 -0.000572240562 0.0
0.000151513508 -0.000265583454 0.0
0.000235000465 -0.000475916662 0.0
0.000265798531 -0.000355234486 0.0
0.000113811337 -0.000226762422 0.0
0.000214762942 -0.000206635741 0.0
0.000262520014 -0.000468921702 0.0
0.000133095935 -0.000501386297 0.0
0.000178968388 -0.000175191264 0.0
0.00014162896 -0.000187689511 0.0
0.000128988278 -0.000410161068 0.0
0.00027425008 -1.34505926e-05 0.0
8.8202265e-05 -0.000352551928 0.0
0.000320397958 -0.000461510033 0.0
0.000174298431 -0.000697785988 0.0
0.000165077348 -0.00077959511 0.0
0.000218842193 -0.000189146376 0.0
0.000216893182 -0.000305155409 0.0
0.000166522135 -8.73352235e-07 0.0
0.000118105738 -0.000649305875 0.0
0.000136501185 -0.000243505303 0.0
0.000130327375 -0.000480819348 0.0
8.265426e-05 -0.000629070331 0.0
8.87926071e-05 -0.000453247601 0.0
0.000261478388 -5.96267564e-05 0.0
0.000310098549 -0.000565833121 0.0
3.72106406e-05 -0.000205705073 0.0
0.000160367737 -0.000177556823 0.0
3.37787169e-05 -0.000126617379 0.0
0.000421463046 -0.000740398595 0.0
0.000222585033 -0.000439547584 0.0
0.000183003038 -0.000309377821 0.0
0.000217487584 -1.78703685e-05 0.0
0.000271189463 -9.70304754e-05 0.0
8.33559825e-05 -0.000336072611 0.0
0.000235607935 -0.000151266111 0.0
0.000284712441 -0.000636645418 0.0
0.000222925897 -4.71452258e-05 0.0
0.000252325175 -0.000426199113 0.0
0.000167565478 -0.000262963469 0.0
3.86093961e-05 -0.000270579738 0.0
0.000295426988 -0.000482386036 0.0
0.000264490867 -0.000162613185 0.0
0.00012403728 -0.000561770401 0.0
0.000302811735 -0.000590056647 0.0
0.000178479037 -0.00038335062 0.0
0.000139322146 -0.000741740572 0.0
0.00019431347 -0.000375445321 0.0
4.68277976e-05 -0.000128277388 0.0
0.000217139212 -0.000674840179 0.0
0.00017923741 -0.000590119744 0.0
0.000196639056 -6.61368613e-05 0.0
0.000135457885 -0.000419125281 0.0
9.96405288e-05 -0.000206469616 0.0
0.000251432473 -0.000130952496 0.0
0.000316439575 -0.00069189124 0.0
0.00034169617 -0.000537332322 0.0
0.000311173411 -0.000575386337 0.0
0.000246717362 -0.000322854001 0.0
0.000119896882 -0.000719053438 0.0
0.000104673476 -0.000529116194 0.0
0.000315079262 -0.000696573989 0.0
0.000368860987 -0.000549839693 0.0
0.000228303732 -0.00032698529 0.0
0.00011973035 -0.000516123138 0.0
0.000334724056 -0.000708627573 0.0
0.000436001545 -0.000765227654 0.0
0.000176671281 -0.000371160451 0.0
0.0001865128 -0.00078459311 0.0
0.000167784645 -0.000132435845 0.0
0.000296182407 -0.000551832549 0.0
-6.94486334e-06 -6.66394772e-05 0.0
9.73097558e-05 -0.000316493562 0.0
0.000323376502 -0.0006161778 0.0
0.0001917849 -0.000599283783 0.0
0.000247180957 -0.000180013289 0.0
5.83643669e-05 -2.395921e-05 0.0
0.000189287966 -0.000689387729 0.0
0.00029228811 -0.000312774122 0.0
7.71847044e-06 -0.000227411932 0.0
0.000182877993 -0.000564843591 0.0
0.000218869827 -3.66764689e-05 0.0
0.000165653997 -0.000625839399 0.0
0.000165054182 -0.000725177058 0.0
0.00022292092 -0.000557189342 0.0
0.000185039302 -0.000300220243 0.0
0.000286680763 -0.000486485165 0.0
0.000140795397 -2.34915078e-05 0.0
-1.02891204e-06 -1.63687891e-05 0.0
0.000267768337 -0.000537804735 0.0
0.00033518119 -0.000612867647 0.0
0.000271979108 -0.000121566016 0.0
0.000188349673 -0.00067431014 0.0
5.1148374e-05 -0.000287422328 0.0
0.000166804282 -5.63768881e-05 0.0
0.000131529116 -0.000231178565 0.0
0.000223313938 -0.000333495933 0.0
0.00013713674 -6.61472659e-05 0.0
0.000272644305 -0.000618362857 0.0
0.000162095792 -0.000291457865 0.0
0.000171102831 -0.000715333852 0.0
0.000205260716 -0.000427616265 0.0
0.000205132092 -0.000688651402 0.0
0.000159953692 -0.000403466402 0.0
8.58204148e-05 -1.97476129e-05 0.0
0.000176264206 -0.000384923595 0.0
0.000148626015 -0.000741616532 0.0
0.000154431473 -9.81680569e-05 0.0
0.000140116492 -0.00042127748 0.0
0.000192640509 -0.000571948651 0.0
0.000174794041 -0.000344614702 0.0
-2.04652019e-06 -1.73449953e-05 0.0
4.51948545e-05 -6.68031862e-05 0.0
