0.00221892283 7.41837066e-05 0.0
0.00219759694 0.000127796899 0.0
0.00221428252 0.000112384929 0.0
0.0022023262 8.95775302e-05 0.0
0.00102848187 4.92462568e-05 0.0
0.000970062392 5.06324795e-05 0.0
0.000908659189 5.00893511e-05 0.0
0.000986461993 -3.13659402e-05 0.0
0.00249598478 5.00893511e-05 0.0
0.00255738804 5.06324795e-05 0.0
0.00261580758 4.92462568e-05 0.0
0.00161379843 -8.86347552e-05 0.0
0.00160168158 4.29933806e-07 0.0
0.00158905005 9.01838721e-05 0.0
0.00146113464 -1.24160022e-06 0.0
0.00013938894 5.30168218e-05 0.0
0.000152020424 -3.67371176e-05 0.0
0.000164137338 -0.000125801802 0.0
0.00191851612 -0.00014206364 0.0
0.0019108837 -0.000106556356 0.0
0.00190165953 -7.10883833e-05 0.0
0.00181452127 -0.000113118607 0.0
0.000451998407 -0.000108255437 0.0
0.000461222488 -0.000143723402 0.0
0.000468855025 -0.000179230687 0.0
0.00157690863 5.3932913e-06 0.0
0.00155430322 0.000147702856 0.0
0.00158205663 0.000106962099 0.0
0.00154975941 4.61087657e-05 0.0
0.0026063323 2.51440797e-05 0.0
0.0026668082 2.29170873e-05 0.0
0.00272811879 2.26795619e-05 0.0
0.0026436043 0.00018480717 0.0
0.0011407932 2.26795619e-05 0.0
0.00107948249 2.29170873e-05 0.0
0.0010190066 2.51440797e-05 0.0
0.00142332807 -0.000157860588 0.0
0.00139872089 2.26149987e-05 0.0
0.0014290181 -2.86763916e-05 0.0
0.00139446219 -0.00010812634 0.0
0.002373558 6.93635957e-05 0.0
0.0023515115 0.000183630822 0.0
0.00239315582 0.000131985114 0.0
0.00233114767 0.00012427551 0.0
0.00119983871 -0.000112799469 0.0
0.00118000398 5.48826647e-05 0.0
0.00123134244 -5.06259275e-05 0.0
0.00114849058 -8.17576438e-06 0.0
0.000406966225 0.000122970421 0.0
0.00033101617 0.000121413133 0.0
0.000255659368 0.000119384313 0.0
0.000353212381 -9.6357413e-05 0.0
0.000386885513 4.53894354e-05 0.0
0.000293653866 6.67232143e-06 0.0
0.00184298505 0.000119384313 0.0
0.00191834185 0.000121413133 0.0
0.00199429179 0.000122970421 0.0
0.00078239612 -0.000117426098 0.0
0.000759282382 0.000107215303 0.0
0.000825207797 1.39847489e-05 0.0
0.000717019138 -2.64499267e-05 0.0
0.000616717269 -0.000216525397 0.0
0.000593497127 8.10188067e-06 0.0
0.000665345869 -0.000116796291 0.0
0.000545064162 -9.44005806e-05 0.0
0.00143309496 -6.77605494e-05 0.0
0.00141388678 4.57937786e-05 0.0
0.00145061896 2.52043515e-06 0.0
0.0013968976 -2.61711793e-05 0.0
0.00220850948 6.14179544e-06 0.0
0.00218741666 0.000118382326 0.0
0.00220624357 3.55553384e-05 0.0
0.00218922552 9.11020543e-05 0.0
0.00118170166 -0.000191457424 0.0
0.00115867169 -3.25571382e-05 0.0
0.00120681315 -9.55474025e-05 0.0
0.00113465812 -0.000131848938 0.0
0.00167331169 8.04567608e-05 0.0
0.00164919486 0.0001865628 0.0
0.00168195902 0.000152165507 0.0
0.00163916044 0.000119848388 0.0
0.0014496611 3.71670503e-05 0.0
0.0 0.0 0.0
0.00158732571 0.0 0.0
0.0030369868 3.71670503e-05 0.0
0.00222793058 7.56201407e-05 0.0
0.00223536044 7.90028935e-05 0.0
0.00224121148 8.36268082e-05 0.0
0.00224511605 8.89706935e-05 0.0
0.0022468362 9.47108201e-05 0.0
0.00224589487 0.000101109013 0.0
0.00224218471 0.000108850261 0.0
0.00223519723 0.000116858304 0.0
0.00222555781 0.00012307732 0.0
0.00221597124 0.000126488507 0.0
0.00220664707 0.000127968058 0.0
0.00218928256 0.000125659004 0.0
0.00218219566 0.000121998586 0.0
0.00217681006 0.000117155134 0.0
0.0021732098 0.000111737027 0.0
0.00217200187 0.000105440267 0.0
0.00217408244 9.81185149e-05 0.0
0.00217874767 9.18252408e-05 0.0
0.00218532351 8.72110249e-05 0.0
0.00219287141 8.16137253e-05 0.0
0.00220110756 7.71458654e-05 0.0
0.00220956444 7.44472854e-05 0.0
0.00220834301 0.000100537334 0.0
0.00101490424 5.00441784e-05 0.0
0.000995704555 5.04226846e-05 0.0
0.000944275351 5.06091383e-05 0.0
0.000924315013 5.04047384e-05 0.0
0.000906145549 3.73548646e-05 0.0
0.000907833106 2.48221349e-05 0.0
0.000913575001 1.10774381e-05 0.0
0.000923813554 -3.08554968e-06 0.0
0.000937634788 -1.5774991e-05 0.0
0.000953268202 -2.49088007e-05 0.0
0.000969871238 -3.01263826e-05 0.0
0.00100219797 -2.88638494e-05 0.0
0.00101622136 -2.28065801e-05 0.0
0.0010277587 -1.36058334e-05 0.0
0.00103616307 -1.79123344e-06 0.0
0.00104074378 1.18679764e-05 0.0
0.00104081247 2.62335398e-05 0.0
0.00103629439 3.86705287e-05 0.0
0.00251164054 5.04047384e-05 0.0
0.00253160112 5.06091383e-05 0.0
0.00258303015 5.04226846e-05 0.0
0.00260222983 5.00441784e-05 0.0
0.00260568527 6.12763688e-05 0.0
0.00259244535 7.19181917e-05 0.0
0.00257642637 8.00856287e-05 0.0
0.00255920528 8.40818175e-05 0.0
0.00254211319 8.39703716e-05 0.0
0.0025265459 7.97309258e-05 0.0
0.00251334603 7.19741511e-05 0.0
0.00250312057 6.17405749e-05 0.0
0.00161087071 -6.55848999e-05 0.0
0.00160699594 -3.65210399e-05 0.0
0.00159609714 3.77505276e-05 0.0
0.00159194623 6.7375724e-05 0.0
0.00156407617 9.47443114e-05 0.0
0.00153944618 9.39460151e-05 0.0
0.00151594623 8.79257059e-05 0.0
0.0014951945 7.67273814e-05 0.0
0.00147843442 6.08821174e-05 0.0
0.00146680942 4.14166534e-05 0.0
0.00146112265 1.99108672e-05 0.0
0.00146709685 -2.11754577e-05 0.0
0.00147771777 -4.05378014e-05 0.0
0.00149384118 -5.99522937e-05 0.0
0.0015148056 -7.69842591e-05 0.0
0.00153934059 -8.94478217e-05 0.0
0.00156483543 -9.58506498e-05 0.0
0.00159023062 -9.53849303e-05 0.0
0.00014228512 3.02086737e-05 0.0
0.000146436025 5.83477402e-07 0.0
0.000157334813 -7.36880902e-05 0.0
0.000161209551 -0.000102751947 0.0
0.000184522156 -0.000113626636 0.0
0.000200892158 -9.72068519e-05 0.0
0.000212404819 -7.80774499e-05 0.0
0.000218490735 -5.75716331e-05 0.0
0.000218414032 -3.68509282e-05 0.0
0.000212594488 -1.64039484e-05 0.0
0.000201338597 5.96989594e-06 0.0
0.000184482633 2.64319351e-05 0.0
0.000162977653 4.25992694e-05 0.0
0.00191544287 -0.000127159787 0.0
0.0019058903 -8.59387656e-05 0.0
0.00188817701 -6.32600131e-05 0.0
0.00187347899 -5.86554925e-05 0.0
0.00185865688 -5.78769032e-05 0.0
0.0018446669 -6.10685238e-05 0.0
0.00183263549 -6.77468342e-05 0.0
0.00182320678 -7.69184189e-05 0.0
0.00181664806 -8.79148647e-05 0.0
0.00181325292 -0.000100059107 0.0
0.00182044751 -0.000125964536 0.0
0.00182968448 -0.000136261078 0.0
0.00184080005 -0.000144306308 0.0
0.00185326149 -0.000151305023 0.0
0.00186706858 -0.00015622731 0.0
0.00188152911 -0.000157710267 0.0
0.00189544319 -0.000155796064 0.0
0.00190815248 -0.000150389184 0.0
0.000456229143 -0.000123105812 0.0
0.000465781661 -0.000164326848 0.0
0.000476640591 -0.000168170736 0.0
0.000480656337 -0.00015563138 0.0
0.000480373012 -0.000142596778 0.0
0.000474709756 -0.000129799257 0.0
0.00046478177 -0.000118371747 0.0
0.00159675069 8.81431879e-06 0.0
0.00161434431 1.69633768e-05 0.0
0.00162872858 2.85881397e-05 0.0
0.00163868093 4.42481287e-05 0.0
0.00164304161 6.17688056e-05 0.0
0.00164224813 7.97962857e-05 0.0
0.00163606857 9.5815114e-05 0.0
0.0016266068 0.000111879308 0.0
0.00161334337 0.000126016996 0.0
0.00159565068 0.00013776432 0.0
0.00157531979 0.000145376558 0.0
0.00153413101 0.00014502705 0.0
0.0015159942 0.000137648531 0.0
0.00150101597 0.000126525454 0.0
0.00148994336 0.00011232448 0.0
0.00148375321 9.59625468e-05 0.0
0.0014826447 7.78740796e-05 0.0
0.0014879884 5.80344458e-05 0.0
0.00150070165 3.84812993e-05 0.0
0.00151715393 2.33966039e-05 0.0
0.00153600879 1.29030332e-05 0.0
0.00155620009 6.86272779e-06 0.0
0.00156591262 7.72835192e-05 0.0
0.00263159396 2.38554512e-05 0.0
0.00270217517 2.25684489e-05 0.0
0.00274378993 3.81517202e-05 0.0
0.00275473506 5.65354821e-05 0.0
0.00276045012 7.72561252e-05 0.0
0.00275867595 9.99979093e-05 0.0
0.00274893595 0.000123830177 0.0
0.00273386203 0.000144817692 0.0
0.00271474733 0.000161675664 0.0
0.00269254716 0.000174692104 0.0
0.00266829785 0.000182940319 0.0
0.00261993939 0.000180623625 0.0
0.00259873061 0.000170856918 0.0
0.00258117169 0.00015672858 0.0
0.00256807008 0.000139109688 0.0
0.00256023812 0.000118713746 0.0
0.00255940622 9.67735759e-05 0.0
0.00256413291 7.59263203e-05 0.0
0.00257430202 5.81930653e-05 0.0
0.00258803065 4.06593354e-05 0.0
0.00111484958 2.25684489e-05 0.0
0.00104426825 2.38554512e-05 0.0
0.00103862258 1.37372299e-05 0.0
0.00106019713 6.31018065e-06 0.0
0.00108233141 3.67228563e-06 0.0
0.0011037701 5.83831661e-06 0.0
0.0011235323 1.2424216e-05 0.0
0.00144662429 -0.000154213165 0.0
0.00146778545 -0.000145312704 0.0
0.00148555124 -0.000132022615 0.0
0.0014990943 -0.000115284747 0.0
0.00150776573 -9.62186314e-05 0.0
0.00151062792 -7.57279413e-05 0.0
0.00150736491 -5.62932073e-05 0.0
0.00149942399 -3.80633501e-05 0.0
0.00148662925 -1.98366615e-05 0.0
0.00146882061 -2.53208691e-06 0.0
0.00144706166 1.08770046e-05 0.0
0.00142314599 1.95937773e-05 0.0
0.00137522712 1.9847681e-05 0.0
0.00135376595 1.16753336e-05 0.0
0.00133562856 -9.47733042e-07 0.0
0.00132161926 -1.74819543e-05 0.0
0.00131278695 -3.6780486e-05 0.0
0.00130973372 -5.72851604e-05 0.0
0.00131190382 -7.87877943e-05 0.0
0.00132067944 -0.00010048558 0.0
0.00133515068 -0.000120605298 0.0
0.00135401892 -0.000137252704 0.0
0.0013758603 -0.000149108586 0.0
0.00139930344 -0.00015605439 0.0
0.0014117714 -6.78242723e-05 0.0
0.00239084894 7.27824663e-05 0.0
0.00240576104 8.06591561e-05 0.0
0.00241733086 9.20564489e-05 0.0
0.00242477725 0.000106135012 0.0
0.0024269463 0.000121962221 0.0
0.00242336444 0.000138399424 0.0
0.00241438113 0.000153126894 0.0
0.00240216334 0.0001652996 0.0
0.0023866517 0.000175284906 0.0
0.00236944831 0.000181812138 0.0
0.00233430602 0.000180650517 0.0
0.00231919042 0.000173267166 0.0
0.00230729417 0.000162462267 0.0
0.00229946314 0.000149327374 0.0
0.00229708944 0.000134756105 0.0
0.00229938398 0.000119061762 0.0
0.00230795704 0.000102844868 0.0
0.00232181582 8.87160859e-05 0.0
0.00233769929 7.80113332e-05 0.0
0.00235535461 7.1086135e-05 0.0
0.00236236793 0.000127887484 0.0
0.00122334308 -0.000109299108 0.0
0.00124461716 -0.000100595644 0.0
0.00126258377 -8.66542687e-05 0.0
0.00127537129 -6.82922255e-05 0.0
0.00128257123 -4.72245774e-05 0.0
0.00128383818 -2.53807029e-05 0.0
0.00127827155 -3.58869829e-06 0.0
0.00126522675 1.70523981e-05 0.0
0.00124767225 3.20140571e-05 0.0
0.00122740364 4.38320531e-05 0.0
0.00120428461 5.22806477e-05 0.0
0.00115629204 5.13915766e-05 0.0
0.00113493076 4.20992219e-05 0.0
0.00111720932 2.77300023e-05 0.0
0.00110431481 9.4946281e-06 0.0
0.00109713897 -1.13017695e-05 0.0
0.00109660462 -3.36427875e-05 0.0
0.0011030446 -5.54898979e-05 0.0
0.00111581897 -7.46908408e-05 0.0
0.00113302167 -8.96982601e-05 0.0
0.00115290715 -0.000102149366 0.0
0.0011757277 -0.000110029578 0.0
0.00118990499 -2.94238998e-05 0.0
0.000374228373 0.00012235227 0.0
0.000287959032 0.000120350727 0.0
0.00023500016 9.83283899e-05 0.0
0.000220946618 7.32451517e-05 0.0
0.000214458865 4.5805562e-05 0.0
0.000215599634 1.77674065e-05 0.0
0.000223772877 -9.91290108e-06 0.0
0.000239688641 -3.711299e-05 0.0
0.000262594636 -6.11844735e-05 0.0
0.00029029866 -8.02413706e-05 0.0
0.000321190513 -9.24117485e-05 0.0
0.000384364859 -9.24680789e-05 0.0
0.000412755675 -8.13928491e-05 0.0
0.000436910195 -6.38785787e-05 0.0
0.000455579051 -4.08648521e-05 0.0
0.000467181439 -1.32323221e-05 0.0
0.000470837869 1.7270213e-05 0.0
0.000465763005 4.8340753e-05 0.0
0.000452569628 7.75356893e-05 0.0
0.000432261382 0.000102825936 0.0
0.00187528471 0.000120350727 0.0
0.00196155393 0.00012235227 0.0
0.0019645202 0.00013737494 0.0
0.00193243416 0.000144388716 0.0
0.00190002774 0.000143831683 0.0
0.00186955952 0.000135100025 0.0
0.000813332386 -0.000113300601 0.0
0.000841117464 -0.000101531819 0.0
0.000864103145 -8.31401267e-05 0.0
0.000880599197 -5.97007711e-05 0.0
0.000889636693 -3.33126154e-05 0.0
0.000890927447 -5.93506684e-06 0.0
0.000884238631 2.12967407e-05 0.0
0.000869178039 4.83710501e-05 0.0
0.000846682698 7.31604378e-05 0.0
0.000819804263 9.21033279e-05 0.0
0.000790142862 0.000103686194 0.0
0.000729389314 0.000102884238 0.0
0.000701944751 9.17387224e-05 0.0
0.000678601617 7.4273783e-05 0.0
0.000661023718 5.11784601e-05 0.0
0.000650631031 2.36679352e-05 0.0
0.000648856745 -6.45987575e-06 0.0
0.000656325545 -3.70387897e-05 0.0
0.000671515882 -6.39306891e-05 0.0
0.000693421171 -8.60515574e-05 0.0
0.000720507698 -0.000102954764 0.0
0.000750731851 -0.000113883332 0.0
0.000771335326 -5.70246402e-06 0.0
0.000647524081 -0.000212451894 0.0
0.000675399613 -0.000200818729 0.0
0.000698738149 -0.000182850723 0.0
0.000716070703 -0.000159753748 0.0
0.000726273167 -0.000132652247 0.0
0.000727490464 -0.000102787722 0.0
0.000719963748 -7.31569089e-05 0.0
0.00070464384 -4.69197366e-05 0.0
0.000682590355 -2.48526921e-05 0.0
0.000655640615 -7.53568338e-06 0.0
0.000625257264 4.48948595e-06 0.0
0.000562627276 3.24606094e-06 0.0
0.000534801628 -9.31114573e-06 0.0
0.000511737424 -2.82581241e-05 0.0
0.000495069602 -5.25274882e-05 0.0
0.000485904835 -7.99716072e-05 0.0
0.000484728691 -0.000108614018 0.0
0.000492492632 -0.000136504415 0.0
0.000507780234 -0.000161881733 0.0
0.000529236451 -0.000183712589 0.0
0.000555594976 -0.00020109539 0.0
0.000585288857 -0.000212559011 0.0
0.000605034176 -0.000105409097 0.0
0.00145040557 -6.43556632e-05 0.0
0.00146582443 -5.66755807e-05 0.0
0.00147822453 -4.5539633e-05 0.0
0.00148648862 -3.16935075e-05 0.0
0.00148962415 -1.57982686e-05 0.0
0.00148676522 8.77872537e-07 0.0
0.00147713826 1.59113133e-05 0.0
0.00146419473 2.70365072e-05 0.0
0.00144915329 3.71935203e-05 0.0
0.00143207319 4.38288298e-05 0.0
0.00139626919 4.28876119e-05 0.0
0.00138060679 3.5955356e-05 0.0
0.00136795372 2.52395566e-05 0.0
0.00135962514 1.01900878e-05 0.0
0.00135656702 -6.90588286e-06 0.0
0.00135893689 -2.45161209e-05 0.0
0.0013678869 -4.09887289e-05 0.0
0.0013822919 -5.36705375e-05 0.0
0.0013977621 -6.13935408e-05 0.0
0.00141515606 -6.6665445e-05 0.0
0.00142389024 -1.15541043e-05 0.0
0.00222456339 9.46792898e-06 0.0
0.0022387018 1.6430804e-05 0.0
0.00225001271 2.6534839e-05 0.0
0.00225771661 3.88529625e-05 0.0
0.00226158602 5.25979594e-05 0.0
0.0022599136 6.74287585e-05 0.0
0.00225320715 8.18705885e-05 0.0
0.0022434087 9.28574009e-05 0.0
0.00223201397 0.000103050952 0.0
0.00221924577 0.000110595996 0.0
0.0022043949 0.000116004645 0.0
0.00217074389 0.000116966352 0.0
0.00215528253 0.000111360809 0.0
0.00214305101 0.000102278245 0.0
0.0021345017 8.98458093e-05 0.0
0.00212965696 7.57703019e-05 0.0
0.00212887558 6.0894843e-05 0.0
0.00213455246 4.52276618e-05 0.0
0.00214551087 3.14890749e-05 0.0
0.00215938734 2.05611468e-05 0.0
0.00217481377 1.22329529e-05 0.0
0.00219155825 7.11554958e-06 0.0
0.00219762162 6.37004923e-05 0.0
0.0012033789 -0.000188121659 0.0
0.00122297846 -0.000179962663 0.0
0.00123917474 -0.000167216451 0.0
0.00125095283 -0.000151413653 0.0
0.00125773693 -0.000133240319 0.0
0.00125845673 -0.000113197078 0.0
0.00125308323 -9.23314292e-05 0.0
0.00124108966 -7.1781069e-05 0.0
0.00122367893 -5.45815856e-05 0.0
0.00120320485 -4.21183213e-05 0.0
0.00118132122 -3.47076493e-05 0.0
0.00113681785 -3.6166497e-05 0.0
0.00111730606 -4.48111314e-05 0.0
0.00110147847 -5.72073222e-05 0.0
0.00108948909 -7.3569965e-05 0.0
0.00108378776 -9.4242263e-05 0.0
0.00108453422 -0.000115742565 0.0
0.00109119504 -0.000136574774 0.0
0.00110315485 -0.000154465408 0.0
0.00111908012 -0.000169470324 0.0
0.00113816187 -0.000181746465 0.0
0.00115944073 -0.000189424143 0.0
0.00117050426 -0.000113575799 0.0
0.00168760307 8.27015901e-05 0.0
0.00170025672 8.83492175e-05 0.0
0.00171073363 9.65168219e-05 0.0
0.00171842636 0.000106570347 0.0
0.0017233101 0.000118197371 0.0
0.00172474002 0.000131323439 0.0
0.0017212081 0.000144995807 0.0
0.00171314995 0.000157950461 0.0
0.00170282461 0.000168163577 0.0
0.00169074629 0.000175714827 0.0
0.00167776365 0.000181881129 0.0
0.00166367018 0.000185448604 0.0
0.00163523154 0.000184378805 0.0
0.00162284076 0.000179638679 0.0
0.00161232799 0.000172002503 0.0
0.00160452398 0.000162128214 0.0
0.00160046888 0.000150662614 0.0
0.001599835 0.000138781077 0.0
0.00160306657 0.000127553052 0.0
0.00160926685 0.000116481075 0.0
0.00161771674 0.000104790866 0.0
0.00162920356 9.45210195e-05 0.0
0.00164304755 8.64613103e-05 0.0
0.00165819644 8.16930842e-05 0.0
0.00166067912 0.000135645125 0.0
0.00140756939 2.14119336e-05 0.0
0.00133360655 1.39629901e-05 0.0
0.000696426432 3.74261035e-05 0.0
0.000671834801 3.11639451e-05 0.0
0.000695009425 5.57151106e-05 0.0
0.000715814356 8.11666687e-05 0.0
0.000706653344 9.13204349e-05 0.0
0.00066849927 9.25089698e-05 0.0
0.000595298945 9.13206241e-05 0.0
0.000495484273 9.2840055e-05 0.0
0.000419943215 9.23101688e-05 0.0
0.000385672814 9.21605097e-05 0.0
0.000111087487 0.000102621831 0.0
6.34603493e-05 8.16924658e-05 0.0
4.03113736e-05 5.18243869e-05 0.0
2.44406601e-05 2.5899888e-05 0.0
5.56060986e-05 1.56892947e-05 0.0
0.000263474445 -0.000152264227 0.0
0.000349895068 -0.000146340259 0.0
0.000592479541 -0.000162531898 0.0
0.000696773524 -0.000106029314 0.0
0.000850032782 3.76518801e-05 0.0
0.000946115295 0.000111637826 0.0
0.000998630305 0.000115585623 0.0
0.00103932468 9.64072897e-05 0.0
0.00110134901 7.91060011e-05 0.0
0.00116132887 7.14506023e-05 0.0
0.00121974573 8.16919201e-05 0.0
0.00127597654 0.000102497201 0.0
0.00132891978 0.000112142676 0.0
0.00138486153 9.39247911e-05 0.0
0.00141664129 7.52379565e-05 0.0
0.00145029044 4.52021923e-05 0.0
0.00148684974 2.11873939e-05 0.0
0.0015326509 4.65046878e-06 0.0
0.00161176629 2.5899888e-05 0.0
0.00162763707 5.18243869e-05 0.0
0.00165078603 8.16924658e-05 0.0
0.00169841317 0.000102621831 0.0
0.00197299849 9.21605097e-05 0.0
0.00200726883 9.23101688e-05 0.0
0.00208280981 9.2840055e-05 0.0
0.00218262454 9.13206241e-05 0.0
0.00225582486 9.25089698e-05 0.0
0.00229397905 9.13204349e-05 0.0
0.00230314001 8.11666687e-05 0.0
0.00228233496 5.57151106e-05 0.0
0.00225916039 3.11639451e-05 0.0
0.00228375196 3.74261035e-05 0.0
0.00292093214 1.39629901e-05 0.0
0.00299489498 2.14119336e-05 0.0
0.00298231211 4.18175186e-05 0.0
0.00293651083 5.83544424e-05 0.0
0.00289995153 8.2369239e-05 0.0
0.00286630238 0.00011240501 0.0
0.00283452263 0.000131091845 0.0
0.00277858088 0.000149309722 0.0
0.00272563775 0.000139664247 0.0
0.00266940682 0.000118858967 0.0
0.00261099008 0.000108617649 0.0
0.00255101011 0.000116273048 0.0
0.00248898589 0.000133574344 0.0
0.00244829152 0.000152752677 0.0
0.00239577633 0.000148804873 0.0
0.00229969388 7.48189268e-05 0.0
0.00214643474 -6.88622604e-05 0.0
0.00204214081 -0.000125364852 0.0
0.00179955619 -0.000109173212 0.0
0.00171313563 -0.00011509718 0.0
0.00150526722 5.28563469e-05 0.0
0.00222612498 9.29186062e-05 0.0
0.00219128025 0.000107933694 0.0
0.00218907325 9.81287812e-05 0.0
0.00222882675 0.000102375176 0.0
0.00221847207 8.57123086e-05 0.0
0.00219833013 0.00011590762 0.0
0.00223088264 8.59242355e-05 0.0
0.0021866404 0.000115132811 0.0
0.00218195352 0.000106587628 0.0
0.00223636278 9.37843433e-05 0.0
0.0022310093 0.000109883695 0.0
0.00218740711 9.1508402e-05 0.0
0.00220341375 0.000122033576 0.0
0.00221315259 8.02625436e-05 0.0
0.00223907712 9.9138415e-05 0.0
0.00218085223 0.000112242822 0.0
0.00223599607 8.89836519e-05 0.0
0.00219041551 0.000120251483 0.0
0.00217986992 0.000100737387 0.0
0.00222677505 8.11338978e-05 0.0
0.00219872384 8.30541976e-05 0.0
0.00221843971 0.000120257464 0.0
0.00222463044 0.000116472133 0.0
0.00219317107 8.65852853e-05 0.0
0.00218182453 9.58849705e-05 0.0
0.00223734928 0.000104216306 0.0
0.00220491528 8.09627163e-05 0.0
0.00221173256 0.000121928642 0.0
0.00219586468 0.000122424419 0.0
0.0022209445 7.93722647e-05 0.0
0.00221928093 0.000100292462 0.0
0.00219778786 0.000100575882 0.0
0.00221503503 9.31433824e-05 0.0
0.00220177555 0.000108141605 0.0
0.000962462975 1.55314647e-05 0.0
0.00100017269 1.886666e-05 0.0
0.000989448046 -4.02503701e-06 0.0
0.000931584102 2.99744042e-05 0.0
0.00101663847 3.22464693e-05 0.0
0.000935548975 1.01925643e-05 0.0
0.000954069663 -2.5139027e-06 0.0
0.00100844726 -4.11646488e-06 0.0
0.000978940516 2.99616277e-05 0.0
0.00101897866 9.92554578e-06 0.0
0.000952568837 3.32059208e-05 0.0
0.000999085023 3.4231085e-05 0.0
0.000974360446 -1.42835206e-05 0.0
0.000983506208 1.20719424e-05 0.0
0.000990595552 -1.80082388e-05 0.0
0.00092048326 3.96747964e-05 0.0
0.000934854383 4.09941968e-05 0.0
0.00102691678 2.24452324e-05 0.0
0.000972801237 1.4142571e-06 0.0
0.000938762736 -2.27518899e-06 0.0
0.000923265936 2.00723007e-05 0.0
0.00102299789 4.07759544e-05 0.0
0.00102236506 -1.85293857e-06 0.0
0.00100855785 4.15932845e-05 0.0
0.00100207445 -1.55140697e-05 0.0
0.00094427634 2.09644713e-05 0.0
0.000999515993 6.63435185e-06 0.0
0.000917750236 3.04395362e-05 0.0
0.00102882553 3.22471424e-05 0.0
0.00101367128 2.1605556e-05 0.0
0.000960244681 -1.57850682e-05 0.0
0.000986016588 4.13048401e-05 0.0
0.00254029455 6.69712972e-05 0.0
0.0025676433 6.68870271e-05 0.0
0.00259301881 6.00668172e-05 0.0
0.00251720636 6.03975677e-05 0.0
0.00252604205 6.64266408e-05 0.0
0.00258205086 6.62498787e-05 0.0
0.00255330582 7.03271799e-05 0.0
0.00153553544 2.66455863e-05 0.0
0.00154578441 -2.47440548e-05 0.0
0.00150019431 -6.17214664e-06 0.0
0.0015712094 -5.77466271e-05 0.0
0.00155564921 6.2024541e-05 0.0
0.00152122963 5.60587687e-05 0.0
0.00149231986 2.11750921e-05 0.0
0.0015341168 -6.35012111e-05 0.0
0.00150521204 -3.40936822e-05 0.0
0.00157402537 -2.60729648e-05 0.0
0.00154704729 -1.84849637e-06 0.0
0.00156422262 3.58899342e-05 0.0
0.00149738416 4.62073222e-05 0.0
0.00159214472 -7.32164553e-05 0.0
0.00151863589 9.86422947e-06 0.0
0.00148715347 -2.2269347e-05 0.0
0.00155625562 -7.27559309e-05 0.0
0.0014805611 4.96218445e-06 0.0
0.00153548992 7.30898973e-05 0.0
0.00151513354 -5.49337674e-05 0.0
0.00159183703 -5.1215975e-05 0.0
0.00157101674 7.49355604e-05 0.0
0.00157719711 5.242099e-05 0.0
0.00152402627 -1.635013e-05 0.0
0.00154293294 4.66389793e-05 0.0
0.00157116144 1.13418646e-05 0.0
0.00155086722 -4.52329477e-05 0.0
0.00155311252 7.97738248e-05 0.0
0.00147903152 -9.27294604e-06 0.0
0.00151299383 3.19061946e-05 0.0
0.00157470931 -8.01504139e-05 0.0
0.00152865332 -4.04169186e-05 0.0
0.000179128561 -1.66389655e-05 0.0
0.000189122133 -4.34518297e-05 0.0
0.000185118974 -7.58887545e-05 0.0
0.000163333403 2.05032247e-05 0.0
0.00019839294 -2.82655674e-05 0.0
0.000177905167 -9.2595059e-05 0.0
0.00019716582 -6.28302369e-05 0.0
0.000174790242 -5.84137015e-05 0.0
0.000181231706 3.17812214e-06 0.0
0.00187239994 -0.000117837524 0.0
0.00187437434 -9.40021273e-05 0.0
0.00184296246 -0.000102705751 0.0
0.00184427865 -0.000122622412 0.0
0.00189070264 -0.000136534887 0.0
0.00185017544 -8.03633666e-05 0.0
0.00186475262 -0.000137024967 0.0
0.00188209477 -8.19140187e-05 0.0
0.00186814263 -7.17117873e-05 0.0
0.00188561867 -0.000106858286 0.0
0.00186373724 -0.000105625273 0.0
0.00183577766 -8.810078e-05 0.0
0.00182959635 -0.000107322136 0.0
0.0018937228 -0.000123757214 0.0
0.00184831605 -0.00013678582 0.0
0.00187923829 -0.000146104489 0.0
0.00189352606 -9.44567219e-05 0.0
0.00185506186 -9.31344548e-05 0.0
0.0019045372 -0.000138305099 0.0
0.00185282342 -0.000113682137 0.0
0.00185885024 -0.000126222338 0.0
0.00183028658 -0.000119147524 0.0
0.0018544991 -7.07760701e-05 0.0
0.00183708139 -7.74793953e-05 0.0
0.00182699703 -9.69748871e-05 0.0
0.00188033003 -6.98858712e-05 0.0
0.00189673528 -0.000145559126 0.0
0.00183467532 -0.000128317493 0.0
0.00187665015 -0.000131738299 0.0
0.00184377225 -7.15187562e-05 0.0
0.00186205609 -0.000146157312 0.0
0.00189170067 -7.40023897e-05 0.0
0.00184055371 -0.000112531256 0.0
0.00186405401 -8.20352798e-05 0.0
0.000467618025 -0.000132986257 0.0
0.000472344283 -0.000153408619 0.0
0.000465598365 -0.000125822626 0.0
0.000473723718 -0.000160615149 0.0
0.00160573365 7.36298534e-05 0.0
0.00153746339 0.000104808096 0.0
0.00151622982 8.45504546e-05 0.0
0.00160116469 4.5045188e-05 0.0
0.00157783099 2.86162594e-05 0.0
0.00151832739 5.78422587e-05 0.0
0.00161147537 9.577538e-05 0.0
0.00155251834 0.000125345192 0.0
0.00162197871 5.90979835e-05 0.0
0.00151323644 0.000109065833 0.0
0.00157619605 5.30926372e-05 0.0
0.0015807118 0.000125819439 0.0
0.00155087572 2.61234454e-05 0.0
0.00153272972 0.000129122389 0.0
0.00161004451 0.000111177069 0.0
0.00162588572 8.59846041e-05 0.0
0.00159978599 2.59126373e-05 0.0
0.00150115089 7.13513436e-05 0.0
0.00152019807 4.01620055e-05 0.0
0.00162048463 4.18499694e-05 0.0
0.00150009349 9.75754956e-05 0.0
0.00153900241 6.96300194e-05 0.0
0.00161263568 3.17377089e-05 0.0
0.0015180473 0.000123025617 0.0
0.00162994082 7.17613584e-05 0.0
0.00149721396 8.54660539e-05 0.0
0.00159641227 0.000121450888 0.0
0.00153487094 2.96634662e-05 0.0
0.0015656777 0.00013607007 0.0
0.00156544941 1.67393009e-05 0.0
0.0026538102 0.000106089166 0.0
0.00269987271 7.13555346e-05 0.0
0.00261891726 7.0935479e-05 0.0
0.00270112604 0.000114663584 0.0
0.00260458281 0.000112463014 0.0
0.00265605096 0.000146045786 0.0
0.00266003585 6.47221823e-05 0.0
0.00262281206 0.000139879019 0.0
0.00272682216 9.12940159e-05 0.0
0.00258875079 9.11412062e-05 0.0
0.00268822699 0.000145837912 0.0
0.00271442719 4.44490179e-05 0.0
0.00261289324 4.63973483e-05 0.0
0.00268409704 4.64184632e-05 0.0
0.00264186179 4.70317209e-05 0.0
0.00259357574 0.000136220959 0.0
0.00268135918 9.47285298e-05 0.0
0.00272768247 6.61169106e-05 0.0
0.00267190044 0.000121956989 0.0
0.00263687037 0.000162006851 0.0
0.00259582186 6.6975299e-05 0.0
0.00263067172 9.35839489e-05 0.0
0.00263255672 0.000115278825 0.0
0.00272588828 0.000126774859 0.0
0.00257860147 0.000108891072 0.0
0.00267085154 0.000161956617 0.0
0.00273415982 0.000108746746 0.0
0.00271126069 0.000141945042 0.0
0.00260258513 0.00015313855 0.0
0.00261692284 0.000161999356 0.0
0.00267679361 7.42877019e-05 0.0
0.00264060404 7.39565439e-05 0.0
0.00270434702 8.93721663e-05 0.0
0.0026631935 4.53146677e-05 0.0
0.00265029236 0.000124979619 0.0
0.0026098981 8.72313976e-05 0.0
0.0026531925 0.000169126608 0.0
0.00274053006 7.71956984e-05 0.0
0.00258108322 7.62133714e-05 0.0
0.00265710894 8.45303293e-05 0.0
0.00258031907 0.000125346152 0.0
0.00109845132 1.35652981e-05 0.0
0.00106330542 1.41019073e-05 0.0
0.00111016666 1.36086064e-05 0.0
0.00105157634 1.45104714e-05 0.0
0.00135711208 -7.00181117e-05 0.0
0.00137562735 -2.57613647e-05 0.0
0.00144613069 -0.000107958193 0.0
0.00146708498 -6.5238055e-05 0.0
0.00147626468 -9.44224885e-05 0.0
0.00146900315 -3.78115146e-05 0.0
0.00139501574 -3.7830423e-06 0.0
0.001345861 -3.90539244e-05 0.0
0.00135418354 -9.94543734e-05 0.0
0.00142752659 -0.000130537228 0.0
0.00132774003 -6.83755788e-05 0.0
0.00146578462 -0.000127230742 0.0
0.00149375305 -6.60382211e-05 0.0
0.00135580939 -6.36468167e-06 0.0
0.00137627707 -0.000124683851 0.0
0.00140081998 -0.000135093636 0.0
0.00144690997 -1.34828006e-05 0.0
0.00142254855 -5.25493874e-07 0.0
0.00149366702 -8.33165977e-05 0.0
0.00148927618 -5.02567163e-05 0.0
0.00133237382 -8.60188084e-05 0.0
0.00132764073 -5.03586052e-05 0.0
0.00144987123 -0.000136199145 0.0
0.00147937029 -0.000114657727 0.0
0.00137207226 1.88719616e-06 0.0
0.00134201453 -1.87584355e-05 0.0
0.00135495956 -0.000120482029 0.0
0.00146785064 -1.85785648e-05 0.0
0.0014396467 -7.84426302e-05 0.0
0.00138450298 -5.48126627e-05 0.0
0.00237255287 9.92024361e-05 0.0
0.00235229568 0.000155702553 0.0
0.00234415336 9.80450786e-05 0.0
0.00238048565 0.000156863985 0.0
0.002396608 9.98457181e-05 0.0
0.0023279977 0.000155167669 0.0
0.00236096 0.000168730563 0.0
0.00236394093 8.53097954e-05 0.0
0.00240770727 0.000117940159 0.0
0.00231635012 0.000138187912 0.0
0.00239852443 0.000152633816 0.0
0.00232560537 0.000102842219 0.0
0.00234310771 0.000140843738 0.0
0.00238149986 0.000114796887 0.0
0.0023906217 8.69603682e-05 0.0
0.00233427971 0.000167302249 0.0
0.00237868098 8.15491512e-05 0.0
0.00234633521 0.000172336091 0.0
0.00235024747 8.31597572e-05 0.0
0.00237444718 0.000170636908 0.0
0.00231498946 0.000115320297 0.0
0.00231023738 0.000127085514 0.0
0.00240855431 0.000141309822 0.0
0.00241343211 0.000129768829 0.0
0.00241155899 0.000103964339 0.0
0.00231281575 0.000151323678 0.0
0.0023565446 0.000111824949 0.0
0.00236820756 0.000143642668 0.0
0.00122246344 -1.91323306e-06 0.0
0.00118862302 -7.14941198e-05 0.0
0.0011508785 -6.36400873e-05 0.0
0.00119426963 2.18916557e-05 0.0
0.00112788472 -3.70244998e-05 0.0
0.00115976529 2.24200539e-05 0.0
0.0012516327 -2.18496734e-05 0.0
0.00121968694 -8.05753298e-05 0.0
0.00117052544 -8.71142183e-05 0.0
0.00122588582 2.16931257e-05 0.0
0.00115995377 -3.86358624e-05 0.0
0.00125716568 -5.08581616e-05 0.0
0.00112276641 -7.91209368e-06 0.0
0.00125555077 -2.46770327e-07 0.0
0.00120733574 -9.53499548e-05 0.0
0.00124125043 -8.1117214e-05 0.0
0.00112610473 -6.03304034e-05 0.0
0.00117533968 3.77650504e-05 0.0
0.00113830343 2.25227559e-05 0.0
0.00120892026 3.57961144e-05 0.0
0.00114834146 -8.33641679e-05 0.0
0.00113489735 -7.4327254e-05 0.0
0.00124527444 1.57371742e-05 0.0
0.00119259383 4.04971615e-05 0.0
0.00118798576 -9.76173105e-05 0.0
0.00117794995 1.90616888e-07 0.0
0.00125352759 -6.74645926e-05 0.0
0.00112624187 8.72429973e-06 0.0
0.00126882177 -3.64034095e-05 0.0
0.00111111917 -2.24637079e-05 0.0
0.0012249354 -2.63104848e-05 0.0
0.000361016457 -2.52202972e-05 0.0
0.000275108934 8.28512566e-05 0.0
0.000413180591 -5.97863436e-06 0.0
0.000319270126 -4.15273207e-05 0.0
0.000255090272 4.80469025e-05 0.0
0.000430264539 2.99619023e-05 0.0
0.000328789058 5.78184627e-05 0.0
0.000403564132 -4.55886038e-05 0.0
0.000359444064 -6.16441539e-05 0.0
0.000396247138 9.18152873e-05 0.0
0.000276220555 -3.17287158e-05 0.0
0.000249796401 1.15004013e-05 0.0
0.000354893971 9.0267924e-05 0.0
0.000292834477 5.81380518e-05 0.0
0.000311696989 8.84633191e-05 0.0
0.000429195556 -3.59266342e-05 0.0
0.000384280051 -6.12977747e-05 0.0
0.000334331038 -7.19777163e-05 0.0
0.000248665281 7.48880557e-05 0.0
0.000423328398 6.4111242e-05 0.0
0.000442405348 -1.80281786e-05 0.0
0.000446496619 4.93584321e-06 0.0
0.000310421165 -6.80468438e-05 0.0
0.000290381286 -5.59061045e-05 0.0
0.000363657455 5.22489927e-06 0.0
0.000234594729 3.07785776e-05 0.0
0.000255000719 -1.28616548e-05 0.0
0.0019408518 0.000130210348 0.0
0.00189433806 0.00012917172 0.0
0.0019510868 0.000132663801 0.0
0.00188372482 0.000131112902 0.0
0.00197345554 0.000127565552 0.0
0.00186260953 0.000124945014 0.0
0.000773079577 5.06557917e-05 0.0
0.000785279204 -6.33216187e-05 0.0
0.000718801632 2.97641745e-05 0.0
0.000830380362 -5.03937481e-05 0.0
0.000744916499 -7.73039646e-05 0.0
0.000813568535 5.38467248e-05 0.0
0.000732101616 6.65063562e-05 0.0
0.000688928121 4.05026822e-06 0.0
0.000853329955 -1.55334001e-05 0.0
0.000813034421 -8.14761443e-05 0.0
0.000774062064 8.55237231e-05 0.0
0.000711556058 -5.96555328e-05 0.0
0.000687708496 5.0733448e-05 0.0
0.000767438032 -9.45932843e-05 0.0
0.000841239875 4.80314229e-05 0.0
0.000840795168 -7.53221757e-05 0.0
0.000856390339 -6.16141187e-05 0.0
0.000863956346 -4.19682692e-05 0.0
0.000793315994 -9.66939988e-05 0.0
0.000748739345 8.62081652e-05 0.0
0.000799273083 7.99085101e-05 0.0
0.000754651148 -4.39010364e-05 0.0
0.000675951305 3.00382399e-05 0.0
0.000703985861 6.80702069e-05 0.0
0.000675773656 -1.85748158e-05 0.0
0.000865697861 5.28190094e-06 0.0
0.000857138191 2.72942016e-05 0.0
0.000686525309 -4.11914334e-05 0.0
0.000803492614 -2.73492715e-05 0.0
0.000717863324 -8.07886827e-05 0.0
0.000586515234 -0.000159028321 0.0
0.000591616728 -5.11965845e-05 0.0
0.000642183819 -4.91033315e-05 0.0
0.000638427504 -0.000165351303 0.0
0.000678259705 -7.43675046e-05 0.0
0.000543891045 -0.000152001521 0.0
0.000546166615 -4.72153406e-05 0.0
0.000601873209 -0.000186713689 0.0
0.000608433969 -2.26784741e-05 0.0
0.00067716348 -0.000151841261 0.0
0.000520756876 -0.000117891912 0.0
0.000554032624 -0.000176133268 0.0
0.000569252763 -0.000127861204 0.0
0.000518011977 -7.55445653e-05 0.0
0.000559531851 -2.29755642e-05 0.0
0.000700778211 -9.13258264e-05 0.0
0.000674994546 -4.69669067e-05 0.0
0.000631285599 -0.00019402623 0.0
0.00065314892 -0.000189927116 0.0
0.000671423215 -0.000177454393 0.0
0.00063811196 -2.12791292e-05 0.0
0.000641909777 -8.49052303e-05 0.0
0.000576088205 -0.000189758721 0.0
0.000582679408 -1.36338595e-05 0.0
0.000658612174 -3.04525984e-05 0.0
0.000704011705 -0.00011652166 0.0
0.000700908946 -0.000139112919 0.0
0.000516945904 -0.000142004021 0.0
0.000614935649 -0.000138132076 0.0
0.000517746783 -5.0936429e-05 0.0
0.000506059558 -9.60956313e-05 0.0
0.00139894558 9.57805787e-06 0.0
0.00143304653 -4.00136887e-05 0.0
0.00145696243 -2.70902983e-05 0.0
0.00142356241 2.09850368e-05 0.0
0.0014120132 -4.74443077e-05 0.0
0.00138090248 -2.97885822e-06 0.0
0.0014684014 -8.58256044e-06 0.0
0.00139758771 2.65428589e-05 0.0
0.00144944224 -4.83986332e-05 0.0
0.00144783722 2.04148146e-05 0.0
0.0013724115 -1.56278857e-05 0.0
0.0013762716 1.15378452e-05 0.0
0.00139608665 -4.81677671e-05 0.0
0.00142392237 -5.65497685e-05 0.0
0.00143853074 -5.65242663e-05 0.0
0.00138346606 2.2858374e-05 0.0
0.00141090644 3.41767663e-05 0.0
0.00142369419 3.52262432e-05 0.0
0.00143611466 3.14835888e-05 0.0
0.00146438554 -4.2369873e-05 0.0
0.00147234229 -3.3688495e-05 0.0
0.00147499004 -2.28996741e-05 0.0
0.0013763617 -2.96192302e-05 0.0
0.001384111 -3.98765224e-05 0.0
0.00147054461 4.78437096e-06 0.0
0.00146252674 1.60954787e-05 0.0
0.00140088203 -8.52415724e-06 0.0
0.00141602813 -3.06551119e-05 0.0
0.00216501928 7.32002954e-05 0.0
0.00223058113 6.19901839e-05 0.0
0.0021743977 4.41706652e-05 0.0
0.0022256251 8.38233173e-05 0.0
0.00216516666 9.25103304e-05 0.0
0.00223651575 4.13976995e-05 0.0
0.00215309975 5.61573252e-05 0.0
0.00218746997 2.67125979e-05 0.0
0.00220766617 9.86629675e-05 0.0
0.00224174117 7.20585449e-05 0.0
0.00214395602 7.9388119e-05 0.0
0.00222463347 2.84719317e-05 0.0
0.00216040667 3.25229375e-05 0.0
0.00224744994 4.92018153e-05 0.0
0.00216988614 0.000104200837 0.0
0.00223926664 8.49164353e-05 0.0
0.00223249663 9.30469178e-05 0.0
0.00222251564 9.90545668e-05 0.0
0.0022497233 6.08039663e-05 0.0
0.0021416489 6.76142954e-05 0.0
0.00214900775 9.0305919e-05 0.0
0.00221818336 5.06263459e-05 0.0
0.00217213389 2.43357681e-05 0.0
0.00215049344 4.26276274e-05 0.0
0.00219631311 0.000107319247 0.0
0.00219944282 1.75766563e-05 0.0
0.00221271184 1.9461515e-05 0.0
0.00218280638 0.000107558917 0.0
0.00221160101 7.51997795e-05 0.0
0.00223706383 2.84288908e-05 0.0
0.0012105389 -0.000135980983 0.0
0.0011584122 -7.4394171e-05 0.0
0.00116822275 -0.000154247813 0.0
0.00112551393 -8.19928973e-05 0.0
0.00111192092 -0.000107761269 0.0
0.00122959295 -0.000120071156 0.0
0.00118668377 -6.14535893e-05 0.0
0.00119980588 -0.000161922697 0.0
0.00114100496 -0.000157225077 0.0
0.00113803556 -5.87534705e-05 0.0
0.00123238668 -0.000151241416 0.0
0.00117014057 -0.000177094829 0.0
0.00121098943 -7.38589006e-05 0.0
0.00117004605 -4.9012986e-05 0.0
0.00123891071 -0.000104786108 0.0
0.00110372528 -0.000123700011 0.0
0.00110375416 -8.73032477e-05 0.0
0.0011181616 -6.31488801e-05 0.0
0.00115152728 -4.77160211e-05 0.0
0.00110779889 -7.25414284e-05 0.0
0.00123999326 -0.000137611787 0.0
0.00122088904 -0.000163607474 0.0
0.00118892721 -0.000176968417 0.0
0.0011523799 -0.000173446271 0.0
0.00123002415 -8.77747298e-05 0.0
0.00111036352 -0.000140232645 0.0
0.00112099468 -0.000154039168 0.0
0.00113869389 -0.000106071951 0.0
0.00118191354 -8.61149165e-05 0.0
0.00120599056 -5.85275338e-05 0.0
0.00118730788 -0.000141533426 0.0
0.00167022925 0.000106499385 0.0
0.00169451872 0.000123914506 0.0
0.00162836572 0.00014619602 0.0
0.00165166322 0.000164193203 0.0
0.00170357514 0.000138673859 0.0
0.00169212115 0.00010567523 0.0
0.0016307286 0.000163762204 0.0
0.00166895252 0.000170882151 0.0
0.00165299256 9.97935203e-05 0.0
0.00161847647 0.000132741188 0.0
0.00167693174 9.08685615e-05 0.0
0.00161206769 0.000152776585 0.0
0.00171103503 0.000116376315 0.0
0.00164548447 0.000177557551 0.0
0.00162439642 0.000116376694 0.0
0.00163583586 0.000104827479 0.0
0.00169680105 0.000156561829 0.0
0.00168572715 0.000167184044 0.0
0.00171314483 0.000126519386 0.0
0.00170585327 0.000107000422 0.0
0.00163418113 0.000174579007 0.0
0.00165723241 0.000178068614 0.0
0.00168854604 9.39551828e-05 0.0
0.00166496413 9.04717963e-05 0.0
0.00160994136 0.000143318757 0.0
0.00161708007 0.000161875621 0.0
0.00170858053 0.00014968068 0.0
0.00161373813 0.000123252088 0.0
0.00167434546 0.000123584105 0.0
0.00164850033 0.000147985891 0.0
0.00179096556 -2.87970233e-05 0.0
0.00127858063 9.60403922e-05 0.0
0.00200635451 1.03420853e-05 0.0
0.000958142686 -5.9560618e-05 0.0
0.00148250372 -9.40188329e-05 0.0
0.00180592411 1.08526201e-05 0.0
0.00173231808 -0.000117018026 0.0
0.000772940984 -8.82561362e-05 0.0
0.00232630246 3.71941678e-05 0.0
0.00138536294 0.000124601749 0.0
0.00181991048 0.000135037277 0.0
0.00109244534 -2.24525811e-05 0.0
0.00182728667 6.55838521e-05 0.0
0.00106018735 -0.000160167197 0.0
0.00193845003 5.16710097e-05 0.0
0.00128781586 9.96318777e-05 0.0
0.00202716654 2.71130775e-05 0.0
0.000682843325 -7.41195763e-05 0.0
0.000829193334 -3.58509897e-05 0.0
0.00120313 6.16830876e-05 0.0
0.00133163633 -2.45110441e-05 0.0
0.00156017847 4.86686668e-06 0.0
0.00159575709 -8.40850189e-05 0.0
0.00142293749 0.000112240676 0.0
0.00237097521 0.00010015662 0.0
0.00119884277 8.74357829e-06 0.0
0.00109450961 9.58487508e-05 0.0
0.00211780192 9.9006058e-05 0.0
0.00128336495 -1.32979649e-05 0.0
0.000747907499 -0.0001202606 0.0
0.000890392868 -8.79355866e-05 0.0
0.000622136751 -9.114165e-05 0.0
0.00204013987 2.1371352e-05 0.0
0.00092593662 -8.73346144e-05 0.0
0.00185281131 1.19892957e-05 0.0
0.00120258215 -3.50587397e-05 0.0
0.000724284328 -4.51246451e-05 0.0
0.00186758745 -0.000117181204 0.0
0.00201222231 1.8274075e-05 0.0
0.00139454065 -0.000133832 0.0
0.0017850888 0.00010183097 0.0
0.00140500325 -0.000105106803 0.0
0.00188387372 -4.97111469e-05 0.0
0.000394423434 -0.000149963584 0.0
0.00164187304 -2.23327825e-05 0.0
0.00148975721 0.000122636629 0.0
0.00056626735 -0.000122416866 0.0
0.00213434268 3.75643358e-05 0.0
0.000807431526 -4.42669625e-05 0.0
0.00100945588 -1.80757906e-05 0.0
0.00166053616 -0.000130484696 0.0
0.00111486693 1.33311814e-05 0.0
0.00116705708 0.000102822734 0.0
0.00165623962 0.000149181622 0.0
0.00141119771 0.000144000107 0.0
0.000108107924 5.02998009e-05 0.0
0.00131262909 -5.04421223e-06 0.0
0.00106580253 -7.19313466e-05 0.0
0.00131965987 0.000100771395 0.0
0.00191269757 6.92241374e-05 0.0
0.00105702225 -7.72679996e-05 0.0
0.000902897271 5.61285788e-06 0.0
0.00102364307 -0.000155369577 0.0
0.00100510416 -0.000170328523 0.0
0.00179632695 7.860599e-05 0.0
0.00114961271 5.06370343e-05 0.0
0.000795770204 -1.54510144e-05 0.0
0.000332799711 -0.000126879808 0.0
0.00261621037 0.000109776367 0.0
0.00199607387 4.0331026e-05 0.0
0.000482489879 -0.000137555777 0.0
0.00146575668 -0.000109481203 0.0
0.00181099121 4.45191181e-05 0.0
0.00142941077 0.000110172405 0.0
0.00117372652 -4.31958724e-05 0.0
0.00171942019 8.44500682e-05 0.0
0.00127637375 4.84879747e-05 0.0
0.0021289296 0.000106756634 0.0
0.00126715656 -3.54780932e-05 0.0
0.00155716389 -0.000108920118 0.0
0.00208292645 7.8536752e-05 0.0
0.00186636415 4.44490615e-06 0.0
0.000515904336 8.95944759e-05 0.0
0.00190775923 0.000143188445 0.0
0.00065826776 -0.000104155377 0.0
0.00241287751 0.00012127115 0.0
0.00163088727 2.15948057e-05 0.0
0.0012481648 8.12834478e-05 0.0
0.00248912279 6.00555213e-05 0.0
0.00237838784 0.000118733558 0.0
0.000681781385 -0.000131387525 0.0
0.00183660793 2.24909691e-05 0.0
0.000348249945 -2.53290636e-05 0.0
0.00196509296 1.3290336e-05 0.0
0.000881245127 -2.87555031e-05 0.0
0.00171622657 2.71466288e-05 0.0
0.00143360603 -5.49481592e-06 0.0
0.00170048478 -7.90124323e-05 0.0
0.00130773638 9.68574532e-05 0.0
0.00211749971 8.08279437e-05 0.0
0.0009425233 -0.000163749151 0.0
0.000911939889 -6.17651094e-05 0.0
0.00234475965 4.83732583e-05 0.0
0.00112592184 -0.000139854426 0.0
0.00112105382 5.44264949e-05 0.0
0.00240351725 6.15322788e-05 0.0
0.00116300175 -5.47593081e-05 0.0
0.00146598287 0.000147725383 0.0
0.00218270975 0.000129179898 0.0
0.00177469279 8.38275009e-05 0.0
0.00133383158 0.000105133862 0.0
0.00163751212 -4.65999656e-05 0.0
0.00137550989 -2.39913352e-05 0.0
0.00132257515 2.31351969e-05 0.0
0.00119158742 1.37097841e-05 0.0
0.00210488285 -6.05065215e-05 0.0
0.000807782752 -5.70270277e-05 0.0
0.00204671035 4.38671959e-05 0.0
0.00235687429 3.46491215e-05 0.0
0.00228866655 0.000104008875 0.0
0.00104339921 -1.86593184e-06 0.0
0.000594003301 -7.1307586e-05 0.0
0.00123433059 -4.20159085e-05 0.0
0.00164544128 -4.90923594e-05 0.0
0.00186972274 6.10052084e-05 0.0
0.00164541777 0.000116571013 0.0
0.00142141967 -6.38298588e-05 0.0
0.00191254367 -0.000101628051 0.0
0.00207100646 2.98273953e-05 0.0
0.00235605822 3.84580526e-05 0.0
0.00132256153 -2.19857229e-05 0.0
0.00192527345 -1.15191351e-05 0.0
0.00136063027 -0.000148163163 0.0
0.00206099264 6.70727168e-05 0.0
0.00093225512 -6.4001506e-05 0.0
0.00167004846 1.01672231e-05 0.0
0.00208850019 4.95712593e-05 0.0
0.000772942789 -3.67797547e-05 0.0
0.00179970276 7.38980743e-05 0.0
0.0017930168 -0.000137654963 0.0
0.00122552773 9.04056069e-05 0.0
0.00149583537 0.000116965057 0.0
0.00203962205 9.59069512e-05 0.0
0.000748257968 -3.54904078e-05 0.0
0.00120163301 9.9488374e-05 0.0
0.000649182592 -0.000101204845 0.0
0.000546764699 -0.000103220191 0.0
0.00154813542 0.000123809485 0.0
0.00142344367 0.000112216316 0.0
0.000857860607 -9.8627148e-05 0.0
0.00170219631 7.46364531e-05 0.0
0.000783760916 -7.31039763e-05 0.0
0.00138152612 0.000117129639 0.0
0.0022118215 5.7972451e-05 0.0
0.000607530936 -0.000110001762 0.0
0.00160643563 0.000126842831 0.0
0.000681516249 -8.11272112e-05 0.0
0.00117039017 -3.60550848e-06 0.0
0.000352070027 -9.338378e-05 0.0
0.000670176174 -5.75810009e-05 0.0
0.00173919648 -0.000111594498 0.0
0.00134347787 -0.000133607653 0.0
0.00113132328 -5.89052943e-05 0.0
0.00150279887 -5.3580301e-05 0.0
0.00158124557 2.77672825e-05 0.0
0.00152465445 2.8959339e-05 0.0
0.0026949225 0.000137592317 0.0
0.000959016732 -8.32390469e-06 0.0
0.00244706566 0.0001409135 0.0
0.00244625215 0.000130511631 0.0
0.000850412354 -0.000120415352 0.0
0.000441304495 9.57107477e-05 0.0
0.00237860903 0.000121717429 0.0
0.00124687608 7.64500437e-05 0.0
0.00147368165 -0.000111841204 0.0
0.00116065703 -6.40458748e-05 0.0
0.00196555769 8.61905846e-06 0.0
0.00174094492 6.18121485e-05 0.0
0.00184800068 -9.53943527e-05 0.0
0.000322819513 -0.000150752807 0.0
0.00112782477 2.08366018e-05 0.0
0.00137182069 3.61979837e-05 0.0
0.00166801782 5.02534988e-07 0.0
7.02528487e-05 3.3130731e-05 0.0
0.00168946653 -0.00012575039 0.0
0.000352246396 -4.64314908e-05 0.0
0.0014584061 3.17370759e-05 0.0
0.00245315675 9.1659902e-05 0.0
0.00256818603 9.22327745e-05 0.0
0.00124313624 -3.78823715e-05 0.0
0.00106840767 0.000107917076 0.0
0.0016854424 -9.93067661e-05 0.0
0.00174281397 8.76252088e-05 0.0
0.000824491377 3.68077708e-05 0.0
0.00210619252 2.01488456e-05 0.0
0.00219420902 0.000140685035 0.0
0.00229896582 0.000107460299 0.0
0.00174037786 0.000165887104 0.0
0.00115959242 7.00410819e-05 0.0
0.000997163239 -4.52883833e-05 0.0
0.00152178481 -8.89056319e-05 0.0
0.00106907287 -4.76350397e-05 0.0
0.00132222846 0.000108161243 0.0
0.00132964307 -5.26400981e-05 0.0
0.0010371661 3.15208308e-05 0.0
0.00197438383 -3.33877033e-05 0.0
0.00119876524 -1.92917742e-05 0.0
0.00126271113 2.19497451e-05 0.0
0.00122057914 -5.32597915e-05 0.0
0.000659533835 -0.000143849626 0.0
0.00206980645 -4.56798916e-05 0.0
0.000997368945 0.000103589176 0.0
0.00134226226 -8.96014608e-05 0.0
0.0014348462 0.000147416591 0.0
0.00131476321 5.98551815e-05 0.0
0.0020901328 0.000106189327 0.0
0.00197488302 -1.06197376e-06 0.0
0.000764655473 -0.000106447325 0.0
0.000847226474 -7.80094997e-05 0.0
0.00123513653 6.8874142e-05 0.0
0.00073905196 -7.13851041e-05 0.0
0.000553040765 5.83756482e-05 0.0
0.00141395233 -0.000126388855 0.0
0.001136926 3.65517917e-05 0.0
0.00259674829 0.00011211454 0.0
0.00130437454 6.28787602e-05 0.0
0.00142839144 0.00012731427 0.0
0.000101467573 7.5143158e-05 0.0
0.00057671254 -3.45757944e-05 0.0
0.00291227247 2.71195913e-05 0.0
0.00134286971 -2.85782316e-05 0.0
0.00216639298 0.000112466165 0.0
0.00204372127 6.27062036e-05 0.0
0.00182864384 4.56187408e-05 0.0
0.00146911456 -7.06770061e-06 0.0
0.00152739242 -0.000119452212 0.0
0.000970820955 -8.42336303e-05 0.0
0.00209426112 1.59077154e-05 0.0
0.00100501266 -0.000123165562 0.0
0.000145939106 3.80900201e-05 0.0
0.00136261678 -0.000103125552 0.0
0.00132083765 -8.45522209e-06 0.0
0.00148293807 0.000115928378 0.0
0.00132121774 6.07361362e-05 0.0
0.000425280392 -0.000128805492 0.0
0.00130030792 2.40583249e-05 0.0
0.00168981194 -5.95275924e-05 0.0
0.00126790826 0.000102469305 0.0
0.00207687519 7.0690221e-05 0.0
0.000255983119 -0.000133767389 0.0
0.0023243688 9.70901383e-05 0.0
0.00101922022 -7.32685658e-05 0.0
0.00134661421 0.000107377113 0.0
0.00167072844 8.8560766e-05 0.0
0.00166329334 -6.52104354e-05 0.0
0.00109638216 -0.00015782511 0.0
0.00215093652 0.000117090538 0.0
0.00199160539 0.000106146465 0.0
0.00031619065 -7.11797911e-05 0.0
0.00104702695 -9.56785516e-05 0.0
0.0024718591 0.000122185651 0.0
0.000468161947 -3.26603113e-05 0.0
0.00114383386 9.42053448e-05 0.0
0.00254002726 6.62304228e-05 0.0
0.00215785997 8.41827205e-05 0.0
0.00191596115 0.000150196938 0.0
0.00194770901 -6.80367521e-05 0.0
0.000746697304 -3.87848959e-05 0.0
0.000538392633 -8.33145532e-05 0.0
0.000952687755 -0.000161139455 0.0
0.00136140618 2.73109549e-07 0.0
0.00207705796 -1.77728871e-05 0.0
0.00193523092 7.43519704e-05 0.0
0.00176136231 -5.40416249e-06 0.0
0.000564534916 9.2666327e-05 0.0
0.00242249062 0.000153991088 0.0
0.00173177419 -7.57204107e-05 0.0
0.00166581373 -6.76216769e-06 0.0
0.00163935486 -0.000102048187 0.0
0.00154644949 4.89308586e-05 0.0
0.000866390648 -1.72287037e-05 0.0
0.000482698146 -5.45779221e-05 0.0
0.00142959272 -1.52016582e-05 0.0
0.0018888656 6.95145427e-05 0.0
0.00208447711 5.34828396e-05 0.0
0.00142616278 -0.00012308624 0.0
0.00106416398 4.58298309e-05 0.0
0.00093954202 -0.000183650103 0.0
0.00132438168 -3.20840554e-05 0.0
0.000897415157 -0.000100382269 0.0
0.00242225872 5.01919676e-05 0.0
0.00245466293 4.46233607e-05 0.0
0.000808748999 -8.8508267e-07 0.0
0.00153828959 1.83403918e-05 0.0
0.000128018553 9.25951317e-05 0.0
0.00177888735 5.90009904e-06 0.0
0.000278132851 -4.21393379e-05 0.0
0.0019869071 3.92664479e-05 0.0
0.0019223846 6.20252104e-05 0.0
0.00184510718 -0.000136058501 0.0
0.0020325731 3.25134351e-05 0.0
0.00179876736 8.03992225e-05 0.0
0.00226922706 7.38273593e-05 0.0
0.00216954504 6.77333446e-05 0.0
0.00166007038 -8.92943062e-05 0.0
0.00202187197 5.65929004e-05 0.0
0.000528981211 -0.000137273135 0.0
0.00120845414 3.26197073e-06 0.0
0.000841989357 -8.48915151e-05 0.0
0.00222654082 0.000128947533 0.0
0.00244130916 0.000123324775 0.0
0.00274827052 0.000146799706 0.0
0.00113575603 -0.000107912107 0.0
0.00157769606 1.73132485e-05 0.0
0.000609604351 -0.000135439928 0.0
0.000409139437 -0.0001390322 0.0
0.00139423914 -5.20670255e-05 0.0
0.00164356094 -0.000121725039 0.0
0.000514926156 -0.000125063467 0.0
0.0012890771 1.49818052e-05 0.0
0.00105307752 -3.37195597e-05 0.0
0.00182507304 7.20547032e-05 0.0
0.000445906626 -0.000145251615 0.0
0.00223421562 5.23075942e-05 0.0
0.00146611338 -2.09161226e-05 0.0
0.00113492762 1.3117573e-05 0.0
0.00190610474 9.45748434e-06 0.0
0.0019947486 7.4863754e-05 0.0
0.00055658241 -3.70053016e-07 0.0
0.00201855856 -0.000121534271 0.0
0.00131191628 -0.000121705649 0.0
0.00156259001 -5.76614257e-05 0.0
0.00193000224 -5.52629317e-05 0.0
0.00146270113 6.59126308e-05 0.0
0.00098582427 -1.23656237e-05 0.0
0.000889025396 -3.38321224e-05 0.0
0.000438503019 -1.57768482e-05 0.0
0.00117706216 -8.75238311e-06 0.0
0.000721009565 -6.80965823e-05 0.0
0.00206400873 5.3244552e-05 0.0
0.000646765053 -7.72616258e-05 0.0
0.00175964774 -0.000139311276 0.0
0.0014410998 8.78761566e-05 0.0
0.00133267289 -0.000142936289 0.0
0.00236681919 0.000139751442 0.0
0.00224857777 9.19262238e-05 0.0
0.00075454294 4.94614542e-05 0.0
0.00179461541 -0.000124952712 0.0
0.00093249057 -4.80283416e-05 0.0
0.00177878793 -9.1474998e-05 0.0
0.000770934275 -3.2568958e-05 0.0
0.000909171067 -4.32500747e-05 0.0
0.00121228385 8.85726331e-05 0.0
0.00145923125 5.95040146e-05 0.0
0.00153910276 0.000133498848 0.0
0.00166196027 -0.000117011987 0.0
0.000433875597 -7.27035731e-05 0.0
0.00244301464 0.000135075708 0.0
0.00181387877 -4.81965762e-05 0.0
0.00182890357 0.000114419214 0.0
0.000548677053 -0.000116695453 0.0
0.00232081977 9.45125576e-05 0.0
0.00246671773 0.000117482406 0.0
0.00247778068 5.22033079e-05 0.0
0.000938279845 -5.14426392e-05 0.0
0.00167993305 0.000165898338 0.0
0.000402921432 -1.80801053e-05 0.0
0.00121955969 9.80760742e-05 0.0
0.000589034113 -0.000157662289 0.0
0.00172711071 8.51890145e-05 0.0
0.00187989487 -4.508448e-06 0.0
0.000704839535 -6.7522029e-05 0.0
0.000851529534 -1.55827256e-05 0.0
0.00186950574 6.74704279e-05 0.0
0.00147732021 -0.000120387005 0.0
0.000812874874 -6.54364776e-05 0.0
0.00150435755 0.000161606338 0.0
0.00112410355 -6.67527274e-05 0.0
0.00157764682 8.45058166e-05 0.0
0.000954153424 -0.000139505573 0.0
0.000693641952 -0.000126937302 0.0
0.00104383333 2.66254733e-06 0.0
0.00193532801 -3.64629013e-05 0.0
0.000628171954 -5.9092421e-05 0.0
0.000619217288 -0.000102951999 0.0
0.000809304649 -4.08914311e-05 0.0
0.0026500274 0.000117362273 0.0
0.00252607861 0.00010752993 0.0
0.000483285752 7.86785604e-05 0.0
0.00139881915 0.000108263514 0.0
0.000579532993 -0.000138264673 0.0
0.00234967796 3.98008742e-05 0.0
0.00248321937 0.000135615395 0.0
0.000529976678 -7.65293735e-05 0.0
0.00145011221 -0.000113266717 0.0
0.00120828138 6.75312731e-06 0.0
0.00215876824 2.63616876e-05 0.0
0.000114198941 3.79180346e-05 0.0
0.00195363257 6.57589044e-05 0.0
0.000696220319 -0.000110127519 0.0
0.00158860092 -1.83835509e-05 0.0
0.00251730136 7.10502136e-05 0.0
0.00108947547 -8.16481624e-05 0.0
0.00144303124 0.000119081211 0.0
0.00187443325 6.65259067e-05 0.0
0.00131964136 -0.000150965046 0.0
0.000153143585 5.39385983e-05 0.0
0.00124829635 8.73832905e-05 0.0
0.00215580733 9.85523584e-05 0.0
0.00143928232 -0.000106816362 0.0
0.0013758596 0.00011684229 0.0
0.00128566043 -2.53091112e-05 0.0
0.00136877177 0.00012463273 0.0
0.00101729878 -0.000168268889 0.0
0.00143232266 8.35287137e-05 0.0
0.00126764411 6.07628863e-05 0.0
0.00155449985 -4.36405171e-05 0.0
0.00225573359 0.000120961049 0.0
0.00212420616 7.3293224e-05 0.0
0.0016832744 -3.74923593e-06 0.0
0.0010622195 -0.00014354907 0.0
7.13071786e-05 5.17463341e-05 0.0
0.00111459312 -7.10572494e-05 0.0
0.00120121532 -4.17017764e-05 0.0
0.000367890345 -0.000150432112 0.0
0.000915545563 7.43488181e-06 0.0
0.000864310423 -6.01390129e-05 0.0
0.00207054988 5.36345433e-05 0.0
0.0021879971 0.000121368641 0.0
0.00115689519 5.8695161e-05 0.0
0.000705671031 -3.84304585e-05 0.0
0.00106475467 -0.000142718811 0.0
0.000905732857 5.09903621e-05 0.0
0.00132986484 6.20797728e-05 0.0
0.00116913475 -2.7340966e-05 0.0
0.00224435306 3.13324781e-05 0.0
0.00172657287 0.000154093927 0.0
0.00134436297 -5.15113461e-05 0.0
0.00149489765 0.000125117353 0.0
0.00110234565 6.32994841e-07 0.0
0.00126785936 -7.16609866e-05 0.0
0.0002742176 -0.000112511661 0.0
0.00109167479 0.000106297164 0.0
0.00141480623 0.000119987802 0.0
0.00188694906 0.000130774468 0.0
0.000722438155 9.94174552e-05 0.0
0.00234639132 0.000105274783 0.0
0.00112244301 7.18507818e-06 0.0
0.00105228077 -0.000116653013 0.0
0.00178872177 1.13815304e-05 0.0
0.00200175401 0.000114893577 0.0
0.00079592783 -8.16110187e-05 0.0
0.00169095688 8.94312907e-05 0.0
0.00202137372 6.49017675e-05 0.0
0.00117873412 -5.06476208e-05 0.0
0.00132951047 0.000101793397 0.0
0.00101519178 -8.62312882e-05 0.0
0.000953493582 -2.096563e-05 0.0
0.00157419057 1.3768682e-05 0.0
0.000755080488 9.73562928e-05 0.0
0.0022380685 9.17560828e-05 0.0
0.00148757291 -3.6353169e-05 0.0
0.00146926974 3.28097522e-05 0.0
0.00158165558 0.000125447332 0.0
0.00176846085 0.000163879493 0.0
0.00113587943 0.000102957041 0.0
0.00124057208 3.07412301e-05 0.0
0.000914611795 -0.000190457838 0.0
0.00109367457 -4.56529124e-05 0.0
0.00109918986 4.60902666e-05 0.0
0.000882299733 2.59755943e-05 0.0
0.00159914873 4.23960701e-05 0.0
0.00237289746 0.000104104729 0.0
0.000533806044 3.4074521e-05 0.0
0.00112388225 -6.25929024e-05 0.0
0.000410975685 -0.000111505367 0.0
0.00290603819 4.65044759e-05 0.0
0.00171349233 1.88432296e-05 0.0
0.00136480469 -7.03346668e-05 0.0
0.00132716412 0.000103602652 0.0
0.00172940607 6.36955956e-05 0.0
0.000707344152 9.73098795e-05 0.0
0.00153906376 0.000125747014 0.0
0.00220135506 0.000144826816 0.0
0.00135561218 0.000104266554 0.0
0.00193329621 0.000112330345 0.0
0.00146325526 0.000129243679 0.0
0.000595389924 7.85000302e-05 0.0
0.00218138052 8.80797379e-05 0.0
0.00179917563 5.90762356e-05 0.0
0.00121299608 -2.89176623e-05 0.0
0.0022803254 0.000107612002 0.0
0.00114328042 -0.000138346921 0.0
0.00139470631 2.27983164e-05 0.0
0.00156336138 1.40734992e-05 0.0
0.000492313062 -0.000153300629 0.0
0.00172888348 -0.000134468559 0.0
0.00144003425 -0.00012031087 0.0
0.00127734314 0.000101641548 0.0
0.000996575458 -7.36438087e-05 0.0
0.000897811784 2.11431257e-06 0.0
0.00168560736 8.12042563e-05 0.0
0.00252500502 0.000100687386 0.0
0.00242295489 7.04617851e-05 0.0
0.00237412867 0.000114389921 0.0
0.00190915051 5.38362983e-05 0.0
0.00134379219 8.17228283e-05 0.0
0.00105323433 4.64095228e-06 0.0
0.002526392 8.63224705e-05 0.0
0.00252612378 6.36610857e-05 0.0
0.00182493473 5.8847887e-05 0.0
0.00113299536 -2.60882243e-05 0.0
0.00266288128 0.000136108138 0.0
0.0029849282 2.99712774e-05 0.0
0.00133577897 -6.29564192e-06 0.0
0.00165051839 -0.000101545178 0.0
0.00116077147 1.5640675e-05 0.0
0.00228713918 0.000101178972 0.0
0.000187684302 2.31459908e-05 0.0
0.000825664785 -2.58458931e-05 0.0
0.00247591943 0.000125861581 0.0
0.00153727015 -9.98193063e-05 0.0
0.00177397532 7.5175456e-05 0.0
0.000467130507 -0.000122460333 0.0
0.00152004429 -5.02360708e-05 0.0
0.00207361067 4.82364885e-05 0.0
0.000485016819 9.44908679e-05 0.0
0.00137239543 -0.000132505258 0.0
0.00140778988 0.000104573948 0.0
0.00134432421 -1.69602645e-05 0.0
0.00147548749 -2.45290812e-05 0.0
0.00170819368 -5.74779951e-05 0.0
0.00153477606 6.38819765e-05 0.0
0.00212731864 7.95337764e-05 0.0
0.00100752129 6.16519246e-05 0.0
3.63005092e-05 1.72982436e-05 0.0
0.00202284963 2.47306525e-05 0.0
0.00251253066 0.000151071828 0.0
0.0017402377 3.93256851e-05 0.0
0.00154821121 -0.000129149164 0.0
0.000618070248 9.37985606e-05 0.0
0.00114508905 8.29092096e-05 0.0
0.000839444518 -0.000155150294 0.0
0.00181956962 7.43561031e-05 0.0
0.000939519028 -2.2984168e-05 0.0
0.0021401525 0.000114958049 0.0
0.00100074976 -0.000176147776 0.0
0.00148980191 -4.33043242e-05 0.0
0.00162222038 2.30388705e-05 0.0
0.00162224285 -0.000109502987 0.0
0.00128301559 -0.000118575095 0.0
0.000590457988 -0.000124246319 0.0
0.0012854056 -5.59607979e-05 0.0
0.00141354895 -8.74089983e-06 0.0
0.00105336774 -7.301187e-06 0.0
0.00101748761 -9.78806856e-05 0.0
0.00150540366 -9.84868311e-05 0.0
0.00107961916 -0.000161986973 0.0
0.000100363824 3.50617956e-05 0.0
0.000440110482 -0.000135224138 0.0
