0.000204692464 0.000986891915 0.0
0.000184800185 0.000841907109 0.0
-0.000902603206 0.00088317896 0.0
-0.000780902687 0.000865903741 0.0
-0.00082639046 0.000966592517 0.0
0.000648078276 0.000865903741 0.0
0.000526377757 0.00088317896 0.0
-0.00106764457 0.00142554904 0.0
-0.00108850794 0.00129228202 0.0
-0.000975682866 0.00134428288 0.0
0.000180163101 -7.55566143e-05 0.0
0.000201026443 5.77104001e-05 0.0
-0.000697909505 0.00133482181 0.0
-0.000713478657 0.00123108819 0.0
-0.000584353169 0.00126529671 0.0
0.000555192353 -0.000136750503 0.0
0.000570761506 -3.30168587e-05 0.0
0.00117610535 0.000205039469 0.0
0.0011552443 0.000100864629 0.0
0.000250298035 0.00122737733 0.0
0.000166415193 0.00124112004 0.0
0.000188413978 0.0011136902 0.0
-0.00126256573 0.00124112004 0.0
-0.0011786829 0.00122737733 0.0
-0.000608477567 0.00114202185 0.0
-0.000630534196 0.000999731943 0.0
-0.000131063163 0.00124298665 0.0
-0.000149590298 0.00112991605 0.0
0.000377129792 0.000494947191 0.0
0.000356940203 0.000360516482 0.0
-0.000170754283 0.000212502709 0.0
-9.797229e-05 0.000200675204 0.0
-0.000115892166 0.000313148979 0.0
0.00133100862 0.000200675204 0.0
0.00125822669 0.000212502709 0.0
-0.000365880551 0.000654665113 0.0
-0.000386249128 0.000523660216 0.0
0.000142362303 0.000353822426 0.0
0.000121140736 0.000226750693 0.0
0.0001871719 0.000671254005 0.0
0.000168137165 0.000537733955 0.0
0.000599722203 0.000796213513 0.0
0.000578480831 0.000660633319 0.0
-0.000227486715 0.000777364243 0.0
-0.000247789518 0.000655175769 0.0
0.000652346702 0.000590412994 0.0
0.000629890535 0.000460457552 0.0
-0.00126867101 0.0013678387 0.0
0.0 0.0 0.0
0.00142898096 0.0 0.0
0.000160309952 0.0013678387 0.0
0.000185592129 0.000987640931 0.0
0.000166808488 0.000983316801 0.0
0.000149348358 0.000974467432 0.0
0.000134789545 0.000961200683 0.0
0.00012430051 0.000944138679 0.0
0.000118815282 0.000924767577 0.0
0.000119317898 0.000905080233 0.0
0.000124983795 0.000886495225 0.0
0.000135067283 0.000870033924 0.0
0.000149121755 0.000856455707 0.0
0.00016604799 0.000847058196 0.0
0.00020401692 0.000841288653 0.0
0.000223331459 0.00084547716 0.0
0.000240850524 0.000854537182 0.0
0.000255733932 0.000867931696 0.0
0.000266429823 0.000885265355 0.0
0.000272179313 0.000904896937 0.0
0.000271871628 0.00092510489 0.0
0.00026600415 0.000944220228 0.0
0.000255142397 0.000960614416 0.0
0.000240442605 0.000973496237 0.0
0.000223090465 0.000982333208 0.0
-0.000772414438 0.000880168926 0.0
-0.000768351252 0.000897145364 0.0
-0.000769678853 0.000913874886 0.0
-0.000775035762 0.000929390197 0.0
-0.000784127624 0.000943091465 0.0
-0.000796115492 0.000954093179 0.0
-0.000810502912 0.000962269085 0.0
-0.000843018934 0.000967005908 0.0
-0.000859139487 0.000963588245 0.0
-0.000874254212 0.000956924225 0.0
-0.000887669099 0.000946525484 0.0
-0.000897878606 0.000932688883 0.0
-0.000904311484 0.000916677178 0.0
-0.000905778666 0.000899503764 0.0
0.000533951446 0.000867950555 0.0
0.000545015791 0.000855184218 0.0
0.000558444066 0.000845076167 0.0
0.000573829981 0.000838406268 0.0
0.000590616546 0.000835142564 0.0
0.000607902999 0.000836497406 0.0
0.000623794564 0.000842902868 0.0
0.00063736859 0.000853107369 0.0
-0.00107243471 0.00128528348 0.0
-0.00105490966 0.00128211093 0.0
-0.00103691465 0.0012833426 0.0
-0.00101978227 0.00128851796 0.0
-0.00100390788 0.00129759836 0.0
-0.000990401604 0.00131031615 0.0
-0.000980526558 0.00132632768 0.0
-0.000975648582 0.00136263832 0.0
-0.000980516663 0.00137989642 0.0
-0.000989277381 0.0013953466 0.0
-0.00100151007 0.00140812795 0.0
-0.00101631985 0.00141803874 0.0
-0.00103316072 0.00142411841 0.0
-0.00105030206 0.0014263331 0.0
0.000184084987 5.28784585e-05 0.0
0.000168636689 4.41339798e-05 0.0
0.000155896589 3.14367389e-05 0.0
0.000146426522 1.59948468e-05 0.0
0.000141515789 -1.75976174e-06 0.0
0.00014151154 -1.96555866e-05 0.0
0.000145904341 -3.67085522e-05 0.0
0.000154303852 -5.22596929e-05 0.0
0.000165856371 -6.54201067e-05 0.0
-0.000699589786 0.00121871871 0.0
-0.000683102524 0.00121029676 0.0
-0.000665389118 0.00120585959 0.0
-0.000647325593 0.00120515679 0.0
-0.000628849142 0.00120902446 0.0
-0.000612609263 0.00121852802 0.0
-0.000599594612 0.00123170821 0.0
-0.000590189826 0.00124735874 0.0
-0.000583563349 0.00128421863 0.0
-0.00058829796 0.00130246067 0.0
-0.000597615377 0.00131858315 0.0
-0.000610937772 0.00133156008 0.0
-0.000627233298 0.0013405655 0.0
-0.000645031745 0.00134521967 0.0
-0.000663306739 0.00134570978 0.0
-0.000681145524 0.00134222221 0.0
0.000555396662 -4.57910901e-05 0.0
0.000544182491 -6.24971581e-05 0.0
0.000538569642 -8.16319662e-05 0.0
0.000538639608 -0.000101509919 0.0
0.000544600363 -0.000120345554 0.0
0.00116149534 0.000205535616 0.0
0.00114749779 0.00020210947 0.0
0.00113478559 0.000196068475 0.0
0.00112273567 0.00018724284 0.0
0.00111358706 0.000175064444 0.0
0.00110918703 0.000160753654 0.0
0.0011092918 0.000147023384 0.0
0.00111316401 0.000133716458 0.0
0.00112047745 0.000121988705 0.0
0.0011302341 0.000112332636 0.0
0.00114208506 0.000105196377 0.0
0.00116909051 9.99051917e-05 0.0
0.00118287909 0.000101655176 0.0
0.00119622087 0.000106880863 0.0
0.00120782119 0.000115884905 0.0
0.00121627492 0.00012803491 0.0
0.00122062548 0.000141816112 0.0
0.00122096122 0.0001558777 0.0
0.00121773733 0.000169451305 0.0
0.00121106429 0.000181894691 0.0
0.00120156992 0.000192386695 0.0
0.00118982326 0.00020020605 0.0
0.000151741275 0.00123176898 0.0
0.000139683383 0.0012188945 0.0
0.000131334556 0.00120328262 0.0
0.000127838255 0.00118610857 0.0
0.000128930013 0.00116901856 0.0
0.000134284302 0.00115268212 0.0
0.000143725643 0.00113794033 0.0
0.000156459646 0.00112611451 0.0
0.000171730469 0.00111797929 0.0
0.000205145625 0.00111295085 0.0
0.000221816736 0.00111590419 0.0
0.000237732093 0.00112256058 0.0
0.000251940655 0.00113328546 0.0
0.000262623391 0.00114743155 0.0
0.000269563345 0.00116402283 0.0
0.000271432509 0.0011816452 0.0
0.000268319331 0.00119861949 0.0
0.000261042151 0.00121418224 0.0
-0.00119033037 0.00123682967 0.0
-0.00120361638 0.00124361366 0.0
-0.00121809251 0.00124774652 0.0
-0.00123331195 0.00124874141 0.0
-0.00124833127 0.00124625582 0.0
-0.000625951739 0.00114312139 0.0
-0.00064343214 0.00114049413 0.0
-0.00065989315 0.00113275938 0.0
-0.000673262228 0.00112122495 0.0
-0.000683703402 0.00110713893 0.0
-0.000691425579 0.00109093322 0.0
-0.000694534567 0.00107271003 0.0
-0.000692384783 0.00105490058 0.0
-0.00068600761 0.00103856763 0.0
-0.00067581085 0.00102443411 0.0
-0.000662904582 0.00101285439 0.0
-0.000647561392 0.00100426655 0.0
-0.000612878706 0.00099913415 0.0
-0.000595637423 0.00100271939 0.0
-0.000579542364 0.00100948859 0.0
-0.000564946968 0.00102024258 0.0
-0.000553412945 0.00103466841 0.0
-0.000545952469 0.00105161301 0.0
-0.000544004783 0.00106932339 0.0
-0.000546415336 0.00108663249 0.0
-0.000552822137 0.00110296987 0.0
-0.000563031645 0.00111734995 0.0
-0.000576176564 0.00112903339 0.0
-0.000591606251 0.00113731064 0.0
-0.00014746502 0.00124311761 0.0
-0.000163612131 0.00123968953 0.0
-0.000178726681 0.00123183383 0.0
-0.000191123981 0.00121969206 0.0
-0.000198988535 0.00120412163 0.0
-0.000201613089 0.00118717761 0.0
-0.000199201051 0.00117046095 0.0
-0.000191859741 0.00115528924 0.0
-0.00018059017 0.00114285946 0.0
-0.000165991019 0.00113417406 0.0
-0.000132881833 0.0011300256 0.0
-0.000116821888 0.00113374018 0.0
-0.000101831749 0.00114178297 0.0
-8.9166344e-05 0.00115351449 0.0
-8.11334539e-05 0.00116915698 0.0
-7.90221748e-05 0.00118593359 0.0
-8.18439439e-05 0.00120222149 0.0
-8.88711074e-05 0.00121718878 0.0
-0.000100224643 0.00122987828 0.0
-0.000114684524 0.00123855891 0.0
0.000359318918 0.000494871056 0.0
0.000341885752 0.000490500359 0.0
0.000326178939 0.000482670905 0.0
0.000312131247 0.000470522122 0.0
0.000302742352 0.000454846653 0.0
0.000298491184 0.000437603769 0.0
0.000298548723 0.000420012861 0.0
0.000302815839 0.000403017068 0.0
0.000311253534 0.00038712626 0.0
0.000323897257 0.000374125695 0.0
0.000339496037 0.000365013751 0.0
0.000374885567 0.000360902457 0.0
0.000392045593 0.000365609332 0.0
0.000407353335 0.000373793446 0.0
0.000420630706 0.000385578402 0.0
0.00043067045 0.000400516787 0.0
0.000436231756 0.000417844683 0.0
0.000436469883 0.000435999274 0.0
0.000431750901 0.000453335466 0.0
0.000422776124 0.000468852406 0.0
0.000410066627 0.000481319672 0.0
0.000394586212 0.000490288483 0.0
-8.48755226e-05 0.0002087959 0.0
-7.36309885e-05 0.000219672147 0.0
-6.58438803e-05 0.000233609229 0.0
-6.26065012e-05 0.000248964265 0.0
-6.36105906e-05 0.000264014234 0.0
-6.83839171e-05 0.00027826443 0.0
-7.62704658e-05 0.00029113135 0.0
-8.73470126e-05 0.000302032655 0.0
-0.000100927849 0.000309483527 0.0
-0.000131194189 0.000313154189 0.0
-0.000145846541 0.000310138828 0.0
-0.000159766307 0.000304532528 0.0
-0.000172262604 0.000295572216 0.0
-0.000181857293 0.000283055153 0.0
-0.000187069323 0.000268671603 0.0
-0.000188551334 0.000253579172 0.0
-0.000186063771 0.000238578024 0.0
-0.000180013536 0.000224573334 0.0
0.00127037847 0.000202760843 0.0
0.00128457008 0.000195954548 0.0
0.00130051235 0.000193343949 0.0
0.00131631538 0.000195265602 0.0
-0.000383900158 0.0006548565 0.0
-0.000401265512 0.000650466653 0.0
-0.000417040021 0.000642691681 0.0
-0.000431176391 0.00063095236 0.0
-0.000441553333 0.000615480822 0.0
-0.000446745922 0.000597832433 0.0
-0.000446394784 0.000579868269 0.0
-0.000441172306 0.000563138688 0.0
-0.000431845838 0.000548287295 0.0
-0.000418967451 0.000536353211 0.0
-0.000403295329 0.000527925731 0.0
-0.000368977024 0.000523504161 0.0
-0.000352153234 0.000526897958 0.0
-0.000336092315 0.000534117687 0.0
-0.000322523905 0.000545881514 0.0
-0.000312897726 0.000560998917 0.0
-0.00030817432 0.000577856787 0.0
-0.000308147224 0.000595329446 0.0
-0.000312706019 0.000612338888 0.0
-0.000321388361 0.000627690752 0.0
-0.000333684991 0.000640227227 0.0
-0.000348840695 0.000649466238 0.0
0.000125121354 0.000353737938 0.0
0.000108714878 0.000349288021 0.0
9.3814102e-05 0.000341848878 0.0
8.08884724e-05 0.000330975017 0.0
7.10303939e-05 0.00031676481 0.0
6.54817122e-05 0.000300306012 0.0
6.49286812e-05 0.000283129659 0.0
6.90470042e-05 0.000266481395 0.0
7.74563014e-05 0.000251690217 0.0
8.94643235e-05 0.000239497953 0.0
0.000104528808 0.000230968362 0.0
0.000138029238 0.000226985328 0.0
0.000154045498 0.000230567282 0.0
0.000168920495 0.00023744996 0.0
0.000182232441 0.000248208147 0.0
0.000192049221 0.00026262246 0.0
0.000197276953 0.000279169471 0.0
0.000198043825 0.000296365091 0.0
0.000193851607 0.000313009223 0.0
0.000185519035 0.000327928079 0.0
0.000173721448 0.000340292521 0.0
0.000159081435 0.000349237816 0.0
0.000167908089 0.000671609247 0.0
0.000148951687 0.000666775974 0.0
0.000131638473 0.000656959892 0.0
0.000117913165 0.000642451632 0.0
0.000108837776 0.000624216569 0.0
0.00010581511 0.000604135217 0.0
0.000108779626 0.000584197405 0.0
0.000117607226 0.000566226256 0.0
0.000131482098 0.000551733712 0.0
0.000148840802 0.000542041962 0.0
0.000187537109 0.000538465276 0.0
0.000205977238 0.000543236325 0.0
0.000223297669 0.000552407349 0.0
0.000236912936 0.000567384122 0.0
0.000244613417 0.00058531214 0.0
0.00024659466 0.000604548433 0.0
0.000243388451 0.000623414759 0.0
0.000235472573 0.000640955986 0.0
0.000222422226 0.000655620999 0.0
0.000205780088 0.00066584663 0.0
0.000581380737 0.000797220098 0.0
0.000563264708 0.000792883802 0.0
0.000547424366 0.000783766445 0.0
0.00053413678 0.000771175546 0.0
0.000523942173 0.000756065943 0.0
0.000517804408 0.0007379491 0.0
0.000517287932 0.000719373522 0.0
0.000522382674 0.000701455632 0.0
0.000532251725 0.00068607711 0.0
0.000545623945 0.000673945993 0.0
0.000561531459 0.000665325671 0.0
0.000596104539 0.000659335579 0.0
0.000614427554 0.000662464357 0.0
0.000630666967 0.000671020709 0.0
0.000643596286 0.000683862017 0.0
0.0006525793 0.000699467084 0.0
0.00065782707 0.000716634735 0.0
0.000658912526 0.000734678761 0.0
0.000654909585 0.000752834661 0.0
0.000645906432 0.000768831349 0.0
0.000632838346 0.000781646173 0.0
0.000617033802 0.000790936814 0.0
-0.000243864139 0.000777115871 0.0
-0.000259570545 0.000773993728 0.0
-0.000274588907 0.00076719257 0.0
-0.000287919131 0.000756818685 0.0
-0.0002973433 0.000742526667 0.0
-0.000301940483 0.000726486149 0.0
-0.000301721942 0.000710193766 0.0
-0.000297229097 0.000694599759 0.0
-0.000289036048 0.00068047375 0.0
-0.00027765191 0.000668839319 0.0
-0.000263787719 0.000660142861 0.0
-0.000231087324 0.000654952019 0.0
-0.000214909363 0.000659085228 0.0
-0.000200217299 0.000666540465 0.0
-0.000187071157 0.000676561263 0.0
-0.00017694298 0.000690597459 0.0
-0.000171634762 0.000706969644 0.0
-0.00017154355 0.000723798003 0.0
-0.000175826659 0.000739877461 0.0
-0.000184159624 0.000754310575 0.0
-0.000196405555 0.000765916076 0.0
-0.000211198392 0.000773740583 0.0
0.000636600365 0.000591973774 0.0
0.000620544422 0.000590139476 0.0
0.000605271955 0.000583513523 0.0
0.000592561497 0.000573235913 0.0
0.000583062065 0.000560181914 0.0
0.000576695544 0.000545451592 0.0
0.000573276193 0.000529532612 0.0
0.000573902216 0.000513056119 0.0
0.0005790586 0.000497429923 0.0
0.000587875489 0.000483659009 0.0
0.000599975581 0.00047266623 0.0
0.000614061079 0.000464813464 0.0
0.000646355445 0.000459986477 0.0
0.000662430772 0.000463408331 0.0
0.000677202654 0.000469807914 0.0
0.00069056818 0.000479348819 0.0
0.00070216629 0.000492111431 0.0
0.000709037005 0.000507895253 0.0
0.000711350353 0.000524257717 0.0
0.000709101907 0.000540180772 0.0
0.000703014142 0.000555003586 0.0
0.000693730661 0.00056787394 0.0
0.000681733189 0.000578544452 0.0
0.000667598681 0.000586136302 0.0
-0.00123818044 0.0013197948 0.0
-0.00123023428 0.00127508596 0.0
-0.0007826371 0.000795220956 0.0
-0.000761121686 0.000762088457 0.0
-0.000649949652 0.000697125273 0.0
-0.000526865071 0.000634462864 0.0
-0.000465044664 0.000591370685 0.0
-0.000450092106 0.000548480253 0.0
-0.000429575855 0.000506880053 0.0
-0.000396816555 0.000447947212 0.0
-0.000345699111 0.0003868856 0.0
-0.000283783447 0.000323194807 0.0
-0.000145974758 0.000187941885 0.0
-0.000127728897 0.00014853866 0.0
-8.55272301e-05 0.000100603247 0.0
-4.06274266e-05 4.98687259e-05 0.0
6.38154524e-05 -3.97738131e-06 0.0
0.000303011591 3.56952041e-05 0.0
0.00037841755 6.00287603e-06 0.0
0.000660871912 -1.1314959e-05 0.0
0.00074202253 -3.21593034e-05 0.0
0.000818870612 -5.18518791e-05 0.0
0.000891741598 -6.73740578e-05 0.0
0.000963359547 -8.28692573e-05 0.0
0.00101194694 -8.64087415e-05 0.0
0.00105085212 -7.13127083e-05 0.0
0.00109703478 -4.72294087e-05 0.0
0.00115392567 -2.67901742e-05 0.0
0.0012070681 -9.30637634e-06 0.0
0.001248513 1.49029493e-05 0.0
0.00127253064 3.69670197e-05 0.0
0.00128962134 2.32743459e-05 0.0
0.00130013237 -2.28448744e-06 0.0
0.00132542057 -1.94964578e-05 0.0
0.00136955071 -7.21880861e-06 0.0
0.00138835353 4.98687259e-05 0.0
0.00134345377 0.000100603247 0.0
0.00130125205 0.00014853866 0.0
0.00128300616 0.000187941885 0.0
0.00114519754 0.000323194807 0.0
0.00108328182 0.0003868856 0.0
0.00103216444 0.000447947212 0.0
0.000999405049 0.000506880053 0.0
0.000978888827 0.000548480253 0.0
0.000963936269 0.000591370685 0.0
0.000902115891 0.000634462864 0.0
0.00077903131 0.000697125273 0.0
0.000667859276 0.000762088457 0.0
0.000646343862 0.000795220956 0.0
0.000198746711 0.00127508596 0.0
0.000190800463 0.0013197948 0.0
0.000100879675 0.00136061979 0.0
5.67495263e-05 0.00134834216 0.0
3.14614117e-05 0.00136555417 0.0
2.09503323e-05 0.00139111304 0.0
3.85967087e-06 0.00140480569 0.0
-2.01580242e-05 0.00138274161 0.0
-6.16029502e-05 0.00135853223 0.0
-0.000114745293 0.00134104851 0.0
-0.000171636217 0.00132060924 0.0
-0.000217818844 0.00129652594 0.0
-0.000256724103 0.0012814299 0.0
-0.000305311463 0.00128496939 0.0
-0.000376929413 0.00130046462 0.0
-0.000449800398 0.00131598674 0.0
-0.00052664848 0.00133567932 0.0
-0.000607799098 0.00135652372 0.0
-0.000890253461 0.00137384154 0.0
-0.00096565939 0.00140353385 0.0
-0.00120485551 0.00136386126 0.0
-0.000199582049 0.000957839424 0.0
0.000801671995 0.000204262382 0.0
-0.000225841024 0.00108432537 0.0
0.000689313398 0.000151977642 0.0
-0.000271211902 0.000892884505 0.0
-2.07785524e-05 0.000825935393 0.0
-0.000379309931 0.00109356828 0.0
0.000525529264 0.000172859029 0.0
0.000587795104 0.000817672932 0.0
0.000724024663 0.000335552701 0.0
0.000379488949 0.000686995743 0.0
-0.00052518968 0.000834344304 0.0
0.00100452639 0.000350497459 0.0
8.99146762e-05 0.000486638542 0.0
0.000867789669 0.000508053578 0.0
0.00098791311 7.92486971e-05 0.0
-9.06558053e-05 0.000972854323 0.0
0.000402545644 0.000176773668 0.0
-0.000137688985 0.000515160966 0.0
-0.00102696323 0.0011419364 0.0
0.000260984438 0.000546240073 0.0
-0.000118869058 0.000792905164 0.0
-0.000328070193 0.000994912465 0.0
0.000896708167 0.000248325116 0.0
0.000359830767 0.000939795049 0.0
0.000665057742 0.000270312157 0.0
0.000831959595 6.93718393e-05 0.0
-8.65333277e-05 0.00103174977 0.0
-0.000878268038 0.00111413596 0.0
0.000651669281 8.14668238e-05 0.0
-5.71328019e-05 0.000491249724 0.0
-0.000142959849 0.000403807964 0.0
-0.000279084692 0.00118071726 0.0
0.000570850098 0.000232844963 0.0
0.00010369705 0.00077844871 0.0
0.000127900741 0.000529055018 0.0
-0.000147321538 0.000460265583 0.0
-0.0003643331 0.00115804269 0.0
1.18614116e-06 0.000894761761 0.0
-0.000354262273 0.000888564799 0.0
0.000275334023 0.0007331823 0.0
-0.000201133793 0.000807193632 0.0
-0.00025059341 0.00103976799 0.0
0.000325725181 0.000106078893 0.0
-0.000183686265 0.000887726608 0.0
0.000847036077 0.000348672445 0.0
0.000368117442 0.000135282855 0.0
0.000859933847 0.000591764459 0.0
0.000437740033 0.000246268202 0.0
-0.000560096058 0.000771297258 0.0
-0.000504885509 0.00115087919 0.0
-0.000627275615 0.00092244806 0.0
0.000932786439 3.81992249e-05 0.0
0.000376477867 0.000609714014 0.0
0.000621425686 0.000412622758 0.0
-1.74951481e-06 0.000102177029 0.0
0.00028543474 0.000479429349 0.0
-0.000411094399 0.000738576404 0.0
0.00108705403 4.64647528e-05 0.0
0.000976032985 0.000413094385 0.0
0.000607938739 0.000260128203 0.0
0.00076674961 4.7488953e-05 0.0
-8.86150337e-06 0.000538957771 0.0
0.000146048435 0.000410956622 0.0
0.000855195103 0.000446888735 0.0
0.000746248348 0.000171865162 0.0
0.000351922499 0.00029763105 0.0
0.000249813107 0.00012881626 0.0
-4.13492962e-05 0.00126065884 0.0
0.000748587656 0.000614862482 0.0
0.000345149252 0.000123699865 0.0
-0.000384001149 0.000963712926 0.0
0.00112137501 0.000274208141 0.0
0.00100532314 0.000157051123 0.0
-0.00045942227 0.000871506985 0.0
0.000944316969 0.000318019622 0.0
0.000625108252 0.000343636639 0.0
-0.00017795332 0.0011060104 0.0
-0.000800061214 0.00103549473 0.0
-0.000448858977 0.001075382 0.0
0.000420077558 0.000757933594 0.0
-9.82438432e-05 0.000901371473 0.0
-0.000302413537 0.000415807939 0.0
0.000506080396 0.000641399529 0.0
0.000487090874 0.000106917127 0.0
9.31910035e-05 0.00108312734 0.0
-1.45363028e-05 0.000749227416 0.0
-0.0010720978 0.00121303834 0.0
0.000433050154 0.000970516296 0.0
0.000270560355 0.0010229355 0.0
0.000591907417 7.64675351e-05 0.0
0.000159364354 0.000759146526 0.0
7.40632386e-05 0.000155994872 0.0
6.24594541e-05 0.000836630876 0.0
-0.000217713328 0.000601229782 0.0
0.000216186032 0.000738821749 0.0
-0.00010577088 0.000709126238 0.0
-0.000301133114 0.00101597828 0.0
0.000752446067 0.000260818633 0.0
-1.91193085e-05 0.000973270216 0.0
5.3476906e-05 0.000443145953 0.0
0.000507429475 0.000270575343 0.0
0.000563154812 0.000797146524 0.0
6.40856815e-05 0.0005537002 0.0
-0.00104914582 0.00109200121 0.0
0.000471967302 0.000860739499 0.0
0.000188365564 0.000449016952 0.0
0.000707479194 0.000389824912 0.0
-3.06734692e-05 0.00104760367 0.0
0.00125423959 0.000194948254 0.0
0.00091308204 0.00016274619 0.0
-0.000752452645 0.00119200745 0.0
-0.000835662533 0.00117136643 0.0
-0.000955697265 0.00118788553 0.0
-0.000923373387 0.00106720848 0.0
-0.00050797133 0.0012746643 0.0
-6.67023196e-05 0.000451063795 0.0
-0.000142118573 0.00103086198 0.0
0.000608767092 0.00083319773 0.0
0.000349840935 0.000871715834 0.0
-0.000612990349 0.0008407266 0.0
-0.000199555216 0.000407471613 0.0
0.000103707112 0.000579846906 0.0
-0.000240400666 0.00094043772 0.0
0.00108162442 0.000324232562 0.0
0.000298915984 0.000666591921 0.0
0.000395978743 0.000541170535 0.0
-0.000367037428 0.00120426295 0.0
-0.000292451703 0.00121608551 0.0
0.000596147496 0.000821225171 0.0
0.000263472262 0.000532565464 0.0
-0.000168928163 0.000982603175 0.0
-0.000269136304 0.000837365922 0.0
0.0009517328 0.000491077662 0.0
-0.000126653249 0.000568583782 0.0
-0.000115966104 0.000838559354 0.0
2.96960684e-06 0.000934689946 0.0
-0.000206759112 0.000529838435 0.0
0.00077698211 0.000532640552 0.0
-0.000452604872 0.00118395663 0.0
0.00103548286 1.49388452e-05 0.0
0.000949440815 0.00026783839 0.0
0.000326089823 0.000784164411 0.0
-8.04091469e-05 0.000426600047 0.0
0.000862108194 0.000108731037 0.0
0.000323740795 0.000222496194 0.0
-8.76293125e-05 0.000330094452 0.0
0.000889875751 0.000369632442 0.0
0.00106759684 0.000100048521 0.0
0.000625987013 0.000160631782 0.0
0.00123069587 0.000208971702 0.0
0.000740281364 1.97127429e-05 0.0
0.000794376945 0.000287332339 0.0
0.000890049152 0.000616657606 0.0
0.000442405697 9.1097907e-05 0.0
0.000366610562 0.000578029896 0.0
-0.000196278677 0.000471539854 0.0
-0.000561134832 0.000926303212 0.0
0.000199481859 0.000155316229 0.0
-0.000102499311 0.000401392521 0.0
-0.000907929149 0.00135054567 0.0
-0.000392542162 0.000861637876 0.0
-0.000408605818 0.000792715524 0.0
-0.00019450947 0.000839523098 0.0
0.00130870484 8.70273871e-05 0.0
-4.88516489e-05 0.000720503973 0.0
-2.48559081e-06 0.0013007574 0.0
-0.000599458639 0.000739598938 0.0
-0.000250313024 0.00124986016 0.0
0.000152574765 0.0010649811 0.0
2.14742813e-05 0.000419726421 0.0
-0.000281964807 0.000354887947 0.0
0.000215081804 0.00104603148 0.0
-0.00110510143 0.00124943932 0.0
-0.000455749832 0.0010323578 0.0
0.000589048199 0.00032734155 0.0
-8.31258658e-05 0.000931203132 0.0
0.001064974 0.000274125981 0.0
-0.000319484301 0.00109559402 0.0
0.000305486057 7.94722582e-05 0.0
-0.000663813087 0.000960969192 0.0
-0.0011522487 0.00126538472 0.0
5.68976284e-05 0.000728170213 0.0
2.12059531e-05 4.82719624e-05 0.0
-0.000571257027 0.00119126937 0.0
0.000134051035 0.000151307904 0.0
-0.00117330544 0.00130150188 0.0
0.000333082804 0.00102619233 0.0
-0.000118192955 0.00128004712 0.0
-0.000775661669 0.000993933994 0.0
0.000901972759 1.82527606e-06 0.0
-0.000632009702 0.00118672044 0.0
0.000866214279 0.000398191885 0.0
-0.000696152216 0.000803441275 0.0
0.000766643672 0.000644785992 0.0
-0.000102672209 0.00108352932 0.0
0.00028290067 0.000966100837 0.0
0.000457636692 0.000607755908 0.0
-0.00108874287 0.00116374774 0.0
-0.000464756478 0.000720350828 0.0
-0.000314712146 0.000944332452 0.0
0.000674101408 0.000209380567 0.0
0.00115487352 3.24717548e-05 0.0
0.000283803296 0.000523370691 0.0
0.000758426846 0.000111915659 0.0
-0.000293298974 0.00114605646 0.0
-0.000867048628 0.00103404757 0.0
0.000211161489 0.000489183993 0.0
-0.000436160975 0.000903115375 0.0
0.00063951296 3.62397914e-05 0.0
-0.000458631373 0.0012494293 0.0
0.0008473497 4.5729771e-06 0.0
-0.000155041271 0.000718366413 0.0
0.000590526208 0.000449762738 0.0
-0.00101462624 0.0012150025 0.0
0.000500576454 0.000680200639 0.0
-0.000190100283 0.00102951436 0.0
0.000580137596 0.000136601011 0.0
0.000696940173 9.57820448e-05 0.0
0.000735314097 0.00022658128 0.0
0.000465587538 0.000181620126 0.0
-0.000273120881 0.000439821655 0.0
-0.000422518235 0.000956807809 0.0
-0.000961605634 0.00104976585 0.0
-1.98547041e-05 0.00120727275 0.0
0.000584009395 0.000393628899 0.0
0.000788094185 0.000327866641 0.0
-6.42723971e-05 0.000134641523 0.0
-0.000226888384 0.000410271517 0.0
0.000155193819 0.00128661434 0.0
-0.000790124643 0.00109012553 0.0
1.44080959e-05 0.00098187197 0.0
0.00014038106 0.000817558146 0.0
0.00118522428 0.000229919126 0.0
0.000402805512 0.000561831635 0.0
-0.000518394634 0.00111575972 0.0
0.000626450987 0.000210028957 0.0
-0.000340478728 0.00123525795 0.0
-7.9010948e-05 0.000572254183 0.0
4.23517231e-05 0.000110035289 0.0
-0.000178097849 0.000758794893 0.0
0.000285797141 0.00048802924 0.0
0.00100327923 0.000199616203 0.0
-0.00112395932 0.00126270473 0.0
0.000391430396 4.63850083e-05 0.0
0.000250512181 0.000489961298 0.0
-0.000780511706 0.00124137313 0.0
0.000930196256 0.000104385632 0.0
-0.000172232583 0.00107425335 0.0
0.000251582096 7.70432453e-05 0.0
4.33044552e-05 0.00104694173 0.0
0.000521220441 0.000307152892 0.0
0.000852661848 0.000217020512 0.0
0.000881263462 0.000340967032 0.0
-0.00069101149 0.0011703358 0.0
-6.83765984e-06 0.000594817451 0.0
-0.000199529022 0.00114167703 0.0
0.000267313968 0.000796666427 0.0
0.000169291394 0.000133520618 0.0
-0.000366653607 0.000683835009 0.0
-0.000222998904 0.00125923194 0.0
4.0541986e-06 0.000279116299 0.0
0.000994737609 -1.44387041e-05 0.0
0.00044766569 0.00100031705 0.0
0.000440637232 0.00078939693 0.0
0.000566203438 0.000611399242 0.0
-0.000374423427 0.00123310636 0.0
0.000382280356 0.000242657537 0.0
-0.000149602216 0.000355852826 0.0
0.000197081419 0.000349770708 0.0
-0.000905948691 0.00119853311 0.0
-0.000402868493 0.00124300737 0.0
0.00105934869 0.000368830224 0.0
-0.000150598309 0.00090341951 0.0
-0.000348630914 0.000460814772 0.0
-0.000264096307 0.0012365107 0.0
-0.000804194249 0.0012719637 0.0
0.000105512525 0.000710938999 0.0
-0.000375987729 0.00105339033 0.0
0.000350731716 0.000585437694 0.0
0.00040522762 0.000305033202 0.0
-8.07707693e-06 0.000265112787 0.0
-0.000814040424 0.00119603809 0.0
0.00116683636 0.000273744721 0.0
8.26131363e-05 0.000863223104 0.0
-0.000295843958 0.000880126376 0.0
-0.0010712347 0.00107467757 0.0
0.000102223326 0.000402312289 0.0
0.000270107179 0.000535212108 0.0
0.000235625557 0.000349190901 0.0
0.000554061146 0.000806090713 0.0
0.000520667003 0.000838199165 0.0
0.000313555152 0.000339505757 0.0
0.00130693894 4.75251072e-05 0.0
-0.000108212895 0.00016949969 0.0
2.76355513e-05 0.000786639808 0.0
5.19665482e-05 0.000130671586 0.0
0.00066722848 0.000639692298 0.0
0.000204228214 0.00078473927 0.0
-0.000449157553 0.00121411309 0.0
0.000825715659 0.00057483447 0.0
0.0012332655 0.000189945567 0.0
-0.000431129127 0.00126751896 0.0
0.000930255221 0.0005488483 0.0
-0.000647830311 0.00115356862 0.0
0.000634446158 0.000658698846 0.0
0.000328277645 0.000159794552 0.0
0.000202249561 0.000465318211 0.0
0.000547914417 0.000204607917 0.0
-2.6795243e-07 0.00105102302 0.0
7.2182178e-05 0.00114388822 0.0
4.492472e-05 0.00129958859 0.0
0.000120714081 0.000500832743 0.0
0.000228003963 0.000693813083 0.0
0.000540902372 4.70133746e-05 0.0
0.000275101396 0.000164531986 0.0
0.000424617727 0.000501299684 0.0
-0.000447242433 0.00110876455 0.0
0.000386121683 9.20475723e-05 0.0
0.000164972909 0.000527050288 0.0
-0.000506748795 0.00078426348 0.0
0.000937048695 0.000394868228 0.0
0.000308170042 0.000156152921 0.0
0.00082880375 0.000669958477 0.0
-0.000143016703 0.000771352323 0.0
-0.000704906532 0.000976789626 0.0
-3.14723256e-05 0.000870299758 0.0
0.00100030995 0.000433446665 0.0
-0.000234282328 0.000400607183 0.0
-0.00058178982 0.00132653676 0.0
-0.000413120084 0.000875807717 0.0
-0.000235424712 0.00090024888 0.0
-0.000291722245 0.0011122654 0.0
0.00125336531 8.90885349e-05 0.0
-0.000653537922 0.000821343332 0.0
-0.000261619716 0.000633555348 0.0
5.48058597e-05 0.000250066805 0.0
-0.000744575926 0.00098235195 0.0
-0.000217922832 0.000513775565 0.0
-0.000226864635 0.00112430041 0.0
-0.000217812049 0.000466347614 0.0
-0.000523614755 0.0012010819 0.0
0.00125104946 8.18102344e-05 0.0
-0.000324605266 0.000830976001 0.0
-0.000362318882 0.00126209157 0.0
0.000331998745 0.000862501503 0.0
-0.000682839542 0.000745128316 0.0
-0.000389183027 0.00113380188 0.0
0.000275056955 0.000365615735 0.0
-0.000312887161 0.00105572084 0.0
-0.000145228056 0.000485692843 0.0
0.000456316397 0.000299913867 0.0
0.000802362571 0.000160484909 0.0
0.00126480183 6.80825251e-05 0.0
0.000770494633 0.00041911038 0.0
-0.000623995322 0.00120171148 0.0
-4.00988865e-05 0.00027771329 0.0
-0.000232191698 0.00123723759 0.0
-0.000239602072 0.00100187398 0.0
0.00033077554 0.000720401935 0.0
0.000424069382 6.95424606e-05 0.0
0.000436471542 0.000848862343 0.0
-0.000212077008 0.00125301478 0.0
0.000488072663 0.000897471618 0.0
-0.000179847222 0.000600366155 0.0
0.000460739364 0.000566289411 0.0
6.37190315e-05 0.000213345047 0.0
0.000975423492 4.43616991e-05 0.0
0.000591488148 1.50456217e-05 0.0
0.000769253355 0.000503431947 0.0
-0.00013882565 0.000939904188 0.0
0.00030067208 0.000285235292 0.0
0.000292007084 0.000361027283 0.0
0.000894788885 0.00045459214 0.0
-0.000502548937 0.00108056434 0.0
0.000487718586 0.000222746399 0.0
0.000643978186 0.000440462522 0.0
-0.000348758214 0.000714304741 0.0
0.000294120517 0.000637694553 0.0
-9.27854489e-06 0.000494789158 0.0
0.000690103741 1.55063608e-05 0.0
-0.000672853435 0.000901429099 0.0
-0.000253937469 0.00107153028 0.0
-5.91796525e-05 0.000345719454 0.0
0.000381328689 0.000148103762 0.0
-0.000256355648 0.000592162483 0.0
-7.06374922e-05 0.00130805047 0.0
-1.68475817e-05 0.00119017123 0.0
-0.000252389058 0.000361438957 0.0
0.000936640659 0.000193306085 0.0
0.000312182325 0.000197292917 0.0
0.000601062085 0.000834267063 0.0
6.59584257e-05 0.00116628723 0.0
-3.4675144e-05 0.000277686544 0.0
-0.000341944804 0.000922341016 0.0
-0.000603266992 0.000963590457 0.0
0.000778318557 0.000668315683 0.0
5.7254063e-05 5.66659437e-05 0.0
0.00093837647 0.000458725583 0.0
0.000533144223 0.00011366442 0.0
-0.000165068996 0.000849003554 0.0
0.000367548171 0.00105404074 0.0
0.000554592756 0.000319395447 0.0
0.000854955055 0.000299584906 0.0
0.00101450447 0.000368648354 0.0
-0.00023019957 0.000797259272 0.0
-3.37338533e-05 0.000151201966 0.0
0.00110537128 2.28943213e-06 0.0
5.55031693e-05 0.000924461929 0.0
-0.00024325015 0.000852437166 0.0
0.00119715545 4.9798593e-05 0.0
9.02767133e-05 0.00059712457 0.0
0.000652901304 0.000368705601 0.0
4.56784728e-05 0.000494700158 0.0
0.00126361102 6.49139038e-05 0.0
0.00067421206 0.000294836442 0.0
-0.000775278779 0.00117289659 0.0
1.76357844e-05 0.00105229067 0.0
8.28821721e-05 0.000882271794 0.0
0.000168745828 0.000720365322 0.0
-6.8651847e-05 0.00060977845 0.0
-3.43629254e-05 9.09188238e-05 0.0
0.000204898228 0.000416055816 0.0
0.000551057456 0.000381792663 0.0
0.000351666356 5.89153387e-05 0.0
-0.000580699532 0.000713434187 0.0
-9.82312631e-05 0.000506414159 0.0
-8.23268492e-05 0.000994638889 0.0
-0.000212807718 0.00116205169 0.0
-0.00112625409 0.00121381355 0.0
-6.00279272e-05 0.00038668685 0.0
0.000142443736 0.000446639024 0.0
0.000813538616 -9.08943912e-06 0.0
0.000554009574 0.000433788489 0.0
-0.000842277077 0.00100103545 0.0
0.000687977998 0.000750048319 0.0
0.000394136383 0.000643921318 0.0
-8.07724573e-05 0.000657567638 0.0
0.00107426266 0.000136723203 0.0
-0.000582552573 0.000879320258 0.0
-0.00042926168 0.000911768933 0.0
0.000218494097 0.000102245111 0.0
0.000958584191 -2.30252153e-05 0.0
0.00113051699 7.06134961e-05 0.0
0.000431396475 0.0006808248 0.0
-0.000421381497 0.000549508492 0.0
0.000113691109 0.00102274842 0.0
-0.000896436512 0.00100767356 0.0
0.000205922377 0.000385333027 0.0
-7.691465e-05 0.000856421131 0.0
0.000593361852 0.000615547993 0.0
-2.88333922e-06 0.000398891512 0.0
0.000831766694 0.000409055996 0.0
0.000168574319 0.000803536386 0.0
-0.000384409708 0.000804814394 0.0
0.000692893518 0.000317146361 0.0
0.000576825987 0.000265031558 0.0
-0.000508887868 0.000696686155 0.0
0.00135941489 3.50982264e-05 0.0
-0.000438801857 0.000562015222 0.0
0.000402703445 0.000792321283 0.0
-0.000829936587 0.00120011636 0.0
-0.00120159809 0.00133437768 0.0
0.000943644205 0.000327611458 0.0
0.000524470117 0.000586537411 0.0
0.000880764739 5.54013677e-05 0.0
-0.000964897859 0.0011297618 0.0
0.000135866168 0.000374502299 0.0
-0.000463929435 0.000796608627 0.0
-0.00111187226 0.00115211809 0.0
-0.000654290547 0.000786671997 0.0
0.00128242641 0.000133248977 0.0
0.000312878168 0.000987124513 0.0
-0.000235677246 0.000387182256 0.0
0.000627128175 0.000273142447 0.0
0.000225626412 0.000192432592 0.0
0.000110095403 0.00130637828 0.0
-4.56424495e-05 0.000801663031 0.0
0.000332708732 0.000541339396 0.0
0.0010374852 7.31264008e-05 0.0
0.00122305029 0.000196630732 0.0
-0.00042798405 0.000550574274 0.0
0.000985459308 0.000261823123 0.0
-0.000149054948 0.00111330755 0.0
0.000982526806 0.000125450984 0.0
0.000377883087 0.000729107705 0.0
0.000571129785 0.000474099186 0.0
-0.000320837862 0.000475586246 0.0
0.00038058302 0.000849892502 0.0
0.00104802079 0.000311914337 0.0
-0.000516068249 0.000931699469 0.0
2.00326667e-05 0.00104641786 0.0
2.20926595e-05 0.000613127137 0.0
-0.00117717893 0.00127432018 0.0
4.07200932e-05 0.000694687013 0.0
0.000284640875 0.000199018119 0.0
-0.000442428805 0.00114163803 0.0
-0.00044850001 0.00100509205 0.0
0.000864236732 0.000157436865 0.0
-0.000412939582 0.000694663555 0.0
0.000370930793 0.000333465141 0.0
0.00102137518 0.000251441321 0.0
-0.000174463567 0.00127028243 0.0
0.000420649129 0.000927530171 0.0
0.000181893338 0.00104090734 0.0
0.000788994366 0.000563978683 0.0
-0.00105314562 0.00125082256 0.0
-0.000700206321 0.000936332333 0.0
-8.81791202e-05 0.00124566047 0.0
0.000493641943 0.000919721671 0.0
0.000709665474 0.000594347366 0.0
-0.000503797433 0.00086092588 0.0
1.77531092e-05 0.00123285933 0.0
0.00014637335 0.00133817038 0.0
8.60267028e-05 0.000609476643 0.0
-0.00095008139 0.00136634975 0.0
0.00069901516 0.000223877432 0.0
0.000225964512 0.000999669544 0.0
3.98201264e-05 0.000128484986 0.0
-0.000195234592 0.000551315548 0.0
0.000259205728 0.00108112453 0.0
-0.000413800095 0.00103450206 0.0
0.000965305779 0.000343266671 0.0
0.000401904981 5.52561214e-05 0.0
-0.000813698687 0.00118072843 0.0
0.000887601927 0.000542536436 0.0
-0.000343271327 0.000417761854 0.0
-0.000435436552 0.000937840377 0.0
0.00124332157 5.70589145e-05 0.0
-0.000734266534 0.00102642155 0.0
-0.000849616772 0.00124352833 0.0
-0.00025729349 0.000978333759 0.0
0.000420759694 0.000552598736 0.0
0.000365649001 0.000819705427 0.0
0.000799746427 5.96124846e-05 0.0
1.11569298e-05 2.36267715e-05 0.0
-4.22152516e-05 0.000934307638 0.0
0.000142690391 0.00110616093 0.0
0.00113130407 0.000242150491 0.0
-0.000569369236 0.001151214 0.0
-0.000381775346 0.000491910498 0.0
0.000800079375 0.000124372556 0.0
7.1236027e-05 0.00038524525 0.0
0.000632563664 0.000625693647 0.0
0.000729259802 0.000101488011 0.0
-0.00014182851 0.00107970682 0.0
9.2006565e-05 0.000449534215 0.0
-0.000870035612 0.0012486194 0.0
-7.01549361e-05 0.000780520786 0.0
-0.00064087857 0.00117046887 0.0
-0.000129198364 0.000695800991 0.0
0.000499266607 4.69339211e-05 0.0
4.57962924e-05 0.000641260121 0.0
-0.000904662942 0.00124019652 0.0
0.000717358256 0.000161478369 0.0
-0.000351731724 0.000659252109 0.0
-0.000386877276 0.000992045854 0.0
5.19888636e-05 0.00053387793 0.0
8.23988303e-05 1.0742534e-05 0.0
0.000353669107 9.85411243e-05 0.0
