-0.000201270275 0.000863823923 0.0
-0.000198554786 0.000910909497 0.0
-0.000192431427 0.000903229229 0.0
-0.000209166232 0.000877959421 0.0
0.000151469358 0.000835634652 0.0
0.000153246816 0.000824456161 0.0
0.00015734999 0.000814029539 0.0
0.000150188716 0.000832308899 0.0
-0.000316872611 0.000814029539 0.0
-0.000320975785 0.000824456161 0.0
-0.000322753243 0.000835634652 0.0
0.000120674493 0.00129398738 0.0
0.000125386316 0.00127595547 0.0
0.000127820502 0.00125400245 0.0
0.000153723042 0.00125507906 0.0
-1.38957485e-05 -1.99433862e-06 0.0
-1.63299374e-05 1.99586721e-05 0.0
-2.10417584e-05 3.79905432e-05 0.0
-1.46924617e-06 0.00119594671 0.0
1.31768945e-06 0.00122161687 0.0
5.85945872e-06 0.00124549365 0.0
-5.74111946e-05 0.00120015547 0.0
-0.000135856797 -1.05031168e-05 0.0
-0.000140398566 -3.43798856e-05 0.0
-0.000143185491 -6.00500352e-05 0.0
-0.000406335137 0.000128412343 0.0
-0.00039735579 0.000103097918 0.0
-0.000402761303 0.000111582158 0.0
-0.000399272918 0.00011461477 0.0
-0.000200831477 0.00102954847 0.0
-0.000201205461 0.00103895098 0.0
-0.000205711054 0.00104809063 0.0
-0.000189362967 0.00103791931 0.0
0.000268511532 0.00104809063 0.0
0.000273017125 0.00103895098 0.0
0.00027339111 0.00102954847 0.0
5.84990448e-05 0.00101414742 0.0
6.56228221e-05 0.000959864992 0.0
5.68143696e-05 0.000979375443 0.0
6.67003333e-05 0.000996641698 0.0
-0.000133342692 0.00105803984 0.0
-0.000114989496 0.00111589488 0.0
-0.000108581422 0.00109287584 0.0
-0.000138305055 0.00107711914 0.0
-0.000106587177 0.000432117871 0.0
-9.3805058e-05 0.00037239489 0.0
-0.000114023031 0.000418053387 0.0
-8.5354608e-05 0.000392116228 0.0
1.15609264e-05 0.00018365719 0.0
2.90795269e-05 0.000176418092 0.0
4.48684332e-05 0.000170105108 0.0
1.01858277e-05 0.000224801202 0.0
1.40739276e-05 0.00019955782 0.0
3.1926862e-05 0.000196533423 0.0
-0.000429354172 0.000170105108 0.0
-0.000445143087 0.000176418092 0.0
-0.000462661672 0.00018365719 0.0
3.52369934e-05 0.000562237925 0.0
4.85530072e-05 0.000576682971 0.0
4.67810023e-05 0.00057397451 0.0
3.84836567e-05 0.00055776129 0.0
-3.35800469e-05 0.000309869443 0.0
-1.44136648e-05 0.000233764891 0.0
-4.62870958e-05 0.00028140514 0.0
-8.46650255e-06 0.000258817687 0.0
-6.20307183e-05 0.000549933815 0.0
-5.11662365e-05 0.000595559366 0.0
-4.65203302e-05 0.000579540152 0.0
-7.18710289e-05 0.000559919979 0.0
-0.000298526662 0.000720512762 0.0
-0.000294273195 0.000769174949 0.0
-0.000296461629 0.000732931949 0.0
-0.000296995247 0.000754979614 0.0
-2.84395592e-05 0.000616387872 0.0
-1.28722113e-05 0.000635639764 0.0
-1.53422443e-05 0.000638999627 0.0
-2.66977058e-05 0.000622447755 0.0
-0.000153920453 0.00043483323 0.0
-0.000144193546 0.000471422245 0.0
-0.000139153533 0.000463998178 0.0
-0.00015814662 0.00044338833 0.0
0.000141716257 0.00125599676 0.0
0.0 0.0 0.0
-0.000474222586 0.0 0.0
-0.000332506344 0.00125599676 0.0
-0.000193960208 0.000869257085 0.0
-0.000187185127 0.000874909048 0.0
-0.000181970012 0.000881328015 0.0
-0.000178608927 0.000887930859 0.0
-0.000176836198 0.000895110425 0.0
-0.00017635744 0.000902042608 0.0
-0.000177184338 0.000907825073 0.0
-0.000179055933 0.000911992625 0.0
-0.000182144708 0.000914491015 0.0
-0.000187114303 0.00091480941 0.0
-0.000192693493 0.000913641008 0.0
-0.000204355485 0.000906929083 0.0
-0.000210055427 0.000902683183 0.0
-0.000215532069 0.000897742866 0.0
-0.000220338261 0.000892470358 0.0
-0.000224012314 0.000886761583 0.0
-0.000226703822 0.000880933017 0.0
-0.000227359618 0.000874506251 0.0
-0.000226519376 0.000868520758 0.0
-0.000222362854 0.000864069443 0.0
-0.00021723847 0.000861089386 0.0
-0.000209802471 0.000861001376 0.0
-0.000200253562 0.000891164411 0.0
0.000151490371 0.000832824211 0.0
0.000151935063 0.000829112076 0.0
0.000155231639 0.000819933484 0.0
0.000156431008 0.000816461223 0.0
0.000157738468 0.000814472092 0.0
0.000157687798 0.000815171632 0.0
0.000157274146 0.000816548709 0.0
0.00015626158 0.000818661356 0.0
0.000155096801 0.000821713067 0.0
0.000154039022 0.000824994117 0.0
0.000152656023 0.000828957825 0.0
0.00014699428 0.000835089886 0.0
0.000145229016 0.000836200546 0.0
0.000145429891 0.000837068423 0.0
0.00014699524 0.000837451022 0.0
0.000148412379 0.000837700325 0.0
0.000149718238 0.000837522442 0.0
0.000150445761 0.000837041414 0.0
-0.000317791593 0.000816461223 0.0
-0.000318990962 0.000819933484 0.0
-0.000322287524 0.000829112076 0.0
-0.00032273223 0.000832824211 0.0
-0.000322018226 0.000833823986 0.0
-0.000321140396 0.000831548765 0.0
-0.000320547668 0.000828219112 0.0
-0.000320094696 0.00082455948 0.0
-0.000318724196 0.000820207933 0.0
-0.00031743673 0.000817159598 0.0
-0.000317087513 0.000815665873 0.0
-0.00031743251 0.000814336934 0.0
0.000122023877 0.00128993031 0.0
0.000123567152 0.00128412526 0.0
0.000126656712 0.00126708392 0.0
0.00012737939 0.00125974242 0.0
0.00013300858 0.00124869682 0.0
0.000139556971 0.00124491705 0.0
0.000146436621 0.0012431225 0.0
0.000150950174 0.0012433253 0.0
0.000153032553 0.00124503288 0.0
0.000153927045 0.001247679 0.0
0.000153910267 0.00125100277 0.0
0.000152764609 0.00126006093 0.0
0.00015034937 0.00126600883 0.0
0.000145759172 0.00127204182 0.0
0.000139057229 0.00127745152 0.0
0.000130791334 0.00128306635 0.0
0.000124967919 0.00128850585 0.0
0.000121790108 0.00129160238 0.0
-1.43368534e-05 3.74563956e-06 0.0
-1.50595342e-05 1.1087137e-05 0.0
-1.81490923e-05 2.81284738e-05 0.0
-1.96923756e-05 3.39334656e-05 0.0
-2.16800163e-05 3.87240289e-05 0.0
-2.29426169e-05 3.82102698e-05 0.0
-2.45154624e-05 3.61993116e-05 0.0
-2.62196045e-05 3.29125141e-05 0.0
-2.72645302e-05 2.85906481e-05 0.0
-2.71383869e-05 2.32809962e-05 0.0
-2.538427e-05 1.70212716e-05 0.0
-2.22093986e-05 1.04718292e-05 0.0
-1.84523815e-05 3.87866567e-06 0.0
-5.36836126e-07 0.00120705576 0.0
3.69250097e-06 0.001235515 0.0
9.5577218e-07 0.00124748645 0.0
-6.26389237e-06 0.00124666106 0.0
-1.5837586e-05 0.00124362495 0.0
-2.83708778e-05 0.00123783411 0.0
-3.86534957e-05 0.00123176211 0.0
-4.72496322e-05 0.00122441677 0.0
-5.30103862e-05 0.00121605222 0.0
-5.60130429e-05 0.00120769034 0.0
-5.74280675e-05 0.00119317567 0.0
-5.61218294e-05 0.00118670554 0.0
-5.33698803e-05 0.00118142948 0.0
-4.9272101e-05 0.00117783365 0.0
-4.26637671e-05 0.00117635645 0.0
-3.30538787e-05 0.00117743004 0.0
-2.14430693e-05 0.0011818019 0.0
-1.06564094e-05 0.00118780544 0.0
-0.000138023752 -2.04817734e-05 0.0
-0.000142253091 -4.89410304e-05 0.0
-0.000135821363 -5.04211348e-05 0.0
-0.000131119639 -4.02179248e-05 0.0
-0.000129121734 -3.05156063e-05 0.0
-0.000129737615 -2.19419926e-05 0.0
-0.00013229929 -1.51694949e-05 0.0
-0.000411747256 0.000129866341 0.0
-0.000414595532 0.000129280103 0.0
-0.00041471998 0.000128586413 0.0
-0.000413100468 0.000127517778 0.0
-0.000411400892 0.000126313185 0.0
-0.000410603068 0.000124522427 0.0
-0.000408725726 0.00012191532 0.0
-0.000407173386 0.000118801545 0.0
-0.000404968188 0.000115376773 0.0
-0.000402280799 0.000111692731 0.0
-0.000399920857 0.000107756787 0.0
-0.000395047071 9.9680823e-05 0.0
-0.000392111775 9.68753448e-05 0.0
-0.000389405701 9.60314792e-05 0.0
-0.000387610984 9.66602529e-05 0.0
-0.000386947097 9.82562997e-05 0.0
-0.000387042615 0.000100760037 0.0
-0.000388043147 0.000104368548 0.0
-0.000390572648 0.000109256631 0.0
-0.000393084803 0.000114306604 0.0
-0.000396181189 0.000119759352 0.0
-0.000400270277 0.000124540384 0.0
-0.000401717756 0.000112436806 0.0
-0.000200214286 0.00103356724 0.0
-0.00020414374 0.00104433612 0.0
-0.00020445665 0.00104966038 0.0
-0.000203094838 0.00105130277 0.0
-0.000202151423 0.00105226506 0.0
-0.000200689639 0.00105232862 0.0
-0.000198747934 0.00105118984 0.0
-0.000196572219 0.00104936212 0.0
-0.000193865213 0.00104636524 0.0
-0.000190365754 0.00104307977 0.0
-0.000187743586 0.00104026904 0.0
-0.000193705695 0.00103500066 0.0
-0.000197837348 0.00103219214 0.0
-0.000199923408 0.00102943659 0.0
-0.000200900438 0.00102764403 0.0
-0.000201271789 0.00102636742 0.0
-0.000201492134 0.00102552096 0.0
-0.000201294941 0.0010252971 0.0
-0.000201472882 0.00102562644 0.0
-0.000201211325 0.00102714123 0.0
0.000270078861 0.00104433612 0.0
0.000274008315 0.00103356724 0.0
0.000273702462 0.00103255885 0.0
0.000273456797 0.00103641755 0.0
0.00027232818 0.00104042946 0.0
0.000270118355 0.00104415999 0.0
0.000268469244 0.00104640552 0.0
5.22563751e-05 0.0010174613 0.0
4.65190242e-05 0.00101864361 0.0
4.24352693e-05 0.00101720041 0.0
3.91357135e-05 0.0010143643 0.0
3.63871768e-05 0.0010099425 0.0
3.4581306e-05 0.00100421091 0.0
3.4506229e-05 0.00099802576 0.0
3.56696073e-05 0.000991037115 0.0
3.89452216e-05 0.000983873382 0.0
4.41914053e-05 0.000977062038 0.0
5.05610624e-05 0.000970468391 0.0
5.77613901e-05 0.00096410868 0.0
7.37180671e-05 0.000957014738 0.0
8.04402589e-05 0.000956658449 0.0
8.4727355e-05 0.000958142919 0.0
8.73832978e-05 0.000961080135 0.0
8.88906216e-05 0.000965235929 0.0
8.94258919e-05 0.00097044016 0.0
8.90551964e-05 0.000976851326 0.0
8.67168492e-05 0.000983838807 0.0
8.26734977e-05 0.000991105684 0.0
7.71925479e-05 0.000998078496 0.0
7.09098167e-05 0.00100430835 0.0
6.47256529e-05 0.00100970943 0.0
6.20905703e-05 0.000988156768 0.0
-0.00012252247 0.00106224872 0.0
-0.000112004454 0.0010684419 0.0
-0.00010428617 0.00107604556 0.0
-9.94364527e-05 0.00108417834 0.0
-9.6432479e-05 0.00109250774 0.0
-9.54638745e-05 0.00110047939 0.0
-9.60147154e-05 0.00110739656 0.0
-9.78700773e-05 0.00111282093 0.0
-0.000101188816 0.00111620314 0.0
-0.000106528605 0.00111721968 0.0
-0.0001255198 0.00111139345 0.0
-0.000135109614 0.00110503123 0.0
-0.00014290199 0.00109673082 0.0
-0.000148152394 0.00108703109 0.0
-0.000151437227 0.00107713032 0.0
-0.000151903965 0.00106848998 0.0
-0.000150784705 0.00106183288 0.0
-0.000148607782 0.00105741748 0.0
-0.000145206708 0.00105589698 0.0
-0.000140987075 0.00105584378 0.0
-0.000123452817 0.00108522526 0.0
-0.000113968432 0.00043371931 0.0
-0.000119662633 0.000433780922 0.0
-0.000123279387 0.000431969413 0.0
-0.000125277467 0.000429268199 0.0
-0.000126916653 0.000424542697 0.0
-0.000128013678 0.000417973934 0.0
-0.000127049396 0.000409962726 0.0
-0.000124066457 0.000401266065 0.0
-0.000119869372 0.00039235095 0.0
-0.000113461516 0.00038415991 0.0
-0.000104698913 0.000377160206 0.0
-8.37356492e-05 0.000371155242 0.0
-7.72502899e-05 0.000372333947 0.0
-7.3798401e-05 0.000375651114 0.0
-7.21183824e-05 0.000379938429 0.0
-7.14300113e-05 0.000385689142 0.0
-7.20280368e-05 0.000392730261 0.0
-7.42604971e-05 0.000400313525 0.0
-7.80307164e-05 0.000408199354 0.0
-8.33079175e-05 0.000415880117 0.0
-8.9783578e-05 0.000422460493 0.0
-9.728656e-05 0.000427905441 0.0
-0.00010001169 0.000405358151 0.0
1.85178324e-05 0.000180422634 0.0
3.92154507e-05 0.00017249801 0.0
4.73050095e-05 0.000172793021 0.0
4.8712438e-05 0.000176130983 0.0
4.93840125e-05 0.00018054845 0.0
4.92117324e-05 0.000186180783 0.0
4.73099026e-05 0.000192863081 0.0
4.37458984e-05 0.000200280469 0.0
3.83580118e-05 0.000207846053 0.0
3.0470721e-05 0.000215884545 0.0
2.00172599e-05 0.000221874536 0.0
5.34043102e-06 0.000225907264 0.0
3.79064568e-06 0.00022645331 0.0
2.3632806e-06 0.000226187898 0.0
4.27903501e-07 0.000223919211 0.0
-6.51585879e-07 0.000219884838 0.0
-1.28522652e-06 0.000214028376 0.0
-3.32553526e-07 0.000206873054 0.0
2.33187166e-06 0.000198883616 0.0
6.73157547e-06 0.000190882871 0.0
-0.000435007154 0.00017249801 0.0
-0.00045570478 0.000180422634 0.0
-0.00045633642 0.000176791727 0.0
-0.000448264764 0.000171493244 0.0
-0.000439394265 0.000168266153 0.0
-0.000433009729 0.000168477709 0.0
3.34770775e-05 0.000565756578 0.0
3.53047944e-05 0.00056806975 0.0
3.98233096e-05 0.000570342003 0.0
4.46304803e-05 0.00057379331 0.0
4.76733148e-05 0.000577438914 0.0
4.95239692e-05 0.000580164837 0.0
5.04432719e-05 0.000581941509 0.0
5.14571548e-05 0.000582456705 0.0
5.32010308e-05 0.000582143606 0.0
5.39637185e-05 0.00058126048 0.0
5.22716655e-05 0.000579414365 0.0
4.47174461e-05 0.000572842371 0.0
4.17448719e-05 0.000568249787 0.0
3.91632821e-05 0.000563600333 0.0
3.64939406e-05 0.00055932207 0.0
3.48366448e-05 0.000555588515 0.0
3.40319057e-05 0.000552622601 0.0
3.42329586e-05 0.000550996978 0.0
3.53385076e-05 0.000550686265 0.0
3.65429041e-05 0.000551819452 0.0
3.77192264e-05 0.00055436918 0.0
3.73139665e-05 0.000557985564 0.0
4.20949764e-05 0.000565453607 0.0
-4.56840826e-05 0.000311590295 0.0
-5.36194311e-05 0.000309657335 0.0
-5.84446971e-05 0.000305655587 0.0
-6.19445564e-05 0.00030014498 0.0
-6.38581478e-05 0.000292907556 0.0
-6.40669605e-05 0.000284162234 0.0
-6.25346802e-05 0.000274372258 0.0
-5.83867368e-05 0.00026420856 0.0
-5.15915199e-05 0.000254129467 0.0
-4.08212545e-05 0.000244796393 0.0
-2.70037126e-05 0.000237522705 0.0
-7.59184377e-06 0.000233376355 0.0
-4.16525609e-06 0.000233853498 0.0
-8.71075713e-07 0.000236046355 0.0
2.23691359e-06 0.00024138343 0.0
5.11765575e-06 0.000248499273 0.0
6.91070591e-06 0.000257195905 0.0
6.53345933e-06 0.00026661731 0.0
3.46301863e-06 0.0002767611 0.0
-2.37310428e-06 0.000286773866 0.0
-1.02729309e-05 0.000296254584 0.0
-2.06568584e-05 0.000304431858 0.0
-2.61602891e-05 0.000270031858 0.0
-5.55527331e-05 0.000554564758 0.0
-4.97103392e-05 0.000559882959 0.0
-4.47045277e-05 0.000566020899 0.0
-4.0955787e-05 0.000572355988 0.0
-3.87741347e-05 0.000578307023 0.0
-3.79154626e-05 0.00058379455 0.0
-3.80515703e-05 0.000588288181 0.0
-3.8842154e-05 0.000591601653 0.0
-4.06729159e-05 0.000593849807 0.0
-4.36115006e-05 0.000595788413 0.0
-6.19876446e-05 0.000591239601 0.0
-7.17023358e-05 0.000584080117 0.0
-7.86774544e-05 0.000576026796 0.0
-8.33835729e-05 0.000568098738 0.0
-8.56437109e-05 0.000560723071 0.0
-8.54410828e-05 0.000554681232 0.0
-8.44569004e-05 0.000550590805 0.0
-8.19077832e-05 0.000547991775 0.0
-7.65150326e-05 0.000546575466 0.0
-6.95996277e-05 0.000546951138 0.0
-5.8470654e-05 0.000569570053 0.0
-0.000291279692 0.000725211576 0.0
-0.000284964626 0.000730220112 0.0
-0.000280338514 0.000735528592 0.0
-0.000276181061 0.000741328404 0.0
-0.000273520156 0.000746812788 0.0
-0.00027063553 0.000753599335 0.0
-0.000269710959 0.000759835006 0.0
-0.000270793098 0.000766148267 0.0
-0.000274832506 0.000770266401 0.0
-0.000279313652 0.000772707979 0.0
-0.000286490831 0.000772606872 0.0
-0.000300557527 0.000763742079 0.0
-0.000306427304 0.000757713628 0.0
-0.000312696502 0.000751311192 0.0
-0.000317411759 0.000744674297 0.0
-0.000319873594 0.000737944618 0.0
-0.000320921274 0.00073175173 0.0
-0.000321739091 0.000726640865 0.0
-0.000321457454 0.000722187746 0.0
-0.000320051855 0.000718683354 0.0
-0.000315823534 0.000716805283 0.0
-0.000308246497 0.000717538584 0.0
-0.00029689318 0.000743571785 0.0
-2.2081269e-05 0.00062026165 0.0
-1.73374501e-05 0.00062529929 0.0
-1.43564812e-05 0.000630668073 0.0
-1.25627475e-05 0.000635962526 0.0
-1.1549243e-05 0.000640193757 0.0
-1.10752999e-05 0.000643530802 0.0
-1.1183407e-05 0.000645749737 0.0
-1.16048614e-05 0.000646168715 0.0
-1.22712963e-05 0.000645111606 0.0
-1.32904233e-05 0.00064286252 0.0
-1.4133986e-05 0.000639793463 0.0
-1.21200464e-05 0.000632368785 0.0
-1.46037592e-05 0.000630011782 0.0
-1.99716178e-05 0.000627180445 0.0
-2.43553459e-05 0.000623246538 0.0
-2.77566905e-05 0.000619975559 0.0
-3.00735319e-05 0.000617056852 0.0
-3.09509378e-05 0.000615218363 0.0
-3.15246398e-05 0.000614497636 0.0
-3.27463094e-05 0.000614657998 0.0
-3.36022531e-05 0.000615450612 0.0
-3.33535027e-05 0.000615317491 0.0
-2.04415846e-05 0.000631230068 0.0
-0.000148861334 0.000439904019 0.0
-0.000143639059 0.000444683479 0.0
-0.000138817137 0.000449597748 0.0
-0.000134797476 0.000455021131 0.0
-0.000132497851 0.000460324402 0.0
-0.000131455585 0.000464783137 0.0
-0.000130596571 0.000468112645 0.0
-0.000130189146 0.000470645027 0.0
-0.000130662011 0.000472538406 0.0
-0.000132702859 0.000473661436 0.0
-0.000136284056 0.000474075932 0.0
-0.0001412071 0.000473416061 0.0
-0.000146474471 0.000468710641 0.0
-0.000150652573 0.000465704186 0.0
-0.000156030641 0.00046110322 0.0
-0.000161979624 0.000455633883 0.0
-0.000166771642 0.000449708634 0.0
-0.000169279418 0.000443974481 0.0
-0.000170455009 0.000438879302 0.0
-0.000170266183 0.00043483029 0.0
-0.000168971819 0.000431969151 0.0
-0.000166653161 0.000430242188 0.0
-0.000163489662 0.000430251472 0.0
-0.000159033531 0.000431737426 0.0
-0.00014801143 0.000454330322 0.0
0.000146351915 0.00121477514 0.0
0.000180377145 0.00116322318 0.0
0.000182452262 0.000753629138 0.0
0.000170357947 0.000718120893 0.0
0.00011360785 0.000658215489 0.0
6.94005357e-05 0.000606601825 0.0
5.28937817e-05 0.000579313026 0.0
5.34760402e-05 0.000548509415 0.0
9.34302152e-05 0.000498470617 0.0
0.000141437384 0.000427545951 0.0
0.000141880606 0.000355361961 0.0
8.55390535e-05 0.000274195423 0.0
6.86822314e-05 0.000136667571 0.0
6.97884898e-05 0.000111398418 0.0
5.43658389e-05 7.87853423e-05 0.0
2.25960484e-05 3.99207238e-05 0.0
-1.01708019e-05 1.09881003e-05 0.0
-5.03584561e-05 0.000100428471 0.0
-8.02544164e-05 8.27302792e-05 0.0
-0.000167553648 -1.22413167e-05 0.0
-0.000179772687 -7.19692116e-06 0.0
-0.000195629924 -3.77563847e-05 0.0
-0.000215653767 -8.42843365e-05 0.0
-0.000237430955 -0.000123787206 0.0
-0.000253112288 -0.000134207934 0.0
-0.000269377168 -0.000123011385 0.0
-0.000283731701 -9.4672956e-05 0.0
-0.00029084881 -6.09602866e-05 0.0
-0.000295364734 -2.9703293e-05 0.0
-0.000301691238 -4.14253827e-06 0.0
-0.000328730355 1.68997994e-05 0.0
-0.00036409215 3.0198114e-06 0.0
-0.000415601302 -1.22319204e-06 0.0
-0.000451274216 -1.3308766e-05 0.0
-0.000463529926 -1.42394247e-05 0.0
-0.000451626547 3.99207238e-05 0.0
-0.000419856777 7.87853423e-05 0.0
-0.000404434104 0.000111398418 0.0
-0.00040554037 0.000136667571 0.0
-0.000388683547 0.000274195423 0.0
-0.000332341995 0.000355361961 0.0
-0.000332785217 0.000427545951 0.0
-0.000380792393 0.000498470617 0.0
-0.000420746568 0.000548509415 0.0
-0.000421328819 0.000579313026 0.0
-0.000404822058 0.000606601825 0.0
-0.000360614737 0.000658215489 0.0
-0.000303864654 0.000718120893 0.0
-0.000291770324 0.000753629138 0.0
-0.000293845456 0.00116322318 0.0
-0.000327870686 0.00121477514 0.0
-0.000321813684 0.00124175742 0.0
-0.000309557974 0.00124268804 0.0
-0.00027388506 0.00125477358 0.0
-0.000222375907 0.00125901657 0.0
-0.000187014099 0.00127289665 0.0
-0.000159974996 0.00125185424 0.0
-0.000153648492 0.00122629351 0.0
-0.000149132567 0.00119503646 0.0
-0.000142015444 0.00116132386 0.0
-0.000127660911 0.00113298546 0.0
-0.000111396053 0.00112178887 0.0
-9.57147058e-05 0.00113220955 0.0
-7.39375246e-05 0.00117171241 0.0
-5.39136672e-05 0.00121824036 0.0
-3.80564306e-05 0.00124879985 0.0
-2.58374002e-05 0.00124375545 0.0
6.1461833e-05 0.00133872707 0.0
9.13577969e-05 0.00135642523 0.0
0.000131545443 0.00126698485 0.0
-0.000190124134 0.000887924689 0.0
-0.000209833132 0.000893721241 0.0
-0.000215722685 0.000884124544 0.0
-0.000185949073 0.000898352475 0.0
-0.000197783447 0.00087780942 0.0
-0.000202045572 0.000902091677 0.0
-0.000188710153 0.000881359447 0.0
-0.00021007935 0.000898550148 0.0
-0.00021702933 0.000890207069 0.0
-0.000183261145 0.000891544973 0.0
-0.000182671414 0.000905593566 0.0
-0.000220588845 0.000876215345 0.0
-0.000196743043 0.000908144517 0.0
-0.000204068798 0.000869765878 0.0
-0.0001805754 0.000897931226 0.0
-0.000215181004 0.000894745812 0.0
-0.000184489822 0.0008860089 0.0
-0.000205633711 0.000903465785 0.0
-0.000221191149 0.000884553941 0.0
-0.000193077707 0.000874866033 0.0
-0.000215856038 0.000868452305 0.0
-0.000187523168 0.000910502218 0.0
-0.00018475097 0.000909131602 0.0
-0.000218772999 0.000871083699 0.0
-0.000222348637 0.00088003726 0.0
-0.00018049145 0.000902503321 0.0
-0.000211154722 0.000867919007 0.0
-0.000191304804 0.000910135685 0.0
-0.000201451723 0.000906466972 0.0
-0.000197935005 0.000871051277 0.0
-0.000192701395 0.000893748715 0.0
-0.000208095953 0.000888554321 0.0
-0.000197927729 0.000885193411 0.0
-0.000202384646 0.000896421203 0.0
0.000153187109 0.000824106508 0.0
0.000150022679 0.000830362551 0.0
0.000150020351 0.000829569472 0.0
0.000155836169 0.000818642846 0.0
0.000150145745 0.000833163445 0.0
0.000155489601 0.000820111425 0.0
0.000153997113 0.000823694339 0.0
0.000147795945 0.000832855294 0.0
0.000152063367 0.000826379284 0.0
0.000148221399 0.000834022823 0.0
0.000154231719 0.000821884954 0.0
0.000150921522 0.000829860859 0.0
0.000151920744 0.000827884069 0.0
0.000151134736 0.000827710552 0.0
0.000149553802 0.000831157377 0.0
0.000156648108 0.000816464017 0.0
0.000155652131 0.000818672706 0.0
0.000149219733 0.000835138839 0.0
0.000152085137 0.000826496456 0.0
0.000155136207 0.000821140769 0.0
0.000156505732 0.00081775483 0.0
0.000150717126 0.000834351114 0.0
0.000147034749 0.00083514693 0.0
0.000151040469 0.000831560523 0.0
0.000147795436 0.000832864607 0.0
0.000154804002 0.000820993097 0.0
0.000149361818 0.000830691424 0.0
0.000156907146 0.000816501735 0.0
0.000149984975 0.00083548465 0.0
0.000149426982 0.000832730031 0.0
0.000153500005 0.000825633237 0.0
0.000152028224 0.000827415148 0.0
-0.000319229759 0.000820946996 0.0
-0.000320982566 0.000826194067 0.0
-0.000321935979 0.00083117059 0.0
-0.000317791739 0.000816919259 0.0
-0.00031802195 0.000818273285 0.0
-0.000321400759 0.000829105731 0.0
-0.000320163614 0.000823365117 0.0
0.000139103766 0.00126086571 0.0
0.000134492162 0.00127256638 0.0
0.000145413491 0.0012618585 0.0
0.000127559979 0.00128266681 0.0
0.000135245427 0.0012558694 0.0
0.000143563884 0.0012523554 0.0
0.000148332052 0.00125534181 0.0
0.000134408299 0.00127787492 0.0
0.000143095138 0.00126817427 0.0
0.000129126362 0.00127724989 0.0
0.000135476628 0.00126833306 0.0
0.000133059148 0.001263023 0.0
0.000148557607 0.00125105586 0.0
0.000123456164 0.00128858013 0.0
0.000142109595 0.00126163394 0.0
0.000147923842 0.00126311078 0.0
0.000128927262 0.00128294399 0.0
0.000149994317 0.00125665462 0.0
0.000140425997 0.00125018961 0.0
0.000139809796 0.00127369538 0.0
0.000124983198 0.00128462515 0.0
0.000131671055 0.0012549177 0.0
0.000130469081 0.0012611514 0.0
0.000139593365 0.00126754423 0.0
0.000138034753 0.00125764217 0.0
0.000131123408 0.00126932864 0.0
0.000132169109 0.00127720425 0.0
0.00013590524 0.00125101954 0.0
0.000150005493 0.00125926954 0.0
0.000144401012 0.00125635182 0.0
0.000125071034 0.00128711469 0.0
0.000137211449 0.00127288827 0.0
-2.09075988e-05 1.9189898e-05 0.0
-2.23479037e-05 2.63559796e-05 0.0
-2.15310502e-05 3.23261447e-05 0.0
-1.8358689e-05 8.88554314e-06 0.0
-2.41971666e-05 2.42191363e-05 0.0
-2.09020054e-05 3.44360124e-05 0.0
-2.30990954e-05 3.13553355e-05 0.0
-2.01373405e-05 2.75653656e-05 0.0
-2.15414875e-05 1.50427204e-05 0.0
-2.62860012e-05 0.00120646192 0.0
-1.77892689e-05 0.00122307695 0.0
-4.04505008e-05 0.00121095544 0.0
-4.48424507e-05 0.00119837699 0.0
-1.95332159e-05 0.00119607616 0.0
-2.96220333e-05 0.00122684718 0.0
-3.71418137e-05 0.00119130523 0.0
-9.0056601e-06 0.00123302953 0.0
-1.44580044e-05 0.00123659417 0.0
-1.45027989e-05 0.00121662882 0.0
-2.81780958e-05 0.00121308782 0.0
-4.12665431e-05 0.00121897657 0.0
-4.92228537e-05 0.00120576995 0.0
-1.39913782e-05 0.00120611431 0.0
-4.68647413e-05 0.00118880754 0.0
-3.05729154e-05 0.00118682766 0.0
-6.00850854e-06 0.00122691528 0.0
-3.00593656e-05 0.0012195243 0.0
-1.03998236e-05 0.00119691947 0.0
-3.73799012e-05 0.00120568962 0.0
-3.73523289e-05 0.0011982054 0.0
-5.1390376e-05 0.00119862752 0.0
-2.37351032e-05 0.0012338747 0.0
-3.77920624e-05 0.00122630224 0.0
-4.85145683e-05 0.00121170573 0.0
-6.029838e-06 0.00124088826 0.0
-1.77598358e-05 0.00119002105 0.0
-5.14287422e-05 0.00119310769 0.0
-2.76942883e-05 0.00119731762 0.0
-3.16557562e-05 0.00123130565 0.0
-4.20769284e-05 0.00118363847 0.0
-7.10699965e-07 0.00124088954 0.0
-4.43172939e-05 0.00120432174 0.0
-2.07128196e-05 0.00122873764 0.0
-0.000134286645 -2.54717943e-05 0.0
-0.000135804235 -3.97402764e-05 0.0
-0.000133684982 -2.06510231e-05 0.0
-0.000136348244 -4.49937652e-05 0.0
-0.00040793317 0.000119131197 0.0
-0.000396368647 0.000104768878 0.0
-0.000392789487 0.000104417675 0.0
-0.000409577595 0.000122202357 0.0
-0.000405851402 0.000121788587 0.0
-0.000393328897 0.000108530032 0.0
-0.000406854175 0.000117743584 0.0
-0.000398037257 0.000104871076 0.0
-0.000410866749 0.000123493228 0.0
-0.000391999347 0.000100634214 0.0
-0.000404526741 0.000117305746 0.0
-0.000401584257 0.000109704488 0.0
-0.000399474724 0.000118797754 0.0
-0.000395118754 0.000101075602 0.0
-0.000405622617 0.000115978939 0.0
-0.000408763328 0.000121145313 0.0
-0.000410958601 0.000125583232 0.0
-0.000390211295 0.000104218358 0.0
-0.000393647031 0.000111703244 0.0
-0.000412424066 0.000125500272 0.0
-0.00038975256 0.000100360325 0.0
-0.000397036929 0.000109690664 0.0
-0.000412563357 0.00012611202 0.0
-0.000392708811 9.93968133e-05 0.0
-0.000410227978 0.000123444988 0.0
-0.000389399851 0.000101659483 0.0
-0.000403465325 0.000112773094 0.0
-0.000396259798 0.000115749506 0.0
-0.000399331329 0.000106338186 0.0
-0.000402913924 0.000123233665 0.0
-0.000196869223 0.00103715819 0.0
-0.000200333889 0.00104349677 0.0
-0.000199312053 0.0010321046 0.0
-0.000196786757 0.00104441051 0.0
-0.000198653928 0.00103083288 0.0
-0.000193074724 0.00103800325 0.0
-0.00019944481 0.0010376008 0.0
-0.000196094712 0.00103341229 0.0
-0.000199767208 0.00104787399 0.0
-0.000199972841 0.00102868746 0.0
-0.000193168555 0.00104283064 0.0
-0.000203152842 0.00104551332 0.0
-0.000200057926 0.00103099167 0.0
-0.000201374118 0.00104097323 0.0
-0.000199818911 0.00103500136 0.0
-0.000198933281 0.00103011087 0.0
-0.000197932823 0.00104108278 0.0
-0.000201786999 0.00104762649 0.0
-0.000195453162 0.00104003621 0.0
-0.000192932392 0.00103572966 0.0
-0.000200145354 0.00102904241 0.0
-0.000198145688 0.00103384163 0.0
-0.000196949244 0.00103439332 0.0
-0.00019719312 0.00104811252 0.0
-0.000200303461 0.00102795789 0.0
-0.000190846957 0.00104037998 0.0
-0.000198896814 0.00104908738 0.0
-0.000195119326 0.00104613556 0.0
-0.000197651883 0.00103154418 0.0
-0.000195404602 0.00103350473 0.0
-0.000199315007 0.00104012224 0.0
-0.000198917711 0.00103502872 0.0
-0.000199026807 0.00104447291 0.0
-0.000200390481 0.00103808055 0.0
-0.00019541911 0.00103685551 0.0
-0.000199139991 0.00103119388 0.0
-0.000190536623 0.00103815563 0.0
-0.00020133848 0.00104963058 0.0
-0.000200588736 0.00102738093 0.0
-0.000198315203 0.00103741186 0.0
-0.000200045892 0.00102848338 0.0
0.000271059194 0.00104244717 0.0
0.00027341838 0.00103669462 0.0
0.000269929937 0.00104429876 0.0
0.000273689133 0.00103481847 0.0
7.72553249e-05 0.00098072656 0.0
7.28111845e-05 0.000971148547 0.0
5.262794e-05 0.00100433978 0.0
4.64330151e-05 0.000995179988 0.0
4.44480866e-05 0.00100501976 0.0
4.51639935e-05 0.000987238251 0.0
6.6971319e-05 0.000967490836 0.0
8.08452096e-05 0.000970591733 0.0
7.76546949e-05 0.000988253742 0.0
5.76771054e-05 0.00100776053 0.0
8.49266071e-05 0.000976057432 0.0
4.73332148e-05 0.00101282191 0.0
3.88705848e-05 0.000999056734 0.0
7.90324048e-05 0.000962612685 0.0
7.13180198e-05 0.000998227159 0.0
6.46807966e-05 0.00100472698 0.0
5.11025355e-05 0.000977241667 0.0
5.82908579e-05 0.000970249996 0.0
3.95708885e-05 0.00100424583 0.0
3.9509574e-05 0.000993701397 0.0
8.36186664e-05 0.000981536112 0.0
8.51347286e-05 0.000971052272 0.0
5.15551037e-05 0.00101291493 0.0
4.38500429e-05 0.00101126765 0.0
7.43773271e-05 0.000962417806 0.0
8.24057424e-05 0.000964287785 0.0
7.7186327e-05 0.000993941212 0.0
4.48687388e-05 0.000981313875 0.0
5.4335851e-05 0.000995144481 0.0
6.99790544e-05 0.000980598386 0.0
-0.000125781007 0.00107251666 0.0
-0.000121538134 0.00109892152 0.0
-0.000138679578 0.00106615562 0.0
-0.000108260181 0.00110438489 0.0
-0.000113540424 0.0010771188 0.0
-0.000133583424 0.0010947414 0.0
-0.000114163136 0.00110803312 0.0
-0.000133376365 0.00106405909 0.0
-0.000104860053 0.00108793331 0.0
-0.000142193181 0.00108251034 0.0
-0.000102097314 0.00110486266 0.0
-0.000144696533 0.00106499321 0.0
-0.000129280248 0.00108874461 0.0
-0.000117688418 0.00108203478 0.0
-0.000119462042 0.00106960442 0.0
-0.000128057727 0.00110314891 0.0
-0.000127184772 0.00106490625 0.0
-0.000120718541 0.00110793358 0.0
-0.000139770185 0.00106045243 0.0
-0.000107389154 0.00111146853 0.0
-0.000146555074 0.00106931827 0.0
-0.000146658305 0.00107485685 0.0
-0.000100422563 0.00110014179 0.0
-0.000100557751 0.00109473709 0.0
-0.000105386571 0.00108135364 0.0
-0.000141773344 0.00109018455 0.0
-0.000129909429 0.00107569038 0.0
-0.00011707205 0.00109486573 0.0
-0.000110478446 0.000401512749 0.0
-0.000101179656 0.000417694799 0.0
-8.85469781e-05 0.000409776025 0.0
-0.000100190751 0.000388695713 0.0
-8.05949385e-05 0.000398076751 0.0
-8.71593365e-05 0.000383396226 0.0
-0.000119372969 0.000412370777 0.0
-0.000111527865 0.000424845814 0.0
-9.55285941e-05 0.000419954333 0.0
-0.000111922083 0.000393376773 0.0
-9.05449269e-05 0.000403498969 0.0
-0.000121060912 0.000421926612 0.0
-7.77441674e-05 0.000388147979 0.0
-0.000120887955 0.000405721599 0.0
-0.000108274209 0.000427479448 0.0
-0.000117832911 0.000427901803 0.0
-8.08047698e-05 0.000405070517 0.0
-9.23293774e-05 0.000379591802 0.0
-8.00461276e-05 0.000380228506 0.0
-0.000105940118 0.000385098567 0.0
-8.8169676e-05 0.000415754505 0.0
-8.37866901e-05 0.000410869543 0.0
-0.000118203279 0.000398602599 0.0
-9.94262664e-05 0.000380849262 0.0
-0.000101712838 0.000425507227 0.0
-9.48543238e-05 0.000393931608 0.0
-0.000120524062 0.000425949518 0.0
-7.7623321e-05 0.000383167237 0.0
-0.000123832549 0.000419348769 0.0
-7.54630746e-05 0.000391107373 0.0
-0.00011149975 0.000409626489 0.0
1.52044286e-05 0.000210935992 0.0
3.96716569e-05 0.000179430397 0.0
7.45977059e-06 0.000213095525 0.0
2.33304163e-05 0.000209183883 0.0
4.1995303e-05 0.000184108416 0.0
5.75391596e-06 0.000207440928 0.0
2.69687662e-05 0.000190441322 0.0
6.83761073e-06 0.000219827853 0.0
1.24447415e-05 0.000218003886 0.0
1.34018301e-05 0.000189990795 0.0
3.49265974e-05 0.000202531635 0.0
4.19363532e-05 0.000190905819 0.0
2.24352571e-05 0.000186194462 0.0
3.46875495e-05 0.000186325662 0.0
3.21822044e-05 0.000182085918 0.0
4.0639261e-06 0.000220545204 0.0
8.36388699e-06 0.000220576156 0.0
1.73842509e-05 0.000217531386 0.0
4.40513031e-05 0.000178461065 0.0
7.71612758e-06 0.000199100163 0.0
2.69564657e-06 0.00021840712 0.0
2.59891704e-06 0.000214274987 0.0
2.44211824e-05 0.000214309999 0.0
3.06146758e-05 0.000209386315 0.0
1.67050803e-05 0.00020522144 0.0
4.54382898e-05 0.000185417695 0.0
4.0285584e-05 0.0001964939 0.0
-0.000450552558 0.000176269794 0.0
-0.000438947522 0.000171964304 0.0
-0.000453048793 0.000176653601 0.0
-0.000436367322 0.000170533865 0.0
-0.000458234339 0.000180290619 0.0
-0.000432456989 0.000170360261 0.0
4.61479758e-05 0.000571115874 0.0
3.85539206e-05 0.00056266028 0.0
4.06778927e-05 0.000562941888 0.0
4.07378102e-05 0.000568938791 0.0
3.80348065e-05 0.000557610474 0.0
4.96354005e-05 0.00057639915 0.0
4.34641333e-05 0.000568415155 0.0
3.75640047e-05 0.000557511521 0.0
4.56998532e-05 0.000574931502 0.0
3.70942398e-05 0.000565171416 0.0
4.88196165e-05 0.000575292215 0.0
3.76129792e-05 0.000555011735 0.0
3.8952774e-05 0.000562023604 0.0
3.7118778e-05 0.000559805252 0.0
5.06858778e-05 0.000579190848 0.0
3.86118118e-05 0.000568539195 0.0
4.14599162e-05 0.000571165583 0.0
4.42360652e-05 0.000573707337 0.0
3.60867562e-05 0.000562830246 0.0
4.60976335e-05 0.000572605059 0.0
5.09016536e-05 0.00057748484 0.0
3.93042646e-05 0.000560448098 0.0
3.72394243e-05 0.000558698492 0.0
4.0992345e-05 0.000565625669 0.0
3.60524573e-05 0.000554276572 0.0
4.83123658e-05 0.000578363659 0.0
4.96294451e-05 0.000579288928 0.0
3.64413318e-05 0.000553678779 0.0
4.18388336e-05 0.000567464274 0.0
3.76251446e-05 0.000554718776 0.0
-2.1673437e-05 0.000284647598 0.0
-1.92114603e-05 0.000251795398 0.0
-3.59500009e-05 0.000257906388 0.0
-3.97722251e-05 0.000293089659 0.0
-4.93502012e-05 0.000270249118 0.0
-7.93161234e-06 0.000277344196 0.0
-7.41172016e-06 0.000244915718 0.0
-2.74104495e-05 0.000296123442 0.0
-2.2446864e-05 0.000245381583 0.0
-5.12731312e-05 0.00029355046 0.0
-1.79155188e-06 0.000263475813 0.0
-1.06231755e-05 0.000286952243 0.0
-1.59051906e-05 0.000272354024 0.0
-1.94483619e-06 0.000250118261 0.0
-9.06492824e-06 0.000239644709 0.0
-5.65016344e-05 0.000277962448 0.0
-4.81553761e-05 0.000260994828 0.0
-3.84962768e-05 0.000302388624 0.0
-4.59868097e-05 0.000303418288 0.0
-5.0939685e-05 0.000301132561 0.0
-3.34280085e-05 0.000248202821 0.0
-3.7371723e-05 0.000268747273 0.0
-1.78035152e-05 0.000294365309 0.0
-1.36965591e-05 0.000239610381 0.0
-4.18796772e-05 0.000253621925 0.0
-5.77567916e-05 0.000285789254 0.0
-5.73780453e-05 0.000292318902 0.0
-5.92550293e-08 0.000271020719 0.0
-3.07024311e-05 0.00028139507 0.0
-1.98004864e-06 0.000243149349 0.0
1.25009524e-06 0.000255265128 0.0
-6.59984144e-05 0.000573900121 0.0
-5.89541742e-05 0.000560670916 0.0
-4.89236263e-05 0.000569297175 0.0
-5.26307449e-05 0.000582862122 0.0
-6.82700556e-05 0.00055465498 0.0
-7.56164081e-05 0.000565832481 0.0
-4.31155968e-05 0.000578058476 0.0
-6.39887003e-05 0.000581515429 0.0
-5.41220688e-05 0.000560157525 0.0
-4.41135417e-05 0.0005864962 0.0
-8.0258149e-05 0.000559794309 0.0
-7.6164346e-05 0.000571237819 0.0
-7.51566477e-05 0.000551989186 0.0
-6.44805332e-05 0.000552835641 0.0
-5.88320981e-05 0.000555296952 0.0
-7.16517461e-05 0.000577466155 0.0
-5.56983287e-05 0.000587797316 0.0
-4.93005173e-05 0.000590175798 0.0
-4.54039728e-05 0.000589914154 0.0
-4.85219498e-05 0.00056491245 0.0
-4.51163942e-05 0.000569391472 0.0
-4.30764085e-05 0.000573760131 0.0
-8.03505027e-05 0.000555543986 0.0
-7.88529505e-05 0.000553226215 0.0
-4.09141321e-05 0.000583216373 0.0
-4.11688488e-05 0.000586663606 0.0
-6.78028155e-05 0.000567043026 0.0
-6.44509782e-05 0.000561301829 0.0
-0.000308675924 0.00074265094 0.0
-0.000283109082 0.000747057027 0.0
-0.000309157535 0.000732125249 0.0
-0.00028198646 0.00075712183 0.0
-0.000305921625 0.000751364918 0.0
-0.000283288042 0.000739265874 0.0
-0.000315127545 0.000733732362 0.0
-0.000306136528 0.000726493134 0.0
-0.000287923118 0.000762170937 0.0
-0.000276932638 0.000753238914 0.0
-0.000315052428 0.000741730037 0.0
-0.000289324817 0.00073254382 0.0
-0.000316631893 0.000724820478 0.0
-0.000278334046 0.00074383826 0.0
-0.000302630273 0.00075772719 0.0
-0.00027540038 0.000759821793 0.0
-0.000276874052 0.000763890741 0.0
-0.000280363689 0.000765576609 0.0
-0.000275875587 0.000748972991 0.0
-0.000317047932 0.000736324757 0.0
-0.000312031654 0.000747376005 0.0
-0.000289656688 0.000740657852 0.0
-0.000313910976 0.000722796598 0.0
-0.00031801025 0.000727825158 0.0
-0.000291899836 0.000765002798 0.0
-0.00030181394 0.000724280835 0.0
-0.000295271864 0.0007271223 0.0
-0.00029742482 0.000762161624 0.0
-0.000289520685 0.000750727253 0.0
-0.000284531969 0.000734356639 0.0
-1.75457772e-05 0.000633674033 0.0
-1.69243285e-05 0.000634227006 0.0
-2.60249544e-05 0.000624301319 0.0
-2.03647924e-05 0.000627790578 0.0
-2.56089133e-05 0.000622163527 0.0
-1.43251864e-05 0.000638714526 0.0
-1.49622965e-05 0.00063940644 0.0
-2.10364578e-05 0.000627075671 0.0
-2.98694576e-05 0.000619421538 0.0
-1.57836203e-05 0.000632295036 0.0
-1.50266069e-05 0.00063345005 0.0
-2.89924938e-05 0.0006196014 0.0
-1.39765007e-05 0.000641811173 0.0
-1.45482845e-05 0.000637670862 0.0
-1.28414822e-05 0.000642141153 0.0
-2.84845446e-05 0.000618636317 0.0
-2.39922811e-05 0.000623676926 0.0
-1.81175074e-05 0.000628758222 0.0
-1.41792434e-05 0.000634808384 0.0
-2.12510622e-05 0.000626032066 0.0
-1.36081917e-05 0.000637115445 0.0
-1.72118762e-05 0.00062926719 0.0
-2.48001088e-05 0.000621929881 0.0
-3.13601959e-05 0.000618260412 0.0
-1.30117332e-05 0.000643050589 0.0
-2.979688e-05 0.000617390033 0.0
-3.07360569e-05 0.000616986596 0.0
-2.26117827e-05 0.000626947614 0.0
-1.68307288e-05 0.000636494951 0.0
-1.37094548e-05 0.000642286032 0.0
-2.1248592e-05 0.000629310729 0.0
-0.000150239299 0.000444783887 0.0
-0.000139728014 0.000456597598 0.0
-0.000156464434 0.000452614157 0.0
-0.000146222461 0.000464076584 0.0
-0.000135024224 0.000463267934 0.0
-0.000143395024 0.000449272426 0.0
-0.000151904082 0.000460636453 0.0
-0.0001406909 0.000468733168 0.0
-0.000157378643 0.00043812595 0.0
-0.000162967001 0.000444693665 0.0
-0.000150788575 0.000440145755 0.0
-0.000161088188 0.000452636945 0.0
-0.000136014874 0.000457266084 0.0
-0.000145806334 0.000468147686 0.0
-0.000164293466 0.000438503688 0.0
-0.000162405326 0.000436198403 0.0
-0.000134369664 0.000467695732 0.0
-0.000135902417 0.000469704537 0.0
-0.000134255883 0.000461242656 0.0
-0.000138852134 0.000452668872 0.0
-0.000148773892 0.000465429941 0.0
-0.000143238547 0.000469947787 0.0
-0.000146537874 0.000444073958 0.0
-0.000154980429 0.000437091483 0.0
-0.000164117562 0.00044791025 0.0
-0.00015692813 0.000457569986 0.0
-0.000132495712 0.000467393431 0.0
-0.000166967962 0.000439187512 0.0
-0.000145829035 0.000452438719 0.0
-0.000149673084 0.000457127724 0.0
-9.81325429e-05 0.000875378668 0.0
-0.000266152318 0.000150258682 0.0
-0.000111491805 0.00102322327 0.0
-0.00020062078 0.000143203753 0.0
-6.05692039e-05 0.00076987606 0.0
-0.000121625941 0.000759517774 0.0
-4.32697489e-05 0.00102432864 0.0
-0.000131273991 0.00015960609 0.0
-0.000298458792 0.000772716652 0.0
-0.000188976293 0.00030339064 0.0
-0.000159254705 0.000669567147 0.0
0.000100193975 0.000761033501 0.0
-0.000312602293 0.000299402454 0.0
-9.43677514e-05 0.000465862395 0.0
-0.000261593668 0.000477818452 0.0
-0.000326679059 1.99395572e-06 0.0
-0.000147618906 0.000943048333 0.0
-7.22590994e-05 0.000157117509 0.0
-9.94060585e-08 0.000442756893 0.0
0.000237690241 0.00101013249 0.0
-0.000106075422 0.00050347962 0.0
-6.20359642e-05 0.000702978112 0.0
-3.81444224e-05 0.000887166185 0.0
-0.000323224231 0.0001749761 0.0
-0.00022941042 0.000889624585 0.0
-0.00019478178 0.000246616575 0.0
-0.000243575923 2.98617233e-05 0.0
-0.0001253706 0.00100545841 0.0
0.000127592633 0.00104013667 0.0
-0.000178006143 8.01031056e-05 0.0
-3.63710205e-05 0.000430676067 0.0
-4.39769974e-05 0.000374003605 0.0
-0.00010779209 0.00108213513 0.0
-0.000153106914 0.000233823957 0.0
-0.00013577241 0.000735310896 0.0
-7.18630981e-05 0.000507375051 0.0
-1.64830308e-05 0.000403060869 0.0
-8.74025864e-05 0.00108645752 0.0
-0.000174035755 0.000871711643 0.0
-5.51850753e-05 0.000764865894 0.0
-0.000136275718 0.000722529716 0.0
-4.67955288e-05 0.000700448058 0.0
-9.53565468e-05 0.000975279137 0.0
-4.09198983e-05 0.000159422227 0.0
-8.25020325e-05 0.000784832868 0.0
-0.000250271667 0.000304187328 0.0
-6.00319909e-05 0.000131147564 0.0
-0.000371113216 0.000576673599 0.0
-6.68603243e-05 0.000242110676 0.0
7.23399498e-05 0.000704729289 0.0
-4.79754181e-06 0.00109687878 0.0
0.000148735184 0.000831330486 0.0
-0.000283097819 -3.11803415e-05 0.0
-8.03511139e-05 0.000558453205 0.0
-0.000125560255 0.000377655204 0.0
4.42908276e-05 9.29725356e-05 0.0
-0.000101663813 0.000477739697 0.0
1.46832144e-05 0.000682524638 0.0
-0.000334726035 -9.23554398e-06 0.0
-0.000282908382 0.000376636948 0.0
-0.000172571818 0.000254445127 0.0
-0.000204531359 4.15269897e-05 0.0
-7.28062732e-05 0.000506373181 0.0
-0.000106756968 0.000405376573 0.0
-0.000210385551 0.000401829253 0.0
-0.000232203703 0.000142758974 0.0
-2.99597705e-05 0.00027642856 0.0
-3.3240387e-05 0.00017031176 0.0
-0.000133704234 0.00114812853 0.0
-0.000306125061 0.0006159115 0.0
-4.64390032e-05 0.000148086881 0.0
-1.75241839e-05 0.000849810953 0.0
-0.000423066464 0.000210369049 0.0
-0.000370657654 8.37357729e-05 0.0
0.00010173249 0.000807273842 0.0
-0.000291299861 0.000265024515 0.0
-0.000155068061 0.000317046331 0.0
-0.00011727633 0.00104839029 0.0
7.64515571e-05 0.000960684731 0.0
2.35454936e-05 0.000990158063 0.0
-0.00025943626 0.000789205485 0.0
-0.000128840155 0.000837313419 0.0
0.000119451899 0.000387991953 0.0
-0.000198993599 0.000634610362 0.0
-0.000125465594 8.00627022e-05 0.0
-0.000199416332 0.0009635631 0.0
-7.24950223e-05 0.000671283808 0.0
0.000255480612 0.00107189047 0.0
-0.000277703512 0.00090739521 0.0
-0.000198707101 0.00094706344 0.0
-0.000164395766 6.38148485e-05 0.0
-0.000131224297 0.000727264152 0.0
7.03300657e-07 0.000119927907 0.0
-0.000165740435 0.000808993587 0.0
2.59499247e-05 0.000524653005 0.0
-0.000120391793 0.000708115578 0.0
-2.84999842e-05 0.000643216015 0.0
-5.80240339e-05 0.000925042084 0.0
-0.000231927697 0.000218697925 0.0
-0.000159243064 0.000961100799 0.0
-9.16208155e-05 0.000408350956 0.0
-0.000108992543 0.000278858497 0.0
-0.000291318865 0.000764672586 0.0
-7.54015491e-05 0.000519367284 0.0
0.000232849648 0.000952301081 0.0
-0.000292315992 0.000817906403 0.0
-9.77353338e-05 0.000445852173 0.0
-0.000150691776 0.000375308417 0.0
-0.000123181177 0.00101025985 0.0
-0.0004278165 0.000153613335 0.0
-0.000323979941 8.40691791e-05 0.0
3.58904617e-05 0.00108919782 0.0
0.000123615711 0.00110590307 0.0
0.000197378962 0.00112422812 0.0
0.000150034713 0.000950301182 0.0
-4.20930373e-05 0.00120291847 0.0
-2.83347308e-05 0.000378365396 0.0
-0.000125939652 0.000992912333 0.0
-0.000301984343 0.000774676388 0.0
-0.000223359893 0.000836255786 0.0
0.000123905644 0.000769270468 0.0
-4.60796327e-05 0.000392012385 0.0
-6.44148968e-05 0.000543379574 0.0
-7.41013064e-05 0.000833496451 0.0
-0.000368675275 0.000270025281 0.0
-8.81538945e-05 0.000616562145 0.0
-0.000147654704 0.000484829769 0.0
-9.33132615e-05 0.00111320964 0.0
-0.000101581027 0.00110633695 0.0
-0.000300287356 0.000772429863 0.0
-0.000111508642 0.000488473626 0.0
-0.000120394718 0.000926458917 0.0
-5.03177434e-05 0.000707221683 0.0
-0.000327704503 0.000467446982 0.0
-7.05672164e-06 0.000504739641 0.0
-8.82074091e-05 0.000748699473 0.0
-0.000177230439 0.000925548549 0.0
1.05925092e-05 0.00046774908 0.0
-0.000182302727 0.000467365637 0.0
-6.17621263e-05 0.00112611405 0.0
-0.00030792522 -5.26122349e-05 0.0
-0.000347638299 0.000186066391 0.0
-0.00021364374 0.000825433235 0.0
-2.89934433e-05 0.00035688543 0.0
-0.000276671577 4.85332457e-05 0.0
-3.23670502e-05 0.000213399355 0.0
-3.01499422e-05 0.000300709828 0.0
-0.000268077594 0.000309117779 0.0
-0.00037147486 4.55714217e-05 0.0
-0.000175837486 0.000156329741 0.0
-0.000416216819 0.000146016639 0.0
-0.000188734222 2.97960614e-05 0.0
-0.000244770868 0.000242598049 0.0
-0.00040280851 0.000588198542 0.0
-0.000105508399 6.40909566e-05 0.0
-7.69809194e-05 0.000533705927 0.0
-1.64426092e-05 0.000437238719 0.0
0.000135303853 0.000846796902 0.0
-2.25752374e-05 0.000180791001 0.0
-3.69062545e-05 0.000352437899 0.0
6.35837569e-05 0.00132084417 0.0
-4.2647418e-05 0.000752352527 0.0
4.54446053e-05 0.000722352474 0.0
-6.31016519e-05 0.000732289162 0.0
-0.000421768025 6.73641334e-05 0.0
-4.50572916e-05 0.000646616449 0.0
-0.000133792128 0.00118265778 0.0
7.86185119e-05 0.000688749016 0.0
-9.99388285e-05 0.00111335272 0.0
-0.000195037675 0.000961847836 0.0
-6.90182496e-05 0.000359191239 0.0
0.000106165957 0.000314969657 0.0
-0.000192239953 0.000954400341 0.0
0.000252981496 0.00109105418 0.0
2.62419926e-05 0.000943966908 0.0
-0.000149960135 0.000317562721 0.0
-0.00014857894 0.00088976702 0.0
-0.000403232349 0.000185729659 0.0
-8.17509717e-05 0.0010287863 0.0
-4.38668467e-05 0.000144508376 0.0
0.000140369259 0.000857786799 0.0
0.000184185177 0.001170423 0.0
-8.42713198e-05 0.000657950877 0.0
1.56480965e-05 4.82751238e-05 0.0
-2.38729608e-05 0.00114479312 0.0
-4.74418948e-06 0.000130600136 0.0
0.000139245734 0.00122636242 0.0
-0.000216721368 0.000970259367 0.0
-0.000127349063 0.0011386195 0.0
8.49180287e-05 0.000925623986 0.0
-0.00024885044 -4.74236876e-05 0.0
-1.57359809e-05 0.00114212267 0.0
-0.000216455199 0.000361797836 0.0
0.000159262447 0.00075825653 0.0
-0.000344734581 0.00064968731 0.0
-0.000123028818 0.00104480807 0.0
-0.00019686477 0.000894338533 0.0
-0.000111681569 0.000553600432 0.0
0.000260970759 0.00101402309 0.0
2.84604848e-05 0.000650215312 0.0
-4.7817397e-05 0.000822388683 0.0
-0.000202202835 0.000195344735 0.0
-0.000324406341 -5.98222232e-06 0.0
-0.000131720488 0.000473134947 0.0
-0.000222974282 9.03286054e-05 0.0
-0.000103985891 0.00106488343 0.0
0.000115063645 0.000941057166 0.0
-6.45120235e-05 0.000492018298 0.0
0.000104802566 0.00084095262 0.0
-0.000171969819 3.27743401e-05 0.0
-5.71581295e-05 0.00117140566 0.0
-0.000222381859 -2.0972715e-05 0.0
-2.12242176e-05 0.000637510791 0.0
-0.000117638527 0.000408933876 0.0
0.000224565898 0.00111689721 0.0
-0.000278157328 0.000735846173 0.0
-0.000116806797 0.000979066128 0.0
-0.000159400646 0.00012540193 0.0
-0.000193533386 9.34770578e-05 0.0
-0.000230296675 0.000191191488 0.0
-9.80303084e-05 0.000163081902 0.0
9.92475689e-05 0.000410029083 0.0
-1.89918012e-06 0.00086010457 0.0
0.000176173184 0.000907009118 0.0
-0.00015068223 0.00110629702 0.0
-0.000122982994 0.000365180691 0.0
-0.000222724135 0.000290023745 0.0
6.27106492e-05 0.000112182504 0.0
-2.55647756e-05 0.000390157016 0.0
-0.000300682324 0.00116971903 0.0
7.65506047e-05 0.00101901765 0.0
-0.000157333328 0.000967235421 0.0
-0.000179353287 0.000825138064 0.0
-0.000445994403 0.000184592689 0.0
-0.000124286991 0.000496224908 0.0
4.35591501e-05 0.00103218667 0.0
-0.000179843817 0.000205098913 0.0
-8.90722586e-05 0.00112775492 0.0
-4.11883229e-05 0.0005417465 0.0
3.3153301e-05 9.70764595e-05 0.0
-3.16640253e-05 0.000665851461 0.0
-9.74108334e-05 0.000487206067 0.0
-0.000381934544 0.000125410676 0.0
0.000214457963 0.00113697629 0.0
-7.43819401e-05 8.60977161e-05 0.0
-7.44897479e-05 0.0004992389 0.0
3.34893011e-05 0.00119370176 0.0
-0.000312274758 2.61586847e-05 0.0
-0.000116562471 0.00102358765 0.0
-3.76563694e-05 0.000116790492 0.0
-0.000191368774 0.000960948644 0.0
-0.000119087839 0.000320949504 0.0
-0.000297980936 0.000150240026 0.0
-0.00025735973 0.000287661853 0.0
1.09422081e-05 0.00109098374 0.0
-6.43597086e-05 0.000556469662 0.0
-0.000117371965 0.00107090815 0.0
-0.000186553254 0.000818409258 0.0
-1.83947395e-05 0.000121852878 0.0
-2.16941021e-06 0.000645319233 0.0
-0.00010875336 0.00110947946 0.0
3.12572388e-06 0.000226907985 0.0
-0.000282040564 -8.05611562e-05 0.0
-0.000280484936 0.000919933605 0.0
-0.000274545571 0.000816242187 0.0
-0.00022420274 0.000590162235 0.0
-8.81464512e-05 0.00112312415 0.0
-4.27292362e-05 0.000224114352 0.0
-3.46982051e-05 0.000317001046 0.0
-9.18719161e-05 0.000359107915 0.0
0.000167464765 0.00114488986 0.0
-7.31570399e-05 0.00114862854 0.0
-0.000324502791 0.000330481183 0.0
-0.00010346785 0.000817421009 0.0
0.000114295173 0.000450611988 0.0
-9.21528044e-05 0.00112192193 0.0
2.93374906e-05 0.00124497048 0.0
-8.49557764e-05 0.00064456457 0.0
-2.02761094e-05 0.000966998108 0.0
-8.91564414e-05 0.000522508111 0.0
-4.53654284e-05 0.000305531576 0.0
-7.96777658e-06 0.000231564423 0.0
0.000110681729 0.00114137004 0.0
-0.00043265507 0.000215976601 0.0
-0.000193089654 0.000876510632 0.0
-5.81507702e-05 0.000753810047 0.0
0.00023305112 0.00094169029 0.0
-9.92843925e-05 0.000384265062 0.0
-0.00010614418 0.000494234846 0.0
-7.06609571e-05 0.000340010796 0.0
-0.000304975809 0.000781350886 0.0
-0.00031205354 0.000808769953 0.0
-3.00355987e-05 0.000301145599 0.0
-0.000438418356 3.84226005e-05 0.0
6.57222845e-05 0.000135867856 0.0
-0.000117297604 0.000723826524 0.0
-2.7378328e-06 0.000106364503 0.0
-0.000290526368 0.000666389009 0.0
-0.000157547722 0.000781857467 0.0
-7.52245323e-05 0.00114146317 0.0
-0.000324264518 0.000572110352 0.0
-0.00043573018 0.000152739405 0.0
-5.66147864e-05 0.0011867357 0.0
-0.000385363615 0.000528611534 0.0
-1.3787959e-06 0.00109365047 0.0
-0.000297117687 0.000700601027 0.0
-3.85166677e-05 0.000176012516 0.0
-8.62801971e-05 0.000461897464 0.0
-0.000139683878 0.000199027272 0.0
-0.00013370713 0.0010089993 0.0
-0.000175476598 0.00100488542 0.0
-0.0001583181 0.00115925237 0.0
-8.78820429e-05 0.000482510892 0.0
-8.03368239e-05 0.000625968387 0.0
-0.000148804684 2.25097374e-05 0.0
-2.36179658e-05 0.000204734388 0.0
-0.000139652577 0.000464914337 0.0
-3.04643368e-06 0.00104252622 0.0
-7.15692076e-05 9.1362519e-05 0.0
-6.86726125e-05 0.000530824182 0.0
6.32226802e-05 0.000715580885 0.0
-0.000257531152 0.000351548457 0.0
-2.90660118e-05 0.000193119893 0.0
-0.000383354432 0.000631583214 0.0
-4.54221954e-05 0.000684855506 0.0
0.000131081062 0.000872454199 0.0
-0.000146621736 0.000819427834 0.0
-0.000304440764 0.000405475119 0.0
6.07568563e-06 0.000364628155 0.0
-2.6193713e-05 0.00121750496 0.0
-1.24236485e-05 0.00076029211 0.0
-6.86928906e-05 0.000785246491 0.0
-9.98320829e-05 0.00104314357 0.0
-0.000388604094 7.54203211e-05 0.0
0.000119837532 0.000761318661 0.0
2.88995307e-05 0.000555551436 0.0
1.26118466e-05 0.000205885983 0.0
0.00011298513 0.000893031829 0.0
5.38368568e-06 0.000464943558 0.0
-0.000112070345 0.00105025969 0.0
-2.26369775e-05 0.0004446893 0.0
-4.67654281e-05 0.00115618343 0.0
-0.000362037623 6.44671163e-05 0.0
-4.49003528e-05 0.000706951076 0.0
-7.25547216e-05 0.00115713396 0.0
-0.000217530614 0.000825897849 0.0
0.000151415428 0.000710184337 0.0
-6.41310471e-05 0.00107086357 0.0
-6.06985413e-05 0.000345279812 0.0
-6.68792127e-05 0.000981511781 0.0
-6.09450626e-06 0.000418481301 0.0
-7.23675475e-05 0.000312638178 0.0
-0.000260019238 0.000111686888 0.0
-0.000395738811 5.69661643e-05 0.0
-0.000188595863 0.000396290212 0.0
-1.10934698e-05 0.00114325189 0.0
-1.75043999e-06 0.00022949226 0.0
-9.99728436e-05 0.00110636058 0.0
-8.96841593e-05 0.000926076842 0.0
-0.000154639158 0.000719349133 0.0
-9.45173815e-05 5.13501072e-05 0.0
-0.000262510323 0.000795332773 0.0
-0.000108038228 0.00110474788 0.0
-0.000303094042 0.000847754651 0.0
9.98488576e-06 0.000539091357 0.0
-9.84901562e-05 0.000516635424 0.0
1.57314007e-05 0.000173779423 0.0
-0.000304388988 -3.01551281e-05 0.0
-0.0001595949 1.19867161e-06 0.0
-0.000171910971 0.000418988522 0.0
-0.000122946658 0.000875625876 0.0
-2.15108903e-05 0.000260089175 0.0
-3.71396818e-05 0.000322176929 0.0
-0.000239261222 0.000414969312 0.0
5.11910548e-05 0.000991637702 0.0
-0.000101386198 0.000216721513 0.0
-0.000135869486 0.000418443204 0.0
-4.63603828e-06 0.000670283742 0.0
-6.6087443e-05 0.000568227435 0.0
-6.91694586e-05 0.000453954912 0.0
-0.000178915128 2.5176425e-05 0.0
0.000152926776 0.000808448356 0.0
-0.000102769081 0.00100957626 0.0
-4.12291192e-05 0.000312394084 0.0
-6.76443087e-05 0.000133099937 0.0
3.37329075e-05 0.000516420347 0.0
-0.00013651987 0.00118069386 0.0
-0.000152973516 0.00106960943 0.0
8.61779627e-05 0.000315614685 0.0
-0.000346030138 0.000114316361 0.0
-3.50970149e-05 0.000202695766 0.0
-0.00029925484 0.000779463968 0.0
-0.000172873508 0.00102829339 0.0
-2.30174555e-05 0.000256886589 0.0
-4.66611891e-05 0.000795879751 0.0
0.000125080682 0.000889053801 0.0
-0.000361071725 0.000652977731 0.0
1.67157195e-05 5.53278005e-05 0.0
-0.000280674984 0.000425709557 0.0
-0.000145132988 9.2135655e-05 0.0
-7.45954821e-05 0.000746815058 0.0
-0.000234408522 0.000975234434 0.0
-0.000138301941 0.000322191336 0.0
-0.000274230173 0.000244944677 0.0
-0.000306365982 0.000325300178 0.0
-3.23714194e-05 0.000673273229 0.0
5.35407271e-05 0.000135183713 0.0
-0.000308640389 -4.71979874e-05 0.0
-0.00018093393 0.000935220974 0.0
-5.89559459e-05 0.000733849593 0.0
-0.000337735226 2.72760226e-05 0.0
-5.97012295e-05 0.000573814381 0.0
-0.00014701506 0.000338316546 0.0
-8.95431294e-05 0.000466247584 0.0
-0.000359982194 4.94930391e-05 0.0
-0.000191552899 0.000265088747 0.0
3.94293602e-05 0.00106617447 0.0
-0.000148603023 0.00100262661 0.0
-0.000193906555 0.000905150548 0.0
-0.000100658559 0.000668638095 0.0
-4.95242784e-05 0.00057224225 0.0
4.35706461e-05 7.831525e-05 0.0
-0.000108735185 0.000416729366 0.0
-0.000118163633 0.000365175045 0.0
-5.88055191e-05 0.000121368081 0.0
8.07977558e-05 0.000662989973 0.0
-1.79995477e-05 0.000439058 0.0
-0.000144451187 0.00097102829 0.0
-0.0001188147 0.00109093997 0.0
0.00027186505 0.00104285323 0.0
-3.88034568e-05 0.000331006013 0.0
-0.00010217305 0.000438083429 0.0
-0.000203710282 -1.19308734e-05 0.0
-0.000108301268 0.000395866053 0.0
0.000104422164 0.000904811954 0.0
-0.000324243068 0.000697957119 0.0
-0.000109431661 0.000596367638 0.0
-2.87602943e-05 0.000616204168 0.0
-0.000391596521 9.45772335e-05 0.0
0.000134270696 0.000797601417 0.0
7.47629092e-05 0.000859236461 0.0
-3.34423348e-05 0.000125694904 0.0
-0.000263381517 -8.33520753e-05 0.0
-0.00036083677 3.58289544e-05 0.0
-0.000194859051 0.000670499401 0.0
4.81743482e-05 0.000572976423 0.0
-0.000191729938 0.00092462165 0.0
0.000138565869 0.000882604334 0.0
-0.000107926397 0.00039291117 0.0
-0.000114760129 0.000781017297 0.0
-0.000259410008 0.000651392154 0.0
-5.05551507e-05 0.000339986436 0.0
-0.000207432371 0.000356507517 0.0
-0.000173071923 0.000810522994 0.0
4.31688677e-05 0.000733126246 0.0
-0.000188616119 0.000284344162 0.0
-0.000156317779 0.00026620421 0.0
4.79055343e-05 0.000634433178 0.0
-0.000452952634 2.40087666e-05 0.0
5.67415518e-05 0.000587566115 0.0
-0.000245208561 0.000798269641 0.0
8.87088099e-05 0.00111426588 0.0
0.000136332528 0.00124276697 0.0
-0.000299859821 0.000287940667 0.0
-0.000139127587 0.000517433393 0.0
-0.000264230795 7.57412522e-07 0.0
0.000199110786 0.00102943985 0.0
-9.46270666e-05 0.000363027561 0.0
6.1009443e-05 0.000729453343 0.0
0.000263489987 0.000998736708 0.0
0.000130401968 0.000734251051 0.0
-0.000404622493 9.7381293e-05 0.0
-0.000206393859 0.000927142682 0.0
4.02942351e-05 0.000321894157 0.0
-0.000179187264 0.000261077483 0.0
-1.43398984e-05 0.000217039182 0.0
-0.000300701067 0.00118709379 0.0
-9.78784446e-05 0.000725104066 0.0
-0.00014038432 0.00048266424 0.0
-0.000341075938 3.93218806e-06 0.0
-0.000424332218 0.000146245453 0.0
4.89848135e-05 0.000567469397 0.0
-0.000358507881 0.000191468615 0.0
-0.000124636499 0.00106643443 0.0
-0.000347815774 4.53601533e-05 0.0
-0.000198995811 0.000739486713 0.0
-0.000121818579 0.000435129768 0.0
9.20120656e-05 0.00046446576 0.0
-0.00025002539 0.000834936975 0.0
-0.000370626483 0.000244116323 0.0
0.000121508987 0.000868309347 0.0
-0.000171368214 0.00098003645 0.0
-5.96099999e-05 0.000560546992 0.0
0.00016711792 0.00118826504 0.0
-5.60806329e-05 0.000624699343 0.0
-1.90248848e-05 0.000213332489 0.0
-3.52515126e-05 0.00108608347 0.0
2.7218126e-05 0.000915322569 0.0
-0.000294400204 8.97502105e-05 0.0
1.52564171e-05 0.000635936449 0.0
-4.36702612e-05 0.000323286513 0.0
-0.000372535491 0.000177032111 0.0
-0.0001200107 0.00111500034 0.0
-0.000268445263 0.000872968056 0.0
-0.000189097162 0.000940904429 0.0
-0.000236228749 0.000528002798 0.0
0.00021885692 0.0011421456 0.0
0.000153714383 0.000828460965 0.0
-0.000128210042 0.00111396681 0.0
-0.000308745308 0.000865180395 0.0
-0.000195945846 0.000520972069 0.0
0.000111909445 0.000788381964 0.0
-0.000152366658 0.00112245139 0.0
-0.000325199537 0.00122491526 0.0
-5.09982419e-05 0.000595948717 0.0
0.000100125741 0.00129238039 0.0
-0.000213275925 0.000198733265 0.0
-0.000191444953 0.000905344088 0.0
3.10051983e-05 0.000119983823 0.0
1.74812449e-05 0.000476757123 0.0
-0.000199358416 0.000995098148 0.0
7.00469036e-06 0.000937160337 0.0
-0.000296538172 0.000292477227 0.0
-7.94559892e-05 7.10002932e-05 0.0
6.15044555e-05 0.0010784656 0.0
-0.00034307802 0.000525652606 0.0
0.000135311959 0.000394338131 0.0
-5.92888546e-06 0.000847479969 0.0
-0.000339975522 4.18221243e-05 0.0
6.11690921e-05 0.000968020293 0.0
0.000108361834 0.00116057927 0.0
-7.2945717e-05 0.000884148758 0.0
-0.000114293871 0.000502221053 0.0
-0.000245146482 0.0008429109 0.0
-0.000223689072 3.67277644e-05 0.0
6.23358164e-06 2.49676505e-05 0.0
-0.000162462064 0.00090771704 0.0
-0.000195844841 0.000995191745 0.0
-0.000426734478 0.00016957015 0.0
3.07851551e-05 0.00106390158 0.0
8.15490785e-05 0.000498188951 0.0
-0.0002485718 8.41236324e-05 0.0
-8.12480794e-05 0.000343742809 0.0
-0.000195177214 0.000559851876 0.0
-0.000207334917 9.20352104e-05 0.0
-0.000118898672 0.00103732664 0.0
-9.99569747e-05 0.000430240063 0.0
0.000102759339 0.00115358399 0.0
-7.308762e-05 0.000697481562 0.0
1.6258258e-06 0.0011028857 0.0
-2.84339258e-05 0.000613244891 0.0
-0.00012951596 2.33485498e-05 0.0
-4.93499319e-05 0.000592299271 0.0
0.000151571556 0.00120357599 0.0
-0.00021544825 0.000142245903 0.0
5.2127001e-07 0.000621166546 0.0
-9.81766516e-06 0.000883738336 0.0
-8.24659219e-05 0.000503254239 0.0
-5.19236164e-06 2.55837786e-05 0.0
-5.24537427e-05 0.000133962807 0.0
