0.000161929041 -9.08460788e-05 0.0
0.000160261858 -8.46172625e-05 0.0
0.000162825352 -8.81666056e-05 0.0
0.00015878577 -8.74467514e-05 0.0
0.000130102606 -0.000107237094 0.0
0.000118445911 -0.000103019156 0.0
0.000106019092 -0.000100253179 0.0
0.000120642704 -0.000114605282 0.0
0.000166460843 -0.000100253179 0.0
0.000178887654 -0.000103019156 0.0
0.00019054435 -0.000107237094 0.0
0.000184713674 -0.000163810299 0.0
0.000184171673 -0.00015447328 0.0
0.000183345153 -0.000143096346 0.0
0.000163855817 -0.000148144027 0.0
-3.32109425e-06 1.18311573e-05 0.0
-2.49457889e-06 4.54218565e-07 0.0
-1.95258167e-06 -8.88279192e-06 0.0
0.000190499835 -0.000158672905 0.0
0.000190698905 -0.000155190486 0.0
0.000190393403 -0.000150438937 0.0
0.000175622437 -0.000151613451 0.0
3.7271559e-06 4.48856827e-06 0.0
4.03265312e-06 -2.62987015e-07 0.0
3.83357883e-06 -3.74539832e-06 0.0
8.32036822e-05 -2.00408358e-05 0.0
7.96288514e-05 -1.00236375e-05 0.0
8.33337908e-05 -1.54770041e-05 0.0
7.96390304e-05 -1.60895779e-05 0.0
0.000194234686 -0.000129348307 0.0
0.00020524241 -0.000132941888 0.0
0.000215501335 -0.000135675553 0.0
0.000201473362 -0.000110872272 0.0
0.000155059592 -0.000135675553 0.0
0.000144800651 -0.000132941888 0.0
0.000133792928 -0.000129348307 0.0
0.000149399188 -0.000140340548 0.0
0.000145745173 -0.000115602059 0.0
0.000151205706 -0.000123971404 0.0
0.0001448205 -0.000131538589 0.0
0.000196948225 -0.000120720499 0.0
0.000193586995 -0.000116854935 0.0
0.000197418645 -0.00011874488 0.0
0.000192465639 -0.000115487448 0.0
8.04666852e-05 -5.89890187e-05 0.0
7.4820935e-05 -4.14710885e-05 0.0
8.43033413e-05 -5.52410456e-05 0.0
7.16342693e-05 -4.7456946e-05 0.0
4.0773939e-05 -1.72651817e-05 0.0
3.24272551e-05 -1.60985273e-05 0.0
2.62064441e-05 -1.48932932e-05 0.0
3.89804336e-05 -3.17425038e-05 0.0
3.88519948e-05 -2.33219234e-05 0.0
3.04148762e-05 -2.17866836e-05 0.0
8.66481932e-05 -1.48932932e-05 0.0
9.2869006e-05 -1.60985273e-05 0.0
0.000101215686 -1.72651817e-05 0.0
9.30079259e-05 -8.30490681e-05 0.0
8.90144365e-05 -6.2958512e-05 0.0
9.63827115e-05 -7.30796746e-05 0.0
8.49898061e-05 -7.20119933e-05 0.0
5.37054111e-05 -4.596902e-05 0.0
4.64970071e-05 -2.44157618e-05 0.0
5.78047475e-05 -3.81263999e-05 0.0
4.27879168e-05 -3.20014442e-05 0.0
0.000110613408 -6.63676838e-05 0.0
0.000110046465 -6.71387461e-05 0.0
0.000111677349 -6.5351298e-05 0.0
0.00010845963 -6.39365171e-05 0.0
0.000150184307 -9.63381972e-05 0.0
0.000148634339 -6.58945428e-05 0.0
0.000151209897 -8.83988469e-05 0.0
0.000148666106 -7.33267516e-05 0.0
0.000108147091 -8.54699756e-05 0.0
0.000105590028 -8.86349662e-05 0.0
0.000108503431 -9.24948617e-05 0.0
0.000106906526 -8.81456945e-05 0.0
9.98647592e-05 -5.83651381e-05 0.0
9.65550134e-05 -3.64309744e-05 0.0
0.000104228879 -4.33670939e-05 0.0
9.17936777e-05 -4.60680894e-05 0.0
0.00018666625 -0.000154927504 0.0
0.0 0.0 0.0
6.0441751e-05 0.0 0.0
0.000247107993 -0.000154927504 0.0
0.000163876379 -9.19537706e-05 0.0
0.000165603909 -9.2343369e-05 0.0
0.000167068967 -9.24659544e-05 0.0
0.000168124592 -9.2345319e-05 0.0
0.000168741404 -9.23397383e-05 0.0
0.000169017716 -9.23353364e-05 0.0
0.000168719271 -9.14871562e-05 0.0
0.00016766008 -8.96881247e-05 0.0
0.000166006488 -8.77691054e-05 0.0
0.00016420125 -8.62755624e-05 0.0
0.000162231867 -8.52589146e-05 0.0
0.000158390249 -8.43413072e-05 0.0
0.000156709619 -8.44483875e-05 0.0
0.000155459944 -8.48012205e-05 0.0
0.000154782509 -8.52560261e-05 0.0
0.000154787078 -8.56566185e-05 0.0
0.000155360234 -8.58243293e-05 0.0
0.000156043752 -8.55529652e-05 0.0
0.000156602953 -8.46286785e-05 0.0
0.000157127826 -8.3959203e-05 0.0
0.000158452051 -8.63720052e-05 0.0
0.000160097901 -8.90628944e-05 0.0
0.000160778247 -8.83305984e-05 0.0
0.000127713283 -0.000106046442 0.0
0.000123918682 -0.000104647646 0.0
0.000112746675 -0.00010168086 0.0
0.00010854585 -0.000100778583 0.0
0.000105870145 -0.000101237689 0.0
0.000106174259 -0.000102340979 0.0
0.000107010113 -0.000104078594 0.0
0.000108664455 -0.000106641281 0.0
0.000110936911 -0.000109598957 0.0
0.000113808695 -0.000111996284 0.0
0.000117105803 -0.000113728493 0.0
0.000123971404 -0.00011479466 0.0
0.00012655952 -0.000114410352 0.0
0.000128443222 -0.000113705784 0.0
0.000129633234 -0.000112547517 0.0
0.000130449029 -0.000111081405 0.0
0.000130795495 -0.000109529043 0.0
0.000130668719 -0.000108262109 0.0
0.000168987593 -0.000100778583 0.0
0.000173188426 -0.00010168086 0.0
0.000184360426 -0.000104647646 0.0
0.000188155027 -0.000106046442 0.0
0.000189283572 -0.000105190295 0.0
0.000186865436 -0.000102192411 0.0
0.000183626064 -9.90635017e-05 0.0
0.00018006032 -9.70521505e-05 0.0
0.0001762272 -9.59258832e-05 0.0
0.00017248583 -9.58499004e-05 0.0
0.000168783066 -9.69012253e-05 0.0
0.000167100603 -9.87586245e-05 0.0
0.000184651304 -0.00016123867 0.0
0.000184526914 -0.000158128867 0.0
0.000183675758 -0.000150464039 0.0
0.000183389304 -0.00014651673 0.0
0.000179039649 -0.000141681638 0.0
0.000174687812 -0.000141175129 0.0
0.000170812302 -0.000141398152 0.0
0.000167906052 -0.000142140256 0.0
0.000166002486 -0.000143381636 0.0
0.000164739453 -0.000144982885 0.0
0.000164036144 -0.000146677994 0.0
0.000163977806 -0.00014925572 0.0
0.000164889847 -0.000151070519 0.0
0.000167202452 -0.000154249399 0.0
0.000170555897 -0.000157863382 0.0
0.000174383575 -0.000160802825 0.0
0.000178034112 -0.000162659431 0.0
0.000181468902 -0.000163561141 0.0
-3.27694625e-06 8.41076871e-06 0.0
-2.99048975e-06 4.46346712e-06 0.0
-2.13934072e-06 -3.20137065e-06 0.0
-2.01494004e-06 -6.31116745e-06 0.0
1.1058828e-06 -8.33797822e-06 0.0
3.80345955e-06 -7.16877548e-06 0.0
5.89131105e-06 -5.55244969e-06 0.0
7.26232702e-06 -3.90971263e-06 0.0
7.85311113e-06 -2.50147195e-06 0.0
7.80452228e-06 -9.69355483e-07 0.0
6.40407643e-06 2.19663434e-06 0.0
3.88779154e-06 6.08774781e-06 0.0
5.36328059e-07 9.46810997e-06 0.0
0.000190615479 -0.000157356597 0.0
0.000190624749 -0.000152589972 0.0
0.000188283069 -0.00014867117 0.0
0.000185963814 -0.000147287632 0.0
0.000183662967 -0.000146333856 0.0
0.000181481562 -0.000145692829 0.0
0.00017895452 -0.000145815851 0.0
0.000176758185 -0.000146733204 0.0
0.000175486886 -0.000148260777 0.0
0.000175171852 -0.000150002263 0.0
0.000176611371 -0.000153052562 0.0
0.000178059636 -0.000154307607 0.0
0.000179902447 -0.000155370581 0.0
0.000181943265 -0.000156254391 0.0
0.00018384037 -0.000156878115 0.0
0.000185524317 -0.000157466202 0.0
0.000187072743 -0.000158173279 0.0
0.000188802122 -0.000158584546 0.0
3.95850111e-06 2.33753121e-06 0.0
3.94922336e-06 -2.42910346e-06 0.0
5.37090318e-06 -3.2511382e-06 0.0
6.4867404e-06 -2.29842954e-06 0.0
6.99803013e-06 -9.88969987e-07 0.0
6.72512579e-06 6.23310257e-07 0.0
5.60538956e-06 2.47846788e-06 0.0
8.57894192e-05 -1.9890178e-05 0.0
8.72677192e-05 -1.95438497e-05 0.0
8.78840874e-05 -1.96932506e-05 0.0
8.8232955e-05 -1.97595982e-05 0.0
8.8500834e-05 -1.9867899e-05 0.0
8.87173373e-05 -2.00564991e-05 0.0
8.84862093e-05 -2.06913355e-05 0.0
8.79894797e-05 -1.98799335e-05 0.0
8.66657574e-05 -1.73111839e-05 0.0
8.4599822e-05 -1.41685487e-05 0.0
8.22219372e-05 -1.17101954e-05 0.0
7.7195662e-05 -9.01678868e-06 0.0
7.4883108e-05 -8.51624918e-06 0.0
7.29221865e-05 -8.48344189e-06 0.0
7.14602284e-05 -8.77806451e-06 0.0
7.0653201e-05 -9.23303833e-06 0.0
7.0453978e-05 -1.00591105e-05 0.0
7.10293752e-05 -1.18992457e-05 0.0
7.26195067e-05 -1.44153464e-05 0.0
7.45985744e-05 -1.68347378e-05 0.0
7.71462364e-05 -1.86565394e-05 0.0
8.00819689e-05 -1.97462086e-05 0.0
8.16423271e-05 -1.54295612e-05 0.0
0.000198832146 -0.000131075169 0.0
0.000211416918 -0.000134580638 0.0
0.00021781282 -0.000134532616 0.0
0.000219524183 -0.000132975707 0.0
0.000220665228 -0.000131007517 0.0
0.000220614791 -0.000128262647 0.0
0.000219050169 -0.000124429978 0.0
0.000216517845 -0.000120287725 0.0
0.000213063875 -0.00011647286 0.0
0.000209069956 -0.000113576178 0.0
0.000205020682 -0.00011174391 0.0
0.000198253168 -0.000110691646 0.0
0.000195100059 -0.000111356916 0.0
0.00019220142 -0.000112666807 0.0
0.000190032064 -0.000114637631 0.0
0.000188840422 -0.000116983065 0.0
0.0001884784 -0.000119377597 0.0
0.000188678227 -0.000121601508 0.0
0.000189498343 -0.000123245336 0.0
0.000191157058 -0.000125822102 0.0
0.000150975175 -0.000134580638 0.0
0.000138390387 -0.000131075169 0.0
0.000137239476 -0.000132481306 0.0
0.000141166922 -0.000134676913 0.0
0.000145227081 -0.000135911425 0.0
0.00014911461 -0.000136402785 0.0
0.000152445093 -0.000136187184 0.0
0.000153500281 -0.000140788616 0.0
0.000157417235 -0.000140339136 0.0
0.000160919895 -0.000139034863 0.0
0.000163146236 -0.000137055773 0.0
0.000164371828 -0.000134811504 0.0
0.000164631172 -0.000132594723 0.0
0.00016426589 -0.000130990535 0.0
0.000163688586 -0.000129337845 0.0
0.000161858799 -0.000126645697 0.0
0.000158712195 -0.000122909943 0.0
0.000154751746 -0.000119477256 0.0
0.000150314605 -0.000116911106 0.0
0.000141536962 -0.000115182578 0.0
0.000138119212 -0.000115585426 0.0
0.000135570852 -0.000116292002 0.0
0.000133601163 -0.000117519914 0.0
0.000132088622 -0.000119099263 0.0
0.000131103574 -0.000120734469 0.0
0.000130974164 -0.00012288618 0.0
0.000132155561 -0.000126097832 0.0
0.000134435497 -0.000130090906 0.0
0.000137498617 -0.000133920665 0.0
0.000141192941 -0.000136917777 0.0
0.000145199709 -0.00013905669 0.0
0.000148081526 -0.000127414518 0.0
0.000198017515 -0.000121255995 0.0
0.000198926777 -0.000121528137 0.0
0.000199811169 -0.000121490542 0.0
0.00020041081 -0.000121107383 0.0
0.000200430179 -0.000120572346 0.0
0.000199949296 -0.000119923767 0.0
0.000198971407 -0.000119212462 0.0
0.000197627873 -0.000118515076 0.0
0.000196071938 -0.000117891424 0.0
0.000194685083 -0.000117446521 0.0
0.000192722175 -0.000115979507 0.0
0.000191772924 -0.000115183822 0.0
0.000190840452 -0.000114476694 0.0
0.000189932427 -0.000113763614 0.0
0.000189362574 -0.000113345457 0.0
0.000189184968 -0.000113559297 0.0
0.000189942293 -0.000115006078 0.0
0.000191560088 -0.000117018433 0.0
0.000193384214 -0.000118784206 0.0
0.000195323446 -0.000119902135 0.0
0.000195051878 -0.000117275609 0.0
8.37987609e-05 -5.89467709e-05 0.0
8.6415952e-05 -5.90303425e-05 0.0
8.839972e-05 -5.88248295e-05 0.0
9.02429674e-05 -5.82385546e-05 0.0
9.18099686e-05 -5.71767305e-05 0.0
9.26040302e-05 -5.53240679e-05 0.0
9.17371508e-05 -5.19636742e-05 0.0
8.97990176e-05 -4.84651355e-05 0.0
8.70097429e-05 -4.57583847e-05 0.0
8.35332103e-05 -4.36300979e-05 0.0
7.93066065e-05 -4.20706383e-05 0.0
7.10309978e-05 -4.16687399e-05 0.0
6.86015264e-05 -4.21897967e-05 0.0
6.72401875e-05 -4.30007858e-05 0.0
6.6267341e-05 -4.42557612e-05 0.0
6.56738048e-05 -4.6035897e-05 0.0
6.56221382e-05 -4.82391079e-05 0.0
6.64315012e-05 -5.06217184e-05 0.0
6.79972145e-05 -5.30614379e-05 0.0
7.03612459e-05 -5.53127502e-05 0.0
7.33441266e-05 -5.71866913e-05 0.0
7.67904785e-05 -5.84315385e-05 0.0
7.78757458e-05 -5.13766026e-05 0.0
3.70897687e-05 -1.67579328e-05 0.0
2.84219022e-05 -1.53985602e-05 0.0
2.48354809e-05 -1.52420498e-05 0.0
2.35957486e-05 -1.57754766e-05 0.0
2.26481698e-05 -1.66295267e-05 0.0
2.20715538e-05 -1.76672856e-05 0.0
2.24603718e-05 -1.94703225e-05 0.0
2.43628892e-05 -2.27327218e-05 0.0
2.73847509e-05 -2.63204856e-05 0.0
3.11781114e-05 -2.93151788e-05 0.0
3.52990683e-05 -3.10292089e-05 0.0
4.13951057e-05 -3.2164975e-05 0.0
4.28753738e-05 -3.25439942e-05 0.0
4.43137396e-05 -3.26779846e-05 0.0
4.57816495e-05 -3.229699e-05 0.0
4.68510043e-05 -3.10904252e-05 0.0
4.72005049e-05 -2.88452975e-05 0.0
4.66828351e-05 -2.57702231e-05 0.0
4.54207802e-05 -2.24705036e-05 0.0
4.33837631e-05 -1.95989196e-05 0.0
8.88636496e-05 -1.53985602e-05 0.0
9.75315197e-05 -1.67579328e-05 0.0
9.79395263e-05 -1.54182999e-05 0.0
9.432363e-05 -1.4569021e-05 0.0
9.08756556e-05 -1.43202924e-05 0.0
8.83020693e-05 -1.47530991e-05 0.0
9.65278959e-05 -8.32723672e-05 0.0
9.89210312e-05 -8.27056938e-05 0.0
0.00010048681 -8.15971653e-05 0.0
0.000101652702 -8.02466166e-05 0.0
0.000102523496 -7.87925092e-05 0.0
0.000102755112 -7.71364575e-05 0.0
0.000102201382 -7.51720581e-05 0.0
0.000100639583 -7.23105186e-05 0.0
9.8129065e-05 -6.90393063e-05 0.0
9.52225309e-05 -6.64055406e-05 0.0
9.21274841e-05 -6.43950334e-05 0.0
8.59653519e-05 -6.21806248e-05 0.0
8.30982681e-05 -6.18604026e-05 0.0
8.0616679e-05 -6.21572181e-05 0.0
7.8732839e-05 -6.30921495e-05 0.0
7.7481418e-05 -6.47230845e-05 0.0
7.72000785e-05 -6.74530966e-05 0.0
7.78479953e-05 -7.0982569e-05 0.0
7.93249201e-05 -7.44186982e-05 0.0
8.17603504e-05 -7.74626169e-05 0.0
8.50434299e-05 -8.00126872e-05 0.0
8.88781869e-05 -8.19556808e-05 0.0
9.09622395e-05 -7.23545672e-05 0.0
5.79343032e-05 -4.58950344e-05 0.0
6.05937457e-05 -4.53345201e-05 0.0
6.22472726e-05 -4.45544392e-05 0.0
6.35766919e-05 -4.31988155e-05 0.0
6.44094325e-05 -4.12591944e-05 0.0
6.45405962e-05 -3.87168948e-05 0.0
6.38743004e-05 -3.57108547e-05 0.0
6.21260915e-05 -3.26752452e-05 0.0
5.93138357e-05 -2.9719391e-05 0.0
5.53531427e-05 -2.71317494e-05 0.0
5.07623117e-05 -2.52739519e-05 0.0
4.35112706e-05 -2.42818005e-05 0.0
4.12996742e-05 -2.44580478e-05 0.0
3.90686291e-05 -2.53221642e-05 0.0
3.70205344e-05 -2.70248092e-05 0.0
3.57064637e-05 -2.92826135e-05 0.0
3.52774587e-05 -3.18962848e-05 0.0
3.59288606e-05 -3.46623128e-05 0.0
3.7664915e-05 -3.7640697e-05 0.0
4.05169994e-05 -4.05721112e-05 0.0
4.4307224e-05 -4.32304987e-05 0.0
4.88616715e-05 -4.50827501e-05 0.0
5.0262508e-05 -3.49872062e-05 0.0
0.000112085145 -6.68085122e-05 0.0
0.000113362592 -6.69200235e-05 0.0
0.000114308037 -6.68663924e-05 0.0
0.000114675102 -6.66996129e-05 0.0
0.000114450886 -6.65342814e-05 0.0
0.000113814138 -6.64691033e-05 0.0
0.000112769769 -6.64809486e-05 0.0
0.000111619258 -6.67333952e-05 0.0
0.000110768851 -6.71410744e-05 0.0
0.000110276029 -6.78745273e-05 0.0
0.00010940127 -6.53760144e-05 0.0
0.000108463661 -6.36950863e-05 0.0
0.000107176369 -6.2276813e-05 0.0
0.000105717183 -6.12867952e-05 0.0
0.000104584884 -6.10185634e-05 0.0
0.000104408326 -6.2473875e-05 0.0
0.000105310697 -6.41880542e-05 0.0
0.00010650466 -6.49993526e-05 0.0
0.00010773167 -6.52526651e-05 0.0
0.000109114146 -6.57427372e-05 0.0
0.000110413712 -6.43647145e-05 0.0
0.000155473361 -9.63407074e-05 0.0
0.000160677228 -9.51023612e-05 0.0
0.000164241879 -9.27255387e-05 0.0
0.000165771096 -8.97081482e-05 0.0
0.000166347774 -8.63165114e-05 0.0
0.000165841018 -8.31102807e-05 0.0
0.000164601413 -7.99586851e-05 0.0
0.000162759228 -7.79063994e-05 0.0
0.000161117714 -7.67316524e-05 0.0
0.000158475304 -7.29279491e-05 0.0
0.000153884786 -6.8884794e-05 0.0
0.000143205412 -6.42976738e-05 0.0
0.000137741983 -6.40857179e-05 0.0
0.000132928457 -6.49892099e-05 0.0
0.000129180655 -6.73227914e-05 0.0
0.000127894324 -7.24576166e-05 0.0
0.000128500091 -7.79246548e-05 0.0
0.000130301618 -8.27556505e-05 0.0
0.000133252164 -8.69169453e-05 0.0
0.000136993156 -9.0423644e-05 0.0
0.000141120836 -9.31890318e-05 0.0
0.000145533326 -9.51586189e-05 0.0
0.000150112523 -8.08188051e-05 0.0
0.000108347267 -8.72657038e-05 0.0
0.00010874006 -8.90005613e-05 0.0
0.000109317589 -9.06552596e-05 0.0
0.000109947076 -9.2406357e-05 0.0
0.000110587876 -9.40291939e-05 0.0
0.000110966197 -9.52103946e-05 0.0
0.000111001762 -9.53080526e-05 0.0
0.000110553789 -9.38443554e-05 0.0
0.000109632761 -9.20022212e-05 0.0
0.000108470893 -9.04918925e-05 0.0
0.00010716822 -8.93991382e-05 0.0
0.000104270999 -8.83703906e-05 0.0
0.00010378749 -8.82268869e-05 0.0
0.000104217092 -8.7660439e-05 0.0
0.000104625098 -8.69704745e-05 0.0
0.000105050087 -8.65995098e-05 0.0
0.000105586296 -8.64334652e-05 0.0
0.00010613964 -8.63995301e-05 0.0
0.000106848784 -8.6299704e-05 0.0
0.000107664535 -8.59350475e-05 0.0
0.000108080894 -8.54265381e-05 0.0
0.000108257518 -8.47215051e-05 0.0
0.0001072452 -9.03326509e-05 0.0
0.00010386503 -5.98027837e-05 0.0
0.000107924119 -6.04368506e-05 0.0
0.000111852722 -6.00334533e-05 0.0
0.000115527408 -5.90677046e-05 0.0
0.000117354517 -5.53310092e-05 0.0
0.000116921881 -5.06441356e-05 0.0
0.00011571456 -4.68707003e-05 0.0
0.000113632013 -4.35705588e-05 0.0
0.000111069457 -4.09484855e-05 0.0
0.000108112217 -3.90017667e-05 0.0
0.000104714236 -3.7591908e-05 0.0
0.000100767553 -3.67488828e-05 0.0
9.27192668e-05 -3.68198307e-05 0.0
9.01132371e-05 -3.71864589e-05 0.0
8.82156819e-05 -3.7787082e-05 0.0
8.69202486e-05 -3.86659158e-05 0.0
8.59541833e-05 -3.97636468e-05 0.0
8.53707825e-05 -4.09845488e-05 0.0
8.53095116e-05 -4.19692551e-05 0.0
8.55884937e-05 -4.28094536e-05 0.0
8.66339979e-05 -4.52920394e-05 0.0
8.90619849e-05 -4.92872896e-05 0.0
9.21975225e-05 -5.3219097e-05 0.0
9.58955497e-05 -5.62579917e-05 0.0
9.76961819e-05 -4.54315195e-05 0.0
0.000177799811 -0.000150136446 0.0
0.00016694871 -0.000143634985 0.0
9.18753285e-05 -9.43681298e-05 0.0
8.80643202e-05 -9.01056846e-05 0.0
8.84276888e-05 -8.13604638e-05 0.0
8.83490648e-05 -7.26520302e-05 0.0
8.66057526e-05 -6.70533773e-05 0.0
8.19684356e-05 -6.1034727e-05 0.0
7.16218783e-05 -5.33611383e-05 0.0
5.91272074e-05 -4.39299038e-05 0.0
4.86243844e-05 -3.52681927e-05 0.0
4.25820072e-05 -2.67880096e-05 0.0
2.14128831e-05 -1.28167967e-05 0.0
1.68315637e-05 -9.64480205e-06 0.0
1.16080882e-05 -6.64453728e-06 0.0
6.54649102e-06 -3.37222878e-06 0.0
-2.28297563e-06 2.64601567e-06 0.0
-1.68599365e-06 -9.7282109e-06 0.0
3.2619397e-07 -5.04826585e-06 0.0
6.33046557e-06 -4.57971055e-06 0.0
8.42716872e-06 3.58101306e-06 0.0
1.2433371e-05 1.52454459e-05 0.0
1.65002621e-05 2.4785777e-05 0.0
2.021406e-05 2.98278355e-05 0.0
2.33736628e-05 2.94345955e-05 0.0
2.82842611e-05 2.55797786e-05 0.0
3.35650802e-05 2.02311148e-05 0.0
3.79557314e-05 1.52312023e-05 0.0
4.22546109e-05 1.09064713e-05 0.0
4.70308951e-05 6.39983909e-06 0.0
5.32401245e-05 1.98916882e-06 0.0
5.75971972e-05 1.31659283e-06 0.0
6.14143355e-05 1.53160499e-06 0.0
6.30131399e-05 1.86975751e-06 0.0
6.22374428e-05 7.39046527e-07 0.0
6.69882429e-05 -3.37222878e-06 0.0
7.20498356e-05 -6.64453728e-06 0.0
7.7273311e-05 -9.64480205e-06 0.0
8.18546323e-05 -1.28167967e-05 0.0
0.000103023754 -2.67880096e-05 0.0
0.000109066132 -3.52681927e-05 0.0
0.000119568962 -4.39299038e-05 0.0
0.000132063622 -5.33611383e-05 0.0
0.000142410194 -6.1034727e-05 0.0
0.000147047496 -6.70533773e-05 0.0
0.000148790816 -7.26520302e-05 0.0
0.00014886944 -8.13604638e-05 0.0
0.000148506064 -9.01056846e-05 0.0
0.000152317079 -9.43681298e-05 0.0
0.000227390454 -0.000143634985 0.0
0.00023824157 -0.000150136446 0.0
0.0002489037 -0.000154188456 0.0
0.000249679404 -0.000153057743 0.0
0.000248080585 -0.0001533959 0.0
0.000244263443 -0.000153610905 0.0
0.000239906381 -0.00015293833 0.0
0.000233697152 -0.000148527659 0.0
0.000228920864 -0.000144021033 0.0
0.000224621981 -0.000139696291 0.0
0.000220231334 -0.000134696384 0.0
0.000214950516 -0.000129347725 0.0
0.000210039914 -0.000125492908 0.0
0.000206880315 -0.000125099657 0.0
0.000203166506 -0.000130141721 0.0
0.000199099624 -0.000139682059 0.0
0.000195093424 -0.000151346481 0.0
0.000192996711 -0.00015950721 0.0
0.000186992445 -0.000159975767 0.0
0.00018498025 -0.000164655707 0.0
0.000184383272 -0.000152281485 0.0
0.000164304889 -9.0341724e-05 0.0
0.000157823888 -8.66635746e-05 0.0
0.000157049493 -8.67289418e-05 0.0
0.000165483012 -9.03737455e-05 0.0
0.000162202326 -8.96881029e-05 0.0
0.000159647418 -8.6403219e-05 0.0
0.000164976562 -9.11681418e-05 0.0
0.000157302973 -8.56961633e-05 0.0
0.000156200273 -8.61512381e-05 0.0
0.000166625992 -9.1396636e-05 0.0
0.000166381142 -9.01214589e-05 0.0
0.000156600203 -8.60889704e-05 0.0
0.000161111559 -8.5990454e-05 0.0
0.000160832147 -8.90579904e-05 0.0
0.000167514896 -9.15868586e-05 0.0
0.000156121765 -8.56392653e-05 0.0
0.000166250451 -9.15258279e-05 0.0
0.00015831663 -8.52765224e-05 0.0
0.000155876201 -8.6171829e-05 0.0
0.000163844903 -9.10771341e-05 0.0
0.00015794301 -8.61529916e-05 0.0
0.000164252691 -8.75548649e-05 0.0
0.000165378166 -8.86957423e-05 0.0
0.00015717627 -8.57890409e-05 0.0
0.000156127382 -8.6148284e-05 0.0
0.00016745241 -9.1233167e-05 0.0
0.000159159215 -8.74455e-05 0.0
0.000162893339 -8.67004783e-05 0.0
0.000159554736 -8.53492384e-05 0.0
0.000162526238 -9.04344924e-05 0.0
0.000163212069 -8.94379991e-05 0.0
0.000158667361 -8.73934259e-05 0.0
0.000161823205 -8.90634183e-05 0.0
0.000159902032 -8.73883037e-05 0.0
0.000116276467 -0.000106853149 0.0
0.000124009151 -0.000108555643 0.0
0.000121620418 -0.00011073958 0.0
0.000110146677 -0.000103378501 0.0
0.000127335283 -0.0001079172 0.0
0.000110863431 -0.00010577681 0.0
0.000114377144 -0.000108556233 0.0
0.000125249484 -0.000111673427 0.0
0.000119951073 -0.00010614653 0.0
0.000127233929 -0.000110474582 0.0
0.000114351045 -0.00010427356 0.0
0.000124139216 -0.000106771433 0.0
0.000118384982 -0.000111366106 0.0
0.000120603057 -0.000108437991 0.0
0.000121700366 -0.00011269535 0.0
0.000108038119 -0.000101762984 0.0
0.000110747424 -0.000102397833 0.0
0.000128704545 -0.000109407214 0.0
0.00011825304 -0.000109157751 0.0
0.000111360707 -0.00010757165 0.0
0.000108653039 -0.000103839215 0.0
0.000128758169 -0.000107422187 0.0
0.000127620486 -0.000111989844 0.0
0.000126176688 -0.000106496627 0.0
0.000123995196 -0.000112867674 0.0
0.000112597081 -0.000105102881 0.0
0.000123699589 -0.00010993085 0.0
0.000107689855 -0.000102485319 0.0
0.000129311404 -0.000108486085 0.0
0.000126527681 -0.000108906344 0.0
0.000115396739 -0.000110885354 0.0
0.000121641657 -0.000105170511 0.0
0.000175446155 -9.93704598e-05 0.0
0.000181476236 -0.000101038466 0.0
0.000186664125 -0.000104104045 0.0
0.000169997496 -9.9500241e-05 0.0
0.000172110929 -9.87692183e-05 0.0
0.00018453857 -0.000102237289 0.0
0.000178433635 -9.94772854e-05 0.0
0.000173801775 -0.000148825871 0.0
0.000175271343 -0.0001540183 0.0
0.000168526749 -0.000150019201 0.0
0.000179050519 -0.000158660667 0.0
0.00017716593 -0.000145819198 0.0
0.000171681822 -0.000145266764 0.0
0.000167640537 -0.000147568542 0.0
0.000173553082 -0.000157289513 0.0
0.000169107894 -0.000152442386 0.0
0.000179583963 -0.000155622241 0.0
0.000175498324 -0.000152005668 0.0
0.000178397735 -0.000149158324 0.0
0.000168344966 -0.000145474754 0.0
0.00018193014 -0.000161281088 0.0
0.000171221618 -0.000149588712 0.0
0.000166553335 -0.000150470471 0.0
0.000176860762 -0.000159562012 0.0
0.000166070211 -0.000148376843 0.0
0.000173920489 -0.000143785655 0.0
0.00017059427 -0.000155153277 0.0
0.000182074582 -0.000158971437 0.0
0.000179912313 -0.000144725258 0.0
0.000180672097 -0.000147830637 0.0
0.000171963169 -0.000152079301 0.0
0.000175018344 -0.000147088751 0.0
0.000179351584 -0.00015194506 0.0
0.00017604015 -0.000156285692 0.0
0.000176905494 -0.000143486061 0.0
0.000165676145 -0.000149239844 0.0
0.000170482977 -0.000147398197 0.0
0.000179463896 -0.000161266551 0.0
0.000172668879 -0.000154494104 0.0
2.22792778e-06 1.01149067e-06 0.0
3.34533138e-06 -1.82953897e-06 0.0
1.95814027e-06 -4.47651655e-06 0.0
1.5570113e-07 6.20089122e-06 0.0
5.15656984e-06 -1.03302239e-06 0.0
5.63271385e-07 -5.90127638e-06 0.0
4.0352088e-06 -3.69172562e-06 0.0
7.76084619e-07 -2.5280583e-06 0.0
2.92395839e-06 3.01388695e-06 0.0
0.000184729986 -0.000154577559 0.0
0.000185484707 -0.000151944347 0.0
0.000180308591 -0.000151594795 0.0
0.000180415896 -0.000153778601 0.0
0.000186901467 -0.000156983166 0.0
0.000181927549 -0.000148860941 0.0
0.000183473618 -0.000155886781 0.0
0.000186925085 -0.000150781838 0.0
0.000184938865 -0.000148647669 0.0
0.000186901409 -0.000154017514 0.0
0.00018362682 -0.000152858047 0.0
0.000179231603 -0.000149303523 0.0
0.000177992348 -0.000151568136 0.0
0.0001876319 -0.000156097143 0.0
0.00018109956 -0.000155168251 0.0
0.0001853063 -0.000157071059 0.0
0.000188425198 -0.000152965877 0.0
0.000182474265 -0.000150902648 0.0
0.000188694059 -0.000157735296 0.0
0.000181804193 -0.000153272878 0.0
0.000182650925 -0.00015476835 0.0
0.000178139642 -0.000152829089 0.0
0.000182852702 -0.00014770859 0.0
0.000179642389 -0.000147697487 0.0
0.000177528462 -0.000150160777 0.0
0.000186873353 -0.000149103638 0.0
0.000187466576 -0.000157795235 0.0
0.000178872055 -0.000153851579 0.0
0.000185123296 -0.000156023962 0.0
0.000181023715 -0.00014717599 0.0
0.000183140903 -0.000156324459 0.0
0.000188636288 -0.000150275271 0.0
0.000179829178 -0.000152604873 0.0
0.000184126708 -0.000149827305 0.0
5.44571822e-06 6.24619247e-07 0.0
5.33247112e-06 -1.70140197e-06 0.0
5.40287783e-06 1.54974009e-06 0.0
5.25577889e-06 -2.44197577e-06 0.0
8.62028392e-05 -1.81733158e-05 0.0
7.77484311e-05 -1.21429102e-05 0.0
7.49554965e-05 -1.18218259e-05 0.0
8.58826825e-05 -1.84980508e-05 0.0
8.34393868e-05 -1.83208431e-05 0.0
7.52301275e-05 -1.36121034e-05 0.0
8.6641674e-05 -1.82688982e-05 0.0
7.94709413e-05 -1.19095421e-05 0.0
8.74403413e-05 -1.912685e-05 0.0
7.45098077e-05 -1.03223038e-05 0.0
8.3070634e-05 -1.70701478e-05 0.0
8.29455239e-05 -1.41118089e-05 0.0
7.96352906e-05 -1.76687645e-05 0.0
7.70191837e-05 -1.02598951e-05 0.0
8.63777823e-05 -1.79022772e-05 0.0
8.78166975e-05 -1.93723718e-05 0.0
8.59070569e-05 -1.90693936e-05 0.0
7.29073145e-05 -1.16758156e-05 0.0
7.53306813e-05 -1.51934719e-05 0.0
8.73668396e-05 -1.9269839e-05 0.0
7.27753504e-05 -1.01262549e-05 0.0
7.80954215e-05 -1.41272503e-05 0.0
8.69243813e-05 -1.92433454e-05 0.0
7.51411571e-05 -9.72610633e-06 0.0
8.79705331e-05 -1.9444622e-05 0.0
7.23811536e-05 -1.05784902e-05 0.0
8.4794563e-05 -1.59096962e-05 0.0
7.73341599e-05 -1.6804197e-05 0.0
8.10367346e-05 -1.1934645e-05 0.0
8.1654769e-05 -1.89205657e-05 0.0
0.000202891475 -0.000121797893 0.0
0.000210739017 -0.000128534331 0.0
0.000196930996 -0.000124335871 0.0
0.00021072528 -0.000123118094 0.0
0.000195113127 -0.00011902296 0.0
0.000203243413 -0.000116539348 0.0
0.000203991411 -0.000127195002 0.0
0.000198210168 -0.000116166637 0.0
0.000215169595 -0.000127602165 0.0
0.000192390566 -0.000120886791 0.0
0.000208378071 -0.000117962816 0.0
0.000213287407 -0.000132476795 0.0
0.000195636094 -0.000126826388 0.0
0.000208217534 -0.000130694752 0.0
0.000200804629 -0.000128384636 0.0
0.000193803076 -0.000115738869 0.0
0.000207507415 -0.000124657876 0.0
0.000215356165 -0.000130647255 0.0
0.000205816788 -0.000120591911 0.0
0.000200442024 -0.00011364527 0.0
0.000193028915 -0.000123631151 0.0
0.000199063768 -0.000122270198 0.0
0.00019952601 -0.000119723205 0.0
0.000214998538 -0.000122707366 0.0
0.000191236875 -0.000118622462 0.0
0.000205495729 -0.00011482917 0.0
0.000216422326 -0.000125719584 0.0
0.000212410174 -0.000119639371 0.0
0.000195384113 -0.000113786438 0.0
0.000197594811 -0.000113048474 0.0
0.000206822704 -0.000126933635 0.0
0.000200667098 -0.000125078426 0.0
0.000211396648 -0.000126591127 0.0
0.000204566983 -0.000129764172 0.0
0.000202331183 -0.000119194141 0.0
0.000195638902 -0.000122127138 0.0
0.000202820753 -0.000113221191 0.0
0.000217435096 -0.000130035085 0.0
0.000190988561 -0.000122125915 0.0
0.000203461081 -0.000124653612 0.0
0.000191688159 -0.000116722811 0.0
0.000148154504 -0.000135078197 0.0
0.000141817116 -0.000133531154 0.0
0.00015018812 -0.000135556809 0.0
0.000139649914 -0.00013293924 0.0
0.000138526215 -0.000124640908 0.0
0.000141687429 -0.000120753924 0.0
0.000153896588 -0.000133986599 0.0
0.000157981151 -0.000129966633 0.0
0.000159329909 -0.000133459136 0.0
0.000158487965 -0.000127309177 0.0
0.000145042533 -0.000119112774 0.0
0.000136859366 -0.000120682082 0.0
0.000137913565 -0.000128100583 0.0
0.00015043444 -0.000136372895 0.0
0.000133730093 -0.000122787009 0.0
0.000157234099 -0.000137510156 0.0
0.000162318102 -0.000131168199 0.0
0.00013851143 -0.000117668264 0.0
0.000141545301 -0.000133016438 0.0
0.00014571764 -0.000135831127 0.0
0.000154565525 -0.000123134552 0.0
0.000150062901 -0.000119988537 0.0
0.000162176846 -0.000132859539 0.0
0.000161827891 -0.000129676046 0.0
0.000134299655 -0.000125041028 0.0
0.000133966591 -0.000120942299 0.0
0.000154289868 -0.000138173695 0.0
0.000159786781 -0.000136234637 0.0
0.000141063123 -0.000117407653 0.0
0.0001364044 -0.000118455719 0.0
0.00013785965 -0.000131228677 0.0
0.000158395022 -0.00012509813 0.0
0.000152986424 -0.000130071348 0.0
0.000143232071 -0.000124405575 0.0
0.000196339926 -0.00011904128 0.0
0.000193922169 -0.00011634206 0.0
0.000193956308 -0.000117502743 0.0
0.000195928849 -0.000117652271 0.0
0.000198127382 -0.00012019703 0.0
0.000192182633 -0.000115184564 0.0
0.000194348511 -0.00011681646 0.0
0.000195883331 -0.000119393924 0.0
0.000198809255 -0.000119913573 0.0
0.000191158935 -0.00011445117 0.0
0.000197537913 -0.000118539654 0.0
0.000192002379 -0.000116122268 0.0
0.000193351254 -0.00011593035 0.0
0.000196767869 -0.000118781994 0.0
0.000197845075 -0.000120561373 0.0
0.000192660693 -0.000115667142 0.0
0.00019707832 -0.000120297271 0.0
0.000193425993 -0.000116268864 0.0
0.000194675609 -0.000118907679 0.0
0.000195234374 -0.00011741621 0.0
0.000190857361 -0.000114787654 0.0
0.000190457882 -0.000114154427 0.0
0.000198586713 -0.000119231132 0.0
0.000199167363 -0.00011975607 0.0
0.000199261121 -0.000120675046 0.0
0.000191046609 -0.00011443402 0.0
0.00019481995 -0.000117549578 0.0
0.000195258923 -0.000117231772 0.0
8.24407907e-05 -4.9730188e-05 0.0
7.84766526e-05 -5.52287202e-05 0.0
7.29045059e-05 -5.30727484e-05 0.0
7.7658995e-05 -4.59109688e-05 0.0
6.94896007e-05 -4.95615823e-05 0.0
7.23573248e-05 -4.47723032e-05 0.0
8.71530865e-05 -5.33135862e-05 0.0
8.30166027e-05 -5.7095338e-05 0.0
7.60125185e-05 -5.60471744e-05 0.0
8.30146964e-05 -4.67887221e-05 0.0
7.38237068e-05 -5.09977908e-05 0.0
8.80252701e-05 -5.64080037e-05 0.0
6.84764964e-05 -4.65094672e-05 0.0
8.79346699e-05 -5.06671931e-05 0.0
8.14825762e-05 -5.7735444e-05 0.0
8.58674393e-05 -5.786373e-05 0.0
6.94132978e-05 -5.18648558e-05 0.0
7.43450801e-05 -4.35437978e-05 0.0
6.9620306e-05 -4.40909353e-05 0.0
8.00822381e-05 -4.44851612e-05 0.0
7.26611906e-05 -5.50197765e-05 0.0
7.06897263e-05 -5.36357256e-05 0.0
8.63232272e-05 -4.81306924e-05 0.0
7.71983105e-05 -4.35539259e-05 0.0
7.86467208e-05 -5.74524129e-05 0.0
7.55497749e-05 -4.77759204e-05 0.0
8.74465331e-05 -5.74080223e-05 0.0
6.85785781e-05 -4.50100561e-05 0.0
8.99272127e-05 -5.56436717e-05 0.0
6.73205723e-05 -4.75474044e-05 0.0
8.30983699e-05 -5.25391988e-05 0.0
3.78472832e-05 -2.72885336e-05 0.0
2.77342715e-05 -1.68074348e-05 0.0
4.19538592e-05 -2.82735837e-05 0.0
3.41340819e-05 -2.65575709e-05 0.0
2.61238711e-05 -1.77226084e-05 0.0
4.31694716e-05 -2.61985242e-05 0.0
3.29833238e-05 -2.01219245e-05 0.0
4.17908595e-05 -3.04912137e-05 0.0
3.86407592e-05 -2.97081406e-05 0.0
3.95063107e-05 -1.98105008e-05 0.0
2.90271528e-05 -2.38413613e-05 0.0
2.56768653e-05 -1.94879358e-05 0.0
3.51318085e-05 -1.87997084e-05 0.0
2.95918417e-05 -1.86866546e-05 0.0
3.09054158e-05 -1.76357498e-05 0.0
4.36139708e-05 -3.0947489e-05 0.0
4.06349645e-05 -3.06192342e-05 0.0
3.64331499e-05 -2.95692389e-05 0.0
2.57353731e-05 -1.64496705e-05 0.0
4.23427955e-05 -2.29644611e-05 0.0
4.46181111e-05 -3.03454635e-05 0.0
4.48651954e-05 -2.88446718e-05 0.0
3.3622764e-05 -2.85203078e-05 0.0
3.10079195e-05 -2.67032901e-05 0.0
3.73962139e-05 -2.52199989e-05 0.0
2.41860489e-05 -1.7816732e-05 0.0
2.63345701e-05 -2.13109706e-05 0.0
9.52716728e-05 -1.57748782e-05 0.0
9.05195775e-05 -1.52236607e-05 0.0
9.63961502e-05 -1.57080813e-05 0.0
8.95360572e-05 -1.49997841e-05 0.0
9.88956017e-05 -1.64805042e-05 0.0
8.79379586e-05 -1.50149817e-05 0.0
9.06882342e-05 -6.78704746e-05 0.0
9.29469825e-05 -7.77954192e-05 0.0
8.50295037e-05 -6.71862581e-05 0.0
9.74580762e-05 -7.81976414e-05 0.0
8.82662862e-05 -7.7892073e-05 0.0
9.48249217e-05 -6.93671027e-05 0.0
8.63024979e-05 -6.49251961e-05 0.0
8.17802938e-05 -6.8144298e-05 0.0
9.936672e-05 -7.64382785e-05 0.0
9.60660982e-05 -8.02707291e-05 0.0
9.05930065e-05 -6.51827067e-05 0.0
8.42679656e-05 -7.51073894e-05 0.0
8.1589722e-05 -6.4250351e-05 0.0
9.10317249e-05 -8.02708964e-05 0.0
9.77203963e-05 -7.10724926e-05 0.0
9.85974984e-05 -8.04795563e-05 0.0
9.98016403e-05 -7.98209585e-05 0.0
0.000100351725 -7.86322562e-05 0.0
9.4100491e-05 -8.11707214e-05 0.0
8.79721192e-05 -6.41267761e-05 0.0
9.3174167e-05 -6.66211854e-05 0.0
8.93584584e-05 -7.50054314e-05 0.0
8.03130461e-05 -6.53368188e-05 0.0
8.33298109e-05 -6.36374025e-05 0.0
8.02425056e-05 -6.97395008e-05 0.0
0.000100452969 -7.54420253e-05 0.0
9.94863512e-05 -7.34628557e-05 0.0
8.1375023e-05 -7.24129495e-05 0.0
9.45624488e-05 -7.54111024e-05 0.0
8.48804921e-05 -7.75448862e-05 0.0
4.87216457e-05 -3.93430018e-05 0.0
4.76693276e-05 -2.95450373e-05 0.0
5.38723798e-05 -3.10836404e-05 0.0
5.56274535e-05 -4.14575334e-05 0.0
5.88134171e-05 -3.46784655e-05 0.0
4.27794657e-05 -3.7488895e-05 0.0
4.25546059e-05 -2.78009884e-05 0.0
5.11923499e-05 -4.24748832e-05 0.0
4.90653147e-05 -2.7539736e-05 0.0
5.97022627e-05 -4.14992246e-05 0.0
3.97294789e-05 -3.35597033e-05 0.0
4.41954362e-05 -4.03089216e-05 0.0
4.6099296e-05 -3.58518628e-05 0.0
3.95554889e-05 -2.95723275e-05 0.0
4.36719311e-05 -2.61220939e-05 0.0
6.15766767e-05 -3.69390655e-05 0.0
5.8243786e-05 -3.18513339e-05 0.0
5.53260288e-05 -4.38689131e-05 0.0
5.79401276e-05 -4.40075019e-05 0.0
5.96166283e-05 -4.34440772e-05 0.0
5.29357967e-05 -2.82111287e-05 0.0
5.44298346e-05 -3.4399869e-05 0.0
4.74217813e-05 -4.22830271e-05 0.0
4.58735485e-05 -2.60154848e-05 0.0
5.58966203e-05 -2.97073093e-05 0.0
6.2078645e-05 -3.92659131e-05 0.0
6.19326165e-05 -4.11349283e-05 0.0
3.9108385e-05 -3.5817462e-05 0.0
5.21051443e-05 -3.82574835e-05 0.0
3.95843963e-05 -2.74324811e-05 0.0
3.801817e-05 -3.12020784e-05 0.0
0.000109087254 -6.3477004e-05 0.0
0.000110851426 -6.53741372e-05 0.0
0.000112462985 -6.5676657e-05 0.0
0.000110374553 -6.49114081e-05 0.0
0.000109186418 -6.51705413e-05 0.0
0.000107487416 -6.24486929e-05 0.0
0.000112909984 -6.59054349e-05 0.0
0.000109264074 -6.40919534e-05 0.0
0.000112010988 -6.6098306e-05 0.0
0.000111193462 -6.58302815e-05 0.0
0.000106344945 -6.24950262e-05 0.0
0.000107427099 -6.22979569e-05 0.0
0.000107885106 -6.49230496e-05 0.0
0.000109958746 -6.57047058e-05 0.0
0.000111131121 -6.61064987e-05 0.0
0.000108270586 -6.31009098e-05 0.0
0.000109945453 -6.54467367e-05 0.0
0.000110302433 -6.62066595e-05 0.0
0.000110564812 -6.62567836e-05 0.0
0.000113134563 -6.63466562e-05 0.0
0.000113640112 -6.63243773e-05 0.0
0.000113626767 -6.62019374e-05 0.0
0.000106460619 -6.35003307e-05 0.0
0.000107000298 -6.43333115e-05 0.0
0.000112706512 -6.60551814e-05 0.0
0.000111948124 -6.60961741e-05 0.0
0.000108987639 -6.35293836e-05 0.0
0.000109721514 -6.46387343e-05 0.0
0.000140350487 -7.62412092e-05 0.0
0.000159355375 -8.28277116e-05 0.0
0.000142170597 -8.49136195e-05 0.0
0.000158956158 -7.80697374e-05 0.0
0.000140772769 -7.04306512e-05 0.0
0.000160397787 -8.798216e-05 0.0
0.000135966795 -8.05396849e-05 0.0
0.000145217244 -9.00525629e-05 0.0
0.000154601687 -7.35912618e-05 0.0
0.000162210592 -8.12730577e-05 0.0
0.000133174486 -7.24764031e-05 0.0
0.000156409122 -9.09198498e-05 0.0
0.000137616167 -8.73475365e-05 0.0
0.00016321383 -8.65528928e-05 0.0
0.000142605379 -6.77237476e-05 0.0
0.000161963966 -7.87110985e-05 0.0
0.000160912517 -7.71322229e-05 0.0
0.000158835115 -7.53901841e-05 0.0
0.000163813529 -8.4009509e-05 0.0
0.000132403977 -7.64278011e-05 0.0
0.000135034163 -6.92707035e-05 0.0
0.000155505579 -8.49644057e-05 0.0
0.000140769946 -9.00051818e-05 0.0
0.000134917034 -8.41606161e-05 0.0
0.000151237196 -6.99925877e-05 0.0
0.000148209409 -9.28997179e-05 0.0
0.000152246954 -9.29303642e-05 0.0
0.000146913284 -6.82919708e-05 0.0
0.000154784691 -7.88804682e-05 0.0
0.000160334253 -9.15806595e-05 0.0
0.000108723696 -9.15232522e-05 0.0
0.000106072024 -9.00355444e-05 0.0
0.000107805252 -8.85984264e-05 0.0
0.000105280989 -8.84707479e-05 0.0
0.000105840532 -8.76246995e-05 0.0
0.000109583219 -9.31532923e-05 0.0
0.000107368163 -9.08913426e-05 0.0
0.000108301989 -8.93131655e-05 0.0
0.000107593696 -8.7326247e-05 0.0
0.000104902741 -8.8991088e-05 0.0
0.000109345412 -9.15509299e-05 0.0
0.000108022665 -8.67143826e-05 0.0
0.000108694709 -9.23726475e-05 0.0
0.000106382686 -8.98150902e-05 0.0
0.000110109548 -9.41827893e-05 0.0
0.000106120868 -8.70317235e-05 0.0
0.00010513873 -8.74591788e-05 0.0
0.000104522485 -8.8211913e-05 0.0
0.000105317027 -8.91642703e-05 0.0
0.000104730287 -8.77260391e-05 0.0
0.000109793218 -9.28337104e-05 0.0
0.000108852772 -9.01436288e-05 0.0
0.000108118176 -8.75441765e-05 0.0
0.000108024557 -8.64827598e-05 0.0
0.000109734407 -9.37384539e-05 0.0
0.000106689593 -8.69345022e-05 0.0
0.00010725233 -8.68105271e-05 0.0
0.000106281172 -8.88860959e-05 0.0
0.000107291744 -9.11514217e-05 0.0
0.00010852611 -9.14816701e-05 0.0
0.000108049368 -9.00769228e-05 0.0
9.95438168e-05 -5.23054296e-05 0.0
0.000107046719 -5.06057659e-05 0.0
9.04027547e-05 -4.15308241e-05 0.0
9.6351112e-05 -4.00646022e-05 0.0
0.00011039403 -4.75696652e-05 0.0
0.000105776628 -5.52247111e-05 0.0
9.13616386e-05 -3.93447153e-05 0.0
0.000101434802 -3.94883682e-05 0.0
9.49497989e-05 -5.15257125e-05 0.0
8.79138388e-05 -4.25985199e-05 0.0
0.000101099191 -5.66239069e-05 0.0
8.77480124e-05 -3.99776109e-05 0.0
0.000112480178 -5.44997165e-05 0.0
9.52082992e-05 -3.78971672e-05 0.0
8.84629844e-05 -4.48718347e-05 0.0
9.07815702e-05 -4.81740099e-05 0.0
0.000108879183 -4.31430344e-05 0.0
0.000106116 -4.06088475e-05 0.0
0.000113300033 -5.13687664e-05 0.0
0.000110421577 -5.67442039e-05 0.0
9.23727057e-05 -3.80395795e-05 0.0
9.84576618e-05 -3.8015387e-05 0.0
0.000104449595 -5.74722144e-05 0.0
9.78916942e-05 -5.51379417e-05 0.0
8.70370859e-05 -4.09928543e-05 0.0
8.88258e-05 -3.9104485e-05 0.0
0.000112123889 -4.52414897e-05 0.0
8.6680302e-05 -4.30531254e-05 0.0
0.000101041674 -4.89931699e-05 0.0
9.49609166e-05 -4.25038452e-05 0.0
0.000154356938 -0.000107608059 0.0
6.38992278e-05 -1.46848297e-05 0.0
0.000171956068 -0.00011843472 0.0
4.29250285e-05 -1.79717445e-05 0.0
0.000138403862 -0.000105187159 0.0
0.000147237879 -8.73456811e-05 0.0
0.000159842064 -0.000130024855 0.0
3.66121531e-05 -2.47072439e-05 0.0
0.000164907076 -9.60382386e-05 0.0
7.5369564e-05 -2.90896587e-05 0.0
0.000127497813 -6.44245883e-05 0.0
0.000114287177 -9.81915073e-05 0.0
0.000101307371 -3.56538512e-05 0.0
9.15408018e-05 -6.47583074e-05 0.0
0.00011356418 -5.60444605e-05 0.0
5.80389278e-05 4.52805671e-06 0.0
0.000162318102 -0.000103992606 0.0
3.77046199e-05 -2.03508389e-05 0.0
8.21564099e-05 -5.9600141e-05 0.0
0.000145330327 -0.000124643251 0.0
0.000100596095 -6.01555221e-05 0.0
0.000131693814 -8.66175105e-05 0.0
0.000150533175 -0.000116674666 0.0
7.46816149e-05 -1.84723558e-05 0.0
0.000170534331 -9.82272759e-05 0.0
6.51536611e-05 -3.04332007e-05 0.0
4.07052139e-05 3.52946881e-06 0.0
0.000169064981 -0.000104669576 0.0
0.000146146936 -0.000130990724 0.0
2.43434024e-05 -1.40728225e-05 0.0
8.44279057e-05 -5.96970349e-05 0.0
6.46039189e-05 -5.37320993e-05 0.0
0.000185691053 -0.000128515225 0.0
4.81070347e-05 -3.32110139e-05 0.0
0.00014523798 -7.93430518e-05 0.0
0.000101598212 -6.39603531e-05 0.0
7.41371405e-05 -5.459155e-05 0.0
0.000172297965 -0.000136504837 0.0
0.000158201219 -9.4529074e-05 0.0
0.000135920942 -0.000110903922 0.0
0.000127302992 -7.24454658e-05 0.0
0.000123342106 -9.42697079e-05 0.0
0.000162366268 -0.000117836986 0.0
1.03117445e-05 -1.73627923e-05 0.0
0.000144510879 -9.95270166e-05 0.0
7.75582594e-05 -2.88314604e-05 0.0
2.88660813e-05 -1.75681089e-05 0.0
0.000130886896 -6.82349346e-05 0.0
4.6165489e-05 -2.94910787e-05 0.0
0.000114225753 -9.34567579e-05 0.0
0.00015927128 -0.000141453958 0.0
0.00012044621 -0.000104898732 0.0
4.47128223e-05 1.16000019e-05 0.0
0.000114794253 -5.35136642e-05 0.0
7.96529275e-05 -3.64920015e-05 0.0
6.80621179e-06 -4.04619868e-06 0.0
9.66348525e-05 -5.57147796e-05 0.0
0.000109656467 -9.29799062e-05 0.0
5.76018574e-05 6.59464695e-06 0.0
0.000107648819 -4.2073003e-05 0.0
5.73327452e-05 -3.49753718e-05 0.0
2.786812e-05 -1.28168864e-09 0.0
9.5213516e-05 -7.16045761e-05 0.0
8.06105891e-05 -5.64787915e-05 0.0
0.000102741193 -4.80288691e-05 0.0
5.35132895e-05 -1.47720102e-05 0.0
5.10226891e-05 -3.17264094e-05 0.0
1.10117844e-05 -1.91706276e-05 0.0
0.000208586207 -0.000131451496 0.0
0.000118200376 -7.02557445e-05 0.0
2.06423647e-05 -1.84845176e-05 0.0
0.000143759593 -0.000117784009 0.0
9.74360955e-05 -2.74727408e-05 0.0
7.31403998e-05 -8.38269261e-06 0.0
0.000113070593 -0.00010325059 0.0
9.73792557e-05 -3.39561811e-05 0.0
7.33736742e-05 -3.72999239e-05 0.0
0.000181215437 -0.000113797621 0.0
0.000142894423 -0.000124169601 0.0
0.00015163295 -0.000130598084 0.0
0.000142076344 -7.42656412e-05 0.0
0.000153562898 -9.82070414e-05 0.0
5.55278129e-05 -3.88169938e-05 0.0
0.000131834895 -5.74037404e-05 0.0
2.76387254e-05 -1.5619029e-05 0.0
0.000191764746 -0.00010488477 0.0
0.000132999747 -7.7823599e-05 0.0
0.000150189007 -0.000130630622 0.0
0.000179087729 -0.000106896965 0.0
0.000173037959 -0.000103145365 0.0
2.16158005e-05 -1.52279026e-05 0.0
0.000139480369 -7.68861937e-05 0.0
2.97510524e-05 -1.35505643e-05 0.0
0.000154091307 -8.68085117e-05 0.0
9.04897097e-05 -7.23758858e-05 0.0
0.000127634019 -7.39592797e-05 0.0
0.000114412032 -7.77603709e-05 0.0
0.000154998255 -0.000117769712 0.0
6.89813169e-05 -2.2566368e-05 0.0
0.000164132667 -9.8808574e-05 0.0
8.33749073e-05 -5.82504472e-05 0.0
5.04362142e-05 -3.65911328e-05 0.0
0.000167499646 -9.27611763e-05 0.0
0.000100801568 -7.1259994e-05 0.0
0.000140378019 -0.000119263314 0.0
0.000173470646 -9.46002838e-05 0.0
8.83727917e-05 -5.58990941e-05 0.0
7.87459721e-05 -3.24331959e-05 0.0
0.000169717925 -0.00010178762 0.0
8.81913365e-05 -1.66722475e-05 0.0
6.5961096e-05 -7.20139496e-06 0.0
0.000178114176 -0.000141991841 0.0
0.0001508196 -0.000136804199 0.0
0.000151474393 -0.000134936956 0.0
0.000141503158 -0.000122534955 0.0
0.00018936969 -0.000143492434 0.0
7.66167796e-05 -5.06660399e-05 0.0
0.00016752338 -0.000109570232 0.0
0.000161503442 -9.80927725e-05 0.0
0.000165436097 -8.93987162e-05 0.0
0.000116177536 -9.93913709e-05 0.0
6.65994594e-05 -5.56070772e-05 0.0
0.000107499531 -7.04391496e-05 0.0
0.0001489922 -0.000107282096 0.0
0.000100862657 -3.13291457e-05 0.0
0.000117669551 -6.31286021e-05 0.0
9.90470071e-05 -5.85359448e-05 0.0
0.000180699601 -0.000140966571 0.0
0.000189087339 -0.00013225936 0.0
0.00016422871 -9.663331e-05 0.0
9.91960551e-05 -5.90494164e-05 0.0
0.000159670803 -0.000108836175 0.0
0.00012431416 -0.000101587706 0.0
0.000121370424 -5.1668063e-05 0.0
9.03418622e-05 -6.95426861e-05 0.0
0.000141628232 -9.15207129e-05 0.0
0.000161404765 -9.6602751e-05 0.0
8.22415968e-05 -6.40072394e-05 0.0
0.00010514012 -5.76483071e-05 0.0
0.000168595303 -0.000143395227 0.0
4.7555066e-05 1.33999092e-05 0.0
7.85533048e-05 -2.11326314e-05 0.0
0.000140244054 -7.84648e-05 0.0
7.14781709e-05 -4.5833156e-05 0.0
5.21717848e-05 -2.41828985e-07 0.0
4.21969053e-05 -2.74159247e-05 0.0
5.20409521e-05 -4.23244746e-05 0.0
7.99851841e-05 -3.09850075e-05 0.0
6.99977099e-05 -2.07465905e-06 0.0
3.84889172e-05 -2.33473675e-05 0.0
8.5974978e-05 -1.72274249e-05 0.0
1.87145633e-05 -8.37977495e-07 0.0
7.34567147e-05 -2.33523115e-05 0.0
0.000140723248 -7.15036149e-05 0.0
2.56997519e-05 -1.20721752e-05 0.0
0.000110561661 -5.11235266e-05 0.0
7.51320476e-05 -6.2814288e-05 0.0
0.000120270794 -0.000105991305 0.0
1.87309233e-05 -1.98065991e-05 0.0
6.5128268e-05 -4.76770074e-05 0.0
0.000184081073 -0.000158450013 0.0
0.000132488334 -0.000111385249 0.0
0.000109773362 -9.71685367e-05 0.0
0.000133218302 -9.61038677e-05 0.0
7.33167253e-05 -8.71163684e-06 0.0
0.000123558013 -7.52893175e-05 0.0
0.000216207336 -0.000136525196 0.0
0.000112949252 -9.22148247e-05 0.0
0.000204817508 -0.000122912737 0.0
0.000187082478 -0.000104185368 0.0
7.76861561e-05 -5.15249994e-05 0.0
4.62803146e-05 -2.95193222e-05 0.0
0.000176318295 -0.000102898899 0.0
0.000152989349 -0.000134373826 0.0
0.000146841121 -0.000127798907 0.0
6.91152163e-05 -4.26622246e-05 0.0
0.000158189272 -0.000100805562 0.0
9.6704287e-05 -2.80079184e-05 0.0
0.000165525184 -0.000127228966 0.0
3.43338229e-06 -1.47627952e-05 0.0
0.000124851562 -0.000108890468 0.0
0.000164555036 -0.00014134591 0.0
0.000133380658 -7.47024969e-05 0.0
2.86875729e-06 -1.04124047e-06 0.0
0.000164214463 -0.000146669729 0.0
2.48495198e-05 -1.54632999e-05 0.0
0.000176116548 -0.000147828832 0.0
0.000177156864 -0.000108956541 0.0
0.000208863683 -0.00013096162 0.0
0.000138425967 -0.000119675635 0.0
3.35443801e-05 1.62916349e-05 0.0
0.000170590458 -0.000143746467 0.0
9.93297654e-05 -4.33333626e-05 0.0
9.51272013e-05 -8.95873673e-05 0.0
0.000128155138 -7.63571661e-05 0.0
0.000179500756 -0.000107401815 0.0
0.000166116559 -9.58629462e-05 0.0
0.00012102443 -5.20772228e-05 0.0
0.00014413883 -0.000125716761 0.0
0.000109995381 -8.86291673e-05 0.0
0.000144822538 -0.000111411115 0.0
5.3854139e-05 -2.48761389e-05 0.0
5.4032862e-05 6.60047817e-06 0.0
9.8137396e-05 -6.15438912e-05 0.0
4.18633172e-05 -7.31490218e-06 0.0
0.000177619208 -0.000128656975 0.0
0.000139921933 -0.00012274248 0.0
9.74588038e-05 -5.59785149e-05 0.0
0.000113183189 -0.00010630519 0.0
1.50017268e-05 -1.01571422e-05 0.0
0.000188748338 -0.000139856304 0.0
2.77707459e-05 1.29989357e-05 0.0
0.000109382112 -8.14180821e-05 0.0
8.14427694e-05 -4.04353268e-05 0.0
0.000153402318 -0.000133614682 0.0
0.000141441342 -6.50272559e-05 0.0
0.000164853322 -0.000113266346 0.0
3.18120365e-05 -2.14479805e-05 0.0
3.13703822e-05 -1.17286709e-05 0.0
6.27996342e-05 -2.08557685e-05 0.0
3.78175828e-05 -2.30141832e-05 0.0
5.92144315e-05 -4.41034354e-05 0.0
0.000141557888 -0.000121406098 0.0
0.000139153446 -0.000117905169 0.0
0.000205158882 -0.000124406579 0.0
7.66248922e-05 -4.18420277e-05 0.0
7.59322502e-05 -2.69296015e-05 0.0
1.28187821e-05 -7.04855938e-06 0.0
6.53356328e-05 -5.30618199e-05 0.0
0.000231668644 -0.000144417674 0.0
0.000148330408 -0.00012901114 0.0
0.000165342528 -9.62657141e-05 0.0
0.000153573812 -8.307807e-05 0.0
9.54822681e-05 -2.22404415e-05 0.0
0.00010318579 -5.42929374e-05 0.0
0.000152289926 -0.000137443189 0.0
4.86637182e-05 -2.86293598e-05 0.0
0.000190106002 -0.000135377501 0.0
9.58036617e-05 -7.48582315e-05 0.0
5.04531226e-06 -3.59817068e-06 0.0
0.000115195508 -8.74824182e-05 0.0
9.74649811e-05 -5.66104136e-05 0.0
7.81355047e-05 -1.44184814e-05 0.0
0.000159555202 -0.000138181684 0.0
6.71766429e-06 -7.14937869e-06 0.0
9.79791439e-05 -5.44970535e-05 0.0
0.000180292453 -0.000148627325 0.0
5.77448736e-05 1.47818241e-06 0.0
0.000174198198 -0.000112458983 0.0
1.90229719e-06 -1.31902107e-05 0.0
0.000185912941 -0.000103466322 0.0
5.76447637e-05 -4.25251201e-05 0.0
6.91769019e-05 -1.47776518e-05 0.0
9.39343008e-05 -3.53357427e-05 0.0
0.000175964335 -0.00014017483 0.0
0.000103235783 -7.88549441e-05 0.0
0.00018673623 -0.000117912095 0.0
0.000140356336 -7.91741259e-05 0.0
1.74029356e-05 -1.52374614e-05 0.0
0.000106886633 -8.98269354e-05 0.0
0.000206737459 -0.000124294689 0.0
4.10985122e-05 -2.76713472e-05 0.0
3.83813494e-05 1.9121846e-05 0.0
0.000183302836 -0.00011102522 0.0
0.000150615437 -7.77804526e-05 0.0
0.000130283923 -5.43534443e-05 0.0
0.00018463489 -0.000141578465 0.0
4.49726758e-05 -2.62096073e-05 0.0
5.54269827e-05 -4.56168418e-05 0.0
7.09433007e-05 -4.8674643e-05 0.0
0.000152371926 -0.000138582254 0.0
0.00018931301 -0.000137912255 0.0
0.000105049534 -3.49775037e-05 0.0
0.000150090971 -0.000100074634 0.0
6.44001339e-05 -4.65772791e-05 0.0
0.000202193478 -0.000122491358 0.0
0.000182494143 -0.000152106295 0.0
0.000130034852 -7.2567731e-05 0.0
0.000154417285 -0.000125164195 0.0
0.000108530548 -5.40655601e-05 0.0
5.36585903e-05 -3.47883724e-05 0.0
4.46924714e-05 -2.86308787e-05 0.0
0.000155183501 -0.000137784838 0.0
9.88430475e-05 -2.41134439e-05 0.0
0.000158983239 -8.88149661e-05 0.0
0.000134524686 -0.000106343468 0.0
0.000136630144 -0.000118229815 0.0
7.80772607e-05 -5.48237294e-05 0.0
9.89381369e-05 -5.99353953e-05 0.0
6.5797627e-05 -4.43335557e-05 0.0
0.000171847249 -9.22689651e-05 0.0
0.000175237408 -9.49671012e-05 0.0
5.42416419e-05 -3.55874836e-05 0.0
7.06492283e-05 -6.21719437e-06 0.0
1.94799632e-05 -1.06431271e-05 0.0
0.000143748257 -8.17049877e-05 0.0
2.29981197e-05 -1.26410641e-05 0.0
0.000118323653 -7.23122212e-05 0.0
0.000141522862 -7.87003301e-05 0.0
0.000175125999 -0.0001462527 0.0
0.000121266283 -6.58947538e-05 0.0
9.02605243e-05 -1.70832172e-05 0.0
0.000193447719 -0.000133897847 0.0
0.000133219582 -6.03733897e-05 0.0
0.000170759013 -0.000139869881 0.0
0.000121230114 -7.14599591e-05 0.0
2.95862719e-05 -2.35947864e-05 0.0
9.19523154e-05 -5.45464536e-05 0.0
4.18236777e-05 -2.93325284e-05 0.0
0.000172028231 -0.000100834251 0.0
0.000195573593 -0.000110621113 0.0
0.00022230779 -0.000135974842 0.0
9.52162081e-05 -6.3776999e-05 0.0
0.000117542411 -6.85834675e-05 0.0
1.76654394e-05 -1.1343127e-05 0.0
1.82123167e-05 -2.47662174e-05 0.0
9.34748678e-05 -5.42751113e-05 0.0
0.000156543538 -0.000134600472 0.0
1.96759775e-05 -1.13585065e-05 0.0
0.000105097002 -6.17183614e-05 0.0
0.000113243754 -9.44354542e-05 0.0
0.000102788828 -4.13464331e-05 0.0
2.03143045e-05 -2.3938901e-05 0.0
0.000143976722 -7.89638943e-05 0.0
0.00012349934 -8.62451852e-05 0.0
0.00012811023 -0.000111928894 0.0
0.000153503323 -9.29315283e-05 0.0
0.000113212889 -4.32547058e-05 0.0
6.13088923e-05 -4.72805295e-05 0.0
0.000189320082 -0.000154540161 0.0
0.000127566993 -0.000111379508 0.0
0.000142523131 -0.000103405953 0.0
0.000171222491 -0.000126354527 0.0
6.53246389e-05 -5.43739225e-06 0.0
0.000114329756 -0.000100732555 0.0
9.33997871e-05 -7.81809795e-05 0.0
3.78276163e-05 -2.38932807e-05 0.0
0.000132456757 -0.000115175419 0.0
7.94275911e-05 -6.55694748e-05 0.0
0.000180030038 -0.000119688586 0.0
7.34816495e-05 -6.35153119e-05 0.0
0.000167580991 -0.000147360464 0.0
6.25196553e-05 -4.24461587e-06 0.0
0.000125201506 -0.000103824728 0.0
0.000197780348 -0.000127021805 0.0
0.000162340191 -8.60737346e-05 0.0
9.11127499e-05 -8.3605948e-05 0.0
0.00016549234 -0.000135045848 0.0
6.37381381e-05 -4.30713299e-05 0.0
0.000159743082 -0.000122659971 0.0
7.77019814e-05 -5.57150634e-05 0.0
5.32722879e-05 -3.75343116e-05 0.0
5.63620961e-05 -9.55366249e-06 0.0
6.42551604e-05 -3.85871635e-06 0.0
8.0812104e-05 -3.51911549e-05 0.0
0.000167989507 -0.00014620708 0.0
4.27402374e-05 -2.96901944e-05 0.0
0.000203664327 -0.000122128884 0.0
0.000157618051 -0.000113681141 0.0
0.000128790693 -7.0102491e-05 0.0
2.0893418e-05 -8.79476283e-06 0.0
0.000168687038 -8.88686627e-05 0.0
0.000205712873 -0.000123921302 0.0
0.000177460694 -0.000100375277 0.0
9.303556e-05 -7.41557524e-05 0.0
0.000113736678 -4.69590595e-05 0.0
3.53810719e-05 -1.95899029e-05 0.0
4.97379224e-05 1.02922277e-05 0.0
1.13907272e-05 -9.13867189e-06 0.0
9.94154252e-05 -5.23091257e-05 0.0
0.000155935559 -0.000103574581 0.0
4.7487847e-05 -3.23863242e-05 0.0
5.76003222e-05 -3.95186471e-05 0.0
0.000107322041 -4.87390316e-05 0.0
0.000148154693 -0.000133611975 0.0
4.31097069e-05 -2.92507011e-05 0.0
8.32518926e-05 -3.65582528e-05 0.0
0.000108777764 -9.2745453e-05 0.0
0.000112733345 -5.98647421e-05 0.0
8.84273977e-05 -6.3997999e-05 0.0
1.38139239e-05 -5.19868763e-06 0.0
0.000117431257 -0.000105167419 0.0
0.000167344537 -0.000120442353 0.0
5.82237626e-05 -4.13270282e-05 0.0
3.32173004e-05 -1.79499602e-05 0.0
8.69638898e-05 -7.1857452e-05 0.0
0.000216698827 -0.000136923147 0.0
0.000201954666 -0.000119299395 0.0
4.9286562e-05 -3.13264682e-05 0.0
7.20689059e-05 -1.17483569e-05 0.0
3.71179885e-05 -2.75558523e-05 0.0
0.000161992517 -9.78093813e-05 0.0
0.000197820846 -0.000113111142 0.0
4.91030551e-05 -3.3261309e-05 0.0
0.000140459131 -0.000111925554 0.0
0.000126990955 -0.000109892957 0.0
0.00013503003 -7.92473074e-05 0.0
1.98573525e-06 7.88406851e-07 0.0
0.000112500908 -4.81190436e-05 0.0
2.80361201e-05 -1.81956293e-05 0.0
0.000138565068 -9.47762965e-05 0.0
0.000182486576 -0.000114184579 0.0
6.32497176e-05 -4.44534271e-05 0.0
7.58198439e-05 -2.39829897e-05 0.0
0.000103377773 -3.6860125e-05 0.0
0.000115962539 -9.44447893e-05 0.0
1.35618702e-05 -8.71889188e-06 0.0
4.63512552e-05 1.2712163e-05 0.0
0.000163007178 -9.24169581e-05 0.0
0.000131238325 -0.000100757854 0.0
5.82871471e-05 1.68104953e-06 0.0
0.000109910485 -7.24798665e-05 0.0
7.66240555e-05 -3.36869343e-05 0.0
9.12166579e-05 -6.60353471e-05 0.0
6.06920767e-05 -2.7179683e-06 0.0
6.98306176e-05 -3.0471534e-05 0.0
0.000173445282 -0.000140706514 0.0
0.000175567606 -0.000101723803 0.0
0.000160935087 -9.01212843e-05 0.0
0.000127910971 -7.27125662e-05 0.0
0.000101578713 -8.05102391e-05 0.0
8.18144417e-06 -4.4044441e-06 0.0
8.30143035e-05 -5.31945443e-05 0.0
7.32342814e-05 -4.7016656e-05 0.0
3.55420661e-06 -1.07035894e-05 0.0
0.000107820342 -8.82640234e-05 0.0
8.35336541e-05 -5.98134757e-05 0.0
0.000164932673 -0.000104191175 0.0
0.000190737846 -0.000120953126 0.0
0.000145509155 -0.000130929489 0.0
6.61816521e-05 -4.22178491e-05 0.0
8.63862733e-05 -5.94077173e-05 0.0
2.07342746e-05 1.07327842e-05 0.0
7.87266545e-05 -4.5297762e-05 0.0
0.000136494738 -0.000119665383 0.0
0.00014763634 -8.88746508e-05 0.0
0.000121269353 -5.77073624e-05 0.0
0.000109037377 -7.57862508e-05 0.0
7.72219137e-05 -9.45271131e-06 0.0
0.000117208736 -0.000101207988 0.0
0.000118008138 -0.000109231936 0.0
7.31353293e-06 -1.46740231e-05 0.0
3.34569449e-05 2.10378039e-05 0.0
6.56222692e-05 2.4325854e-07 0.0
0.00013158127 -6.30619252e-05 0.0
8.68652423e-05 -6.39476639e-05 0.0
0.000180673669 -9.86784362e-05 0.0
0.000136010422 -0.000117264732 0.0
7.82279458e-05 -5.18012675e-05 0.0
0.000148129315 -9.23790431e-05 0.0
0.000129859196 -5.86957212e-05 0.0
7.33620545e-05 -4.6390338e-05 0.0
9.59250974e-05 -4.33506793e-05 0.0
0.000150350126 -8.13475272e-05 0.0
0.000109972345 -9.82809652e-05 0.0
7.33328343e-05 -2.96054041e-05 0.0
5.50401164e-05 -3.7100006e-05 0.0
0.00010984877 -8.60871005e-05 0.0
6.75008632e-05 -3.48088406e-06 0.0
8.98303551e-05 -6.66684355e-05 0.0
0.000162891447 -8.25836323e-05 0.0
0.000164442477 -0.000139092735 0.0
0.000180593139 -0.000151295608 0.0
8.25405659e-05 -2.96342423e-05 0.0
0.000122019839 -4.96248831e-05 0.0
4.32919333e-05 7.8044859e-06 0.0
0.000145952668 -0.000127305786 0.0
7.24721322e-05 -5.18251909e-05 0.0
0.000111758061 -9.63521816e-05 0.0
0.000140539792 -0.000125765713 0.0
0.000101492835 -8.99150109e-05 0.0
7.60685216e-05 -1.14914692e-05 0.0
0.000171371037 -0.00010160348 0.0
5.6419176e-05 -4.07644693e-05 0.0
6.25367029e-05 -3.47575624e-05 0.0
2.34209147e-05 -2.54015886e-05 0.0
0.000238307606 -0.000146343024 0.0
0.000141341778 -8.48857089e-05 0.0
9.82523561e-05 -6.24497043e-05 0.0
6.07768561e-05 4.06104255e-06 0.0
8.79775616e-05 -1.75545065e-05 0.0
8.55267936e-05 -6.33367381e-05 0.0
8.09264238e-05 -2.1860511e-05 0.0
0.000185746103 -0.000112313428 0.0
6.62116363e-05 -2.49168738e-06 0.0
0.000133936977 -7.05998609e-05 0.0
8.49902717e-05 -4.32700108e-05 0.0
6.75601259e-05 -5.01258073e-05 0.0
0.000153712303 -7.98130568e-05 0.0
9.92999558e-05 -3.15748111e-05 0.0
0.000119870267 -0.000108430992 0.0
0.000180993156 -0.000103071732 0.0
0.000106432315 -7.75225417e-05 0.0
0.000168344151 -0.000144011385 0.0
0.000124794242 -7.14698108e-05 0.0
2.8957671e-05 -2.86804279e-05 0.0
0.00016202488 -0.00013844746 0.0
0.00014399139 -0.000126003069 0.0
6.12332078e-05 -6.94377331e-06 0.0
0.000106976586 -8.80067164e-05 0.0
5.75392987e-05 -3.66853237e-05 0.0
9.42867628e-05 -2.70003729e-05 0.0
0.000208302954 -0.000127221618 0.0
0.000174208413 -0.000100192097 0.0
0.000178094837 -0.000101169942 0.0
0.000112805916 -6.30000068e-05 0.0
0.000157498042 -0.000135872004 0.0
0.000119870179 -0.000108361834 0.0
0.000203224918 -0.000127128864 0.0
0.000181100055 -0.000103710227 0.0
0.000110009336 -6.53228417e-05 0.0
0.000114214963 -0.000100896606 0.0
0.000210385042 -0.000127267995 0.0
0.000242924536 -0.00015188659 0.0
0.00011002161 -7.28801824e-05 0.0
0.000180775314 -0.000159202231 0.0
5.91264252e-05 -2.37100012e-05 0.0
0.000167496532 -9.66857697e-05 0.0
9.95116989e-06 -6.8359418e-06 0.0
8.50184733e-05 -6.47677516e-05 0.0
0.000181716154 -0.000110160945 0.0
0.000149667088 -0.000124865677 0.0
9.97604438e-05 -3.58907382e-05 0.0
1.1666365e-05 -6.96828602e-06 0.0
0.000170011641 -0.000141263197 0.0
0.000124167724 -6.0350867e-05 0.0
5.47199306e-05 -3.92536604e-05 0.0
0.000137940966 -0.000120639816 0.0
5.8387941e-05 -8.49321168e-07 0.0
0.000146244987 -0.000121291618 0.0
0.000162010459 -0.000140581396 0.0
0.000153202083 -0.000111952322 0.0
0.000105712046 -4.99711859e-05 0.0
0.000148348408 -8.12829458e-05 0.0
3.46144152e-05 2.16907711e-06 0.0
1.75825699e-06 -6.59637863e-07 0.0
0.000159888979 -9.91552806e-05 0.0
0.000195159475 -0.000107984124 0.0
9.38945377e-05 -2.46047039e-05 0.0
0.000156487775 -0.000141867495 0.0
7.29636304e-05 -5.24865391e-05 0.0
4.9048198e-05 -5.40671181e-06 0.0
7.34512869e-05 -4.97083165e-05 0.0
0.000113849244 -6.60154474e-05 0.0
3.61876046e-05 -9.09259052e-06 0.0
0.000177905735 -0.000109780369 0.0
8.56673869e-05 -6.08264236e-05 0.0
0.000165272912 -0.000143031866 0.0
0.000134601083 -8.29802011e-05 0.0
0.000167615435 -0.000142283767 0.0
0.000108391876 -7.92961218e-05 0.0
1.93107844e-05 -9.67559117e-06 0.0
0.000109905683 -7.65537989e-05 0.0
0.000156727721 -0.000142942634 0.0
4.80349336e-05 -1.6171145e-05 0.0
0.000104567371 -8.75173064e-05 0.0
0.000146637147 -0.000119670622 0.0
9.70357723e-05 -7.05981583e-05 0.0
-5.26460951e-07 4.21290861e-06 0.0
1.35553782e-05 -1.48584513e-05 0.0
