0.000653797935 -0.000626175781 0.0
0.000645034248 -0.0005946405 0.0
0.000338056823 -0.000633513904 0.0
0.000302446046 -0.000602271 0.0
0.000331992051 -0.000627360598 0.0
0.000754684675 -0.000602271 0.0
0.000790295482 -0.000633513904 0.0
0.000527380151 -0.000962953491 0.0
0.000516248692 -0.000899779378 0.0
0.000462017604 -0.000904752349 0.0
3.53155156e-06 2.49379227e-05 0.0
1.46630146e-05 -3.82361832e-05 0.0
0.000635745295 -0.0009268953 0.0
0.000629608578 -0.00089531322 0.0
0.000585742586 -0.000891220698 0.0
0.000116891453 2.94040565e-05 0.0
0.00012302812 -2.17797378e-06 0.0
0.000477697176 -8.65999682e-05 0.0
0.000462954515 -7.47538506e-05 0.0
0.000763402088 -0.000753859757 0.0
0.000810504251 -0.00078111107 0.0
0.000769917096 -0.000724474899 0.0
0.000358265621 -0.00078111107 0.0
0.000311163429 -0.000753859757 0.0
0.000465735618 -0.000771798892 0.0
0.000449574029 -0.00069999852 0.0
0.000725236314 -0.000756421476 0.0
0.000707510335 -0.000750143663 0.0
0.000346453104 -0.000329032104 0.0
0.000324877416 -0.000283582543 0.0
0.000102595754 -0.000117629257 0.0
5.06224496e-05 -0.00010378602 0.0
9.97018142e-05 -0.000175905065 0.0
0.000502861105 -0.00010378602 0.0
0.000554834376 -0.000117629257 0.0
0.000293638266 -0.000453586108 0.0
0.000276521139 -0.000378289173 0.0
0.000202496536 -0.000258766289 0.0
0.000175769645 -0.000151116576 0.0
0.000412580965 -0.000388834742 0.0
0.000406996609 -0.000378341472 0.0
0.000675775344 -0.000541767222 0.0
0.000666505017 -0.000471836684 0.0
0.000379233912 -0.000517810113 0.0
0.000363790983 -0.000521225797 0.0
0.000424554164 -0.000258359039 0.0
0.000409144443 -0.000277791172 0.0
0.000512717175 -0.000924717286 0.0
0.0 0.0 0.0
0.000452238659 0.0 0.0
0.000964955776 -0.000924717286 0.0
0.000659527839 -0.000630345952 0.0
0.000664885913 -0.000631996023 0.0
0.000669540605 -0.000632443058 0.0
0.000672816997 -0.000631641189 0.0
0.000674572249 -0.000631336297 0.0
0.000674919458 -0.000631044735 0.0
0.000673593488 -0.000627636444 0.0
0.00067009544 -0.00062049448 0.0
0.000664664316 -0.000612025615 0.0
0.000658630161 -0.000604492554 0.0
0.000651860901 -0.000598817714 0.0
0.000638508413 -0.000591896009 0.0
0.000632627751 -0.000591456715 0.0
0.000628278882 -0.000592658878 0.0
0.000625867513 -0.000595490914 0.0
0.000625668035 -0.000599170569 0.0
0.000627900241 -0.000603038876 0.0
0.000630599388 -0.000605515786 0.0
0.000633911637 -0.000607833383 0.0
0.000637399498 -0.000611305644 0.0
0.000642187311 -0.000615631987 0.0
0.000648284447 -0.000621512299 0.0
0.000302958069 -0.000601471111 0.0
0.000304412533 -0.000600553583 0.0
0.000306646747 -0.000601226464 0.0
0.000310101401 -0.000604949775 0.0
0.000314463978 -0.000611899595 0.0
0.000319718441 -0.000618035148 0.0
0.000325654721 -0.000623684376 0.0
0.000337647856 -0.000629806542 0.0
0.00034089043 -0.000631212839 0.0
0.000341997569 -0.000632862328 0.0
0.000341565028 -0.000633789867 0.0
0.00034116843 -0.000633623975 0.0
0.000340419967 -0.000632756855 0.0
0.000339594175 -0.000632781826 0.0
0.000788474048 -0.000630454917 0.0
0.000785030657 -0.000624668377 0.0
0.000780309376 -0.000615868252 0.0
0.000774850138 -0.000609245617 0.0
0.000768295606 -0.00060378731 0.0
0.00076231925 -0.000601081701 0.0
0.000757701113 -0.000601836888 0.0
0.000755794928 -0.00060233922 0.0
0.000503867748 -0.000893432123 0.0
0.000491156767 -0.00089004403 0.0
0.000479729177 -0.000888991752 0.0
0.000471466163 -0.000889657065 0.0
0.000466601836 -0.000891912903 0.0
0.000463688921 -0.000895481498 0.0
0.000462366181 -0.000900184968 0.0
0.00046273414 -0.000909340743 0.0
0.000466225261 -0.000916070421 0.0
0.000474120985 -0.000926799607 0.0
0.000485076773 -0.000938271754 0.0
0.000498056121 -0.000949296867 0.0
0.000509799458 -0.000956846983 0.0
0.000519427122 -0.000960665115 0.0
2.16855806e-05 -3.79608427e-05 0.0
2.79232281e-05 -3.54673066e-05 0.0
3.27326343e-05 -3.10012729e-05 0.0
3.56616074e-05 -2.57053798e-05 0.0
3.62706123e-05 -2.22071576e-05 0.0
3.49270813e-05 -1.88827089e-05 0.0
3.06992697e-05 -9.2158125e-06 0.0
2.39224428e-05 3.55728048e-06 0.0
1.45805971e-05 1.57606464e-05 0.0
0.000622010615 -0.000887385453 0.0
0.000614223885 -0.000880644831 0.0
0.000607300666 -0.000875743048 0.0
0.00060160103 -0.000871765369 0.0
0.000594821875 -0.000871321361 0.0
0.000590173411 -0.000873597688 0.0
0.000586813258 -0.00087756553 0.0
0.000584934198 -0.000883714412 0.0
0.000589216244 -0.000898153987 0.0
0.000594625191 -0.000904189597 0.0
0.000601392239 -0.000909677357 0.0
0.000608952192 -0.0009147565 0.0
0.00061621971 -0.000918862817 0.0
0.000622281455 -0.000921768602 0.0
0.000627094763 -0.000924537831 0.0
0.000631545321 -0.000926123641 0.0
0.000126793835 -7.68023028e-07 0.0
0.00012925663 2.50210041e-06 0.0
0.000129858599 7.50076197e-06 0.0
0.000128086351 1.37171255e-05 0.0
0.000123740829 2.10931612e-05 0.0
0.000483356882 -8.74193211e-05 0.0
0.000485407945 -8.71983939e-05 0.0
0.000484435877 -8.86761627e-05 0.0
0.000482187577 -9.03433465e-05 0.0
0.000480072544 -9.26992943e-05 0.0
0.000479031209 -9.53437702e-05 0.0
0.000476821035 -0.000100111771 0.0
0.000475830602 -9.99061958e-05 0.0
0.000473886263 -9.59442405e-05 0.0
0.00047073554 -8.85141126e-05 0.0
0.000467141246 -8.12723592e-05 0.0
0.000459206989 -7.00065357e-05 0.0
0.000455300324 -6.60866353e-05 0.0
0.000452124717 -6.35613324e-05 0.0
0.000450262742 -6.19281709e-05 0.0
0.000450092659 -6.0087681e-05 0.0
0.000450289692 -5.8912472e-05 0.0
0.000451032101 -6.09230119e-05 0.0
0.000454711757 -6.7058565e-05 0.0
0.000458537601 -7.37884839e-05 0.0
0.000463825127 -7.98309557e-05 0.0
0.00047021237 -8.41322544e-05 0.0
0.000814563013 -0.000780456758 0.0
0.000817345572 -0.000779269205 0.0
0.000819322478 -0.000776857138 0.0
0.00081783568 -0.000771469844 0.0
0.000812833721 -0.000762590382 0.0
0.000806770986 -0.000752886583 0.0
0.000798259047 -0.000742452685 0.0
0.000788019563 -0.000733760709 0.0
0.000777820766 -0.00072778482 0.0
0.000764249009 -0.000722796423 0.0
0.000759169052 -0.000723115809 0.0
0.000754222274 -0.000724730955 0.0
0.00075061823 -0.000727695238 0.0
0.000749269151 -0.000731203181 0.0
0.000749884115 -0.00073476223 0.0
0.000751092972 -0.000738017494 0.0
0.000753566914 -0.000739647076 0.0
0.000757123984 -0.000745393161 0.0
0.000318408653 -0.000763184158 0.0
0.000327235844 -0.000770562212 0.0
0.000336552126 -0.000775775115 0.0
0.000345603039 -0.000779205293 0.0
0.000353048148 -0.000780445698 0.0
0.000476808404 -0.000775331748 0.0
0.000487134967 -0.000776155794 0.0
0.000495169428 -0.000773461943 0.0
0.000500760332 -0.000768779195 0.0
0.000504623866 -0.000762665411 0.0
0.000506140001 -0.000755269662 0.0
0.000504880154 -0.000750001171 0.0
0.000502662559 -0.000744643563 0.0
0.000496793597 -0.000736669812 0.0
0.000487032783 -0.000725954713 0.0
0.000475576817 -0.000715079834 0.0
0.000462617783 -0.000705470738 0.0
0.000437584094 -0.000696857576 0.0
0.000428058585 -0.000696387317 0.0
0.000421578705 -0.000696861185 0.0
0.000416954979 -0.000698855787 0.0
0.00041363886 -0.000702194695 0.0
0.000411759131 -0.000705946004 0.0
0.000412313006 -0.000712158217 0.0
0.000416681141 -0.000722055032 0.0
0.000423438265 -0.000734700123 0.0
0.000432116853 -0.000747403188 0.0
0.0004428307 -0.00075798441 0.0
0.000454163179 -0.000766073645 0.0
0.000726146507 -0.000759333139 0.0
0.000726604077 -0.0007616824 0.0
0.00072754093 -0.000763236894 0.0
0.000728291052 -0.000763438991 0.0
0.000727624341 -0.000763097254 0.0
0.000725786667 -0.000761990203 0.0
0.000722641882 -0.00076039281 0.0
0.000718722993 -0.000758216367 0.0
0.000714185589 -0.000755557907 0.0
0.000710159657 -0.000752687629 0.0
0.000706452236 -0.000747004058 0.0
0.000705910439 -0.00074380287 0.0
0.000705495419 -0.000740317628 0.0
0.00070487021 -0.000736379647 0.0
0.000705040002 -0.000732851855 0.0
0.00070549926 -0.000731818029 0.0
0.000707935076 -0.000735349196 0.0
0.000712378183 -0.000741777243 0.0
0.000717278512 -0.000748214254 0.0
0.000722214696 -0.000752791413 0.0
0.000354604068 -0.000330057577 0.0
0.000360456732 -0.000331435673 0.0
0.00036388656 -0.000331998104 0.0
0.000366438413 -0.000332634605 0.0
0.000368629 -0.000332775351 0.0
0.000370095164 -0.000328599504 0.0
0.000368584442 -0.000319218496 0.0
0.000364461564 -0.000308227667 0.0
0.000357541081 -0.000299720821 0.0
0.000348503236 -0.000292721088 0.0
0.000336975936 -0.000286857365 0.0
0.000315135636 -0.000282754103 0.0
0.000308959774 -0.00028282337 0.0
0.000305867579 -0.000283303292 0.0
0.000304233254 -0.000285023474 0.0
0.000303725043 -0.000288787734 0.0
0.00030476728 -0.00029461275 0.0
0.000307716808 -0.000301058375 0.0
0.000312386896 -0.00030808695 0.0
0.000319027604 -0.000314926263 0.0
0.000327146001 -0.000321062049 0.0
0.000336385594 -0.00032582361 0.0
4.65344019e-05 -0.000106166859 0.0
4.34720932e-05 -0.000109102672 0.0
4.1527037e-05 -0.00011281918 0.0
4.10828179e-05 -0.000117256386 0.0
4.35276233e-05 -0.000124086306 0.0
4.99103189e-05 -0.000135899783 0.0
5.97609614e-05 -0.000149894608 0.0
7.27542792e-05 -0.000163041637 0.0
8.70989024e-05 -0.000171682856 0.0
0.000109003318 -0.00017780927 0.0
0.000114888324 -0.000178902221 0.0
0.000119454853 -0.000179248847 0.0
0.000123871083 -0.000177673137 0.0
0.000126021245 -0.000172960194 0.0
0.000126310304 -0.000164118508 0.0
0.000124279613 -0.000152919936 0.0
0.000119615142 -0.000140132775 0.0
0.000112110611 -0.000128073865 0.0
0.000543068862 -0.000108878565 0.0
0.000530082325 -0.00010380437 0.0
0.000517669308 -0.000101404665 0.0
0.000508447818 -0.000102389611 0.0
0.000306455855 -0.000455665606 0.0
0.000315474899 -0.000454429915 0.0
0.000321115018 -0.000450894498 0.0
0.000324547145 -0.000446249207 0.0
0.00032700962 -0.000441002223 0.0
0.000327445508 -0.000434697315 0.0
0.000325124798 -0.000426308368 0.0
0.000318949518 -0.000415334449 0.0
0.00030921842 -0.00040239768 0.0
0.000298322178 -0.000392046233 0.0
0.000287157221 -0.00038365848 0.0
0.000266588817 -0.000375162927 0.0
0.000257046981 -0.000373637013 0.0
0.000249047298 -0.000374391035 0.0
0.00024386149 -0.000377427612 0.0
0.000240698108 -0.000382674392 0.0
0.000240218447 -0.000391666923 0.0
0.000242312104 -0.000404080696 0.0
0.000246736803 -0.000416984898 0.0
0.00025458209 -0.000428819447 0.0
0.000265469804 -0.000439266441 0.0
0.000278863241 -0.000447875587 0.0
0.000219583424 -0.000259518652 0.0
0.000232173828 -0.00025704861 0.0
0.000240950671 -0.000252656726 0.0
0.000247387303 -0.000245905743 0.0
0.000251134479 -0.000236409935 0.0
0.000251490652 -0.00022416102 0.0
0.000248522061 -0.000209849561 0.0
0.000241306858 -0.000195114175 0.0
0.000229791709 -0.000180509436 0.0
0.000213283187 -0.000167187289 0.0
0.000193903717 -0.000156328169 0.0
0.000161146119 -0.000150885069 0.0
0.000150509732 -0.000152600755 0.0
0.000141539378 -0.000157134768 0.0
0.000134017013 -0.000166109952 0.0
0.000129354652 -0.000177803537 0.0
0.000128138068 -0.000191078507 0.0
0.000131284556 -0.000204425858 0.0
0.00013871261 -0.000218184286 0.0
0.000150313659 -0.000231403261 0.0
0.000165547681 -0.000244000737 0.0
0.000183479526 -0.000253443461 0.0
0.000417791423 -0.000392335176 0.0
0.000422751764 -0.000393872178 0.0
0.000426542741 -0.000394058443 0.0
0.000428342406 -0.000392616203 0.0
0.000428147847 -0.000390217931 0.0
0.000426188111 -0.000387900043 0.0
0.000422241894 -0.000385589141 0.0
0.000417883566 -0.000383955281 0.0
0.000413911737 -0.000381574617 0.0
0.000409983331 -0.000379806879 0.0
0.000404731429 -0.000375741191 0.0
0.000403431623 -0.000371205271 0.0
0.000401331665 -0.000366491207 0.0
0.000398628996 -0.000362334744 0.0
0.000396757707 -0.000360785169 0.0
0.00039563782 -0.000365242624 0.0
0.000397639 -0.000373509218 0.0
0.000401114783 -0.000378887693 0.0
0.00040435532 -0.000381679536 0.0
0.000408118329 -0.000384954939 0.0
0.00068780483 -0.000543430157 0.0
0.000698356424 -0.000542087131 0.0
0.000705445418 -0.000538054795 0.0
0.000709290325 -0.000532781647 0.0
0.000711184286 -0.00052493246 0.0
0.000709299347 -0.00051770854 0.0
0.000706138613 -0.000509861158 0.0
0.000701931654 -0.000503250572 0.0
0.000696538133 -0.000495422515 0.0
0.000687987311 -0.000487159356 0.0
0.000677535369 -0.000478982052 0.0
0.000654830772 -0.00046707454 0.0
0.000643389591 -0.000465871592 0.0
0.000635814387 -0.00046641822 0.0
0.000630359282 -0.00047157504 0.0
0.000626539288 -0.000480944116 0.0
0.000625832356 -0.000491064275 0.0
0.000629791117 -0.000502392882 0.0
0.000636973651 -0.000512945175 0.0
0.000646101369 -0.000522429647 0.0
0.000655990501 -0.000530594727 0.0
0.000666032254 -0.000537276617 0.0
0.000379696139 -0.000521183712 0.0
0.000379548903 -0.000526277057 0.0
0.000379812409 -0.000531772559 0.0
0.000380521873 -0.000538162945 0.0
0.000381267135 -0.000544195762 0.0
0.00038122118 -0.000548934564 0.0
0.000380514772 -0.000550555473 0.0
0.000379290577 -0.000546031806 0.0
0.000376842043 -0.000538688444 0.0
0.000373515359 -0.000531362719 0.0
0.000369306013 -0.000525559881 0.0
0.000360081787 -0.00051906117 0.0
0.000359144993 -0.000517450215 0.0
0.00036111541 -0.00051472662 0.0
0.000362993538 -0.000511347956 0.0
0.000365121232 -0.000509985955 0.0
0.000367387693 -0.000509301957 0.0
0.000369305635 -0.000510047656 0.0
0.000371506467 -0.000511147548 0.0
0.000374011492 -0.000512382772 0.0
0.00037590781 -0.000514248852 0.0
0.000378066761 -0.00051604904 0.0
0.000424975995 -0.000264318369 0.0
0.000424959173 -0.000268858043 0.0
0.000424482423 -0.000272837322 0.0
0.000423469552 -0.000277924293 0.0
0.000424068799 -0.000280062086 0.0
0.000423655554 -0.000279143831 0.0
0.000422100216 -0.000279055821 0.0
0.000419819291 -0.000278996624 0.0
0.000417428761 -0.000279273867 0.0
0.000415458169 -0.000279687723 0.0
0.000413651927 -0.000279656291 0.0
0.000411714078 -0.000279143744 0.0
0.000407579035 -0.000276382518 0.0
0.000409369881 -0.00027333232 0.0
0.000412548485 -0.000268782227 0.0
0.000416450261 -0.000263378373 0.0
0.000419754739 -0.000257272186 0.0
0.000421574776 -0.000250966375 0.0
0.000422787562 -0.000243917937 0.0
0.000422872516 -0.000237625165 0.0
0.000422343961 -0.000236864857 0.0
0.00042291783 -0.000240395049 0.0
0.000423185702 -0.000246705866 0.0
0.000423874328 -0.000252725411 0.0
0.000488166377 -0.000897764054 0.0
0.000445402431 -0.000860893342 0.0
0.000230555946 -0.000552929938 0.0
0.000222345392 -0.000528209319 0.0
0.000247792603 -0.000472495973 0.0
0.000265562965 -0.000419874414 0.0
0.000265678653 -0.000389686582 0.0
0.000250585086 -0.000358014891 0.0
0.000196651483 -0.000314751727 0.0
0.000129694963 -0.000261437817 0.0
9.41754915e-05 -0.000215912733 0.0
8.80040388e-05 -0.00017013964 0.0
2.6256781e-05 -8.06042735e-05 0.0
1.57232062e-05 -6.24512031e-05 0.0
9.78644948e-06 -4.29870452e-05 0.0
8.65202401e-06 -2.1869957e-05 0.0
5.98549093e-07 -1.93757182e-06 0.0
3.68705405e-05 -7.0713897e-05 0.0
6.61503509e-05 -5.10218597e-05 0.0
0.000141947356 -2.97904407e-05 0.0
0.000155226619 -1.47064839e-05 0.0
0.000179366674 4.78826878e-05 0.0
0.000206672819 0.000108471293 0.0
0.000229585901 0.000138379575 0.0
0.000246508047 0.000137137118 0.0
0.000268303789 0.000119214754 0.0
0.000288121926 9.30180759e-05 0.0
0.000301800232 6.63034734e-05 0.0
0.000312052667 4.60455085e-05 0.0
0.000321682863 3.4457742e-05 0.0
0.000354615651 1.67940343e-05 0.0
0.000385490363 1.97046829e-05 0.0
0.00043200748 3.18491448e-06 0.0
0.00045226526 8.99688439e-06 0.0
0.00045231558 1.06659854e-05 0.0
0.000460890675 -2.1869957e-05 0.0
0.000462025113 -4.29870452e-05 0.0
0.000467961858 -6.24512031e-05 0.0
0.000478495436 -8.06042735e-05 0.0
0.000540242705 -0.00017013964 0.0
0.000546414114 -0.000215912733 0.0
0.000581933593 -0.000261437817 0.0
0.000648890156 -0.000314751727 0.0
0.000702823745 -0.000358014891 0.0
0.000717917283 -0.000389686582 0.0
0.000717801624 -0.000419874414 0.0
0.000700031233 -0.000472495973 0.0
0.000674584066 -0.000528209319 0.0
0.000682794605 -0.000552929938 0.0
0.000897641061 -0.000860893342 0.0
0.000940405065 -0.000897764054 0.0
0.000965032727 -0.000914051314 0.0
0.000964982435 -0.000915720419 0.0
0.000944724656 -0.000921532395 0.0
0.000898207538 -0.000905012595 0.0
0.000867332797 -0.00090792327 0.0
0.000834400009 -0.000890259573 0.0
0.000824769784 -0.000878671766 0.0
0.000814517378 -0.000858413812 0.0
0.000800839101 -0.000831699232 0.0
0.000781020964 -0.000805502525 0.0
0.000759225222 -0.000787580211 0.0
0.000742303033 -0.00078633771 0.0
0.000719389995 -0.000816246029 0.0
0.00069208385 -0.000876834616 0.0
0.000667943794 -0.0009394238 0.0
0.000654664531 -0.000954507734 0.0
0.000578867504 -0.000975739153 0.0
0.000549587712 -0.000995431212 0.0
0.000513315725 -0.000926654844 0.0
0.000559553679 -0.000634349708 0.0
0.000364086882 -0.000100151192 0.0
0.000629106304 -0.000718494412 0.0
0.000271559431 -0.000127022809 0.0
0.000480353978 -0.000599532039 0.0
0.000555529958 -0.000522548158 0.0
0.000551531732 -0.000759086688 0.0
0.000218421454 -0.000142207966 0.0
0.000731355976 -0.000575943966 0.0
0.00037846854 -0.000185132201 0.0
0.000504434865 -0.000434076588 0.0
0.00035274637 -0.000565951515 0.0
0.000503645977 -0.000185538913 0.0
0.000364047271 -0.000385015534 0.0
0.000538097287 -0.000315535261 0.0
0.000373109069 1.25317074e-05 0.0
0.000618981896 -0.00064950512 0.0
0.000192726657 -0.000106825311 0.0
0.000272180652 -0.000346733781 0.0
0.000364751613 -0.000732343644 0.0
0.00038937456 -0.000353905372 0.0
0.000471313659 -0.00050533202 0.0
0.000516581524 -0.000668086985 0.0
0.000415578019 -0.000121048972 0.0
0.000701889338 -0.000622948224 0.0
0.00034334365 -0.000184430974 0.0
0.000287326577 -5.10237442e-06 0.0
0.000638118712 -0.000680422934 0.0
0.000405212224 -0.000786315475 0.0
0.000200828639 -9.21936298e-05 0.0
0.000300745422 -0.000346019369 0.0
0.000227393408 -0.000316173508 0.0
0.000663077808 -0.000767403981 0.0
0.000269116077 -0.000202617637 0.0
0.000559050299 -0.000492921274 0.0
0.000390397036 -0.000379902456 0.0
0.000248510711 -0.000317215192 0.0
0.000607194554 -0.00080415007 0.0
0.000617328566 -0.000593424251 0.0
0.000467494363 -0.000620300649 0.0
0.000497359841 -0.000481168943 0.0
0.000432171306 -0.000548865588 0.0
0.000588528812 -0.000700281293 0.0
7.94690277e-05 -0.00012106145 0.0
0.000516309869 -0.000578631996 0.0
0.000408706401 -0.000186326142 0.0
0.000158718729 -8.87766801e-05 0.0
0.000645740365 -0.000397744094 0.0
0.000225086551 -0.000175518755 0.0
0.000357779849 -0.000521594775 0.0
0.000524947362 -0.000824168732 0.0
0.000348202942 -0.000605570909 0.0
0.000318465958 4.60738011e-05 0.0
0.000424542144 -0.000350283866 0.0
0.000370995054 -0.000228875477 0.0
3.96295445e-06 -4.97040783e-05 0.0
0.000376330514 -0.000334858429 0.0
0.000363194733 -0.00053068425 0.0
0.000374559197 2.42214228e-05 0.0
0.000522419461 -0.000232897495 0.0
0.000309251365 -0.000212986823 0.0
0.000225240845 -3.23313616e-05 0.0
0.000359449943 -0.000422539801 0.0
0.000335342571 -0.000340305705 0.0
0.000471898034 -0.000243076676 0.0
0.000320502004 -0.000105467909 0.0
0.000217425637 -0.000185071869 0.0
6.74455296e-05 -0.000123641716 0.0
0.000764569268 -0.000822061265 0.0
0.00058023259 -0.000424415106 0.0
0.000121811368 -0.000105448096 0.0
0.000481211289 -0.00065854023 0.0
0.000518071756 -0.000144180856 0.0
0.000432830886 -5.85387861e-05 0.0
0.000353639742 -0.000609969487 0.0
0.000477538968 -0.000155705522 0.0
0.000356495206 -0.000217520792 0.0
0.000662436942 -0.000716157665 0.0
0.000422543817 -0.000734266534 0.0
0.00049429707 -0.000744706078 0.0
0.000610803196 -0.000534053892 0.0
0.000574800477 -0.000589496165 0.0
0.000124394312 -0.000230841586 0.0
0.000543028058 -0.000377942633 0.0
0.000184069708 -7.62373165e-05 0.0
0.000741020369 -0.00068036851 0.0
0.000490008795 -0.000455820642 0.0
0.000369256653 -0.000774464745 0.0
0.000750447856 -0.000660119054 0.0
0.00069326564 -0.000670184207 0.0
0.000185087367 -8.23887603e-05 0.0
0.000538550725 -0.000488391204 0.0
9.55408323e-05 -6.77681455e-05 0.0
0.000601774722 -0.000543657166 0.0
0.000289647345 -0.000412072113 0.0
0.000495296263 -0.000475467474 0.0
0.000407724932 -0.000454987399 0.0
0.000543103844 -0.000683902239 0.0
0.000368797511 -0.000143393525 0.0
0.000638660567 -0.000648940273 0.0
0.000332549767 -0.000342802959 0.0
0.00026091261 -0.000222023664 0.0
0.00072568527 -0.000557306281 0.0
0.000383770937 -0.000422132813 0.0
0.000346468791 -0.000692394678 0.0
0.000741209718 -0.000583612418 0.0
0.00035870896 -0.000345352193 0.0
0.000385223917 -0.000215796565 0.0
0.000645820983 -0.000679432531 0.0
0.000501903531 -9.62092163e-05 0.0
0.000391972688 -5.40862311e-05 0.0
0.000562960282 -0.00079770654 0.0
0.000425152131 -0.000835909974 0.0
0.000406918523 -0.000818172412 0.0
0.000377920689 -0.000715673203 0.0
0.000653357944 -0.000898844912 0.0
0.000269854529 -0.000294861733 0.0
0.000626924913 -0.000684190658 0.0
0.000721507822 -0.000575967075 0.0
0.000684263941 -0.000575515907 0.0
0.000347126217 -0.000560368237 0.0
0.000231414 -0.000328848808 0.0
0.000400862598 -0.000410784181 0.0
0.000526260294 -0.000621140352 0.0
0.00051956845 -0.000175833935 0.0
0.000440776668 -0.000407587358 0.0
0.000401728059 -0.000349677925 0.0
0.000631465286 -0.000828966848 0.0
0.000671943359 -0.000788558158 0.0
0.000728506071 -0.000573460595 0.0
0.000387587206 -0.000349649694 0.0
0.000591874472 -0.000655610405 0.0
0.000435170106 -0.000579684624 0.0
0.000592270226 -0.000296132843 0.0
0.000305780792 -0.000404004939 0.0
0.000514313288 -0.000536029809 0.0
0.000634318101 -0.000626033696 0.0
0.000264567003 -0.000365889951 0.0
0.000462121126 -0.000301706576 0.0
0.000577188795 -0.000843795249 0.0
0.000336363417 5.90566597e-05 0.0
0.00043544115 -0.000135730792 0.0
0.000580143824 -0.000554724131 0.0
0.000251410616 -0.000270281278 0.0
0.00033511722 -2.1537322e-05 0.0
0.00018467498 -0.000143291167 0.0
0.000182822565 -0.000264669274 0.0
0.00042215435 -0.000194733162 0.0
0.00042742191 -2.42216356e-05 0.0
0.000245676172 -0.000147696162 0.0
0.000490207283 -9.23322441e-05 0.0
0.000189247396 -3.85916755e-05 0.0
0.00038857566 -0.000151429122 0.0
0.00068949128 -0.000407570915 0.0
0.000170011263 -5.37689011e-05 0.0
0.000408950902 -0.000336324767 0.0
0.000247835997 -0.00035751774 0.0
0.000359376339 -0.00062223 0.0
8.21349531e-05 -0.000124337574 0.0
0.000230183781 -0.000283329136 0.0
0.000563910056 -0.000960417616 0.0
0.000455042813 -0.000624326291 0.0
0.000357766345 -0.000567217648 0.0
0.000469341059 -0.000556336192 0.0
0.000465231627 -3.94538729e-05 0.0
0.000447533355 -0.000438067655 0.0
0.000785358716 -0.000843934598 0.0
0.000353058451 -0.000508009165 0.0
0.00073955534 -0.000775235065 0.0
0.000731923559 -0.000682157988 0.0
0.000296149839 -0.000294516794 0.0
9.9263365e-05 -0.000185525074 0.0
0.000701207668 -0.000676975003 0.0
0.00037116959 -0.00079619349 0.0
0.00047676859 -0.000713846355 0.0
0.000338606536 -0.000246557873 0.0
0.000601825712 -0.000618422229 0.0
0.000501550559 -0.000130539775 0.0
0.000589775213 -0.000750259904 0.0
5.46392803e-05 -0.000105440238 0.0
0.000357693381 -0.000626086199 0.0
0.000439392927 -0.000855829392 0.0
0.000499535643 -0.000443683733 0.0
3.68661154e-06 -2.45601423e-05 0.0
0.000542203721 -0.000855302496 0.0
8.50360011e-05 -8.75844416e-05 0.0
0.000490037026 -0.000898955972 0.0
0.000717803137 -0.000687749241 0.0
0.000763680378 -0.000814704166 0.0
0.000415035494 -0.000699554628 0.0
0.000270165328 6.7222667e-05 0.0
0.000553762773 -0.000836344552 0.0
0.000461953256 -0.000206252254 0.0
0.000258532265 -0.000544457638 0.0
0.000627058034 -0.000457585236 0.0
0.000665988307 -0.00070365431 0.0
0.000667886517 -0.000633372576 0.0
0.000454832712 -0.000333130214 0.0
0.000348320958 -0.000733653666 0.0
0.000356417353 -0.000495006738 0.0
0.000496703258 -0.000632725714 0.0
0.000309244439 -0.000161214266 0.0
0.000357181503 2.54576171e-05 0.0
0.000387596112 -0.000352744857 0.0
0.000279310829 -6.83273538e-05 0.0
0.000637465389 -0.000764406519 0.0
0.000390008994 -0.000718376366 0.0
0.000377546938 -0.000343124731 0.0
0.000354342541 -0.000629220565 0.0
0.000169781226 -6.0495473e-05 0.0
0.000652601128 -0.000870998134 0.0
0.000238713954 4.61223717e-05 0.0
0.000385983963 -0.000487393554 0.0
0.000370517024 -0.000250745477 0.0
0.000398375269 -0.000806023716 0.0
0.000632986252 -0.000458438502 0.0
0.000609786424 -0.000687884458 0.0
0.00021524301 -0.000125408929 0.0
0.000230382153 -9.26078865e-05 0.0
0.000348490837 -0.000134590286 0.0
0.000206788623 -0.000128462358 0.0
0.000140138829 -0.000245444826 0.0
0.000468659127 -0.00067049166 0.0
0.000358685327 -0.000680617755 0.0
0.000758848852 -0.000791275408 0.0
0.000356785982 -0.000242185677 0.0
0.000392667425 -0.000176215646 0.0
1.08822542e-05 -6.15639728e-05 0.0
0.000215870183 -0.000315564685 0.0
0.000911315146 -0.000866678718 0.0
0.000437788374 -0.000777287991 0.0
0.000646725879 -0.000649184396 0.0
0.000606697286 -0.000546872034 0.0
0.00052552548 -0.000125923383 0.0
0.000404272083 -0.000339436781 0.0
0.000483234151 -0.000780244824 0.0
0.000282543449 -0.00017996617 0.0
0.000673196162 -0.000812529295 0.0
0.000344173051 -0.000445076672 0.0
4.94242704e-06 -5.14646636e-05 0.0
0.000403310376 -0.000517294277 0.0
0.000376317243 -0.000336694269 0.0
0.000449440471 -9.42428815e-05 0.0
0.000408863649 -0.000829926226 0.0
9.54416246e-05 -4.71188941e-05 0.0
0.000378640776 -0.000335667282 0.0
0.000572860299 -0.000854776707 0.0
0.000366004329 -6.02779073e-06 0.0
0.000642245577 -0.000703467056 0.0
3.86280699e-05 -8.40031425e-05 0.0
0.000719741161 -0.000678959186 0.0
0.000291582488 -0.000257605134 0.0
0.000390331785 -9.9819641e-05 0.0
0.000459440605 -0.000161581193 0.0
0.000558669679 -0.000807200151 0.0
0.000380081037 -0.000464619894 0.0
0.000676993979 -0.000733894703 0.0
0.000566162402 -0.000546270108 0.0
7.02517063e-05 -8.71141892e-05 0.0
0.000359795144 -0.000512582657 0.0
0.000749825034 -0.000780613045 0.0
0.000132008136 -0.000157796341 0.0
0.000300595711 8.60727014e-05 0.0
0.000762446842 -0.000679715013 0.0
0.000645214051 -0.000557392719 0.0
0.000543808681 -0.000343533233 0.0
0.000642755418 -0.000832454825 0.0
0.000205482662 -0.000148611231 0.0
0.000190920691 -0.000273264595 0.0
0.000302488828 -0.000304219167 0.0
0.000420398079 -0.000842895999 0.0
0.000661699392 -0.000842951995 0.0
0.000527242839 -0.000204953598 0.0
0.000547600037 -0.000589658099 0.0
0.000153786139 -0.000277222687 0.0
0.000728679122 -0.000775258231 0.0
0.000579543004 -0.000892524375 0.0
0.000491457351 -0.000435321272 0.0
0.000524683739 -0.000721671327 0.0
0.000408063905 -0.000343682623 0.0
0.00024157083 -0.000214094689 0.0
0.000143539102 -0.000169138162 0.0
0.000445714133 -0.000849562464 0.0
0.000532498059 -0.000144714431 0.0
0.000632821815 -0.000582707115 0.0
0.000466338533 -0.000602234504 0.0
0.00033408319 -0.000684958824 0.0
0.000322052307 -0.000327767542 0.0
0.000384547107 -0.000350641174 0.0
0.000272182166 -0.000273250625 0.0
0.00074556045 -0.000563016743 0.0
0.000757950882 -0.000585496135 0.0
0.000220718677 -0.000204510041 0.0
0.000464142737 -2.38179673e-05 0.0
2.47591997e-05 -7.82917923e-05 0.0
0.000545197632 -0.000490884122 0.0
7.31885884e-05 -7.11523026e-05 0.0
0.00057996338 -0.000453283719 0.0
0.000556216692 -0.000522048213 0.0
0.000601154286 -0.000859722553 0.0
0.000595116115 -0.000392175541 0.0
0.000509891543 -9.77891832e-05 0.0
0.00067893439 -0.000847706047 0.0
0.000658650708 -0.000346776564 0.0
0.000542928756 -0.000802740164 0.0
0.000597779523 -0.000467285514 0.0
0.000144474601 -0.000128333195 0.0
0.000366380962 -0.000338936748 0.0
0.0002409179 -0.000175106907 0.0
0.000659312645 -0.000678133802 0.0
0.000742116536 -0.000707721454 0.0
0.000805927091 -0.000823023671 0.0
0.000375873497 -0.000381453428 0.0
0.000443547848 -0.000427496067 0.0
0.000165239457 -4.79564987e-05 0.0
9.12207397e-05 -0.000156663416 0.0
0.000389537512 -0.000331062998 0.0
0.000520391797 -0.000781017705 0.0
0.000137948038 -5.54181279e-05 0.0
0.000398206816 -0.000366624881 0.0
0.000359063997 -0.000535424857 0.0
0.000492750492 -0.000212674233 0.0
0.000103727194 -0.000150210559 0.0
0.000692952541 -0.000448549545 0.0
0.000436264148 -0.000503507443 0.0
0.0003657036 -0.000642144587 0.0
0.000586412847 -0.000565441151 0.0
0.000552004843 -0.000251631544 0.0
0.000183802724 -0.000275731552 0.0
0.000643273583 -0.000933170493 0.0
0.000431778579 -0.000632050738 0.0
0.000499885529 -0.000595108955 0.0
0.000616910052 -0.000750378298 0.0
0.000438761315 -3.74457668e-05 0.0
0.000341886276 -0.000557508843 0.0
0.000296605111 -0.00044148849 0.0
0.000118581855 -0.000128422413 0.0
0.000385050982 -0.000664340914 0.0
0.00025583079 -0.000370670256 0.0
0.000653177325 -0.000731106498 0.0
0.000244094117 -0.000363199331 0.0
0.000563233683 -0.000865709211 0.0
0.000405737315 -2.34909585e-05 0.0
0.000435841066 -0.000589090341 0.0
0.000704690523 -0.000803227944 0.0
0.000671096321 -0.000569442287 0.0
0.000241982285 -0.000506148499 0.0
0.000575906481 -0.000793654588 0.0
0.000266094255 -0.000270557182 0.0
0.000564530492 -0.000718694122 0.0
0.000257869746 -0.000324098626 0.0
0.000257377804 -0.000231608064 0.0
0.00033972488 -7.39567549e-05 0.0
0.000437508628 -2.93931371e-05 0.0
0.00040832255 -0.000226242992 0.0
0.000545261602 -0.000848281721 0.0
0.000127993553 -0.000172421394 0.0
0.000736896298 -0.000771195861 0.0
0.000568214105 -0.000670553884 0.0
0.000507406774 -0.000476111716 0.0
0.000152516615 -3.72442191e-05 0.0
0.00071284984 -0.00055323157 0.0
0.000746811507 -0.000778293004 0.0
0.00075773953 -0.00061855989 0.0
0.000305440422 -0.000431646709 0.0
0.00042107125 -0.000309874304 0.0
0.000109893947 -0.000102610364 0.0
0.000341064529 4.15574541e-05 0.0
0.000152887151 -3.96406358e-05 0.0
0.000438126706 -0.000249628996 0.0
0.000579192361 -0.000620989769 0.0
0.000196366134 -0.000176915462 0.0
0.000228721328 -0.000234867752 0.0
0.000502582174 -0.000258929707 0.0
0.000469720049 -0.000748213031 0.0
0.000229110301 -0.000173265216 0.0
0.000389092136 -0.00024498874 0.0
0.000369552523 -0.000538858003 0.0
0.000417239906 -0.000377787452 0.0
0.000334934681 -0.000376754178 0.0
0.000170162675 -4.8298527e-05 0.0
0.000334255659 -0.000591948687 0.0
0.00060844596 -0.00071999745 0.0
0.000211382081 -0.000252608821 0.0
0.000175961861 -8.83917091e-05 0.0
0.000273873942 -0.000405234023 0.0
0.000788194942 -0.000846667099 0.0
0.000749372819 -0.000762377109 0.0
0.000115303606 -0.000188421691 0.0
0.000417478877 -7.95768574e-05 0.0
0.000167647813 -0.000147995874 0.0
0.000721009215 -0.000578869076 0.0
0.000747742597 -0.000723133155 0.0
0.000168654311 -0.00020914858 0.0
0.000479062001 -0.000628431095 0.0
0.000378384924 -0.00064712466 0.0
0.000654771575 -0.000465470657 0.0
2.89649142e-06 -2.49968416e-05 0.0
0.000542070717 -0.000268673262 0.0
0.000194893932 -9.58344026e-05 0.0
0.00049391936 -0.000550549594 0.0
0.000744012825 -0.000703781552 0.0
0.000315454672 -0.000262937887 0.0
0.000406797568 -0.000156251641 0.0
0.000512653845 -0.000201895644 0.0
0.000404744409 -0.000549156859 0.0
1.75348359e-05 -7.67971651e-05 0.0
0.000332363154 5.4957567e-05 0.0
0.000647025357 -0.000624812325 0.0
0.000459244155 -0.000577848696 0.0
0.000374071591 2.29929697e-06 0.0
0.000403588667 -0.000416233932 0.0
0.000368473819 -0.000208285521 0.0
0.000357586425 -0.000389890774 0.0
0.000397054158 -1.1196691e-05 0.0
0.000357422221 -0.000183345503 0.0
0.00054033898 -0.000792756502 0.0
0.000675421499 -0.000679038931 0.0
0.000642043946 -0.000601645326 0.0
0.000490285514 -0.000452240434 0.0
0.000366000837 -0.000475310197 0.0
6.36239838e-06 -4.19651587e-05 0.0
0.000344424683 -0.00033280786 0.0
0.000342016749 -0.000266586256 0.0
6.96514762e-05 -8.59266729e-05 0.0
0.000335175602 -0.000489608909 0.0
0.000287455361 -0.000347516878 0.0
0.000629606133 -0.000663385668 0.0
0.000689627544 -0.00074987096 0.0
0.000343337597 -0.000762571348 0.0
0.000238944413 -0.000250617915 0.0
0.000352449628 -0.00035811204 0.0
0.000207210804 2.61527439e-05 0.0
0.00035710269 -0.000262863963 0.0
0.000388297456 -0.000691316847 0.0
0.00068021653 -0.000512659317 0.0
0.000456761365 -0.000376196782 0.0
0.000391916401 -0.000448758015 0.0
0.000454616384 -6.76071941e-05 0.0
0.000348446716 -0.000583920628 0.0
0.000378027529 -0.0006392941 0.0
5.04979798e-05 -8.97916107e-05 0.0
0.000278137566 9.53912968e-05 0.0
0.000411148678 -1.29280716e-05 0.0
0.00053806894 -0.000426133338 0.0
0.00026863176 -0.000378451485 0.0
0.000711753848 -0.000655332929 0.0
0.000363400439 -0.000671497895 0.0
0.000330086245 -0.0003245837 0.0
0.000550851983 -0.0005484586 0.0
0.000575832615 -0.000399235112 0.0
0.00027171761 -0.000268519128 0.0
0.000448733103 -0.00019765929 0.0
0.000592492986 -0.000538480061 0.0
0.000360453851 -0.000579373154 0.0
0.000369038578 -0.000182385935 0.0
0.00029525478 -0.000225362863 0.0
0.000349849986 -0.000478763803 0.0
0.000461880554 -1.33334152e-05 0.0
0.00027641395 -0.00039394031 0.0
0.000687749998 -0.000537860848 0.0
0.000486646721 -0.000818147149 0.0
0.00050134724 -0.000913777389 0.0
0.000437240378 -0.000182227057 0.0
0.000462951051 -0.000307582814 0.0
0.000305407419 2.16652988e-05 0.0
0.000382442202 -0.00075487647 0.0
0.000304532412 -0.000311666285 0.0
0.00035713223 -0.0005554987 0.0
0.000334780139 -0.000726259314 0.0
0.000296402024 -0.000531143218 0.0
0.000464993151 -5.75174272e-05 0.0
0.00069122226 -0.000654924952 0.0
0.000146007922 -0.000219463109 0.0
0.000328761409 -0.000209123522 0.0
9.90700937e-05 -0.000158522831 0.0
0.000928588735 -0.000876763603 0.0
0.000524957723 -0.000500564813 0.0
0.000393702241 -0.000356092816 0.0
0.000386677653 1.1675188e-05 0.0
0.000497542496 -9.33987903e-05 0.0
0.000263789843 -0.000374007737 0.0
0.000445971615 -0.000139750438 0.0
0.000680551457 -0.000720985467 0.0
0.000404115941 -2.48456054e-05 0.0
0.000547062315 -0.000489555532 0.0
0.000376692624 -0.00027416207 0.0
0.000171614316 -0.000287042843 0.0
0.000639601902 -0.000576040475 0.0
0.0005071169 -0.000159565854 0.0
0.000366481545 -0.000643081032 0.0
0.000697907526 -0.000681320555 0.0
0.000389815454 -0.00045752147 0.0
0.000458224502 -0.000872982608 0.0
0.000461354648 -0.000418188545 0.0
0.00012691204 -0.000170054525 0.0
0.000549440156 -0.000811650651 0.0
0.000468002254 -0.000697468116 0.0
0.000367158675 -5.60935987e-05 0.0
0.000352187548 -0.000493994507 0.0
0.000248681579 -0.000226265198 0.0
0.000483876007 -0.000122147467 0.0
0.000759701186 -0.000793738 0.0
0.000731617503 -0.000623626111 0.0
0.00070530799 -0.000669527741 0.0
0.000522807008 -0.00035906519 0.0
0.000406643027 -0.000822561793 0.0
0.000336915575 -0.00060949882 0.0
0.000746385078 -0.000796904205 0.0
0.000769676524 -0.0006400813 0.0
0.000488568388 -0.000356005185 0.0
0.000351458904 -0.000590491109 0.0
0.000775099092 -0.000801057147 0.0
0.000950266665 -0.000904569926 0.0
0.000402526552 -0.000414803711 0.0
0.000533669721 -0.000946135551 0.0
0.000330457609 -0.000151327622 0.0
0.000671257963 -0.00064705906 0.0
1.81654887e-05 -6.58168283e-05 0.0
0.000273077865 -0.000371707865 0.0
0.000723169593 -0.00070445193 0.0
0.000494881941 -0.000707172381 0.0
0.000489342317 -0.00017392452 0.0
0.000117204763 -3.47770583e-05 0.0
0.00051695091 -0.000798083318 0.0
0.000612012227 -0.000349595968 0.0
0.000116286916 -0.000238354784 0.0
0.000458445371 -0.00066884124 0.0
0.000377052667 -3.47771629e-06 0.0
0.000446592836 -0.000725089922 0.0
0.000472761953 -0.000855679507 0.0
0.000542948488 -0.000651927723 0.0
0.000407100451 -0.000326841895 0.0
0.000620636216 -0.00057779596 0.0
0.000257162959 -1.60674354e-05 0.0
3.30687158e-06 -1.27978319e-05 0.0
0.000617625192 -0.000622146123 0.0
0.000753276574 -0.00070058601 0.0
0.000506582437 -0.000119704448 0.0
0.000497768749 -0.000805366493 0.0
0.000202392985 -0.000313806493 0.0
0.000313365454 -5.35596555e-05 0.0
0.000291743636 -0.000286421098 0.0
0.000486423145 -0.000364011852 0.0
0.000253072649 -8.03544608e-05 0.0
0.000656456919 -0.000703828002 0.0
0.000346366316 -0.000361535611 0.0
0.000484015618 -0.000844573718 0.0
0.000490656763 -0.000484200107 0.0
0.00053562352 -0.00081732939 0.0
0.000385081919 -0.000478167116 0.0
0.000161838907 -3.86142747e-05 0.0
0.000398831442 -0.000442691409 0.0
0.000440836011 -0.000875192345 0.0
0.000295169244 -0.00011514916 0.0
0.000353119191 -0.000498038717 0.0
0.000490037724 -0.000674060022 0.0
0.000373840187 -0.000417370873 0.0
4.54183009e-06 -5.16554428e-06 0.0
0.000101479622 -9.1762995e-05 0.0
