5.20720569e-05 -0.000246208365 0.0
4.32460874e-05 -0.000293201854 0.0
3.78289333e-05 -0.000283209985 0.0
5.89169176e-05 -0.000260713394 0.0
-0.000233322338 -0.000259595108 0.0
-0.000215278575 -0.000252163853 0.0
-0.000205445249 -0.000246842159 0.0
-0.000209557402 -0.000237752174 0.0
0.000148282357 -0.000246842159 0.0
0.000138449032 -0.000252163853 0.0
0.000120405261 -0.000259595108 0.0
-0.000264092087 -0.00036240404 0.0
-0.000269793294 -0.000389366469 0.0
-0.000274160557 -0.000412128284 0.0
-0.000225846161 -0.000377914024 0.0
2.66920433e-05 -3.21746702e-05 0.0
3.10592914e-05 -9.41285543e-06 0.0
3.67605026e-05 1.75495479e-05 0.0
-0.000159909119 -0.0003542708 0.0
-0.000164130033 -0.00035939904 0.0
-0.000168871571 -0.000364329055 0.0
-0.000146382285 -0.000348289759 0.0
0.00013198104 1.56245515e-05 0.0
0.000136722563 2.05545693e-05 0.0
0.000140943477 2.5682788e-05 0.0
0.000268958625 -2.21385508e-05 0.0
0.00025601589 -8.19751804e-05 0.0
0.000250272453 -6.53493044e-05 0.0
0.000273117359 -3.36403318e-05 0.0
5.96726095e-05 -0.000305554771 0.0
4.50481639e-05 -0.00031233317 0.0
3.34840297e-05 -0.000317861239 0.0
3.05857939e-05 -0.000344205298 0.0
-0.000320243562 -0.000317861239 0.0
-0.000308679446 -0.00031233317 0.0
-0.000294055004 -0.000305554771 0.0
-0.000156737762 -0.000288167677 0.0
-0.000166596248 -0.000324467983 0.0
-0.000168540064 -0.000316651654 0.0
-0.000154850772 -0.000295550708 0.0
-3.82485414e-05 -0.00032053137 0.0
-5.59214131e-05 -0.000357439654 0.0
-5.89446099e-05 -0.000342354499 0.0
-3.59148216e-05 -0.000333026925 0.0
6.36672485e-05 -0.000132850051 0.0
4.94522428e-05 -0.00013880324 0.0
5.6287452e-05 -0.000139892421 0.0
5.68960786e-05 -0.000135973314 0.0
-6.55742624e-05 -8.68435236e-05 0.0
-5.83217734e-05 -8.32848818e-05 0.0
-4.8678372e-05 -8.00000198e-05 0.0
-4.00331701e-05 -6.08638911e-05 0.0
-5.86529022e-05 -8.03561852e-05 0.0
-4.4365348e-05 -6.83373e-05 0.0
0.000305049238 -8.00000198e-05 0.0
0.000295405829 -8.32848818e-05 0.0
0.000288153329 -8.68435236e-05 0.0
-0.000109691544 -0.000151870758 0.0
-0.000126985455 -0.000177746449 0.0
-0.000127543011 -0.00016914666 0.0
-0.000108875131 -0.000154949274 0.0
9.17162834e-06 -8.12613216e-05 0.0
-8.68745065e-06 -7.61975025e-05 0.0
2.00591171e-06 -8.16409083e-05 0.0
2.44649618e-06 -7.35348149e-05 0.0
1.56128572e-05 -0.000159165429 0.0
-4.25997712e-07 -0.000185602243 0.0
-1.17992136e-06 -0.000174450222 0.0
2.04619446e-05 -0.000162713666 0.0
0.000129414766 -0.000213979845 0.0
0.000117566407 -0.000208097539 0.0
0.000126147745 -0.000211805003 0.0
0.000120818011 -0.000204743759 0.0
-3.99789933e-05 -0.000195754663 0.0
-6.02403197e-05 -0.00023412962 0.0
-6.26585461e-05 -0.000227418161 0.0
-3.86535467e-05 -0.000209873586 0.0
0.000113896123 -0.000143979269 0.0
9.90643966e-05 -0.000170634477 0.0
9.66497682e-05 -0.000164600016 0.0
0.000116262847 -0.000151376182 0.0
-0.000300852611 -0.000379953592 0.0
0.0 0.0 0.0
0.000353727606 0.0 0.0
5.28749988e-05 -0.000379953592 0.0
4.3662043e-05 -0.000249454926 0.0
3.60640915e-05 -0.000253785052 0.0
2.97258757e-05 -0.000258741522 0.0
2.47700355e-05 -0.000263997616 0.0
2.13414241e-05 -0.000270769495 0.0
1.93196665e-05 -0.000278430816 0.0
1.94397271e-05 -0.000285218732 0.0
2.15395394e-05 -0.000289817952 0.0
2.52122663e-05 -0.000292649551 0.0
3.03251818e-05 -0.000293953228 0.0
3.64185398e-05 -0.000294283614 0.0
5.03745614e-05 -0.000290438271 0.0
5.71649362e-05 -0.000286731578 0.0
6.31980874e-05 -0.000282255496 0.0
6.82714599e-05 -0.000277607556 0.0
7.22933764e-05 -0.000272379752 0.0
7.52868291e-05 -0.000266522984 0.0
7.66762314e-05 -0.000259981985 0.0
7.65638251e-05 -0.000253726874 0.0
7.38844828e-05 -0.000249427452 0.0
6.90601883e-05 -0.000246091804 0.0
6.11317882e-05 -0.000245128293 0.0
4.79977243e-05 -0.000272197416 0.0
-0.000227699493 -0.000257518725 0.0
-0.000221584094 -0.000255098508 0.0
-0.000210394399 -0.000249621255 0.0
-0.000207322257 -0.000247886172 0.0
-0.000202695956 -0.000244574068 0.0
-0.000200453185 -0.00024049441 0.0
-0.000199747927 -0.000236528751 0.0
-0.000200346272 -0.000234361854 0.0
-0.00020203054 -0.000234272215 0.0
-0.000204184587 -0.000234886262 0.0
-0.000206733763 -0.000236315085 0.0
-0.000212612882 -0.000239527435 0.0
-0.000216236862 -0.000241496033 0.0
-0.000220419053 -0.00024402581 0.0
-0.000224548246 -0.000246796146 0.0
-0.000228105389 -0.000249628007 0.0
-0.000231072641 -0.000252304861 0.0
-0.000232769919 -0.000255816878 0.0
0.000146405349 -0.000247886172 0.0
0.000143333207 -0.000249621255 0.0
0.000132143512 -0.000255098508 0.0
0.000126028113 -0.000257518725 0.0
0.000122193436 -0.000262370537 0.0
0.000125716702 -0.000263422786 0.0
0.000130032669 -0.000262141082 0.0
0.0001342904 -0.000259997236 0.0
0.000138077943 -0.000256569736 0.0
0.000141329743 -0.000252845144 0.0
0.0001436163 -0.000250016747 0.0
0.000146065126 -0.000247802353 0.0
-0.000265724258 -0.000369365298 0.0
-0.000267611904 -0.000378044409 0.0
-0.000271788624 -0.000400230987 0.0
-0.000273249287 -0.000407383079 0.0
-0.000267517404 -0.000411444198 0.0
-0.000260860834 -0.000409754401 0.0
-0.000254037936 -0.000406875944 0.0
-0.000246985175 -0.000402740407 0.0
-0.000240015695 -0.000397454365 0.0
-0.000233713901 -0.000391433132 0.0
-0.000228648583 -0.000384950457 0.0
-0.000225041687 -0.000370376627 0.0
-0.000226505043 -0.000363874715 0.0
-0.000229559853 -0.000359369122 0.0
-0.000234065577 -0.000356643199 0.0
-0.00023929264 -0.000355812866 0.0
-0.000246124284 -0.000356502918 0.0
-0.000254619139 -0.000358520861 0.0
2.76033225e-05 -2.74294798e-05 0.0
2.90639709e-05 -2.02773936e-05 0.0
3.32406926e-05 1.90918286e-06 0.0
3.5128327e-05 1.05882982e-05 0.0
2.76939554e-05 1.22132669e-05 0.0
2.01031999e-05 5.98986571e-06 0.0
1.44050209e-05 -4.25451248e-07 0.0
1.06837915e-05 -6.66064398e-06 0.0
8.99496627e-06 -1.4331591e-05 0.0
9.02057036e-06 -2.18025598e-05 0.0
1.13351534e-05 -2.7143964e-05 0.0
1.55494417e-05 -3.02074841e-05 0.0
2.07559442e-05 -3.16829428e-05 0.0
-0.000161601187 -0.000356644887 0.0
-0.000166811005 -0.000362216233 0.0
-0.000167701655 -0.000363417726 0.0
-0.000165862773 -0.000361775048 0.0
-0.000162920987 -0.000359493773 0.0
-0.000158715513 -0.000356226374 0.0
-0.000154889785 -0.000352671661 0.0
-0.000151663742 -0.000349043257 0.0
-0.0001495037 -0.000347020978 0.0
-0.000147999977 -0.000347518886 0.0
-0.000144672536 -0.0003483404 0.0
-0.000143364581 -0.000347993831 0.0
-0.000142640958 -0.000347717723 0.0
-0.000142526304 -0.000347640802 0.0
-0.000143591489 -0.000348045724 0.0
-0.000146390143 -0.000348772504 0.0
-0.000150686363 -0.000350274233 0.0
-0.000155427319 -0.000351902185 0.0
0.000134041606 1.77373695e-05 0.0
0.00013925141 2.33087158e-05 0.0
0.0001369776 2.30676451e-05 0.0
0.000133851994 2.05809738e-05 0.0
0.000131796507 1.85858207e-05 0.0
0.000130994435 1.67833041e-05 0.0
0.000131267312 1.56971146e-05 0.0
0.000261416455 -2.35938405e-05 0.0
0.000252886326 -2.66926872e-05 0.0
0.000244122784 -3.17504091e-05 0.0
0.000235582775 -3.82632934e-05 0.0
0.000228674835 -4.65947887e-05 0.0
0.00022469931 -5.60484077e-05 0.0
0.000222441784 -6.72665556e-05 0.0
0.000224696269 -7.50616018e-05 0.0
0.00023002013 -8.07478864e-05 0.0
0.000237739921 -8.355506e-05 0.0
0.000246750831 -8.39274362e-05 0.0
0.000265494309 -7.84261647e-05 0.0
0.000274259946 -7.29972453e-05 0.0
0.000281763962 -6.62438542e-05 0.0
0.00028757035 -5.82145767e-05 0.0
0.000291577919 -4.89592348e-05 0.0
0.000293413235 -3.95486713e-05 0.0
0.000293075835 -3.20310755e-05 0.0
0.000291060278 -2.6948268e-05 0.0
0.000286930241 -2.39761594e-05 0.0
0.000281545101 -2.23656698e-05 0.0
0.000275262515 -2.1693415e-05 0.0
0.000262316578 -4.84327029e-05 0.0
5.26213953e-05 -0.000308648188 0.0
3.85124367e-05 -0.000315719604 0.0
2.86447048e-05 -0.000322428095 0.0
2.45853516e-05 -0.00032794007 0.0
2.1739108e-05 -0.000334153854 0.0
2.00123668e-05 -0.000340059778 0.0
1.92600564e-05 -0.000343925611 0.0
1.98300313e-05 -0.000345835841 0.0
2.09890604e-05 -0.000346152461 0.0
2.2598424e-05 -0.000345882465 0.0
2.52559694e-05 -0.000345202687 0.0
3.80471902e-05 -0.000342095707 0.0
4.56784801e-05 -0.000339075865 0.0
5.21797956e-05 -0.000335200923 0.0
5.74006954e-05 -0.000331157469 0.0
6.12626609e-05 -0.000326746493 0.0
6.4430591e-05 -0.000322065025 0.0
6.60429068e-05 -0.000317012717 0.0
6.63069295e-05 -0.000311259297 0.0
6.39912978e-05 -0.000307500042 0.0
-0.000315215177 -0.000315719604 0.0
-0.000301106193 -0.000308648188 0.0
-0.000298702507 -0.000305683061 0.0
-0.000303204666 -0.000306926551 0.0
-0.000307437847 -0.000308871153 0.0
-0.000311513373 -0.000311642885 0.0
-0.000315744925 -0.000314541452 0.0
-0.000162448152 -0.000291520584 0.0
-0.000167942126 -0.000296268816 0.0
-0.000172833345 -0.000301044696 0.0
-0.000176403948 -0.000304869318 0.0
-0.000179216848 -0.000307265582 0.0
-0.000181824886 -0.000309463299 0.0
-0.000183903816 -0.000314221339 0.0
-0.000184096891 -0.000319859741 0.0
-0.000182419346 -0.000324153807 0.0
-0.000179077557 -0.000326571433 0.0
-0.000174862624 -0.000327105983 0.0
-0.000170790983 -0.000325845351 0.0
-0.000162217402 -0.000322214648 0.0
-0.000157409318 -0.000319478975 0.0
-0.000152011271 -0.000316209276 0.0
-0.000146582446 -0.000311868265 0.0
-0.000141963726 -0.000306514034 0.0
-0.000138467891 -0.000299980486 0.0
-0.000137087554 -0.000293363351 0.0
-0.000137510011 -0.000288664101 0.0
-0.000139412674 -0.0002863681 0.0
-0.000142653284 -0.000285509916 0.0
-0.000146603794 -0.000285432208 0.0
-0.000151423621 -0.000286233495 0.0
-0.000162082346 -0.000306217495 0.0
-4.60020274e-05 -0.000322873326 0.0
-5.39060893e-05 -0.000326391542 0.0
-6.04454435e-05 -0.000331009098 0.0
-6.50514994e-05 -0.00033603498 0.0
-6.82061363e-05 -0.000341403851 0.0
-6.96277857e-05 -0.000346652028 0.0
-6.96259813e-05 -0.000351286435 0.0
-6.8257672e-05 -0.000354895485 0.0
-6.56827033e-05 -0.000357207755 0.0
-6.17973055e-05 -0.000357828161 0.0
-4.85115961e-05 -0.000355485216 0.0
-4.09162785e-05 -0.000352357863 0.0
-3.40620645e-05 -0.000347656547 0.0
-2.8538976e-05 -0.000341651263 0.0
-2.46151612e-05 -0.000334252283 0.0
-2.33578667e-05 -0.000327113492 0.0
-2.40611243e-05 -0.00032221424 0.0
-2.59066146e-05 -0.000319737243 0.0
-2.86659197e-05 -0.000319150306 0.0
-3.23084096e-05 -0.000319369748 0.0
-4.7586982e-05 -0.000337969599 0.0
6.21380168e-05 -0.000133571724 0.0
5.96143764e-05 -0.000134776245 0.0
5.58816537e-05 -0.00013634401 0.0
5.13547893e-05 -0.000139831376 0.0
4.79446608e-05 -0.00014501829 0.0
4.72832944e-05 -0.000148506733 0.0
4.78551046e-05 -0.000147961997 0.0
4.90076782e-05 -0.00014617639 0.0
4.98370173e-05 -0.000144169404 0.0
5.02909388e-05 -0.000142276855 0.0
5.00385322e-05 -0.000140382559 0.0
4.99697162e-05 -0.000137708339 0.0
5.20973299e-05 -0.000136296047 0.0
5.51848789e-05 -0.000134916889 0.0
5.8452817e-05 -0.00013323086 0.0
6.13686425e-05 -0.000131857203 0.0
6.36288023e-05 -0.000130887682 0.0
6.49390495e-05 -0.000130079192 0.0
6.53548341e-05 -0.000129787601 0.0
6.52326489e-05 -0.000130156302 0.0
6.47902853e-05 -0.000130802175 0.0
6.4116095e-05 -0.000131683963 0.0
5.67709139e-05 -0.000138349162 0.0
-6.23760716e-05 -8.52962839e-05 0.0
-5.33917846e-05 -8.13229562e-05 0.0
-4.36742885e-05 -7.7360135e-05 0.0
-3.90436981e-05 -7.41672775e-05 0.0
-3.55995471e-05 -6.99728043e-05 0.0
-3.35807781e-05 -6.48779096e-05 0.0
-3.3112763e-05 -6.03722619e-05 0.0
-3.45000844e-05 -5.78210675e-05 0.0
-3.62886603e-05 -5.74867263e-05 0.0
-3.75621712e-05 -5.88482944e-05 0.0
-3.81690297e-05 -5.9996597e-05 0.0
-4.45919759e-05 -6.2463856e-05 0.0
-5.10080754e-05 -6.53142342e-05 0.0
-5.71408382e-05 -6.96747666e-05 0.0
-6.20118153e-05 -7.48836683e-05 0.0
-6.60054284e-05 -8.03363291e-05 0.0
-6.80373487e-05 -8.4263469e-05 0.0
-6.89064836e-05 -8.61593071e-05 0.0
-6.85610794e-05 -8.6756103e-05 0.0
-6.74180847e-05 -8.7033899e-05 0.0
0.000300335814 -8.13229562e-05 0.0
0.00029135152 -8.52962839e-05 0.0
0.000290381897 -8.60555738e-05 0.0
0.000292538229 -8.49976859e-05 0.0
0.000295450329 -8.3780651e-05 0.0
0.000299832114 -8.23952359e-05 0.0
-0.000112817535 -0.000153516492 0.0
-0.000117423035 -0.000155611153 0.0
-0.000122939338 -0.000158314724 0.0
-0.000128603584 -0.000161812568 0.0
-0.000133146372 -0.000166065889 0.0
-0.000136125658 -0.000170893152 0.0
-0.000137542243 -0.00017569898 0.0
-0.000137539057 -0.000178543502 0.0
-0.000136855597 -0.000179338938 0.0
-0.000135128692 -0.000179517679 0.0
-0.000131872745 -0.000178763134 0.0
-0.000121134413 -0.000175723544 0.0
-0.000115331764 -0.000172165848 0.0
-0.000109793284 -0.000167453763 0.0
-0.000105109109 -0.000161686825 0.0
-0.000101815422 -0.000155854141 0.0
-9.99336553e-05 -0.000151747168 0.0
-9.97519965e-05 -0.000149881147 0.0
-0.000101067679 -0.000149146523 0.0
-0.000103048842 -0.000148822161 0.0
-0.000105546183 -0.000149097206 0.0
-0.000107696673 -0.000150167383 0.0
-0.000117980031 -0.000161737931 0.0
9.81670382e-06 -8.27042095e-05 0.0
8.69898031e-06 -8.37713451e-05 0.0
6.66267897e-06 -8.45407849e-05 0.0
4.53464963e-06 -8.530786e-05 0.0
2.49489221e-06 -8.5774358e-05 0.0
4.50736479e-07 -8.54220998e-05 0.0
-1.22231052e-06 -8.42329755e-05 0.0
-2.51518281e-06 -8.27025142e-05 0.0
-3.58660145e-06 -8.1026883e-05 0.0
-5.34926039e-06 -7.91974308e-05 0.0
-7.81510607e-06 -7.73763604e-05 0.0
-6.51274695e-06 -7.53154382e-05 0.0
-2.55753343e-06 -7.34812565e-05 0.0
1.01266312e-06 -7.13989066e-05 0.0
3.79668199e-06 -7.04859485e-05 0.0
5.45568355e-06 -7.05870552e-05 0.0
6.21170557e-06 -7.12072288e-05 0.0
6.66602227e-06 -7.16722352e-05 0.0
6.75098818e-06 -7.24057463e-05 0.0
6.75917499e-06 -7.39284878e-05 0.0
6.80734684e-06 -7.63625576e-05 0.0
7.63649223e-06 -7.90997146e-05 0.0
1.36297831e-06 -7.74535802e-05 0.0
1.01238793e-05 -0.000161358155 0.0
5.10903192e-06 -0.000164241676 0.0
6.83282849e-07 -0.000167489154 0.0
-2.86775071e-06 -0.000170372005 0.0
-5.57835028e-06 -0.000173277804 0.0
-7.4200716e-06 -0.000176353104 0.0
-8.4664307e-06 -0.000179205439 0.0
-8.80115749e-06 -0.000181701515 0.0
-8.19016168e-06 -0.000183339027 0.0
-6.19010007e-06 -0.000184664954 0.0
8.18699755e-06 -0.000184224758 0.0
1.6541786e-05 -0.000180389208 0.0
2.34851959e-05 -0.000175095716 0.0
2.85775332e-05 -0.000167990467 0.0
3.14636891e-05 -0.000161033226 0.0
3.10300893e-05 -0.000158359282 0.0
2.98508439e-05 -0.000158572555 0.0
2.86327722e-05 -0.00015860956 0.0
2.56933181e-05 -0.000158321636 0.0
2.11090464e-05 -0.000158346767 0.0
8.97476548e-06 -0.000168576589 0.0
0.000128047875 -0.000215859836 0.0
0.000126692918 -0.000217598863 0.0
0.000125556835 -0.000218503716 0.0
0.000123892183 -0.000217652982 0.0
0.000122282756 -0.000215560402 0.0
0.000119296812 -0.00021458893 0.0
0.000116352545 -0.000213065025 0.0
0.000113951573 -0.000212480591 0.0
0.000113083188 -0.00021206573 0.0
0.000113651353 -0.000212280385 0.0
0.000115713163 -0.00021084609 0.0
0.000118720658 -0.000204276585 0.0
0.000119315177 -0.000199998685 0.0
0.000119887009 -0.000195522807 0.0
0.000119984266 -0.000192614069 0.0
0.000119852615 -0.00019524571 0.0
0.000121249745 -0.000200243405 0.0
0.000123656748 -0.000203949559 0.0
0.000126480416 -0.00020658999 0.0
0.000129107531 -0.000208596495 0.0
0.000130737593 -0.000210499958 0.0
0.000130904577 -0.000212416082 0.0
0.000123548336 -0.00020745887 0.0
-4.88730839e-05 -0.000197087735 0.0
-5.72362769e-05 -0.000200529903 0.0
-6.46148619e-05 -0.000205539356 0.0
-7.04673148e-05 -0.000212107014 0.0
-7.44079807e-05 -0.00021988462 0.0
-7.65581135e-05 -0.000227805125 0.0
-7.66930243e-05 -0.000234126215 0.0
-7.45700963e-05 -0.000237150118 0.0
-7.15041024e-05 -0.000237782791 0.0
-6.77453936e-05 -0.000237230997 0.0
-6.38387137e-05 -0.000235971238 0.0
-5.54798462e-05 -0.000231658705 0.0
-4.97864894e-05 -0.000228261037 0.0
-4.35892034e-05 -0.000224208125 0.0
-3.80556594e-05 -0.000219307069 0.0
-3.35535406e-05 -0.000214212138 0.0
-3.03300785e-05 -0.000209166799 0.0
-2.90258831e-05 -0.000205135468 0.0
-2.89299169e-05 -0.000201838644 0.0
-2.95090213e-05 -0.00019922317 0.0
-3.10253272e-05 -0.000197631729 0.0
-3.37704732e-05 -0.000196400622 0.0
-5.03222691e-05 -0.000218498986 0.0
0.000108792694 -0.000148364183 0.0
0.000103963132 -0.000154095425 0.0
0.000100131161 -0.000160146985 0.0
9.80265904e-05 -0.000166649275 0.0
9.76911251e-05 -0.000168317245 0.0
9.601887e-05 -0.000166705926 0.0
9.41861581e-05 -0.000166589962 0.0
9.21484971e-05 -0.000167045888 0.0
9.10004674e-05 -0.000167667706 0.0
9.10393428e-05 -0.000168238766 0.0
9.26629364e-05 -0.000169062361 0.0
9.57638113e-05 -0.000169962688 0.0
0.000103006954 -0.000170215731 0.0
0.000108021362 -0.000169013758 0.0
0.000113797927 -0.000166604601 0.0
0.000119641074 -0.000163270583 0.0
0.000125229708 -0.000159386866 0.0
0.00012915273 -0.000154670153 0.0
0.000131722729 -0.000149029045 0.0
0.000132427173 -0.000143690733 0.0
0.000130760323 -0.000140103046 0.0
0.000127655352 -0.000138324205 0.0
0.000123308331 -0.000139234282 0.0
0.000118770717 -0.000141101686 0.0
0.000105180574 -0.000159552568 0.0
-0.000294773432 -0.000365759217 0.0
-0.000301694527 -0.00034654577 0.0
-0.00021708438 -0.000232725535 0.0
-0.0002098439 -0.000220657865 0.0
-0.000181368916 -0.000199902977 0.0
-0.000153207264 -0.000181378506 0.0
-0.000139917916 -0.000169523031 0.0
-0.000137463328 -0.000158406401 0.0
-0.000142669014 -0.000144565754 0.0
-0.000142810837 -0.000131641878 0.0
-0.000127174833 -0.000119354656 0.0
-9.77659147e-05 -0.000105200059 0.0
-6.54427058e-05 -5.11149265e-05 0.0
-5.88810326e-05 -3.90246751e-05 0.0
-4.11714282e-05 -2.62124995e-05 0.0
-1.81586493e-05 -1.35293303e-05 0.0
1.51807717e-05 -2.08950187e-05 0.0
6.77276912e-05 -1.94855002e-05 0.0
9.63573693e-05 -1.58606799e-05 0.0
0.000161153817 -5.65225992e-06 0.0
0.000175558496 -2.04417502e-05 0.0
0.000189837345 -1.11696736e-05 0.0
0.00020506233 6.90948264e-06 0.0
0.00021875168 2.2536733e-05 0.0
0.000228222998 2.95405662e-05 0.0
0.000237715474 2.73874684e-05 0.0
0.000249682227 1.30012531e-05 0.0
0.000260570087 -8.77654202e-06 0.0
0.000269241689 -2.6588632e-05 0.0
0.000277371058 -3.2554166e-05 0.0
0.000288331939 -2.73901551e-05 0.0
0.000301016698 -1.49470052e-05 0.0
0.00031501989 6.7737659e-07 0.0
0.00032791181 1.29925584e-05 0.0
0.000339599734 1.37406259e-05 0.0
0.00033556894 -1.35293303e-05 0.0
0.000312556163 -2.62124995e-05 0.0
0.00029484657 -3.90246751e-05 0.0
0.000288284878 -5.11149265e-05 0.0
0.00025596167 -0.000105200059 0.0
0.000226552773 -0.000119354656 0.0
0.000210916769 -0.000131641878 0.0
0.000211058577 -0.000144565754 0.0
0.000216264263 -0.000158406401 0.0
0.000213809675 -0.000169523031 0.0
0.000200520342 -0.000181378506 0.0
0.000172358676 -0.000199902977 0.0
0.000143883706 -0.000220657865 0.0
0.000136643212 -0.000232725535 0.0
5.2033065e-05 -0.00034654577 0.0
5.89541523e-05 -0.000365759217 0.0
3.87471482e-05 -0.000366212975 0.0
2.705921e-05 -0.000366961031 0.0
1.4167299e-05 -0.000379276229 0.0
1.64108243e-07 -0.000394900591 0.0
-1.25206479e-05 -0.000407343759 0.0
-2.3481547e-05 -0.000412507768 0.0
-3.16109072e-05 -0.00040654224 0.0
-4.02825062e-05 -0.000388730143 0.0
-5.11703838e-05 -0.000366952358 0.0
-6.31371222e-05 -0.00035256613 0.0
-7.26295984e-05 -0.000350413029 0.0
-8.21009235e-05 -0.000357416866 0.0
-9.57902739e-05 -0.000373044109 0.0
-0.000111015252 -0.000391123263 0.0
-0.0001252941 -0.000400395336 0.0
-0.000139698779 -0.000385605847 0.0
-0.000204495227 -0.000395814277 0.0
-0.000233124912 -0.000399439101 0.0
-0.00028567182 -0.000400848628 0.0
3.75567179e-05 -0.00026686379 0.0
5.76769235e-05 -0.000276624225 0.0
6.46019544e-05 -0.000267814554 0.0
3.14827557e-05 -0.000276758044 0.0
4.70144332e-05 -0.000258647953 0.0
4.83543554e-05 -0.000283913279 0.0
3.68018809e-05 -0.000260136352 0.0
5.74625337e-05 -0.000281873305 0.0
6.52712915e-05 -0.000274425925 0.0
2.94458623e-05 -0.000268887059 0.0
2.66549941e-05 -0.000283881032 0.0
7.02657126e-05 -0.000260656001 0.0
4.16360926e-05 -0.000289295305 0.0
5.44855575e-05 -0.000252180733 0.0
2.53222879e-05 -0.000274957361 0.0
6.3040643e-05 -0.000278884836 0.0
3.16436162e-05 -0.000263639755 0.0
5.21420334e-05 -0.00028637526 0.0
6.98211588e-05 -0.00026930467 0.0
4.22039884e-05 -0.000254871033 0.0
6.67675995e-05 -0.000252700382 0.0
3.13426535e-05 -0.000289777818 0.0
2.85346632e-05 -0.000287919102 0.0
6.92637332e-05 -0.000255468854 0.0
7.14134367e-05 -0.000264812115 0.0
2.44806852e-05 -0.000279996922 0.0
6.19952843e-05 -0.000251562509 0.0
3.54699187e-05 -0.000290181371 0.0
4.71013518e-05 -0.000288720359 0.0
4.78880502e-05 -0.000252251804 0.0
3.95380375e-05 -0.000273395679 0.0
5.64760339e-05 -0.00027096257 0.0
4.6270965e-05 -0.000265798415 0.0
4.95109089e-05 -0.000278019317 0.0
-0.000210383892 -0.000243479575 0.0
-0.000218734203 -0.000247487333 0.0
-0.000213401319 -0.000241990419 0.0
-0.000206327371 -0.00024429374 0.0
-0.000225004565 -0.000252017897 0.0
-0.00020474341 -0.000239411747 0.0
-0.000206828205 -0.000238604247 0.0
-0.000217438574 -0.000243763425 0.0
-0.00021514394 -0.000248218392 0.0
-0.000222119997 -0.000247287418 0.0
-0.000210294296 -0.000246706186 0.0
-0.000220400689 -0.000250972138 0.0
-0.000209287857 -0.000238767796 0.0
-0.000214140353 -0.000244582567 0.0
-0.00021187689 -0.000239848261 0.0
-0.000205570905 -0.000245887437 0.0
-0.000207995879 -0.000247049291 0.0
-0.00022633218 -0.000250432524 0.0
-0.000210817845 -0.000241401736 0.0
-0.000203800766 -0.000236743639 0.0
-0.000203476578 -0.000240714464 0.0
-0.000228602104 -0.000255136081 0.0
-0.000221062146 -0.000245495205 0.0
-0.00022413391 -0.000253919046 0.0
-0.000214442742 -0.000241304238 0.0
-0.000207644669 -0.000243030358 0.0
-0.000216941364 -0.000244936178 0.0
-0.000203824166 -0.000243324612 0.0
-0.000228712364 -0.000253068836 0.0
-0.000222531991 -0.000249199657 0.0
-0.000206545126 -0.000237025684 0.0
-0.000218038302 -0.000251573074 0.0
0.000140285643 -0.000253368577 0.0
0.000134135465 -0.000257375534 0.0
0.000127483159 -0.00025950867 0.0
0.000144534395 -0.000249485514 0.0
0.000142635181 -0.000251349556 0.0
0.000130138011 -0.000259582652 0.0
0.000137188486 -0.000255959429 0.0
-0.000252766942 -0.000391994137 0.0
-0.000249703415 -0.000376474083 0.0
-0.000238211884 -0.000378778903 0.0
-0.000253276317 -0.000368321402 0.0
-0.000262334914 -0.000403246522 0.0
-0.000251925376 -0.000399237906 0.0
-0.000239143294 -0.00038726363 0.0
-0.000241157759 -0.000362740946 0.0
-0.000236262946 -0.000369326124 0.0
-0.000258198765 -0.000378633325 0.0
-0.000252896687 -0.000384032173 0.0
-0.000262158806 -0.000396931893 0.0
-0.000243837814 -0.000394861534 0.0
-0.000258188229 -0.00036547886 0.0
-0.000245822273 -0.000385500723 0.0
-0.000232002902 -0.000371855655 0.0
-0.000246565382 -0.000362251594 0.0
-0.000233248124 -0.000381164893 0.0
-0.00025777155 -0.000404597522 0.0
-0.000236693522 -0.000363410538 0.0
-0.000260904519 -0.000372238166 0.0
-0.000267877273 -0.000407538493 0.0
-0.000267627649 -0.000402447884 0.0
-0.00024424505 -0.000377283402 0.0
-0.000257136446 -0.000398235134 0.0
-0.000261601992 -0.000390200526 0.0
-0.000248607423 -0.000370272173 0.0
-0.000263288792 -0.000407403451 0.0
-0.00023095416 -0.000376061362 0.0
-0.000246733311 -0.000391878828 0.0
-0.000251404912 -0.000361827435 0.0
-0.000242535927 -0.000369580754 0.0
2.06097011e-05 -1.80617462e-05 0.0
1.97530608e-05 -1.00453335e-05 0.0
2.38407865e-05 6.15283511e-07 0.0
2.22145172e-05 -2.69283646e-05 0.0
1.52194716e-05 -1.59168849e-05 0.0
2.80121058e-05 6.189945e-06 0.0
1.84812161e-05 -4.0978357e-06 0.0
2.5789861e-05 -4.22461608e-06 0.0
1.81671094e-05 -2.42792103e-05 0.0
-0.000152968947 -0.000353590178 0.0
-0.000158263443 -0.000356516859 0.0
-0.000150333944 -0.000351203373 0.0
-0.000147248764 -0.000350318092 0.0
-0.000153396919 -0.00035298345 0.0
-0.000156013964 -0.000354099553 0.0
-0.000147579296 -0.000350616436 0.0
-0.000162527213 -0.000359394966 0.0
-0.000161854245 -0.000358617224 0.0
-0.000158096896 -0.000356453267 0.0
-0.00015361805 -0.000353764859 0.0
-0.000151691973 -0.000350731512 0.0
-0.000147942177 -0.000349518406 0.0
-0.000156654758 -0.000355124095 0.0
-0.000145057944 -0.000349287293 0.0
-0.000148527644 -0.000350596005 0.0
-0.000162398574 -0.000359211699 0.0
-0.000154372639 -0.000353608164 0.0
-0.000156651324 -0.000353887881 0.0
-0.000150060965 -0.000351778755 0.0
-0.000148741354 -0.000351315713 0.0
-0.000146353428 -0.000349359849 0.0
-0.000159013405 -0.00035628039 0.0
-0.000153955581 -0.000351980241 0.0
-0.000149156796 -0.000349107606 0.0
-0.000164805417 -0.000361022772 0.0
-0.000153110406 -0.000352025934 0.0
-0.00014526007 -0.000349087873 0.0
-0.000151070926 -0.000352385483 0.0
-0.000156488866 -0.000354182092 0.0
-0.000145063357 -0.000349113339 0.0
-0.00016622238 -0.000362222054 0.0
-0.000148439271 -0.000350521383 0.0
-0.000158639596 -0.000356348552 0.0
0.00013327779 1.80777552e-05 0.0
0.000135620474 2.09936698e-05 0.0
0.000132448127 1.70657004e-05 0.0
0.000136499599 2.2021406e-05 0.0
0.000245541887 -5.01595059e-05 0.0
0.000269708136 -5.88752227e-05 0.0
0.00028051759 -4.66940146e-05 0.0
0.000252977508 -3.67569774e-05 0.0
0.000265213719 -2.91388387e-05 0.0
0.000283027446 -3.53137548e-05 0.0
0.000237924454 -6.29711285e-05 0.0
0.000260167551 -7.10444729e-05 0.0
0.000240517256 -4.41869524e-05 0.0
0.000278713065 -5.8540787e-05 0.0
0.000261937239 -3.85314597e-05 0.0
0.000247421034 -7.51414918e-05 0.0
0.000275077356 -2.69237462e-05 0.0
0.000268213742 -7.06248538e-05 0.0
0.00023513021 -7.17770599e-05 0.0
0.000232134087 -5.8700487e-05 0.0
0.000257092324 -2.93666762e-05 0.0
0.000287445204 -3.90014575e-05 0.0
0.000284210924 -2.92610548e-05 0.0
0.000244918105 -3.65127598e-05 0.0
0.000285052607 -5.14168205e-05 0.0
0.000273888698 -4.23887577e-05 0.0
0.000250520883 -3.21607877e-05 0.0
0.000275135972 -6.60261649e-05 0.0
0.000233369137 -5.10493628e-05 0.0
0.000287383824 -4.50142143e-05 0.0
0.000240266963 -7.5276439e-05 0.0
0.000280238397 -2.70389064e-05 0.0
0.000252632337 -7.79995462e-05 0.0
0.00027117104 -2.48647411e-05 0.0
3.89323432e-05 -0.000330438634 0.0
3.36983212e-05 -0.000326838344 0.0
5.11001745e-05 -0.000319425191 0.0
2.8460976e-05 -0.000336971279 0.0
5.03676019e-05 -0.000328038877 0.0
3.31828451e-05 -0.000338448473 0.0
4.22731355e-05 -0.000321436935 0.0
4.23303136e-05 -0.000334622338 0.0
2.64953651e-05 -0.000334461685 0.0
5.69901786e-05 -0.000322408217 0.0
2.68500389e-05 -0.000341484178 0.0
3.38974969e-05 -0.000321632891 0.0
5.52723832e-05 -0.000312277174 0.0
3.94163544e-05 -0.000319287356 0.0
4.80333802e-05 -0.000315347279 0.0
5.08018493e-05 -0.000332026742 0.0
3.45937988e-05 -0.000330580951 0.0
2.90509797e-05 -0.000328229071 0.0
3.31268129e-05 -0.00033544394 0.0
3.57275494e-05 -0.00033966222 0.0
5.77716892e-05 -0.000316536549 0.0
4.57553178e-05 -0.000325772126 0.0
4.28327039e-05 -0.000330621289 0.0
2.28738754e-05 -0.000341925683 0.0
5.77315041e-05 -0.000325776957 0.0
2.7865015e-05 -0.000342393003 0.0
2.33330029e-05 -0.000339186081 0.0
2.36169635e-05 -0.000343070307 0.0
4.64372206e-05 -0.000335779157 0.0
4.12585505e-05 -0.00033836966 0.0
3.78238547e-05 -0.000325321307 0.0
4.56029957e-05 -0.00032198531 0.0
3.08148155e-05 -0.00033165596 0.0
4.36494556e-05 -0.000317058439 0.0
3.73654038e-05 -0.000333981472 0.0
5.1701667e-05 -0.000322824519 0.0
3.05891517e-05 -0.000342129497 0.0
2.54751503e-05 -0.000332308176 0.0
6.10194184e-05 -0.000318144623 0.0
4.0733652e-05 -0.000325942499 0.0
5.55291845e-05 -0.000329124334 0.0
-0.000311313546 -0.000312421238 0.0
-0.000304445013 -0.000308745744 0.0
-0.000313439785 -0.000313565339 0.0
-0.000301905151 -0.000307511335 0.0
-0.000150007036 -0.000300764077 0.0
-0.000158247873 -0.000313370459 0.0
-0.000166532744 -0.000300546322 0.0
-0.000173983819 -0.000310232514 0.0
-0.000174031666 -0.000305216992 0.0
-0.0001762545 -0.000317196711 0.0
-0.000163841032 -0.000319558429 0.0
-0.000150429347 -0.000308020943 0.0
-0.000146159568 -0.000293097604 0.0
-0.000160316689 -0.000294449739 0.0
-0.00014264042 -0.000298260769 0.0
-0.000169135688 -0.000299310777 0.0
-0.000179498878 -0.000311158306 0.0
-0.000155901173 -0.000316261692 0.0
-0.000148950014 -0.000290170981 0.0
-0.000153670117 -0.000290680822 0.0
-0.00017323003 -0.00032175181 0.0
-0.000169275285 -0.000322390988 0.0
-0.000178093062 -0.000307876762 0.0
-0.000179968556 -0.000315097248 0.0
-0.000142033561 -0.000293860416 0.0
-0.00014455794 -0.000303557608 0.0
-0.000164866011 -0.000295804522 0.0
-0.000172983448 -0.000302797038 0.0
-0.00016001724 -0.000318966864 0.0
-0.000151581364 -0.000312717108 0.0
-0.000144328224 -0.000288694806 0.0
-0.00017769284 -0.000322465668 0.0
-0.00016744755 -0.000305806781 0.0
-0.000157580143 -0.000307005539 0.0
-4.47169223e-05 -0.000329343835 0.0
-5.01322429e-05 -0.000347380177 0.0
-3.46762172e-05 -0.000325365458 0.0
-5.99023151e-05 -0.0003500983 0.0
-5.38498061e-05 -0.000331986143 0.0
-4.10444336e-05 -0.000345507637 0.0
-5.59677828e-05 -0.000352796225 0.0
-3.8469203e-05 -0.000324116641 0.0
-6.12672375e-05 -0.00033880453 0.0
-3.32951458e-05 -0.000337455916 0.0
-6.4624408e-05 -0.000349999667 0.0
-2.96608032e-05 -0.000324552617 0.0
-4.36959053e-05 -0.000340886094 0.0
-5.14064486e-05 -0.00033543969 0.0
-4.88662081e-05 -0.000327310932 0.0
-4.58675022e-05 -0.000350591406 0.0
-4.30364053e-05 -0.000324534805 0.0
-5.14568164e-05 -0.000353109877 0.0
-3.34411379e-05 -0.000321959378 0.0
-6.08941809e-05 -0.000354537158 0.0
-2.84211892e-05 -0.000327626534 0.0
-2.87948715e-05 -0.000331890071 0.0
-6.56522025e-05 -0.000346725516 0.0
-6.51539085e-05 -0.000343133259 0.0
-6.02340806e-05 -0.000334459939 0.0
-3.42400235e-05 -0.000343100168 0.0
-4.20072502e-05 -0.000331635558 0.0
-5.29722129e-05 -0.000344277825 0.0
5.2532585e-05 -0.000142848439 0.0
6.08107475e-05 -0.000134666276 0.0
6.20331484e-05 -0.000132755144 0.0
5.18962479e-05 -0.000140681586 0.0
6.11948926e-05 -0.000132823581 0.0
5.29807985e-05 -0.000137908995 0.0
5.15062311e-05 -0.000145072743 0.0
5.98146908e-05 -0.000135652721 0.0
6.28878188e-05 -0.000132523375 0.0
5.09951824e-05 -0.000143123849 0.0
5.92957367e-05 -0.000135198512 0.0
5.33241182e-05 -0.000142152596 0.0
5.8694608e-05 -0.000133937341 0.0
5.00891474e-05 -0.000145887607 0.0
6.18686317e-05 -0.000133913607 0.0
5.80655578e-05 -0.000136556322 0.0
6.33713789e-05 -0.000131269713 0.0
5.09525416e-05 -0.000139120908 0.0
5.41644622e-05 -0.000136247516 0.0
5.0704748e-05 -0.000141488999 0.0
6.3741958e-05 -0.000131413501 0.0
6.39074424e-05 -0.000131065666 0.0
5.02230723e-05 -0.000144747435 0.0
5.05710377e-05 -0.000140246353 0.0
6.2881576e-05 -0.000132821428 0.0
5.45195107e-05 -0.000138841977 0.0
5.53786558e-05 -0.000139022537 0.0
5.66010167e-05 -0.000134838498 0.0
5.00993265e-05 -0.000145390106 0.0
6.12461226e-05 -0.00013237352 0.0
5.44364775e-05 -0.000141755023 0.0
-4.87635916e-05 -6.97173891e-05 0.0
-4.84124721e-05 -7.72960702e-05 0.0
-5.78753097e-05 -7.67197998e-05 0.0
-4.25286089e-05 -6.40460785e-05 0.0
-4.27399355e-05 -7.19016243e-05 0.0
-6.31984949e-05 -8.21596695e-05 0.0
-5.29927238e-05 -7.75288936e-05 0.0
-5.27051998e-05 -7.04839113e-05 0.0
-4.45766309e-05 -6.49604262e-05 0.0
-6.28862981e-05 -8.46120674e-05 0.0
-3.93223891e-05 -6.16213365e-05 0.0
-3.90793793e-05 -6.60488295e-05 0.0
-5.84512454e-05 -8.21850626e-05 0.0
-4.85988894e-05 -7.53279819e-05 0.0
-5.35262843e-05 -7.96614258e-05 0.0
-5.78991167e-05 -7.3793286e-05 0.0
-4.80604431e-05 -6.67768254e-05 0.0
-4.09116146e-05 -6.20898209e-05 0.0
-4.37800918e-05 -7.52869455e-05 0.0
-6.44483735e-05 -8.43117596e-05 0.0
-6.14343808e-05 -7.74872969e-05 0.0
-6.37684134e-05 -8.08413242e-05 0.0
-3.94603594e-05 -6.07848669e-05 0.0
-3.89294364e-05 -6.02622204e-05 0.0
-5.21730217e-05 -7.38981471e-05 0.0
-3.80049751e-05 -6.82454993e-05 0.0
-3.80258498e-05 -6.24947716e-05 0.0
0.000292756973 -8.47415577e-05 0.0
0.000297390798 -8.27408003e-05 0.0
0.000291713804 -8.53095262e-05 0.0
0.000298443192 -8.24889794e-05 0.0
0.000289962249 -8.60651271e-05 0.0
0.000301739085 -8.12393992e-05 0.0
-0.000123857346 -0.000170099433 0.0
-0.000114470873 -0.000155744463 0.0
-0.000113441216 -0.00016243344 0.0
-0.000121417368 -0.000160146054 0.0
-0.000109133347 -0.000152054039 0.0
-0.000130212677 -0.000174085581 0.0
-0.000118748838 -0.000169491119 0.0
-0.00010680483 -0.000156487324 0.0
-0.000128534564 -0.000166764105 0.0
-0.000116013907 -0.000155757967 0.0
-0.000127461128 -0.000175374036 0.0
-0.000106269406 -0.000151566303 0.0
-0.000109856075 -0.000163596138 0.0
-0.00011019635 -0.000152119916 0.0
-0.000133560403 -0.000175780442 0.0
-0.000120294084 -0.000157944756 0.0
-0.000124171056 -0.000160346375 0.0
-0.00012759355 -0.000163378951 0.0
-0.000112445807 -0.000153482586 0.0
-0.000123302525 -0.000173833105 0.0
-0.000130839617 -0.000176392714 0.0
-0.000112493843 -0.000155751128 0.0
-0.000106449006 -0.000159109681 0.0
-0.000113938484 -0.000167866761 0.0
-0.000103413237 -0.000152783716 0.0
-0.000132730711 -0.000171163716 0.0
-0.000133703259 -0.000174141533 0.0
-0.000103839069 -0.000151531 0.0
-0.000120149103 -0.000161298929 0.0
-0.000106098974 -0.000150444917 0.0
5.13464647e-06 -7.69089893e-05 0.0
-2.71157e-06 -7.6162818e-05 0.0
-3.13799433e-06 -7.94817752e-05 0.0
5.86716214e-06 -8.04440569e-05 0.0
-1.01888406e-06 -8.19803827e-05 0.0
5.23042218e-06 -7.43100172e-05 0.0
-8.02045577e-07 -7.32638946e-05 0.0
6.95213475e-06 -7.86396267e-05 0.0
-5.60368289e-06 -7.72251442e-05 0.0
4.64825735e-06 -8.28513366e-05 0.0
4.6162645e-06 -7.26669605e-05 0.0
6.03061699e-06 -7.53737477e-05 0.0
3.59762612e-06 -7.53850327e-05 0.0
3.05905883e-06 -7.18848314e-05 0.0
-3.71726765e-06 -7.43359051e-05 0.0
-3.32365602e-08 -8.35728933e-05 0.0
-2.67519613e-06 -8.12376238e-05 0.0
7.99907775e-06 -8.08529003e-05 0.0
7.89086334e-06 -8.20974819e-05 0.0
6.78205106e-06 -8.28788106e-05 0.0
-5.28718738e-06 -7.88131074e-05 0.0
-3.5725526e-07 -7.97400717e-05 0.0
6.56607108e-06 -7.71867926e-05 0.0
-5.99909572e-06 -7.57700109e-05 0.0
-4.00965246e-06 -8.00580383e-05 0.0
1.67877261e-06 -8.41424117e-05 0.0
3.32792752e-06 -8.4249863e-05 0.0
5.70186148e-06 -7.27930819e-05 0.0
3.74491651e-06 -7.8431658e-05 0.0
1.74954812e-06 -7.17435978e-05 0.0
4.64249115e-06 -7.17317162e-05 0.0
1.32159403e-05 -0.000171466643 0.0
1.13925062e-05 -0.000164274359 0.0
2.71410431e-06 -0.000168777158 0.0
2.12944201e-06 -0.000177018082 0.0
1.90969113e-05 -0.000161334712 0.0
2.19405792e-05 -0.000165529273 0.0
-2.9128696e-06 -0.000173465553 0.0
1.06145271e-05 -0.000177178255 0.0
8.11442987e-06 -0.000164258454 0.0
-4.24055952e-06 -0.000178817354 0.0
2.67109081e-05 -0.000161403063 0.0
2.17235684e-05 -0.00017010569 0.0
2.40488771e-05 -0.000159972711 0.0
1.68197512e-05 -0.00016069776 0.0
1.23662294e-05 -0.000161854041 0.0
1.71746124e-05 -0.000174969711 0.0
3.66491349e-06 -0.000180810952 0.0
-1.31858224e-06 -0.000181743628 0.0
-4.02604292e-06 -0.000181212061 0.0
3.34102515e-06 -0.000166741709 0.0
2.35894248e-07 -0.000168920742 0.0
-1.98455791e-06 -0.000171081789 0.0
2.71396439e-05 -0.000159935676 0.0
2.63290731e-05 -0.000159839285 0.0
-5.48412936e-06 -0.000176325324 0.0
-6.13353996e-06 -0.000178588292 0.0
1.60788077e-05 -0.000166795013 0.0
1.50658698e-05 -0.000164138342 0.0
0.000123824808 -0.000202029216 0.0
0.000121319252 -0.000211478022 0.0
0.000126540355 -0.00020749509 0.0
0.000118195014 -0.000209826074 0.0
0.000121506331 -0.000200358641 0.0
0.0001237283 -0.000214462518 0.0
0.000124735714 -0.000203473799 0.0
0.000128197033 -0.000210736049 0.0
0.000117947595 -0.000207933685 0.0
0.000119018638 -0.000212138068 0.0
0.000122002784 -0.000197248344 0.0
0.000125815161 -0.000214658241 0.0
0.000127421969 -0.000207620076 0.0
0.000122467973 -0.00021472713 0.0
0.000120068617 -0.000202314375 0.0
0.000116597403 -0.000211524806 0.0
0.00011549503 -0.000211093924 0.0
0.000115577175 -0.00021024239 0.0
0.000120768891 -0.000213738618 0.0
0.000122699828 -0.000199724513 0.0
0.000121286444 -0.00019677321 0.0
0.000123647129 -0.000211261868 0.0
0.000128857515 -0.000209489401 0.0
0.000125705541 -0.000205546938 0.0
0.000118086573 -0.000207559991 0.0
0.000128744112 -0.00021266118 0.0
0.000127618681 -0.000213906096 0.0
0.000119123215 -0.000205179662 0.0
0.000121011166 -0.000208299592 0.0
0.00012535257 -0.000216319007 0.0
-5.81708482e-05 -0.000215712222 0.0
-5.39043576e-05 -0.000226749617 0.0
-4.27444829e-05 -0.000206747136 0.0
-4.51172455e-05 -0.000221175345 0.0
-3.77517754e-05 -0.000213651816 0.0
-6.61495214e-05 -0.000222487084 0.0
-6.20735882e-05 -0.000232579332 0.0
-5.11353792e-05 -0.000206317869 0.0
-3.5701094e-05 -0.000203715084 0.0
-5.19858368e-05 -0.000227633689 0.0
-6.37423364e-05 -0.000211468228 0.0
-3.91415924e-05 -0.000200082839 0.0
-6.64228137e-05 -0.000233005616 0.0
-6.01796819e-05 -0.000232878519 0.0
-7.08760563e-05 -0.000228418634 0.0
-3.34384895e-05 -0.000209007252 0.0
-3.91810681e-05 -0.000217666427 0.0
-4.66548809e-05 -0.000224556512 0.0
-5.66085837e-05 -0.000231117563 0.0
-4.25504186e-05 -0.000221374474 0.0
-6.78299912e-05 -0.000217003981 0.0
-5.83488691e-05 -0.00020647666 0.0
-4.51230662e-05 -0.000200883922 0.0
-3.52420175e-05 -0.000200260125 0.0
-7.00903693e-05 -0.000232209088 0.0
-3.23074601e-05 -0.000205693723 0.0
-3.22778542e-05 -0.000203092306 0.0
-4.40703698e-05 -0.000216893764 0.0
-5.75852209e-05 -0.000226783392 0.0
-6.67822242e-05 -0.000235101674 0.0
-5.0528859e-05 -0.000211995444 0.0
0.000108834538 -0.000153046378 0.0
9.87504027e-05 -0.000162312572 0.0
0.000114138158 -0.000159483679 0.0
0.000102369631 -0.000165639387 0.0
9.53747658e-05 -0.000164906669 0.0
0.000102670558 -0.000158276147 0.0
0.000109018467 -0.000164896337 0.0
9.67299275e-05 -0.000167300692 0.0
0.000116452706 -0.000146593884 0.0
0.000121761885 -0.00015361351 0.0
0.00011042344 -0.000149034255 0.0
0.000119170443 -0.000160678042 0.0
9.75061339e-05 -0.000165141886 0.0
0.000101638216 -0.000168641811 0.0
0.000123948936 -0.00014710582 0.0
0.000121776226 -0.000144479069 0.0
9.38092926e-05 -0.000165969323 0.0
9.36437209e-05 -0.000166947822 0.0
9.62560953e-05 -0.000165594247 0.0
9.95383816e-05 -0.000162408571 0.0
0.000105531944 -0.000167825841 0.0
9.84634971e-05 -0.000168727405 0.0
0.000106181615 -0.000153126733 0.0
0.000114480914 -0.000145957049 0.0
0.000122810685 -0.000157158822 0.0
0.000114658731 -0.000163770659 0.0
9.38132871e-05 -0.000166008482 0.0
0.00012734186 -0.00014843246 0.0
0.000103631362 -0.000158851515 0.0
0.000106385552 -0.000161713295 0.0
-5.24986863e-05 -0.000260129309 0.0
0.000175725057 -5.79896441e-05 0.0
-6.21852523e-05 -0.000303267618 0.0
0.000152660461 -5.86597271e-05 0.0
-7.01788522e-05 -0.000233813742 0.0
-9.48422257e-06 -0.000222548508 0.0
-0.000102152502 -0.000301810185 0.0
0.00010912268 -5.72775425e-05 0.0
0.000137073162 -0.000236597363 0.0
0.000135409195 -0.00010809685 0.0
6.57025084e-05 -0.000218007975 0.0
-0.000143990255 -0.000241049129 0.0
0.000211205726 -0.000100634323 0.0
2.33660903e-05 -0.00015169433 0.0
0.000168995874 -0.000149827159 0.0
0.000230617734 -2.0139074e-05 0.0
-1.97080462e-05 -0.000284790876 0.0
6.65335247e-05 -3.65236447e-05 0.0
-6.29527494e-05 -0.000138224743 0.0
-0.000266757095 -0.000307890907 0.0
3.73935436e-05 -0.000155010232 0.0
-3.90695532e-05 -0.00021229533 0.0
-9.11817478e-05 -0.000265284732 0.0
0.000202568932 -8.2079423e-05 0.0
7.85061711e-05 -0.000270236982 0.0
0.00013213529 -8.20999485e-05 0.0
0.000187778642 -2.32195107e-05 0.0
-3.06563161e-05 -0.000315169367 0.0
-0.000210097263 -0.00032740552 0.0
0.000153174551 -3.95426468e-05 0.0
-2.91523029e-05 -0.000140028773 0.0
-4.21099467e-05 -0.00011371055 0.0
-8.28079574e-05 -0.000316583115 0.0
0.000115596558 -8.69055148e-05 0.0
1.61065927e-05 -0.000216564382 0.0
1.74338184e-05 -0.00016287528 0.0
-5.827102e-05 -0.000118903088 0.0
-9.62154445e-05 -0.000316654012 0.0
8.13413499e-06 -0.00026067812 0.0
-8.33433878e-05 -0.000235580359 0.0
4.74611006e-05 -0.000231675032 0.0
-5.25747382e-05 -0.000219101654 0.0
-6.62444945e-05 -0.000287689181 0.0
6.23588858e-05 -4.29430293e-05 0.0
-5.08425146e-05 -0.000235011845 0.0
0.000175124122 -0.000123893624 0.0
6.53753013e-05 -2.46619311e-05 0.0
0.000176755668 -0.000165485806 0.0
6.71573871e-05 -7.99984336e-05 0.0
-0.0001508149 -0.00019990142 0.0
-0.000133868554 -0.000322979613 0.0
-0.000179368712 -0.000262576708 0.0
0.000213855979 -4.47377352e-06 0.0
4.8139329e-05 -0.000191881671 0.0
9.65175132e-05 -0.000127368767 0.0
-2.12077794e-05 -4.9949791e-05 0.0
3.98439224e-05 -0.000154907859 0.0
-0.000101942183 -0.000218335248 0.0
0.000252073311 -2.35786174e-05 0.0
0.000198684036 -0.000124363854 0.0
0.000121091958 -8.90688461e-05 0.0
0.000174423461 -3.14628705e-05 0.0
-1.16337105e-06 -0.000166221653 0.0
3.51555245e-05 -0.000132104935 0.0
0.000158004666 -0.00013035594 0.0
0.000163797959 -5.40851142e-05 0.0
3.39133367e-05 -8.4193729e-05 0.0
4.12877853e-05 -4.61313102e-05 0.0
-2.54367678e-05 -0.000380799174 0.0
0.000144122168 -0.000179988114 0.0
6.1798135e-05 -3.30441908e-05 0.0
-0.000104828927 -0.000253174658 0.0
0.000253813836 -7.86192104e-05 0.0
0.000237333195 -5.63406538e-05 0.0
-0.000126481929 -0.000274502003 0.0
0.0001872024 -8.12088329e-05 0.0
0.000107810993 -0.000101346021 0.0
-5.61919478e-05 -0.000319907238 0.0
-0.000186620571 -0.00030599648 0.0
-0.000126977597 -0.000292024866 0.0
9.08740403e-05 -0.000235621454 0.0
-2.41256803e-05 -0.000247544755 0.0
-0.000119572127 -0.000124519167 0.0
9.3341092e-05 -0.000192673557 0.0
0.000106451807 -1.74377201e-05 0.0
1.99531842e-05 -0.000284583133 0.0
-1.82010372e-05 -0.000198027599 0.0
-0.000281650311 -0.000333877717 0.0
0.000105838379 -0.000282078225 0.0
5.55823535e-05 -0.000293795165 0.0
0.000141759665 -2.46984655e-05 0.0
2.59372664e-05 -0.000218768721 0.0
-1.14434833e-05 -2.61809237e-05 0.0
1.73269818e-05 -0.000238420107 0.0
-8.00097259e-05 -0.000162034223 0.0
3.4687062e-05 -0.00022098198 0.0
-3.46138295e-05 -0.000201282324 0.0
-8.20152563e-05 -0.000275532453 0.0
0.000155346308 -7.67369129e-05 0.0
-2.12912914e-06 -0.000302101223 0.0
1.36522349e-05 -0.000127062711 0.0
9.03251275e-05 -9.86203813e-05 0.0
0.000130259636 -0.000229667407 0.0
1.12208236e-05 -0.000169041348 0.0
-0.00027069819 -0.000282743713 0.0
0.00011543298 -0.000244326016 0.0
3.68522124e-05 -0.000151682805 0.0
0.00012284494 -0.000137756884 0.0
-2.08634119e-05 -0.000322534383 0.0
0.000283501868 -6.03978151e-05 0.0
0.000210578597 -4.57283386e-05 0.0
-0.000194582099 -0.000318872335 0.0
-0.000201926348 -0.000353624171 0.0
-0.000236775712 -0.000352811534 0.0
-0.00022825379 -0.000290787662 0.0
-0.000116624302 -0.000387755455 0.0
-3.66851455e-05 -0.000118796059 0.0
-3.965824e-05 -0.000300593354 0.0
0.000137210533 -0.000233460683 0.0
7.55963702e-05 -0.000245946634 0.0
-0.000171393025 -0.000225200885 0.0
-5.44543545e-05 -0.000115793278 0.0
5.16586169e-06 -0.000170611922 0.0
-6.52524977e-05 -0.00024982277 0.0
0.000238867855 -0.000100498772 0.0
3.90426467e-05 -0.000206518787 0.0
7.45455109e-05 -0.000151035289 0.0
-0.000102607744 -0.000323315675 0.0
-8.96219426e-05 -0.000325042609 0.0
0.000136611634 -0.000234001447 0.0
3.95711177e-05 -0.000154087276 0.0
-4.24870777e-05 -0.000274436868 0.0
-6.28093767e-05 -0.000221472044 0.0
0.000194102584 -0.000140227814 0.0
-4.96618122e-05 -0.00016858599 0.0
-3.54005278e-05 -0.000222734379 0.0
1.03891898e-05 -0.000286324299 0.0
-8.0604972e-05 -0.000134289759 0.0
0.000137400144 -0.000153976391 0.0
-0.000117545933 -0.000328401482 0.0
0.000239734451 -9.40230223e-07 0.0
0.000215619075 -9.74594805e-05 0.0
7.13425034e-05 -0.000253420207 0.0
-3.90567184e-05 -0.000109186971 0.0
0.000195656525 -2.81973444e-05 0.0
3.36809535e-05 -4.90710045e-05 0.0
-3.02993285e-05 -9.75845032e-05 0.0
0.000182185831 -0.000129064181 0.0
0.000251931313 -4.43701647e-05 0.0
0.000138637173 -6.39661084e-05 0.0
0.000278105028 -4.81432035e-05 0.0
0.000171588312 -3.00545817e-05 0.0
0.000164411758 -9.17218786e-05 0.0
0.000188558959 -0.000166376471 0.0
9.55428332e-05 -6.8168647e-06 0.0
4.32271554e-05 -0.000181348194 0.0
-6.80781959e-05 -0.000125596169 0.0
-0.000157996357 -0.000279148924 0.0
2.33350747e-05 -4.77620597e-05 0.0
-3.6682799e-05 -0.000107622647 0.0
-0.000208244193 -0.000385047199 0.0
-9.07504946e-05 -0.000240790701 0.0
-0.000104447718 -0.000250852259 0.0
-5.321356e-05 -0.000223504263 0.0
0.000308234798 -1.09152552e-05 0.0
-2.69573666e-05 -0.000194886918 0.0
-2.27192577e-05 -0.000393372611 0.0
-0.000160658237 -0.000195052911 0.0
-7.38898379e-05 -0.000349629379 0.0
3.10600481e-05 -0.000292973622 0.0
-2.62765047e-06 -0.000111304806 0.0
-0.000105392937 -0.000109289111 0.0
4.4464512e-05 -0.00029500181 0.0
-0.000289645308 -0.000340591097 0.0
-0.000129342749 -0.000274656981 0.0
0.000101270089 -0.000102701939 0.0
-1.65360798e-05 -0.000264981762 0.0
0.000229233789 -6.1486222e-05 0.0
-8.4449428e-05 -0.000301730994 0.0
6.25744651e-05 -3.92654474e-05 0.0
-0.000184941775 -0.000270113262 0.0
-0.000283868198 -0.000362329622 0.0
-3.82700273e-06 -0.000192689011 0.0
-4.81749112e-06 -3.16888036e-05 0.0
-0.000144574078 -0.000335313176 0.0
-1.05560184e-06 -3.11872245e-05 0.0
-0.000279201369 -0.00038349838 0.0
7.34170753e-05 -0.000302987901 0.0
-4.18247473e-05 -0.00036331531 0.0
-0.000183936791 -0.000292972225 0.0
0.000204410753 1.25164007e-07 0.0
-0.00016037513 -0.000330974406 0.0
0.000158839612 -0.000112652786 0.0
-0.000189546176 -0.000227199256 0.0
0.000151357555 -0.000186227917 0.0
-3.82461149e-05 -0.000330664421 0.0
5.56694868e-05 -0.000269295677 0.0
7.1287388e-05 -0.000189575076 0.0
-0.000286466355 -0.000305019144 0.0
-0.000124214333 -0.000186557678 0.0
-8.50310389e-05 -0.00024714641 0.0
0.000143356199 -7.05816274e-05 0.0
0.000263701659 -3.079616e-05 0.0
4.65771991e-05 -0.000148637366 0.0
0.000170219137 -4.17864758e-05 0.0
-8.08245895e-05 -0.000311148033 0.0
-0.000208986807 -0.000288002047 0.0
2.57040319e-05 -0.000161296775 0.0
-0.000122656114 -0.000280851178 0.0
0.000155673595 -1.91705567e-05 0.0
-0.000109312583 -0.000371853908 0.0
0.000191795538 -1.08006961e-05 0.0
-3.96841097e-05 -0.000205799894 0.0
8.71258526e-05 -0.000135434457 0.0
-0.00025791573 -0.000353771116 0.0
0.00010516063 -0.000209590231 0.0
-4.99415e-05 -0.000290965138 0.0
0.000131108332 -4.96606481e-05 0.0
0.000159679665 -4.63868892e-05 0.0
0.000155650312 -6.66246415e-05 0.0
8.63276364e-05 -5.03049087e-05 0.0
-0.000108460968 -0.000127561099 0.0
-0.000114211216 -0.000256210013 0.0
-0.000243496354 -0.000273314537 0.0
-1.13572205e-05 -0.000369895075 0.0
8.95842895e-05 -0.000116273521 0.0
0.000156980037 -0.000111898698 0.0
-4.09313434e-05 -5.09157107e-05 0.0
-6.78059441e-05 -0.000115992807 0.0
4.38510069e-05 -0.000344916247 0.0
-0.000185022014 -0.000333021715 0.0
2.41772818e-06 -0.000309394061 0.0
3.41576706e-05 -0.000251382822 0.0
0.000274875172 -7.7401106e-05 0.0
6.79416989e-05 -0.000157190996 0.0
-0.000144602338 -0.000303320499 0.0
0.000132542802 -7.67988677e-05 0.0
-9.6087766e-05 -0.000337757432 0.0
-2.4387311e-05 -0.000181237832 0.0
-1.05370891e-05 -5.31088772e-05 0.0
-4.68167127e-05 -0.000212673607 0.0
3.85571475e-05 -0.000155233924 0.0
0.000237321656 -7.72616331e-05 0.0
-0.000284442911 -0.000356136996 0.0
9.41988983e-05 -1.51512368e-05 0.0
3.13334422e-05 -0.000161211559 0.0
-0.000197611676 -0.000337482314 0.0
0.000215232081 -2.49035456e-05 0.0
-5.20639187e-05 -0.000310223666 0.0
4.81458519e-05 -2.31558115e-05 0.0
8.78713217e-06 -0.00028962738 0.0
9.09090377e-05 -0.0001112186 0.0
0.00019030305 -6.41485894e-05 0.0
0.000168941537 -9.11787793e-05 0.0
-0.000177074602 -0.000323229353 0.0
-3.81967038e-06 -0.000183705051 0.0
-6.32381925e-05 -0.000324278139 0.0
5.92065699e-05 -0.000255799125 0.0
1.31915658e-05 -2.65099825e-05 0.0
-8.85401023e-05 -0.000209655031 0.0
-6.79896111e-05 -0.000345466513 0.0
-2.53391736e-05 -6.52865274e-05 0.0
0.000227537152 1.20788791e-05 0.0
0.000106994521 -0.000289265503 0.0
0.000100678932 -0.000238329201 0.0
0.000103698396 -0.000179386305 0.0
-0.000107555315 -0.000326880632 0.0
4.73279215e-05 -6.3393607e-05 0.0
-4.44905345e-05 -9.75099247e-05 0.0
3.56287674e-05 -0.000118664677 0.0
-0.000220844158 -0.000357884739 0.0
-0.000103074788 -0.000354471355 0.0
0.000224304691 -0.000114750423 0.0
-4.03670165e-05 -0.000242739377 0.0
-0.000129643391 -0.000138570133 0.0
-7.77128589e-05 -0.000355389842 0.0
-0.000196626104 -0.00035391032 0.0
4.87306761e-06 -0.000188970182 0.0
-0.00010445471 -0.000287393399 0.0
4.56802663e-05 -0.000167995648 0.0
5.04128075e-05 -0.000103627368 0.0
-2.44973671e-05 -7.08966545e-05 0.0
-0.000200379145 -0.000357510813 0.0
0.000269392534 -9.19012018e-05 0.0
2.95700938e-05 -0.000268596283 0.0
-7.21788092e-05 -0.000231042737 0.0
-0.000272915087 -0.000277693442 0.0
2.44488547e-05 -0.000118765136 0.0
3.87893924e-05 -0.000152795925 0.0
3.07240334e-05 -0.000109411631 0.0
0.000132629793 -0.000231540005 0.0
0.000129723077 -0.000242346534 0.0
2.51093134e-05 -9.0444868e-05 0.0
0.000318073173 -9.38059884e-07 0.0
-5.38324566e-05 -5.81009263e-05 0.0
-1.16024432e-06 -0.000211152947 0.0
-1.05558811e-05 -2.79590095e-05 0.0
0.000125086517 -0.000188108257 0.0
4.22269186e-05 -0.000242995811 0.0
-0.000117651602 -0.000332837284 0.0
0.000163842938 -0.000167304053 0.0
0.000280295149 -6.09219132e-05 0.0
-0.00010235767 -0.000382934522 0.0
0.000196605557 -0.000151338609 0.0
-0.000166822138 -0.000322490901 0.0
0.000117947908 -0.000187968093 0.0
4.76389541e-05 -3.99947494e-05 0.0
3.32876698e-05 -0.000155904738 0.0
0.000111914487 -7.44947611e-05 0.0
-1.20578861e-05 -0.000320053223 0.0
4.83631675e-06 -0.00029947405 0.0
-7.42268094e-06 -0.000380930956 0.0
2.50688609e-05 -0.000157974297 0.0
2.68230651e-05 -0.000197927424 0.0
0.000130772547 1.25168356e-07 0.0
3.86908287e-05 -5.83816691e-05 0.0
7.83399373e-05 -0.000150679014 0.0
-0.00012228894 -0.000307435403 0.0
8.2871069e-05 -1.38905971e-05 0.0
1.70366911e-05 -0.000168214858 0.0
-0.000134735892 -0.000215580716 0.0
0.000185946861 -0.00011473176 0.0
4.58813229e-05 -5.04480231e-05 0.0
0.00017588753 -0.000182779608 0.0
-4.31604167e-05 -0.000211782099 0.0
-0.000190229461 -0.000273821643 0.0
-5.86150372e-06 -0.000241522721 0.0
0.000203739895 -0.000129102002 0.0
-7.90593476e-05 -0.000115007104 0.0
-0.000135107228 -0.000380011916 0.0
-9.83262944e-05 -0.000248277211 0.0
-6.37305639e-05 -0.000236645283 0.0
-7.7683304e-05 -0.000305606634 0.0
0.000298851868 -2.46983582e-05 0.0
-0.000179118622 -0.000214122512 0.0
-8.84385809e-05 -0.000170492291 0.0
-2.33186947e-05 -5.41815461e-05 0.0
-0.000189375496 -0.000280322012 0.0
-8.03936855e-05 -0.000131050896 0.0
-6.70016816e-05 -0.000312179181 0.0
-6.79915829e-05 -0.000128162195 0.0
-0.000133369656 -0.000337899866 0.0
0.000291184231 -3.56576638e-05 0.0
-7.42924676e-05 -0.000225683005 0.0
-9.0182657e-05 -0.000370208902 0.0
7.2831368e-05 -0.000236767679 0.0
-0.000186702207 -0.000217891473 0.0
-0.000102409656 -0.000313314784 0.0
3.08572489e-05 -0.000113426759 0.0
-8.40064313e-05 -0.000289873424 0.0
-6.26457331e-05 -0.000124895741 0.0
7.03226251e-05 -0.000107163251 0.0
0.000178588059 -4.55957015e-05 0.0
0.000302510889 -1.8111361e-05 0.0
0.000145194266 -0.000146621082 0.0
-0.000158513722 -0.000331220916 0.0
-2.92891964e-05 -6.82619502e-05 0.0
-7.14625785e-05 -0.000346767833 0.0
-6.34247554e-05 -0.000274446153 0.0
5.84407462e-05 -0.000230346501 0.0
9.51230322e-05 -2.62264166e-06 0.0
0.000101579506 -0.000232068633 0.0
-6.64656836e-05 -0.000343455496 0.0
0.000120187899 -0.000260123896 0.0
-6.35236865e-05 -0.000180896051 0.0
6.66990891e-05 -0.000180279167 0.0
-2.01582698e-05 -4.26534752e-05 0.0
0.000225840835 -6.52981362e-06 0.0
0.000146600651 1.64941673e-06 0.0
0.000133236666 -0.000135642826 0.0
-3.42886742e-05 -0.000259330933 0.0
2.24230444e-05 -6.80712837e-05 0.0
2.24519499e-05 -9.90289118e-05 0.0
0.000172624845 -0.000134356669 0.0
-0.000142693272 -0.000286685943 0.0
8.8735309e-05 -7.56925438e-05 0.0
0.000103359242 -0.000148157735 0.0
-8.00926136e-05 -0.00023545642 0.0
3.03728648e-05 -0.000185957659 0.0
-5.73295893e-06 -0.000146231119 0.0
0.000165427249 -2.4553512e-05 0.0
-0.000192202395 -0.00023878584 0.0
-6.73577088e-05 -0.000297499384 0.0
-2.33600204e-05 -9.89614782e-05 0.0
6.57004712e-05 -2.41433008e-05 0.0
-9.48900488e-05 -0.000146776132 0.0
-3.34587639e-05 -0.000388981483 0.0
-1.08780596e-05 -0.000348691421 0.0
-9.79294855e-05 -0.000106777305 0.0
0.000217811728 -6.11677387e-05 0.0
3.73405855e-05 -4.63406614e-05 0.0
0.000135862225 -0.000235531435 0.0
3.17787317e-06 -0.000315118727 0.0
-2.26546927e-05 -8.46183029e-05 0.0
-8.74778416e-05 -0.000240649097 0.0
-0.000165703794 -0.000291077769 0.0
0.000157346221 -0.000186855206 0.0
-3.50458663e-07 -4.16578805e-05 0.0
0.000187865502 -0.000135548224 0.0
0.000120971483 -2.92873556e-05 0.0
-4.72960455e-05 -0.000224751027 0.0
8.51052682e-05 -0.000305015186 0.0
9.61431288e-05 -0.000109052482 0.0
0.00018268275 -0.000102864149 0.0
0.000212669314 -0.000111055037 0.0
-5.65613773e-05 -0.000213829597 0.0
-3.08586823e-05 -6.31330477e-05 0.0
0.000253797276 -9.17385205e-06 0.0
1.93502747e-05 -0.000297682913 0.0
-6.10049065e-05 -0.000225918586 0.0
0.00027475314 -4.47951497e-05 0.0
-2.72436728e-06 -0.000177081791 0.0
0.000109929751 -0.000113532886 0.0
1.38897312e-05 -0.000150291176 0.0
0.000293264369 -2.96466733e-05 0.0
0.000129746011 -8.68874486e-05 0.0
-0.000197772242 -0.000322850887 0.0
-5.99787381e-06 -0.000312217249 0.0
2.92957029e-05 -0.000282793248 0.0
2.07409521e-05 -0.000201032366 0.0
-1.64951689e-05 -0.000191322295 0.0
-2.67496507e-05 -3.74191877e-05 0.0
4.27576051e-05 -0.000144816047 0.0
8.44976166e-05 -0.000114672242 0.0
8.10900456e-05 -2.97077495e-05 0.0
-0.000159767151 -0.000195490531 0.0
-4.55757945e-05 -0.000141757657 0.0
-2.03855561e-05 -0.000298592233 0.0
-6.69148212e-05 -0.00033149519 0.0
-0.000297182705 -0.000315265439 0.0
-2.89709405e-05 -0.000101812038 0.0
3.36326048e-05 -0.000144863108 0.0
0.000185593337 -1.66712234e-05 0.0
7.98703186e-05 -0.000125972889 0.0
-0.000202838419 -0.000275151542 0.0
0.000149049811 -0.000210992017 0.0
5.92840879e-05 -0.000202472263 0.0
-2.97688566e-05 -0.000196475055 0.0
0.000252207159 -6.91912574e-05 0.0
-0.000164990954 -0.000251052581 0.0
-0.000115208837 -0.00027314233 0.0
3.56889723e-05 -2.55944105e-05 0.0
0.000217877183 1.22334877e-05 0.0
0.000262974965 -4.49943545e-05 0.0
8.02721916e-05 -0.000212299346 0.0
-0.000130993838 -0.000171733496 0.0
2.341662e-05 -0.000273565791 0.0
-0.000222847419 -0.000266191404 0.0
4.3164473e-05 -0.000136038812 0.0
-2.24595915e-05 -0.000230251128 0.0
0.000110284243 -0.000184960387 0.0
-1.63819968e-05 -0.000105539119 0.0
0.000149575164 -0.000110169356 0.0
3.78268596e-05 -0.00024829671 0.0
-9.89770851e-05 -0.000259846798 0.0
0.000130325439 -9.56683871e-05 0.0
0.000112465983 -9.47638691e-05 0.0
-0.000140018426 -0.000180505391 0.0
0.000331974152 -3.06162264e-07 0.0
-0.000137354917 -0.000179295996 0.0
9.11460884e-05 -0.00022429708 0.0
-0.000203864445 -0.000340263825 0.0
-0.000285269343 -0.000386562489 0.0
0.00019048652 -0.000122071666 0.0
8.74453908e-05 -0.000176508518 0.0
0.000200511349 -1.40536267e-05 0.0
-0.000243160321 -0.000317180122 0.0
2.67871146e-05 -0.000111989088 0.0
-0.000122197962 -0.000236114502 0.0
-0.000290441996 -0.000295230624 0.0
-0.000177247639 -0.000214163359 0.0
0.000293487741 -2.28436256e-05 0.0
6.48045461e-05 -0.000284772163 0.0
-8.86669804e-05 -0.000111112786 0.0
0.000122530488 -8.79026557e-05 0.0
2.38375978e-05 -6.19008206e-05 0.0
3.56356904e-05 -0.000349801208 0.0
-1.91216186e-05 -0.000213281179 0.0
5.94215417e-05 -0.000146785285 0.0
0.000243172151 -2.49027489e-05 0.0
0.000274795631 -4.98816153e-05 0.0
-0.000132169793 -0.000168505387 0.0
0.000219376816 -0.000103795355 0.0
-4.912648e-05 -0.00033313685 0.0
0.000230777179 -3.72466784e-05 0.0
7.36851798e-05 -0.000231892351 0.0
8.39312925e-05 -0.000144743652 0.0
-0.000118362041 -0.000144133301 0.0
9.10091112e-05 -0.000243087939 0.0
0.000227789089 -8.44049646e-05 0.0
-0.000143007113 -0.000290096476 0.0
-6.63095591e-07 -0.000302495318 0.0
-4.17311912e-06 -0.000180891264 0.0
-0.00028721572 -0.000364956068 0.0
-1.2235023e-05 -0.00018509572 0.0
3.29132636e-05 -5.41716108e-05 0.0
-0.000117199634 -0.000318294333 0.0
-0.000127133098 -0.000266779592 0.0
0.000196008667 -4.25528124e-05 0.0
-0.000109102584 -0.000189271334 0.0
4.10638058e-05 -0.000109050794 0.0
0.000209349033 -6.17479745e-05 0.0
-5.58356405e-05 -0.000346817716 0.0
0.000100060817 -0.000265503273 0.0
3.61554739e-05 -0.000285038521 0.0
0.000148525811 -0.000165390127 0.0
-0.00026758833 -0.000364165142 0.0
-0.000197034853 -0.000247204211 0.0
-3.40096594e-05 -0.000358651101 0.0
0.000122945552 -0.00027152471 0.0
0.000127649255 -0.000170471554 0.0
-0.00013952321 -0.000262120331 0.0
-8.44956048e-06 -0.000374103984 0.0
4.90342281e-05 -0.000364318636 0.0
-7.64353808e-06 -0.000184409757 0.0
-0.000228520235 -0.000365791493 0.0
0.000147064173 -6.94005575e-05 0.0
4.58417089e-05 -0.000271306606 0.0
-1.32466621e-05 -5.35627296e-05 0.0
-7.93906074e-05 -0.000141811106 0.0
5.65560804e-05 -0.000315636164 0.0
-0.000117554795 -0.000277113781 0.0
0.0001972381 -9.2152135e-05 0.0
9.54578427e-05 -8.49661501e-06 0.0
-0.000204905111 -0.000330843206 0.0
0.000180882329 -0.000154323352 0.0
-0.000130222455 -0.000125897452 0.0
-0.00011153394 -0.000256855419 0.0
0.000284473674 -3.99581222e-05 0.0
-0.000173327135 -0.00031991853 0.0
-0.000207207006 -0.000352821487 0.0
-6.95800773e-05 -0.000263785245 0.0
6.50222428e-05 -0.000164815589 0.0
8.53748861e-05 -0.000252910977 0.0
0.000180669405 -2.71699228e-05 0.0
-1.43279306e-06 -1.65863694e-05 0.0
-4.22504445e-06 -0.000273584534 0.0
2.90491662e-05 -0.000308350864 0.0
0.000249917939 -5.69348849e-05 0.0
-0.000151586442 -0.000313076889 0.0
-0.000130105458 -0.000149211846 0.0
0.000179472496 -3.80683814e-05 0.0
1.12909338e-05 -0.000102764221 0.0
0.000110041037 -0.000172442378 0.0
0.000165077072 -4.47164857e-05 0.0
-4.7077614e-05 -0.000322054286 0.0
2.47966364e-05 -0.000137522788 0.0
-0.000210382976 -0.000344675937 0.0
-2.8186656e-05 -0.000207513251 0.0
-0.000164415964 -0.000321948522 0.0
-3.14508361e-05 -0.000196035471 0.0
0.000116404233 2.62698859e-06 0.0
-1.01313635e-05 -0.000184156466 0.0
-0.000216977642 -0.000371264934 0.0
0.000157833274 -5.60405315e-05 0.0
-8.4269006e-05 -0.000200336333 0.0
-0.000108359694 -0.000261994399 0.0
1.28080046e-05 -0.00016422612 0.0
1.32125369e-05 -3.34277029e-05 0.0
7.14774433e-05 -3.05543872e-05 0.0
