0.000124471102 2.94802612e-05 0.0
0.00012445281 5.03873416e-05 0.0
0.000128617117 4.4613229e-05 0.0
0.000119765667 3.63950639e-05 0.0
0.000140496704 2.76584815e-05 0.0
0.000128263608 2.67366122e-05 0.0
0.00011834086 2.59033332e-05 0.0
0.000129623921 1.69315717e-05 0.0
0.000112391463 2.59033332e-05 0.0
0.000122314203 2.67366122e-05 0.0
0.000134547299 2.76584815e-05 0.0
0.000192391832 2.96402159e-05 0.0
0.000192868276 4.32222914e-05 0.0
0.000192758205 5.66089293e-05 0.0
0.000168098079 4.25245198e-05 0.0
-2.57918896e-06 1.40891279e-05 0.0
-2.46912282e-06 7.02492969e-07 0.0
-2.94556753e-06 -1.28795837e-05 0.0
0.000180060248 2.81577341e-05 0.0
0.000180633302 3.21529187e-05 0.0
0.00018114601 3.68546062e-05 0.0
0.000165101912 3.01833934e-05 0.0
-1.41913952e-05 -5.66519475e-06 0.0
-1.47041019e-05 -1.03668808e-05 0.0
-1.52771536e-05 -1.43620655e-05 0.0
2.86595823e-05 3.24593771e-06 0.0
2.8006003e-05 2.66770367e-05 0.0
3.22642736e-05 1.90208157e-05 0.0
2.43664017e-05 8.56686802e-06 0.0
0.000150755935 3.10709947e-05 0.0
0.000161929667 3.19080827e-05 0.0
0.000171665917 3.25072979e-05 0.0
0.000162087294 5.48237331e-05 0.0
0.000177615322 3.25072979e-05 0.0
0.000167879072 3.19080827e-05 0.0
0.00015670534 3.10709947e-05 0.0
0.00014550722 1.8021743e-05 0.0
0.000144136793 4.26247898e-05 0.0
0.000148611332 3.60230588e-05 0.0
0.000141719545 2.52316404e-05 0.0
0.000168332248 4.35787624e-05 0.0
0.000169326711 5.32174854e-05 0.0
0.000172780783 4.95492022e-05 0.0
0.000164971978 4.83192744e-05 0.0
5.91857097e-05 1.34812744e-05 0.0
5.6820405e-05 2.08297624e-05 0.0
6.18248887e-05 1.6412916e-05 0.0
5.46797346e-05 1.82312015e-05 0.0
4.86971367e-05 1.83481588e-05 0.0
4.15057075e-05 1.74553497e-05 0.0
3.51615163e-05 1.69656814e-05 0.0
4.27526538e-05 2.7466549e-06 0.0
4.62214266e-05 1.29048976e-05 0.0
3.77594333e-05 9.96575363e-06 0.0
2.92121149e-05 1.69656814e-05 0.0
3.55563061e-05 1.74553497e-05 0.0
4.27477353e-05 1.83481588e-05 0.0
9.29762755e-05 1.00632315e-05 0.0
9.34005875e-05 2.52781465e-05 0.0
9.77922828e-05 1.83916782e-05 0.0
8.79258951e-05 1.50033511e-05 0.0
4.74543922e-05 1.93266146e-06 0.0
4.4927554e-05 1.04107266e-05 0.0
4.99273883e-05 5.37394135e-06 0.0
4.14361311e-05 6.01834563e-06 0.0
8.91057061e-05 1.79770104e-05 0.0
9.10192612e-05 2.555022e-05 0.0
9.33036499e-05 2.32429611e-05 0.0
8.56887855e-05 2.0149093e-05 0.0
0.000102416765 1.72872151e-05 0.0
0.000102732367 3.67616158e-05 0.0
0.000103586382 2.23365787e-05 0.0
0.000102061837 3.02993831e-05 0.0
9.437064e-05 1.79558556e-05 0.0
9.58237215e-05 2.39142337e-05 0.0
9.84727812e-05 2.18158129e-05 0.0
9.27502406e-05 1.95427747e-05 0.0
7.01191311e-05 1.77649781e-05 0.0
6.98285294e-05 3.80321617e-05 0.0
7.64837605e-05 3.291553e-05 0.0
6.41108709e-05 2.67447394e-05 0.0
0.000195337401 4.25198014e-05 0.0
0.0 0.0 0.0
-5.94940002e-06 0.0 0.0
0.000189387996 4.25198014e-05 0.0
0.000128423315 3.0186744e-05 0.0
0.000132027257 3.16674741e-05 0.0
0.000135003036 3.35592485e-05 0.0
0.000137150011 3.5672354e-05 0.0
0.000138430783 3.81430473e-05 0.0
0.000138936331 4.08166707e-05 0.0
0.000138485644 4.3608994e-05 0.0
0.000136961535 4.61957425e-05 0.0
0.000134512491 4.83018703e-05 0.0
0.000131503781 4.96763969e-05 0.0
0.00012808913 5.04017444e-05 0.0
0.000120809513 4.95537497e-05 0.0
0.000117429452 4.81189854e-05 0.0
0.000114609102 4.62323478e-05 0.0
0.000112543865 4.41607117e-05 0.0
0.000111396163 4.19069656e-05 0.0
0.000111104149 3.95914212e-05 0.0
0.000111425259 3.73222611e-05 0.0
0.000112232672 3.52405004e-05 0.0
0.000113614566 3.3306118e-05 0.0
0.000116446558 3.11853873e-05 0.0
0.000120341865 2.97880961e-05 0.0
0.00012427973 4.03840604e-05 0.0
0.00013738795 2.74718514e-05 0.0
0.000133369263 2.7199394e-05 0.0
0.000123397374 2.62786489e-05 0.0
0.000120139324 2.6032114e-05 0.0
0.000117952994 2.492764e-05 0.0
0.00011785041 2.34440195e-05 0.0
0.000118334276 2.16082299e-05 0.0
0.000119606593 1.98084545e-05 0.0
0.000121502235 1.8309247e-05 0.0
0.000123909325 1.7279157e-05 0.0
0.000126655708 1.68576134e-05 0.0
0.000132431538 1.74433226e-05 0.0
0.000134834816 1.82097265e-05 0.0
0.000136899675 1.92805146e-05 0.0
0.000138527874 2.06906298e-05 0.0
0.000139805197 2.23454826e-05 0.0
0.000140625416 2.40375157e-05 0.0
0.000140822434 2.58119289e-05 0.0
0.000114189919 2.6032114e-05 0.0
0.000117447969 2.62786489e-05 0.0
0.000127419858 2.7199394e-05 0.0
0.000131438544 2.74718514e-05 0.0
0.000133114605 2.9745519e-05 0.0
0.000130535176 3.14583413e-05 0.0
0.000127358639 3.24719294e-05 0.0
0.000123980426 3.2656877e-05 0.0
0.000120511773 3.19471583e-05 0.0
0.000117147785 3.03817287e-05 0.0
0.000114168492 2.80344429e-05 0.0
0.000112934831 2.65997896e-05 0.0
0.000192622174 3.32353629e-05 0.0
0.000192818436 3.76751523e-05 0.0
0.000192776628 4.87981524e-05 0.0
0.000192742082 5.3196618e-05 0.0
0.000188069127 5.69802651e-05 0.0
0.000183447773 5.64893671e-05 0.0
0.00017922034 5.53192731e-05 0.0
0.000175608409 5.35871295e-05 0.0
0.000172664935 5.12520819e-05 0.0
0.000170335828 4.84819975e-05 0.0
0.000168741171 4.55083864e-05 0.0
0.000168269326 3.95606439e-05 0.0
0.000169477804 3.65153319e-05 0.0
0.000171876571 3.34569631e-05 0.0
0.000175245179 3.07945083e-05 0.0
0.000179082737 2.90369062e-05 0.0
0.000183230426 2.82975434e-05 0.0
0.000187731814 2.84872003e-05 0.0
-2.59531635e-06 1.06768175e-05 0.0
-2.56076783e-06 6.27835288e-06 0.0
-2.51897063e-06 -4.84464726e-06 0.0
-2.71522686e-06 -9.28443842e-06 0.0
1.48253127e-06 -1.08348113e-05 0.0
5.23978997e-06 -8.1361859e-06 0.0
8.01389979e-06 -5.15031161e-06 0.0
9.69678604e-06 -2.17922548e-06 0.0
1.02792528e-05 1.02290153e-06 0.0
9.98930227e-06 4.20804463e-06 0.0
8.293875e-06 7.57049611e-06 0.0
5.38339236e-06 1.05422778e-05 0.0
1.6436378e-06 1.27581634e-05 0.0
0.000180287869 2.98177692e-05 0.0
0.000180966643 3.47718051e-05 0.0
0.000179272349 3.76133139e-05 0.0
0.000177090114 3.78908371e-05 0.0
0.000174576096 3.76913631e-05 0.0
0.000171767315 3.69395566e-05 0.0
0.000168831102 3.54677395e-05 0.0
0.00016644632 3.34975593e-05 0.0
0.000165185586 3.18923521e-05 0.0
0.00016486735 3.09610332e-05 0.0
0.000165645775 2.92895438e-05 0.0
0.00016656876 2.841895e-05 0.0
0.000167889884 2.7705817e-05 0.0
0.000169454914 2.71665249e-05 0.0
0.000171183434 2.69021402e-05 0.0
0.000173188571 2.67933119e-05 0.0
0.000175420646 2.68799431e-05 0.0
0.0001778195 2.72914276e-05 0.0
-1.43707539e-05 -7.74799537e-06 0.0
-1.50495343e-05 -1.27020303e-05 0.0
-1.33559224e-05 -1.30703911e-05 0.0
-1.19893666e-05 -1.15558578e-05 0.0
-1.13309598e-05 -1.00043762e-05 0.0
-1.1538501e-05 -8.38685264e-06 0.0
-1.25590486e-05 -6.89270428e-06 0.0
3.2346441e-05 4.10989514e-06 0.0
3.53722789e-05 5.21236598e-06 0.0
3.8007609e-05 6.45255886e-06 0.0
4.04078637e-05 8.4311896e-06 0.0
4.22598932e-05 1.10142946e-05 0.0
4.32992238e-05 1.39631456e-05 0.0
4.35519505e-05 1.72261934e-05 0.0
4.23946767e-05 2.03671225e-05 0.0
3.97998228e-05 2.32346829e-05 0.0
3.62435494e-05 2.53707258e-05 0.0
3.22049273e-05 2.65450453e-05 0.0
2.38278299e-05 2.59828084e-05 0.0
1.99623846e-05 2.44626608e-05 0.0
1.66902591e-05 2.22916842e-05 0.0
1.42535564e-05 1.95675602e-05 0.0
1.27894755e-05 1.64261091e-05 0.0
1.2331212e-05 1.30584131e-05 0.0
1.29650834e-05 9.76397223e-06 0.0
1.47175442e-05 6.89513308e-06 0.0
1.73538465e-05 4.7612898e-06 0.0
2.07226713e-05 3.4032762e-06 0.0
2.46409891e-05 2.84122143e-06 0.0
2.82331766e-05 1.36133513e-05 0.0
0.000155701258 3.14290337e-05 0.0
0.000167671154 3.23182576e-05 0.0
0.000174304922 3.47190726e-05 0.0
0.000176307833 3.75134405e-05 0.0
0.000177575232 4.07887273e-05 0.0
0.00017780214 4.43231729e-05 0.0
0.000176843154 4.77377725e-05 0.0
0.000174855188 5.06005854e-05 0.0
0.000172159998 5.26902186e-05 0.0
0.000169092265 5.40846231e-05 0.0
0.000165798017 5.47596283e-05 0.0
0.000157942515 5.41577501e-05 0.0
0.000153779212 5.26851363e-05 0.0
0.000150167092 5.05586249e-05 0.0
0.000147449929 4.80781346e-05 0.0
0.00014577416 4.52926288e-05 0.0
0.000144889695 4.23535203e-05 0.0
0.000144794161 3.93020346e-05 0.0
0.00014545623 3.62746323e-05 0.0
0.00014739891 3.346222e-05 0.0
0.00017362056 3.23182576e-05 0.0
0.000161650649 3.14290337e-05 0.0
0.000160304087 2.96236813e-05 0.0
0.000164139026 2.89995842e-05 0.0
0.000167979262 2.91323504e-05 0.0
0.000171585867 2.99368548e-05 0.0
0.00017481338 3.10982832e-05 0.0
0.000149650295 1.88851736e-05 0.0
0.000153679357 2.07426037e-05 0.0
0.000157299524 2.31831164e-05 0.0
0.00015961763 2.57111187e-05 0.0
0.000160871874 2.77667441e-05 0.0
0.000161289223 2.97077513e-05 0.0
0.000161226752 3.19770625e-05 0.0
0.000160572949 3.45658591e-05 0.0
0.000158756782 3.72666073e-05 0.0
0.000155810019 3.98624106e-05 0.0
0.0001521214 4.16973344e-05 0.0
0.000148184015 4.25275211e-05 0.0
0.000140342192 4.19905155e-05 0.0
0.000137102747 4.08731867e-05 0.0
0.000134315778 3.95035604e-05 0.0
0.000131904249 3.74613774e-05 0.0
0.000130009968 3.49014445e-05 0.0
0.000128745814 3.19547216e-05 0.0
0.000128488173 2.87519524e-05 0.0
0.000129404682 2.56708481e-05 0.0
0.00013138137 2.28946265e-05 0.0
0.000134194241 2.06059995e-05 0.0
0.000137592535 1.89841412e-05 0.0
0.000141430472 1.80879651e-05 0.0
0.000145366212 3.09027091e-05 0.0
0.000170744039 4.39573632e-05 0.0
0.000173110529 4.47825623e-05 0.0
0.000175036534 4.59682888e-05 0.0
0.00017625904 4.73506771e-05 0.0
0.000176742382 4.87919679e-05 0.0
0.000176523768 5.01931645e-05 0.0
0.000175716239 5.14177627e-05 0.0
0.000174459419 5.23506969e-05 0.0
0.000172871005 5.2952284e-05 0.0
0.000171203763 5.31063342e-05 0.0
0.000167265767 5.32116173e-05 0.0
0.000165104357 5.28596065e-05 0.0
0.000163154662 5.20754184e-05 0.0
0.000161567543 5.0966024e-05 0.0
0.000160556636 4.93670304e-05 0.0
0.000160366151 4.74887747e-05 0.0
0.000161108677 4.56729213e-05 0.0
0.000162572265 4.43503995e-05 0.0
0.000164235491 4.37099807e-05 0.0
0.000166079946 4.3532269e-05 0.0
0.000168958039 4.89445047e-05 0.0
6.13268057e-05 1.38722944e-05 0.0
6.30142094e-05 1.40215161e-05 0.0
6.450004e-05 1.4326356e-05 0.0
6.61202503e-05 1.53169203e-05 0.0
6.74531548e-05 1.70948242e-05 0.0
6.77791104e-05 1.87706009e-05 0.0
6.69816436e-05 1.98538091e-05 0.0
6.5489905e-05 2.06914101e-05 0.0
6.36393233e-05 2.11327388e-05 0.0
6.15496174e-05 2.1338943e-05 0.0
5.91880744e-05 2.1309459e-05 0.0
5.47893433e-05 2.02745578e-05 0.0
5.34301143e-05 1.98020771e-05 0.0
5.25362593e-05 1.93676206e-05 0.0
5.16442778e-05 1.86176549e-05 0.0
5.09541787e-05 1.76602589e-05 0.0
5.06204779e-05 1.6613154e-05 0.0
5.09308811e-05 1.55369999e-05 0.0
5.17991866e-05 1.45527865e-05 0.0
5.31994447e-05 1.38334581e-05 0.0
5.49810065e-05 1.33466101e-05 0.0
5.70581433e-05 1.32345949e-05 0.0
5.8133679e-05 1.74150191e-05 0.0
4.55393092e-05 1.79586095e-05 0.0
3.77543874e-05 1.70796266e-05 0.0
3.32810196e-05 1.61033677e-05 0.0
3.15334073e-05 1.48264853e-05 0.0
3.02932986e-05 1.30671287e-05 0.0
2.96562885e-05 1.08988779e-05 0.0
3.00043685e-05 8.52543599e-06 0.0
3.17472477e-05 6.02625505e-06 0.0
3.42933854e-05 4.12959707e-06 0.0
3.7178932e-05 3.05953154e-06 0.0
4.00484059e-05 2.65968583e-06 0.0
4.51751002e-05 3.05096069e-06 0.0
4.74791195e-05 3.67955863e-06 0.0
4.97498258e-05 4.93557718e-06 0.0
5.17345761e-05 6.74187368e-06 0.0
5.32820268e-05 9.05453362e-06 0.0
5.38937347e-05 1.14490749e-05 0.0
5.36551306e-05 1.36408762e-05 0.0
5.26294607e-05 1.55905582e-05 0.0
5.09303682e-05 1.71951524e-05 0.0
3.18049861e-05 1.70796266e-05 0.0
3.95899115e-05 1.79586095e-05 0.0
4.00140743e-05 1.90179344e-05 0.0
3.70497946e-05 1.89099774e-05 0.0
3.40968618e-05 1.83550692e-05 0.0
3.14358804e-05 1.75145979e-05 0.0
9.52814225e-05 1.07164524e-05 0.0
9.72915004e-05 1.13560982e-05 0.0
9.92097121e-05 1.22752826e-05 0.0
0.000100995829 1.36312592e-05 0.0
0.00010233542 1.5264055e-05 0.0
0.000102995589 1.71353531e-05 0.0
0.000102922226 1.91969903e-05 0.0
0.000102046528 2.12244249e-05 0.0
0.000100524427 2.29497255e-05 0.0
9.85808583e-05 2.4191635e-05 0.0
9.61881306e-05 2.49332479e-05 0.0
9.04629851e-05 2.50256144e-05 0.0
8.76789927e-05 2.41517191e-05 0.0
8.51936129e-05 2.26809589e-05 0.0
8.32320802e-05 2.063787e-05 0.0
8.19413472e-05 1.82752647e-05 0.0
8.15002786e-05 1.59241044e-05 0.0
8.19922207e-05 1.38563701e-05 0.0
8.32908045e-05 1.22011361e-05 0.0
8.52287194e-05 1.08931672e-05 0.0
8.77199927e-05 1.00285097e-05 0.0
9.03354739e-05 9.71001373e-06 0.0
9.29927846e-05 1.67372054e-05 0.0
4.95857712e-05 2.58024943e-06 0.0
5.09111778e-05 3.01806858e-06 0.0
5.17998087e-05 3.37116603e-06 0.0
5.2651445e-05 4.08073493e-06 0.0
5.33211969e-05 5.06749575e-06 0.0
5.36459738e-05 6.20506535e-06 0.0
5.34774153e-05 7.40586256e-06 0.0
5.26329022e-05 8.49227945e-06 0.0
5.11641701e-05 9.48370689e-06 0.0
4.92565887e-05 1.01749374e-05 0.0
4.7153444e-05 1.04624987e-05 0.0
4.28761741e-05 1.02042359e-05 0.0
4.09610366e-05 9.63453567e-06 0.0
3.90528294e-05 8.555975e-06 0.0
3.74605625e-05 7.39980851e-06 0.0
3.65697124e-05 6.3014395e-06 0.0
3.6397978e-05 5.18496836e-06 0.0
3.69400768e-05 3.98937937e-06 0.0
3.81339487e-05 2.77540425e-06 0.0
3.99792152e-05 1.85668989e-06 0.0
4.23514248e-05 1.36946505e-06 0.0
4.49617291e-05 1.46670573e-06 0.0
4.59441944e-05 5.73191119e-06 0.0
9.14966731e-05 1.84666205e-05 0.0
9.36394354e-05 1.93526757e-05 0.0
9.53837953e-05 2.04198441e-05 0.0
9.64820574e-05 2.14257943e-05 0.0
9.68750683e-05 2.24125979e-05 0.0
9.67049709e-05 2.33589981e-05 0.0
9.59929239e-05 2.41770122e-05 0.0
9.49969326e-05 2.47266089e-05 0.0
9.39298843e-05 2.50207868e-05 0.0
9.28022637e-05 2.50211378e-05 0.0
8.84575857e-05 2.59167464e-05 0.0
8.58321509e-05 2.55620653e-05 0.0
8.33725135e-05 2.46284835e-05 0.0
8.13070583e-05 2.28718909e-05 0.0
8.00846901e-05 2.08108504e-05 0.0
8.03258736e-05 1.93799224e-05 0.0
8.1437749e-05 1.86287234e-05 0.0
8.28039047e-05 1.82505337e-05 0.0
8.45107279e-05 1.81466185e-05 0.0
8.6671942e-05 1.79804301e-05 0.0
8.98368235e-05 2.1863143e-05 0.0
0.000106624379 1.83599805e-05 0.0
0.000110684756 2.03749714e-05 0.0
0.000113299691 2.27693581e-05 0.0
0.000114325958 2.39262299e-05 0.0
0.000114969276 2.53790004e-05 0.0
0.000115359275 2.7235008e-05 0.0
0.000115277318 2.90951048e-05 0.0
0.000114684866 3.07945593e-05 0.0
0.000113563867 3.26223089e-05 0.0
0.000110683162 3.48355861e-05 0.0
0.000106836436 3.62779501e-05 0.0
9.87112144e-05 3.61735292e-05 0.0
9.47676454e-05 3.44237633e-05 0.0
9.11874085e-05 3.16285004e-05 0.0
8.86875787e-05 2.81668181e-05 0.0
8.85076879e-05 2.63094098e-05 0.0
8.88289433e-05 2.4709645e-05 0.0
8.96347774e-05 2.27987202e-05 0.0
9.10034214e-05 2.09665122e-05 0.0
9.29203234e-05 1.92852094e-05 0.0
9.54181596e-05 1.79782346e-05 0.0
9.85900042e-05 1.73319331e-05 0.0
0.000102836828 2.59259596e-05 0.0
9.6359312e-05 1.74904089e-05 0.0
9.83050413e-05 1.75344867e-05 0.0
0.000100112164 1.79592116e-05 0.0
0.000101587029 1.86854049e-05 0.0
0.000102628634 1.97635509e-05 0.0
0.000103128856 2.11011156e-05 0.0
0.000103014296 2.25230851e-05 0.0
0.000102130187 2.37431577e-05 0.0
0.000100767364 2.44463572e-05 0.0
9.91380221e-05 2.46533073e-05 0.0
9.74625e-05 2.44663152e-05 0.0
9.4318093e-05 2.30978276e-05 0.0
9.30867463e-05 2.25408348e-05 0.0
9.20494203e-05 2.22654544e-05 0.0
9.11109382e-05 2.16379449e-05 0.0
9.04248154e-05 2.07404428e-05 0.0
9.00948653e-05 1.97977861e-05 0.0
9.02145111e-05 1.9031173e-05 0.0
9.07181311e-05 1.84940727e-05 0.0
9.14537886e-05 1.82637086e-05 0.0
9.21578394e-05 1.8270468e-05 0.0
9.2958071e-05 1.84143719e-05 0.0
9.5278614e-05 2.06078093e-05 0.0
7.39975949e-05 1.84628698e-05 0.0
7.78739632e-05 2.01290986e-05 0.0
8.14366795e-05 2.27150504e-05 0.0
8.44025999e-05 2.62632348e-05 0.0
8.505796e-05 2.85927745e-05 0.0
8.47840129e-05 3.01861364e-05 0.0
8.41425644e-05 3.1966767e-05 0.0
8.31149446e-05 3.37036872e-05 0.0
8.16310567e-05 3.51892559e-05 0.0
7.9582147e-05 3.63486906e-05 0.0
7.69155231e-05 3.72839349e-05 0.0
7.3494768e-05 3.78660952e-05 0.0
6.63407845e-05 3.75308155e-05 0.0
6.36156255e-05 3.69962254e-05 0.0
6.12100339e-05 3.5977926e-05 0.0
5.91183052e-05 3.44629407e-05 0.0
5.73314064e-05 3.26187437e-05 0.0
5.61265224e-05 3.0444422e-05 0.0
5.56150626e-05 2.80574332e-05 0.0
5.57384337e-05 2.55252307e-05 0.0
5.71062701e-05 2.28386125e-05 0.0
5.96484242e-05 2.04603912e-05 0.0
6.28021371e-05 1.88296326e-05 0.0
6.63337269e-05 1.79132967e-05 0.0
7.04964914e-05 3.00170577e-05 0.0
0.000187972124 3.96790529e-05 0.0
0.000182285992 3.66340391e-05 0.0
0.000110164277 2.33763094e-05 0.0
0.00010559061 2.12249288e-05 0.0
0.000100753903 2.1175958e-05 0.0
9.63835046e-05 2.19289468e-05 0.0
9.29940506e-05 2.20582879e-05 0.0
8.94086552e-05 2.186235e-05 0.0
8.45338582e-05 2.14354659e-05 0.0
7.73345018e-05 2.14703014e-05 0.0
6.73643153e-05 2.1023101e-05 0.0
5.67035568e-05 1.96746314e-05 0.0
3.26108675e-05 1.23897416e-05 0.0
2.6779524e-05 1.03132006e-05 0.0
1.85764511e-05 7.11689881e-06 0.0
9.06624791e-06 3.68053315e-06 0.0
-2.57876127e-06 6.21835261e-06 0.0
-7.04934473e-06 -4.59846615e-06 0.0
-1.02918302e-05 -2.83919121e-06 0.0
-1.55775542e-05 -6.28949874e-06 0.0
-1.48821618e-05 2.64342361e-06 0.0
-1.31945408e-05 8.24352537e-06 0.0
-1.20887216e-05 9.86759278e-06 0.0
-1.14360582e-05 9.1179636e-06 0.0
-1.07523092e-05 7.31421505e-06 0.0
-8.60860837e-06 6.50430911e-06 0.0
-6.23638425e-06 8.59797456e-06 0.0
-3.74524438e-06 1.30830449e-05 0.0
-1.08206154e-06 1.68716797e-05 0.0
1.48589481e-06 1.73843819e-05 0.0
3.25207611e-06 1.3963524e-05 0.0
2.45669639e-06 9.70813835e-06 0.0
5.31703847e-07 4.16173089e-06 0.0
-1.6578706e-06 -2.63748859e-07 0.0
-3.56196028e-06 -2.22767244e-06 0.0
3.11684835e-06 3.68053315e-06 0.0
1.26270506e-05 7.11689881e-06 0.0
2.08301244e-05 1.03132006e-05 0.0
2.66614661e-05 1.23897416e-05 0.0
5.07541554e-05 1.96746314e-05 0.0
6.14149176e-05 2.1023101e-05 0.0
7.13851041e-05 2.14703014e-05 0.0
7.85844604e-05 2.14354659e-05 0.0
8.34592574e-05 2.186235e-05 0.0
8.70446529e-05 2.20582879e-05 0.0
9.04341068e-05 2.19289468e-05 0.0
9.48044981e-05 2.1175958e-05 0.0
9.96412127e-05 2.12249288e-05 0.0
0.00010421488 2.33763094e-05 0.0
0.000176336602 3.66340391e-05 0.0
0.000182022719 3.96790529e-05 0.0
0.000191775442 4.02921287e-05 0.0
0.000193679531 4.22560515e-05 0.0
0.000195869099 4.66815291e-05 0.0
0.000197794099 5.2227937e-05 0.0
0.000198589478 5.64833244e-05 0.0
0.000196823297 5.99041814e-05 0.0
0.000194255335 5.9391481e-05 0.0
0.00019159216 5.56028463e-05 0.0
0.000189101018 5.1117775e-05 0.0
0.000186728794 4.90241073e-05 0.0
0.000184585093 4.9834016e-05 0.0
0.000183901342 5.16377622e-05 0.0
0.000183248674 5.23873932e-05 0.0
0.00018214286 5.07633267e-05 0.0
0.000180455245 4.51632222e-05 0.0
0.000179759852 3.62302999e-05 0.0
0.000185045574 3.96806099e-05 0.0
0.000188288061 3.79213343e-05 0.0
0.000192758642 4.87381512e-05 0.0
0.000130296306 3.7479087e-05 0.0
0.000118656601 4.2947453e-05 0.0
0.000116141004 3.95394964e-05 0.0
0.000132757734 4.11172514e-05 0.0
0.000126029103 3.46156521e-05 0.0
0.000122786761 4.58692775e-05 0.0
0.000131177017 3.46042179e-05 0.0
0.000118046286 4.55195477e-05 0.0
0.000114892035 4.2397729e-05 0.0
0.000134435279 3.78075201e-05 0.0
0.000134679387 4.38332281e-05 0.0
0.000114190698 3.71433089e-05 0.0
0.000125812192 4.81210991e-05 0.0
0.000122845333 3.23987297e-05 0.0
0.000136162082 3.99311175e-05 0.0
0.000115369192 4.44149664e-05 0.0
0.000133636029 3.58116667e-05 0.0
0.000120375851 4.74665212e-05 0.0
0.000113301619 4.04250823e-05 0.0
0.000128774802 3.26123227e-05 0.0
0.000116780204 3.38209611e-05 0.0
0.000131430177 4.73869768e-05 0.0
0.000133214853 4.60635383e-05 0.0
0.000115208764 3.51957715e-05 0.0
0.00011315733 3.87481196e-05 0.0
0.000136220755 4.18814343e-05 0.0
0.000119248543 3.28445421e-05 0.0
0.000129088905 4.80343151e-05 0.0
0.000122874859 4.82938231e-05 0.0
0.000126092767 3.18765669e-05 0.0
0.000128693238 4.03067388e-05 0.0
0.000119977332 4.03915219e-05 0.0
0.000125795108 3.76145072e-05 0.0
0.000122876037 4.30790933e-05 0.0
0.000126260784 2.23035076e-05 0.0
0.000133146939 2.2809334e-05 0.0
0.000130703789 2.0081543e-05 0.0
0.000121333418 2.40229438e-05 0.0
0.000136684859 2.46435866e-05 0.0
0.000121747857 2.16294138e-05 0.0
0.000124562881 2.01118964e-05 0.0
0.000133991838 2.01738876e-05 0.0
0.000129487438 2.41000089e-05 0.0
0.000136205577 2.18534387e-05 0.0
0.000124710306 2.43559116e-05 0.0
0.000133408204 2.47747557e-05 0.0
0.000127840045 1.88148297e-05 0.0
0.000129963388 2.19401991e-05 0.0
0.000130629574 1.85142781e-05 0.0
0.000119728771 2.50954872e-05 0.0
0.000121832963 2.51858255e-05 0.0
0.000138066709 2.34264826e-05 0.0
0.000127857682 2.06439672e-05 0.0
0.000122006371 2.0035046e-05 0.0
0.000120004275 2.28600384e-05 0.0
0.000138429386 2.59689023e-05 0.0
0.000136366827 2.0561678e-05 0.0
0.00013557318 2.59574754e-05 0.0
0.000132655507 1.8872719e-05 0.0
0.000123270613 2.29487268e-05 0.0
0.000132706758 2.13622752e-05 0.0
0.000119343815 2.41243761e-05 0.0
0.000138947536 2.47618245e-05 0.0
0.000135684415 2.32300281e-05 0.0
0.000125330596 1.85005993e-05 0.0
0.000131107881 2.56652911e-05 0.0
0.000119461663 2.87087605e-05 0.0
0.000124972546 2.96703056e-05 0.0
0.00013000991 2.91301258e-05 0.0
0.000114965856 2.69973843e-05 0.0
0.000116645067 2.80259337e-05 0.0
0.000127950902 2.9988214e-05 0.0
0.000122234211 2.98024406e-05 0.0
0.000181415075 4.68152175e-05 0.0
0.000181980387 3.91616668e-05 0.0
0.000174506102 4.18934615e-05 0.0
0.000185561512 3.41726955e-05 0.0
0.000185786266 5.20533904e-05 0.0
0.000179542039 5.09458441e-05 0.0
0.000173894223 4.58574686e-05 0.0
0.000178893068 3.30460862e-05 0.0
0.000174623536 3.76155149e-05 0.0
0.000187005047 3.90794012e-05 0.0
0.000182791118 4.26321603e-05 0.0
0.000186785386 4.83091171e-05 0.0
0.000175347013 4.93857224e-05 0.0
0.000188849488 3.19221872e-05 0.0
0.000178084243 4.43004683e-05 0.0
0.000171781066 3.94254457e-05 0.0
0.000182462332 3.17368176e-05 0.0
0.000171480948 4.3473101e-05 0.0
0.000182355667 5.34620158e-05 0.0
0.000175819878 3.43302636e-05 0.0
0.000189524915 3.53120085e-05 0.0
0.000188938429 5.40964938e-05 0.0
0.000189581711 5.08269404e-05 0.0
0.000178376853 4.0386145e-05 0.0
0.000183170123 4.97422116e-05 0.0
0.000187470607 4.47101047e-05 0.0
0.000182318428 3.60000595e-05 0.0
0.000185688419 5.46101473e-05 0.0
0.000170786763 4.13925554e-05 0.0
0.000177634502 4.74672706e-05 0.0
0.000185465542 3.07329319e-05 0.0
0.00017855491 3.66722306e-05 0.0
3.24729081e-06 3.88768649e-06 0.0
4.44798752e-06 -1.34788522e-07 0.0
2.75856837e-06 -5.00554552e-06 0.0
1.18328478e-06 9.43298255e-06 0.0
6.7050596e-06 2.2112572e-06 0.0
8.49550304e-07 -7.59633713e-06 0.0
5.47244872e-06 -3.00358329e-06 0.0
1.27511044e-06 -2.44787384e-06 0.0
4.20759216e-06 6.96437746e-06 0.0
0.000173518682 3.02951157e-05 0.0
0.00017509381 3.30192452e-05 0.0
0.000169248626 3.12595985e-05 0.0
0.000168934857 2.95706195e-05 0.0
0.000175603593 2.86206669e-05 0.0
0.000171609674 3.40577935e-05 0.0
0.000171549167 2.84086309e-05 0.0
0.000177136099 3.48165813e-05 0.0
0.000175381225 3.58726538e-05 0.0
0.000176294459 3.17241938e-05 0.0
0.000172653716 3.14211611e-05 0.0
0.000168515398 3.25394976e-05 0.0
0.000167027014 3.06595284e-05 0.0
0.000176747009 2.99605344e-05 0.0
0.000169168037 2.83645859e-05 0.0
0.000173336113 2.76804603e-05 0.0
0.000178347822 3.34060423e-05 0.0
0.000171780674 3.25838046e-05 0.0
0.000177812166 2.8529661e-05 0.0
0.000170500905 3.04206787e-05 0.0
0.000171027437 2.93337325e-05 0.0
0.000166993108 2.98029026e-05 0.0
0.000173019798 3.56164128e-05 0.0
0.000169260136 3.39977123e-05 0.0
0.000166776998 3.14166609e-05 0.0
0.000177571652 3.64680054e-05 0.0
0.00017613206 2.77832296e-05 0.0
0.00016743943 2.90814151e-05 0.0
0.000173576773 2.89718191e-05 0.0
0.00017092601 3.51649505e-05 0.0
0.000170845 2.76190749e-05 0.0
0.000179247727 3.61781749e-05 0.0
0.000168605053 3.03718989e-05 0.0
0.000174019879 3.42830717e-05 0.0
-1.29763703e-05 -8.88925842e-06 0.0
-1.33158737e-05 -1.13743981e-05 0.0
-1.28984157e-05 -7.95681262e-06 0.0
-1.34635311e-05 -1.22022229e-05 0.0
3.58080433e-05 1.29157179e-05 0.0
2.34098534e-05 1.83990942e-05 0.0
1.88013e-05 1.46242155e-05 0.0
3.40075821e-05 8.52617541e-06 0.0
2.94026777e-05 6.21356048e-06 0.0
1.85346835e-05 1.01402229e-05 0.0
3.789525e-05 1.69829218e-05 0.0
2.6949152e-05 2.23815787e-05 0.0
3.82477847e-05 1.05875788e-05 0.0
1.8768189e-05 1.90506362e-05 0.0
2.96193684e-05 9.7200973e-06 0.0
3.26564696e-05 2.27533328e-05 0.0
2.41175821e-05 5.6305521e-06 0.0
2.31144695e-05 2.29542457e-05 0.0
3.83535262e-05 2.00873947e-05 0.0
4.04456405e-05 1.51039021e-05 0.0
3.32387244e-05 6.05226705e-06 0.0
1.56562601e-05 1.21854928e-05 0.0
1.84485543e-05 7.39242978e-06 0.0
3.72396717e-05 8.11494556e-06 0.0
1.59845749e-05 1.68476072e-05 0.0
2.28554127e-05 1.22381416e-05 0.0
3.55635348e-05 6.80720996e-06 0.0
2.00326958e-05 2.17081379e-05 0.0
4.04188577e-05 1.26186487e-05 0.0
1.52018874e-05 1.46035654e-05 0.0
3.58229663e-05 2.2048047e-05 0.0
2.10261987e-05 5.96540212e-06 0.0
2.9932944e-05 2.45871652e-05 0.0
2.67575306e-05 4.48248602e-06 0.0
0.000161365286 4.42083146e-05 0.0
0.000168076804 3.94103554e-05 0.0
0.000154523514 3.8830829e-05 0.0
0.000169119827 4.58859649e-05 0.0
0.000153086148 4.47374186e-05 0.0
0.00016283078 4.98574154e-05 0.0
0.000161526375 3.81405262e-05 0.0
0.000157086921 4.86354584e-05 0.0
0.00017266252 4.2638756e-05 0.0
0.000149674146 4.16926887e-05 0.0
0.000167809572 5.02162038e-05 0.0
0.000169893494 3.54996628e-05 0.0
0.000152759094 3.48555877e-05 0.0
0.000165154721 3.55758893e-05 0.0
0.000158067327 3.52767674e-05 0.0
0.000151835222 4.78708644e-05 0.0
0.000165584483 4.27731211e-05 0.0
0.000172310742 3.88141561e-05 0.0
0.000164682715 4.66572164e-05 0.0
0.000160185606 5.17858425e-05 0.0
0.000150168198 3.80922102e-05 0.0
0.000157145609 4.22479789e-05 0.0
0.000158034905 4.53411376e-05 0.0
0.000173236651 4.79001355e-05 0.0
0.000148483392 4.40922195e-05 0.0
0.000165577352 5.2168376e-05 0.0
0.000174174464 4.53309331e-05 0.0
0.0001712542 4.99215566e-05 0.0
0.000153934234 5.02457406e-05 0.0
0.000156772207 5.15931388e-05 0.0
0.000164451441 3.96882933e-05 0.0
0.000158400566 3.94123454e-05 0.0
0.000169117455 4.21542318e-05 0.0
0.000161684773 3.52236239e-05 0.0
0.00016126984 4.68515282e-05 0.0
0.00015333842 4.12196678e-05 0.0
0.000163077886 5.28973724e-05 0.0
0.000174500761 4.0605064e-05 0.0
0.000147782033 3.94608433e-05 0.0
0.000161428616 4.10879256e-05 0.0
0.000149221552 4.62964308e-05 0.0
0.000170839834 3.08782546e-05 0.0
0.000164848054 3.02672779e-05 0.0
0.000172721135 3.10545256e-05 0.0
0.000162745695 3.00841275e-05 0.0
0.000136303381 3.03799261e-05 0.0
0.000139967698 3.64332445e-05 0.0
0.000150625667 2.57456486e-05 0.0
0.000154755428 3.11229014e-05 0.0
0.000156069174 2.77304134e-05 0.0
0.00015530274 3.46606103e-05 0.0
0.00014326672 3.92586517e-05 0.0
0.000135128168 3.46816596e-05 0.0
0.000135118506 2.6130494e-05 0.0
0.000146916558 2.23245679e-05 0.0
0.000131484761 3.04276236e-05 0.0
0.000153726432 2.34255149e-05 0.0
0.000159010029 3.090268e-05 0.0
0.000137186013 3.88532499e-05 0.0
0.000138249103 2.26432476e-05 0.0
0.00014217681 2.13242165e-05 0.0
0.000151788365 3.81260252e-05 0.0
0.000147809274 3.98214179e-05 0.0
0.000158865223 2.89980708e-05 0.0
0.00015853389 3.28773094e-05 0.0
0.000131784589 2.78918487e-05 0.0
0.000131970693 3.30605471e-05 0.0
0.000150688415 2.18161222e-05 0.0
0.00015635445 2.53874077e-05 0.0
0.000139716241 3.98651646e-05 0.0
0.000134924121 3.73048169e-05 0.0
0.00013474717 2.30730257e-05 0.0
0.000155405738 3.74389383e-05 0.0
0.000149994259 2.95255049e-05 0.0
0.000141044584 3.25962137e-05 0.0
0.00016925369 4.62739154e-05 0.0
0.00016861278 5.14011044e-05 0.0
0.000165703401 4.57175302e-05 0.0
0.000171834894 5.15974316e-05 0.0
0.000172390166 4.65996818e-05 0.0
0.000165624355 5.13575505e-05 0.0
0.000169959458 5.2387848e-05 0.0
0.000167675549 4.48429128e-05 0.0
0.000174281187 4.83643089e-05 0.0
0.000163509016 4.97442816e-05 0.0
0.000173822482 5.13222076e-05 0.0
0.000163505087 4.59358234e-05 0.0
0.000167034435 5.00600581e-05 0.0
0.000170894898 4.78747825e-05 0.0
0.000171186854 4.53068278e-05 0.0
0.000166819606 5.23016861e-05 0.0
0.000169420658 4.46797931e-05 0.0
0.000168420447 5.26204931e-05 0.0
0.000165921228 4.4427401e-05 0.0
0.000171465261 5.25457726e-05 0.0
0.000162489159 4.71898784e-05 0.0
0.000162231765 4.84927623e-05 0.0
0.000174812958 5.040006e-05 0.0
0.000175201349 4.94320993e-05 0.0
0.000174495581 4.7073212e-05 0.0
0.000163475153 5.1061641e-05 0.0
0.000167716644 4.73004729e-05 0.0
0.000170109401 5.04385971e-05 0.0
6.10443676e-05 1.91222152e-05 0.0
5.81783206e-05 1.51894428e-05 0.0
5.4925189e-05 1.54349982e-05 0.0
5.83117362e-05 1.98536181e-05 0.0
5.30843063e-05 1.67023663e-05 0.0
5.53556783e-05 1.95292123e-05 0.0
6.39797872e-05 1.84620803e-05 0.0
6.08790797e-05 1.47816399e-05 0.0
5.66486706e-05 1.43352681e-05 0.0
6.1383922e-05 2.02981828e-05 0.0
5.56688065e-05 1.67901144e-05 0.0
6.43544408e-05 1.65814181e-05 0.0
5.27944358e-05 1.80455227e-05 0.0
6.44636966e-05 1.97019635e-05 0.0
5.98941224e-05 1.42196195e-05 0.0
6.27128466e-05 1.47196943e-05 0.0
5.28163582e-05 1.54425798e-05 0.0
5.65255468e-05 2.01796065e-05 0.0
5.38254753e-05 1.93508877e-05 0.0
5.96749414e-05 2.06418099e-05 0.0
5.46522169e-05 1.43503703e-05 0.0
5.34981482e-05 1.47386327e-05 0.0
6.33948366e-05 2.03211894e-05 0.0
5.80704909e-05 2.05603392e-05 0.0
5.81793684e-05 1.39745935e-05 0.0
5.69958356e-05 1.87733531e-05 0.0
6.38451602e-05 1.54335066e-05 0.0
5.30744073e-05 1.87611276e-05 0.0
6.5868735e-05 1.77260572e-05 0.0
5.18639426e-05 1.72836881e-05 0.0
6.12870426e-05 1.78698483e-05 0.0
4.36100963e-05 7.55161363e-06 0.0
3.64522239e-05 1.52797184e-05 0.0
4.82213727e-05 9.24760752e-06 0.0
3.99491219e-05 6.19140474e-06 0.0
3.43390493e-05 1.31592769e-05 0.0
5.01330833e-05 1.20532823e-05 0.0
4.10883913e-05 1.36573917e-05 0.0
4.7056059e-05 6.193442e-06 0.0
4.33212845e-05 4.88501928e-06 0.0
4.74052467e-05 1.61511707e-05 0.0
3.59020269e-05 6.78544666e-06 0.0
3.34243705e-05 1.03981147e-05 0.0
4.35238362e-05 1.57974664e-05 0.0
3.78761288e-05 1.37192765e-05 0.0
3.96466166e-05 1.55675152e-05 0.0
4.93787593e-05 7.02112266e-06 0.0
4.53294888e-05 4.99606267e-06 0.0
4.12111294e-05 4.08887854e-06 0.0
3.40953629e-05 1.48409981e-05 0.0
4.97520268e-05 1.4435127e-05 0.0
5.07884215e-05 8.49022308e-06 0.0
5.14270469e-05 1.03068915e-05 0.0
3.90921559e-05 4.1711528e-06 0.0
3.72278664e-05 4.90159164e-06 0.0
4.39827527e-05 9.91147954e-06 0.0
3.20460858e-05 1.19375054e-05 0.0
3.37481433e-05 8.3334553e-06 0.0
3.77142424e-05 1.82182703e-05 0.0
3.35058394e-05 1.7601209e-05 0.0
3.86925494e-05 1.8503486e-05 0.0
3.26019617e-05 1.75646946e-05 0.0
4.07839252e-05 1.84415476e-05 0.0
3.08176459e-05 1.71866359e-05 0.0
9.38772137e-05 2.09323098e-05 0.0
9.35945209e-05 1.2965822e-05 0.0
8.86500129e-05 1.91236468e-05 0.0
9.72530543e-05 1.39642088e-05 0.0
9.00933665e-05 1.18742455e-05 0.0
9.74240684e-05 2.13547246e-05 0.0
9.03171094e-05 2.2066135e-05 0.0
8.55381222e-05 1.70428939e-05 0.0
9.96347808e-05 1.63647619e-05 0.0
9.55640862e-05 1.20902341e-05 0.0
9.44613421e-05 2.36025498e-05 0.0
8.71664524e-05 1.27635967e-05 0.0
8.58695712e-05 2.06994137e-05 0.0
9.19107188e-05 1.10585688e-05 0.0
9.96713716e-05 2.10446888e-05 0.0
9.76670126e-05 1.25803663e-05 0.0
9.90652115e-05 1.34198681e-05 0.0
0.000100031619 1.46398797e-05 0.0
9.39730671e-05 1.12021753e-05 0.0
9.2128641e-05 2.36419874e-05 0.0
9.66069711e-05 2.32321509e-05 0.0
9.11731477e-05 1.40376533e-05 0.0
8.45207469e-05 1.89621733e-05 0.0
8.76309568e-05 2.21673745e-05 0.0
8.40401917e-05 1.52840275e-05 0.0
0.000101028316 1.79126873e-05 0.0
0.000100676305 1.95420907e-05 0.0
8.49023927e-05 1.38110045e-05 0.0
9.5428215e-05 1.53565652e-05 0.0
8.7600667e-05 1.14384793e-05 0.0
4.48785104e-05 3.56796772e-06 0.0
4.48623323e-05 7.99125155e-06 0.0
4.82997857e-05 8.20153218e-06 0.0
4.85518576e-05 3.6096344e-06 0.0
5.07241784e-05 7.16757586e-06 0.0
4.13747257e-05 3.5881194e-06 0.0
4.15784343e-05 7.96665518e-06 0.0
4.61903473e-05 2.67705218e-06 0.0
4.59718904e-05 9.25828499e-06 0.0
5.0701994e-05 4.18831223e-06 0.0
3.94260496e-05 4.94181177e-06 0.0
4.22490775e-05 2.55051509e-06 0.0
4.33919413e-05 4.74195849e-06 0.0
3.92774564e-05 6.65904872e-06 0.0
4.26217157e-05 9.1119573e-06 0.0
5.21095826e-05 6.52735071e-06 0.0
5.05551288e-05 8.39851964e-06 0.0
4.83162039e-05 2.76490186e-06 0.0
4.96383218e-05 3.03935235e-06 0.0
5.05163734e-05 3.41098371e-06 0.0
4.80125091e-05 9.44061321e-06 0.0
4.83331023e-05 6.65122843e-06 0.0
4.41375523e-05 2.22591211e-06 0.0
4.42305354e-05 9.56020904e-06 0.0
4.94350606e-05 9.10438939e-06 0.0
5.21934999e-05 5.55319411e-06 0.0
5.19439018e-05 4.70028499e-06 0.0
3.9041417e-05 3.85535577e-06 0.0
4.67939717e-05 4.50104335e-06 0.0
3.93701011e-05 7.6351289e-06 0.0
3.82285652e-05 5.77145511e-06 0.0
8.74936886e-05 2.31087906e-05 0.0
8.99503793e-05 2.00316135e-05 0.0
9.32432376e-05 2.13644307e-05 0.0
9.10839735e-05 2.41785929e-05 0.0
8.68981442e-05 1.91421022e-05 0.0
8.43497619e-05 2.16895405e-05 0.0
9.48735105e-05 2.27197233e-05 0.0
8.80060761e-05 2.45254196e-05 0.0
9.17668513e-05 1.97234458e-05 0.0
9.3474875e-05 2.43062332e-05 0.0
8.25198658e-05 2.03500022e-05 0.0
8.41768924e-05 2.31380054e-05 0.0
8.47675255e-05 1.87784917e-05 0.0
8.81768792e-05 1.87330734e-05 0.0
9.01425447e-05 1.89374696e-05 0.0
8.57453342e-05 2.42742881e-05 0.0
9.01231397e-05 2.49925306e-05 0.0
9.16681747e-05 2.49423265e-05 0.0
9.27153451e-05 2.47901062e-05 0.0
9.37711229e-05 2.04114567e-05 0.0
9.48749657e-05 2.11252991e-05 0.0
9.53422714e-05 2.1861475e-05 0.0
8.26962932e-05 1.94275035e-05 0.0
8.3438521e-05 1.89955772e-05 0.0
9.52573319e-05 2.35137013e-05 0.0
9.46856235e-05 2.41425496e-05 0.0
8.69339347e-05 2.16330518e-05 0.0
8.80466978e-05 2.03097879e-05 0.0
9.55771611e-05 2.66699335e-05 0.0
0.000110260968 2.61997757e-05 0.0
9.67337837e-05 2.28870085e-05 0.0
0.00011035637 2.92335881e-05 0.0
9.63783459e-05 3.00523625e-05 0.0
0.000110847497 2.38404027e-05 0.0
9.27384608e-05 2.42158803e-05 0.0
9.8804514e-05 2.05410524e-05 0.0
0.000106875399 3.19120336e-05 0.0
0.000112833688 2.76569899e-05 0.0
9.10461895e-05 2.70377313e-05 0.0
0.000107669315 2.19082249e-05 0.0
9.36014621e-05 2.11141742e-05 0.0
0.000112893518 2.48832512e-05 0.0
9.79985853e-05 3.2953616e-05 0.0
0.00011321238 2.94959136e-05 0.0
0.00011256813 3.08098752e-05 0.0
0.00011067235 3.19579376e-05 0.0
0.000113605332 2.62745289e-05 0.0
9.06845817e-05 2.55008199e-05 0.0
9.23777916e-05 2.90284534e-05 0.0
0.000107075452 2.45822557e-05 0.0
9.55041614e-05 1.99863607e-05 0.0
9.20766179e-05 2.25088352e-05 0.0
0.000104432562 3.40147635e-05 0.0
0.000100991871 1.92712741e-05 0.0
0.000104227569 1.99271162e-05 0.0
0.000101213773 3.39589751e-05 0.0
0.000106656924 2.78202806e-05 0.0
0.00011060106 2.23404131e-05 0.0
9.80017285e-05 1.97059726e-05 0.0
9.51082911e-05 2.22822036e-05 0.0
9.43177511e-05 1.88684498e-05 0.0
9.30017995e-05 2.16046665e-05 0.0
9.18476653e-05 2.03879827e-05 0.0
0.000100061101 2.05928463e-05 0.0
9.74160648e-05 2.3324259e-05 0.0
9.65279469e-05 1.85759764e-05 0.0
9.26840366e-05 1.8659086e-05 0.0
9.40607351e-05 2.25869935e-05 0.0
9.97471871e-05 1.88469967e-05 0.0
9.39067395e-05 1.83058546e-05 0.0
9.9227007e-05 2.30979877e-05 0.0
9.63606508e-05 2.35362622e-05 0.0
0.000101282407 2.15562959e-05 0.0
9.11301468e-05 1.96374986e-05 0.0
9.16967838e-05 2.11926363e-05 0.0
9.28700683e-05 2.22157723e-05 0.0
9.50637841e-05 2.31784124e-05 0.0
9.21532992e-05 2.18009027e-05 0.0
0.00010074833 1.95517368e-05 0.0
9.84270227e-05 1.83232278e-05 0.0
9.52909541e-05 1.81518426e-05 0.0
9.2975286e-05 1.83857392e-05 0.0
0.000100755482 2.25386866e-05 0.0
9.12924661e-05 1.90510127e-05 0.0
9.17038051e-05 1.86421839e-05 0.0
9.34152631e-05 2.06881105e-05 0.0
9.66367079e-05 2.20390339e-05 0.0
9.90900371e-05 2.38560315e-05 0.0
9.60245452e-05 1.94234581e-05 0.0
7.1052782e-05 2.42406204e-05 0.0
7.83816213e-05 2.86572304e-05 0.0
6.31864532e-05 3.18673956e-05 0.0
6.95784838e-05 3.46953566e-05 0.0
8.0987782e-05 3.10783726e-05 0.0
7.66975136e-05 2.47303469e-05 0.0
6.46611516e-05 3.47342393e-05 0.0
7.41018666e-05 3.56198907e-05 0.0
6.61937811e-05 2.22467916e-05 0.0
5.99229024e-05 2.92929981e-05 0.0
7.1726332e-05 2.04656608e-05 0.0
6.00004569e-05 3.29805407e-05 0.0
8.23519804e-05 2.78503321e-05 0.0
6.85718114e-05 3.6640613e-05 0.0
6.00136555e-05 2.57765969e-05 0.0
6.21821164e-05 2.31456761e-05 0.0
7.99404734e-05 3.35312361e-05 0.0
7.79690818e-05 3.50614428e-05 0.0
8.28670818e-05 2.95027494e-05 0.0
8.05848613e-05 2.56134099e-05 0.0
6.58514255e-05 3.62777937e-05 0.0
7.15000642e-05 3.67122811e-05 0.0
7.49687388e-05 2.14884931e-05 0.0
6.8620946e-05 2.01654111e-05 0.0
5.88123003e-05 3.13009077e-05 0.0
6.16353936e-05 3.44386353e-05 0.0
8.20482746e-05 3.25597139e-05 0.0
5.78109539e-05 2.72198831e-05 0.0
7.32133849e-05 2.80923323e-05 0.0
6.81211823e-05 3.22012129e-05 0.0
0.00013351407 2.85933093e-05 0.0
2.75493967e-05 1.32636524e-05 0.0
0.000150424501 3.68720539e-05 0.0
1.51642562e-05 7.79084621e-06 0.0
0.000122514859 2.09577574e-05 0.0
0.000121169207 2.82965211e-05 0.0
0.000146223727 2.80911627e-05 0.0
1.7817858e-05 3.03497268e-06 0.0
0.000112567875 2.4411569e-05 0.0
4.49564832e-05 2.21431037e-05 0.0
9.48310117e-05 3.63683066e-05 0.0
0.000116317227 2.63916063e-05 0.0
5.58734246e-05 1.68647766e-05 0.0
6.87574502e-05 1.2598126e-05 0.0
7.23984849e-05 2.03379368e-05 0.0
1.41955907e-05 1.23843756e-05 0.0
0.000135572453 3.80393321e-05 0.0
2.6324702e-05 6.01894897e-07 0.0
7.9056299e-05 1.41369155e-05 0.0
0.000161440606 3.52331263e-05 0.0
7.58491587e-05 1.91432355e-05 0.0
0.000114233953 2.46159198e-05 0.0
0.000136628762 2.48804099e-05 0.0
3.17752674e-05 1.98178477e-05 0.0
0.000127661813 3.62950341e-05 0.0
3.59872211e-05 1.16288402e-05 0.0
8.31374746e-06 9.92397872e-06 0.0
0.000145527563 4.69087427e-05 0.0
0.000150530934 3.43167449e-05 0.0
1.89651715e-07 1.24842973e-06 0.0
7.38426243e-05 1.289594e-05 0.0
6.0111819e-05 7.94514654e-06 0.0
0.000164446872 3.70850175e-05 0.0
2.58589262e-05 8.57937721e-06 0.0
0.000115700772 3.04421264e-05 0.0
7.85669181e-05 1.88709419e-05 0.0
7.14393391e-05 1.0757065e-05 0.0
0.000154954207 2.97501756e-05 0.0
0.000126715575 3.58736106e-05 0.0
0.000120858356 1.7876011e-05 0.0
9.67025408e-05 3.56413329e-05 0.0
0.00010902885 2.10672169e-05 0.0
0.000142656179 3.14663994e-05 0.0
5.147519e-06 3.66764141e-07 0.0
0.000125234932 2.51054189e-05 0.0
4.07458756e-05 2.63772436e-05 0.0
1.90551182e-05 -2.75675211e-06 0.0
8.16376851e-05 1.95497869e-05 0.0
3.41393607e-05 9.06015248e-06 0.0
0.000114796014 1.84720466e-05 0.0
0.000150499371 2.71164226e-05 0.0
0.000127738167 3.04576461e-05 0.0
7.16983186e-06 9.95748815e-06 0.0
8.96454221e-05 3.43387328e-05 0.0
5.58792017e-05 2.54834977e-05 0.0
1.40120565e-05 1.26706682e-05 0.0
7.25671925e-05 2.08322945e-05 0.0
0.000103876351 2.08054298e-05 0.0
1.11041763e-05 1.49323578e-05 0.0
6.38833008e-05 1.99651095e-05 0.0
3.18448365e-05 9.72792168e-06 0.0
5.90094885e-07 7.91262028e-06 0.0
7.5772019e-05 1.3691335e-05 0.0
5.91797907e-05 9.91145498e-06 0.0
6.63172104e-05 1.91420659e-05 0.0
2.14845022e-05 1.01351052e-05 0.0
4.42793389e-05 1.10694527e-05 0.0
8.60245109e-06 9.15581438e-07 0.0
0.000177587688 5.484535e-05 0.0
7.82256102e-05 2.12196992e-05 0.0
1.35214614e-05 -1.52176347e-06 0.0
0.000132379588 2.03354593e-05 0.0
4.47242273e-05 1.3783666e-05 0.0
2.42768147e-05 1.81054675e-05 0.0
0.000114341783 3.1156258e-05 0.0
5.55649094e-05 1.4458652e-05 0.0
4.75054876e-05 1.55124744e-05 0.0
0.000158243158 4.50465341e-05 0.0
0.0001428307 3.05975118e-05 0.0
0.000143790574 2.45955689e-05 0.0
0.000100519894 3.64569714e-05 0.0
0.000128179876 2.99737549e-05 0.0
7.19108866e-05 2.06962304e-05 0.0
9.47567096e-05 3.51345225e-05 0.0
1.03099801e-05 -4.46985405e-06 0.0
0.000153964269 4.00646059e-05 0.0
0.000112474634 2.55362502e-05 0.0
0.000168783998 4.06519539e-05 0.0
0.00012849328 3.53134346e-05 0.0
0.000134196394 4.07675943e-05 0.0
-7.17666694e-07 -3.85357816e-06 0.0
0.000109639353 3.1579355e-05 0.0
3.18338025e-05 1.34858146e-06 0.0
0.000121931284 3.34828001e-05 0.0
8.8676883e-05 1.6398355e-05 0.0
9.88931497e-05 3.23515778e-05 0.0
0.000101117155 2.44555922e-05 0.0
0.000138999312 2.74289123e-05 0.0
3.52362949e-05 1.52166476e-05 0.0
0.000135805851 4.55710615e-05 0.0
6.41629813e-05 8.59207921e-06 0.0
3.2981563e-05 1.08932682e-05 0.0
0.000114924507 2.56924814e-05 0.0
7.81999843e-05 1.57016329e-05 0.0
0.000157527189 2.99409621e-05 0.0
0.000121988909 3.04166133e-05 0.0
6.57323253e-05 1.75878959e-05 0.0
5.1391391e-05 2.92601835e-05 0.0
0.000146498758 5.03850533e-05 0.0
3.28212409e-05 1.24274029e-05 0.0
2.32118327e-05 1.43471379e-05 0.0
0.000174199085 3.00066058e-05 0.0
0.000153857734 3.92627117e-05 0.0
0.000160900134 4.11714791e-05 0.0
0.000149768923 2.9308203e-05 0.0
0.000174566376 4.40229851e-05 0.0
6.98278309e-05 1.15863722e-05 0.0
0.000143912912 4.02851474e-05 0.0
0.000110021188 2.28635399e-05 0.0
0.000123882652 3.31916926e-05 0.0
0.00012138678 2.27754917e-05 0.0
6.28572234e-05 8.54974587e-06 0.0
8.52090452e-05 1.88576741e-05 0.0
0.000131023146 2.54639326e-05 0.0
5.1110841e-05 1.74984434e-05 0.0
9.19180238e-05 3.28945716e-05 0.0
7.1748138e-05 1.91506697e-05 0.0
0.000162652577 3.02430799e-05 0.0
0.000168324506 3.79170669e-05 0.0
0.000112062633 2.37958375e-05 0.0
7.4221578e-05 1.92403022e-05 0.0
0.000136518633 3.23906752e-05 0.0
0.000109916691 1.7899978e-05 0.0
7.41511249e-05 2.06003351e-05 0.0
8.28535631e-05 1.68437964e-05 0.0
0.000120901903 2.57524753e-05 0.0
0.000130189641 4.19752869e-05 0.0
8.17841646e-05 1.2427543e-05 0.0
7.14628331e-05 2.03112158e-05 0.0
0.000155064336 2.83628378e-05 0.0
5.35430627e-06 1.04178698e-05 0.0
3.36903613e-05 2.36897413e-05 0.0
0.000101502861 3.87618202e-05 0.0
6.63767496e-05 1.1393824e-05 0.0
1.5474734e-05 1.09715456e-05 0.0
3.63049985e-05 1.50515007e-06 0.0
5.02565999e-05 6.7803453e-06 0.0
4.23725287e-05 2.76372502e-05 0.0
1.9684765e-05 1.787172e-05 0.0
1.39774711e-05 5.58670263e-06 0.0
3.1079031e-05 1.01723654e-05 0.0
-6.20125093e-06 5.10989094e-06 0.0
3.77134602e-05 1.98267608e-05 0.0
8.59682405e-05 1.931509e-05 0.0
1.05845002e-05 -5.84452982e-06 0.0
8.69212454e-05 3.21007174e-05 0.0
7.31013133e-05 8.94425739e-06 0.0
0.000124873579 3.36144622e-05 0.0
1.78684404e-05 2.38761754e-06 0.0
6.06022586e-05 9.25096811e-06 0.0
0.000182704942 3.69234185e-05 0.0
0.000118896518 1.86210618e-05 0.0
0.000106563632 2.65314484e-05 0.0
0.000116660594 2.25150525e-05 0.0
1.2498298e-05 2.76891979e-06 0.0
0.000106959487 2.53601302e-05 0.0
0.000184501012 5.76560124e-05 0.0
0.000114512492 1.71364227e-05 0.0
0.000180892544 5.03467782e-05 0.0
0.000149490996 4.14630922e-05 0.0
6.33324962e-05 8.03352668e-06 0.0
6.18083941e-05 1.98828948e-05 0.0
0.000138927993 4.13961461e-05 0.0
0.000172043394 4.09689455e-05 0.0
0.000139515847 2.12579143e-05 0.0
4.49350264e-05 1.18399976e-05 0.0
0.000130865854 3.37508973e-05 0.0
4.76103341e-05 1.15969433e-05 0.0
0.000147965926 3.0335741e-05 0.0
-1.13455212e-06 -4.6891148e-07 0.0
0.000131166016 3.10057549e-05 0.0
0.000178469709 4.20358228e-05 0.0
0.000110499808 2.5326528e-05 0.0
5.90951277e-06 8.48446507e-06 0.0
0.000155308531 2.80776148e-05 0.0
2.70914152e-05 7.9838685e-07 0.0
0.000185265395 4.49631443e-05 0.0
0.000133827809 4.07095686e-05 0.0
0.000179458482 5.08009252e-05 0.0
0.000139184791 2.88538577e-05 0.0
6.17390128e-07 9.65098843e-06 0.0
0.000162948243 2.95516184e-05 0.0
6.27092959e-05 1.73869212e-05 0.0
0.000108539105 2.44444691e-05 0.0
8.3558225e-05 2.016695e-05 0.0
0.00015559922 5.05431744e-05 0.0
0.000128665764 3.59983387e-05 0.0
9.09916562e-05 3.57355166e-05 0.0
0.000164233206 3.41778759e-05 0.0
0.000106651991 1.6644748e-05 0.0
0.000130319968 2.21228729e-05 0.0
2.51311394e-05 9.24249525e-06 0.0
7.41262193e-06 1.7224329e-05 0.0
7.24786805e-05 1.63968034e-05 0.0
1.16645106e-05 8.98570124e-06 0.0
0.000157360584 3.39756771e-05 0.0
0.000144319041 2.68659478e-05 0.0
7.583353e-05 2.24976011e-05 0.0
0.000114809132 3.13862292e-05 0.0
-8.0808577e-06 -3.91180947e-06 0.0
0.000172422617 4.19725548e-05 0.0
-1.67526059e-06 9.90769149e-06 0.0
9.772677e-05 2.24627656e-05 0.0
5.88991825e-05 2.64942628e-05 0.0
0.000166854632 4.36821028e-05 0.0
9.85573934e-05 3.60178128e-05 0.0
0.000142463177 3.52456882e-05 0.0
9.72895032e-06 1.55893076e-06 0.0
5.01382874e-06 5.80090273e-06 0.0
3.00559095e-05 1.20043378e-05 0.0
2.31155518e-05 2.69668885e-06 0.0
7.24984493e-05 1.86933794e-05 0.0
0.000131602603 1.90018836e-05 0.0
0.000150694919 2.73832211e-05 0.0
0.000171628286 5.37878514e-05 0.0
5.37197666e-05 1.85811423e-05 0.0
4.19213538e-05 2.40485115e-05 0.0
2.19780559e-05 1.29494892e-05 0.0
6.51259834e-05 1.04655828e-05 0.0
0.000179852679 3.68248475e-05 0.0
0.000147635656 3.66534587e-05 0.0
0.000137439274 4.90156381e-05 0.0
0.000118792581 3.88486842e-05 0.0
3.96735122e-05 1.42089493e-05 0.0
7.67431193e-05 2.40441077e-05 0.0
0.000146991428 2.38424273e-05 0.0
2.30578353e-05 8.11356858e-06 0.0
0.000170409592 3.87387918e-05 0.0
8.13484949e-05 1.66068185e-05 0.0
1.18963781e-05 1.32597079e-05 0.0
0.00010262744 2.19090307e-05 0.0
7.36139045e-05 2.05918786e-05 0.0
2.83804638e-05 2.16176686e-05 0.0
0.000175369642 4.27437299e-05 0.0
-4.02769319e-06 -2.54117799e-06 0.0
7.54954599e-05 2.34899053e-05 0.0
0.000176757923 3.15798716e-05 0.0
1.63783152e-05 1.19436154e-05 0.0
0.000151710687 4.23570309e-05 0.0
-7.01898273e-07 -3.98189286e-06 0.0
0.000151467713 4.03775812e-05 0.0
3.83925071e-05 1.23439513e-05 0.0
2.91920169e-05 1.58303937e-05 0.0
5.59865985e-05 1.58098155e-05 0.0
0.0001697892 3.09231873e-05 0.0
8.24746385e-05 1.59577939e-05 0.0
0.000163463381 4.48522405e-05 0.0
0.000103561848 3.97890581e-05 0.0
1.83951906e-05 -1.13068506e-06 0.0
9.92564164e-05 1.86380694e-05 0.0
0.000181357798 4.87891957e-05 0.0
4.29299616e-05 6.33621312e-06 0.0
4.54054771e-07 8.61309036e-06 0.0
0.000131660461 3.55705197e-05 0.0
0.000105082363 3.61857565e-05 0.0
9.24520864e-05 3.3267188e-05 0.0
0.000166814149 3.17701997e-05 0.0
3.67410466e-05 6.87170905e-06 0.0
5.41973823e-05 6.64708341e-06 0.0
5.40385518e-05 9.47732406e-06 0.0
0.000158584997 4.03706435e-05 0.0
0.000171326552 3.99300843e-05 0.0
5.80152082e-05 1.98977723e-05 0.0
0.000128012194 2.74046106e-05 0.0
7.92780629e-05 2.19058802e-05 0.0
0.000179551687 5.17142907e-05 0.0
0.000178681425 3.33944408e-05 0.0
0.000106512984 2.49439636e-05 0.0
0.000142336474 2.6495858e-05 0.0
8.42983645e-05 2.69169341e-05 0.0
4.37342351e-05 1.4351167e-05 0.0
4.51086162e-05 6.6686207e-06 0.0
0.000157376286 4.08025917e-05 0.0
4.396445e-05 1.71972097e-05 0.0
0.000123986974 4.10651082e-05 0.0
0.000119068325 1.90125811e-05 0.0
0.000154438065 2.84290945e-05 0.0
5.87319228e-05 7.11961911e-06 0.0
7.45427533e-05 1.85393183e-05 0.0
5.24313327e-05 1.05456184e-05 0.0
0.000117491298 2.67184932e-05 0.0
0.00012031199 2.8838489e-05 0.0
4.77271606e-05 1.18975295e-05 0.0
6.83125063e-06 7.77240302e-07 0.0
2.95856244e-05 1.39675903e-05 0.0
0.000117314798 2.77237359e-05 0.0
2.5575815e-05 1.44949729e-06 0.0
8.09345584e-05 2.27081546e-05 0.0
0.000107828993 3.71931746e-05 0.0
0.000160281968 2.85119331e-05 0.0
7.7575256e-05 2.02614738e-05 0.0
3.49805669e-05 1.2582931e-05 0.0
0.000176303249 5.01952236e-05 0.0
8.05941381e-05 2.01915118e-05 0.0
0.000164288052 2.98099003e-05 0.0
8.401183e-05 2.4047109e-05 0.0
2.3225035e-05 -1.06740583e-06 0.0
6.95663693e-05 2.07123121e-05 0.0
2.16593107e-05 6.20813535e-06 0.0
0.000147252402 5.021162e-05 0.0
0.000160466807 4.31059707e-05 0.0
0.000185741286 5.52243218e-05 0.0
7.18465235e-05 1.5908794e-05 0.0
9.32843614e-05 2.78028128e-05 0.0
-2.51516099e-06 -9.0234189e-06 0.0
1.60203836e-05 2.46853847e-06 0.0
6.74780749e-05 2.11975475e-05 0.0
0.000146838516 2.66685875e-05 0.0
8.38641972e-06 -3.90264631e-06 0.0
8.21326175e-05 2.23037114e-05 0.0
0.000112383772 2.14672091e-05 0.0
6.16659891e-05 1.82130261e-05 0.0
1.65090278e-05 9.44564817e-07 0.0
9.04362823e-05 1.94090062e-05 0.0
0.000108566506 2.36988344e-05 0.0
0.00013383638 3.01030541e-05 0.0
0.000125143619 3.10730138e-05 0.0
6.76138807e-05 2.08647616e-05 0.0
6.58309582e-05 1.30133931e-05 0.0
0.000176581176 3.6532696e-05 0.0
0.000117395277 2.03934032e-05 0.0
0.000125363469 2.32367856e-05 0.0
0.00015161527 3.27589296e-05 0.0
7.74384716e-06 9.97231564e-06 0.0
0.000120043114 1.82202912e-05 0.0
9.16540594e-05 1.63140867e-05 0.0
4.05767023e-05 5.63701497e-06 0.0
0.000136356102 2.90343578e-05 0.0
7.9222591e-05 1.02303165e-05 0.0
0.000158100564 3.9901206e-05 0.0
7.12396068e-05 9.28463305e-06 0.0
0.00015657836 2.83755453e-05 0.0
8.18048284e-06 1.41135106e-05 0.0
0.000111619869 1.77950988e-05 0.0
0.000178108734 5.21825532e-05 0.0
0.000121599965 3.10381984e-05 0.0
0.000104584447 2.40771114e-05 0.0
0.000150525637 2.88894116e-05 0.0
5.21101938e-05 1.30092631e-05 0.0
0.000143286074 2.90561748e-05 0.0
7.5378397e-05 1.24676017e-05 0.0
3.94453709e-05 1.33930162e-05 0.0
2.12994564e-05 1.12849866e-05 0.0
6.01900365e-06 8.37185871e-06 0.0
4.95025452e-05 3.00801275e-05 0.0
0.00016045841 2.78872285e-05 0.0
4.43404642e-05 5.38527138e-06 0.0
0.000179626586 4.98268382e-05 0.0
0.000138131814 2.95835162e-05 0.0
9.6338641e-05 3.640875e-05 0.0
6.78617107e-06 -5.75704735e-06 0.0
0.000121334786 3.05471112e-05 0.0
0.000180369738 4.83757358e-05 0.0
0.00012426493 3.18964085e-05 0.0
8.7584318e-05 1.84203782e-05 0.0
8.66487462e-05 3.53009091e-05 0.0
3.83284496e-05 4.10154553e-06 0.0
8.92469961e-06 1.05079043e-05 0.0
-1.01155983e-05 -9.57381144e-06 0.0
6.75703122e-05 1.85344907e-05 0.0
0.00013185812 3.06435941e-05 0.0
4.29710053e-05 5.79558127e-06 0.0
5.00546412e-05 1.19818606e-05 0.0
6.76628115e-05 1.97961381e-05 0.0
0.000143220095 2.13831754e-05 0.0
2.7352391e-05 7.15351916e-06 0.0
5.840839e-05 3.13969103e-05 0.0
0.000100234 2.35013486e-05 0.0
9.00037121e-05 2.87643634e-05 0.0
7.1713439e-05 1.16976471e-05 0.0
-9.87689873e-06 -3.86252941e-09 0.0
0.000126520477 2.35008174e-05 0.0
0.000147003826 3.33749631e-05 0.0
5.33323728e-05 8.8322704e-06 0.0
2.24899031e-05 -2.4928429e-06 0.0
8.82033637e-05 1.32096357e-05 0.0
0.000185200115 5.6001667e-05 0.0
0.000168742379 5.07085751e-05 0.0
6.2831532e-05 1.81735359e-05 0.0
2.67017294e-05 1.72023319e-05 0.0
3.110939e-05 -3.9541726e-07 0.0
0.000110546251 2.36204069e-05 0.0
0.000162678625 4.6774072e-05 0.0
4.75484521e-05 7.41576559e-06 0.0
0.000126237792 1.94752738e-05 0.0
0.00013039654 3.56756464e-05 0.0
8.70418808e-05 1.94849054e-05 0.0
6.26668316e-06 1.18114813e-05 0.0
6.91126115e-05 2.0428175e-05 0.0
8.11534937e-06 -2.80960967e-06 0.0
0.000120182915 2.42566803e-05 0.0
0.000135690891 3.87758446e-05 0.0
4.14699571e-05 1.16516521e-05 0.0
3.70766866e-05 2.28402769e-05 0.0
5.79450425e-05 1.85318531e-05 0.0
0.000103888458 1.88937483e-05 0.0
2.19274589e-05 1.43825537e-05 0.0
2.79349092e-06 1.26259811e-05 0.0
0.000131278051 4.75121269e-05 0.0
0.000115536859 2.02963638e-05 0.0
8.52729318e-06 1.94958066e-05 0.0
8.88272843e-05 2.04186945e-05 0.0
5.05412136e-05 2.20216716e-05 0.0
6.98829099e-05 1.15228668e-05 0.0
6.53435563e-06 1.27953972e-05 0.0
4.03462509e-05 1.39953245e-05 0.0
0.000170119616 3.11076583e-05 0.0
0.000148591818 4.76656387e-05 0.0
0.000126425919 4.44444231e-05 0.0
0.000101786383 2.77969702e-05 0.0
8.38896594e-05 1.70432522e-05 0.0
1.44327787e-05 9.73013448e-06 0.0
6.08061018e-05 1.61008829e-05 0.0
5.17025292e-05 1.41379332e-05 0.0
-4.17292722e-06 -1.20230277e-06 0.0
0.000110649758 1.86622219e-05 0.0
7.65985387e-05 1.39354852e-05 0.0
0.000138741947 4.19953794e-05 0.0
0.000166885482 4.53869397e-05 0.0
0.000167570208 3.45977533e-05 0.0
6.04146044e-05 1.03876791e-05 0.0
6.37504781e-05 1.28922784e-05 0.0
-6.13520479e-06 8.82763834e-06 0.0
5.73688267e-05 2.00831691e-05 0.0
0.000140162476 2.44079311e-05 0.0
9.76784941e-05 1.99110091e-05 0.0
9.22643376e-05 3.56315104e-05 0.0
9.54323768e-05 2.29968682e-05 0.0
2.52640257e-05 2.22480321e-05 0.0
0.00012278049 2.86097729e-05 0.0
0.000116177755 2.81226748e-05 0.0
5.79633979e-06 -2.79258825e-06 0.0
-1.57476381e-06 9.00801751e-06 0.0
1.51852546e-05 1.92665157e-05 0.0
9.56402291e-05 3.6247704e-05 0.0
9.20817038e-05 2.36098094e-05 0.0
0.000145844242 3.7529102e-05 0.0
0.000143616548 2.44704952e-05 0.0
5.74226106e-05 1.33670219e-05 0.0
0.000123798527 2.78839743e-05 0.0
9.08534712e-05 3.18994717e-05 0.0
6.33085292e-05 9.18071601e-06 0.0
6.11823561e-05 1.67841445e-05 0.0
0.000115713432 3.84293671e-05 0.0
0.00010649937 2.83171903e-05 0.0
4.35042894e-05 1.78630726e-05 0.0
3.18441307e-05 9.84814687e-06 0.0
0.000108730805 1.62709293e-05 0.0
2.73752175e-06 4.33207703e-07 0.0
9.53240597e-05 2.40468107e-05 0.0
0.000118195647 3.05019421e-05 0.0
0.000164736979 3.57352146e-05 0.0
0.000189408645 4.46596132e-05 0.0
4.31028311e-05 2.69793563e-05 0.0
8.94585464e-05 3.42458079e-05 0.0
8.18145509e-06 1.01849346e-05 0.0
0.000157125702 3.51413437e-05 0.0
5.5143475e-05 6.28178259e-06 0.0
0.000110304325 2.47968492e-05 0.0
0.000161754157 3.04723762e-05 0.0
0.000110399764 2.19201665e-05 0.0
1.87675487e-05 5.57007206e-06 0.0
0.000130989589 3.8512535e-05 0.0
6.55931071e-05 1.50637825e-05 0.0
3.56461387e-05 1.03511911e-05 0.0
2.26329666e-05 4.09800032e-06 0.0
0.000185015975 3.878395e-05 0.0
0.000118340395 2.66226616e-05 0.0
7.17735602e-05 1.55891576e-05 0.0
1.43612597e-05 1.41570017e-05 0.0
3.35327495e-05 1.01652686e-05 0.0
9.12600008e-05 2.31436061e-05 0.0
3.55282391e-05 2.58586751e-05 0.0
0.000161261763 4.93390144e-05 0.0
2.00684754e-05 1.46353686e-05 0.0
9.75734947e-05 3.70682028e-05 0.0
6.18659469e-05 2.77002127e-05 0.0
7.94282241e-05 2.14012816e-05 0.0
0.000108832879 3.59941223e-05 0.0
5.07244113e-05 1.46460443e-05 0.0
0.000122481273 3.43640313e-05 0.0
0.000150422216 4.42536802e-05 0.0
8.55038452e-05 1.69710074e-05 0.0
0.000181497497 4.12651643e-05 0.0
0.000105611216 2.45399915e-05 0.0
2.60158104e-05 4.74803443e-07 0.0
0.000150110413 2.78037314e-05 0.0
0.000136630071 1.98708804e-05 0.0
2.2075712e-05 1.27245585e-05 0.0
0.00010205141 1.64309549e-05 0.0
4.80762028e-05 1.56011192e-05 0.0
4.93029365e-05 1.2771372e-05 0.0
0.000180739982 4.80758645e-05 0.0
0.000125926395 3.40057486e-05 0.0
0.000142106757 3.93306582e-05 0.0
7.46412697e-05 2.07877729e-05 0.0
0.000171650507 4.64368532e-05 0.0
0.00012901795 2.42465449e-05 0.0
0.000173854452 5.02505936e-05 0.0
0.00012642506 3.34728211e-05 0.0
7.56641966e-05 2.09884129e-05 0.0
0.000116749259 3.00279589e-05 0.0
0.000176064073 5.51876401e-05 0.0
0.00018632671 3.94803683e-05 0.0
9.07377835e-05 2.25791719e-05 0.0
0.000183273631 3.21022708e-05 0.0
2.86421091e-05 1.05505069e-05 0.0
0.000131611101 3.58749494e-05 0.0
1.67966464e-05 1.19236847e-05 0.0
8.42058216e-05 1.43095313e-05 0.0
0.000140932825 4.47573402e-05 0.0
0.000140341086 2.36669312e-05 0.0
5.63429276e-05 1.56044734e-05 0.0
-3.77205595e-07 -3.86884312e-06 0.0
0.000168866405 3.2356369e-05 0.0
7.72086132e-05 2.01336425e-05 0.0
7.27743172e-05 2.1345013e-05 0.0
0.000127657884 1.90932442e-05 0.0
7.163389e-06 1.69218347e-05 0.0
0.000143997517 3.69286499e-05 0.0
0.000163800214 3.84193663e-05 0.0
0.000135341557 2.71631725e-05 0.0
7.96153181e-05 2.86450068e-05 0.0
0.000105134 3.73772673e-05 0.0
4.82970609e-06 9.23465905e-06 0.0
2.8593729e-06 4.44275702e-06 0.0
0.00013070539 3.72304203e-05 0.0
0.000155895264 4.59630719e-05 0.0
4.20977631e-05 1.04827905e-05 0.0
0.00015089153 2.4292789e-05 0.0
8.38119158e-05 2.24797786e-05 0.0
1.56624537e-05 1.02749582e-05 0.0
5.77519713e-05 5.89409819e-06 0.0
8.07991601e-05 2.25217191e-05 0.0
8.04535466e-06 7.76681372e-06 0.0
0.000154797744 4.70841878e-05 0.0
6.40335711e-05 9.8786868e-06 0.0
0.000166647311 3.49969268e-05 0.0
0.000114911687 2.55825162e-05 0.0
0.000161247401 2.76294832e-05 0.0
9.47763619e-05 2.08769561e-05 0.0
1.49873313e-06 -8.37434254e-06 0.0
9.06159839e-05 2.03225063e-05 0.0
0.000161235468 4.21700061e-05 0.0
1.82719887e-05 9.04117314e-06 0.0
9.71101108e-05 1.73912867e-05 0.0
0.000135892216 2.21024038e-05 0.0
7.47001322e-05 1.38718397e-05 0.0
7.70094346e-07 1.08002232e-05 0.0
5.96918017e-06 -1.11194447e-06 0.0
