0.000877716637 -0.000531348633 0.0
0.000856227824 -0.000571796671 0.0
0.0008563929 -0.000563691836 0.0
0.000879184867 -0.000543903036 0.0
-0.000374030467 -0.000516212371 0.0
-0.000323410204 -0.000510437589 0.0
-0.000282595633 -0.000507673481 0.0
-0.000308796676 -0.000439541676 0.0
0.00129993376 -0.000507673481 0.0
0.00125911913 -0.000510437589 0.0
0.00120849896 -0.000516212371 0.0
-0.000236788925 -0.000752353284 0.0
-0.000248321448 -0.000823759881 0.0
-0.000260129484 -0.000892718555 0.0
-0.000138563279 -0.000816422282 0.0
0.000206309924 -0.000172974178 0.0
0.000218117944 -0.000104015497 0.0
0.000229650483 -3.26088812e-05 0.0
0.000163118995 -0.000719549949 0.0
0.00015398681 -0.000730311556 0.0
0.000144927355 -0.000744148274 0.0
0.000188111648 -0.000723806617 0.0
0.000611366762 -2.44038674e-05 0.0
0.000620426203 -1.05671634e-05 0.0
0.000629558403 1.9444947e-07 0.0
0.0013407591 3.1776075e-05 0.0
0.00131685589 -0.000113887138 0.0
0.00130370515 -7.33127454e-05 0.0
0.00135364686 -6.3975358e-06 0.0
0.00105534215 -0.000601601321 0.0
0.00102690654 -0.000607204798 0.0
0.0010014422 -0.000611275726 0.0
0.00100301998 -0.000683703925 0.0
-0.000581087195 -0.000611275726 0.0
-0.000555622857 -0.000607204798 0.0
-0.000527187251 -0.000601601321 0.0
8.26005999e-05 -0.000554893224 0.0
5.93560217e-05 -0.00073174166 0.0
4.56418893e-05 -0.000682444137 0.0
9.63495986e-05 -0.000599361549 0.0
0.000717138231 -0.000606463174 0.0
0.000691908645 -0.000686708605 0.0
0.000682768936 -0.000650431437 0.0
0.000726101222 -0.000639826176 0.0
0.00071348506 -0.000262285816 0.0
0.000687543303 -0.000356202188 0.0
0.0006844647 -0.000301577267 0.0
0.000715595379 -0.000321013096 0.0
6.60083651e-06 -0.000239833695 0.0
3.41855848e-05 -0.000238966328 0.0
6.35355755e-05 -0.000237902219 0.0
5.9515678e-05 -0.000155774513 0.0
2.39391193e-05 -0.000213851235 0.0
6.48181449e-05 -0.000192659732 0.0
0.00164606492 -0.000237902219 0.0
0.00161671499 -0.000238966328 0.0
0.00158913026 -0.000239833695 0.0
-2.72349407e-05 -0.000265897688 0.0
-5.37204505e-05 -0.000330118492 0.0
-5.80583437e-05 -0.00030693959 0.0
-2.09243481e-05 -0.000287596893 0.0
0.000310043601 -0.00015686109 0.0
0.000283541187 -0.000198217764 0.0
0.000287448609 -0.000177990441 0.0
0.000307012873 -0.00017875561 0.0
0.000626723689 -0.00031908651 0.0
0.00060343527 -0.000362083258 0.0
0.000601455686 -0.000342186366 0.0
0.000630991708 -0.00032863731 0.0
0.00114994228 -0.00044641734 0.0
0.00112502079 -0.000377276709 0.0
0.00114548812 -0.000429112581 0.0
0.00112960499 -0.000392457383 0.0
0.000374482101 -0.000421745004 0.0
0.000346949178 -0.000596378813 0.0
0.000318012695 -0.00053481682 0.0
0.00040359894 -0.000489057275 0.0
0.000947278633 -0.000215223408 0.0
0.000919106242 -0.000306879258 0.0
0.00090979872 -0.00027515259 0.0
0.000956832315 -0.000244424766 0.0
-0.000466439407 -0.000719744421 0.0
0.0 0.0 0.0
0.0015825294 0.0 0.0
0.00111608999 -0.000719744421 0.0
0.000871163094 -0.000533209182 0.0
0.000864762696 -0.000535839179 0.0
0.000858542451 -0.000539236877 0.0
0.000852311205 -0.000543452566 0.0
0.00084690284 -0.000550180557 0.0
0.000842071138 -0.000559041335 0.0
0.000840284978 -0.000566858798 0.0
0.000840823574 -0.000571144396 0.0
0.000842514855 -0.000572799472 0.0
0.000845991715 -0.000572908029 0.0
0.000850617129 -0.000572780089 0.0
0.000862549176 -0.000569413125 0.0
0.000868926523 -0.000566061004 0.0
0.000874798221 -0.000561774999 0.0
0.000880116364 -0.000557771011 0.0
0.00088507717 -0.000553992169 0.0
0.000890350027 -0.00054994598 0.0
0.00089353614 -0.000544352748 0.0
0.000894084864 -0.000539616216 0.0
0.000892442127 -0.000536114152 0.0
0.000889220741 -0.000532880833 0.0
0.000884073437 -0.000531194848 0.0
0.000867950672 -0.000553466438 0.0
-0.000359501777 -0.000514188898 0.0
-0.000342723361 -0.000512261526 0.0
-0.00030576167 -0.000509135891 0.0
-0.000292459939 -0.000508270925 0.0
-0.000275205763 -0.000496131717 0.0
-0.000270113669 -0.000481175521 0.0
-0.000269229262 -0.00046639482 0.0
-0.000272239529 -0.000454765832 0.0
-0.000278389896 -0.000447550963 0.0
-0.000286842871 -0.000442411518 0.0
-0.000296968996 -0.000440023519 0.0
-0.000321424799 -0.000441888988 0.0
-0.00033433488 -0.000447148079 0.0
-0.000346691435 -0.000455334113 0.0
-0.000357542012 -0.000465677382 0.0
-0.000365788699 -0.000476785586 0.0
-0.000372158014 -0.000488651218 0.0
-0.000375230215 -0.000502852199 0.0
0.00129006943 -0.000508270925 0.0
0.0012767677 -0.000509135891 0.0
0.00123980606 -0.000512261526 0.0
0.00122302759 -0.000514188898 0.0
0.00121467584 -0.00052666117 0.0
0.00122406951 -0.000534255756 0.0
0.00123575784 -0.00053736323 0.0
0.00124833558 -0.000537986227 0.0
0.00126014336 -0.000535256462 0.0
0.00127159641 -0.000530967489 0.0
0.00128186459 -0.000526168616 0.0
0.00129181321 -0.000518229383 0.0
-0.00023985983 -0.000769956619 0.0
-0.000243637929 -0.000792787527 0.0
-0.000253334671 -0.000854904356 0.0
-0.000257324078 -0.000877003476 0.0
-0.000242979848 -0.000895923004 0.0
-0.000224305651 -0.000895414152 0.0
-0.000205051998 -0.000890706375 0.0
-0.000186575737 -0.000881550252 0.0
-0.000169882522 -0.000868371862 0.0
-0.000155625079 -0.000853140373 0.0
-0.000144579608 -0.000836015795 0.0
-0.000137759009 -0.000795951462 0.0
-0.000142780686 -0.000777662324 0.0
-0.000151773711 -0.000763037882 0.0
-0.000164654062 -0.000752010616 0.0
-0.000180050425 -0.00074584625 0.0
-0.000197849062 -0.000744104909 0.0
-0.000217028341 -0.000745895086 0.0
0.000209115329 -0.00015725907 0.0
0.000213104722 -0.000135159979 0.0
0.000222801464 -7.30431348e-05 0.0
0.000226579563 -5.02121984e-05 0.0
0.000211140359 -4.30774598e-05 0.0
0.00019546003 -5.62990463e-05 0.0
0.000182873599 -7.13717382e-05 0.0
0.000172944579 -8.69237119e-05 0.0
0.000167247883 -0.000107300679 0.0
0.000166026628 -0.000128348402 0.0
0.000170677013 -0.000144917241 0.0
0.000179847775 -0.000157454444 0.0
0.00019171086 -0.0001665936 0.0
0.000159194809 -0.000723784207 0.0
0.000148779072 -0.000738306902 0.0
0.000147814673 -0.000745138561 0.0
0.000151863394 -0.000745110796 0.0
0.000156516355 -0.000743860728 0.0
0.000162308963 -0.000741224154 0.0
0.00016823133 -0.000738030882 0.0
0.000174672241 -0.000733519963 0.0
0.000179914729 -0.000728635932 0.0
0.0001842028 -0.00072611816 0.0
0.000191245796 -0.000720515673 0.0
0.000192700492 -0.000717114133 0.0
0.000192438689 -0.000714550144 0.0
0.000190406441 -0.00071276573 0.0
0.000186918187 -0.000712038891 0.0
0.000182000644 -0.000712112291 0.0
0.000175952475 -0.000713733258 0.0
0.000169596926 -0.000716069597 0.0
0.00061521848 -1.85624831e-05 0.0
0.000625634217 -4.03978584e-06 0.0
0.000623360043 -3.54695339e-06 0.0
0.00061730796 -7.24301844e-06 0.0
0.000612493954 -1.140122e-05 0.0
0.000609870709 -1.6894719e-05 0.0
0.000609889627 -2.14647971e-05 0.0
0.00132090447 2.9557772e-05 0.0
0.00130129047 2.22673461e-05 0.0
0.00128357986 9.95433766e-06 0.0
0.0012683617 -5.24446477e-06 0.0
0.00125643448 -2.28611207e-05 0.0
0.00124998705 -4.32455527e-05 0.0
0.00124713697 -6.72684691e-05 0.0
0.00125284714 -8.55221951e-05 0.0
0.00126396795 -0.000100408375 0.0
0.00127927144 -0.000109533576 0.0
0.00129754096 -0.00011420621 0.0
0.00133693637 -0.000109358807 0.0
0.00135574362 -0.000100244863 0.0
0.00137232163 -8.74563921e-05 0.0
0.0013856967 -7.11635657e-05 0.0
0.0013955303 -5.14029198e-05 0.0
0.00140075095 -3.02791323e-05 0.0
0.00140107761 -1.17672917e-05 0.0
0.00139716396 2.87661578e-06 0.0
0.00138824165 1.42235267e-05 0.0
0.00137542177 2.31886806e-05 0.0
0.00135918369 2.94459605e-05 0.0
0.00132888288 -3.8739563e-05 0.0
0.00104243052 -0.000604261877 0.0
0.00101230724 -0.000609763782 0.0
0.000992009067 -0.000620286562 0.0
0.000984245911 -0.000630983093 0.0
0.000978349359 -0.000643462525 0.0
0.000974449329 -0.000656516 0.0
0.000972820097 -0.000666595995 0.0
0.000974524999 -0.000673875387 0.0
0.000978623168 -0.000678393233 0.0
0.000984826358 -0.000681806181 0.0
0.000992874848 -0.000683487626 0.0
0.00101463113 -0.000681332196 0.0
0.00102613878 -0.000677006668 0.0
0.0010368434 -0.000670648064 0.0
0.00104652508 -0.000662622333 0.0
0.00105444097 -0.000653302297 0.0
0.00106175418 -0.00064268522 0.0
0.00106572872 -0.00063057302 0.0
0.00106614991 -0.000618234044 0.0
0.00106214581 -0.000608789152 0.0
-0.000570222212 -0.000609763782 0.0
-0.000540098874 -0.000604261877 0.0
-0.000535237952 -0.000598361425 0.0
-0.000543967704 -0.000597116712 0.0
-0.000553024234 -0.000597915729 0.0
-0.000562359521 -0.000600860512 0.0
-0.000571823679 -0.000605211884 0.0
6.05889909e-05 -0.000559782377 0.0
3.9843595e-05 -0.000569607073 0.0
2.06883378e-05 -0.000582077831 0.0
5.54106009e-06 -0.000597256934 0.0
-6.08310393e-06 -0.000614261138 0.0
-1.44730211e-05 -0.000632467971 0.0
-1.90377577e-05 -0.00065484707 0.0
-1.7104363e-05 -0.000677845965 0.0
-9.55689848e-06 -0.000697573938 0.0
2.8283971e-06 -0.000713203219 0.0
1.95969569e-05 -0.000724336423 0.0
3.86599859e-05 -0.00073005876 0.0
8.08700279e-05 -0.000728217419 0.0
0.000102123624 -0.000719777658 0.0
0.000122075682 -0.000706572842 0.0
0.000139374912 -0.000688877364 0.0
0.000152733468 -0.000668618712 0.0
0.000161915974 -0.000645216089 0.0
0.000164855082 -0.000620742503 0.0
0.000161933902 -0.000598970801 0.0
0.000153516361 -0.000582171488 0.0
0.000140321528 -0.000569509633 0.0
0.00012376727 -0.000560262124 0.0
0.000104025617 -0.000555211678 0.0
7.08454754e-05 -0.00064067496 0.0
0.000704298029 -0.000609586015 0.0
0.00069150253 -0.0006153789 0.0
0.000680133759 -0.00062379986 0.0
0.000671414949 -0.000633568154 0.0
0.000664689986 -0.000644685409 0.0
0.000660899153 -0.000656599703 0.0
0.000661018887 -0.000667923829 0.0
0.000664710649 -0.000676756143 0.0
0.00067132432 -0.000683107181 0.0
0.000680542144 -0.000686009589 0.0
0.000704572012 -0.000684014289 0.0
0.000717062503 -0.000678532815 0.0
0.000728723709 -0.000670095964 0.0
0.000738797651 -0.000659494777 0.0
0.000746971346 -0.000645365741 0.0
0.000750372128 -0.000631374656 0.0
0.000749444182 -0.000620535458 0.0
0.000745398575 -0.000613438722 0.0
0.000738205388 -0.00060891558 0.0
0.000728687563 -0.000606556365 0.0
0.000704205479 -0.000645506545 0.0
0.000700760458 -0.000264022092 0.0
0.00068808347 -0.000269913406 0.0
0.000675584597 -0.000279179105 0.0
0.00066376233 -0.000292242359 0.0
0.000655300275 -0.000308048038 0.0
0.000652488088 -0.000320879597 0.0
0.000652726041 -0.000330035604 0.0
0.000655575015 -0.000337898324 0.0
0.000660531921 -0.000345385895 0.0
0.000667906541 -0.000351558789 0.0
0.000676752243 -0.000355212193 0.0
0.000699180644 -0.000353936251 0.0
0.000711303088 -0.000348266709 0.0
0.00072283356 -0.00033944234 0.0
0.000732373795 -0.000327925314 0.0
0.00074009673 -0.000316516933 0.0
0.000745801197 -0.000305366499 0.0
0.000747695391 -0.000293451973 0.0
0.000745989499 -0.000282663619 0.0
0.000741240336 -0.000273704965 0.0
0.000733778754 -0.000267145428 0.0
0.00072425633 -0.000263278926 0.0
0.000700101315 -0.000311528274 0.0
1.82142994e-05 -0.000239483241 0.0
5.07606164e-05 -0.000238427849 0.0
7.47322847e-05 -0.000229438898 0.0
8.43822418e-05 -0.000219617665 0.0
9.1740978e-05 -0.000207577206 0.0
9.62751947e-05 -0.000193281856 0.0
9.67737433e-05 -0.000179343595 0.0
9.31908944e-05 -0.000168569735 0.0
8.72293167e-05 -0.000161593169 0.0
7.98042383e-05 -0.000158306793 0.0
7.0569833e-05 -0.000156182272 0.0
4.71393141e-05 -0.000158322102 0.0
3.41241139e-05 -0.000164407611 0.0
2.17197121e-05 -0.000173959255 0.0
1.1496064e-05 -0.000185947778 0.0
2.98083637e-06 -0.000199069094 0.0
-2.1001706e-06 -0.00021042084 0.0
-4.29653937e-06 -0.000219399895 0.0
-3.29217937e-06 -0.000226825345 0.0
3.03501025e-07 -0.000233817147 0.0
0.00163328997 -0.000238427849 0.0
0.00160074374 -0.000239483241 0.0
0.00159785687 -0.000244399562 0.0
0.00160865916 -0.000246888347 0.0
0.00162073493 -0.000246913201 0.0
0.00163359742 -0.000244167604 0.0
-3.61371458e-05 -0.000267459283 0.0
-4.56860507e-05 -0.000271205616 0.0
-5.51003905e-05 -0.000277372048 0.0
-6.36886834e-05 -0.000284921407 0.0
-7.09318774e-05 -0.000293440011 0.0
-7.58210299e-05 -0.000304014189 0.0
-7.77598689e-05 -0.000314586476 0.0
-7.67477904e-05 -0.000322702224 0.0
-7.39644311e-05 -0.000326420937 0.0
-6.91269961e-05 -0.000329211063 0.0
-6.22118605e-05 -0.000330212846 0.0
-4.40984331e-05 -0.000327894697 0.0
-3.41519735e-05 -0.000322755048 0.0
-2.439534e-05 -0.000315328158 0.0
-1.5907277e-05 -0.000305737136 0.0
-9.40738664e-06 -0.000295441743 0.0
-4.89879676e-06 -0.000287101924 0.0
-2.7701185e-06 -0.000282170979 0.0
-3.91508866e-06 -0.000277624873 0.0
-7.19872787e-06 -0.000272884383 0.0
-1.26290406e-05 -0.000268761854 0.0
-1.93618362e-05 -0.000266352086 0.0
-3.94684284e-05 -0.000296903658 0.0
0.000304160611 -0.000158442926 0.0
0.000297529565 -0.000161911084 0.0
0.000291034492 -0.000166916783 0.0
0.000285104441 -0.000172698405 0.0
0.000280490232 -0.000178450515 0.0
0.000275483413 -0.00018277808 0.0
0.000271899829 -0.0001866495 0.0
0.000270732387 -0.000190698018 0.0
0.00027166889 -0.000194387394 0.0
0.000274252234 -0.000197131289 0.0
0.000278303312 -0.000198182781 0.0
0.000290121941 -0.000196937151 0.0
0.000297330902 -0.00019308395 0.0
0.000304501096 -0.000187893384 0.0
0.000310996227 -0.000184392717 0.0
0.000316596823 -0.000180491668 0.0
0.000320817286 -0.000175858775 0.0
0.000323491055 -0.000169943916 0.0
0.000323807442 -0.000164049197 0.0
0.00032225938 -0.000159619463 0.0
0.000319199928 -0.000157146424 0.0
0.000315002893 -0.0001564829 0.0
0.000296890212 -0.000178058312 0.0
0.000619270664 -0.000321085856 0.0
0.000612248259 -0.00032407511 0.0
0.00060570403 -0.000327892194 0.0
0.000599800842 -0.000331841089 0.0
0.000594431011 -0.000336343859 0.0
0.00059025822 -0.000342129933 0.0
0.000587570539 -0.000348460162 0.0
0.000587995979 -0.000354151387 0.0
0.000591136457 -0.000357597775 0.0
0.000596303435 -0.000360474776 0.0
0.000612230273 -0.000361126527 0.0
0.000622112246 -0.000356869481 0.0
0.000631661154 -0.000350332237 0.0
0.000639194855 -0.000340941828 0.0
0.000643656007 -0.000330791663 0.0
0.000644328597 -0.000324552151 0.0
0.000644230517 -0.000323278538 0.0
0.000643499021 -0.000322021195 0.0
0.000639731181 -0.000320071267 0.0
0.000634028809 -0.000318796694 0.0
0.000615736179 -0.000335580873 0.0
0.00115789881 -0.000445160869 0.0
0.00116356032 -0.000442307792 0.0
0.00116752659 -0.000438769464 0.0
0.00116899726 -0.000433696201 0.0
0.00116911007 -0.000424948928 0.0
0.00116526894 -0.000416583236 0.0
0.00116102514 -0.000406608335 0.0
0.00115544628 -0.000397862488 0.0
0.00114881445 -0.000389509485 0.0
0.00114083069 -0.00038388386 0.0
0.00113274623 -0.000379840727 0.0
0.00111750921 -0.000376376964 0.0
0.00111000042 -0.000377104792 0.0
0.0011051849 -0.000378784811 0.0
0.00110182189 -0.00038396637 0.0
0.00110013562 -0.000393943163 0.0
0.00110257766 -0.000406825711 0.0
0.00110815151 -0.000417934993 0.0
0.00111556356 -0.000426663348 0.0
0.00112359424 -0.000434557995 0.0
0.00113234366 -0.000441124663 0.0
0.00114117342 -0.000445287209 0.0
0.00113761367 -0.000410815905 0.0
0.00035056498 -0.000425107981 0.0
0.000327212067 -0.000434657326 0.0
0.000305737922 -0.000449533662 0.0
0.000287853181 -0.000469410501 0.0
0.000275316124 -0.000493561907 0.0
0.000268752017 -0.000519804715 0.0
0.000268898322 -0.000544578535 0.0
0.000276463805 -0.000563704176 0.0
0.000288605428 -0.00057819119 0.0
0.000305197027 -0.000588622876 0.0
0.000325110828 -0.000594887359 0.0
0.000370110094 -0.000592475117 0.0
0.000392480666 -0.000582418055 0.0
0.000412588794 -0.000566784583 0.0
0.000428417436 -0.000547110802 0.0
0.000440902892 -0.00052692031 0.0
0.000447694707 -0.000504167809 0.0
0.000448329083 -0.000482760195 0.0
0.000443276222 -0.00046254191 0.0
0.000432640925 -0.000445176498 0.0
0.000416715775 -0.000432805187 0.0
0.00039695896 -0.000424633996 0.0
0.000361232407 -0.000511367398 0.0
0.000935361371 -0.000220066475 0.0
0.000923593412 -0.000227329525 0.0
0.000913176511 -0.000236107371 0.0
0.000905069232 -0.00024718928 0.0
0.000900394749 -0.000256252999 0.0
0.000896345067 -0.000262812129 0.0
0.000892655167 -0.000270419143 0.0
0.000889931514 -0.000278904714 0.0
0.000890130701 -0.000287207426 0.0
0.000893489982 -0.000294100173 0.0
0.000899809471 -0.000299858104 0.0
0.000908510876 -0.000304328831 0.0
0.000930978684 -0.000306316797 0.0
0.000943678722 -0.000302230881 0.0
0.000956237956 -0.000294790894 0.0
0.000967468834 -0.000285286311 0.0
0.000978126191 -0.000275160855 0.0
0.000985321705 -0.000262611196 0.0
0.000989372842 -0.000248460303 0.0
0.000989236636 -0.000235143685 0.0
0.000984900282 -0.000224906122 0.0
0.000978218741 -0.000217369554 0.0
0.000968859997 -0.000214506028 0.0
0.000958440942 -0.000213652907 0.0
0.000932216935 -0.000261317706 0.0
-0.000469119666 -0.00070229813 0.0
-0.000504136784 -0.000669025758 0.0
-0.000379426609 -0.000482682022 0.0
-0.000402817823 -0.000462979195 0.0
-0.000268255651 -0.000400831632 0.0
-0.000135334267 -0.000342618121 0.0
-0.000102725811 -0.000312363816 0.0
-0.000114637369 -0.000288931653 0.0
-0.000138841555 -0.000267680589 0.0
-0.000143080571 -0.000259439927 0.0
-0.00012035673 -0.00025809303 0.0
-6.93211405e-05 -0.000256296247 0.0
-6.40591534e-05 -0.000127845575 0.0
-7.99398767e-05 -7.79914481e-05 0.0
-5.41424124e-05 -4.12942427e-05 0.0
-2.01387957e-05 -2.10663948e-05 0.0
0.000122309386 -0.000132726724 0.0
0.000370530324 -0.000140894015 0.0
0.000460925396 -0.000122009027 0.0
0.000760885363 -0.000111871115 0.0
0.000846141542 -0.000147567742 0.0
0.000930623675 -9.66339139e-05 0.0
0.00102557102 -1.53199253e-05 0.0
0.0010996015 4.9243743e-05 0.0
0.00113151083 6.75949705e-05 0.0
0.00116784335 6.364812e-05 0.0
0.00122098264 2.91092765e-05 0.0
0.00127227826 -1.56290062e-05 0.0
0.00131310953 -4.48430801e-05 0.0
0.00134768896 -4.48597493e-05 0.0
0.00138328737 -2.74181875e-05 0.0
0.00141218235 3.62998264e-07 0.0
0.0014414225 2.68204603e-05 0.0
0.00147660379 5.29270328e-05 0.0
0.00152032764 4.99126581e-05 0.0
0.00156239059 -2.10663948e-05 0.0
0.00152838696 -4.12942427e-05 0.0
0.00150258956 -7.79914481e-05 0.0
0.00151847024 -0.000127845575 0.0
0.00151320826 -0.000256296247 0.0
0.00146217272 -0.00025809303 0.0
0.0014394488 -0.000259439927 0.0
0.00144368783 -0.000267680589 0.0
0.00146789209 -0.000288931653 0.0
0.00147980358 -0.000312363816 0.0
0.00144719519 -0.000342618121 0.0
0.00131427369 -0.000400831632 0.0
0.00117971154 -0.000462979195 0.0
0.00120310276 -0.000482682022 0.0
0.00107839261 -0.000669025758 0.0
0.00111340976 -0.00070229813 0.0
0.00105388823 -0.000669831759 0.0
0.00101016439 -0.000666817359 0.0
0.000974983152 -0.000692923961 0.0
0.000945742941 -0.00071938138 0.0
0.000916848017 -0.000747162616 0.0
0.000881249551 -0.000764604134 0.0
0.000846670126 -0.000764587487 0.0
0.00080583879 -0.000735373411 0.0
0.000754543231 -0.000690635119 0.0
0.000701403944 -0.000656096265 0.0
0.000665071479 -0.000652149436 0.0
0.000633162155 -0.000670500682 0.0
0.000559131615 -0.000735064328 0.0
0.000464184239 -0.000816378335 0.0
0.000379702164 -0.000867312134 0.0
0.000294445985 -0.000831615529 0.0
-5.51399853e-06 -0.000841753441 0.0
-9.59090685e-05 -0.000860638393 0.0
-0.000344130007 -0.000852471101 0.0
0.000861796259 -0.00054775842 0.0
0.000873522309 -0.000557552325 0.0
0.000881528074 -0.00055047893 0.0
0.000853886304 -0.000557508378 0.0
0.000871100579 -0.000541127927 0.0
0.000863805588 -0.00056384434 0.0
0.000863201101 -0.000541387824 0.0
0.000871226308 -0.000561820809 0.0
0.000879767467 -0.000555792649 0.0
0.000854695332 -0.000549083226 0.0
0.000847312564 -0.000564957561 0.0
0.00088766485 -0.000544666196 0.0
0.000856589177 -0.000568646647 0.0
0.00087800558 -0.00053635356 0.0
0.000849169155 -0.000555269653 0.0
0.000876336999 -0.000559156353 0.0
0.000858178188 -0.000544024166 0.0
0.000865513808 -0.000565838825 0.0
0.000884942943 -0.00055195234 0.0
0.000868654286 -0.000537428423 0.0
0.000886603608 -0.000537934829 0.0
0.000848598836 -0.000569803291 0.0
0.000847213436 -0.000568562304 0.0
0.00088793016 -0.000540427223 0.0
0.000887604954 -0.000548335433 0.0
0.000846754236 -0.000560921966 0.0
0.000883404864 -0.000536540465 0.0
0.000851573423 -0.000569741591 0.0
0.000860865694 -0.000567977608 0.0
0.000873341633 -0.000535839936 0.0
0.000861210749 -0.000554379309 0.0
0.000874518591 -0.000552773534 0.0
0.000868568954 -0.000547526113 0.0
0.00086702063 -0.000558801519 0.0
-0.000307051436 -0.000477282621 0.0
-0.000336039957 -0.000482133473 0.0
-0.000320148654 -0.000461675314 0.0
-0.000290380296 -0.000489049358 0.0
-0.000353856012 -0.000494974025 0.0
-0.000286047114 -0.000469461724 0.0
-0.000294822268 -0.000460024428 0.0
-0.000334761658 -0.000462491589 0.0
-0.000323475222 -0.000491668528 0.0
-0.000348045869 -0.00047471092 0.0
-0.000305937923 -0.000493345666 0.0
-0.000340139552 -0.000496477005 0.0
-0.000305457419 -0.00045225292 0.0
-0.000321099069 -0.000475324196 0.0
-0.000316277117 -0.000450161577 0.0
-0.000286181399 -0.000498465204 0.0
-0.00029635994 -0.000499994843 0.0
-0.000358904887 -0.000485481549 0.0
-0.00030973737 -0.000465237361 0.0
-0.000283808273 -0.000458222901 0.0
-0.000280641922 -0.000477849157 0.0
-0.000363005791 -0.000504341151 0.0
-0.000346557121 -0.000464996963 0.0
-0.000350466464 -0.000504312105 0.0
-0.000325886853 -0.000452698878 0.0
-0.000296129379 -0.000480851741 0.0
-0.000331448624 -0.000471303618 0.0
-0.000280693494 -0.000488738006 0.0
-0.000364484644 -0.000495113782 0.0
-0.000347725378 -0.000484812103 0.0
-0.000294864265 -0.000449942483 0.0
-0.000332389463 -0.000502713956 0.0
0.00126614654 -0.00052322488 0.0
0.00124662742 -0.000525576237 0.0
0.0012276792 -0.000522921211 0.0
0.00128308323 -0.000517086999 0.0
0.0012755366 -0.000522168761 0.0
0.00123523793 -0.000527045398 0.0
0.00125627208 -0.00052688492 0.0
-0.000205595148 -0.000842354493 0.0
-0.000200846436 -0.000798884023 0.0
-0.000170370229 -0.000812614569 0.0
-0.000211699429 -0.000773398962 0.0
-0.000229221056 -0.000871365482 0.0
-0.00020163905 -0.000865756301 0.0
-0.000170800588 -0.00083693472 0.0
-0.000182413176 -0.000765144359 0.0
-0.000167334292 -0.000787087716 0.0
-0.000221598471 -0.000799680012 0.0
-0.00020741453 -0.000818685163 0.0
-0.000229329933 -0.00085125945 0.0
-0.000180888164 -0.00085735647 0.0
-0.000223744035 -0.000762869488 0.0
-0.000188735678 -0.000827533542 0.0
-0.00015556415 -0.000796589244 0.0
-0.000196849447 -0.000760211668 0.0
-0.00015703401 -0.000822334841 0.0
-0.000216549553 -0.000879416999 0.0
-0.000169986175 -0.000770047656 0.0
-0.000228883626 -0.000780173752 0.0
-0.000243704504 -0.000881634303 0.0
-0.000242976195 -0.000864936854 0.0
-0.000186483492 -0.000804711832 0.0
-0.000215992855 -0.000858844724 0.0
-0.000228516088 -0.00083116797 0.0
-0.000199589194 -0.000781865965 0.0
-0.000231427708 -0.000884815236 0.0
-0.000152043329 -0.000808858778 0.0
-0.000189553466 -0.000846091949 0.0
-0.000208846977 -0.000756264839 0.0
-0.000183952754 -0.000783835712 0.0
0.000193286032 -0.00012347319 0.0
0.000192224499 -9.99405747e-05 0.0
0.000202351002 -7.23123085e-05 0.0
0.00019602575 -0.000151640925 0.0
0.000181116513 -0.000114566479 0.0
0.000211525563 -5.89702831e-05 0.0
0.00019040241 -8.29406927e-05 0.0
0.000206246914 -8.65079419e-05 0.0
0.000186804653 -0.000140502991 0.0
0.000171732288 -0.000725006626 0.0
0.000163164863 -0.000732951565 0.0
0.000176868998 -0.000727836101 0.0
0.000182879245 -0.000722316443 0.0
0.000171320818 -0.000719801406 0.0
0.000166793325 -0.000735356996 0.0
0.000180879433 -0.000718433177 0.0
0.00015637718 -0.000737872673 0.0
0.000157835893 -0.000740149291 0.0
0.000163403776 -0.000729230291 0.0
0.000170757135 -0.000728407176 0.0
0.00017430837 -0.000731195905 0.0
0.000182489093 -0.000725782244 0.0
0.000165985897 -0.000724008132 0.0
0.000186549427 -0.000717803428 0.0
0.000178795512 -0.000716084847 0.0
0.000156422597 -0.000734102447 0.0
0.000169565465 -0.000731663837 0.0
0.000166845013 -0.000719889766 0.0
0.000177139067 -0.000725340447 0.0
0.000179214956 -0.000721751538 0.0
0.000186040314 -0.000722852012 0.0
0.000162154654 -0.000739050913 0.0
0.000170150219 -0.000734941568 0.0
0.000179960334 -0.000727891689 0.0
0.000152938592 -0.000742003613 0.0
0.000172129076 -0.000717110757 0.0
0.0001879021 -0.00072016503 0.0
0.000174818706 -0.000720720331 0.0
0.000165914564 -0.000737746654 0.0
0.000185131794 -0.00071516016 0.0
0.000150074295 -0.000741760188 0.0
0.000180781732 -0.000725032878 0.0
0.000162707714 -0.000736176851 0.0
0.000614167482 -1.51309514e-05 0.0
0.000619521597 -7.68396239e-06 0.0
0.00061235897 -1.80913539e-05 0.0
0.000621585641 -5.52117854e-06 0.0
0.00129147992 -3.64342923e-05 0.0
0.00134606205 -6.61811937e-05 0.0
0.00137090229 -4.19232274e-05 0.0
0.00130517501 -6.20893979e-06 0.0
0.00133296731 9.85794031e-06 0.0
0.00137747894 -1.51993627e-05 0.0
0.00127755629 -6.30504801e-05 0.0
0.00132549671 -9.03245382e-05 0.0
0.00127959088 -2.0501011e-05 0.0
0.00136623008 -6.879992e-05 0.0
0.00132674549 -1.41714263e-05 0.0
0.00129843713 -9.44010681e-05 0.0
0.00135844026 1.19647757e-05 0.0
0.00134283991 -9.24868873e-05 0.0
0.00127305859 -8.19456618e-05 0.0
0.00126522069 -5.14845087e-05 0.0
0.00131262047 1.28288439e-05 0.0
0.00138733955 -2.63208531e-05 0.0
0.00138089957 3.02757343e-07 0.0
0.00128703972 -2.95528366e-06 0.0
0.00138080434 -5.47227646e-05 0.0
0.00135567796 -2.87536277e-05 0.0
0.0012980965 7.06342917e-06 0.0
0.00135797192 -8.46168332e-05 0.0
0.00126643328 -3.43534193e-05 0.0
0.00138662441 -4.06979561e-05 0.0
0.00128387462 -9.19503873e-05 0.0
0.001371486 8.84243582e-06 0.0
0.00130963046 -0.000103206206 0.0
0.00134794519 2.07818557e-05 0.0
0.00101523823 -0.000650210015 0.0
0.00100338564 -0.000635511475 0.0
0.00103828509 -0.000629929826 0.0
0.000993878581 -0.000657663273 0.0
0.00103588914 -0.00065146602 0.0
0.00100579811 -0.000668565976 0.0
0.00102124957 -0.000629082788 0.0
0.00102172769 -0.000664510124 0.0
0.000988531741 -0.000648331246 0.0
0.00104828831 -0.000640193583 0.0
0.000992491259 -0.000670489273 0.0
0.00100293243 -0.000622045831 0.0
0.00104675 -0.000615139317 0.0
0.00101494801 -0.000620950595 0.0
0.00103289203 -0.000617976941 0.0
0.00103579822 -0.000662017497 0.0
0.00100611534 -0.000646361616 0.0
0.000993293594 -0.000634762342 0.0
0.00100427796 -0.000658882025 0.0
0.00101081328 -0.000674314448 0.0
0.00105059939 -0.000626279856 0.0
0.00102800038 -0.000642815779 0.0
0.00102260651 -0.000653687341 0.0
0.000981466263 -0.000665410655 0.0
0.0010488712 -0.000649202964 0.0
0.000996213639 -0.000675804331 0.0
0.000981936348 -0.000657839468 0.0
0.000984077109 -0.000670618494 0.0
0.00102808187 -0.000669613422 0.0
0.0010197626 -0.000673724513 0.0
0.0010122268 -0.000635389821 0.0
0.0010278055 -0.000632868847 0.0
0.000997871161 -0.000645393622 0.0
0.00102396321 -0.000618773687 0.0
0.0010127601 -0.000658985053 0.0
0.00103894202 -0.000638654165 0.0
0.00100213022 -0.000677801203 0.0
0.000986092491 -0.00064185611 0.0
0.00105622271 -0.000631368312 0.0
0.0010183634 -0.000639513484 0.0
0.00104424951 -0.000656779681 0.0
-0.000561676105 -0.000604101398 0.0
-0.000546742172 -0.000601211097 0.0
-0.000566508912 -0.000604972127 0.0
-0.000541550806 -0.000600255444 0.0
0.000120065481 -0.000634792552 0.0
9.2004746e-05 -0.000682424929 0.0
4.98022055e-05 -0.000602284039 0.0
2.11419083e-05 -0.00064497249 0.0
1.98532707e-05 -0.000615680125 0.0
1.23694663e-05 -0.000675077201 0.0
6.92444155e-05 -0.000705916376 0.0
0.000122401136 -0.00066710182 0.0
0.00013077099 -0.000604276138 0.0
7.20613461e-05 -0.000580446795 0.0
0.000146996477 -0.000634014723 0.0
3.70799062e-05 -0.00058547192 0.0
-2.54037013e-06 -0.000643737148 0.0
0.00010494559 -0.000701552432 0.0
0.000117192816 -0.000582394947 0.0
9.74626164e-05 -0.00057456526 0.0
2.58137443e-05 -0.000699778378 0.0
4.41621596e-05 -0.000710890512 0.0
2.12910663e-06 -0.000626075314 0.0
-2.99887984e-06 -0.000661912956 0.0
0.000147277373 -0.000615514698 0.0
0.000142259189 -0.000654067553 0.0
5.33393686e-05 -0.000576510443 0.0
2.20905586e-05 -0.000597318227 0.0
8.81388987e-05 -0.000710551336 0.0
0.000120722056 -0.000688241736 0.0
0.000135415728 -0.000584409805 0.0
7.87222598e-06 -0.000696461182 0.0
4.84300981e-05 -0.000630879134 0.0
9.15437267e-05 -0.000652414805 0.0
0.000707646424 -0.000625799934 0.0
0.000701012556 -0.000666124979 0.0
0.000726926955 -0.00062212866 0.0
0.000682265381 -0.000668588735 0.0
0.000691344496 -0.000627965201 0.0
0.00071724836 -0.000664762105 0.0
0.000690752175 -0.000676338677 0.0
0.000718295749 -0.00061587058 0.0
0.000678044336 -0.000641024206 0.0
0.000731027976 -0.00065016048 0.0
0.00067196379 -0.000666472595 0.0
0.000737850438 -0.000623151718 0.0
0.000712211884 -0.000654060219 0.0
0.000696236326 -0.000637356483 0.0
0.000699754048 -0.000618859718 0.0
0.000708955282 -0.000674241048 0.0
0.000709619198 -0.000614525052 0.0
0.000699256489 -0.000678342476 0.0
0.000728013867 -0.000613351003 0.0
0.000681249832 -0.000678589102 0.0
0.00074053288 -0.000630795781 0.0
0.000739670359 -0.000639768259 0.0
0.000669489324 -0.00065821223 0.0
0.000670417852 -0.000649747322 0.0
0.000680141209 -0.00063156971 0.0
0.000728935527 -0.000661242404 0.0
0.00071377214 -0.000633235089 0.0
0.000694898656 -0.000657801982 0.0
0.000678394339 -0.000328126742 0.0
0.000710039807 -0.000286699593 0.0
0.000726425904 -0.000290059601 0.0
0.000687198306 -0.000339287624 0.0
0.000731731823 -0.000304496236 0.0
0.000703505822 -0.000338230224 0.0
0.000667800312 -0.000320053747 0.0
0.000696683186 -0.000282225694 0.0
0.000722053868 -0.000276663981 0.0
0.000672506692 -0.000340007362 0.0
0.000716701208 -0.000304804067 0.0
0.000671030837 -0.000303430686 0.0
0.000727837381 -0.000319870567 0.0
0.000662382168 -0.000330377981 0.0
0.000706083491 -0.000272674137 0.0
0.00068579358 -0.000282493216 0.0
0.0007376789 -0.000291255681 0.0
0.00069296459 -0.000347088615 0.0
0.000713787507 -0.000337334874 0.0
0.000677718315 -0.000346972956 0.0
0.000731947599 -0.00027820564 0.0
0.000736560032 -0.000283306261 0.0
0.000664464082 -0.00033735644 0.0
0.000684374885 -0.000348956295 0.0
0.000715901144 -0.000270846067 0.0
0.000699544849 -0.000327031332 0.0
0.000676517899 -0.000291904493 0.0
0.000722545665 -0.000328995404 0.0
0.000661609753 -0.000313388533 0.0
0.000736456364 -0.000311659736 0.0
0.000682353799 -0.000315358455 0.0
4.50422194e-05 -0.000184573772 0.0
6.09689887e-05 -0.000223913987 0.0
2.21750488e-05 -0.00019672334 0.0
6.33298841e-05 -0.000174489687 0.0
7.38674426e-05 -0.000209092221 0.0
1.03491157e-05 -0.000211319842 0.0
4.3759781e-05 -0.000215548469 0.0
3.22178166e-05 -0.000179674855 0.0
5.18320885e-05 -0.000169667255 0.0
1.42100907e-05 -0.000229807571 0.0
7.77321329e-05 -0.000174635948 0.0
8.16097818e-05 -0.000192206062 0.0
2.94081783e-05 -0.000228229503 0.0
5.76042657e-05 -0.000214383646 0.0
4.59507755e-05 -0.000226677308 0.0
2.07519006e-05 -0.000185860714 0.0
4.22529811e-05 -0.000171512962 0.0
6.27771296e-05 -0.000164049372 0.0
7.2710056e-05 -0.000220367147 0.0
8.18490116e-06 -0.00022183574 0.0
1.3110146e-05 -0.000194529886 0.0
8.17599812e-06 -0.000203825926 0.0
7.08419466e-05 -0.000163794932 0.0
7.61838382e-05 -0.000166437239 0.0
3.90241948e-05 -0.000196998022 0.0
8.52823723e-05 -0.000200651441 0.0
8.32582446e-05 -0.000180935414 0.0
0.00160734612 -0.000242044684 0.0
0.00162482355 -0.000241727888 0.0
0.00160330057 -0.000242877941 0.0
0.00162863068 -0.000242492388 0.0
0.00159591029 -0.000241238726 0.0
0.00163765089 -0.000240165886 0.0
-4.91115206e-05 -0.000314168079 0.0
-3.50137307e-05 -0.000280735374 0.0
-2.98364448e-05 -0.000303430512 0.0
-4.97915717e-05 -0.000286186609 0.0
-2.21064092e-05 -0.00027578228 0.0
-6.13475422e-05 -0.000318478822 0.0
-3.95490424e-05 -0.000316104648 0.0
-1.72839991e-05 -0.00029369237 0.0
-6.18137055e-05 -0.000298620318 0.0
-4.03709419e-05 -0.000276402512 0.0
-5.48775351e-05 -0.0003245642 0.0
-1.50982032e-05 -0.000279334519 0.0
-2.38843058e-05 -0.000307709008 0.0
-2.60799898e-05 -0.000271669443 0.0
-6.84509505e-05 -0.00031935834 0.0
-4.93419029e-05 -0.000279020722 0.0
-5.60110457e-05 -0.000283611793 0.0
-6.13006487e-05 -0.000289978198 0.0
-3.2846252e-05 -0.000271672121 0.0
-4.7562331e-05 -0.000323349523 0.0
-6.13332013e-05 -0.000324562978 0.0
-2.91047654e-05 -0.000284960581 0.0
-1.7437691e-05 -0.000299917156 0.0
-3.12914162e-05 -0.000314725359 0.0
-1.03660532e-05 -0.000286952389 0.0
-6.90054949e-05 -0.00030687626 0.0
-6.98065123e-05 -0.000314165605 0.0
-1.04776136e-05 -0.000282633206 0.0
-4.53570356e-05 -0.000292190205 0.0
-1.43972584e-05 -0.00027442837 0.0
0.000307592563 -0.000167136721 0.0
0.000292156765 -0.000187299534 0.0
0.000282435911 -0.000189023631 0.0
0.000299136067 -0.000167872815 0.0
0.000279374101 -0.000185449564 0.0
0.000314748788 -0.000167396938 0.0
0.000300547632 -0.000186651872 0.0
0.000308665913 -0.000162057549 0.0
0.000285023736 -0.0001930117 0.0
0.000290458614 -0.000172229702 0.0
0.000314831181 -0.000174151821 0.0
0.000316075486 -0.000162392927 0.0
0.00030667457 -0.000172929475 0.0
0.000309840369 -0.000181491734 0.0
0.00029449226 -0.000191485684 0.0
0.000277853716 -0.000183339493 0.0
0.000276187347 -0.000190140971 0.0
0.000304488029 -0.000161716147 0.0
0.000300027925 -0.000163417004 0.0
0.000295022182 -0.000166798534 0.0
0.000279424974 -0.000194017979 0.0
0.000287353469 -0.000182684307 0.0
0.000313688011 -0.00016043619 0.0
0.000288555049 -0.000193992542 0.0
0.000276895793 -0.000192804611 0.0
0.000281030429 -0.000179613635 0.0
0.000284716283 -0.000175820416 0.0
0.000318964972 -0.00016898186 0.0
0.00029956011 -0.000172207961 0.0
0.000306481088 -0.000185183162 0.0
0.000314898585 -0.000178042348 0.0
0.000620198087 -0.000343026622 0.0
0.000619781087 -0.000327087648 0.0
0.000607484952 -0.000331963878 0.0
0.000606487854 -0.00034947411 0.0
0.000630295777 -0.000324221735 0.0
0.00063151971 -0.000335314166 0.0
0.000598511426 -0.000338528858 0.0
0.000616234902 -0.000351663795 0.0
0.000615756842 -0.000325478468 0.0
0.000597167178 -0.000350032991 0.0
0.000638213183 -0.000329209928 0.0
0.000630397641 -0.000342713989 0.0
0.000636875513 -0.000323368469 0.0
0.000627709087 -0.000322075473 0.0
0.000621823128 -0.00032270563 0.0
0.000624061096 -0.000349303853 0.0
0.000608033733 -0.000356008444 0.0
0.000602246029 -0.000356532139 0.0
0.00059828657 -0.000354807737 0.0
0.000609044335 -0.000327972462 0.0
0.000604267698 -0.000330720359 0.0
0.000600481173 -0.000333955832 0.0
0.000639794802 -0.000325689994 0.0
0.000639450562 -0.000324456138 0.0
0.000593826582 -0.000343457184 0.0
0.000592939323 -0.000348342001 0.0
0.000624618726 -0.000335182238 0.0
0.000624319247 -0.000328876951 0.0
0.00112059084 -0.000400900724 0.0
0.00115338224 -0.000415952818 0.0
0.00112861244 -0.000421015109 0.0
0.00114788359 -0.000401804253 0.0
0.00111782725 -0.000388204411 0.0
0.00115900126 -0.00042897457 0.0
0.00111640198 -0.000411539746 0.0
0.00113719038 -0.000432865956 0.0
0.0011369643 -0.000390106754 0.0
0.00115714467 -0.000411335524 0.0
0.00110866944 -0.000393549388 0.0
0.00115539914 -0.000434978661 0.0
0.00112272368 -0.000427213934 0.0
0.00116279372 -0.000425646344 0.0
0.00111846591 -0.000382701779 0.0
0.00115433021 -0.000402837759 0.0
0.00115002377 -0.000396587944 0.0
0.00114416634 -0.000391456124 0.0
0.00116230629 -0.000418871321 0.0
0.00110892486 -0.000402450474 0.0
0.00110987399 -0.000386822241 0.0
0.00114920107 -0.000421311765 0.0
0.00112962013 -0.000433203182 0.0
0.00111654843 -0.000420326571 0.0
0.00113045739 -0.000383937819 0.0
0.00114423642 -0.00043921778 0.0
0.0011507381 -0.000438976771 0.0
0.0011242365 -0.000382384518 0.0
0.00114253722 -0.000405347644 0.0
0.00116110314 -0.000436226459 0.0
0.000327168178 -0.000488015881 0.0
0.000360456703 -0.000552987214 0.0
0.000376779091 -0.000464816927 0.0
0.000396498974 -0.000542141031 0.0
0.000418347394 -0.000514189247 0.0
0.000302235654 -0.000508412661 0.0
0.000327553251 -0.000568666554 0.0
0.000346457527 -0.000456345937 0.0
0.000405445491 -0.000460489508 0.0
0.000375938514 -0.000568030577 0.0
0.000308449933 -0.000469697232 0.0
0.000382076338 -0.000438429328 0.0
0.000306803122 -0.000558279047 0.0
0.000340473314 -0.000580237829 0.0
0.000287585572 -0.000527806405 0.0
0.000431768771 -0.000496712222 0.0
0.000419709424 -0.000535044528 0.0
0.000397658732 -0.000561643334 0.0
0.000358732941 -0.00058056874 0.0
0.000411104964 -0.000550431665 0.0
0.000296092359 -0.000487141631 0.0
0.000324539578 -0.00045435733 0.0
0.000362489285 -0.000438578922 0.0
0.000399217301 -0.000442442193 0.0
0.000291764183 -0.00054610119 0.0
0.000430802203 -0.000478958653 0.0
0.00042492061 -0.000463527977 0.0
0.000391014037 -0.000517412322 0.0
0.000340334722 -0.000542452675 0.0
0.00030732993 -0.000572958263 0.0
0.000352989271 -0.000480259623 0.0
0.000938087003 -0.000237338987 0.0
0.000913037278 -0.000255295803 0.0
0.000954200572 -0.000270020042 0.0
0.000926875335 -0.000286176422 0.0
0.000902086555 -0.00026606163 0.0
0.000922297942 -0.000240827343 0.0
0.000944158935 -0.000286546507 0.0
0.000911122013 -0.000291182485 0.0
0.000954941788 -0.000228008081 0.0
0.000969551853 -0.000256045751 0.0
0.000939992024 -0.00022506596 0.0
0.000965761836 -0.000276760402 0.0
0.000906157366 -0.000252724421 0.0
0.000925889937 -0.000298848056 0.0
0.00097251602 -0.000238431734 0.0
0.000967154221 -0.000228969046 0.0
0.000899151259 -0.000278175954 0.0
0.000901173684 -0.000287111441 0.0
0.000901808031 -0.000259390712 0.0
0.000912565913 -0.000244654686 0.0
0.000936424418 -0.000296719518 0.0
0.000916613848 -0.000298389525 0.0
0.000929952075 -0.000229997473 0.0
0.000949514564 -0.000222343791 0.0
0.000972587615 -0.000267317169 0.0
0.000956921082 -0.000285101589 0.0
0.000895881443 -0.000273197802 0.0
0.000980024459 -0.000244554627 0.0
0.00092716678 -0.000252662401 0.0
0.000936310505 -0.000271968194 0.0
0.000474981614 -0.000495715416 0.0
0.00099422934 -0.000121530917 0.0
0.000534933875 -0.00056162267 0.0
0.000873971556 -0.000191563231 0.0
0.000353631593 -0.000466059282 0.0
0.000592549681 -0.000405488448 0.0
0.000359943719 -0.000592226803 0.0
0.000715332862 -0.000185489524 0.0
0.00122839701 -0.000485807948 0.0
0.000925627537 -0.0001920957 0.0
0.000815294101 -0.000431739987 0.0
3.40608494e-05 -0.000494258886 0.0
0.00137223094 -0.000213979467 0.0
0.000561963359 -0.000405685918 0.0
0.00129602419 -0.000307888142 0.0
0.00119042455 -1.01039423e-05 0.0
0.00062147167 -0.000541512622 0.0
0.000533787999 -4.93823245e-05 0.0
0.000140392833 -0.000246643176 0.0
-0.00040347781 -0.000556961109 0.0
0.000647332578 -0.000322830194 0.0
0.000461147632 -0.000417240983 0.0
0.000340289058 -0.000505245698 0.0
0.00111361453 -0.000142844467 0.0
0.00101662544 -0.000553409336 0.0
0.000880099309 -0.000190456267 0.0
0.000992008601 -7.67660313e-05 0.0
0.000650978414 -0.000608219008 0.0
-0.000129385953 -0.000783340074 0.0
0.000806721277 -0.000180576841 0.0
0.00026718271 -0.000264198723 0.0
0.000125229257 -0.000260749541 0.0
0.000504677359 -0.000573279336 0.0
0.000793782237 -0.000249921985 0.0
0.000680139696 -0.00038713892 0.0
0.000581677537 -0.000363488041 0.0
0.000121632831 -0.000236297856 0.0
0.000404658407 -0.000607229245 0.0
0.000689215492 -0.000485887576 0.0
0.000293380814 -0.00048138178 0.0
0.000759220857 -0.00046308522 0.0
0.00038706229 -0.000460577954 0.0
0.000480634277 -0.000543487666 0.0
0.000402903388 -0.00015799822 0.0
0.000436894479 -0.000452776381 0.0
0.00105040881 -0.000233232131 0.0
0.0004897826 -6.27751942e-05 0.0
0.00131165446 -0.000319135899 0.0
0.000633718853 -0.000198302689 0.0
-6.61171434e-05 -0.000321454223 0.0
0.000220850547 -0.000684523373 0.0
-6.65960979e-05 -0.00053508085 0.0
0.00111206074 1.02609092e-05 0.0
0.000739100156 -0.000370211055 0.0
0.00085359998 -0.000209300633 0.0
7.1888091e-05 -0.000192967447 0.0
0.000647313893 -0.000329754635 0.0
0.000107647917 -0.00046936897 0.0
0.00126377388 -2.22754716e-05 0.0
0.00138308958 -0.000263560447 0.0
0.00083394401 -0.000233097191 0.0
0.000907972979 -0.000139522803 0.0
0.000497964909 -0.000444223086 0.0
0.000583766727 -0.00038130887 0.0
0.00121394021 -0.000251787016 0.0
0.000934086565 -0.000148991763 0.0
0.000489150116 -0.000129998225 0.0
0.000326290668 -0.000169295512 0.0
0.0008323121 -0.000747866347 0.0
0.00117203081 -0.00039001563 0.0
0.000444539444 -0.000105947882 0.0
0.000264091155 -0.00049016421 0.0
0.00145396416 -0.000186104589 0.0
0.00123636588 -7.28910672e-05 0.0
0.000145708254 -0.000646139437 0.0
0.00118986471 -5.87492214e-05 0.0
0.000849830743 -0.000197972302 0.0
0.000602462387 -0.000592015218 0.0
-4.34253525e-05 -0.000739056442 0.0
0.000217826659 -0.0005728908 0.0
0.000952013012 -0.000497812231 0.0
0.000553290069 -0.000466033816 0.0
-8.20120767e-05 -0.000257886946 0.0
0.000951287744 -0.000315294514 0.0
0.000618664955 -4.4616896e-05 0.0
0.000889033719 -0.000544702634 0.0
0.000554850791 -0.000365077489 0.0
-0.000443501282 -0.000615907717 0.0
0.00115811091 -0.000571531011 0.0
0.000960128964 -0.000599567429 0.0
0.000736144139 -0.000130868648 0.0
0.000701827812 -0.000403893122 0.0
0.000183280994 -8.34463863e-05 0.0
0.000701866811 -0.000427157793 0.0
9.20487582e-05 -0.000279139378 0.0
0.000721643562 -0.000428451924 0.0
0.000466221885 -0.000416065886 0.0
0.00040028253 -0.000528243603 0.0
0.000945667853 -0.000155180183 0.0
0.000716350274 -0.000590268872 0.0
0.000501421979 -0.000368145586 0.0
0.000743497396 -0.000264901319 0.0
0.00120270718 -0.000467811362 0.0
0.00054925424 -0.000408655469 0.0
-0.00043752091 -0.000524241244 0.0
0.0011796765 -0.000476856541 0.0
0.000614367658 -0.000374148774 0.0
0.0009340166 -0.000245432922 0.0
0.000708194333 -0.000632351963 0.0
0.00151596824 -0.000144302147 0.0
0.00112373987 -6.48713394e-05 0.0
-9.40482732e-06 -0.000625383749 0.0
-8.93181787e-05 -0.000806528958 0.0
-0.000185867539 -0.000807886885 0.0
-0.000278971012 -0.000584704918 0.0
0.00038608638 -0.000841066067 0.0
0.000209619946 -0.000221418639 0.0
0.000594890735 -0.000566162984 0.0
0.00122474099 -0.00048099694 0.0
0.00098611915 -0.0005040713 0.0
-9.40314349e-05 -0.000371938659 0.0
7.71145424e-05 -0.000256595929 0.0
0.000560589833 -0.00036282558 0.0
0.000407989195 -0.000478430913 0.0
0.0014556403 -0.000246432086 0.0
0.000712607056 -0.00040931307 0.0
0.000781156705 -0.00030990169 0.0
0.000402609556 -0.000614400371 0.0
0.000498167006 -0.00058836909 0.0
0.00122793159 -0.000482119853 0.0
0.000648134679 -0.000323621964 0.0
0.000534143182 -0.000519515888 0.0
0.000337146921 -0.000467218342 0.0
0.00138363254 -0.000270657823 0.0
0.00024976852 -0.00033066445 0.0
0.000484152406 -0.000425061473 0.0
0.000735497684 -0.000557884981 0.0
6.99787779e-05 -0.000243912073 0.0
0.00114101602 -0.000322634325 0.0
0.000290450058 -0.000668651657 0.0
0.00120825146 1.83264947e-05 0.0
0.0011840018 -0.000164629455 0.0
0.000866639894 -0.000533261162 0.0
0.000183370561 -0.00021256019 0.0
0.00104352448 -5.96998325e-05 0.0
0.000438677089 -7.62040509e-05 0.0
0.000156209848 -0.000255913415 0.0
0.00108660059 -0.000227656725 0.0
0.00127620762 -5.22079099e-05 0.0
0.000819263631 -0.000216140412 0.0
0.00144630112 -8.47288175e-05 0.0
0.000865370734 -0.00015718324 0.0
0.000984790619 -0.000168988059 0.0
0.00136625953 -0.00030414341 0.0
0.00057373679 -2.25090444e-05 0.0
0.000712220848 -0.000351029128 0.0
7.92202918e-05 -0.000257288135 0.0
7.86505188e-05 -0.000621588086 0.0
0.000290300697 -0.000164454599 0.0
0.000160788957 -0.00023910137 0.0
-2.4764222e-05 -0.000830989331 0.0
0.000261340494 -0.00050394953 0.0
0.000179183466 -0.000618793478 0.0
0.000403043465 -0.00045069246 0.0
0.0014688652 3.29448958e-05 0.0
0.000517553592 -0.000373278017 0.0
0.000864032249 -0.000755701971 0.0
-0.000105062056 -0.00032347301 0.0
0.000654728326 -0.000655962795 0.0
0.000918553676 -0.000575543265 0.0
0.000310329604 -0.000214569882 0.0
-7.32827029e-05 -0.000250423473 0.0
0.000938643119 -0.0005950958 0.0
-0.000479780574 -0.000636115554 0.0
0.000190634237 -0.000527290278 0.0
0.000821015914 -0.000228665071 0.0
0.000601817912 -0.000502703537 0.0
0.00129043334 -3.57350655e-05 0.0
0.000434497226 -0.000573591155 0.0
0.000373125833 -0.000164982092 0.0
-8.31652505e-05 -0.00056238391 0.0
-0.000427486491 -0.000712513109 0.0
0.000608003 -0.00035129764 0.0
7.95301094e-05 -0.000153953777 0.0
0.0001798905 -0.000712048262 0.0
0.00021432589 -0.000107226493 0.0
-0.000374350522 -0.000781605137 0.0
0.00103537133 -0.00063225301 0.0
0.000772639818 -0.000701553538 0.0
-2.17940578e-05 -0.000701860758 0.0
0.00105524343 -2.72361717e-06 0.0
0.00010847325 -0.000676430762 0.0
0.00112908892 -0.000148175794 0.0
-0.000279293134 -0.000476735586 0.0
0.00119597604 -0.000392855029 0.0
0.000676233845 -0.000635664386 0.0
0.00092137442 -0.000562301255 0.0
0.000839643588 -0.000330175331 0.0
-0.000474823697 -0.000564178103 0.0
-2.36815722e-05 -0.000314094999 0.0
0.000328624301 -0.000477253896 0.0
0.000878150982 -0.000195806919 0.0
0.00130204658 -3.90596542e-05 0.0
0.000665290747 -0.00030995594 0.0
0.000926778477 -0.000140323988 0.0
0.000484379125 -0.000575097045 0.0
-0.000209746911 -0.000634405005 0.0
0.000615314639 -0.000349361508 0.0
0.000169655177 -0.000644423242 0.0
0.000767026504 -0.000135635215 0.0
0.000393266382 -0.000778632821 0.0
0.000987242791 -5.99722553e-05 0.0
0.000416151364 -0.000448841078 0.0
0.000822598289 -0.000219564463 0.0
-0.000264314935 -0.0007611154 0.0
0.00105200661 -0.000382227125 0.0
0.000542071182 -0.000546491123 0.0
0.000763712276 -0.000187992438 0.0
0.00085932744 -0.000183228476 0.0
0.000931471935 -0.000155744143 0.0
0.000621749554 -0.000114267561 0.0
-4.8471109e-05 -0.000262959191 0.0
0.000228202072 -0.000504395866 0.0
-0.000372384093 -0.000496745342 0.0
0.000869067968 -0.000740921707 0.0
0.000818448141 -0.000209232778 0.0
0.000987406936 -0.000206637997 0.0
3.17559388e-05 -0.00017417052 0.0
3.48456269e-05 -0.000245279167 0.0
0.00104783615 -0.000656018441 0.0
-3.37666352e-05 -0.000774261774 0.0
0.000753534725 -0.000608128321 0.0
0.000764078286 -0.000466772442 0.0
0.00152350508 -0.000212227824 0.0
0.000777087 -0.000310287985 0.0
0.000142551769 -0.000604719564 0.0
0.000837558473 -0.000225430718 0.0
0.000476608751 -0.000634533586 0.0
0.000432585803 -0.0004775243 0.0
0.000111970177 -0.000199964954 0.0
0.000400321005 -0.000458549592 0.0
0.000646868371 -0.000327730842 0.0
0.00125231338 -0.000115697556 0.0
-0.000446710153 -0.000684560859 0.0
0.000493525644 -9.14087577e-05 0.0
0.000633445452 -0.000342038751 0.0
9.42685983e-06 -0.000678566983 0.0
0.0011338481 -2.48398574e-05 0.0
0.000587721937 -0.000576425984 0.0
0.000314584118 -0.000139643584 0.0
0.000836862542 -0.000565009599 0.0
0.000771740102 -0.000282498542 0.0
0.00105092104 -0.000115020543 0.0
0.00111830444 -0.000102842292 0.0
3.32802047e-05 -0.000644385756 0.0
0.000505084347 -0.000448672421 0.0
0.000591471267 -0.000593278266 0.0
0.000827954093 -0.00052002084 0.0
0.000238335138 -0.000105471394 0.0
0.000147246188 -0.000471401378 0.0
0.000673055474 -0.00064627314 0.0
0.000173860841 -0.000167487742 0.0
0.00115222542 4.47608181e-05 0.0
0.00116773194 -0.000581497676 0.0
0.000992596848 -0.000493449683 0.0
0.000976080948 -0.000286789378 0.0
0.000398638047 -0.000613977027 0.0
0.000511453778 -8.56290062e-05 0.0
9.45066931e-05 -0.000239793153 0.0
0.000614291814 -0.0003525957 0.0
-0.000141483935 -0.000813225575 0.0
0.000429617241 -0.00070455129 0.0
0.00144228188 -0.000258275453 0.0
0.000487859856 -0.000461834628 0.0
-9.64034407e-05 -0.000268887117 0.0
0.00063983287 -0.000672094466 0.0
2.6938329e-05 -0.000728799845 0.0
0.000632376003 -0.000348701025 0.0
0.000330673211 -0.000560338842 0.0
0.000704873062 -0.000326488342 0.0
0.000634868105 -0.000248977565 0.0
0.00016305031 -0.000183759563 0.0
-7.75483641e-05 -0.000792031118 0.0
0.00153158221 -0.000248348282 0.0
0.000784186996 -0.000510703889 0.0
0.000332341297 -0.000470443832 0.0
-0.000455996109 -0.000531797181 0.0
0.000531856145 -0.000372489943 0.0
0.00064898713 -0.000318476727 0.0
0.000493226747 -0.000256855128 0.0
0.00121749809 -0.000466745259 0.0
0.00121981127 -0.000488952908 0.0
0.000443761353 -0.000138021089 0.0
0.00147355557 4.23236343e-05 0.0
8.40067241e-06 -0.000180008996 0.0
0.00062118849 -0.000378424913 0.0
0.000155101981 -0.00010916328 0.0
0.00110604963 -0.000409778761 0.0
0.000766167708 -0.000471091713 0.0
0.000304036657 -0.000671119022 0.0
0.00126025104 -0.00034644868 0.0
0.00150668342 -0.000136728107 0.0
0.000478371396 -0.000799933856 0.0
0.00138971221 -0.000278589985 0.0
7.81264753e-05 -0.00064988638 0.0
0.00108686357 -0.000392571848 0.0
0.000431368389 -0.000101970159 0.0
0.000616302772 -0.000358662161 0.0
0.000757143018 -0.000228644654 0.0
0.000750701991 -0.000631202536 0.0
0.000851406425 -0.000563181529 0.0
0.000914274133 -0.000719601871 0.0
0.000582322187 -0.000386859057 0.0
0.000681262754 -0.000390681438 0.0
0.000649928232 -3.3629989e-05 0.0
0.000354849879 -0.000177733353 0.0
0.000793119019 -0.000301531574 0.0
0.000268766336 -0.000630910974 0.0
0.000511564605 -5.96320642e-05 0.0
0.000599936466 -0.000352646748 0.0
5.82596294e-06 -0.000394819333 0.0
0.00132235757 -0.000230430756 0.0
0.00038751855 -0.000151012835 0.0
0.00133556977 -0.000349048292 0.0
0.000433547306 -0.000434572081 0.0
-0.000111147623 -0.000583281508 0.0
0.000616509526 -0.000444567617 0.0
0.00140850537 -0.000263744121 0.0
5.07685036e-06 -0.000244408846 0.0
0.000302296714 -0.000818932953 0.0
0.000237606524 -0.000530135934 0.0
0.000387891632 -0.000461372372 0.0
0.000474912027 -0.000571221521 0.0
0.0014105913 -9.1012198e-06 0.0
-0.000156148133 -0.000357942248 0.0
5.29726858e-05 -0.000304015877 0.0
0.000158711337 -0.000126655301 0.0
-7.72292187e-05 -0.000633219373 0.0
5.8916281e-05 -0.000250870595 0.0
0.000549709483 -0.000570323959 0.0
6.55784024e-05 -0.000265114766 0.0
0.00022213957 -0.00071179471 0.0
0.00139352586 -3.31322008e-05 0.0
0.000295708654 -0.000480038929 0.0
0.000562177447 -0.000734528119 0.0
0.000957439479 -0.000493423082 0.0
-0.000300279731 -0.000460032519 0.0
0.00036445327 -0.000613446988 0.0
0.000525283744 -0.000264233531 0.0
0.000419213378 -0.000556126586 0.0
0.000123859631 -0.000229311554 0.0
0.000704702281 -0.000276749488 0.0
0.000987351872 -0.000109475084 0.0
0.00141752884 5.39145276e-07 0.0
0.00100175792 -0.000264308328 0.0
0.000113008755 -0.000682381564 0.0
0.000130795175 -0.000177190304 0.0
0.00066009158 -0.000651452981 0.0
0.000465419638 -0.000522599672 0.0
0.00079195248 -0.000467843987 0.0
0.000555391482 -2.60974084e-05 0.0
0.00112605549 -0.000430508575 0.0
0.000675870862 -0.000643396401 0.0
0.00120292185 -0.000519928639 0.0
0.00019232693 -0.000378846336 0.0
0.000813083723 -0.000320021005 0.0
0.000173189866 -0.000105142259 0.0
0.00116300141 1.21807652e-05 0.0
0.000690851244 -6.31209186e-05 0.0
0.00103214034 -0.000213646024 0.0
0.000535575848 -0.000490751467 0.0
0.000415243529 -9.8912984e-05 0.0
0.000410696841 -0.000175216046 0.0
0.00130108371 -0.000272537087 0.0
0.000139030948 -0.000555460399 0.0
0.000695078576 -0.000214444459 0.0
0.000899607374 -0.000251881196 0.0
0.000249921373 -0.000590705429 0.0
0.00068053056 -0.000366867927 0.0
0.000447782513 -0.000397460011 0.0
0.000813741121 -0.000154514186 0.0
-0.000206788231 -0.000418817915 0.0
0.000496781257 -0.000557017454 0.0
0.000190992418 -0.00023845899 0.0
0.000508957717 -4.38357383e-05 0.0
3.04630539e-05 -0.000255852879 0.0
0.000821429479 -0.00074810267 0.0
0.000851219636 -0.000691425521 0.0
-4.96478315e-05 -0.000241902977 0.0
0.00116293051 -9.12346804e-05 0.0
0.000427012215 -9.78696626e-05 0.0
0.00121820078 -0.000485549128 0.0
0.000862362387 -0.000596536265 0.0
0.00020476873 -0.000227951794 0.0
0.000302108354 -0.000476261397 0.0
4.70488339e-05 -0.000643286388 0.0
0.00122434401 -0.000379547419 0.0
0.00012058772 -0.000186387973 0.0
0.00136067404 -0.000276562525 0.0
0.000687225547 -0.000108290675 0.0
0.00043571234 -0.000439049531 0.0
0.00109346351 -0.000622325286 0.0
0.0007953202 -0.0002622795 0.0
0.00105772144 -0.000190727398 0.0
0.00140111079 -0.000248441211 0.0
0.000353602227 -0.000458951195 0.0
7.64055803e-05 -0.00021122412 0.0
0.00125619234 -5.7488237e-06 0.0
0.000791288738 -0.000582944951 0.0
0.000366109452 -0.000463956676 0.0
0.00134085608 -6.08516275e-05 0.0
0.00055843743 -0.00035931397 0.0
0.000870674674 -0.000194340173 0.0
0.000531800324 -0.000415749382 0.0
0.00139752519 -2.34109175e-05 0.0
0.000887417293 -0.000181301337 0.0
-3.67616085e-05 -0.000650637725 0.0
0.000778886955 -0.000614210323 0.0
0.000805331802 -0.000548568903 0.0
0.000676092983 -0.000381202204 0.0
0.000468065758 -0.000479914015 0.0
2.74852118e-05 -0.000142771038 0.0
0.000624278153 -0.000375912321 0.0
0.000795038708 -0.000231428028 0.0
0.000432644942 -0.000143583515 0.0
-0.000122243873 -0.000342676998 0.0
0.00021041288 -0.000267163676 0.0
0.000645735592 -0.000575562182 0.0
0.00059237465 -0.00060831639 0.0
-0.000510323443 -0.000591999327 0.0
0.000196050198 -0.00021629718 0.0
0.000589210889 -0.000388821296 0.0
0.000939143472 -0.000100227786 0.0
0.000796729873 -0.000222201445 0.0
-0.000183933866 -0.000597634527 0.0
0.00121172308 -0.000436365051 0.0
0.000781204726 -0.000388406217 0.0
0.00045608345 -0.000419192453 0.0
0.00129370508 -9.70156543e-05 0.0
-2.32600132e-06 -0.000499340997 0.0
0.000196577981 -0.000610389805 0.0
0.000284700887 -0.000132594068 0.0
0.00111264701 4.11153051e-05 0.0
0.00130829727 -5.59819455e-05 0.0
0.000881308515 -0.000404225197 0.0
-7.35512076e-05 -0.000318382517 0.0
0.000874195131 -0.000542772352 0.0
-0.000324384077 -0.00050534663 0.0
0.000626297435 -0.000374806084 0.0
0.000543729751 -0.000429801701 0.0
0.00102863042 -0.000331286952 0.0
0.000258046523 -0.000202610448 0.0
0.00106167793 -0.000134750226 0.0
0.000768119469 -0.000466898549 0.0
0.000208406345 -0.000626685563 0.0
0.000901131658 -0.000179563984 0.0
0.000809003308 -0.000253211037 0.0
-6.66505293e-05 -0.000303165085 0.0
0.0015220854 3.09893185e-05 0.0
-8.37547632e-05 -0.00033431637 0.0
0.00104119 -0.000442193006 0.0
-7.56897571e-05 -0.000726161234 0.0
-0.000390988716 -0.000786588702 0.0
0.0011210948 -0.000205846649 0.0
0.000896591344 -0.000279740605 0.0
0.00105203956 -3.17157974e-05 0.0
-0.000287587667 -0.000657992729 0.0
0.0005563749 -0.000351016963 0.0
8.89829898e-05 -0.000511831779 0.0
-0.000496875087 -0.000559523352 0.0
-0.000218543835 -0.000428597967 0.0
0.00143751584 1.07789983e-05 0.0
0.000974229653 -0.000590590702 0.0
-1.81078758e-05 -0.000238902125 0.0
0.000850691635 -0.000216003304 0.0
0.000322233071 -0.000179957424 0.0
0.00102510233 -0.000650629983 0.0
0.000550283818 -0.00039374418 0.0
0.000712109904 -0.000303621637 0.0
0.00123626529 -1.88209451e-05 0.0
0.0014534943 -9.32390903e-05 0.0
-8.24452654e-05 -0.000311391166 0.0
0.00120646704 -0.000167417849 0.0
0.000651671726 -0.000627817935 0.0
0.00120073615 -3.82471007e-05 0.0
0.000857429171 -0.000472444692 0.0
0.000795163505 -0.000242949536 0.0
-6.08000701e-05 -0.000280517619 0.0
0.000960694393 -0.000515663589 0.0
0.00137741107 -0.000169091552 0.0
0.000129541644 -0.000659244601 0.0
0.000804035459 -0.000590245938 0.0
0.000517502951 -0.000415302056 0.0
-0.000432737666 -0.000721942808 0.0
0.00057711394 -0.000344231143 0.0
0.000379636331 -0.000145281228 0.0
0.00029393952 -0.00065221003 0.0
0.000193906177 -0.000515243853 0.0
0.00105968583 -7.95008309e-05 0.0
2.2961216e-05 -0.000355262484 0.0
0.000597061065 -0.000242649694 0.0
0.00123223616 -3.25555375e-05 0.0
0.00071526313 -0.000654081174 0.0
0.00112322078 -0.000528670324 0.0
0.000913518306 -0.000570647011 0.0
0.00119965046 -0.00035493006 0.0
-0.00032038294 -0.000751063926 0.0
-0.000224754709 -0.00045167096 0.0
0.000785863434 -0.000705710438 0.0
0.00121484278 -0.000549732882 0.0
0.00110639574 -0.000369859161 0.0
9.92480054e-05 -0.000604620785 0.0
0.000886756752 -0.000733018271 0.0
0.00108077412 -0.000683781458 0.0
0.000570332748 -0.000364907959 0.0
-0.000130031156 -0.000770001847 0.0
0.000901086605 -0.000175872468 0.0
0.000903431966 -0.000562241883 0.0
0.00012240489 -0.000189899773 0.0
8.18014014e-05 -0.00023914162 0.0
0.00101044145 -0.000638993108 0.0
0.000246790121 -0.000528854085 0.0
0.0012744586 -0.000119611337 0.0
0.000519189634 -6.19706843e-05 0.0
-6.34394964e-05 -0.000682647165 0.0
0.00133285194 -0.00030003782 0.0
-0.000112913542 -0.000258649088 0.0
0.000224373216 -0.000518882298 0.0
0.00137419428 -4.71609637e-05 0.0
1.88867598e-05 -0.000742038013 0.0
-8.48648051e-05 -0.000760836701 0.0
0.000420810742 -0.0005047624 0.0
0.000775914115 -0.000316154765 0.0
0.000922039442 -0.00053551991 0.0
0.000950538262 -0.000105931074 0.0
4.29537868e-05 -7.87271129e-05 0.0
0.000658176548 -0.000517080189 0.0
0.000945317908 -0.000593403412 0.0
0.00135098118 -6.66433989e-05 0.0
0.000125566672 -0.000633685151 0.0
-9.50901376e-05 -0.000280682114 0.0
0.000976364827 -0.000107231805 0.0
0.000361689745 -0.000230993668 0.0
0.000990085304 -0.000311441952 0.0
0.000893450866 -0.000164935336 0.0
0.000629761489 -0.000608125643 0.0
0.000550850353 -0.000398471573 0.0
-9.52322662e-05 -0.00073370646 0.0
0.000511031074 -0.000391400652 0.0
7.9600155e-05 -0.000647993991 0.0
0.000411704037 -0.000421702338 0.0
0.000611776079 -1.8386294e-05 0.0
0.000540956564 -0.000372797105 0.0
-0.000124406681 -0.000825477997 0.0
0.000903017179 -0.000168405182 0.0
0.000173388238 -0.000448369567 0.0
0.000265559967 -0.000499893678 0.0
0.000542480033 -0.00042053443 0.0
0.000150451626 -0.00017281725 0.0
0.000446921214 -0.000113685346 0.0
