0.000449833053 0.000639645266 0.0
0.00043005732 0.000574182544 0.0
-0.000422929123 0.000601776876 0.0
-0.000363964675 0.000584867958 0.0
-0.000377932389 0.000638341473 0.0
0.000751740823 0.000584867958 0.0
0.000692776404 0.000601776876 0.0
-0.000414069567 0.000928315218 0.0
-0.000434707996 0.000872437377 0.0
-0.000379294739 0.000885909016 0.0
0.000138103802 -3.8379796e-05 0.0
0.000158742245 1.74980214e-05 0.0
-0.000165252452 0.000883402885 0.0
-0.000181821961 0.00085108378 0.0
-0.000133223119 0.000851648918 0.0
0.000390989851 -5.97333928e-05 0.0
0.000407559361 -2.74143331e-05 0.0
0.00096136122 0.000143566765 0.0
0.000940754195 9.29684538e-05 0.0
0.000541464309 0.000801850692 0.0
0.000506495184 0.000815116218 0.0
0.000503774267 0.000758774928 0.0
-0.000609210343 0.000815116218 0.0
-0.000574241218 0.000801850692 0.0
-0.000188886668 0.000762150448 0.0
-0.000210589817 0.000695522409 0.0
0.000281849178 0.000806714699 0.0
0.000262738438 0.00074965466 0.0
0.000400322344 0.000328533264 0.0
0.000380048266 0.000269219017 0.0
-4.34218455e-05 0.000150910942 0.0
-6.93696757e-06 0.00013999232 0.0
-6.40637791e-06 0.000197452144 0.0
0.00110876851 0.00013999232 0.0
0.0010722836 0.000150910942 0.0
-0.00013352363 0.000457720482 0.0
-0.000153726636 0.000383958046 0.0
0.000177649665 0.000234403502 0.0
0.0001562533 0.000169408362 0.0
0.000328432187 0.000427147606 0.0
0.000308949442 0.000382135535 0.0
0.0006791536 0.000520889706 0.0
0.000657483819 0.000465617923 0.0
1.1537647e-05 0.000526488002 0.0
-8.94763252e-06 0.000469460239 0.0
0.000654254749 0.000374048046 0.0
0.000631522329 0.000315839774 0.0
-0.000572811812 0.00091081718 0.0
0.0 0.0 0.0
0.00111570547 0.0 0.0
0.000542893715 0.00091081718 0.0
0.000440775591 0.000641791325 0.0
0.00043163888 0.000641282822 0.0
0.000422738987 0.00063853024 0.0
0.000414837035 0.000633457152 0.0
0.000408527296 0.000626324967 0.0
0.000404517254 0.000617574027 0.0
0.000403675425 0.000608397531 0.0
0.000405181054 0.000599499326 0.0
0.000408599415 0.000591149612 0.0
0.000414142211 0.000583606598 0.0
0.000421458826 0.000577933912 0.0
0.000439213734 0.000572461635 0.0
0.000448759587 0.000573144178 0.0
0.000457667338 0.000576279999 0.0
0.000465585035 0.000581611879 0.0
0.000472040469 0.000588986848 0.0
0.000476732268 0.000597866194 0.0
0.000478177099 0.00060770585 0.0
0.000476440095 0.000617076643 0.0
0.000472003157 0.000625134679 0.0
0.000465656223 0.000631635776 0.0
0.000457960734 0.000636459328 0.0
-0.000358040561 0.000590826385 0.0
-0.000354336284 0.000599097926 0.0
-0.000353888725 0.000607474649 0.0
-0.00035543571 0.000615414639 0.0
-0.000358830177 0.000622844556 0.0
-0.000363765168 0.000629274058 0.0
-0.00037028009 0.00063482183 0.0
-0.000386372209 0.000639622507 0.0
-0.000394677976 0.000638725236 0.0
-0.000402750215 0.000636323995 0.0
-0.000410367589 0.000632122799 0.0
-0.000416723342 0.00062611443 0.0
-0.000421626406 0.000618667342 0.0
-0.000423640566 0.000609958021 0.0
0.000695851282 0.000593998237 0.0
0.00070074806 0.00058731949 0.0
0.000706630992 0.00058139913 0.0
0.000713618938 0.000576807011 0.0
0.000721831224 0.000573508383 0.0
0.000730480242 0.000572894583 0.0
0.000738575414 0.000575204263 0.0
0.00074572931 0.000579440151 0.0
-0.000428294734 0.000867629133 0.0
-0.000420671364 0.000864642672 0.0
-0.000412545225 0.000864017813 0.0
-0.000404566992 0.000865130045 0.0
-0.00039676801 0.000867860101 0.0
-0.000389385415 0.00087216642 0.0
-0.000383152161 0.000878229854 0.0
-0.000377865334 0.000893973804 0.0
-0.00037900891 0.000901704188 0.0
-0.000381839869 0.000908832881 0.0
-0.00038616173 0.00091501727 0.0
-0.000391706795 0.000920639199 0.0
-0.000398634351 0.000924614666 0.0
-0.000406060979 0.000926943962 0.0
0.000150470689 1.70545663e-05 0.0
0.000142629186 1.4760335e-05 0.0
0.000135814946 1.02986269e-05 0.0
0.000130075932 4.37248445e-06 0.0
0.000126518367 -3.22331744e-06 0.0
0.000125447186 -1.10489445e-05 0.0
0.000126363884 -1.86239577e-05 0.0
0.000128989006 -2.59027111e-05 0.0
0.000132777088 -3.25708497e-05 0.0
-0.000178312752 0.000845496368 0.0
-0.000173463108 0.000841108849 0.0
-0.000167749444 0.000837968837 0.0
-0.000161488191 0.000835748971 0.0
-0.000154257606 0.000835125917 0.0
-0.000147713683 0.000837306143 0.0
-0.00014214027 0.000840997556 0.0
-0.000137563708 0.000845733273 0.0
-0.000130519926 0.000858216721 0.0
-0.000130304892 0.000865136622 0.0
-0.000132149391 0.000871425727 0.0
-0.00013586905 0.000876596721 0.0
-0.000140963239 0.000880311767 0.0
-0.000146654042 0.000882626569 0.0
-0.000152753928 0.000883747532 0.0
-0.000158910771 0.000883997418 0.0
0.000400901801 -2.98716877e-05 0.0
0.000394971896 -3.40095939e-05 0.0
0.000390829373 -3.96854848e-05 0.0
0.0003887536 -4.64406003e-05 0.0
0.000389097491 -5.32641534e-05 0.0
0.000953789044 0.000144745121 0.0
0.000946340791 0.000143711673 0.0
0.000939343474 0.000141331271 0.0
0.000931810995 0.000138084331 0.0
0.000925386266 0.00013286098 0.0
0.000921757251 0.00012581893 0.0
0.000920931983 0.000119206612 0.0
0.000922068371 0.000112503803 0.0
0.000925031549 0.000106408908 0.0
0.000929149915 0.000101032761 0.0
0.000934478885 9.65324652e-05 0.0
0.000947751862 9.10427043e-05 0.0
0.00095532008 9.02517932e-05 0.0
0.000962997379 9.15004057e-05 0.0
0.000969938177 9.49258756e-05 0.0
0.000975319359 0.000100411096 0.0
0.000978447613 0.000106941457 0.0
0.000979662524 0.000113850496 0.0
0.000979219214 0.000120859768 0.0
0.000977223273 0.000127919513 0.0
0.000973478251 0.000134481656 0.0
0.000968190492 0.000139851894 0.0
0.00049909472 0.000812445825 0.0
0.000492388615 0.000808138633 0.0
0.000487118785 0.000802331313 0.0
0.000484156859 0.000795212982 0.0
0.000483241922 0.000787881319 0.0
0.000483830692 0.000780343544 0.0
0.000486301025 0.000772639061 0.0
0.000490794657 0.000766174111 0.0
0.000496859488 0.000761549629 0.0
0.000510946149 0.000757230911 0.0
0.000518510991 0.000757040048 0.0
0.000526239222 0.000758429698 0.0
0.000533708895 0.000761859526 0.0
0.000539933273 0.000766940298 0.0
0.000545085873 0.000773457228 0.0
0.000547619537 0.000781170267 0.0
0.000547398289 0.000788573176 0.0
0.000545232848 0.000795629574 0.0
-0.000578378735 0.000806772034 0.0
-0.000583302113 0.000810987258 0.0
-0.000589118164 0.000814354513 0.0
-0.000595783757 0.000816253654 0.0
-0.0006025451 0.00081623625 0.0
-0.000197448724 0.000764302677 0.0
-0.000206296609 0.000764796685 0.0
-0.000214690706 0.000762094802 0.0
-0.000221667608 0.000757395173 0.0
-0.000227592114 0.000751430111 0.0
-0.000232941165 0.000744358113 0.0
-0.000236055523 0.000735696929 0.0
-0.0002362042 0.000726969738 0.0
-0.000234153573 0.000718803785 0.0
-0.00023006546 0.000711578119 0.0
-0.000224999123 0.000705092505 0.0
-0.000218394343 0.000699241122 0.0
-0.000201993185 0.000693837588 0.0
-0.000193334534 0.000694525719 0.0
-0.000184968638 0.000696772826 0.0
-0.0001767824 0.000700729259 0.0
-0.000169784311 0.0007067431 0.0
-0.000164735611 0.000714405673 0.0
-0.000162880358 0.000722700323 0.0
-0.000163186327 0.000730915519 0.0
-0.000165188889 0.000738982228 0.0
-0.000168993196 0.000746520178 0.0
-0.000174325047 0.000753163069 0.0
-0.000181054478 0.000758415263 0.0
0.000273136218 0.000807559176 0.0
0.000264186208 0.000806891941 0.0
0.00025531344 0.000803914561 0.0
0.00024752898 0.000798592577 0.0
0.000241701375 0.000791061553 0.0
0.000238675682 0.000782188028 0.0
0.000238614273 0.000773070438 0.0
0.00024155328 0.000764578115 0.0
0.000246797426 0.000757445931 0.0
0.000254196348 0.00075235765 0.0
0.0002715952 0.000749267463 0.0
0.00028021133 0.000750234642 0.0
0.00028880217 0.000753084896 0.0
0.000296919432 0.000757656875 0.0
0.000302671775 0.000765008444 0.0
0.000304943213 0.000773416949 0.0
0.000304658519 0.000781887735 0.0
0.000302466477 0.00079030206 0.0
0.000297405728 0.000798131863 0.0
0.000290294411 0.000803661998 0.0
0.000392384856 0.000329510047 0.0
0.000384234067 0.000328558177 0.0
0.000376611482 0.000326368405 0.0
0.000368825888 0.000322246255 0.0
0.000363390049 0.000315978337 0.0
0.000360436592 0.000308625662 0.0
0.000359130645 0.00030077761 0.0
0.00035923149 0.000292634882 0.0
0.000361374987 0.000284529582 0.0
0.000366004679 0.000277468644 0.0
0.000372437527 0.000272159581 0.0
0.000387973472 0.000268760836 0.0
0.000395730865 0.000270157179 0.0
0.00040287181 0.000273064856 0.0
0.000409509783 0.000277180487 0.0
0.000415419781 0.000282619352 0.0
0.000419908902 0.000289480551 0.0
0.000421956327 0.000297518593 0.0
0.00042158796 0.000305750989 0.0
0.000419003336 0.000313591823 0.0
0.000414300535 0.000320228719 0.0
0.000407935295 0.00032542352 0.0
5.00687975e-07 0.000143240657 0.0
7.526638e-06 0.000147546671 0.0
1.29144191e-05 0.000153810135 0.0
1.57276481e-05 0.000161239033 0.0
1.62161887e-05 0.000168717394 0.0
1.47603487e-05 0.000176027606 0.0
1.20101649e-05 0.000183106109 0.0
7.4072409e-06 0.000189891405 0.0
9.91545221e-07 0.00019473584 0.0
-1.41494575e-05 0.0001983603 0.0
-2.18673467e-05 0.000197907881 0.0
-2.97486949e-05 0.000196476045 0.0
-3.72467002e-05 0.000193253494 0.0
-4.32188062e-05 0.00018764961 0.0
-4.67842183e-05 0.000180827177 0.0
-4.86687459e-05 0.000173417837 0.0
-4.8734717e-05 0.000165637277 0.0
-4.70280502e-05 0.000157964765 0.0
0.00107769435 0.000144726495 0.0
0.00108458893 0.000139902651 0.0
0.00109273475 0.000137656461 0.0
0.00110097358 0.000137917072 0.0
-0.000143908968 0.000458484894 0.0
-0.000154121692 0.000456560403 0.0
-0.000163616249 0.000452829787 0.0
-0.000172792221 0.000447136204 0.0
-0.000180252697 0.00043924764 0.0
-0.000184553588 0.00042948412 0.0
-0.000185360463 0.000419254327 0.0
-0.000183253782 0.000409540982 0.0
-0.000178833536 0.000400524033 0.0
-0.000172128726 0.000392952294 0.0
-0.000163440141 0.000387262495 0.0
-0.000143678451 0.000382892875 0.0
-0.000133536509 0.000383520091 0.0
-0.000123396661 0.000386356289 0.0
-0.000114726325 0.000392188114 0.0
-0.000108473607 0.000400231074 0.0
-0.00010497465 0.000409506203 0.0
-0.000104057232 0.000419358927 0.0
-0.000105612766 0.000429373933 0.0
-0.000109616922 0.000438778312 0.0
-0.000115817726 0.000446931837 0.0
-0.000123941223 0.000453463988 0.0
0.000168707673 0.000234993 0.0
0.000160078635 0.000233277999 0.0
0.0001519855 0.000230226913 0.0
0.000144479753 0.000225627911 0.0
0.000138081552 0.000219326292 0.0
0.000133507725 0.000211438004 0.0
0.000131517038 0.000202649084 0.0
0.000132134359 0.000193607353 0.0
0.000135217764 0.000185233832 0.0
0.000140451317 0.000177791473 0.0
0.000147884668 0.0001723975 0.0
0.000164938232 0.000168725368 0.0
0.0001734369 0.000169510065 0.0
0.000181759417 0.000171759748 0.0
0.000189745144 0.000176192378 0.0
0.000196156514 0.000182890362 0.0
0.000200303053 0.000190990424 0.0
0.000202209922 0.000199766175 0.0
0.000201333649 0.000208671583 0.0
0.000198295238 0.000217157169 0.0
0.000193324944 0.000224882126 0.0
0.000186263162 0.000231038852 0.0
0.000321488915 0.000429047068 0.0
0.000314008998 0.00042901453 0.0
0.000306631584 0.000426902989 0.0
0.000300198823 0.000422762416 0.0
0.000294724479 0.000416909606 0.0
0.000291324832 0.000409760687 0.0
0.000290189811 0.000401934871 0.0
0.000292049575 0.00039454372 0.0
0.000296356011 0.0003885552 0.0
0.00030218999 0.000384377025 0.0
0.000315896905 0.000381483347 0.0
0.000322842418 0.000381622784 0.0
0.000330285431 0.000382649159 0.0
0.00033684395 0.00038634034 0.0
0.000340998638 0.000391836249 0.0
0.000343161635 0.000398306613 0.0
0.000343971245 0.000405159662 0.0
0.000343343971 0.000412427908 0.0
0.000339857797 0.000418860203 0.0
0.000334679964 0.000423731573 0.0
0.000671284215 0.000522999268 0.0
0.00066303846 0.000522451068 0.0
0.000655684038 0.000519537367 0.0
0.000648958667 0.000515063293 0.0
0.000643057341 0.000509582052 0.0
0.00063800381 0.00050222018 0.0
0.000635717297 0.000494311738 0.0
0.000636649493 0.000486210804 0.0
0.00063999655 0.000479321781 0.0
0.00064489519 0.000473652646 0.0
0.000651025912 0.000469078775 0.0
0.000665027124 0.000462908327 0.0
0.000673515373 0.000462341559 0.0
0.000681076315 0.000464660436 0.0
0.000687349879 0.000469326129 0.0
0.000692066562 0.000475391222 0.0
0.000695650757 0.000482217409 0.0
0.000698221207 0.000489643251 0.0
0.000698841002 0.000497909903 0.0
0.000696654432 0.000505649718 0.0
0.000692093803 0.00051209057 0.0
0.000686109357 0.000517205393 0.0
3.54669055e-06 0.000527004828 0.0
-4.37341032e-06 0.00052662997 0.0
-1.24179614e-05 0.000524855393 0.0
-2.03861164e-05 0.000521474809 0.0
-2.64386181e-05 0.000515558757 0.0
-2.98684699e-05 0.000508286059 0.0
-3.07089977e-05 0.000500643335 0.0
-2.96280396e-05 0.000493054278 0.0
-2.69221273e-05 0.000485633238 0.0
-2.26063312e-05 0.000478882866 0.0
-1.65608399e-05 0.000473214604 0.0
-7.73388308e-07 0.000468369661 0.0
7.42319844e-06 0.000469516148 0.0
1.52034254e-05 0.000472372165 0.0
2.27959026e-05 0.000475902372 0.0
2.9461733e-05 0.000481502357 0.0
3.39155849e-05 0.000489113212 0.0
3.55504781e-05 0.000497477478 0.0
3.48118811e-05 0.000505804201 0.0
3.17239901e-05 0.000513537612 0.0
2.62663852e-05 0.000519792491 0.0
1.93621072e-05 0.000524173782 0.0
0.000646795146 0.000376760436 0.0
0.000638703816 0.000377772521 0.0
0.00063087669 0.000375862728 0.0
0.000624213833 0.000371882052 0.0
0.000618919206 0.000366370688 0.0
0.000614887278 0.000359843514 0.0
0.000611486845 0.000352656964 0.0
0.000609619252 0.000344670581 0.0
0.000610414136 0.000336628844 0.0
0.000613318523 0.000329271657 0.0
0.000618296792 0.000323400425 0.0
0.000624303357 0.000318867998 0.0
0.000639346952 0.000314642035 0.0
0.000647218723 0.000315543148 0.0
0.000654717034 0.000317551516 0.0
0.000661935832 0.000320667139 0.0
0.00066945958 0.000325238041 0.0
0.000674486393 0.000332207594 0.0
0.000676904281 0.000339605525 0.0
0.000676805736 0.00034684554 0.0
0.000674876268 0.000353854179 0.0
0.00067146559 0.000360179925 0.0
0.000666781503 0.000365948596 0.0
0.000660901773 0.000370564347 0.0
-0.000561570516 0.000874404854 0.0
-0.000568752759 0.000840638357 0.0
-0.000387151842 0.000522924878 0.0
-0.000376583164 0.000494923617 0.0
-0.000319535466 0.000469582737 0.0
-0.000251614547 0.000447187485 0.0
-0.000216035987 0.000426025013 0.0
-0.000206759752 0.000395538053 0.0
-0.000197714035 0.000360958453 0.0
-0.000179244438 0.000311350916 0.0
-0.000146888182 0.000259751949 0.0
-0.000104825718 0.000205328281 0.0
-6.5371416e-05 0.000136845498 0.0
-6.29659407e-05 0.000111595866 0.0
-4.15080758e-05 7.65532968e-05 0.0
-1.90922219e-05 3.83716033e-05 0.0
5.85983471e-05 -9.05181423e-06 0.0
0.00024458699 3.44927162e-06 0.0
0.000311824318 -1.54808331e-05 0.0
0.000495160115 -2.65732742e-05 0.0
0.000574467413 -4.99370035e-05 0.0
0.000645903288 -6.36066688e-05 0.0
0.00070941489 -7.31470354e-05 0.0
0.000761910516 -7.94209918e-05 0.0
0.000793076004 -7.82465286e-05 0.0
0.000820507004 -6.20341161e-05 0.0
0.000859329884 -4.08806445e-05 0.0
0.000907704758 -2.23476763e-05 0.0
0.000952756265 -5.69386793e-06 0.0
0.000987535808 1.46208022e-05 0.0
0.00100516761 2.83073186e-05 0.0
0.00101063435 2.67515279e-05 0.0
0.00100975065 1.58157e-05 0.0
0.00102406309 6.75878755e-06 0.0
0.00106187118 4.2295751e-06 0.0
0.00109661324 3.83716033e-05 0.0
0.00107419747 7.65532968e-05 0.0
0.00105273956 0.000111595866 0.0
0.00105033407 0.000136845498 0.0
0.00101087976 0.000205328281 0.0
0.00096881733 0.000259751949 0.0
0.000936461089 0.000311350916 0.0
0.000917991449 0.000360958453 0.0
0.000908945745 0.000395538053 0.0
0.00089966954 0.000426025013 0.0
0.000864090922 0.000447187485 0.0
0.000796170032 0.000469582737 0.0
0.000739122333 0.000494923617 0.0
0.000728553627 0.000522924878 0.0
0.000546952768 0.000840638357 0.0
0.000554134953 0.000874404854 0.0
0.00048905937 0.000915046781 0.0
0.000451251311 0.000917575962 0.0
0.000436938833 0.0009266329 0.0
0.000437822571 0.000937568722 0.0
0.000432355795 0.000939124497 0.0
0.000414724054 0.000925438013 0.0
0.000379944453 0.000905123306 0.0
0.000334892975 0.000888469513 0.0
0.000286518072 0.000869936543 0.0
0.000247695192 0.000848783064 0.0
0.000220264177 0.000832570659 0.0
0.000189098719 0.000831396203 0.0
0.000136603092 0.000837670173 0.0
7.30914762e-05 0.000847210526 0.0
1.655603e-06 0.000860880187 0.0
-7.76516681e-05 0.000884243927 0.0
-0.000260987494 0.000895336387 0.0
-0.000328224822 0.000914266449 0.0
-0.000514213461 0.000901765365 0.0
0.000122574158 0.000647019129 0.0
0.000669038272 0.000141513869 0.0
0.000138272211 0.000735937094 0.0
0.000563133101 0.000102140206 0.0
2.93519315e-05 0.000608921167 0.0
0.000249973411 0.000553122431 0.0
-6.30006252e-06 0.000741278287 0.0
0.000432186789 0.000123153804 0.0
0.000692657719 0.000546991301 0.0
0.000638412486 0.000232903418 0.0
0.000499131333 0.000453742046 0.0
-0.000188871025 0.00057644787 0.0
0.000882958469 0.000246252108 0.0
0.000192012449 0.000346058077 0.0
0.000806577271 0.000350057904 0.0
0.000800936541 5.36453954e-05 0.0
0.000234260981 0.000650005299 0.0
0.000336377212 0.000128721207 0.0
2.04184707e-05 0.000356980629 0.0
-0.000461981952 0.000762152311 0.0
0.000346600253 0.000366232678 0.0
0.000151972912 0.000527245749 0.0
1.09925695e-05 0.000677928852 0.0
0.000762378855 0.000168063285 0.0
0.000567474286 0.000627120491 0.0
0.000563389855 0.000197501635 0.0
0.000670732406 3.70541857e-05 0.0
0.000263947877 0.00068141846 0.0
-0.000359949743 0.00074306241 0.0
0.000515754858 4.57226815e-05 0.0
7.86599485e-05 0.000340963335 0.0
-3.06639186e-06 0.000278757361 0.0
0.000105435567 0.000809778809 0.0
0.000478701928 0.000170191255 0.0
0.000340084487 0.000519898429 0.0
0.000232093633 0.000385919411 0.0
3.77552283e-06 0.00031828825 0.0
1.89875827e-05 0.000788441568 0.0
0.000291821227 0.000597446866 0.0
-5.1689738e-05 0.000622278254 0.0
0.000429910113 0.000483417854 0.0
7.16562135e-05 0.000539742759 0.0
9.99211916e-05 0.000704674516 0.0
0.000275793602 6.11547875e-05 0.0
0.000114909853 0.000598349085 0.0
0.000749879284 0.000227532699 0.0
0.000305044174 9.38348603e-05 0.0
0.000810305064 0.000414997863 0.0
0.000380518031 0.000180365707 0.0
-0.000237594519 0.000545266957 0.0
-0.00010044434 0.000774481799 0.0
-0.000247375836 0.0006369318 0.0
0.000748542836 1.8415516e-05 0.0
0.000478206726 0.000396778603 0.0
0.000572121702 0.000291730714 0.0
3.61414968e-05 6.14337478e-05 0.0
0.00035756774 0.000335493794 0.0
-0.000125943698 0.000511827762 0.0
0.000874658988 3.54357144e-05 0.0
0.000878122344 0.000286413095 0.0
0.000511797029 0.000192796011 0.0
0.000612165371 1.60972504e-05 0.0
0.000117436975 0.000386509404 0.0
0.000227071578 0.000282910536 0.0
0.00078089186 0.000309069233 0.0
0.000615099329 0.000117822623 0.0
0.000321699714 0.000221092967 0.0
0.00021421416 7.92167193e-05 0.0
0.000376678276 0.000825676194 0.0
0.00073280948 0.000411140034 0.0
0.000288247567 8.4839412e-05 0.0
-5.57104613e-05 0.000668733148 0.0
0.000959434605 0.000190594263 0.0
0.000832268619 0.000112801754 0.0
-0.000124008395 0.000589051691 0.0
0.000819866138 0.000233073661 0.0
0.000545651419 0.000251800753 0.0
0.000199213158 0.000744458113 0.0
-0.000318461389 0.000690720684 0.0
-7.50367399e-05 0.000730159518 0.0
0.000549844932 0.000505702803 0.0
0.000201190749 0.000605216483 0.0
-0.000105716041 0.000279503583 0.0
0.000590528303 0.000434784248 0.0
0.000388437649 7.44371064e-05 0.0
0.000404572347 0.000731387699 0.0
0.0002362628 0.000499554619 0.0
-0.000480034127 0.000811898732 0.0
0.000626930734 0.000654380012 0.0
0.000515271851 0.000681397214 0.0
0.00046226391 4.68791077e-05 0.0
0.000370579248 0.000503955758 0.0
9.6737429e-05 0.000111244786 0.0
0.000326668029 0.000560280343 0.0
-2.53160088e-05 0.000426822255 0.0
0.000390621106 0.000487561047 0.0
0.000155051996 0.000460265903 0.0
4.40487747e-05 0.000689640525 0.0
0.000639807899 0.00018331375 0.0
0.000307300244 0.000639457081 0.0
0.000153240006 0.00030960521 0.0
0.000436458649 0.00020093676 0.0
0.000678374548 0.000535831961 0.0
0.000178127477 0.000401821686 0.0
-0.000489628816 0.000723829959 0.0
0.00063410087 0.000580604072 0.0
0.000276256469 0.000315827725 0.0
0.000647593057 0.000263730792 0.0
0.000322460168 0.000678207667 0.0
0.00104450074 0.000137218318 0.0
0.000754777866 0.000111908295 0.0
-0.00025940928 0.000827982556 0.0
-0.000314176723 0.000779080379 0.0
-0.000395341427 0.000794155931 0.0
-0.000404742546 0.000710965425 0.0
1.18675098e-05 0.000813209219 0.0
6.99832308e-05 0.000302879926 0.0
0.000205229255 0.000691520574 0.0
0.000707191357 0.000556706567 0.0
0.000547221338 0.000578356965 0.0
-0.000259867113 0.000589448086 0.0
-5.08080993e-05 0.000291864621 0.0
0.000213187595 0.000429880631 0.0
7.72465937e-05 0.000637020334 0.0
0.000945381005 0.000221019494 0.0
0.000426061451 0.000434026268 0.0
0.000451212632 0.000359582307 0.0
1.90197334e-05 0.000823890092 0.0
9.83128848e-05 0.000833991042 0.0
0.000700480363 0.000549631135 0.0
0.000347472087 0.00035695851 0.0
0.000160559401 0.000662426348 0.0
9.21002174e-06 0.000574810896 0.0
0.000874116144 0.000344950851 0.0
3.91195026e-05 0.000397897646 0.0
0.00016570247 0.000562031695 0.0
0.000312935415 0.000616958423 0.0
-3.61856182e-05 0.000378623401 0.0
0.000738479896 0.000354120188 0.0
-5.23798808e-05 0.000800963608 0.0
0.000826982548 6.2586837e-06 0.0
0.000812693092 0.000180482501 0.0
0.000483921496 0.000522436399 0.0
5.74558508e-05 0.00028310006 0.0
0.000701795274 6.98197837e-05 0.0
0.000277462968 0.000167692444 0.0
3.58723701e-05 0.000213935593 0.0
0.000786566408 0.000243011513 0.0
0.000872446748 7.73908687e-05 0.0
0.000511095277 0.00011036361 0.0
0.00101690413 0.000148847801 0.0
0.000583262648 -7.71044779e-06 0.0
0.000685207197 0.000196777954 0.0
0.00083321915 0.000442033837 0.0
0.000355713448 5.84931404e-05 0.0
0.000462056021 0.000373290444 0.0
-3.98926495e-05 0.000339166465 0.0
-0.000192879103 0.000637610152 0.0
0.000182324729 0.000103816434 0.0
3.53156356e-05 0.000267863885 0.0
-0.000285555871 0.000882007123 0.0
-8.86428097e-05 0.000611687487 0.0
-0.000103737271 0.000538109802 0.0
8.86490743e-05 0.000563614361 0.0
0.00103595131 7.67038509e-05 0.0
0.000205081509 0.000474993052 0.0
0.000417245843 0.000857829 0.0
-0.000272387493 0.000525501964 0.0
0.000217763241 0.000814768951 0.0
0.000450201449 0.000714251189 0.0
0.00012410793 0.000289109856 0.0
-9.60123798e-05 0.000226611897 0.0
0.000482155068 0.00069735758 0.0
-0.00050088641 0.000834397739 0.0
-0.000101049554 0.000713240122 0.0
0.000503454474 0.000248252501 0.0
0.000225964963 0.000623615459 0.0
0.000904740184 0.000201556279 0.0
4.92151521e-05 0.000744363409 0.0
0.00025569828 3.71935748e-05 0.0
-0.000270215038 0.000661382393 0.0
-0.000509730191 0.000838315114 0.0
0.000288382929 0.000484303018 0.0
3.74098963e-05 2.73925962e-05 0.0
-0.000143181969 0.000802560127 0.0
0.000138775446 0.000103920844 0.0
-0.000507372606 0.000862319197 0.0
0.000564211921 0.000687505002 0.0
0.000314727979 0.000838000502 0.0
-0.000307657465 0.000664786727 0.0
0.000719736912 -1.38656605e-05 0.0
-0.000175555397 0.00080861483 0.0
0.000774673244 0.00028274348 0.0
-0.000307667506 0.000523516093 0.0
0.000752363005 0.000437390117 0.0
0.000270359364 0.000713731511 0.0
0.000511521241 0.000636979239 0.0
0.000544766488 0.000402216712 0.0
-0.000510045735 0.000777391251 0.0
-0.000177695852 0.000506847282 0.0
5.57858812e-06 0.000646339147 0.0
0.000560003566 0.000149618383 0.0
0.000922310748 2.79482392e-05 0.0
0.000357702549 0.000357308658 0.0
0.000615194323 6.94707123e-05 0.0
8.4989515e-05 0.000783254916 0.0
-0.000371537608 0.000686910702 0.0
0.000304168381 0.000344394619 0.0
-9.93485373e-05 0.000606803049 0.0
0.000491653569 1.19688939e-05 0.0
3.31945812e-05 0.00080567121 0.0
0.00067658833 -1.59298997e-05 0.0
0.000104912244 0.000464861339 0.0
0.000555874838 0.000318090315 0.0
-0.000430679589 0.000813660852 0.0
0.00059563719 0.000465857534 0.0
0.000156046182 0.000695119961 0.0
0.000467971171 9.32466064e-05 0.0
0.00055921328 5.5671655e-05 0.0
0.000616323494 0.000160220152 0.0
0.000387237902 0.000131453256 0.0
-8.2903498e-05 0.000295940525 0.0
-9.61171318e-05 0.000675058633 0.0
-0.000437298557 0.000699173019 0.0
0.000392805756 0.000787228986 0.0
0.000524294854 0.000286937138 0.0
0.000693466864 0.000220736518 0.0
-8.07780543e-06 9.22361796e-05 0.0
-6.91434689e-05 0.00029450329 0.0
0.000514687737 0.000853065052 0.0
-0.000296842656 0.000728943211 0.0
0.000343134365 0.000638355152 0.0
0.000382272585 0.000550273922 0.0
0.00100663921 0.000154935406 0.0
0.000462703669 0.000371901755 0.0
-0.000124562372 0.000753176981 0.0
0.000520117057 0.000150945954 0.0
7.48349921e-05 0.000836446066 0.0
7.13091213e-05 0.000408233958 0.0
7.49304309e-05 5.90065902e-05 0.0
8.58100975e-05 0.000498839945 0.0
0.000357945159 0.00034198811 0.0
0.000841376605 0.000140594639 0.0
-0.000500880007 0.00084066065 0.0
0.0003265368 1.52670327e-05 0.0
0.000337435718 0.000338816433 0.0
-0.000266246643 0.000858339714 0.0
0.000757589412 6.9613845e-05 0.0
0.000191916202 0.000723152945 0.0
0.000206055498 3.54815165e-05 0.0
0.000363173633 0.00070304767 0.0
0.000450865307 0.000230465666 0.0
0.000715939619 0.000148900726 0.0
0.000778356683 0.000237369153 0.0
-0.00021245949 0.000806702301 0.0
0.000119593256 0.000434997521 0.0
0.000186835692 0.000772991334 0.0
0.000447311322 0.000531291473 0.0
0.000157636838 8.7178676e-05 0.0
-0.000100736295 0.000474704779 0.0
0.000236112392 0.000821073598 0.0
7.66284284e-05 0.000189589642 0.0
0.00078943494 -1.95414577e-05 0.0
0.000640601211 0.000677011034 0.0
0.000572698191 0.000532048114 0.0
0.000631289033 0.000414483715 0.0
2.06249406e-05 0.000842460839 0.0
0.000333374453 0.000180246614 0.0
-1.55025009e-05 0.000240767258 0.0
0.000258241605 0.000237072716 0.0
-0.000359778787 0.000803295348 0.0
5.04535928e-05 0.000821030408 0.0
0.000941807695 0.000249694451 0.0
0.000151966902 0.000608179136 0.0
-0.000137321476 0.000321912783 0.0
0.000205209959 0.000807196891 0.0
-0.000263733673 0.000866339251 0.0
0.000317026192 0.00047103237 0.0
-1.4469083e-05 0.000715402304 0.0
0.00043968609 0.00037958537 0.0
0.000371157861 0.000224933625 0.0
6.7742978e-05 0.000179744209 0.0
-0.000295866921 0.000797822548 0.0
0.00100817438 0.000179065348 0.0
0.000355302764 0.000579394808 0.0
1.40916399e-07 0.000605445937 0.0
-0.000511576538 0.000712841516 0.0
0.00018526362 0.000275861996 0.0
0.000351050694 0.000360172737 0.0
0.000268676202 0.000244018476 0.0
0.000683030405 0.000542689057 0.0
0.000668226916 0.000565713854 0.0
0.000294979778 0.000250967772 0.0
0.00102260523 5.43496681e-05 0.0
-3.42333697e-05 0.000120307865 0.0
0.000281111774 0.00052595482 0.0
7.66179655e-05 9.09440641e-05 0.0
0.000679929683 0.000424704602 0.0
0.000406129635 0.000523236289 0.0
-4.56453345e-05 0.000821958063 0.0
0.000784209755 0.000393771159 0.0
0.00103157584 0.00013363568 0.0
8.51353179e-05 0.000810393598 0.0
0.000864979636 0.000391139329 0.0
-0.000187141646 0.000786567747 0.0
0.000664752035 0.000441580341 0.0
0.00027325697 0.000119276126 0.0
0.000290824159 0.000329400005 0.0
0.000455895613 0.000147772284 0.0
0.000349362323 0.000679431483 0.0
0.000396684103 0.000770453247 0.0
0.000448905659 0.000862393703 0.0
0.000221572627 0.000359812751 0.0
0.000378247554 0.000450938765 0.0
0.000413005939 2.94376332e-05 0.0
0.000238531749 0.000111891015 0.0
0.000467683509 0.000333876116 0.0
-6.30331124e-05 0.000749464554 0.0
0.000321131316 5.28498167e-05 0.0
0.000272416481 0.000377344433 0.0
-0.000190184583 0.000546853407 0.0
0.00083678012 0.000277449755 0.0
0.000260699861 0.000109445238 0.0
0.000805070042 0.000468183425 0.0
0.000124430386 0.000509000849 0.0
-0.000292453798 0.000667610148 0.0
0.000253329112 0.000582872948 0.0
0.000905219698 0.000300045009 0.0
-6.98428557e-05 0.000281456625 0.0
-6.09693998e-05 0.00085889356 0.0
-0.000100132369 0.000614291988 0.0
6.78834185e-05 0.000609955867 0.0
7.93071304e-05 0.000757475791 0.0
0.000992477522 7.20739772e-05 0.0
-0.000297047169 0.000576776452 0.0
-5.40863111e-05 0.000451959466 0.0
9.09989176e-05 0.000179447976 0.0
-0.000304026937 0.000664575025 0.0
-4.9943108e-05 0.000369734829 0.0
0.000149527637 0.000764917117 0.0
-5.82872126e-05 0.000338512094 0.0
-0.00010262704 0.000807275472 0.0
0.000994166126 6.43325693e-05 0.0
-3.9062641e-05 0.000579720305 0.0
0.000144336111 0.000811030157 0.0
0.000531242229 0.000568315678 0.0
-0.000307247014 0.000479893439 0.0
-6.55053373e-06 0.000768923725 0.0
0.000297872961 0.000261195266 0.0
4.50658918e-05 0.000716315932 0.0
9.84876897e-06 0.000336054654 0.0
0.00040793544 0.000219474823 0.0
0.000660785183 0.000108749831 0.0
0.000996812829 5.89420124e-05 0.0
0.000706415623 0.00027519351 0.0
-0.000174795612 0.000813993393 0.0
4.50540392e-05 0.000183378725 0.0
0.000226930264 0.000808103767 0.0
9.85607694e-05 0.000678254815 0.0
0.000469403953 0.000475232315 0.0
0.00034310951 3.99056553e-05 0.0
0.000601701438 0.000571207434 0.0
0.000241240443 0.000817684107 0.0
0.000655414478 0.00060764252 0.0
7.02590796e-06 0.00042195624 0.0
0.000537385407 0.000372342998 0.0
9.47384178e-05 0.000154368521 0.0
0.000784145319 2.57434531e-05 0.0
0.000442851277 2.64265282e-06 0.0
0.000724694575 0.000334135897 0.0
0.000175096589 0.000632542127 0.0
0.000270716759 0.00021137869 0.0
0.000285358634 0.000261955895 0.0
0.00081688026 0.000315716956 0.0
-0.000125757782 0.000736462534 0.0
0.000413182453 0.000162116135 0.0
0.000609835493 0.000303412991 0.0
-7.49567917e-05 0.000496268854 0.0
0.000411987741 0.000411716581 0.0
0.000112754053 0.000349110196 0.0
0.000534412451 -8.92406479e-06 0.0
-0.000291267294 0.000620609906 0.0
0.00010606768 0.000727374456 0.0
6.17537735e-05 0.000228218443 0.0
0.000315715442 0.000105319974 0.0
-6.27840418e-05 0.000422199751 0.0
0.000361903658 0.000862883229 0.0
0.000382167927 0.00077809603 0.0
-7.39840907e-05 0.000231918675 0.0
0.00078185735 0.000133778754 0.0
0.000263355032 0.000149004307 0.0
0.000701221637 0.000559174456 0.0
0.000400925841 0.000784874079 0.0
6.69673536e-05 0.000182828138 0.0
-2.9593808e-05 0.000638554804 0.0
-0.000216743851 0.000665384228 0.0
0.000764592027 0.000457833492 0.0
7.51122934e-05 2.42946498e-05 0.0
0.000856263912 0.000318901468 0.0
0.000424956641 7.80811315e-05 0.0
0.000121121884 0.000569946773 0.0
0.000591995369 0.000709742599 0.0
0.000472909305 0.000243457049 0.0
0.000742024276 0.00019957489 0.0
0.000899147766 0.000255128485 0.0
3.54927943e-05 0.000539160916 0.0
2.46245927e-05 9.55618088e-05 0.0
0.000878248597 -2.29678562e-07 0.0
0.000359684491 0.000609683746 0.0
4.27662417e-05 0.000578308071 0.0
0.000956134812 4.41019074e-05 0.0
0.000210657265 0.000440852396 0.0
0.000584470632 0.000261604146 0.0
0.000155781454 0.000351657829 0.0
0.00100005849 5.25593605e-05 0.0
0.000578077859 0.000213463485 0.0
-0.000289195683 0.000816161977 0.0
0.000358814636 0.000686747197 0.0
0.000363660889 0.000590937678 0.0
0.000357854122 0.000474217173 0.0
7.9374091e-05 0.000440334959 0.0
2.32045954e-06 6.10826537e-05 0.0
0.00028477647 0.0002907585 0.0
0.000487408019 0.000281712768 0.0
0.0002973222 1.90846586e-05 0.0
-0.000261582813 0.000502174546 0.0
5.0336821e-05 0.000349340698 0.0
0.000251596823 0.000661082566 0.0
0.000181000738 0.000787323515 0.0
-0.000530056015 0.000806407712 0.0
6.7139772e-05 0.000255751307 0.0
0.000232145598 0.000313140423 0.0
0.000646064349 -2.8917957e-05 0.0
0.000512319559 0.00030927005 0.0
-0.000362995168 0.000664707914 0.0
0.000740469375 0.000493902946 0.0
0.000500544847 0.000423612975 0.0
0.000155976159 0.000431778608 0.0
0.000885975955 0.000106248481 0.0
-0.000222163886 0.000608562492 0.0
-9.51957627e-05 0.000618649065 0.0
0.000184488512 5.77974679e-05 0.0
0.000761246425 -2.95550017e-05 0.0
0.000912902993 5.97301187e-05 0.0
0.000539651373 0.00045403908 0.0
-0.000182727177 0.000399782613 0.0
0.000411085901 0.000681158737 0.0
-0.000401770347 0.000671307498 0.0
0.000278029882 0.000265925075 0.0
0.00020733189 0.000574435457 0.0
0.000649287889 0.000419810327 0.0
0.000105091327 0.000271407393 0.0
0.000749094062 0.000282418361 0.0
0.000396879826 0.000539160275 0.0
-7.96084569e-05 0.000545412593 0.0
0.000602748885 0.000225598764 0.0
0.000487657206 0.00019667334 0.0
-0.000215287539 0.000494303415 0.0
0.00106582628 3.39610597e-05 0.0
-0.000189592858 0.000406135397 0.0
0.000565577357 0.000534453604 0.0
-0.000305113557 0.000805166841 0.0
-0.000522145652 0.000882691529 0.0
0.000821362832 0.000220969843 0.0
0.00059061317 0.000393354916 0.0
0.000708958542 2.84576126e-05 0.0
-0.000418277457 0.000753748463 0.0
0.000206076496 0.000253392645 0.0
-0.000150004969 0.000549125602 0.0
-0.000533027865 0.000766466721 0.0
-0.000286323222 0.00052587426 0.0
0.0010279757 0.000104027778 0.0
0.000540703011 0.000656356046 0.0
-6.59681318e-05 0.0002634587 0.0
0.000530094723 0.000202645533 0.0
0.000207297679 0.000133279551 0.0
0.00048293898 0.000875234022 0.0
0.000221617622 0.000536295993 0.0
0.000397118187 0.000365094369 0.0
0.00084061391 5.32313898e-05 0.0
0.00101602206 0.000138713687 0.0
-0.000188434075 0.000399592042 0.0
0.000841094297 0.000180316187 0.0
0.00023629771 0.000742045871 0.0
0.000805608986 8.8315639e-05 0.0
0.000508618075 0.000483998796 0.0
0.000546875817 0.00033028709 0.0
-0.00011470975 0.000332976429 0.0
0.000545258983 0.000562169007 0.0
0.000905852823 0.000221606824 0.0
-0.000154916997 0.000635727425 0.0
0.00035177992 0.000695483235 0.0
0.000148004707 0.000448332983 0.0
-0.000521919399 0.000842375739 0.0
0.000265545328 0.000462704687 0.0
0.00024776737 0.000140778706 0.0
-5.09813181e-05 0.000771021238 0.0
-0.000105127998 0.000701468729 0.0
0.000712419336 0.000106903972 0.0
-0.000142155564 0.000485466124 0.0
0.000351783558 0.000246399577 0.0
0.000867011258 0.000188555976 0.0
0.000270128425 0.000831267855 0.0
0.000609617739 0.000622951076 0.0
0.000461054238 0.000692712958 0.0
0.000754868728 0.000378658646 0.0
-0.000450406456 0.000838904467 0.0
-0.000305416004 0.000639741542 0.0
0.000331246672 0.000811052043 0.0
0.000665544823 0.000624542998 0.0
0.000699341646 0.000389862544 0.0
-0.000162724202 0.000589422067 0.0
0.000423922902 0.000811171718 0.0
0.000521220034 0.000892156968 0.0
0.000227009747 0.000439136551 0.0
-0.000330618408 0.00089440454 0.0
0.000584092515 0.000160139476 0.0
0.000474612141 0.000658261531 0.0
7.7355362e-05 7.53818313e-05 0.0
-1.94786917e-05 0.000389765104 0.0
0.000523691473 0.000724918733 0.0
-5.75343365e-05 0.000707590487 0.0
0.000845012371 0.000246690994 0.0
0.000333086471 2.30629939e-05 0.0
-0.000310531846 0.000812169455 0.0
0.000828633551 0.000379199686 0.0
-0.000139038108 0.000284323149 0.0
-0.000111686728 0.000663702318 0.0
0.00098890916 4.8443002e-05 0.0
-0.000266641408 0.000694814604 0.0
-0.000313211931 0.000828675751 0.0
7.38322997e-05 0.000662942592 0.0
0.000483674696 0.000364191568 0.0
0.000520142436 0.000549312972 0.0
0.000642453611 2.74858976e-05 0.0
1.8849807e-05 1.40127968e-05 0.0
0.000266488263 0.000623020402 0.0
0.000454059831 0.000748528109 0.0
0.000953643932 0.00017236748 0.0
-0.000153316098 0.00077376276 0.0
-0.000160128067 0.000350550079 0.0
0.000652536342 8.03883086e-05 0.0
0.000152659137 0.000264755421 0.0
0.000652156188 0.000410672073 0.0
0.000588443072 6.04797824e-05 0.0
0.000228710021 0.00071951584 0.0
0.00018732161 0.000314507837 0.0
-0.000324444642 0.000830948004 0.0
0.000194527485 0.000520357105 0.0
-0.000187987083 0.000794490741 0.0
0.000102749917 0.000464993762 0.0
0.000385021995 3.07248265e-05 0.0
0.000181271826 0.000467261969 0.0
-0.000350032031 0.000828638324 0.0
0.000588558672 0.000110056317 0.0
-9.43172781e-05 0.000460424606 0.0
-4.73548862e-05 0.00068282499 0.0
0.000165426143 0.000384989165 0.0
8.32259102e-05 -1.74716786e-06 0.0
0.000296268146 6.02512264e-05 0.0
