0.0008119985 0.00115121272 0.0
0.00079728791 0.0012358682 0.0
0.00052539102 0.00126020389 0.0
0.00046449728 0.00123988942 0.0
0.000506336452 0.00120659638 0.0
0.000874515972 0.00123988942 0.0
0.000935409684 0.00126020389 0.0
0.000749782717 0.0016768513 0.0
0.000736218004 0.0017440113 0.0
0.00069161522 0.00169196934 0.0
6.61960366e-05 -4.07730076e-05 0.0
7.97607936e-05 -0.000107933054 0.0
0.000837574364 0.00165161758 0.0
0.000827372132 0.00169020786 0.0
0.000783427444 0.00165171002 0.0
0.000157350194 -9.4576455e-05 0.0
0.000167552382 -0.000133166686 0.0
0.000529583369 0.000287995936 0.0
0.000513271661 0.000343581924 0.0
0.000975187577 0.00148485252 0.0
0.00102300139 0.00150207023 0.0
0.000985127524 0.00155920687 0.0
0.000612982665 0.00150207023 0.0
0.000565168855 0.00148485252 0.0
0.000635059492 0.00131768663 0.0
0.000619270548 0.0013855279 0.0
0.000935657183 0.00156554906 0.0
0.000920776918 0.00161927636 0.0
0.000415200746 0.000517615001 0.0
0.000398713688 0.000521475682 0.0
0.000218219007 0.00037838702 0.0
0.000200440583 0.00036408467 0.0
0.000224254429 0.000351367053 0.0
0.000610459305 0.00036408467 0.0
0.000628237729 0.00037838702 0.0
0.000397770549 0.000842342444 0.0
0.000381749996 0.000919367827 0.0
0.000293202495 0.000381792139 0.0
0.000275444327 0.000388553803 0.0
0.000543327944 0.000739002193 0.0
0.000526910473 0.000832387828 0.0
0.000765706354 0.000991576933 0.0
0.00074929354 0.00109453441 0.0
0.000502066687 0.000849079166 0.0
0.000484920893 0.000932667579 0.0
0.000568040938 0.000570578559 0.0
0.000549648306 0.00062382943 0.0
0.000670021924 0.00178478425 0.0
0.0 0.0 0.0
0.000410018692 0.0 0.0
0.0010800407 0.00178478425 0.0
0.000822172908 0.00115688832 0.0
0.000831845566 0.00116335193 0.0
0.000840097724 0.00117208459 0.0
0.000845957489 0.00118232251 0.0
0.000849183882 0.00119340839 0.0
0.000849341683 0.00120478671 0.0
0.000846714422 0.0012156975 0.0
0.000841173867 0.00122535776 0.0
0.000832645863 0.00123308692 0.0
0.000821330061 0.00123744539 0.0
0.000809224322 0.00123827148 0.0
0.000786400284 0.00123076607 0.0
0.000776758126 0.00122427405 0.0
0.00076858839 0.00121579249 0.0
0.000762454059 0.00120584026 0.0
0.000759096351 0.00119472062 0.0
0.000758991402 0.00118329655 0.0
0.000762530661 0.00117214059 0.0
0.000769415521 0.00116220478 0.0
0.000778353016 0.00115472998 0.0
0.000788390229 0.00114979642 0.0
0.000799870933 0.00114849419 0.0
0.000463879347 0.00123156596 0.0
0.000465132354 0.00122365647 0.0
0.00046803942 0.00121630449 0.0
0.000472957792 0.00121012016 0.0
0.000479995593 0.00120556331 0.0
0.000488616759 0.0012031541 0.0
0.000497751695 0.00120397063 0.0
0.000513608276 0.0012108396 0.0
0.000520257279 0.0012159613 0.0
0.000525524199 0.00122246204 0.0
0.000529232377 0.00122973591 0.0
0.000531232508 0.00123761687 0.0
0.000531204976 0.00124576129 0.0
0.000529155717 0.00125338696 0.0
0.000929906033 0.00126589858 0.0
0.00092272833 0.00126978429 0.0
0.00091390498 0.00127057894 0.0
0.000905137684 0.00126886775 0.0
0.000897631631 0.0012650016 0.0
0.000890007301 0.00126064196 0.0
0.000883040891 0.0012552361 0.0
0.000877726707 0.00124815223 0.0
0.000725465768 0.00174194435 0.0
0.000716396491 0.00173769007 0.0
0.000708666979 0.0017324643 0.0
0.000701690034 0.0017259717 0.0
0.000696175441 0.00171842135 0.0
0.0006925817 0.00170994678 0.0
0.000691084075 0.00170088478 0.0
0.000694316579 0.00168346567 0.0
0.000699107593 0.00167612138 0.0
0.000705680461 0.00167028478 0.0
0.000714287802 0.00166612666 0.0
0.000723953184 0.00166558078 0.0
0.00073322258 0.00166776986 0.0
0.000742069562 0.00167146907 0.0
8.66344781e-05 -0.000101756632 0.0
9.20995008e-05 -9.43964478e-05 0.0
9.61055266e-05 -8.61453445e-05 0.0
9.80988916e-05 -7.72013373e-05 0.0
9.7869648e-05 -6.83975959e-05 0.0
9.55650103e-05 -6.00420935e-05 0.0
9.12990727e-05 -5.25394644e-05 0.0
8.5239124e-05 -4.64263321e-05 0.0
7.63869029e-05 -4.22754965e-05 0.0
0.000819776731 0.00169121963 0.0
0.000812282844 0.00168973277 0.0
0.000805148389 0.00168696325 0.0
0.000798698224 0.00168269104 0.0
0.000793037761 0.0016782179 0.0
0.000787927595 0.00167274487 0.0
0.000784469419 0.00166615553 0.0
0.000782811083 0.00165896141 0.0
0.000786075194 0.00164485862 0.0
0.000791086641 0.00163911725 0.0
0.000797876331 0.00163546915 0.0
0.0008057456 0.00163375551 0.0
0.000813628023 0.00163417996 0.0
0.000821145193 0.00163614878 0.0
0.000827918819 0.00164021237 0.0
0.000833326078 0.00164551917 0.0
0.000170761967 -0.000126124942 0.0
0.00017213884 -0.000118639211 0.0
0.000171559252 -0.000111181871 0.0
0.000168879298 -0.000104294297 0.0
0.000164101773 -9.84880171e-05 0.0
0.000537128828 0.0002916964 0.0
0.000543653441 0.000296827813 0.0
0.000548440323 0.00030373648 0.0
0.000550632132 0.000311556272 0.0
0.000551203673 0.000319687708 0.0
0.000550013152 0.000327414367 0.0
0.000547207077 0.000334563025 0.0
0.000542782596 0.00034059363 0.0
0.000537169399 0.00034525973 0.0
0.000529576093 0.000347814494 0.0
0.000520963455 0.000347279012 0.0
0.000506097742 0.000339439401 0.0
0.000500242517 0.000333961332 0.0
0.000495170243 0.000327816902 0.0
0.000491430517 0.000320776191 0.0
0.000489524275 0.000313231401 0.0
0.000489590981 0.000305556285 0.0
0.000491643033 0.000298161351 0.0
0.000495841377 0.00029185295 0.0
0.000502551673 0.000286829891 0.0
0.000511519494 0.000284401322 0.0
0.00052113767 0.000284940121 0.0
0.00102844869 0.00151005667 0.0
0.00103187014 0.00151902949 0.0
0.00103312731 0.00152840628 0.0
0.00103218376 0.0015375074 0.0
0.00102901098 0.00154606928 0.0
0.00102290418 0.00155367923 0.0
0.00101429923 0.00155883143 0.0
0.0010048484 0.00156120269 0.0
0.00099490094 0.00156129175 0.0
0.000975946372 0.00155454746 0.0
0.000967856089 0.00154835149 0.0
0.000961549114 0.0015407718 0.0
0.000956703967 0.0015321438 0.0
0.000954030256 0.00152284617 0.0
0.000953970826 0.00151320058 0.0
0.000956318574 0.00150396803 0.0
0.000960863254 0.00149585726 0.0
0.000967207947 0.0014893621 0.0
0.000573951984 0.00148309069 0.0
0.000583088549 0.0014841255 0.0
0.000591852819 0.00148693705 0.0
0.000599514169 0.0014911911 0.0
0.000606719754 0.00149598299 0.0
0.000643192208 0.00132220017 0.0
0.000650363276 0.00132768159 0.0
0.000657250348 0.00133404927 0.0
0.000662315404 0.00134182919 0.0
0.000665169733 0.00135057722 0.0
0.000665562868 0.00135965156 0.0
0.000663679559 0.0013680493 0.0
0.000660040241 0.00137576344 0.0
0.000654515054 0.00138212286 0.0
0.000647630019 0.0013870144 0.0
0.000638293684 0.00138942979 0.0
0.00062869984 0.00138818589 0.0
0.0006109557 0.0013810012 0.0
0.000603661931 0.00137544039 0.0
0.000597756356 0.00136850157 0.0
0.000593635486 0.00136079488 0.0
0.000591057877 0.00135242997 0.0
0.000590411073 0.00134381221 0.0
0.000591679127 0.0013354664 0.0
0.00059473986 0.00132777239 0.0
0.000599950959 0.00132123241 0.0
0.000607283029 0.00131627521 0.0
0.000616416568 0.00131402642 0.0
0.000625945977 0.00131478626 0.0
0.000943192746 0.00156992197 0.0
0.000949492794 0.00157586264 0.0
0.000954293879 0.00158287678 0.0
0.000957280688 0.00159049651 0.0
0.000957988086 0.00159854023 0.0
0.000956402044 0.00160641596 0.0
0.000952295493 0.00161351101 0.0
0.000945688924 0.00161875715 0.0
0.00093744573 0.0016214007 0.0
0.000928867841 0.00162125286 0.0
0.000913564407 0.0016147939 0.0
0.00090778881 0.0016086828 0.0
0.000903491804 0.00160167681 0.0
0.000900965533 0.00159397477 0.0
0.000900211337 0.00158611266 0.0
0.000901534979 0.00157855754 0.0
0.000904968183 0.00157163013 0.0
0.000911315961 0.00156624697 0.0
0.000918968231 0.0015639083 0.0
0.000927364395 0.00156374043 0.0
0.000416369759 0.000520278409 0.0
0.000416872761 0.000522912189 0.0
0.000416350958 0.000525515294 0.0
0.00041515319 0.000527382421 0.0
0.000414022157 0.000528713514 0.0
0.000412956491 0.000529731158 0.0
0.000411510555 0.000530379242 0.0
0.000409717817 0.00053070375 0.0
0.000406379637 0.000530072197 0.0
0.000403067272 0.000527791504 0.0
0.000400170858 0.000524578267 0.0
0.000397485623 0.00051923818 0.0
0.000396795047 0.000516686297 0.0
0.000397022581 0.000514189596 0.0
0.00039791211 0.000512104249 0.0
0.000399217155 0.000510407437 0.0
0.000400649384 0.000509195728 0.0
0.000402562786 0.000508533791 0.0
0.00040476126 0.000508340076 0.0
0.00040781626 0.000509172678 0.0
0.000410984503 0.000511218794 0.0
0.000413605478 0.000514399784 0.0
0.000199907066 0.000360186357 0.0
0.000200332113 0.000356344855 0.0
0.000201296527 0.000353023119 0.0
0.000202726529 0.000350143615 0.0
0.000204907294 0.000347753084 0.0
0.00020775442 0.000346033572 0.0
0.00021194393 0.000345312292 0.0
0.000216593748 0.000346989866 0.0
0.000220778267 0.000349268259 0.0
0.000227170298 0.000354122021 0.0
0.000228626901 0.00035772979 0.0
0.000229580182 0.000361577084 0.0
0.00023004807 0.000365043117 0.0
0.000230285281 0.000368250301 0.0
0.000229862999 0.00037136022 0.0
0.000228440389 0.000374242081 0.0
0.000226119926 0.000376663782 0.0
0.000222789517 0.000378090277 0.0
0.000623315456 0.000376648997 0.0
0.000618893304 0.000373360177 0.0
0.000615511555 0.000370655442 0.0
0.000612519041 0.000367896311 0.0
0.000408057327 0.000846464653 0.0
0.000417165429 0.000852761674 0.0
0.000423843303 0.000861240085 0.0
0.000428309926 0.000870895805 0.0
0.00043053503 0.000881301065 0.0
0.000430252083 0.000891791307 0.0
0.000427435443 0.000901643129 0.0
0.000422025507 0.000910529343 0.0
0.000413796894 0.000917283585 0.0
0.000403716462 0.000921125524 0.0
0.000392726535 0.000921651837 0.0
0.000371741597 0.000914704637 0.0
0.000363037077 0.000907919544 0.0
0.000356108096 0.000899798702 0.0
0.000350873481 0.000890486641 0.0
0.000348082453 0.000880255422 0.0
0.000347941823 0.000869706855 0.0
0.00035050977 0.000859577383 0.0
0.000356050528 0.000850603043 0.0
0.000364319596 0.000843790476 0.0
0.00037516022 0.000839877815 0.0
0.000386569183 0.000839493237 0.0
0.000294656842 0.00038442915 0.0
0.000295518665 0.000387272448 0.0
0.000295329228 0.000390120316 0.0
0.000294433674 0.000392647373 0.0
0.000293182849 0.000394643634 0.0
0.000291532226 0.000396237534 0.0
0.000289490359 0.000397414231 0.0
0.000286713155 0.000397623255 0.0
0.000283462374 0.000397057069 0.0
0.000280094566 0.000394657254 0.0
0.000277335348 0.000391290698 0.0
0.000274260441 0.000385820313 0.0
0.000274299382 0.00038266732 0.0
0.000274736987 0.000379720645 0.0
0.000275265978 0.000377514079 0.0
0.000276028353 0.000375609874 0.0
0.000277151936 0.00037413527 0.0
0.000278804189 0.000373115763 0.0
0.000280802866 0.000372533337 0.0
0.000283908652 0.000372912968 0.0
0.000287970033 0.000374833529 0.0
0.000291487959 0.000378447789 0.0
0.000555982464 0.000744461024 0.0
0.000567072013 0.000752367429 0.0
0.000576052873 0.000762725249 0.0
0.000582189241 0.000775028719 0.0
0.000584705092 0.000788470265 0.0
0.000582921901 0.000801961753 0.0
0.000576723367 0.00081424322 0.0
0.000566617236 0.00082348875 0.0
0.000554117258 0.000829613826 0.0
0.000540368434 0.000832814956 0.0
0.000514535001 0.000827361248 0.0
0.000503534451 0.000818315893 0.0
0.000495101558 0.000807498291 0.0
0.000489015714 0.000795248779 0.0
0.000486425415 0.000781822484 0.0
0.000487581245 0.000768314872 0.0
0.000492753286 0.000755635847 0.0
0.000502281531 0.000745186699 0.0
0.000514936866 0.000738756673 0.0
0.000528853328 0.000736361195 0.0
0.000778871356 0.000996597926 0.0
0.000791260507 0.00100409135 0.0
0.0008017238 0.00101415021 0.0
0.000809066813 0.00102660479 0.0
0.000812995131 0.00104042783 0.0
0.000812629354 0.00105452328 0.0
0.000808563316 0.00106786948 0.0
0.000800459704 0.00107983814 0.0
0.000789948099 0.00108924066 0.0
0.000777856912 0.00109547423 0.0
0.000763829914 0.00109735969 0.0
0.000736524176 0.00108909921 0.0
0.000724594865 0.00108167005 0.0
0.000714139955 0.00107159198 0.0
0.000706331921 0.00105962378 0.0
0.00070194283 0.00104605581 0.0
0.000701508543 0.00103178876 0.0
0.000704989885 0.00101813581 0.0
0.000712526788 0.00100616075 0.0
0.000723284145 0.000996767543 0.0
0.000736644608 0.000991349923 0.0
0.000751095358 0.000989573076 0.0
0.000512237952 0.000853666454 0.0
0.000521350536 0.000861169305 0.0
0.000528474979 0.000870146614 0.0
0.000533532875 0.000880357053 0.0
0.000536406355 0.000891223375 0.0
0.00053646497 0.000902321364 0.0
0.000533853716 0.000912920514 0.0
0.000528500648 0.000922478153 0.0
0.000519783178 0.000929960166 0.0
0.000508580124 0.00093434687 0.0
0.000496536028 0.000935160671 0.0
0.000473884342 0.000928533031 0.0
0.000464118988 0.000922107836 0.0
0.000456523645 0.000913487806 0.0
0.000451739645 0.000902974338 0.0
0.000449190615 0.000892065 0.0
0.000449426268 0.000880888838 0.0
0.000452557695 0.000870268152 0.0
0.000458876428 0.00086097134 0.0
0.000467973761 0.000854232057 0.0
0.000478960312 0.000850108685 0.0
0.000490784179 0.000848172291 0.0
0.000573933532 0.000575007871 0.0
0.000579263957 0.000579449872 0.0
0.000584196765 0.000584668422 0.0
0.000588110532 0.000590736105 0.0
0.000590495009 0.000597501115 0.0
0.000591157412 0.000604526896 0.0
0.000589736272 0.000611464144 0.0
0.00058661506 0.000617927872 0.0
0.000581135217 0.000623293163 0.0
0.000573576137 0.0006266032 0.0
0.000565513619 0.000627936679 0.0
0.000556952436 0.000626895635 0.0
0.000543140224 0.000619920844 0.0
0.00053741521 0.000615251542 0.0
0.000533160463 0.000609134207 0.0
0.000530644029 0.00060220639 0.0
0.000529961428 0.000594891782 0.0
0.000530588964 0.00058792741 0.0
0.000532658712 0.000581385684 0.0
0.000536002859 0.000575512415 0.0
0.000540511333 0.000570726232 0.0
0.000546131923 0.000567344308 0.0
0.000553417427 0.000566185859 0.0
0.000561024877 0.00056739134 0.0
0.000649448484 0.00171281036 0.0
0.000641271472 0.00164185208 0.0
0.000395310228 0.00104803359 0.0
0.000380081707 0.000995785813 0.0
0.000366964552 0.00096155348 0.0
0.000361739541 0.000934574404 0.0
0.000349978567 0.00090535928 0.0
0.000328211958 0.00085284235 0.0
0.0003231632 0.000772848027 0.0
0.000315579033 0.000679633929 0.0
0.000290278258 0.000583257177 0.0
0.000248831057 0.00047845568 0.0
0.000164056997 0.000306142203 0.0
0.000145432394 0.000255054387 0.0
0.000109962632 0.00018063368 0.0
5.02298099e-05 8.84301553e-05 0.0
2.2402266e-05 -5.18660408e-06 0.0
0.000113714188 -3.42810745e-05 0.0
0.000140020653 -3.43988104e-05 0.0
0.000203831034 -4.87098878e-05 0.0
0.000241897258 -3.32229502e-05 0.0
0.000276343606 -4.22450648e-05 0.0
0.000302077504 -6.25827015e-05 0.0
0.000320178107 -7.47406739e-05 0.0
0.000332516269 -7.46294463e-05 0.0
0.000347305293 -5.38631539e-05 0.0
0.00036867676 -2.45902957e-05 0.0
0.000395825482 -3.93409391e-06 0.0
0.000423348247 6.11670202e-06 0.0
0.00044539533 2.26031389e-05 0.0
0.000447128608 5.858035e-05 0.0
0.00042989754 4.29303327e-05 0.0
0.000397498225 3.05964095e-05 0.0
0.000379082223 1.87525984e-05 0.0
0.00039077879 3.30336729e-06 0.0
0.000460248499 8.84301553e-05 0.0
0.000519981317 0.00018063368 0.0
0.000555451086 0.000255054387 0.0
0.000574075675 0.000306142203 0.0
0.00065884972 0.00047845568 0.0
0.000700296951 0.000583257177 0.0
0.000725597725 0.000679633929 0.0
0.000733181892 0.000772848027 0.0
0.00073823065 0.00085284235 0.0
0.000759997289 0.00090535928 0.0
0.000771758263 0.000934574404 0.0
0.000776983274 0.00096155348 0.0
0.000790100428 0.000995785813 0.0
0.000805328949 0.00104803359 0.0
0.00105129019 0.00164185208 0.0
0.00105946721 0.00171281036 0.0
0.00106080074 0.00178808765 0.0
0.00104910415 0.0018035369 0.0
0.00106752012 0.00181538076 0.0
0.00109991943 0.00182771462 0.0
0.00111715053 0.00184336468 0.0
0.00111541734 0.00180738745 0.0
0.00109337014 0.00179090095 0.0
0.00106584746 0.00178085023 0.0
0.00103869871 0.00176019396 0.0
0.00101732719 0.0017309211 0.0
0.00100253825 0.00171015481 0.0
0.000990200089 0.00171004364 0.0
0.000972099428 0.00172220159 0.0
0.00094636553 0.00174253923 0.0
0.000911919225 0.0017515613 0.0
0.000873852987 0.00173607445 0.0
0.000810042606 0.00175038551 0.0
0.000783736119 0.0017505032 0.0
0.00069242419 0.00177959772 0.0
0.000703233702 0.00122959074 0.0
0.000400602061 0.000257950189 0.0
0.00079119415 0.00142591447 0.0
0.000326745183 0.000190283579 0.0
0.00060827937 0.00110560656 0.0
0.000699048571 0.00107458758 0.0
0.000714612543 0.00139378442 0.0
0.000287142524 0.000202560273 0.0
0.000847763149 0.00116508326 0.0
0.000457865768 0.000422943238 0.0
0.000655931013 0.000899920065 0.0
0.000525421055 0.00110429153 0.0
0.000617511454 0.000511039572 0.0
0.000380148238 0.000635121658 0.0
0.000654080708 0.000700398406 0.0
0.000414849113 0.000133360081 0.0
0.000761216914 0.0012962023 0.0
0.000274506281 0.000217112072 0.0
0.000377691671 0.000684863771 0.0
0.000620021543 0.00146421616 0.0
0.000452232489 0.000675755145 0.0
0.000632889045 0.00100898626 0.0
0.000678684853 0.00125141523 0.0
0.000450712454 0.000333824748 0.0
0.000868394214 0.00124918623 0.0
0.000384985586 0.000332984724 0.0
0.000347461377 9.98254691e-05 0.0
0.000839489512 0.00139901892 0.0
0.000600578147 0.00143859838 0.0
0.000263823895 9.1257898e-05 0.0
0.000372279028 0.000648594403 0.0
0.000256834493 0.00054266979 0.0
0.00083506247 0.00154221011 0.0
0.000327331392 0.000281445595 0.0
0.000718414551 0.00103341672 0.0
0.000448920939 0.000707308704 0.0
0.000324603257 0.000619992672 0.0
0.000758159265 0.0014859332 0.0
0.000736497808 0.00119450421 0.0
0.000557651161 0.00110964489 0.0
0.000635200529 0.00093840115 0.0
0.000575083541 0.000995368813 0.0
0.000738372619 0.00134756905 0.0
0.000175107649 7.53252316e-05 0.0
0.000660861318 0.00112247223 0.0
0.00049527688 0.000441386394 0.0
0.000235304251 0.000156059978 0.0
0.000680594007 0.00082554674 0.0
0.000325605826 0.000303859997 0.0
0.000469035236 0.0010638081 0.0
0.000694571761 0.00145084958 0.0
0.000564512622 0.00121166045 0.0
0.000371815608 7.06865394e-05 0.0
0.000623178319 0.000770911982 0.0
0.000474810979 0.00050807558 0.0
0.000129571257 0.000139987213 0.0
0.000454968103 0.000638384838 0.0
0.000469316263 0.000991028268 0.0
0.000439564436 0.000112377427 0.0
0.000662450155 0.000603494409 0.0
0.000353362382 0.00032135236 0.0
0.000305504975 7.01794634e-05 0.0
0.000388754241 0.000703028927 0.0
0.000344351167 0.00053660234 0.0
0.000624181004 0.000594823679 0.0
0.000362305553 0.000216405548 0.0
0.000342718238 0.000369447604 0.0
0.000141163648 8.92193057e-05 0.0
0.0010148196 0.00167166442 0.0
0.00061697897 0.000782248448 0.0
0.00020952159 0.000115226263 0.0
0.000626292313 0.00120213325 0.0
0.000586376118 0.000417628034 0.0
0.000453587709 0.000261279813 0.0
0.000563699461 0.00111123757 0.0
0.000571437704 0.000466362049 0.0
0.000422042998 0.0004193926 0.0
0.000855838123 0.00149205362 0.0
0.00057265634 0.00135946495 0.0
0.000684727042 0.00134007086 0.0
0.000693743757 0.00104208372 0.0
0.000707350788 0.00117064384 0.0
0.000333588134 0.000625176181 0.0
0.000698348565 0.000890477153 0.0
0.000243658607 0.000126718049 0.0
0.000906987465 0.00145254901 0.0
0.00066053198 0.000970023451 0.0
0.000646391534 0.00153926096 0.0
0.000883977162 0.00131456705 0.0
0.000870326883 0.00131767301 0.0
0.00023750565 7.57949747e-05 0.0
0.000703179103 0.00100192544 0.0
0.000218264118 0.000240944602 0.0
0.000734096975 0.00111780863 0.0
0.000424243684 0.000803987728 0.0
0.000629725226 0.000932052557 0.0
0.000583593384 0.00090766378 0.0
0.000702237536 0.00129321986 0.0
0.000415246788 0.00032419429 0.0
0.000801000686 0.00131742028 0.0
0.000343349471 0.000576264691 0.0
0.000334920274 0.000322869484 0.0
0.000833599712 0.00110046682 0.0
0.000423729536 0.000718834635 0.0
0.000590094423 0.00140689756 0.0
0.000864898961 0.00119898503 0.0
0.000399967947 0.000599536463 0.0
0.00049786031 0.000499532442 0.0
0.000881042855 0.00140116957 0.0
0.000584481691 0.000336285302 0.0
0.000420767261 0.000224042771 0.0
0.000755765301 0.00157869409 0.0
0.000636706362 0.00148525462 0.0
0.000644821499 0.00152425782 0.0
0.000580770196 0.0013839344 0.0
0.000893626071 0.0016783257 0.0
0.000353226525 0.000593539793 0.0
0.000794662512 0.00137633854 0.0
0.000829268014 0.00113300094 0.0
0.000848216703 0.00116641622 0.0
0.000513966603 0.00113477919 0.0
0.000235431289 0.000566461065 0.0
0.000465678109 0.000766943616 0.0
0.000673628005 0.00118783524 0.0
0.000624050852 0.00048564488 0.0
0.000613678654 0.000834716018 0.0
0.000484748161 0.000627240865 0.0
0.000795554428 0.00154699793 0.0
0.000850906363 0.00159221981 0.0
0.00083892222 0.00113912439 0.0
0.00044277453 0.000654370233 0.0
0.000732857327 0.00128222699 0.0
0.000546026044 0.00101510389 0.0
0.000696412229 0.00071837689 0.0
0.000408358057 0.000744810794 0.0
0.000663749233 0.0010703092 0.0
0.00076847116 0.00126068154 0.0
0.000367105473 0.000727756124 0.0
0.000622336695 0.000653476396 0.0
0.000731968612 0.00150832359 0.0
0.000398459233 5.62534915e-05 0.0
0.0004831611 0.00037724906 0.0
0.000677749224 0.00105128915 0.0
0.000328988419 0.000561170513 0.0
0.000378568628 0.000148207968 0.0
0.000289510674 0.000283115573 0.0
0.000248149037 0.000437365903 0.0
0.000523355557 0.000459817325 0.0
0.000460635376 0.000213147447 0.0
0.00030478643 0.000193222062 0.0
0.000569678028 0.00033091291 0.0
0.000274018035 3.24320827e-05 0.0
0.000445187732 0.000365990039 0.0
0.000712660607 0.000881554559 0.0
0.000231356476 0.000113123053 0.0
0.000584511086 0.000722950208 0.0
0.00030648039 0.000656632066 0.0
0.000580519089 0.00120385026 0.0
0.000164445039 0.000161369855 0.0
0.000285700226 0.000526988704 0.0
0.000784035597 0.00171515311 0.0
0.000532829843 0.00111104455 0.0
0.000515951542 0.00103065243 0.0
0.000611424912 0.0010487017 0.0
0.000492169638 0.000181902258 0.0
0.000625436776 0.000931770832 0.0
0.00106756506 0.00170603045 0.0
0.000445551472 0.00106494059 0.0
0.000979549251 0.00166644691 0.0
0.000921565923 0.0014349902 0.0
0.000334729732 0.000543369795 0.0
0.000286195165 0.000525469019 0.0
0.000886516995 0.00135932141 0.0
0.000644672138 0.00156678364 0.0
0.000648868387 0.00128133933 0.0
0.000391349284 0.000408334163 0.0
0.000729985069 0.00122658571 0.0
0.000565825962 0.000411632413 0.0
0.000740704709 0.00141074357 0.0
0.000141105862 3.5686684e-05 0.0
0.000559292966 0.00125421002 0.0
0.000663774845 0.00164369703 0.0
0.000673795759 0.000949915848 0.0
6.68644352e-05 6.55944314e-05 0.0
0.000692398753 0.0015132894 0.0
0.000208079902 0.000205759221 0.0
0.000670737936 0.00171097345 0.0
0.000885340502 0.00135274965 0.0
0.00100163906 0.00169034826 0.0
0.000566999312 0.00131848303 0.0
0.000343101041 2.39888941e-05 0.0
0.000735516252 0.00154375017 0.0
0.000597522943 0.000539385772 0.0
0.000436222064 0.00105075084 0.0
0.000663982471 0.000867340888 0.0
0.000884900684 0.00148133433 0.0
0.000854407495 0.00122364669 0.0
0.000663758779 0.00079528318 0.0
0.000613710552 0.00147389201 0.0
0.000447386934 0.000985168503 0.0
0.000640197017 0.00117567077 0.0
0.000352143863 0.000260391302 0.0
0.000447017606 8.07493125e-05 0.0
0.00043108355 0.000629253569 0.0
0.000336004683 0.00014598087 0.0
0.000795647968 0.00148695812 0.0
0.000565196271 0.00134907395 0.0
0.000473603955 0.00067322125 0.0
0.0005881408 0.00111702702 0.0
0.000225577503 2.36565611e-05 0.0
0.000881480228 0.00164345722 0.0
0.000322724372 2.43832292e-05 0.0
0.000556775194 0.000884139794 0.0
0.00047606579 0.000544192619 0.0
0.000658930512 0.00155774457 0.0
0.000700156379 0.0010118311 0.0
0.000761848351 0.00135333545 0.0
0.000274755876 0.000156247086 0.0
0.000296403072 0.000120326811 0.0
0.000387630338 0.000280676584 0.0
0.000286730035 0.000216876753 0.0
0.000346419809 0.000646529137 0.0
0.000604012108 0.00121317757 0.0
0.000574117468 0.0013628169 0.0
0.000988234766 0.00161326199 0.0
0.000440236123 0.000476769055 0.0
0.000471111765 0.000419689022 0.0
0.000157979317 0.000222312461 0.0
0.000244631316 0.000579679559 0.0
0.0010381036 0.0016667546 0.0
0.000601620763 0.0014196136 0.0
0.000830581237 0.00132493989 0.0
0.000746718375 0.00112977636 0.0
0.000586186943 0.000376250537 0.0
0.000518870365 0.000659385289 0.0
0.000676800322 0.00136960263 0.0
0.000333021773 0.000257819658 0.0
0.000861772569 0.00161799206 0.0
0.000404673425 0.000753377739 0.0
0.000132911824 0.000115409748 0.0
0.000562435249 0.000936232158 0.0
0.000462835102 0.000645528897 0.0
0.000467008009 0.000326189707 0.0
0.00065522053 0.00161460822 0.0
0.000175343273 7.58179476e-06 0.0
0.000478473958 0.000677568314 0.0
0.000758927607 0.00163850049 0.0
0.000402929931 0.000151684086 0.0
0.000826495932 0.00143779721 0.0
0.00011253704 1.35930225e-06 0.0
0.000877605809 0.00143781677 0.0
0.00035306206 0.000378660101 0.0
0.000423595455 0.00028130351 0.0
0.000552624231 0.000470713625 0.0
0.000756295514 0.0015565895 0.0
0.000422029785 0.000769998413 0.0
0.00086731906 0.00153989263 0.0
0.000684321101 0.00106458471 0.0
0.00015675067 0.000111995563 0.0
0.0004553654 0.000933369331 0.0
0.000983831123 0.00166499696 0.0
0.000250081415 0.000371950999 0.0
0.000366719876 1.39506601e-05 0.0
0.000905470049 0.00135046779 0.0
0.00072380685 0.00110880029 0.0
0.000701239333 0.000860534899 0.0
0.000819748733 0.00158360205 0.0
0.000318045495 0.000299461331 0.0
0.000233474755 0.000466783298 0.0
0.000347260997 0.000467194302 0.0
0.000646470929 0.00152604817 0.0
0.00087061146 0.00162968016 0.0
0.000667753688 0.000550734054 0.0
0.000687762455 0.00115675875 0.0
0.000343266642 0.000709863321 0.0
0.000969117507 0.00166327914 0.0
0.000769770239 0.00166806823 0.0
0.000662103179 0.000914350967 0.0
0.000698504504 0.00133249327 0.0
0.000552736863 0.000699936412 0.0
0.000358132151 0.000384929182 0.0
0.000250153564 0.000368715759 0.0
0.000657765602 0.00150438608 0.0
0.000612204953 0.000421502395 0.0
0.000753166853 0.00119299372 0.0
0.000576577208 0.00108391116 0.0
0.000567000767 0.0013923943 0.0
0.000327036279 0.000519762747 0.0
0.00045127896 0.000657595112 0.0
0.000341340376 0.000443035067 0.0
0.000857646693 0.00114726368 0.0
0.000867005554 0.001204147 0.0
0.000338771322 0.000407716783 0.0
0.000440520613 0.000131539797 0.0
0.000173549925 0.00028957054 0.0
0.000697226089 0.00102868362 0.0
0.000180308358 0.000200981114 0.0
0.000601666223 0.000825692434 0.0
0.000707270694 0.00105971959 0.0
0.000766451005 0.00155249052 0.0
0.000649823109 0.000775316323 0.0
0.000586127455 0.000335011951 0.0
0.000926564389 0.0016880082 0.0
0.000706669118 0.000800927519 0.0
0.000726501341 0.00147647422 0.0
0.000632294919 0.000919876096 0.0
0.000232001039 0.000188314225 0.0
0.000429079402 0.000627622998 0.0
0.000308159943 0.000242160168 0.0
0.000890713884 0.00140406634 0.0
0.00093785685 0.00151298242 0.0
0.00107801636 0.00168416474 0.0
0.000409452536 0.000660504098 0.0
0.000598890358 0.000837986241 0.0
0.000210473692 4.42129858e-05 0.0
0.00018285666 0.000142372985 0.0
0.000479916809 0.000588192954 0.0
0.000697926152 0.00139851135 0.0
0.000214777741 8.10351266e-05 0.0
0.000477421156 0.000742038828 0.0
0.000487134268 0.00105512887 0.0
0.000628513924 0.000560162123 0.0
0.000200863869 0.000141557553 0.0
0.000741072872 0.000936875644 0.0
0.000598983548 0.000975809759 0.0
0.000552935759 0.00127094076 0.0
0.000714324415 0.00114080857 0.0
0.000693379261 0.000644380809 0.0
0.00026762794 0.000565546856 0.0
0.000871490804 0.00169346051 0.0
0.000539122557 0.00110495323 0.0
0.000641070539 0.0011258343 0.0
0.000768364174 0.00144191412 0.0
0.000455236266 0.000196287874 0.0
0.000482436066 0.00113081792 0.0
0.000428969564 0.000846635259 0.0
0.00024730654 0.000350158778 0.0
0.000558903732 0.00128976721 0.0
0.000344516506 0.00071554567 0.0
0.000830163772 0.0014866268 0.0
0.000283256959 0.000660563761 0.0
0.000720803335 0.0015300354 0.0
0.000471381383 0.000189561368 0.0
0.000532683916 0.00103161216 0.0
0.000950348796 0.00168008078 0.0
0.000829020748 0.00113023189 0.0
0.000410093227 0.000996051356 0.0
0.000729609223 0.00144946354 0.0
0.000355221826 0.00046654261 0.0
0.000721020217 0.00135353068 0.0
0.000351978291 0.000651774404 0.0
0.000352881878 0.000369170622 0.0
0.000379206351 0.000204856915 0.0
0.000441026932 0.000156508337 0.0
0.000519467052 0.000516500091 0.0
0.000722027791 0.0015378322 0.0
0.000241270653 0.000361447746 0.0
0.000973799266 0.00164649799 0.0
0.000717045856 0.00128984544 0.0
0.00065059599 0.000937726116 0.0
0.000218671965 6.82460668e-05 0.0
0.000853216741 0.00115187955 0.0
0.000978922122 0.00165046868 0.0
0.000879711355 0.00125724135 0.0
0.000428356783 0.000801771937 0.0
0.000611347903 0.000709277869 0.0
0.000244657713 0.000312849996 0.0
0.000391452108 8.42703666e-05 0.0
0.000197989953 -1.02129634e-05 0.0
0.000602345448 0.000581577362 0.0
0.000715060043 0.00122017763 0.0
0.000318119914 0.000345531094 0.0
0.000340676343 0.000431142806 0.0
0.000648397661 0.000633209478 0.0
0.000660683552 0.00131793937 0.0
0.000310987234 0.000265644456 0.0
0.000502718729 0.000558360887 0.0
0.000481083727 0.000968774781 0.0
0.000594922574 0.000773116772 0.0
0.000368431618 0.000649486494 0.0
0.000239263143 1.18645421e-05 0.0
0.000534773513 0.00118466793 0.0
0.000760097289 0.00139559573 0.0
0.000266270246 0.000464939891 0.0
0.000249099365 0.000184968376 0.0
0.000402302801 0.000795336673 0.0
0.00104705628 0.00173175079 0.0
0.000973462302 0.00157614716 0.0
0.000298853935 0.00052373996 0.0
0.000440406642 0.00027432738 0.0
0.000258375687 0.000259110617 0.0
0.000831100275 0.00114716671 0.0
0.000947733584 0.00154629641 0.0
0.000253107224 0.000392831251 0.0
0.000599175517 0.00114395062 0.0
0.00058051385 0.00127579866 0.0
0.000696409785 0.000909968338 0.0
9.39126257e-05 5.61418965e-05 0.0
0.000671565649 0.000661030586 0.0
0.000251725258 0.000127591498 0.0
0.000641789404 0.00107119919 0.0
0.000907488749 0.00138992711 0.0
0.000368557085 0.000396861491 0.0
0.000469714869 0.000388811721 0.0
0.000641429157 0.00054232229 0.0
0.000547439035 0.00094963453 0.0
0.000173079927 0.000239249595 0.0
0.000410529436 4.3703596e-05 0.0
0.000797748333 0.00127355114 0.0
0.000583448971 0.00105080439 0.0
0.000465272431 0.000130853863 0.0
0.000478419912 0.000810277008 0.0
0.000456925802 0.000456505019 0.0
0.000372119684 0.000644055544 0.0
0.000461325573 0.000147197352 0.0
0.000406849489 0.00036153401 0.0
0.000703669095 0.00156389433 0.0
0.000888686336 0.0014053937 0.0
0.000770026236 0.00122897071 0.0
0.000637849211 0.00089933211 0.0
0.000419457734 0.000791441416 0.0
0.000108758497 0.000143981728 0.0
0.000375805364 0.000557422987 0.0
0.000417379022 0.000463072589 0.0
0.000158132127 1.50647475e-05 0.0
0.000438529853 0.0010256446 0.0
0.000376884651 0.000668804394 0.0
0.000789077778 0.00133682042 0.0
0.000872858975 0.00157867686 0.0
0.000620606588 0.00150398689 0.0
0.000301441061 0.000509255275 0.0
0.000370697991 0.000587123504 0.0
0.000299234758 7.2591647e-06 0.0
0.00045161348 0.000510792364 0.0
0.000549624325 0.0013025346 0.0
0.00077272678 0.000982303522 0.0
0.000649201393 0.000831248588 0.0
0.000541978457 0.000851331453 0.0
0.000477433699 0.000304445246 0.0
0.000549975084 0.00116133073 0.0
0.000581597211 0.00114738371 0.0
0.000115479183 3.37809797e-05 0.0
0.000350420625 -1.22972926e-06 0.0
0.000468243321 0.000188049104 0.0
0.000674899551 0.000913754047 0.0
0.000359490572 0.000904360437 0.0
0.000884849404 0.00136596465 0.0
0.000552883197 0.00130886293 0.0
0.000359094469 0.000519475958 0.0
0.000691741821 0.00110556488 0.0
0.000693659531 0.000918048434 0.0
0.000332534575 0.000524591305 0.0
0.00057325291 0.000518529443 0.0
0.000745357946 0.00111001241 0.0
0.000534343882 0.00102980016 0.0
0.000431780529 0.000392611313 0.0
0.000345688313 0.000326546113 0.0
0.00043801975 0.000987972249 0.0
0.000436021219 7.90464328e-05 0.0
0.000378738943 0.000925197906 0.0
0.000805037853 0.00110790133 0.0
0.000676077732 0.00151382806 0.0
0.000676071737 0.00174144492 0.0
0.000534461753 0.000446938182 0.0
0.000664599647 0.000764819619 0.0
0.000360110134 8.66716437e-05 0.0
0.00061490346 0.00145653053 0.0
0.000323225599 0.000475837209 0.0
0.000506239885 0.00105441618 0.0
0.000593960984 0.00145053188 0.0
0.000448474631 0.00106039888 0.0
0.000529520737 0.000233588798 0.0
0.000869673153 0.00128586905 0.0
0.000291940058 0.000535282132 0.0
0.000370981201 0.000338822108 0.0
0.000198155394 0.000204932454 0.0
0.00103500846 0.00170865445 0.0
0.000676462718 0.00103593455 0.0
0.000454657304 0.000630180119 0.0
0.000433262991 0.000140872507 0.0
0.00057233905 0.000323948916 0.0
0.000351012655 0.00089253753 0.0
0.000502647948 0.000395462906 0.0
0.000882025342 0.00153098674 0.0
0.000432868605 0.000196549823 0.0
0.000669503061 0.000971607515 0.0
0.000481428957 0.00056982669 0.0
0.000351542432 0.000735602924 0.0
0.000758743903 0.0011304731 0.0
0.000593446253 0.000460258219 0.0
0.000590390293 0.00119249395 0.0
0.00087556371 0.00141819159 0.0
0.000448246166 0.000783825817 0.0
0.000665783766 0.00166370324 0.0
0.000636101759 0.000899382692 0.0
0.000235432439 0.000225893178 0.0
0.000711866771 0.00145012687 0.0
0.000632636482 0.00125537266 0.0
0.000401071069 0.000207415316 0.0
0.000445004291 0.000942525221 0.0
0.000362296501 0.000426212384 0.0
0.000552075449 0.00040531531 0.0
0.000991284731 0.00167431741 0.0
0.000871589931 0.00125648396 0.0
0.000893407152 0.00135545107 0.0
0.000630665862 0.000723703415 0.0
0.000665873871 0.00160954625 0.0
0.000539595261 0.00121225533 0.0
0.000979881966 0.00163192907 0.0
0.000889216491 0.00129610044 0.0
0.000601301959 0.00070351793 0.0
0.000551064149 0.00112221821 0.0
0.00102104025 0.00163538195 0.0
0.00105586974 0.00174283865 0.0
0.000500111259 0.000837857369 0.0
0.00076719647 0.00168118463 0.0
0.000371063274 0.000277274754 0.0
0.000846997194 0.00123355875 0.0
0.000156728056 0.000161430973 0.0
0.000393298484 0.000742320379 0.0
0.000914570002 0.00143070985 0.0
0.000673146511 0.00129176571 0.0
0.000596051977 0.000494561507 0.0
0.000193149463 2.09386017e-05 0.0
0.000693119131 0.00155915122 0.0
0.000676105206 0.000764084747 0.0
0.000319786428 0.000634266122 0.0
0.000575086917 0.00120211043 0.0
0.000471454376 0.000146744089 0.0
0.000594553305 0.00137681188 0.0
0.000682173297 0.00156984234 0.0
0.00069454941 0.00124534592 0.0
0.000539505039 0.000670444511 0.0
0.000711892499 0.00110636093 0.0
0.000328188558 8.66168339e-05 0.0
3.2627242e-05 3.62279934e-05 0.0
0.000748128165 0.00124467467 0.0
0.000941184058 0.00149865367 0.0
0.000566888135 0.000370696624 0.0
0.000671430549 0.00140310533 0.0
0.000339586608 0.000782637508 0.0
0.000360495818 0.000162501266 0.0
0.000314553792 0.000484406395 0.0
0.000591101649 0.000711774919 0.0
0.000316146296 0.0001318297 0.0
0.000859530701 0.00146731525 0.0
0.000353887357 0.000584580877 0.0
0.000683751889 0.00155184523 0.0
0.000652833318 0.00100313674 0.0
0.000711022003 0.00147970859 0.0
0.000532335893 0.000843310205 0.0
0.000213041654 5.05739736e-05 0.0
0.00049118686 0.000832914375 0.0
0.00066535431 0.00157914241 0.0
0.000344101107 0.000203483534 0.0
0.000450791151 0.000904869696 0.0
0.000651576614 0.00123714865 0.0
0.000400590972 0.000693304173 0.0
5.76029488e-05 1.03218999e-05 0.0
0.000191134095 7.2900526e-05 0.0
