-0.000228062898 -0.000156799957 0.0
-0.000226982913 -0.000199216927 0.0
-0.000235325875 -0.000188988444 0.0
-0.000219510897 -0.000169079736 0.0
-0.000223923867 -0.000166217578 0.0
-0.000204190408 -0.0001594653 0.0
-0.000190194827 -0.000154448193 0.0
-0.000208191326 -0.000146408885 0.0
-0.000208930825 -0.000154448193 0.0
-0.000222926406 -0.0001594653 0.0
-0.000242659866 -0.000166217578 0.0
-0.000320217368 -0.000221918162 0.0
-0.0003202933 -0.000247127697 0.0
-0.000319373998 -0.000270129909 0.0
-0.000277361862 -0.000239469315 0.0
-5.39878511e-06 -2.30095065e-05 0.0
-6.31809326e-06 -7.3078561e-09 0.0
-6.24215818e-06 2.52022346e-05 0.0
-0.000305016874 -0.000209623846 0.0
-0.000305078895 -0.000217165274 0.0
-0.000305423979 -0.000225693511 0.0
-0.000277576153 -0.00020903103 0.0
8.5512338e-06 2.14268894e-05 0.0
8.89631337e-06 2.99551248e-05 0.0
8.95832545e-06 3.74965603e-05 0.0
-7.8124991e-05 -3.14540448e-05 0.0
-7.56523077e-05 -7.82805946e-05 0.0
-8.3357736e-05 -6.5315915e-05 0.0
-6.92842514e-05 -4.09846034e-05 0.0
-0.000274221296 -0.000196036111 0.0
-0.000292484357 -0.000201581614 0.0
-0.00030812074 -0.000205563803 0.0
-0.000292104814 -0.000239482353 0.0
-0.000289384741 -0.000205563803 0.0
-0.000273748359 -0.000201581614 0.0
-0.000255485298 -0.000196036111 0.0
-0.000242919064 -0.000171385007 0.0
-0.000239374698 -0.000210834769 0.0
-0.000246916607 -0.000202036259 0.0
-0.00023660413 -0.000181895055 0.0
-0.000298293133 -0.000220178306 0.0
-0.000298632949 -0.000236366846 0.0
-0.000305085327 -0.00023102366 0.0
-0.000292747951 -0.000225424315 0.0
-0.000116351301 -8.70281438e-05 0.0
-0.00010995943 -8.8071065e-05 0.0
-0.000117596624 -9.04000117e-05 0.0
-0.000109491331 -8.76030681e-05 0.0
-8.9668385e-05 -6.29333299e-05 0.0
-7.74956861e-05 -5.94874655e-05 0.0
-6.64066611e-05 -5.72038625e-05 0.0
-8.05186573e-05 -3.48626672e-05 0.0
-8.59611464e-05 -5.35679137e-05 0.0
-7.21851684e-05 -4.48519495e-05 0.0
-8.51426594e-05 -5.72038625e-05 0.0
-9.62316844e-05 -5.94874655e-05 0.0
-0.000108404391 -6.29333299e-05 0.0
-0.000156471433 -0.000102967009 0.0
-0.000156464375 -0.000121538869 0.0
-0.000162126657 -0.000114164737 0.0
-0.000149344516 -0.000105242812 0.0
-9.31907707e-05 -4.57840579e-05 0.0
-8.68034113e-05 -4.83170406e-05 0.0
-9.34436175e-05 -4.729172e-05 0.0
-8.42259251e-05 -4.38672723e-05 0.0
-0.00015982076 -0.00010511186 0.0
-0.000159987729 -0.000124678598 0.0
-0.00016666486 -0.000117432493 0.0
-0.000152128196 -0.000108399006 0.0
-0.000192684223 -0.000129609514 0.0
-0.000191182815 -0.000152737659 0.0
-0.000193832326 -0.000135933995 0.0
-0.000190144463 -0.000142980003 0.0
-0.000163634351 -0.000121543177 0.0
-0.000163395365 -0.000138927324 0.0
-0.00016935321 -0.00013677364 0.0
-0.000158149793 -0.00012774214 0.0
-0.000146655497 -0.000100551588 0.0
-0.0001443004 -0.000128428161 0.0
-0.000155632544 -0.000123394246 0.0
-0.000138414965 -0.000110936431 0.0
-0.000313975208 -0.000247120392 0.0
0.0 0.0 0.0
-1.87360001e-05 0.0 0.0
-0.000332711206 -0.000247120392 0.0
-0.000235384039 -0.000159517658 0.0
-0.000242186288 -0.000163412027 0.0
-0.000247715245 -0.000167985301 0.0
-0.000251568214 -0.000172750602 0.0
-0.000253720587 -0.000178379196 0.0
-0.000254323706 -0.00018443806 0.0
-0.00025331584 -0.00019003349 0.0
-0.000250489713 -0.000194321663 0.0
-0.000245964882 -0.000197424073 0.0
-0.000240304958 -0.000199217626 0.0
-0.000233885876 -0.00019991587 0.0
-0.000220009344 -0.000196900655 0.0
-0.000213525855 -0.000193492917 0.0
-0.000208081794 -0.000189275757 0.0
-0.000204074138 -0.000184825447 0.0
-0.000201862742 -0.000179974537 0.0
-0.000201342686 -0.000174853441 0.0
-0.00020217814 -0.000169488223 0.0
-0.000204357799 -0.000163973469 0.0
-0.000208069308 -0.00015877666 0.0
-0.000213320382 -0.000156428549 0.0
-0.000220361631 -0.000155800983 0.0
-0.000227514742 -0.000179204857 0.0
-0.000218599205 -0.000164581797 0.0
-0.000212165483 -0.000162432756 0.0
-0.000196718393 -0.000156780778 0.0
-0.000192104999 -0.00015523177 0.0
-0.000190239196 -0.000153162255 0.0
-0.000190398074 -0.000150885506 0.0
-0.000191243598 -0.00014821651 0.0
-0.000193193337 -0.000146256585 0.0
-0.000196026187 -0.000145260536 0.0
-0.000199647067 -0.000144868507 0.0
-0.000203721254 -0.000145382786 0.0
-0.000212371087 -0.000147885148 0.0
-0.000215872642 -0.00014939603 0.0
-0.000218896676 -0.000151340544 0.0
-0.000221359165 -0.000153731613 0.0
-0.000223325595 -0.000156500959 0.0
-0.000224550182 -0.000159327799 0.0
-0.000224673015 -0.000162558848 0.0
-0.000210840997 -0.00015523177 0.0
-0.000215454391 -0.000156780778 0.0
-0.000230901496 -0.000162432756 0.0
-0.000237335204 -0.000164581797 0.0
-0.000240052119 -0.000169510604 0.0
-0.000235901331 -0.000170944259 0.0
-0.000230927573 -0.000170573636 0.0
-0.000225589727 -0.000169176783 0.0
-0.000220077287 -0.000166332044 0.0
-0.000214514701 -0.000162102413 0.0
-0.000209607955 -0.000156624897 0.0
-0.000208633312 -0.000154442328 0.0
-0.000320443884 -0.00022852073 0.0
-0.000320524065 -0.000236729451 0.0
-0.000319876999 -0.000257275737 0.0
-0.00031959964 -0.00026464762 0.0
-0.000311335898 -0.000269687967 0.0
-0.000303520152 -0.000267882831 0.0
-0.000296398095 -0.000265101204 0.0
-0.000290258642 -0.000261454436 0.0
-0.000285120972 -0.000256761297 0.0
-0.000281030603 -0.000251318794 0.0
-0.000278286898 -0.000245471485 0.0
-0.000278202497 -0.000233209052 0.0
-0.000280746695 -0.000227355747 0.0
-0.000284860667 -0.000222701245 0.0
-0.000290424679 -0.000219407753 0.0
-0.000296843762 -0.000217676352 0.0
-0.000303994952 -0.00021747734 0.0
-0.000311931479 -0.000218767469 0.0
-5.62442801e-06 -1.7527218e-05 0.0
-5.90178524e-06 -1.01553396e-05 0.0
-6.54886981e-06 1.03909424e-05 0.0
-6.46867466e-06 1.85996651e-05 0.0
-1.41138962e-05 2.0547197e-05 0.0
-2.07051471e-05 1.48022618e-05 0.0
-2.53875642e-05 8.79252548e-06 0.0
-2.79159322e-05 2.88756814e-06 0.0
-2.84131693e-05 -3.71284091e-06 0.0
-2.73683363e-05 -1.0179333e-05 0.0
-2.42162423e-05 -1.56359038e-05 0.0
-1.91138315e-05 -1.94362838e-05 0.0
-1.26317273e-05 -2.186858e-05 0.0
-0.000305001013 -0.000212819301 0.0
-0.000305280817 -0.00022194504 0.0
-0.000302005821 -0.000226246135 0.0
-0.00029805454 -0.000225893018 0.0
-0.000293454505 -0.000224645191 0.0
-0.00028820007 -0.0002221951 0.0
-0.000282785564 -0.000218345042 0.0
-0.000278425694 -0.000213689418 0.0
-0.000276551436 -0.00021068113 0.0
-0.000276676961 -0.000209768594 0.0
-0.000278789958 -0.000207803532 0.0
-0.000280581589 -0.000206498531 0.0
-0.00028309974 -0.000205468343 0.0
-0.000286064722 -0.000204769036 0.0
-0.000289357471 -0.000204539814 0.0
-0.000293089717 -0.000204760683 0.0
-0.000297097518 -0.000205623612 0.0
-0.000301222841 -0.000207199962 0.0
8.69439555e-06 2.51753663e-05 0.0
8.97418431e-06 3.43010943e-05 0.0
5.83594374e-06 3.44911132e-05 0.0
3.73822695e-06 3.12987286e-05 0.0
2.90331172e-06 2.8278746e-05 0.0
3.57894237e-06 2.53637081e-05 0.0
5.56897385e-06 2.29855032e-05 0.0
-8.52739322e-05 -3.37241654e-05 0.0
-9.07967842e-05 -3.6239333e-05 0.0
-9.5578871e-05 -3.93341979e-05 0.0
-9.99810145e-05 -4.4159915e-05 0.0
-0.000103229904 -5.04381205e-05 0.0
-0.000104714789 -5.76241546e-05 0.0
-0.000104692183 -6.58588178e-05 0.0
-0.00010200253 -7.25149584e-05 0.0
-9.71426416e-05 -7.67882375e-05 0.0
-9.06870846e-05 -7.8908306e-05 0.0
-8.32862497e-05 -7.9479134e-05 0.0
-6.79363366e-05 -7.57299567e-05 0.0
-6.08627852e-05 -7.1662238e-05 0.0
-5.48963071e-05 -6.6472654e-05 0.0
-5.05185963e-05 -6.02570835e-05 0.0
-4.79556948e-05 -5.32150079e-05 0.0
-4.72607644e-05 -4.59287694e-05 0.0
-4.85224082e-05 -3.96604664e-05 0.0
-5.16796463e-05 -3.49676993e-05 0.0
-5.66515591e-05 -3.1949392e-05 0.0
-6.29532733e-05 -3.02811623e-05 0.0
-7.03534315e-05 -2.99750645e-05 0.0
-7.61449191e-05 -5.25077121e-05 0.0
-0.000282429479 -0.000198597176 0.0
-0.000301645021 -0.000204113836 0.0
-0.000312261982 -0.000210110447 0.0
-0.000315313606 -0.000215743581 0.0
-0.000317066471 -0.000222242219 0.0
-0.000317273545 -0.000228662189 0.0
-0.000315814366 -0.000233857005 0.0
-0.000312537741 -0.000237389191 0.0
-0.000308202842 -0.000239239045 0.0
-0.000303375447 -0.000240167821 0.0
-0.000298166648 -0.000240207271 0.0
-0.000285137765 -0.000237516811 0.0
-0.000278056163 -0.000234288367 0.0
-0.000272034027 -0.00023007291 0.0
-0.00026759741 -0.000225633601 0.0
-0.00026487268 -0.000220775037 0.0
-0.000263464899 -0.000215498367 0.0
-0.000263516704 -0.000209725011 0.0
-0.000264928123 -0.000203482181 0.0
-0.000268572476 -0.000198727837 0.0
-0.000282909023 -0.000204113836 0.0
-0.000263693481 -0.000198597176 0.0
-0.000261495559 -0.000195298882 0.0
-0.000267766329 -0.000195731787 0.0
-0.000273998245 -0.000197224115 0.0
-0.000279766915 -0.000199733695 0.0
-0.000284911861 -0.00020247951 0.0
-0.000249744509 -0.000173935885 0.0
-0.000256557978 -0.000178282993 0.0
-0.000262811052 -0.000183606171 0.0
-0.000266557792 -0.000188447593 0.0
-0.00026802317 -0.000191541272 0.0
-0.000268073723 -0.000194448527 0.0
-0.00026756947 -0.00019858242 0.0
-0.00026592979 -0.000203466625 0.0
-0.000262683636 -0.000207691584 0.0
-0.000257954496 -0.000210738275 0.0
-0.000252002617 -0.000212155064 0.0
-0.000245777657 -0.000211872321 0.0
-0.00023336694 -0.000208759462 0.0
-0.000228435529 -0.000206305485 0.0
-0.0002241974 -0.000203555493 0.0
-0.000220515998 -0.000199554997 0.0
-0.000217721055 -0.000194589928 0.0
-0.000216017768 -0.000188739839 0.0
-0.000215853361 -0.000182740041 0.0
-0.000217274515 -0.000177998983 0.0
-0.000220341695 -0.000174667875 0.0
-0.000224774849 -0.000172333719 0.0
-0.000230145815 -0.000170886473 0.0
-0.000236331005 -0.000170468062 0.0
-0.000242248017 -0.000192429521 0.0
-0.000302276836 -0.000221573951 0.0
-0.000306247093 -0.000223695271 0.0
-0.000309311465 -0.000226231336 0.0
-0.000311065349 -0.000228793855 0.0
-0.000311590498 -0.0002312734 0.0
-0.000310977426 -0.000233525803 0.0
-0.000309453084 -0.000235311833 0.0
-0.000307252718 -0.000236446649 0.0
-0.000304516114 -0.000236954162 0.0
-0.000301686377 -0.000236691529 0.0
-0.000295383681 -0.000235701562 0.0
-0.000292029872 -0.000234334919 0.0
-0.000289080868 -0.000232154591 0.0
-0.000286835362 -0.00022928894 0.0
-0.000285521062 -0.000225592259 0.0
-0.000285566814 -0.000221742695 0.0
-0.000286901224 -0.000219097652 0.0
-0.000289253076 -0.000218111105 0.0
-0.000291827775 -0.000218468849 0.0
-0.000294679659 -0.000219261012 0.0
-0.000298997475 -0.000228391145 0.0
-0.000118965138 -8.81947344e-05 0.0
-0.000120374985 -8.85189074e-05 0.0
-0.000121455159 -8.89709918e-05 0.0
-0.000122894242 -9.06301793e-05 0.0
-0.00012422826 -9.38794328e-05 0.0
-0.00012404377 -9.62325212e-05 0.0
-0.000122461017 -9.56373115e-05 0.0
-0.000120208606 -9.43776176e-05 0.0
-0.000117794589 -9.29926973e-05 0.0
-0.000115317125 -9.15294586e-05 0.0
-0.000112615351 -9.00085215e-05 0.0
-0.000107932196 -8.66940318e-05 0.0
-0.000107230779 -8.61302324e-05 0.0
-0.000107132117 -8.60249638e-05 0.0
-0.000106555781 -8.55467442e-05 0.0
-0.000106012994 -8.49643984e-05 0.0
-0.000105739178 -8.4508516e-05 0.0
-0.000106246189 -8.41385481e-05 0.0
-0.000107389606 -8.40032953e-05 0.0
-0.000109147913 -8.43361559e-05 0.0
-0.000111305519 -8.48875643e-05 0.0
-0.000113812181 -8.58444182e-05 0.0
-0.000113333503 -8.92217213e-05 0.0
-8.44602328e-05 -6.1432198e-05 0.0
-7.08698863e-05 -5.79364241e-05 0.0
-6.36210752e-05 -5.5188837e-05 0.0
-6.09511626e-05 -5.22081245e-05 0.0
-5.92359138e-05 -4.83176336e-05 0.0
-5.86407878e-05 -4.35606889e-05 0.0
-5.96354548e-05 -3.89933157e-05 0.0
-6.26894907e-05 -3.54676667e-05 0.0
-6.69399014e-05 -3.37462116e-05 0.0
-7.15976057e-05 -3.35307923e-05 0.0
-7.62077034e-05 -3.39392354e-05 0.0
-8.42870795e-05 -3.61178681e-05 0.0
-8.80170701e-05 -3.81093851e-05 0.0
-9.18285077e-05 -4.14258284e-05 0.0
-9.50724934e-05 -4.56748821e-05 0.0
-9.7674194e-05 -5.04887903e-05 0.0
-9.86665764e-05 -5.46754854e-05 0.0
-9.82268175e-05 -5.76870589e-05 0.0
-9.64004139e-05 -5.99958694e-05 0.0
-9.34905911e-05 -6.18001141e-05 0.0
-8.96058846e-05 -5.79364241e-05 0.0
-0.000103196238 -6.1432198e-05 0.0
-0.000103804377 -6.32412848e-05 0.0
-9.8647768e-05 -6.23066298e-05 0.0
-9.33397605e-05 -6.06063331e-05 0.0
-8.86324269e-05 -5.86072711e-05 0.0
-0.000159437652 -0.000104864703 0.0
-0.000161815857 -0.000105983221 0.0
-0.000164136349 -0.000107274092 0.0
-0.000166494458 -0.000109299304 0.0
-0.000168163911 -0.000111828907 0.0
-0.000168872313 -0.000114706447 0.0
-0.000168669358 -0.000117757103 0.0
-0.000167541832 -0.000120022291 0.0
-0.000165677789 -0.000121265504 0.0
-0.000163227538 -0.00012193343 0.0
-0.000160142547 -0.000122000572 0.0
-0.000152524124 -0.000120220371 0.0
-0.000148775202 -0.000117850963 0.0
-0.000145405735 -0.000114628616 0.0
-0.000142708872 -0.000110612316 0.0
-0.00014099601 -0.000106411899 0.0
-0.000140431919 -0.000103187624 0.0
-0.000141281998 -0.00010131859 0.0
-0.000143361511 -0.000100351768 0.0
-0.00014618451 -9.9891251e-05 0.0
-0.000149651387 -0.000100064586 0.0
-0.000153056186 -0.000101046622 0.0
-0.000155984802 -0.000109735542 0.0
-9.52975533e-05 -4.75337583e-05 0.0
-9.57937082e-05 -4.80481613e-05 0.0
-9.57419616e-05 -4.80666495e-05 0.0
-9.60252873e-05 -4.85201745e-05 0.0
-9.64307619e-05 -4.92069812e-05 0.0
-9.66430307e-05 -4.98440568e-05 0.0
-9.63741768e-05 -5.03441588e-05 0.0
-9.53205308e-05 -5.05352655e-05 0.0
-9.36033466e-05 -5.05775934e-05 0.0
-9.1594251e-05 -5.01385912e-05 0.0
-8.93402175e-05 -4.92629661e-05 0.0
-8.45973627e-05 -4.7534013e-05 0.0
-8.25958414e-05 -4.6258192e-05 0.0
-8.03834992e-05 -4.43009485e-05 0.0
-7.86746823e-05 -4.2838532e-05 0.0
-7.80390692e-05 -4.20374272e-05 0.0
-7.83824653e-05 -4.15048089e-05 0.0
-7.95825617e-05 -4.08891028e-05 0.0
-8.14088999e-05 -4.04045531e-05 0.0
-8.39670465e-05 -4.0649491e-05 0.0
-8.70998847e-05 -4.17401388e-05 0.0
-9.03497785e-05 -4.36692098e-05 0.0
-8.94513723e-05 -4.56445014e-05 0.0
-0.000164268495 -0.000106748827 0.0
-0.000168349216 -0.000109096756 0.0
-0.000171672087 -0.000111710753 0.0
-0.000173769062 -0.000114063543 0.0
-0.000174467423 -0.000116397139 0.0
-0.000174027999 -0.00011873473 0.0
-0.000172485365 -0.00012084128 0.0
-0.000170187326 -0.000122509082 0.0
-0.000167301914 -0.000123718128 0.0
-0.000163801131 -0.000124419137 0.0
-0.000155474423 -0.000123825943 0.0
-0.000150775217 -0.00012147607 0.0
-0.000146532984 -0.000118001815 0.0
-0.000143155223 -0.000112811438 0.0
-0.000141402183 -0.00010732979 0.0
-0.000142509147 -0.000105046704 0.0
-0.000144990103 -0.000104714825 0.0
-0.000147913641 -0.000104390405 0.0
-0.000151299639 -0.000104387953 0.0
-0.000155342757 -0.000104476225 0.0
-0.000159777541 -0.000113158021 0.0
-0.000198816822 -0.000132596571 0.0
-0.000204976051 -0.000137144365 0.0
-0.000208383484 -0.000141352924 0.0
-0.000208590267 -0.000141375989 0.0
-0.000208878235 -0.00014195744 0.0
-0.000209602222 -0.000143806799 0.0
-0.000209733727 -0.000145883707 0.0
-0.000208999889 -0.000148569598 0.0
-0.00020653641 -0.000152350665 0.0
-0.000202078823 -0.000154081819 0.0
-0.000196878143 -0.000154024703 0.0
-0.000185634839 -0.00015003694 0.0
-0.00018011537 -0.000145453625 0.0
-0.000174762114 -0.000138851276 0.0
-0.000171559615 -0.000131294844 0.0
-0.000173038541 -0.000131686204 0.0
-0.000174095985 -0.000132572226 0.0
-0.000175350448 -0.000131876266 0.0
-0.000176974994 -0.000130833418 0.0
-0.000179301889 -0.000129576627 0.0
-0.000182616452 -0.000128575703 0.0
-0.000187095415 -0.000128606902 0.0
-0.000191742321 -0.000138428848 0.0
-0.000167118662 -0.000122160389 0.0
-0.000170681364 -0.000123815014 0.0
-0.00017390406 -0.000126221668 0.0
-0.000176391448 -0.000129421576 0.0
-0.000177917886 -0.000133348469 0.0
-0.000178432383 -0.00013756883 0.0
-0.0001778687 -0.000141107055 0.0
-0.000175931607 -0.000142817822 0.0
-0.00017317984 -0.000142982462 0.0
-0.000169949126 -0.000142269637 0.0
-0.000166629485 -0.000140925913 0.0
-0.000160399228 -0.000136632749 0.0
-0.000158162482 -0.000135130656 0.0
-0.000156101887 -0.000134024172 0.0
-0.000154189649 -0.000131937632 0.0
-0.000152751789 -0.000129450185 0.0
-0.000152052744 -0.000127012318 0.0
-0.000152337278 -0.000125047911 0.0
-0.000153513902 -0.000123541366 0.0
-0.000155366099 -0.000122553989 0.0
-0.000157651026 -0.000121982121 0.0
-0.000160526586 -0.00012167255 0.0
-0.000163351724 -0.000131995534 0.0
-0.000152429289 -0.00010336213 0.0
-0.000158318348 -0.000107873049 0.0
-0.000163769117 -0.000114020047 0.0
-0.000168183382 -0.000122636804 0.0
-0.000167590377 -0.00012465172 0.0
-0.000166252954 -0.000123857957 0.0
-0.000164853511 -0.000124526894 0.0
-0.000163357516 -0.000125538267 0.0
-0.000161319913 -0.000126590763 0.0
-0.000158341718 -0.000127495528 0.0
-0.000154588372 -0.000128288593 0.0
-0.000149677246 -0.000128645086 0.0
-0.000139131836 -0.000127302657 0.0
-0.000135478025 -0.000126431551 0.0
-0.000132261688 -0.000124667597 0.0
-0.000129341992 -0.000121969548 0.0
-0.000126862375 -0.000118692209 0.0
-0.000125263803 -0.000114768613 0.0
-0.00012482336 -0.000110129993 0.0
-0.000125500912 -0.0001049641 0.0
-0.000127941617 -0.000100976387 0.0
-0.000131592577 -9.90856133e-05 0.0
-0.000136096118 -9.87241438e-05 0.0
-0.000141155062 -9.91680208e-05 0.0
-0.000147648592 -0.000118228287 0.0
-0.000302839151 -0.00023513443 0.0
-0.000295678154 -0.000221749942 0.0
-0.000179513503 -0.000141785669 0.0
-0.000172550615 -0.000132684843 0.0
-0.00016466419 -0.000126544284 0.0
-0.000158801166 -0.000122400234 0.0
-0.000154137466 -0.000118525568 0.0
-0.00014911883 -0.000112720743 0.0
-0.000144899444 -0.000104763349 0.0
-0.000137220588 -9.58791716e-05 0.0
-0.000122638754 -8.63003806e-05 0.0
-0.000104166771 -7.4614858e-05 0.0
-5.98084516e-05 -4.58721988e-05 0.0
-4.88781334e-05 -3.74908159e-05 0.0
-3.40895858e-05 -2.59029184e-05 0.0
-1.61183234e-05 -1.32724581e-05 0.0
4.04470768e-07 -1.18458138e-05 0.0
-2.28218732e-06 6.71134057e-06 0.0
1.77282493e-06 6.8688164e-06 0.0
6.62200864e-06 1.78864848e-05 0.0
1.96804854e-06 3.00536681e-06 0.0
-3.37502843e-06 -2.70802798e-06 0.0
-6.77834032e-06 -3.78275274e-07 0.0
-8.51111326e-06 4.4995486e-06 0.0
-9.69067878e-06 7.98951532e-06 0.0
-1.34750881e-05 5.99084433e-06 0.0
-1.84146702e-05 -4.3492978e-06 0.0
-2.47676671e-05 -2.02383908e-05 0.0
-3.12949851e-05 -3.39373655e-05 0.0
-3.66462773e-05 -4.01369361e-05 0.0
-3.79504127e-05 -3.61242091e-05 0.0
-3.33707358e-05 -2.64752325e-05 0.0
-2.60598536e-05 -1.2116001e-05 0.0
-2.06719578e-05 -3.4701722e-07 0.0
-1.93680298e-05 4.57611259e-06 0.0
-3.48543217e-05 -1.32724581e-05 0.0
-5.28255841e-05 -2.59029184e-05 0.0
-6.76141353e-05 -3.74908159e-05 0.0
-7.85444499e-05 -4.58721988e-05 0.0
-0.000122902769 -7.4614858e-05 0.0
-0.000141374767 -8.63003806e-05 0.0
-0.000155956586 -9.58791716e-05 0.0
-0.000163635443 -0.000104763349 0.0
-0.000167854829 -0.000112720743 0.0
-0.000172873464 -0.000118525568 0.0
-0.000177537164 -0.000122400234 0.0
-0.000183400189 -0.000126544284 0.0
-0.000191286614 -0.000132684843 0.0
-0.000198249501 -0.000141785669 0.0
-0.000314414152 -0.000221749942 0.0
-0.000321575149 -0.00023513443 0.0
-0.000333343225 -0.000242544294 0.0
-0.000334647164 -0.000247467426 0.0
-0.000340035069 -0.000259236404 0.0
-0.000347345922 -0.000273595622 0.0
-0.000351925613 -0.000283244619 0.0
-0.000350621471 -0.000287257339 0.0
-0.000345270179 -0.000281057757 0.0
-0.000338742859 -0.000267358788 0.0
-0.000332389871 -0.000251469697 0.0
-0.000327450281 -0.000241129557 0.0
-0.000323665881 -0.000239130881 0.0
-0.000322486303 -0.000242620852 0.0
-0.000320753548 -0.000247498683 0.0
-0.000317350234 -0.000249828416 0.0
-0.000312007149 -0.000244115028 0.0
-0.000307353184 -0.00022923392 0.0
-0.000312202377 -0.000240251582 0.0
-0.000316257385 -0.000240409063 0.0
-0.000313570723 -0.000258966204 0.0
-0.000238751614 -0.000174683853 0.0
-0.000216448156 -0.000183421798 0.0
-0.000211916093 -0.000175571608 0.0
-0.000243072747 -0.000183100317 0.0
-0.000230987614 -0.000167396531 0.0
-0.00022418116 -0.000190125313 0.0
-0.000240486595 -0.000168975297 0.0
-0.000214959728 -0.000188525693 0.0
-0.000208978207 -0.000181607451 0.0
-0.000246320851 -0.000176585439 0.0
-0.00024648328 -0.000189178958 0.0
-0.0002084109 -0.000169529449 0.0
-0.000229759476 -0.000195134271 0.0
-0.000225137002 -0.000161677861 0.0
-0.000249328034 -0.000181649986 0.0
-0.000209741629 -0.000185824785 0.0
-0.000244995084 -0.000172153173 0.0
-0.000219337002 -0.000192786261 0.0
-0.000205935212 -0.000177066162 0.0
-0.00023606357 -0.000164258687 0.0
-0.000214039435 -0.000161995777 0.0
-0.000240352892 -0.000195002678 0.0
-0.000243702612 -0.000193003856 0.0
-0.000210873739 -0.000164791461 0.0
-0.000205846867 -0.000173246735 0.0
-0.000249321311 -0.000185762896 0.0
-0.000218517569 -0.00016108113 0.0
-0.000235951666 -0.000195675559 0.0
-0.000224115458 -0.000194879831 0.0
-0.000231082464 -0.000161887889 0.0
-0.000235674408 -0.000180225805 0.0
-0.000219326321 -0.000178236325 0.0
-0.000230469537 -0.000173607725 0.0
-0.000224592673 -0.000184525023 0.0
-0.000202050025 -0.000152291046 0.0
-0.000212371058 -0.000155217567 0.0
-0.000209159567 -0.000150588487 0.0
-0.000194737426 -0.00015307896 0.0
-0.000217750596 -0.00015924628 0.0
-0.000195912668 -0.000149741114 0.0
-0.00020011804 -0.000148662977 0.0
-0.000214184533 -0.00015166997 0.0
-0.00020648136 -0.000156013368 0.0
-0.000217394059 -0.000154687878 0.0
-0.000199242088 -0.000154696841 0.0
-0.000212446481 -0.000158391442 0.0
-0.000205131902 -0.000148089675 0.0
-0.000207659119 -0.000152948385 0.0
-0.000209387479 -0.000148580177 0.0
-0.000192240695 -0.000154033361 0.0
-0.000194917346 -0.000154816866 0.0
-0.000220248534 -0.000157639515 0.0
-0.000204783035 -0.000150475156 0.0
-0.000196509631 -0.000147598577 0.0
-0.000193328931 -0.000150872016 0.0
-0.000220471644 -0.000162142067 0.0
-0.000217872075 -0.000152911365 0.0
-0.000215769745 -0.000161162941 0.0
-0.000212384155 -0.000149605563 0.0
-0.000197684174 -0.000152190973 0.0
-0.000211965176 -0.000152957262 0.0
-0.000192155596 -0.000152515349 0.0
-0.000221543669 -0.000160125492 0.0
-0.000216341447 -0.000156640817 0.0
-0.000201514718 -0.000146863575 0.0
-0.00020872317 -0.000158991184 0.0
-0.000218286907 -0.000160889496 0.0
-0.00022705867 -0.000165191566 0.0
-0.000234988707 -0.000166875965 0.0
-0.000211367151 -0.000156326962 0.0
-0.000213777064 -0.000158389346 0.0
-0.000231752871 -0.000167218794 0.0
-0.000222772273 -0.000163968682 0.0
-0.000300645304 -0.000250741636 0.0
-0.000301832624 -0.000236584427 0.0
-0.000289015472 -0.000239651854 0.0
-0.000307985669 -0.000228461737 0.0
-0.00030782359 -0.000261045498 0.0
-0.000297214283 -0.000257727661 0.0
-0.00028765676 -0.000247190532 0.0
-0.000296562852 -0.000224450458 0.0
-0.000289397954 -0.000231328027 0.0
-0.000310413016 -0.000237858738 0.0
-0.000303146924 -0.00024331575 0.0
-0.000309716095 -0.000254798622 0.0
-0.000290000986 -0.000254029728 0.0
-0.000313800148 -0.00022525384 0.0
-0.000295065023 -0.000245207571 0.0
-0.000284469192 -0.000233983752 0.0
-0.000302631233 -0.000223243886 0.0
-0.000283526606 -0.000242037859 0.0
-0.000301881984 -0.000262661022 0.0
-0.000291425444 -0.000225686483 0.0
-0.000314888021 -0.000231587503 0.0
-0.000313055993 -0.000265206938 0.0
-0.000314360892 -0.000259877561 0.0
-0.000295707228 -0.000237829285 0.0
-0.000303506094 -0.000256429717 0.0
-0.000311038952 -0.000248433062 0.0
-0.000302414934 -0.000230833874 0.0
-0.000307475915 -0.000265309965 0.0
-0.000282517169 -0.000237693079 0.0
-0.000294104801 -0.000251035119 0.0
-0.00030785639 -0.00022227662 0.0
-0.000296033715 -0.00023087133 0.0
-1.58753228e-05 -7.47316335e-06 0.0
-1.82715812e-05 -1.4618638e-07 0.0
-1.58997609e-05 9.53398194e-06 0.0
-1.20955647e-05 -1.64918893e-05 0.0
-2.19142112e-05 -5.25197675e-06 0.0
-1.27266612e-05 1.47138253e-05 0.0
-2.05104006e-05 5.22359096e-06 0.0
-1.30056369e-05 5.00583428e-06 0.0
-1.73336557e-05 -1.32973255e-05 0.0
-0.000292411249 -0.000211661041 0.0
-0.000294769794 -0.000216733722 0.0
-0.000284178357 -0.000211785475 0.0
-0.000284249021 -0.000209127 0.0
-0.000296798389 -0.000209229285 0.0
-0.000288099895 -0.000217007924 0.0
-0.000289390999 -0.000207751378 0.0
-0.000298343279 -0.000220556714 0.0
-0.000295037404 -0.000221658047 0.0
-0.000297231833 -0.000215001099 0.0
-0.000290506054 -0.000213242878 0.0
-0.000282461348 -0.000213284045 0.0
-0.0002804166 -0.000210209691 0.0
-0.000298489264 -0.000212044222 0.0
-0.0002850983 -0.000207069519 0.0
-0.000292963057 -0.000206779776 0.0
-0.000300707587 -0.000218599977 0.0
-0.000288619718 -0.000214730084 0.0
-0.000300854794 -0.00020968118 0.0
-0.000286769355 -0.000210941784 0.0
-0.000288103503 -0.000209289734 0.0
-0.000280789624 -0.000208985934 0.0
-0.00029063769 -0.000220254733 0.0
-0.000283686357 -0.000215874083 0.0
-0.000279612723 -0.000211022503 0.0
-0.000299016887 -0.000223575553 0.0
-0.000298048311 -0.000207724341 0.0
-0.000281835295 -0.000207905483 0.0
-0.000292933721 -0.000209349906 0.0
-0.000286729657 -0.000218616886 0.0
-0.000288407435 -0.000206024182 0.0
-0.000302059227 -0.000223749317 0.0
-0.000283347414 -0.000210280778 0.0
-0.000292614772 -0.000218387126 0.0
6.05066089e-06 2.67416344e-05 0.0
6.16834268e-06 3.13671517e-05 0.0
6.04201387e-06 2.50374069e-05 0.0
6.23867754e-06 3.29197683e-05 0.0
-9.0140602e-05 -5.3431093e-05 0.0
-6.73178583e-05 -6.0750921e-05 0.0
-5.89943702e-05 -5.14335006e-05 0.0
-8.73680328e-05 -4.32277084e-05 0.0
-7.90009726e-05 -3.74538722e-05 0.0
-5.85475464e-05 -4.23117635e-05 0.0
-9.37407385e-05 -6.3091531e-05 0.0
-7.3756506e-05 -6.99049051e-05 0.0
-9.52196497e-05 -4.87429534e-05 0.0
-5.88474613e-05 -6.05393107e-05 0.0
-7.89794867e-05 -4.47594284e-05 0.0
-8.41309375e-05 -7.27778097e-05 0.0
-6.90965608e-05 -3.51677845e-05 0.0
-6.67066561e-05 -6.97252326e-05 0.0
-9.45298016e-05 -7.00250603e-05 0.0
-9.87822714e-05 -5.97134022e-05 0.0
-8.64167887e-05 -3.77571232e-05 0.0
-5.33209604e-05 -4.53895482e-05 0.0
-5.85030975e-05 -3.70318921e-05 0.0
-9.37129007e-05 -4.29305655e-05 0.0
-5.38218264e-05 -5.50963996e-05 0.0
-6.64165782e-05 -4.79358896e-05 0.0
-9.07305584e-05 -3.97605872e-05 0.0
-6.10834395e-05 -6.62818275e-05 0.0
-9.91609413e-05 -5.38627755e-05 0.0
-5.24621792e-05 -5.01619579e-05 0.0
-8.98913859e-05 -7.27687293e-05 0.0
-6.33039526e-05 -3.50813716e-05 0.0
-7.91875282e-05 -7.51053522e-05 0.0
-7.42245174e-05 -3.35364603e-05 0.0
-0.000291262491 -0.000222533345 0.0
-0.00030204223 -0.000216503133 0.0
-0.000280352833 -0.00021114976 0.0
-0.000303620065 -0.00022793308 0.0
-0.000277506391 -0.00022130931 0.0
-0.000293510064 -0.000232086604 0.0
-0.000291689095 -0.000212090425 0.0
-0.000283983711 -0.000228625358 0.0
-0.000309229305 -0.000223781419 0.0
-0.000271963945 -0.00021521993 0.0
-0.000301519351 -0.000234256644 0.0
-0.000305044552 -0.000210217244 0.0
-0.000277595391 -0.000203304313 0.0
-0.000297514373 -0.000208811412 0.0
-0.000286214781 -0.000205901291 0.0
-0.000275089114 -0.000226215925 0.0
-0.000298042956 -0.000221478505 0.0
-0.00030875465 -0.000216897068 0.0
-0.000296560698 -0.000227629571 0.0
-0.000289044809 -0.000234337684 0.0
-0.00027314687 -0.000208541358 0.0
-0.000284465903 -0.000217979235 0.0
-0.000285745511 -0.000223513489 0.0
-0.000310076925 -0.000232678649 0.0
-0.000269657903 -0.000219250753 0.0
-0.000297912775 -0.000236390799 0.0
-0.000311596988 -0.000228890131 0.0
-0.000306923059 -0.000235037092 0.0
-0.000278495514 -0.000230433929 0.0
-0.000283270492 -0.000233216342 0.0
-0.000296306011 -0.000215760854 0.0
-0.000286611787 -0.000213348307 0.0
-0.000303641515 -0.000221653943 0.0
-0.000292004697 -0.000207051868 0.0
-0.000291027158 -0.000226876902 0.0
-0.000278220599 -0.000215189299 0.0
-0.000293821184 -0.000236782318 0.0
-0.000312173943 -0.000220860573 0.0
-0.000268870237 -0.000210629689 0.0
-0.000291449891 -0.000217222681 0.0
-0.000270747871 -0.000223106676 0.0
-0.000278530904 -0.000200922936 0.0
-0.000268877076 -0.000197929214 0.0
-0.000281530578 -0.00020180014 0.0
-0.000265482609 -0.000196897003 0.0
-0.000228036646 -0.000188463819 0.0
-0.000233425526 -0.000200007606 0.0
-0.000251158024 -0.000185554905 0.0
-0.000257223088 -0.00019548877 0.0
-0.000260091212 -0.000190239036 0.0
-0.000257538923 -0.0002018089 0.0
-0.000238312627 -0.000205552496 0.0
-0.000225991986 -0.000195544868 0.0
-0.000226153847 -0.000180993346 0.0
-0.000245143339 -0.000178877148 0.0
-0.000220473055 -0.000186848556 0.0
-0.000256564002 -0.000182817064 0.0
-0.000264120201 -0.000196085894 0.0
-0.000228821082 -0.000203192176 0.0
-0.000231102022 -0.00017666597 0.0
-0.000237406566 -0.000175833906 0.0
-0.000251697551 -0.000206544995 0.0
-0.000245376781 -0.00020783885 0.0
-0.000264400063 -0.000192905893 0.0
-0.000262901158 -0.000199605332 0.0
-0.000220983013 -0.000182594304 0.0
-0.000221102455 -0.000191713829 0.0
-0.000251443387 -0.000179192837 0.0
-0.000260915491 -0.000186792211 0.0
-0.000232674822 -0.000205483346 0.0
-0.000225411262 -0.00020004531 0.0
-0.000225601048 -0.000176136222 0.0
-0.000257480628 -0.000206672616 0.0
-0.000249815494 -0.000191513755 0.0
-0.000235384112 -0.000193836575 0.0
-0.000299627747 -0.000224366304 0.0
-0.000298105995 -0.000232579259 0.0
-0.000293978228 -0.000221690672 0.0
-0.00030321427 -0.00023414813 0.0
-0.000304803485 -0.000226212476 0.0
-0.00029333675 -0.000231431564 0.0
-0.000300011074 -0.000234910098 0.0
-0.000297123042 -0.000221607595 0.0
-0.000307689974 -0.000229693484 0.0
-0.000290262949 -0.000227450932 0.0
-0.000306451228 -0.00023444301 0.0
-0.00029056627 -0.000220812057 0.0
-0.000295831211 -0.000229483019 0.0
-0.000302213914 -0.000227544369 0.0
-0.000302908447 -0.000223784169 0.0
-0.000294994825 -0.000233716928 0.0
-0.000300003274 -0.000222139643 0.0
-0.000297447899 -0.000234859559 0.0
-0.000294391124 -0.000220219474 0.0
-0.000302348228 -0.00023572291 0.0
-0.000288935611 -0.000222292525 0.0
-0.00028840467 -0.000224514879 0.0
-0.000308210496 -0.0002332437 0.0
-0.000308998366 -0.000231774597 0.0
-0.000308237504 -0.000227730372 0.0
-0.000289895019 -0.000230113568 0.0
-0.000297120539 -0.000225159791 0.0
-0.000300664396 -0.000231444472 0.0
-0.000115905495 -9.1620037e-05 0.0
-0.00011424916 -8.76735503e-05 0.0
-0.00011062729 -8.62375964e-05 0.0
-0.000112402216 -8.97829814e-05 0.0
-0.000108357613 -8.6002532e-05 0.0
-0.00010939964 -8.80128209e-05 0.0
-0.000119534358 -9.34472118e-05 0.0
-0.00011738958 -8.84105248e-05 0.0
-0.000112913825 -8.63719688e-05 0.0
-0.000115726529 -9.17504658e-05 0.0
-0.000110983514 -8.74942416e-05 0.0
-0.00012038873 -9.18757869e-05 0.0
-0.000107732878 -8.63215682e-05 0.0
-0.000119606171 -9.39826496e-05 0.0
-0.000116780975 -8.7770095e-05 0.0
-0.000119382938 -8.89634466e-05 0.0
-0.000108340217 -8.51039804e-05 0.0
-0.000110117864 -8.83218745e-05 0.0
-0.000108089938 -8.70056829e-05 0.0
-0.00011352721 -9.04437984e-05 0.0
-0.000110644221 -8.53957681e-05 0.0
-0.000109253262 -8.50353681e-05 0.0
-0.000118049335 -9.31022441e-05 0.0
-0.000111659225 -8.93274555e-05 0.0
-0.000114848066 -8.68528878e-05 0.0
-0.00011155512 -8.90326264e-05 0.0
-0.000120183046 -9.01346648e-05 0.0
-0.000107781845 -8.65765032e-05 0.0
-0.000121954225 -9.38980957e-05 0.0
-0.000106964064 -8.5501837e-05 0.0
-0.000116597555 -9.13370168e-05 0.0
-8.16690736e-05 -4.33062596e-05 0.0
-6.92916074e-05 -5.43515707e-05 0.0
-8.92726457e-05 -4.84273005e-05 0.0
-7.57801317e-05 -3.93086448e-05 0.0
-6.62472157e-05 -4.95888235e-05 0.0
-9.24959531e-05 -5.38643544e-05 0.0
-7.74086438e-05 -5.28495293e-05 0.0
-8.7294633e-05 -4.25718863e-05 0.0
-8.11995851e-05 -3.86014544e-05 0.0
-8.77570492e-05 -5.9142083e-05 0.0
-6.93175607e-05 -3.8490045e-05 0.0
-6.50827424e-05 -4.39429132e-05 0.0
-8.12606522e-05 -5.72976824e-05 0.0
-7.19896343e-05 -5.18393936e-05 0.0
-7.46565347e-05 -5.57379753e-05 0.0
-9.11614043e-05 -4.51145715e-05 0.0
-8.4447398e-05 -3.96536161e-05 0.0
-7.78908725e-05 -3.64871848e-05 0.0
-6.53827665e-05 -5.28722667e-05 0.0
-9.17887592e-05 -5.73127072e-05 0.0
-9.35110293e-05 -4.83439326e-05 0.0
-9.45982974e-05 -5.16818618e-05 0.0
-7.45162615e-05 -3.58012257e-05 0.0
-7.15318747e-05 -3.6117799e-05 0.0
-8.23090013e-05 -4.7538284e-05 0.0
-6.25545727e-05 -4.64539771e-05 0.0
-6.57771379e-05 -4.02213955e-05 0.0
-9.99008116e-05 -6.13394222e-05 0.0
-9.2488699e-05 -5.92191427e-05 0.0
-0.000101570753 -6.20678111e-05 0.0
-9.08375951e-05 -5.89437695e-05 0.0
-0.000105135034 -6.25355751e-05 0.0
-8.77936327e-05 -5.79158477e-05 0.0
-0.00015717966 -0.00011565497 0.0
-0.000156939815 -0.000105585241 0.0
-0.000150227963 -0.000110800924 0.0
-0.000161499702 -0.000108276421 0.0
-0.000152514665 -0.000102927879 0.0
-0.000161738964 -0.000117872718 0.0
-0.000152429682 -0.000115728559 0.0
-0.00014601188 -0.000106633379 0.0
-0.000164471217 -0.000112318587 0.0
-0.000159520947 -0.00010564852 0.0
-0.000157914124 -0.000119564684 0.0
-0.000148518156 -0.000102523125 0.0
-0.000146410326 -0.000111851208 0.0
-0.000154986876 -0.000103063525 0.0
-0.000164566241 -0.000118572811 0.0
-0.000162149096 -0.000106993852 0.0
-0.000163886973 -0.000108397551 0.0
-0.000165107296 -0.000110223562 0.0
-0.000157656919 -0.000104259139 0.0
-0.000154838373 -0.000118738339 0.0
-0.000160720258 -0.000119916105 0.0
-0.000153708999 -0.000105657047 0.0
-0.000144588179 -0.000108669919 0.0
-0.000148781881 -0.000114786155 0.0
-0.000143983823 -0.000103767386 0.0
-0.000166228201 -0.000115028932 0.0
-0.000165791294 -0.000117110867 0.0
-0.000145312151 -0.000102597922 0.0
-0.000159129529 -0.000109140659 0.0
-0.000149280342 -0.000101412297 0.0
-8.93139659e-05 -4.41276388e-05 0.0
-8.7505774e-05 -4.66103957e-05 0.0
-9.10403833e-05 -4.83444346e-05 0.0
-9.31340328e-05 -4.60075062e-05 0.0
-9.36903962e-05 -4.87887846e-05 0.0
-8.5167143e-05 -4.24938189e-05 0.0
-8.37101616e-05 -4.50917541e-05 0.0
-9.12788164e-05 -4.46543672e-05 0.0
-8.83422908e-05 -4.80162671e-05 0.0
-9.46130895e-05 -4.7330268e-05 0.0
-8.22438815e-05 -4.24614555e-05 0.0
-8.66076734e-05 -4.2298092e-05 0.0
-8.70563454e-05 -4.40140793e-05 0.0
-8.13025617e-05 -4.33217247e-05 0.0
-8.46466719e-05 -4.65069534e-05 0.0
-9.51530237e-05 -4.9117687e-05 0.0
-9.32417388e-05 -4.95368804e-05 0.0
-9.35830612e-05 -4.61206655e-05 0.0
-9.46375221e-05 -4.68793587e-05 0.0
-9.49530149e-05 -4.72034189e-05 0.0
-9.04513363e-05 -4.90686471e-05 0.0
-9.1499016e-05 -4.73205546e-05 0.0
-8.90284864e-05 -4.32442357e-05 0.0
-8.63445675e-05 -4.75098932e-05 0.0
-9.19745507e-05 -4.95036402e-05 0.0
-9.54040515e-05 -4.86911886e-05 0.0
-9.53618655e-05 -4.82010619e-05 0.0
-8.21967842e-05 -4.16439543e-05 0.0
-9.08905204e-05 -4.54558758e-05 0.0
-8.1067672e-05 -4.38606621e-05 0.0
-8.03782168e-05 -4.24580285e-05 0.0
-0.000154640351 -0.000115580915 0.0
-0.000160773852 -0.000109337401 0.0
-0.000167100297 -0.000112994101 0.0
-0.000161225515 -0.000119549441 0.0
-0.000155119356 -0.00010686586 0.0
-0.000149103158 -0.000111021516 0.0
-0.000170218933 -0.000116589763 0.0
-0.000155058806 -0.000119596603 0.0
-0.000164539772 -0.00010924806 0.0
-0.00016656371 -0.000120574863 0.0
-0.000145993195 -0.000107594475 0.0
-0.000148410443 -0.000114471266 0.0
-0.000151208515 -0.000105703875 0.0
-0.000157828792 -0.000106342683 0.0
-0.000161547083 -0.00010725743 0.0
-0.000151013417 -0.000118009753 0.0
-0.000158789902 -0.000121991186 0.0
-0.00016179368 -0.000122608282 0.0
-0.00016437532 -0.000122238678 0.0
-0.000168417697 -0.000111204114 0.0
-0.000170525265 -0.000112975998 0.0
-0.000171362088 -0.000114705959 0.0
-0.00014674163 -0.000106138083 0.0
-0.000148448627 -0.00010576113 0.0
-0.000170915751 -0.000118741824 0.0
-0.000169527833 -0.000120376681 0.0
-0.000154030349 -0.000111843794 0.0
-0.000156810973 -0.000109424822 0.0
-0.000181034586 -0.000135975206 0.0
-0.000202685624 -0.000141042648 0.0
-0.000183607321 -0.000134068119 0.0
-0.000202078561 -0.000144730657 0.0
-0.000182234537 -0.00013950438 0.0
-0.000204418146 -0.000139658252 0.0
-0.000178070375 -0.000133514302 0.0
-0.000187033627 -0.000132549118 0.0
-0.000196804656 -0.000147515384 0.0
-0.000206116223 -0.000143386613 0.0
-0.000174933215 -0.000133393623 0.0
-0.000200203431 -0.000137255396 0.0
-0.000179939219 -0.000131596797 0.0
-0.000206657991 -0.000140976481 0.0
-0.00018460858 -0.000144740974 0.0
-0.000206495723 -0.000145905273 0.0
-0.000205180346 -0.000147999046 0.0
-0.000202178824 -0.000149354702 0.0
-0.000207282297 -0.00014220622 0.0
-0.000175228823 -0.00013315212 0.0
-0.000176507529 -0.00013562302 0.0
-0.000198479596 -0.000138775256 0.0
-0.000182535878 -0.000131027628 0.0
-0.000177844238 -0.000132374116 0.0
-0.000193464657 -0.000149475367 0.0
-0.000190413368 -0.000131752837 0.0
-0.000195134286 -0.00013362983 0.0
-0.000189078492 -0.000147828265 0.0
-0.000196940498 -0.000141717232 0.0
-0.000204492491 -0.00013907766 0.0
-0.0001691121 -0.000130804809 0.0
-0.000162519471 -0.000135858994 0.0
-0.000162210199 -0.000126283849 0.0
-0.000158253955 -0.000133051915 0.0
-0.000155889153 -0.000129452979 0.0
-0.000172688 -0.000134409842 0.0
-0.000166929269 -0.00013914585 0.0
-0.000166903206 -0.000126195548 0.0
-0.000158483905 -0.000124819169 0.0
-0.000160245894 -0.000135810449 0.0
-0.000172795379 -0.000128947155 0.0
-0.000162141339 -0.00012326453 0.0
-0.000170553976 -0.000139856886 0.0
-0.000164687415 -0.000138808187 0.0
-0.000174784975 -0.000137688025 0.0
-0.000154355541 -0.000127123698 0.0
-0.000155483649 -0.00013126331 0.0
-0.0001578558 -0.000134333561 0.0
-0.000162078228 -0.000137397365 0.0
-0.000156405251 -0.000132955945 0.0
-0.000174397544 -0.000131727327 0.0
-0.000170545536 -0.000126476967 0.0
-0.00016493065 -0.000123669452 0.0
-0.000159719362 -0.000123301041 0.0
-0.000173573644 -0.000139692595 0.0
-0.000154808498 -0.000125544015 0.0
-0.000155901493 -0.00012437423 0.0
-0.00015932972 -0.000131110981 0.0
-0.000165717487 -0.000136155999 0.0
-0.000170073297 -0.000141033044 0.0
-0.000165342455 -0.000128874221 0.0
-0.000148387422 -0.000110836227 0.0
-0.000159237155 -0.000120213743 0.0
-0.000136331219 -0.000118733929 0.0
-0.000145138198 -0.000124124432 0.0
-0.000162106735 -0.000123156511 0.0
-0.000156738082 -0.000114822673 0.0
-0.000137876617 -0.000123377744 0.0
-0.000151280183 -0.000125945284 0.0
-0.000141144788 -0.000105264655 0.0
-0.00013182596 -0.000113615162 0.0
-0.000149127678 -0.000105501087 0.0
-0.000131096458 -0.00011979384 0.0
-0.000164980826 -0.000122067489 0.0
-0.000142891644 -0.000126469749 0.0
-0.000132274668 -0.00010746999 0.0
-0.000135435417 -0.000104348983 0.0
-0.000159822652 -0.000124699611 0.0
-0.000156754249 -0.000125877283 0.0
-0.00016500373 -0.000123039616 0.0
-0.00016254549 -0.00011856456 0.0
-0.000139064767 -0.000125692735 0.0
-0.000147174549 -0.000126938277 0.0
-0.000153972782 -0.000108722466 0.0
-0.000144536782 -0.000103498824 0.0
-0.00012955899 -0.00011681312 0.0
-0.000133305468 -0.000122379977 0.0
-0.000162555807 -0.000124418744 0.0
-0.000128715241 -0.000109148037 0.0
-0.000151693152 -0.00011713984 0.0
-0.000143757628 -0.000120574827 0.0
-0.000231846629 -0.000168481754 0.0
-6.80527301e-05 -4.78448783e-05 0.0
-0.000262180809 -0.000198405789 0.0
-4.57773094e-05 -3.3521992e-05 0.0
-0.000208767131 -0.000148434876 0.0
-0.000214561296 -0.000150151493 0.0
-0.000250253768 -0.000185634926 0.0
-4.82773066e-05 -2.71260833e-05 0.0
-0.00020756296 -0.000147488026 0.0
-9.98312753e-05 -8.34158418e-05 0.0
-0.000174969202 -0.000148112158 0.0
-0.00019427028 -0.000156068811 0.0
-0.000126769373 -7.76933739e-05 0.0
-0.000117806936 -8.81024316e-05 0.0
-0.000153411645 -0.000103270795 0.0
-4.85073324e-05 -2.905568e-05 0.0
-0.000239785732 -0.00018737842 0.0
-6.17040059e-05 -1.9064777e-05 0.0
-0.000138520438 -9.038594e-05 0.0
-0.000265581621 -0.00020228207 0.0
-0.00013533514 -0.000102102262 0.0
-0.000200733542 -0.00014105317 0.0
-0.000233777217 -0.000167579157 0.0
-7.72958665e-05 -6.78626675e-05 0.0
-0.000234391962 -0.000180605377 0.0
-8.03194343e-05 -5.71099081e-05 0.0
-3.75101699e-05 -2.14952652e-05 0.0
-0.000260797678 -0.000209819889 0.0
-0.000245399366 -0.000202406372 0.0
-1.98372527e-05 -1.12480793e-05 0.0
-0.000128129745 -8.60857108e-05 0.0
-0.000103843915 -6.81128149e-05 0.0
-0.000283657049 -0.000209386184 0.0
-6.24277527e-05 -4.89459198e-05 0.0
-0.000207753052 -0.000147547908 0.0
-0.000135422291 -0.000104660896 0.0
-0.000124707323 -7.73405191e-05 0.0
-0.000265033101 -0.000195497807 0.0
-0.000224930045 -0.000173653025 0.0
-0.000201333838 -0.000145809725 0.0
-0.000176053582 -0.000152612425 0.0
-0.000189174083 -0.000138013711 0.0
-0.000247333955 -0.000183990051 0.0
-2.60315446e-05 -1.29659929e-05 0.0
-0.000217216031 -0.000153562782 0.0
-9.6552867e-05 -9.26885041e-05 0.0
-4.85126257e-05 -7.42373504e-06 0.0
-0.000164509795 -0.000112521171 0.0
-7.71669729e-05 -4.79246373e-05 0.0
-0.000186660604 -0.000133568043 0.0
-0.000254738407 -0.000192206309 0.0
-0.000212823928 -0.000172758446 0.0
-3.68871915e-05 -1.58784333e-05 0.0
-0.000167935446 -0.000133998983 0.0
-0.000118345139 -9.93216454e-05 0.0
-3.1782336e-05 -3.49388574e-05 0.0
-0.000131461726 -0.000101927842 0.0
-0.000172591157 -0.000136554634 0.0
-4.59964431e-05 -3.37659185e-05 0.0
-0.000141830038 -9.03268156e-05 0.0
-7.24658603e-05 -5.47171221e-05 0.0
-2.40386926e-05 -1.69222021e-05 0.0
-0.000128028434 -9.76060837e-05 0.0
-0.00010476321 -7.30965912e-05 0.0
-0.00014372525 -9.4077026e-05 0.0
-5.70236116e-05 -3.85899075e-05 0.0
-9.41910184e-05 -5.66609815e-05 0.0
-2.93277208e-05 -1.67624603e-05 0.0
-0.000317793805 -0.000256444793 0.0
-0.0001592997 -0.000116951509 0.0
-3.99132769e-05 -1.06608077e-05 0.0
-0.000223053983 -0.000158108363 0.0
-0.00010776188 -6.24394888e-05 0.0
-6.49418871e-05 -5.52142228e-05 0.0
-0.000195814326 -0.000170076644 0.0
-0.000123239675 -7.20255121e-05 0.0
-0.000100852238 -7.41181357e-05 0.0
-0.000278174324 -0.000215091612 0.0
-0.000231145212 -0.000186594305 0.0
-0.000244534545 -0.00017810952 0.0
-0.000184322693 -0.000156620052 0.0
-0.000224865988 -0.00016347217 0.0
-0.000131739362 -8.84929104e-05 0.0
-0.000178210379 -0.000141446479 0.0
-3.4036897e-05 -5.46386445e-07 0.0
-0.000274533028 -0.000197828951 0.0
-0.000200146489 -0.000135643932 0.0
-0.000279415253 -0.000221484908 0.0
-0.000233471175 -0.000185459823 0.0
-0.000245957897 -0.000196395966 0.0
-1.6453394e-05 1.93711173e-07 0.0
-0.000197922302 -0.000147418177 0.0
-6.43005696e-05 -1.66910613e-05 0.0
-0.000217740453 -0.000161312986 0.0
-0.000153735702 -0.000108414679 0.0
-0.000178898132 -0.000146246588 0.0
-0.000180026094 -0.000131596695 0.0
-0.000239185829 -0.000174296976 0.0
-8.10021957e-05 -5.99896157e-05 0.0
-0.000244102732 -0.000200587107 0.0
-0.0001103174 -7.28988234e-05 0.0
-7.50624822e-05 -5.82606081e-05 0.0
-0.000210496175 -0.000148277191 0.0
-0.000132800909 -0.000102567297 0.0
-0.000257114967 -0.000184325647 0.0
-0.000221549519 -0.000162366283 0.0
-0.000117412368 -9.24716733e-05 0.0
-0.00011413583 -0.000103614133 0.0
-0.000266559771 -0.000215666398 0.0
-8.92066237e-05 -4.9041937e-05 0.0
-6.19906496e-05 -4.43971439e-05 0.0
-0.000289091986 -0.000205155142 0.0
-0.000253888255 -0.000219573223 0.0
-0.000265283132 -0.000223892217 0.0
-0.000242947906 -0.000184005476 0.0
-0.00030267323 -0.000233129336 0.0
-0.000123197606 -7.5162272e-05 0.0
-0.000254156883 -0.000198292153 0.0
-0.000204493335 -0.000145190075 0.0
-0.000227688186 -0.000164971818 0.0
-0.000199396236 -0.000149273197 0.0
-0.000106192252 -7.20564058e-05 0.0
-0.000145595754 -0.000111313384 0.0
-0.000225871176 -0.000161030999 0.0
-0.000120283396 -7.43829733e-05 0.0
-0.000168533617 -0.000138101779 0.0
-0.000137818657 -0.000100662342 0.0
-0.000277485378 -0.000201352028 0.0
-0.000289934425 -0.000214858985 0.0
-0.000207057674 -0.000146359336 0.0
-0.000132740242 -0.000101194455 0.0
-0.000238535125 -0.000178388334 0.0
-0.000187230529 -0.000136900766 0.0
-0.000157198607 -0.000100843026 0.0
-0.000143668105 -0.000105137406 0.0
-0.000211793347 -0.000148158928 0.0
-0.000233018218 -0.000189703787 0.0
-0.000141646306 -9.11614043e-05 0.0
-0.00015158522 -0.000104677725 0.0
-0.000263164955 -0.00019710738 0.0
-3.55807206e-05 -1.5860478e-05 0.0
-8.30638674e-05 -7.9830068e-05 0.0
-0.000184675169 -0.000165164223 0.0
-0.000117715659 -7.05563725e-05 0.0
-4.90702623e-05 -2.88039591e-05 0.0
-7.85529774e-05 -2.84129419e-05 0.0
-9.13290569e-05 -5.34066749e-05 0.0
-0.000101738457 -9.81893172e-05 0.0
-5.85484304e-05 -4.92237414e-05 0.0
-4.2736734e-05 -3.18083803e-05 0.0
-8.50723809e-05 -4.51993292e-05 0.0
-1.2294855e-05 -8.79790514e-06 0.0
-8.70112417e-05 -7.22600307e-05 0.0
-0.00016974652 -0.000115944953 0.0
-3.40003571e-05 5.83605652e-06 0.0
-0.000162750584 -0.000125950231 0.0
-0.000125308346 -8.03311123e-05 0.0
-0.0002106178 -0.000180588278 0.0
-4.41753145e-05 -2.23406205e-05 0.0
-0.000106986481 -6.62251114e-05 0.0
-0.000306406058 -0.000232389706 0.0
-0.000196683031 -0.000147526327 0.0
-0.000180868185 -0.000153305184 0.0
-0.000201903444 -0.000144035177 0.0
-4.90625825e-05 -1.79913568e-05 0.0
-0.000190520746 -0.000132848756 0.0
-0.000332298165 -0.000269202254 0.0
-0.000183780314 -0.000128672706 0.0
-0.000317788741 -0.000237454704 0.0
-0.00026983631 -0.000199907692 0.0
-0.000110324851 -6.63464525e-05 0.0
-0.00011454388 -7.76993984e-05 0.0
-0.000253503444 -0.000198000038 0.0
-0.000284054171 -0.000225744472 0.0
-0.000235186832 -0.000168606493 0.0
-9.48179295e-05 -6.84653933e-05 0.0
-0.000230446734 -0.00017435546 0.0
-0.000110475092 -5.96422651e-05 0.0
-0.00025463567 -0.000189074795 0.0
-1.40814673e-05 -7.97404027e-06 0.0
-0.000216501299 -0.000177798152 0.0
-0.000292112614 -0.000232497041 0.0
-0.000197869842 -0.000131683919 0.0
-1.49863854e-05 -2.16275439e-05 0.0
-0.000260642497 -0.000199079135 0.0
-5.88364383e-05 -1.62802116e-05 0.0
-0.000301378925 -0.000244958996 0.0
-0.000244718482 -0.000201024799 0.0
-0.000318120583 -0.000246506388 0.0
-0.000225581782 -0.000178363087 0.0
-2.66120969e-05 -9.65105301e-06 0.0
-0.000272364559 -0.000202131298 0.0
-0.000136363655 -8.65618495e-05 0.0
-0.000179735332 -0.000140902499 0.0
-0.000166691563 -0.000119677061 0.0
-0.000277857936 -0.000221808848 0.0
-0.000237207161 -0.000177741036 0.0
-0.000172267872 -0.000137389448 0.0
-0.000270082208 -0.000201262825 0.0
-0.000174617613 -0.000124449958 0.0
-0.000221708324 -0.000156820301 0.0
-6.19562052e-05 -4.46027698e-05 0.0
-4.23416132e-05 -3.94968811e-05 0.0
-0.000131111636 -9.65124709e-05 0.0
-4.1362302e-05 -2.7852524e-05 0.0
-0.000271323544 -0.000200522205 0.0
-0.000232774881 -0.000176854272 0.0
-0.000135553521 -0.000106130137 0.0
-0.00019914296 -0.000172891625 0.0
-5.15520833e-06 5.89812498e-06 0.0
-0.000298509753 -0.000225721407 0.0
-2.24453288e-05 -1.18229373e-05 0.0
-0.000173450651 -0.000128718311 0.0
-0.000123091595 -0.000105635067 0.0
-0.000276216422 -0.000230336431 0.0
-0.000182260366 -0.000149331347 0.0
-0.000249154604 -0.000189264989 0.0
-3.45801927e-05 -1.96853944e-05 0.0
-2.91340075e-05 -2.15938799e-05 0.0
-7.12946494e-05 -4.97144247e-05 0.0
-5.72143181e-05 -2.5744228e-05 0.0
-0.000132360627 -8.78931169e-05 0.0
-0.000219813199 -0.000157974675 0.0
-0.000244203198 -0.000176188012 0.0
-0.000306623231 -0.000246908341 0.0
-0.00011178058 -8.63591122e-05 0.0
-9.61707556e-05 -8.5718566e-05 0.0
-4.38134412e-05 -3.98422235e-05 0.0
-0.000111447393 -7.51164771e-05 0.0
-0.000317676546 -0.000223891053 0.0
-0.000241152113 -0.000206024546 0.0
-0.000249514211 -0.000206746729 0.0
-0.000213925581 -0.000170449086 0.0
-0.000100273559 -5.77340179e-05 0.0
-0.000146536608 -0.0001098008 0.0
-0.000248576049 -0.000181867203 0.0
-5.80039086e-05 -4.40114309e-05 0.0
-0.000293680263 -0.000218192334 0.0
-0.000138552321 -0.000108097542 0.0
-3.07253504e-05 -3.54611329e-05 0.0
-0.000180164643 -0.000133298934 0.0
-0.000133193447 -0.000102321661 0.0
-7.22374971e-05 -6.9152622e-05 0.0
-0.000288193638 -0.000232466598 0.0
-1.03228904e-05 3.29809677e-06 0.0
-0.000135907772 -0.000107324013 0.0
-0.000294058758 -0.0002140055 0.0
-5.11745639e-05 -3.04858058e-05 0.0
-0.00026715314 -0.00020671598 0.0
-1.24365124e-05 9.69580128e-07 0.0
-0.000270116434 -0.000195261935 0.0
-8.3969695e-05 -6.75585688e-05 0.0
-7.15782953e-05 -5.46761257e-05 0.0
-0.000123906852 -7.60824478e-05 0.0
-0.000283043541 -0.000204472832 0.0
-0.000138583258 -0.000110080844 0.0
-0.000285753864 -0.000218992209 0.0
-0.000187828773 -0.000168656814 0.0
-4.43170647e-05 -1.05443323e-05 0.0
-0.000165360558 -0.000127573832 0.0
-0.000318750157 -0.000235345142 0.0
-8.24218732e-05 -4.10011926e-05 0.0
-2.7201555e-05 -5.70150996e-06 0.0
-0.000238881417 -0.000190026374 0.0
-0.000192011255 -0.000159712406 0.0
-0.000176525078 -0.00013513882 0.0
-0.000284673151 -0.000206325552 0.0
-8.1193939e-05 -4.07360894e-05 0.0
-9.54476491e-05 -5.71832934e-05 0.0
-0.000100968784 -6.47941488e-05 0.0
-0.000261586974 -0.000224616364 0.0
-0.000295815291 -0.000220985094 0.0
-0.000133994865 -8.33290032e-05 0.0
-0.000223123003 -0.000159283591 0.0
-0.000141182289 -9.90186963e-05 0.0
-0.000315485871 -0.000239775167 0.0
-0.000298037194 -0.000220187067 0.0
-0.000191525454 -0.000128328931 0.0
-0.000243528644 -0.000178045186 0.0
-0.00015739369 -0.000116015151 0.0
-9.41588587e-05 -6.65203188e-05 0.0
-8.54135578e-05 -4.20336473e-05 0.0
-0.000260928064 -0.000225183539 0.0
-0.000108875131 -6.64906693e-05 0.0
-0.000222118033 -0.000180774136 0.0
-0.000201275005 -0.000144450081 0.0
-0.000250516576 -0.00017937574 0.0
-0.000102988008 -6.53249226e-05 0.0
-0.000134024231 -0.000100342797 0.0
-0.000100881596 -6.48818386e-05 0.0
-0.00021368856 -0.000150388863 0.0
-0.000217841196 -0.000158114432 0.0
-9.85504885e-05 -6.29755814e-05 0.0
-3.63034342e-05 -1.07668229e-05 0.0
-5.58631255e-05 -4.64591831e-05 0.0
-0.000208830999 -0.000143667261 0.0
-5.24446186e-05 -1.50522974e-05 0.0
-0.000161904842 -0.000122157071 0.0
-0.00019504012 -0.000162233613 0.0
-0.000271923316 -0.000200117021 0.0
-0.000159345436 -0.000111342459 0.0
-9.30077513e-05 -4.98305235e-05 0.0
-0.000308013899 -0.000242247319 0.0
-0.000164194207 -0.000108066823 0.0
-0.000274832331 -0.000200284281 0.0
-0.000165948644 -0.000125313367 0.0
-5.57258609e-05 -1.7242839e-05 0.0
-0.000124483617 -9.98465839e-05 0.0
-5.52867714e-05 -3.92392758e-05 0.0
-0.000268704229 -0.000214652464 0.0
-0.000286855007 -0.000211188744 0.0
-0.000333356875 -0.000263860944 0.0
-0.00012399297 -9.59139215e-05 0.0
-0.000169286854 -0.000130540066 0.0
-1.20633022e-05 1.59266619e-05 0.0
-4.39349606e-05 -2.59553381e-05 0.0
-0.000132795147 -0.000101666235 0.0
-0.000249906647 -0.000185804252 0.0
-3.07555529e-05 1.96019118e-06 0.0
-0.000142837845 -0.000111435118 0.0
-0.000185416618 -0.000141035955 0.0
-0.000136493763 -8.60329019e-05 0.0
-4.52066161e-05 -2.17610395e-05 0.0
-0.000176235306 -0.00012184689 0.0
-0.000190719787 -0.000137808383 0.0
-0.00021947053 -0.000177769965 0.0
-0.000221069073 -0.000161280666 0.0
-0.000149024228 -9.35890203e-05 0.0
-0.000115995215 -7.625336e-05 0.0
-0.000303175242 -0.000225006777 0.0
-0.000195969435 -0.000151544373 0.0
-0.000215547261 -0.000152470355 0.0
-0.000261652429 -0.000194815759 0.0
-4.02715414e-05 -3.36671837e-05 0.0
-0.000194430439 -0.000138606614 0.0
-0.000157419738 -0.000113655362 0.0
-7.93338986e-05 -3.67240136e-05 0.0
-0.000222281626 -0.000176622998 0.0
-0.000136511895 -8.67615672e-05 0.0
-0.000275495957 -0.000207962177 0.0
-0.000120977449 -8.17548935e-05 0.0
-0.000264250149 -0.000199959235 0.0
-4.31381413e-05 -4.2660231e-05 0.0
-0.000187849917 -0.000138574207 0.0
-0.000312390242 -0.000243229093 0.0
-0.000223696799 -0.000156333044 0.0
-0.000173146414 -0.000134215297 0.0
-0.00025712917 -0.000191721047 0.0
-0.00010271174 -7.08776206e-05 0.0
-0.000246714568 -0.000182104486 0.0
-0.000132089612 -8.29440542e-05 0.0
-8.66310365e-05 -6.57637793e-05 0.0
-5.76201892e-05 -3.77237338e-05 0.0
-3.69878799e-05 -2.80830354e-05 0.0
-0.000113244445 -0.000107506487 0.0
-0.00026821447 -0.00019954938 0.0
-8.3978608e-05 -3.95789502e-05 0.0
-0.000315870828 -0.000235423155 0.0
-0.000239319153 -0.000175949739 0.0
-0.000176494621 -0.000152530789 0.0
-2.75500643e-05 8.79102208e-06 0.0
-0.000221474809 -0.000158289724 0.0
-0.000317308033 -0.000234016552 0.0
-0.000225550684 -0.000170935484 0.0
-0.000151489236 -0.000113422204 0.0
-0.000165870297 -0.000131632754 0.0
-7.5908385e-05 -2.92471359e-05 0.0
-4.00976278e-05 -1.88453723e-05 0.0
-5.54793651e-08 2.05817068e-05 0.0
-0.000144978345 -9.68009917e-05 0.0
-0.000230589038 -0.000169724095 0.0
-9.04825429e-05 -4.42889541e-05 0.0
-0.000101410638 -6.63345272e-05 0.0
-0.000146723309 -9.59527388e-05 0.0
-0.000241755464 -0.000173487366 0.0
-6.52364397e-05 -4.21847908e-05 0.0
-0.000125259001 -0.000113251343 0.0
-0.000168580023 -0.000141676341 0.0
-0.000165531164 -0.000125434352 0.0
-0.000122494719 -8.61705848e-05 0.0
-4.09440554e-06 1.06061407e-06 0.0
-0.00020832241 -0.000155787653 0.0
-0.000254967745 -0.000191071973 0.0
-9.58335149e-05 -5.8788406e-05 0.0
-5.43701244e-05 -8.903241e-06 0.0
-0.000152492968 -0.000100717589 0.0
-0.000330073002 -0.000265119859 0.0
-0.000301274034 -0.000235433341 0.0
-0.000116563264 -7.48889433e-05 0.0
-6.81665551e-05 -5.56573686e-05 0.0
-6.87315478e-05 -2.30828718e-05 0.0
-0.000205089207 -0.0001468587 0.0
-0.000290685537 -0.000222534232 0.0
-8.84027686e-05 -4.72144166e-05 0.0
-0.000212379688 -0.00015090486 0.0
-0.00021762478 -0.0001892781 0.0
-0.000171190084 -0.000121189543 0.0
-1.91261879e-05 -2.76893716e-05 0.0
-0.000149703119 -9.68748354e-05 0.0
-3.0784824e-05 -6.25979692e-06 0.0
-0.000209074438 -0.000147409097 0.0
-0.000247112679 -0.000200922063 0.0
-8.8784509e-05 -6.84075349e-05 0.0
-8.79900326e-05 -7.99849659e-05 0.0
-0.000131748573 -8.22393849e-05 0.0
-0.00018024692 -0.000132396381 0.0
-4.56449852e-05 -4.35916045e-05 0.0
-3.33418429e-05 -2.1876549e-05 0.0
-0.000237526983 -0.000199342947 0.0
-0.00019775705 -0.000142478661 0.0
-4.43695717e-05 -4.98240988e-05 0.0
-0.000152092398 -0.000117336691 0.0
-0.000108513508 -8.77894927e-05 0.0
-0.000118748743 -8.68780771e-05 0.0
-4.06566251e-05 -3.79585181e-05 0.0
-8.84690671e-05 -6.38389538e-05 0.0
-0.000280229462 -0.000206386307 0.0
-0.000270096672 -0.000209898935 0.0
-0.000227468394 -0.000189882558 0.0
-0.000183722048 -0.000134515576 0.0
-0.000141440629 -0.00011422977 0.0
-2.94556521e-05 -2.88870724e-05 0.0
-0.0001101218 -8.58596104e-05 0.0
-0.000107071573 -7.86673554e-05 0.0
-9.85338647e-06 -2.42459714e-06 0.0
-0.000178481772 -0.000128240979 0.0
-0.000133611597 -8.92958924e-05 0.0
-0.00024678433 -0.000197080022 0.0
-0.000290578027 -0.000222914634 0.0
-0.000276119739 -0.000206957106 0.0
-0.000107710017 -6.43780368e-05 0.0
-0.000111791975 -8.35175742e-05 0.0
-1.47121509e-05 -9.4367042e-06 0.0
-0.000118312593 -9.32654511e-05 0.0
-0.000225070922 -0.000168027516 0.0
-0.000187260652 -0.000129278618 0.0
-0.000172151354 -0.000141033554 0.0
-0.000168801897 -0.000125294537 0.0
-6.79570003e-05 -6.66280539e-05 0.0
-0.000205125427 -0.000164760684 0.0
-0.000199809234 -0.000167928796 0.0
-2.28895406e-05 -4.25478538e-06 0.0
-2.37593395e-05 -4.44271336e-06 0.0
-5.30174875e-05 -5.06656725e-05 0.0
-0.000177150607 -0.000147381827 0.0
-0.000153574365 -0.000118921133 0.0
-0.00026332264 -0.000184383462 0.0
-0.000230938429 -0.000167394595 0.0
-0.000105231535 -7.72696003e-05 0.0
-0.00021775598 -0.000153704445 0.0
-0.000174234417 -0.000134603149 0.0
-0.000111970039 -6.48877103e-05 0.0
-0.000133116308 -8.54436657e-05 0.0
-0.000209128586 -0.000167716571 0.0
-0.000182745251 -0.000158219002 0.0
-9.52627233e-05 -7.32358385e-05 0.0
-7.25016289e-05 -5.63256799e-05 0.0
-0.000176371934 -0.000121487377 0.0
-3.14534445e-05 -6.05266132e-06 0.0
-0.000158469353 -0.00012197988 0.0
-0.000215656721 -0.00015207367 0.0
-0.000272483361 -0.000214957443 0.0
-0.00030737769 -0.000247717369 0.0
-0.000103495186 -9.58805467e-05 0.0
-0.000171591761 -0.000132946428 0.0
-3.78073819e-05 -1.91113977e-05 0.0
-0.000257599255 -0.000202971831 0.0
-9.95319133e-05 -6.02381006e-05 0.0
-0.000184707649 -0.000149730986 0.0
-0.000264910283 -0.000191730243 0.0
-0.000180928226 -0.000136404808 0.0
-6.18775084e-05 -2.79254327e-05 0.0
-0.000240544206 -0.000189089187 0.0
-0.000119034223 -7.5606833e-05 0.0
-7.91272978e-05 -5.69176773e-05 0.0
-5.40475121e-05 -3.15099096e-05 0.0
-0.0003233678 -0.000231674552 0.0
-0.000209139398 -0.000144338235 0.0
-0.000133322756 -9.54435818e-05 0.0
-4.96821522e-05 -3.42072635e-05 0.0
-8.95959965e-05 -4.49764084e-05 0.0
-0.000152231005 -0.000117406315 0.0
-8.76375634e-05 -8.60751243e-05 0.0
-0.000284571637 -0.000223938448 0.0
-5.76344501e-05 -4.11981964e-05 0.0
-0.000179034789 -0.000154794587 0.0
-0.000127524254 -0.000110653142 0.0
-0.000141059558 -0.00010058195 0.0
-0.000199297807 -0.000161303455 0.0
-0.000117056436 -6.90421657e-05 0.0
-0.000208427926 -0.000183145428 0.0
-0.000270280347 -0.000203533607 0.0
-0.000144620091 -0.000112118854 0.0
-0.000296212354 -0.000232679347 0.0
-0.000189081329 -0.000127228646 0.0
-6.11303694e-05 -2.55459727e-05 0.0
-0.000255374849 -0.000191504834 0.0
-0.000229687867 -0.000163978184 0.0
-5.9596041e-05 -3.97080294e-05 0.0
-0.00016846275 -0.000122260244 0.0
-0.000100503574 -7.19070449e-05 0.0
-0.000112767382 -6.19818893e-05 0.0
-0.00031858185 -0.000236659747 0.0
-0.000229652011 -0.000176418675 0.0
-0.000258835615 -0.000191295025 0.0
-0.000155650967 -0.000110032241 0.0
-0.000283981062 -0.000239684858 0.0
-0.000211770501 -0.000160339478 0.0
-0.000309374096 -0.00024114619 0.0
-0.000228832097 -0.000177768365 0.0
-0.000155991947 -0.00011250731 0.0
-0.000197514222 -0.000166519487 0.0
-0.000315890211 -0.000254132698 0.0
-0.000326441397 -0.000237250773 0.0
-0.000157064424 -0.000122815647 0.0
-0.000306479255 -0.000222693619 0.0
-6.83015824e-05 -4.78813345e-05 0.0
-0.000241677481 -0.000178197064 0.0
-3.94496747e-05 -3.52117786e-05 0.0
-0.000146660561 -9.64872306e-05 0.0
-0.000256895 -0.000212913714 0.0
-0.000238463268 -0.00017155314 0.0
-0.000125847349 -7.57720554e-05 0.0
-1.62181841e-05 6.33879472e-06 0.0
-0.000278344291 -0.000209143298 0.0
-0.000159632837 -0.000107016342 0.0
-0.000132017129 -9.08587026e-05 0.0
-0.000211988314 -0.000157190429 0.0
-4.30598375e-05 -4.61840464e-05 0.0
-0.000235487998 -0.000200308699 0.0
-0.000271759083 -0.000222608229 0.0
-0.000233516708 -0.000168849176 0.0
-0.000152001623 -0.000117213684 0.0
-0.000191404222 -0.00016477934 0.0
-3.14892459e-05 -1.97893442e-05 0.0
-7.06413994e-06 -1.14378845e-05 0.0
-0.000231866259 -0.0001810346 0.0
-0.000279646745 -0.000215348395 0.0
-0.000102685488 -5.28334604e-05 0.0
-0.000253776816 -0.000186669757 0.0
-0.000144736288 -0.000105922103 0.0
-4.84715056e-05 -3.07574373e-05 0.0
-0.000101772996 -5.88283001e-05 0.0
-0.000162282115 -0.000117716052 0.0
-3.48866488e-05 -2.52023437e-05 0.0
-0.000274277816 -0.000215751148 0.0
-0.000110459041 -7.75840163e-05 0.0
-0.000275771687 -0.000216618719 0.0
-0.000202998432 -0.000140337943 0.0
-0.000269479409 -0.000196509471 0.0
-0.000166958271 -0.000123049685 0.0
-1.87391142e-05 1.51896229e-05 0.0
-0.000156004855 -0.000120440993 0.0
-0.000266287621 -0.000232800478 0.0
-5.13421655e-05 -3.6139747e-05 0.0
-0.000162281314 -0.000122683807 0.0
-0.000230250851 -0.000163813296 0.0
-0.000126620071 -9.70018154e-05 0.0
-8.18541866e-06 -2.18518217e-05 0.0
-2.73258229e-05 -7.82180086e-06 0.0
