-0.000577395549 -0.000137935174 0.0
-0.000532837352 -4.78386983e-06 0.0
0.00105115585 -0.000146475373 0.0
0.000946943299 -0.000122369354 0.0
0.0009587924 -0.00020269629 0.0
-0.000986697734 -0.000122369354 0.0
-0.000882485183 -0.000146475373 0.0
0.00103702489 -0.000262739108 0.0
0.00108368881 -0.000107891465 0.0
0.000923705578 -0.000170126572 0.0
-0.000231307786 0.000125160383 0.0
-0.000277971616 -2.96872531e-05 0.0
0.000581823755 -0.000265468698 0.0
0.000624477339 -0.000200932103 0.0
0.000507521152 -0.000225792857 0.0
-0.000690519228 3.21197513e-05 0.0
-0.000733172812 -3.24168395e-05 0.0
-0.00158496364 -0.000118520868 0.0
-0.00153257546 5.72016143e-05 0.0
-0.000656618096 -0.000219741123 0.0
-0.000560361426 -0.000234269304 0.0
-0.000551972073 -0.000112243622 0.0
0.00137327961 -0.000234269304 0.0
0.001277023 -0.000219741123 0.0
0.000602018088 -0.000273198792 0.0
0.000652924471 -9.50877802e-05 0.0
-0.000190198363 -0.000216839297 0.0
-0.000130734436 -4.51311025e-05 0.0
-0.000532197359 -0.000133390611 0.0
-0.000475200563 -4.01258012e-06 0.0
0.000139526659 7.65641453e-05 0.0
2.72433954e-05 8.43366215e-05 0.0
2.62551112e-05 -7.3602896e-05 0.0
-0.00190639775 8.43366215e-05 0.0
-0.00179411448 7.65641453e-05 0.0
0.000417013624 -0.000233625324 0.0
0.000476511545 -2.52484624e-05 0.0
-0.000217982437 -0.000125398146 0.0
-0.000151116401 -1.21314933e-05 0.0
-0.000290469732 -0.0001464089 0.0
-0.00022431706 -9.82454367e-05 0.0
-0.000899085717 -0.000141214885 0.0
-0.000841667177 -6.49099311e-05 0.0
3.47206769e-05 -0.000191629355 0.0
0.000107405343 -5.20646936e-05 0.0
-0.000920472026 -9.64320425e-05 0.0
-0.00085732626 1.43999214e-05 0.0
0.00131499651 -0.000233051847 0.0
0.0 0.0 0.0
-0.00193364115 0.0 0.0
-0.000618644524 -0.000233051847 0.0
-0.000552307174 -0.000138803065 0.0
-0.000529447629 -0.000134326503 0.0
-0.000508920464 -0.0001268372 0.0
-0.000491041923 -0.000115870134 0.0
-0.000477186928 -0.000100606667 0.0
-0.000467719336 -8.18477129e-05 0.0
-0.000466018391 -6.21965228e-05 0.0
-0.000470586703 -4.35779948e-05 0.0
-0.0004801912 -2.73570095e-05 0.0
-0.000494770764 -1.55988328e-05 0.0
-0.000512716826 -7.72782823e-06 0.0
-0.000554015161 -6.73065369e-06 0.0
-0.000574526552 -1.24011731e-05 0.0
-0.000592694734 -2.15852324e-05 0.0
-0.000608631934 -3.25751171e-05 0.0
-0.000622619991 -4.50523257e-05 0.0
-0.000635006407 -5.97541912e-05 0.0
-0.000642935396 -7.59013783e-05 0.0
-0.000646461733 -9.03793334e-05 0.0
-0.000641602732 -0.000103607155 0.0
-0.000626761001 -0.000119627242 0.0
-0.000602067856 -0.000131622801 0.0
0.000932305062 -0.000129580934 0.0
0.000922092877 -0.000143473371 0.0
0.000919604674 -0.000158340859 0.0
0.000921024184 -0.000172130793 0.0
0.00092651532 -0.000183645461 0.0
0.000934937329 -0.000193196465 0.0
0.0009456384 -0.000199425514 0.0
0.000973313639 -0.000202305091 0.0
0.000988488435 -0.000198518479 0.0
0.00100417063 -0.000192193518 0.0
0.0010182485 -0.000184045115 0.0
0.00103055139 -0.000175980938 0.0
0.00104206894 -0.000167008693 0.0
0.00104856479 -0.000156135909 0.0
-0.000886859139 -0.000135372436 0.0
-0.000897488557 -0.000124228594 0.0
-0.000909343071 -0.000114855524 0.0
-0.000923131534 -0.000108804314 0.0
-0.00093686633 -0.000106322717 0.0
-0.000949501002 -0.000106460866 0.0
-0.000959841534 -0.000108754321 0.0
-0.000974030991 -0.000115419396 0.0
0.00106318481 -0.000100798265 0.0
0.00104021281 -9.87396998e-05 0.0
0.00101621705 -0.000101941965 0.0
0.000992917223 -0.000109932334 0.0
0.000971398316 -0.000121749115 0.0
0.000951726513 -0.000135766764 0.0
0.000934638141 -0.000151606539 0.0
0.00091810961 -0.000189144776 0.0
0.000920697872 -0.000208018246 0.0
0.000929051195 -0.000226736534 0.0
0.000942734187 -0.000244408322 0.0
0.000961177982 -0.000258314976 0.0
0.000984503771 -0.000265231851 0.0
0.00100995379 -0.000266490824 0.0
-0.000252202473 -2.1232232e-05 0.0
-0.000229681667 -9.73525039e-06 0.0
-0.000210798986 4.658541e-06 0.0
-0.000195945744 1.97596564e-05 0.0
-0.000187278885 3.84275845e-05 0.0
-0.000184858422 5.79011758e-05 0.0
-0.000189498998 7.78625035e-05 0.0
-0.000199191665 9.73569186e-05 0.0
-0.000213400155 0.000113526497 0.0
0.000616213714 -0.000191912273 0.0
0.000604185741 -0.000186184785 0.0
0.000590710377 -0.000184747085 0.0
0.000574703328 -0.000186668331 0.0
0.000558477186 -0.000189756523 0.0
0.000541926071 -0.000197442438 0.0
0.000528539589 -0.000207371806 0.0
0.000517502718 -0.000216637738 0.0
0.000500377966 -0.000237042157 0.0
0.000498163747 -0.000248468947 0.0
0.000499525224 -0.00025845418 0.0
0.000505569915 -0.000266991701 0.0
0.000515206601 -0.000271661178 0.0
0.000528532255 -0.000273423182 0.0
0.000545642863 -0.000272497331 0.0
0.000564057322 -0.000270615419 0.0
-0.000716857554 -2.50006397e-05 0.0
-0.000701631943 -1.58543953e-05 0.0
-0.000690801477 -4.8171546e-06 0.0
-0.000685648469 8.09085759e-06 0.0
-0.000686386891 2.05804554e-05 0.0
-0.00155934831 -0.000117930867 0.0
-0.00153259176 -0.00011038973 0.0
-0.00150700891 -9.69581888e-05 0.0
-0.00148307427 -8.22247021e-05 0.0
-0.00146264245 -6.33184391e-05 0.0
-0.00145099836 -4.03105332e-05 0.0
-0.00144565036 -1.78050777e-05 0.0
-0.00145097217 3.88042554e-06 0.0
-0.00146561256 2.44979892e-05 0.0
-0.00148420571 4.14201349e-05 0.0
-0.00150697352 5.22433547e-05 0.0
-0.00155982084 5.63009489e-05 0.0
-0.0015865654 4.98276459e-05 0.0
-0.00161118165 3.85302228e-05 0.0
-0.00163237646 2.26172797e-05 0.0
-0.00164895179 2.15441037e-06 0.0
-0.00165858376 -2.08040474e-05 0.0
-0.00166075025 -4.45720289e-05 0.0
-0.00165626139 -6.6863875e-05 0.0
-0.00164518727 -8.62113011e-05 0.0
-0.00162854337 -0.0001017428 0.0
-0.00160780689 -0.000112891103 0.0
-0.000542242371 -0.000225477386 0.0
-0.000525532931 -0.000213792766 0.0
-0.000511609192 -0.000199300703 0.0
-0.000503040385 -0.000181688039 0.0
-0.000500482391 -0.000163354562 0.0
-0.000502572686 -0.000146135309 0.0
-0.000509415579 -0.000131746172 0.0
-0.000519631314 -0.000120856435 0.0
-0.000532865524 -0.000114619645 0.0
-0.000575034879 -0.000113140908 0.0
-0.000598139246 -0.000117431096 0.0
-0.00061951566 -0.000124877013 0.0
-0.000638626341 -0.000135670387 0.0
-0.000653386291 -0.00014883047 0.0
-0.000665880507 -0.000162952943 0.0
-0.000672648835 -0.000177858659 0.0
-0.000674376497 -0.000191169835 0.0
-0.000668998924 -0.00020526092 0.0
0.00128973229 -0.000230724952 0.0
0.00130479748 -0.00023869476 0.0
0.00132126745 -0.000242962793 0.0
0.00133914035 -0.000243542236 0.0
0.00135638565 -0.000240066962 0.0
0.000627107278 -0.00027130582 0.0
0.00065053429 -0.000264527363 0.0
0.000673394068 -0.000254150364 0.0
0.000691240304 -0.000240323789 0.0
0.00070640078 -0.000225385491 0.0
0.000720322423 -0.00021019089 0.0
0.000729883963 -0.000190276551 0.0
0.000731380074 -0.000169141174 0.0
0.000725227233 -0.00014867587 0.0
0.000712246518 -0.000129492037 0.0
0.000695579161 -0.000113051348 0.0
0.000675498974 -0.00010135414 0.0
0.000628692098 -9.45033316e-05 0.0
0.000604421715 -0.000100560595 0.0
0.000580605411 -0.000111090078 0.0
0.000558024505 -0.000124730155 0.0
0.000537873886 -0.000142503384 0.0
0.00052238733 -0.000164046462 0.0
0.000517331529 -0.000187101774 0.0
0.00051879161 -0.000209286198 0.0
0.000526049756 -0.000229614816 0.0
0.000538871798 -0.000247000309 0.0
0.000556499581 -0.000260748842 0.0
0.000578083796 -0.000269632379 0.0
-0.000159065632 -0.000214162268 0.0
-0.000128371335 -0.00020612005 0.0
-0.00010126616 -0.000192136329 0.0
-7.98553956e-05 -0.000173755281 0.0
-6.38175334e-05 -0.00015118334 0.0
-5.57319981e-05 -0.000126158222 0.0
-5.5995155e-05 -0.000101130143 0.0
-6.49981303e-05 -7.85731318e-05 0.0
-8.09099001e-05 -6.03055159e-05 0.0
-0.000103001184 -4.92049076e-05 0.0
-0.000161797681 -4.82688156e-05 0.0
-0.000191790139 -5.63808098e-05 0.0
-0.000218630812 -6.97590949e-05 0.0
-0.000241671587 -8.64520334e-05 0.0
-0.00025941449 -0.000109769324 0.0
-0.000266192947 -0.000135242182 0.0
-0.000264140632 -0.000160055322 0.0
-0.000255640945 -0.000182933873 0.0
-0.000238972192 -0.000201757604 0.0
-0.000217748369 -0.000213187261 0.0
-0.00051359972 -0.000134372662 0.0
-0.000494452193 -0.000129732725 0.0
-0.000473410619 -0.000121770376 0.0
-0.000451297383 -0.000109040055 0.0
-0.000434585585 -9.12742398e-05 0.0
-0.000427168765 -7.37335213e-05 0.0
-0.000424658705 -5.73728394e-05 0.0
-0.000427641877 -4.12171248e-05 0.0
-0.000434862974 -2.82365727e-05 0.0
-0.00044573858 -1.70321509e-05 0.0
-0.000459102797 -8.80110565e-06 0.0
-0.000492152642 -5.40076417e-06 0.0
-0.000512385974 -1.17764266e-05 0.0
-0.000533176993 -2.15619166e-05 0.0
-0.000550999946 -3.37416204e-05 0.0
-0.000566529459 -4.68812541e-05 0.0
-0.000578056264 -6.18281774e-05 0.0
-0.000582553446 -7.85405355e-05 0.0
-0.000580733118 -9.44031272e-05 0.0
-0.000573935919 -0.000108512373 0.0
-0.00056328089 -0.000120621778 0.0
-0.000548473909 -0.000129327876 0.0
3.93722621e-06 7.09336455e-05 0.0
-1.53071251e-05 5.61379129e-05 0.0
-3.04961814e-05 3.83479237e-05 0.0
-3.92759284e-05 1.81690775e-05 0.0
-4.07157386e-05 -2.55140094e-06 0.0
-3.43364991e-05 -2.35071257e-05 0.0
-2.3537179e-05 -4.32382694e-05 0.0
-9.91590059e-06 -5.84809968e-05 0.0
6.31522244e-06 -6.87673819e-05 0.0
5.20428985e-05 -7.31750115e-05 0.0
8.12553699e-05 -6.76922573e-05 0.0
0.000108704226 -5.75940758e-05 0.0
0.000132594301 -4.30076761e-05 0.0
0.000151919172 -2.33247429e-05 0.0
0.000162557932 -1.371292e-06 0.0
0.00016647845 2.12580289e-05 0.0
0.000163270437 4.21883233e-05 0.0
0.000154138659 6.08398186e-05 0.0
-0.00181222637 8.87506976e-05 0.0
-0.00183380826 9.67219166e-05 0.0
-0.00185656804 9.85695879e-05 0.0
-0.00188156345 9.4730909e-05 0.0
0.000444795674 -0.000231437545 0.0
0.000474958419 -0.000222432762 0.0
0.00050574902 -0.000207064237 0.0
0.000532569771 -0.000187338228 0.0
0.00055438868 -0.000164074634 0.0
0.000567634415 -0.000136674207 0.0
0.000571214186 -0.000109492692 0.0
0.000565690629 -8.4176143e-05 0.0
0.000553753227 -6.15437893e-05 0.0
0.000533723622 -4.27348459e-05 0.0
0.000507423421 -3.12679695e-05 0.0
0.000444378878 -2.64138725e-05 0.0
0.000412549009 -3.40213301e-05 0.0
0.000382084807 -4.74222143e-05 0.0
0.00035556205 -6.74988914e-05 0.0
0.000335869729 -9.26928915e-05 0.0
0.000325297209 -0.000120640856 0.0
0.000323912856 -0.000148193896 0.0
0.000331171352 -0.000173341643 0.0
0.000345063745 -0.000195601038 0.0
0.000365026703 -0.000213989144 0.0
0.000389838417 -0.000226929231 0.0
-0.000202263822 -0.000124212456 0.0
-0.000182817341 -0.000118089483 0.0
-0.000163103396 -0.000109241912 0.0
-0.000146101185 -9.79229881e-05 0.0
-0.000132436413 -8.59323263e-05 0.0
-0.000121146099 -7.31200562e-05 0.0
-0.000115231567 -6.00585117e-05 0.0
-0.000114791175 -4.72354623e-05 0.0
-0.000118959571 -3.53583091e-05 0.0
-0.000126462313 -2.40719855e-05 0.0
-0.000136895193 -1.58147468e-05 0.0
-0.000172025379 -1.25219394e-05 0.0
-0.000195734814 -1.74508405e-05 0.0
-0.000216940127 -2.51434631e-05 0.0
-0.000236004111 -3.45399021e-05 0.0
-0.00025026052 -4.63701836e-05 0.0
-0.000258798042 -5.9879374e-05 0.0
-0.000262807036 -7.45346915e-05 0.0
-0.000260959467 -8.92724056e-05 0.0
-0.000254980929 -0.000102449892 0.0
-0.000245320931 -0.000113370159 0.0
-0.000232635401 -0.000121298137 0.0
-0.000278155028 -0.000146521852 0.0
-0.000265888026 -0.00014495154 0.0
-0.00025306028 -0.00014151608 0.0
-0.000242398368 -0.000137567054 0.0
-0.000231678016 -0.000132977919 0.0
-0.000222518793 -0.000126676518 0.0
-0.000215023567 -0.000119662698 0.0
-0.000210934115 -0.000112206915 0.0
-0.0002102117 -0.000107129526 0.0
-0.000211500941 -0.000103639781 0.0
-0.000244951691 -9.56696822e-05 0.0
-0.000265421462 -9.69800312e-05 0.0
-0.000284803769 -0.000100076344 0.0
-0.00029984134 -0.000107973916 0.0
-0.000308256509 -0.000116937481 0.0
-0.000311974203 -0.000125058461 0.0
-0.00031384977 -0.000131636974 0.0
-0.000314973877 -0.000135732567 0.0
-0.000309515279 -0.000139806536 0.0
-0.000301049848 -0.0001434843 0.0
-0.000886392954 -0.00014314978 0.0
-0.00087096839 -0.000142531557 0.0
-0.000858143147 -0.000138217714 0.0
-0.000841993373 -0.000129365653 0.0
-0.000829217955 -0.000121295467 0.0
-0.000816836662 -0.000111782501 0.0
-0.000807603705 -0.000104314342 0.0
-0.000801684975 -9.79956094e-05 0.0
-0.000800961629 -9.15231867e-05 0.0
-0.000809460413 -8.0071899e-05 0.0
-0.000825666822 -7.06055289e-05 0.0
-0.000858112471 -6.4187283e-05 0.0
-0.000874073885 -6.69429501e-05 0.0
-0.000886366994 -7.14747584e-05 0.0
-0.00089645572 -7.80404298e-05 0.0
-0.000907294627 -8.87574788e-05 0.0
-0.000917898782 -9.79483739e-05 0.0
-0.000926019973 -0.000107155822 0.0
-0.000929314061 -0.000117795047 0.0
-0.00092835672 -0.000127107909 0.0
-0.000922296196 -0.000134028072 0.0
-0.000912618299 -0.000138067626 0.0
6.46324261e-05 -0.000192723281 0.0
9.26922003e-05 -0.000188551552 0.0
0.000118576769 -0.000180010757 0.0
0.000141660639 -0.000167245089 0.0
0.000158039446 -0.000148950596 0.0
0.000167082282 -0.000129207314 0.0
0.000169553008 -0.000110146058 0.0
0.00016523966 -9.21718238e-05 0.0
0.000155990288 -7.64622673e-05 0.0
0.000142593286 -6.3764579e-05 0.0
0.000125619641 -5.5454133e-05 0.0
8.77905695e-05 -5.47095697e-05 0.0
6.56262928e-05 -6.22808075e-05 0.0
4.23929487e-05 -7.39777606e-05 0.0
2.35130337e-05 -8.85784393e-05 0.0
7.9223737e-06 -0.00010359216 0.0
-3.87832097e-06 -0.00012094016 0.0
-9.41154849e-06 -0.000137380353 0.0
-1.0120837e-05 -0.00015323126 0.0
-6.92092999e-06 -0.000167742488 0.0
1.33206913e-06 -0.000178528295 0.0
1.23595246e-05 -0.000185805227 0.0
-0.000902982196 -9.55840587e-05 0.0
-0.000884876819 -9.14109551e-05 0.0
-0.0008692345 -8.58319545e-05 0.0
-0.000857071078 -7.8646226e-05 0.0
-0.00084544241 -6.67626664e-05 0.0
-0.000834119681 -5.32838676e-05 0.0
-0.000825023977 -4.03491213e-05 0.0
-0.00081975729 -2.67925589e-05 0.0
-0.000819623121 -1.54926729e-05 0.0
-0.000823025708 -6.51089931e-06 0.0
-0.00083114329 1.55786688e-06 0.0
-0.000843207061 8.50233755e-06 0.0
-0.00087469921 1.5286987e-05 0.0
-0.000894295692 1.20253399e-05 0.0
-0.000913331925 5.7051534e-06 0.0
-0.000930761744 -2.10012581e-06 0.0
-0.000949933776 -1.09856246e-05 0.0
-0.000962702965 -2.44312123e-05 0.0
-0.000970379624 -3.73413895e-05 0.0
-0.000973670103 -4.9140468e-05 0.0
-0.000970236491 -6.25762259e-05 0.0
-0.000961019541 -7.56515365e-05 0.0
-0.000950445421 -8.53889724e-05 0.0
-0.000936498924 -9.27810252e-05 0.0
0.00128718745 -0.000216687768 0.0
0.00130298873 -0.000213181323 0.0
0.000969070708 -8.59502106e-05 0.0
0.000931664137 -7.29948879e-05 0.0
0.00078366854 -8.26113901e-05 0.0
0.000631655392 -9.25819986e-05 0.0
0.000576048042 -0.000102252234 0.0
0.000565831433 -8.76717095e-05 0.0
0.000537656364 -7.19611489e-05 0.0
0.000504477473 -3.74574774e-05 0.0
0.000432858506 -1.34883499e-06 0.0
0.000292256562 4.20421202e-05 0.0
0.000187345067 -1.83572247e-05 0.0
0.000169535837 -2.78493389e-05 0.0
0.000117488249 -2.6859856e-05 0.0
5.42083435e-05 -1.36847584e-05 0.0
-0.000121519872 8.00093621e-05 0.0
-0.000448648439 5.68427058e-05 0.0
-0.000550048368 5.23819181e-05 0.0
-0.000922735431 7.3660929e-05 0.0
-0.0010277445 0.000133101363 0.0
-0.00112224615 0.00013199469 0.0
-0.00120984728 0.000111228816 0.0
-0.00129135698 8.34234452e-05 0.0
-0.00134228903 5.84635054e-05 0.0
-0.00138919312 3.5711033e-05 0.0
-0.0014547325 3.63412582e-05 0.0
-0.00152774574 5.52103629e-05 0.0
-0.00159251038 7.09196247e-05 0.0
-0.00164592639 5.72679637e-05 0.0
-0.00168360153 2.68189033e-05 0.0
-0.00171144784 -9.66795483e-07 0.0
-0.00173695234 -1.94875502e-05 0.0
-0.00177848432 -3.394136e-05 0.0
-0.00184589135 -3.16202677e-05 0.0
-0.0018794327 -1.36847584e-05 0.0
-0.00181615283 -2.6859856e-05 0.0
-0.00176410528 -2.78493389e-05 0.0
-0.00174629607 -1.83572247e-05 0.0
-0.00164138456 4.20421202e-05 0.0
-0.00150078256 -1.34883499e-06 0.0
-0.00142916362 -3.74574774e-05 0.0
-0.00139598479 -7.19611489e-05 0.0
-0.00136780972 -8.76717095e-05 0.0
-0.00135759311 -0.000102252234 0.0
-0.0013019857 -9.25819986e-05 0.0
-0.00114997255 -8.26113901e-05 0.0
-0.00100197701 -7.29948879e-05 0.0
-0.000964570383 -8.59502106e-05 0.0
-0.000630652416 -0.000213181323 0.0
-0.000646453642 -0.000216687768 0.0
-0.000530894729 -0.000264672126 0.0
-0.000463487726 -0.000266993215 0.0
-0.000421955803 -0.000252539408 0.0
-0.000396451243 -0.000234018647 0.0
-0.000368605019 -0.000206232944 0.0
-0.00033092979 -0.000175783891 0.0
-0.000277513813 -0.00016213223 0.0
-0.000212749248 -0.000177841488 0.0
-0.000139736003 -0.000196710593 0.0
-7.41966142e-05 -0.000197340822 0.0
-2.72925408e-05 -0.000174588349 0.0
2.36396227e-05 -0.000149628409 0.0
0.000105149258 -0.000121823032 0.0
0.000192750347 -0.000101057165 0.0
0.000287252013 -9.99504846e-05 0.0
0.000392261107 -0.000159390926 0.0
0.0007649482 -0.000180669929 0.0
0.000866348098 -0.000176209142 0.0
0.00119347672 -0.000153042492 0.0
2.99890562e-05 -0.000208958591 0.0
-0.00107408338 -3.62879546e-05 0.0
5.86113347e-05 -0.000226209842 0.0
-0.000932812458 1.9626561e-05 0.0
0.000133605281 -0.000218391637 0.0
-0.000188098857 -0.000183934375 0.0
0.000271415629 -0.000218421774 0.0
-0.000714448921 -1.07575934e-05 0.0
-0.000899680948 -0.000131600231 0.0
-0.000929059403 -5.02092553e-05 0.0
-0.000608032045 -1.882174e-05 0.0
0.000573085796 -0.000136397386 0.0
-0.00137094362 -2.9445051e-05 0.0
-0.000221092443 -7.8997793e-05 0.0
-0.00120411557 -5.73212128e-05 0.0
-0.00133133982 -5.68803034e-06 0.0
-0.000122772952 -0.000181724579 0.0
-0.000508957542 -7.66446465e-05 0.0
0.000119684053 -0.000129715816 0.0
0.00112597761 -0.000199659378 0.0
-0.000343329652 -0.000111718466 0.0
-5.09715974e-05 -0.000175928246 0.0
0.000212326355 -0.000221093695 0.0
-0.00124176149 -1.32890646e-05 0.0
-0.000709154701 -0.000120742683 0.0
-0.000870376301 -5.27591656e-05 0.0
-0.00111904857 2.95509817e-05 0.0
-0.000170686355 -8.38754713e-05 0.0
0.000888000301 -0.000122157624 0.0
-0.00089681492 5.19039531e-05 0.0
-7.56461168e-06 -0.000103780454 0.0
8.6034619e-05 -8.49850694e-05 0.0
0.000150171501 -0.000273517944 0.0
-0.000767061487 -1.15065141e-05 0.0
-0.000324259629 -0.000150152773 0.0
-0.000219326088 -0.000107902757 0.0
0.000130792017 -0.000129740292 0.0
0.000243996459 -0.000243131362 0.0
-0.000250337092 -0.000170211817 0.0
0.000239405228 -0.00023923241 0.0
-0.000511139573 -2.87486764e-05 0.0
4.04717684e-05 -0.000174042711 0.0
9.90032495e-05 -0.00022057048 0.0
-0.000443001452 1.53587134e-05 0.0
1.79682229e-05 -0.000202766925 0.0
-0.00118911581 1.85411573e-05 0.0
-0.000475513603 -5.77236024e-05 0.0
-0.00120084872 -0.000103608319 0.0
-0.000566135161 -3.17135855e-05 0.0
0.000663251267 -0.000209927544 0.0
0.000435697002 -0.000197835805 0.0
0.000722628378 -0.000155319853 0.0
-0.00125015201 1.00182069e-05 0.0
-0.000540452544 -1.20235145e-05 0.0
-0.000743253622 -9.18104124e-05 0.0
-4.56581984e-05 8.18540575e-05 0.0
-0.00038864318 -7.50523759e-05 0.0
0.000371585047 -0.000112346024 0.0
-0.0014579047 1.76680478e-05 0.0
-0.00134523783 -2.59858498e-05 0.0
-0.00080423546 -3.4082932e-05 0.0
-0.00104110781 7.28000086e-05 0.0
-0.00010690534 -9.9220706e-05 0.0
-0.000294950965 -4.89946251e-05 0.0
-0.00115648832 -5.07642435e-05 0.0
-0.00100187887 -9.01998646e-06 0.0
-0.000409976899 -8.82804452e-05 0.0
-0.000342210376 1.51467812e-05 0.0
-0.000307175476 -0.000123732956 0.0
-0.00106212543 -7.2337556e-05 0.0
-0.000450121763 -3.3676235e-05 0.0
0.000325852394 -0.000249115721 0.0
-0.00161228667 -2.86733666e-06 0.0
-0.0013707683 -4.18085938e-06 0.0
0.000446897931 -8.25219395e-05 0.0
-0.00119898457 -0.000101703299 0.0
-0.000774334709 -8.89464063e-05 0.0
-4.13506059e-05 -0.000172120213 0.0
0.000796866138 -0.000110642926 0.0
0.000394161092 -0.000219124238 0.0
-0.000707807078 -3.9266768e-05 0.0
-0.000103926475 -0.000194770939 0.0
0.000365121668 -8.08845016e-06 0.0
-0.000749559782 -5.66434755e-05 0.0
-0.000650875736 -4.94139822e-05 0.0
-0.000437102455 -0.000191541811 0.0
-0.000165245932 -0.000173276872 0.0
0.00117118203 -0.000200038674 0.0
-0.000807020406 -0.000134893693 0.0
-0.0006257887 -0.000122100377 0.0
-0.000815668202 1.46595721e-05 0.0
-0.000381025631 -0.000111292924 0.0
-0.000124771599 -4.07882981e-05 0.0
-0.000303587265 -0.000165758305 0.0
0.000202703348 -0.00017201381 0.0
-0.000447534694 -6.76417985e-05 0.0
-8.07132965e-05 -0.00012901341 0.0
0.000166626516 -0.000216489483 0.0
-0.00098945084 -5.32453741e-05 0.0
-0.000298298866 -6.41745646e-05 0.0
-0.000170044717 -9.16274294e-05 0.0
-0.000670655572 -2.44443345e-05 0.0
-0.000883212721 -0.000124681188 0.0
-0.000172676329 -0.000110489775 0.0
0.00116437417 -0.000201428295 0.0
-0.000824061164 -0.000130559536 0.0
-0.000330808543 -4.58404611e-05 0.0
-0.000910459319 1.62495337e-06 0.0
-0.000271371857 -4.99371308e-05 0.0
-0.00177125097 2.88321899e-05 0.0
-0.00123575481 -2.4578354e-05 0.0
0.000778303947 -0.00026332651 0.0
0.000823686481 -0.000118638993 0.0
0.000973065675 -0.00012886773 0.0
0.000986311003 -0.000169403211 0.0
0.000229199664 -5.20317153e-05 0.0
1.79147282e-05 -0.000100617239 0.0
-4.87420875e-05 -0.000189694634 0.0
-0.000924912281 -0.000131953013 0.0
-0.000682702695 -0.000113849506 0.0
0.000745450554 -0.00020235058 0.0
0.000161383185 -9.50992035e-05 0.0
-0.000164925514 -0.000148757768 0.0
8.62673915e-05 -0.000212117986 0.0
-0.0015406817 1.24770759e-05 0.0
-0.0004910524 -2.11050465e-05 0.0
-0.000645888154 -9.27439687e-05 0.0
0.000250971789 -0.000265375333 0.0
0.000183173644 -0.000286803115 0.0
-0.000914899982 -0.000129848675 0.0
-0.000352314528 -0.000105768529 0.0
-1.11076115e-05 -0.000206095472 0.0
0.000121293509 -0.000210300306 0.0
-0.00132099388 -6.41606894e-05 0.0
6.51357113e-05 -0.000112588226 0.0
-6.36122932e-05 -0.00019116934 0.0
-0.000321177329 -9.44445928e-05 0.0
0.000221347291 -0.000171915206 0.0
-0.00108032022 -5.39335051e-05 0.0
0.000358599646 -0.000228099438 0.0
-0.00138702861 1.05796389e-05 0.0
-0.00134925707 1.49161788e-05 0.0
-0.000616070873 -2.05003744e-05 0.0
3.74351839e-05 -9.93870854e-05 0.0
-0.00115897052 -4.87546049e-06 0.0
-0.00037856758 -9.83385617e-05 0.0
1.23103018e-06 -3.54558542e-05 0.0
-0.00125405693 1.36069439e-05 0.0
-0.00144323672 8.20901914e-06 0.0
-0.000853761332 1.90661231e-05 0.0
-0.00166340079 -4.69554434e-05 0.0
-0.00101308862 9.87688472e-05 0.0
-0.00105980947 -3.58357902e-05 0.0
-0.00124526862 -0.000129877444 0.0
-0.000589276198 -5.40688343e-05 0.0
-0.000487419602 -1.88204031e-05 0.0
0.00019217738 -0.000139165073 0.0
0.000592291879 -0.000120354016 0.0
-0.00027484601 -3.67825169e-06 0.0
4.12005502e-05 -8.41082801e-05 0.0
0.000776382105 -0.000169637133 0.0
0.000294217956 -0.000211961524 0.0
0.000333363685 -6.60130754e-05 0.0
3.76806056e-05 -0.000191418745 0.0
-0.00174668641 -7.02689504e-05 0.0
-0.000124959726 -0.000155372793 0.0
-0.000348602975 -0.000136366012 0.0
0.000723114645 -0.000181639014 0.0
-2.44504918e-05 -0.000152807101 0.0
-0.000511029095 -0.000157184055 0.0
-0.000104999039 -0.000103231461 0.0
0.000320620165 2.02744977e-05 0.0
-0.000575531099 -0.000131015608 0.0
0.00121457514 -0.00020992296 0.0
0.000440601172 -0.000248239958 0.0
-0.000741249765 -7.78228423e-05 0.0
-0.000132531 -0.000187826838 0.0
-0.00144956214 -0.000107323496 0.0
0.000188375037 -0.000230304198 0.0
-0.000427677005 4.17236697e-05 0.0
0.000761797535 -0.000164497469 0.0
0.00119394739 -0.000175501526 0.0
-0.000238062348 -0.000163382763 0.0
-6.65038533e-05 7.03820988e-05 0.0
0.000512188533 -0.000200166047 0.0
-0.000183447424 -2.74745853e-05 0.0
0.00119248556 -0.000162681565 0.0
-0.000698288088 -0.000120848621 0.0
-0.0002040283 -0.000166655271 0.0
0.000765770499 -0.000106735119 0.0
-0.00120911223 4.57167989e-05 0.0
0.000599334191 -0.000219662616 0.0
-0.00110173295 -8.40055436e-05 0.0
0.000840973051 -8.27632684e-05 0.0
-0.00107999146 -9.10567251e-05 0.0
-0.000181383773 -7.24895945e-05 0.0
-0.000626048073 -0.000118901226 0.0
-0.000668771798 -2.1122647e-05 0.0
0.00120976986 -0.000214401749 0.0
0.000525788462 -0.000201570714 0.0
0.000192986379 -0.000228843142 0.0
-0.000901793828 -1.54653444e-05 0.0
-0.00153803651 3.92738148e-05 0.0
-0.00042412497 -0.000116096628 0.0
-0.00102424982 2.73183887e-05 0.0
0.000148921885 -0.000251000893 0.0
0.000915241952 -0.000142845674 0.0
-0.000301500229 -7.11090106e-05 0.0
0.000409091852 -9.6313961e-05 0.0
-0.00088145159 5.0835366e-05 0.0
0.00019710153 -8.2724946e-05 0.0
-0.00114380824 7.38584349e-05 0.0
-5.03794909e-05 -0.00011418877 0.0
-0.000705932092 -0.00010752993 0.0
0.00104703626 -0.000152029272 0.0
-0.000770386367 -5.43228452e-05 0.0
1.88253107e-05 -0.000210738624 0.0
-0.000798691181 1.15627654e-05 0.0
-0.000951326452 5.31009355e-05 0.0
-0.000977603602 -3.78623663e-05 0.0
-0.000613580341 -4.13309463e-05 0.0
0.000312512828 -2.18385576e-05 0.0
0.00040053355 -0.000254971383 0.0
0.00106414745 -0.000200941286 0.0
-0.000367683766 -9.88239044e-05 0.0
-0.00068585627 -0.000110605077 0.0
-0.00106465374 -8.33733066e-06 0.0
3.40051156e-05 4.73033906e-05 0.0
0.000208229932 -8.83140092e-05 0.0
-0.000578784267 -0.000232619903 0.0
0.000776344852 -0.000107438325 0.0
-0.000358293502 -3.54134063e-05 0.0
-0.000408229214 -0.000101059122 0.0
-0.00171234075 4.89535669e-05 0.0
-0.000625919609 -8.55822e-05 0.0
0.000492828724 -0.000220668517 0.0
-0.000842730049 -6.39719019e-06 0.0
0.000220092101 -0.000250571466 0.0
-2.35010175e-05 -9.50277827e-05 0.0
-0.000112014059 8.67675917e-05 0.0
3.49053494e-06 -0.000140374672 0.0
-0.000385187159 -7.91005805e-05 0.0
-0.00140133582 1.38411497e-05 0.0
0.00119706278 -0.000187515514 0.0
-0.000547165284 1.37095703e-05 0.0
-0.000337040925 -6.68619687e-05 0.0
0.00078231754 -0.000254093 0.0
-0.00125336961 -1.3973744e-05 0.0
-1.95455141e-05 -0.000194705994 0.0
-0.000358316756 2.83568479e-05 0.0
-0.000391631125 -0.000144874604 0.0
-0.000681280682 -3.84360901e-05 0.0
-0.0011513232 -3.43761312e-05 0.0
-0.00112540612 -7.60311013e-05 0.0
0.000689949957 -0.0002367829 0.0
-0.000100599194 -0.00012243657 0.0
-1.28305487e-06 -0.000194088352 0.0
-0.000560930232 -2.78428379e-05 0.0
-0.000230155332 -2.21041628e-05 0.0
0.000306478963 -9.6438358e-05 0.0
-5.61155903e-05 -0.000175174646 0.0
-5.48938697e-05 -5.4739503e-05 0.0
-0.00132655189 1.95609045e-05 0.0
-0.000823502836 -0.000145699203 0.0
-0.000746216392 -6.24884487e-05 0.0
-0.000819284352 -6.91752648e-05 0.0
0.000276132021 -0.000282838475 0.0
-0.000458149589 -8.32755904e-05 0.0
8.79902582e-05 -6.46967528e-05 0.0
-0.000373717601 -2.45679475e-05 0.0
0.000905224413 -0.000130586835 0.0
0.000210912491 -0.000165913283 0.0
-0.00146638358 -1.50058463e-06 0.0
-3.14576355e-05 -0.000201234376 0.0
0.000430065236 -3.1079333e-05 0.0
-4.26696806e-06 -0.000127596359 0.0
0.000748365186 -0.000221450799 0.0
-0.000281407265 -0.000152502296 0.0
0.0002725464 -0.000212393861 0.0
-0.000462721218 -6.94900082e-05 0.0
-0.000513137667 -3.42468702e-05 0.0
-5.81594395e-05 -3.68632609e-05 0.0
0.000802361756 -0.000134713191 0.0
-0.00170743547 5.76075799e-05 0.0
-0.000394436647 -9.56194199e-05 0.0
0.000163181583 -0.000225185402 0.0
0.00119880016 -0.000205511562 0.0
-0.000231883503 -6.67037821e-05 0.0
-0.000363296538 -0.000109350476 0.0
-0.000352579285 -5.85785565e-05 0.0
-0.000892787008 -0.000121822253 0.0
-0.000877002429 -0.000121750083 0.0
-0.000352812815 -0.000108372784 0.0
-0.00175563816 -5.85955859e-05 0.0
9.18102305e-05 3.50842311e-05 0.0
-0.00023627693 -0.000173919339 0.0
-0.000112241956 -1.61879252e-05 0.0
-0.000952785951 -6.64311519e-05 0.0
-0.000469983381 -6.07843831e-05 0.0
0.000344196567 -0.000239429675 0.0
-0.0011583491 -7.69969993e-05 0.0
-0.00176486245 2.76679311e-05 0.0
0.000156890208 -7.16178911e-05 0.0
-0.00129808031 -9.44498679e-05 0.0
0.000619407918 -0.000220010174 0.0
-0.000906970818 -8.32703226e-05 0.0
-0.000411945686 -5.99123414e-05 0.0
-0.000325845322 -5.55299339e-05 0.0
-0.000741415424 -7.13422787e-06 0.0
-0.000328906113 -5.30023426e-05 0.0
-0.000385796622 -0.000210052094 0.0
-0.00040998598 -0.000166806261 0.0
-0.000244422175 -8.23526352e-05 0.0
-0.000415502378 -6.93939073e-05 0.0
-0.000728390587 -3.32226045e-05 0.0
-0.000359722064 -7.54251641e-06 0.0
-0.000662258244 -7.49222309e-05 0.0
0.000364292937 -0.000205198798 0.0
-0.000519050402 -3.06939255e-05 0.0
-0.000237344779 -0.000100118363 0.0
0.000552876096 -0.000169779552 0.0
-0.00127066544 -3.95909374e-05 0.0
-0.000394905481 -2.80858385e-05 0.0
-0.00115679193 -0.000137681214 0.0
-2.54286351e-05 -0.000158444367 0.0
0.000817018852 -0.0001619307 0.0
-0.000190997336 -0.000185199373 0.0
-0.00138186733 -3.29323557e-05 0.0
0.00022845385 -5.89408446e-05 0.0
0.000359935337 -0.000137760508 0.0
0.000326294277 -0.000197946574 0.0
8.70758668e-05 -0.000211879305 0.0
0.000148057647 -0.000238243287 0.0
-0.00168757571 -1.92846437e-05 0.0
0.000811047794 -0.000200204478 0.0
0.000280754117 -0.000184679579 0.0
-7.22569457e-05 -6.4199834e-05 0.0
0.000805738324 -0.000139292097 0.0
0.000234697276 -0.000166975253 0.0
5.83663459e-05 -0.00023619998 0.0
0.000205536504 -0.000126894869 0.0
0.000445826299 -0.000205141187 0.0
-0.00167153508 6.43915655e-06 0.0
0.000192641863 -0.000209683742 0.0
8.48306518e-05 -9.59712415e-05 0.0
-0.000658435223 -0.000115551789 0.0
0.00080736808 -4.87671932e-05 0.0
0.000279793225 -0.000227941026 0.0
-0.000353809097 -6.51033697e-05 0.0
0.000183061085 -0.000221205191 0.0
0.000134192844 -0.000138258285 0.0
-0.000594142708 -2.48828401e-05 0.0
-0.00107824802 -1.74265188e-05 0.0
-0.00169966929 -2.07172452e-05 0.0
-0.00103230576 1.19598781e-05 0.0
0.000594213954 -0.000225114229 0.0
-3.88995977e-05 -4.33450914e-05 0.0
-4.0130195e-05 -0.000152949768 0.0
8.37923508e-05 -0.000214763058 0.0
-0.000569005962 -1.98732396e-05 0.0
-0.000569300901 -4.11120272e-05 0.0
-0.000769239035 -0.000138336996 0.0
-6.57981509e-05 -0.00017730135 0.0
-0.000853067846 -0.000130450309 0.0
0.000125224309 -0.00011551474 0.0
-0.000647650682 -1.58029707e-05 0.0
-9.55033465e-05 -5.7522233e-05 0.0
-0.00130944641 1.80973177e-06 0.0
-0.000800679089 2.57426086e-06 0.0
-0.00102357718 -8.26463001e-05 0.0
-5.25992982e-05 -0.000201140385 0.0
-0.000341147883 -0.000110231224 0.0
-0.000316504884 -0.000102779093 0.0
-0.00122866291 -4.55127374e-05 0.0
0.000503848481 -0.000246916083 0.0
-0.000650533126 -1.986184e-05 0.0
-0.000834913808 -3.02364278e-05 0.0
0.000234654144 -6.17291662e-05 0.0
-0.000439939904 -4.69963379e-05 0.0
-9.02211177e-05 -9.8217577e-05 0.0
-0.000953611569 8.81067172e-05 0.0
0.000831843237 -0.000199433096 0.0
0.000100169047 -0.000226922377 0.0
-2.37055556e-05 -4.95871136e-05 0.0
-0.000487479207 -7.23975827e-05 0.0
0.000282902474 -0.000195969158 0.0
-0.000264495116 -0.000148689258 0.0
-0.000358801393 -0.000125957115 0.0
0.000276841398 1.00021834e-05 0.0
-0.00127978611 -1.81955547e-05 0.0
-0.000379440899 -8.13389488e-05 0.0
-0.000910237606 -0.000131268651 0.0
-0.000383877574 -0.000200614755 0.0
-5.85173329e-05 -1.93806009e-05 0.0
0.000231715836 -0.000242751674 0.0
0.00064430671 -0.000125216873 0.0
-0.00109634327 -0.000112422211 0.0
-0.000126568004 9.79920733e-05 0.0
-0.0012964831 -4.43339086e-05 0.0
-0.000730068248 -1.82138028e-05 0.0
-1.81900703e-07 -0.000194523804 0.0
-0.000741778465 -0.00014296564 0.0
-0.000714693742 -5.90194286e-05 0.0
-0.0011849911 -1.15104706e-06 0.0
-0.00139550038 -1.27467665e-05 0.0
7.06485298e-05 -0.0001828284 0.0
-3.08450144e-05 7.84269068e-05 0.0
-0.00147414196 3.1231797e-05 0.0
-0.000421076023 -3.29079448e-05 0.0
9.46394575e-05 -0.000203050658 0.0
-0.00159727386 5.02833536e-05 0.0
-0.000125150982 -0.000165318765 0.0
-0.00078998768 -8.68921852e-05 0.0
-0.000170259445 -8.9732479e-05 0.0
-0.00168271782 3.8466228e-06 0.0
-0.000871648197 -6.51507144e-05 0.0
0.000811182545 -0.000244362105 0.0
-0.000356177246 -8.18375484e-05 0.0
-0.000429272652 -6.04883426e-05 0.0
-0.000363614177 -0.000111630725 0.0
-5.15552165e-05 -0.00011121032 0.0
1.8620065e-05 4.26817678e-05 0.0
-0.000363518571 -3.04828172e-05 0.0
-0.000660144608 -0.000104259023 0.0
-0.00050067046 3.98116354e-05 0.0
0.000712795299 -0.000153439192 0.0
5.34116916e-05 -0.000110229026 0.0
-0.000160176554 -0.00013424948 0.0
3.70061352e-05 -0.000193023152 0.0
0.00124781311 -0.000224194548 0.0
6.60887679e-07 -8.02546856e-05 0.0
-0.000286970142 -5.57631247e-05 0.0
-0.00110536069 9.9967503e-05 0.0
-0.000658081321 -0.000118224241 0.0
0.000885816291 -0.000145231039 0.0
-0.00102152734 -9.78903263e-05 0.0
-0.000596817292 -1.46843786e-05 0.0
-9.12303658e-05 -0.000108172542 0.0
-0.00146703364 2.76369519e-05 0.0
0.000654415984 -0.000150686436 0.0
0.000379447039 -0.00013290286 0.0
-0.000304483139 6.15552926e-06 0.0
-0.00127989042 3.68963956e-05 0.0
-0.00151681062 2.91087181e-05 0.0
-0.000671518676 -3.14758763e-05 0.0
0.000518030545 -5.99201157e-05 0.0
-0.000468757004 -0.000152374225 0.0
0.00099206646 -0.000182414282 0.0
-0.0003730389 -2.33575574e-05 0.0
-0.000122068253 -0.000191899831 0.0
-0.000851968885 -6.27410554e-05 0.0
-5.82823268e-05 -9.32717885e-05 0.0
-0.00104725535 -8.88940631e-05 0.0
-0.000435854221 -8.54439131e-05 0.0
0.000293359888 -7.04067279e-05 0.0
-0.000884843816 -7.06704304e-05 0.0
-0.000764391152 -2.94730617e-05 0.0
0.00060360966 -0.00018738865 0.0
-0.00183136831 -4.03780359e-05 0.0
0.00053852878 -4.96988432e-05 0.0
-0.000707908068 -0.000116354771 0.0
0.000825469731 -0.000186518955 0.0
0.00122070638 -0.000177014008 0.0
-0.00132775039 3.32569762e-05 0.0
-0.000761516276 -4.9906128e-05 0.0
-0.00118274405 1.96432084e-05 0.0
0.00102395867 -0.000161185351 0.0
-0.000281449291 -5.59246218e-05 0.0
0.000451609521 -0.000112537338 0.0
0.00123947102 -0.000220519316 0.0
0.00079959631 -0.00012287173 0.0
-0.00170868367 -7.5339085e-05 0.0
-0.000663683051 -0.000118365497 0.0
0.000242621827 -3.53028991e-05 0.0
-0.000821124238 -4.7368474e-05 0.0
-0.00029953054 -1.5831758e-05 0.0
-0.000523813127 -0.000250270648 0.0
-0.000147493847 -0.000183104872 0.0
-0.000514556188 -0.000122397338 0.0
-0.00139876863 1.60408638e-06 0.0
-0.00170683675 -1.18562712e-05 0.0
0.000528482371 -6.76713171e-05 0.0
-0.00139132247 2.69290904e-05 0.0
-0.000121735284 -0.000105718893 0.0
-0.00133015483 -1.29384398e-05 0.0
-0.00063504756 -2.37728764e-05 0.0
-0.000659021316 -0.000100128716 0.0
0.000378099387 -3.15857724e-05 0.0
-0.000719615957 -6.74757684e-05 0.0
-0.00146369927 -4.22726989e-05 0.0
0.000519595167 -9.90783738e-05 0.0
-0.000367764122 -0.000110691573 0.0
-0.000111861096 -0.000144320627 0.0
0.00122005551 -0.000177642985 0.0
-0.000199120579 -0.000158688708 0.0
-0.000360159233 -5.4130418e-05 0.0
0.000351314928 -0.0002136572 0.0
0.000448554609 -0.000259835128 0.0
-0.00116414309 -2.43560571e-05 0.0
0.000450528605 -0.000168340775 0.0
-0.000467277714 -5.15063693e-05 0.0
-0.00136151491 -8.7542081e-05 0.0
-0.000121001656 -0.000190902181 0.0
-0.000781485811 -0.000130405853 0.0
-0.000540970941 -0.000143617435 0.0
-0.00110797433 -6.24641616e-05 0.0
0.00109771092 -0.000162182958 0.0
0.000850834884 -0.000194924549 0.0
-0.000252925791 -0.000144568636 0.0
-0.000866949733 -0.000130051354 0.0
-0.001009056 -6.04347042e-05 0.0
0.000526315649 -0.000102016573 0.0
-0.000386739935 -0.000122233396 0.0
-0.000589687377 -0.00024151121 0.0
-0.000143075114 -0.000149191212 0.0
0.000892785494 -0.000224211006 0.0
-0.000929828908 -3.08654417e-05 0.0
-0.000578389969 -0.000128177038 0.0
-0.000118942437 6.91151799e-05 0.0
0.000200499315 -0.000170013285 0.0
-0.000631821284 -0.000127872991 0.0
0.000355252007 -0.000229081881 0.0
-0.00126961013 -7.5595919e-05 0.0
-0.000551260659 -8.94021468e-06 0.0
0.00083384855 -0.000217025052 0.0
-0.00123806938 -8.0718477e-05 0.0
0.000429635809 -1.38199193e-05 0.0
0.000398959994 -0.00023768167 0.0
-0.00165461039 3.16920741e-05 0.0
0.000720349432 -9.93383801e-05 0.0
0.000824175018 -0.000167391554 0.0
0.000109363551 -0.000213421707 0.0
-0.000633978227 -4.88588194e-05 0.0
-0.000679424847 -4.49236286e-05 0.0
-0.00108014501 5.09596248e-05 0.0
-3.2375825e-05 3.36337325e-05 0.0
-0.000197841611 -0.00017317805 0.0
-0.000497742323 -0.000168525163 0.0
-0.00153729843 -6.91864407e-05 0.0
0.00053862785 -0.000221604438 0.0
0.000467323291 -4.38069037e-05 0.0
-0.00107692473 4.58671138e-06 0.0
-0.000165671765 -9.70165202e-05 0.0
-0.000899712031 -8.5356718e-05 0.0
-0.000989818014 4.39497708e-05 0.0
-0.000106442189 -0.000116056457 0.0
-0.000225819167 -7.16376308e-05 0.0
0.000852202473 -0.000198055219 0.0
-0.000108595937 -0.000177468159 0.0
0.000623587228 -0.000230199017 0.0
-5.49953875e-05 -0.000137260635 0.0
-0.000663684332 -4.37669623e-05 0.0
-0.000108489025 -0.000173116932 0.0
0.000884696958 -0.000132770074 0.0
-0.00096611667 4.93035077e-06 0.0
0.000256854517 -0.000109527718 0.0
0.000322211999 -0.000237255284 0.0
-0.000171456428 -9.99982803e-05 0.0
-0.000155370537 0.000103365011 0.0
-0.000475911074 -9.78548724e-06 0.0
