-0.00141873909 0.000424581638 0.0
-0.00139174401 0.000377205404 0.0
-0.000492592051 0.000408481574 0.0
-0.000427254738 0.000397935393 0.0
-0.000489266706 0.000426434592 0.0
-0.00162849855 0.000397935393 0.0
-0.00169383583 0.000408481574 0.0
-0.000891660398 0.000696874456 0.0
-0.000860878732 0.000546554162 0.0
-0.00074821047 0.000608377683 0.0
-7.46009173e-05 -3.76377575e-05 0.0
-0.000105382576 0.000112682537 0.0
-0.00116976036 0.000676472031 0.0
-0.00114678917 0.000622194493 0.0
-0.00108226563 0.000641492894 0.0
-0.00036051136 3.80026104e-05 0.0
-0.000383482606 9.22801482e-05 0.0
-0.00124216243 6.078149e-06 0.0
-0.00120240345 -5.25396172e-05 0.0
-0.0016404714 0.000476969843 0.0
-0.00170959462 0.000488508027 0.0
-0.00163534808 0.000413104979 0.0
-0.000508350786 0.000488508027 0.0
-0.00043922753 0.000476969843 0.0
-0.000816936954 0.000546308234 0.0
-0.000778063317 0.000418652722 0.0
-0.00151310966 0.000458992785 0.0
-0.00147201272 0.000444997771 0.0
-0.000757424918 0.00025563594 0.0
-0.000705774291 0.000194772438 0.0
-0.000226824443 2.51685233e-05 0.0
-0.000137270181 2.10556627e-05 0.0
-0.000235766332 0.000135670503 0.0
-0.00133851403 2.10556627e-05 0.0
-0.00142806827 2.51685233e-05 0.0
-0.000540491426 0.000294168247 0.0
-0.000502384675 0.000177719456 0.0
-0.000443989848 0.000244686846 0.0
-0.000380044716 9.19680097e-05 0.0
-0.000866405957 0.000271746248 0.0
-0.000836267485 0.000231303755 0.0
-0.00150066533 0.000380006968 0.0
-0.00147137418 0.000287157774 0.0
-0.000735982147 0.000352055358 0.0
-0.000692832342 0.000332817814 0.0
-0.000996190822 0.000149039653 0.0
-0.00095306494 0.000182298725 0.0
-0.000786277815 0.000584191876 0.0
0.0 0.0 0.0
-0.00120124384 0.0 0.0
-0.00198752154 0.000584191876 0.0
-0.00142681063 0.000424836064 0.0
-0.00143452513 0.000422724755 0.0
-0.0014404956 0.00041951891 0.0
-0.00144356571 0.000415770541 0.0
-0.00144372857 0.000412467838 0.0
-0.00144156383 0.000409242493 0.0
-0.00143802247 0.000403916376 0.0
-0.00143173721 0.000396506191 0.0
-0.00142242829 0.000388962973 0.0
-0.00141237373 0.000382930244 0.0
-0.00140189554 0.000379034464 0.0
-0.00138251134 0.000377555058 0.0
-0.0013747731 0.000380520389 0.0
-0.00136981893 0.000385186286 0.0
-0.00136778248 0.000390729372 0.0
-0.00136874872 0.000396777294 0.0
-0.00137375062 0.000402597128 0.0
-0.00138018001 0.000406680716 0.0
-0.00138781511 0.000410571607 0.0
-0.00139472261 0.000415427785 0.0
-0.00140274386 0.00041934161 0.0
-0.00141050795 0.000422872225 0.0
-0.000431942259 0.000400223478 0.0
-0.000437270442 0.000402293255 0.0
-0.000442531571 0.000405837724 0.0
-0.000449622137 0.000410986948 0.0
-0.000458294526 0.000417258329 0.0
-0.000468375045 0.000422118203 0.0
-0.000478808099 0.000425329577 0.0
-0.000498312584 0.000426752085 0.0
-0.000503801741 0.000426515908 0.0
-0.000505615433 0.000426043873 0.0
-0.000504998607 0.00042435783 0.0
-0.000503908435 0.00042061531 0.0
-0.00050121441 0.000415790681 0.0
-0.000497502449 0.000412189169 0.0
-0.00168854091 0.000402840495 0.0
-0.00168170454 0.000396655931 0.0
-0.00167301216 0.000390090339 0.0
-0.00166293094 0.000385910738 0.0
-0.00165149954 0.000384016108 0.0
-0.00164006324 0.000385751424 0.0
-0.00162943383 0.000391123613 0.0
-0.00162762939 0.000395476673 0.0
-0.000835748797 0.000540645386 0.0
-0.000810939586 0.000539754226 0.0
-0.000787367695 0.000542860595 0.0
-0.000769355975 0.000549901451 0.0
-0.000757563801 0.000560874643 0.0
-0.000750336447 0.00057494553 0.0
-0.000747501792 0.000591317774 0.0
-0.000753206492 0.000625745102 0.0
-0.000763050746 0.0006442265 0.0
-0.000779109658 0.000662719714 0.0
-0.000800947892 0.00067890092 0.0
-0.000826996926 0.000692043221 0.0
-0.000850623997 0.000700003933 0.0
-0.000872882432 0.00070074317 0.0
-0.000121422614 0.000103913393 0.0
-0.000134935835 9.10132949e-05 0.0
-0.000144348625 7.53721979e-05 0.0
-0.000148498249 5.84595073e-05 0.0
-0.000147309562 4.28918975e-05 0.0
-0.000141810524 2.72122124e-05 0.0
-0.000131794353 8.46404146e-06 0.0
-0.000117020762 -1.02445811e-05 0.0
-9.72512644e-05 -2.64187693e-05 0.0
-0.00113399897 0.000613820273 0.0
-0.00112164754 0.000607359165 0.0
-0.00111000496 0.000604227302 0.0
-0.00110106985 0.0006030855 0.0
-0.00109094987 0.000607109396 0.0
-0.00108407217 0.000613416312 0.0
-0.00107983721 0.000621359155 0.0
-0.00107851019 0.000630733208 0.0
-0.00108974683 0.000651792448 0.0
-0.00109981047 0.000660215388 0.0
-0.00111235608 0.000667783665 0.0
-0.00112617388 0.000674059324 0.0
-0.00113859377 0.000678838813 0.0
-0.0011490141 0.000681463804 0.0
-0.00115693407 0.000682654034 0.0
-0.00116408477 0.000680386554 0.0
-0.000387530017 8.57878185e-05 0.0
-0.000388867309 7.75186709e-05 0.0
-0.000387016422 6.78910001e-05 0.0
-0.000381533813 5.79104817e-05 0.0
-0.000372819515 4.78484908e-05 0.0
-0.00125611771 3.54428198e-06 0.0
-0.00126238877 -5.85887449e-07 0.0
-0.0012625521 -3.74996648e-06 0.0
-0.00125899841 -8.73167664e-06 0.0
-0.00125450012 -1.36310318e-05 0.0
-0.00125080661 -1.8129369e-05 0.0
-0.00124505337 -2.30124369e-05 0.0
-0.00123949174 -2.94611e-05 0.0
-0.00123211369 -3.64328553e-05 0.0
-0.00122303993 -4.3338001e-05 0.0
-0.00121301913 -4.91030987e-05 0.0
-0.0011930872 -5.34294959e-05 0.0
-0.00118448725 -5.22888513e-05 0.0
-0.00117797719 -4.9023336e-05 0.0
-0.00117401173 -4.46161757e-05 0.0
-0.0011733229 -3.98926531e-05 0.0
-0.00117405236 -3.38777281e-05 0.0
-0.00117681711 -2.5325895e-05 0.0
-0.00118475663 -1.48800591e-05 0.0
-0.00119504635 -5.39016582e-06 0.0
-0.0012082411 2.03502668e-06 0.0
-0.00122398848 6.04306797e-06 0.0
-0.00171401189 0.00048361285 0.0
-0.00171614822 0.000477542926 0.0
-0.00171665731 0.000469680759 0.0
-0.00171308999 0.000460008363 0.0
-0.00170542754 0.000448514824 0.0
-0.00169457227 0.00043726532 0.0
-0.00168028055 0.000427198742 0.0
-0.00166380976 0.000419292162 0.0
-0.00164754386 0.000414543902 0.0
-0.00162678689 0.000414655689 0.0
-0.0016193086 0.000419051328 0.0
-0.00161257247 0.000424815458 0.0
-0.00160846452 0.000431275083 0.0
-0.00160808943 0.000438128365 0.0
-0.00161128957 0.000445434795 0.0
-0.00161587901 0.000452926644 0.0
-0.00162230222 0.000459878735 0.0
-0.00163003465 0.000468302984 0.0
-0.000450777152 0.000484406308 0.0
-0.000464319659 0.000489687664 0.0
-0.000478237605 0.000492163177 0.0
-0.00049088191 0.00049222674 0.0
-0.000501592527 0.000490830746 0.0
-0.000835321436 0.000546342926 0.0
-0.000851921912 0.000541662681 0.0
-0.000865472946 0.000533400686 0.0
-0.000875031343 0.000522406248 0.0
-0.00088071503 0.000509649399 0.0
-0.000881180575 0.000495079963 0.0
-0.000876871985 0.000481506489 0.0
-0.000869812327 0.000467949751 0.0
-0.000858102518 0.000453735585 0.0
-0.00084163982 0.000439979951 0.0
-0.000821502181 0.000428935979 0.0
-0.000799672329 0.000421194214 0.0
-0.000758850656 0.000419430522 0.0
-0.000743596 0.000422941492 0.0
-0.000734024448 0.000427790597 0.0
-0.000727970095 0.000435999886 0.0
-0.000724920887 0.000446693273 0.0
-0.000724677928 0.000458784023 0.0
-0.000727326318 0.000472954911 0.0
-0.000734504487 0.000489063561 0.0
-0.000746092875 0.00050573406 0.0
-0.000760925876 0.000521289243 0.0
-0.000779031427 0.000533598242 0.0
-0.00079786795 0.000542099297 0.0
-0.00151412422 0.000459494098 0.0
-0.00151394901 0.000458934112 0.0
-0.00151373644 0.00045793262 0.0
-0.00151245354 0.000456580863 0.0
-0.00150909333 0.000455494475 0.0
-0.00150426081 0.00045417581 0.0
-0.00149788929 0.000452942651 0.0
-0.0014908181 0.000451121916 0.0
-0.00148244703 0.000449004292 0.0
-0.00147583149 0.000446811115 0.0
-0.00147076161 0.000442885153 0.0
-0.00147000328 0.000442547229 0.0
-0.0014708247 0.000442007673 0.0
-0.00147240388 0.000441332522 0.0
-0.00147540728 0.000440749805 0.0
-0.00147852721 0.000442026416 0.0
-0.00148384459 0.000446009217 0.0
-0.00149222766 0.000450688007 0.0
-0.00150075485 0.000454611552 0.0
-0.00150893256 0.000457001501 0.0
-0.000770487939 0.000254320679 0.0
-0.000778374146 0.00025381241 0.0
-0.00078159367 0.000250854384 0.0
-0.000782063056 0.000247147284 0.0
-0.000782416959 0.000241568589 0.0
-0.000781758747 0.00023404276 0.0
-0.000777192705 0.000224597999 0.0
-0.000769013248 0.000214294487 0.0
-0.000757172878 0.000206188328 0.0
-0.000742842152 0.000200008726 0.0
-0.000724964426 0.000195428816 0.0
-0.000689993787 0.000196021036 0.0
-0.00068339234 0.000197455214 0.0
-0.000682925456 0.000199575385 0.0
-0.000683115446 0.000203707823 0.0
-0.000684630475 0.00021010045 0.0
-0.00068810262 0.000218477435 0.0
-0.000694432994 0.000227239463 0.0
-0.000702991209 0.000235879197 0.0
-0.000714222726 0.000243555056 0.0
-0.000727086968 0.00024987958 0.0
-0.000741509488 0.000253914623 0.0
-0.000132822752 2.8560522e-05 0.0
-0.000129867476 3.84190826e-05 0.0
-0.000129398308 5.01239119e-05 0.0
-0.00013173405 6.30616705e-05 0.0
-0.00013851549 7.7827819e-05 0.0
-0.000150322026 9.46235523e-05 0.0
-0.000167554332 0.000110645131 0.0
-0.000189276951 0.000124387356 0.0
-0.000213897758 0.000132837944 0.0
-0.000249371922 0.000135092661 0.0
-0.000256324187 0.000132461049 0.0
-0.000262541231 0.000127179446 0.0
-0.000268661475 0.00011866368 0.0
-0.000271889439 0.000106655876 0.0
-0.000272015401 9.10846866e-05 0.0
-0.000267295109 7.34315981e-05 0.0
-0.000257813401 5.50283803e-05 0.0
-0.000243786926 3.85724888e-05 0.0
-0.0014078262 1.51655086e-05 0.0
-0.00138514605 1.11837799e-05 0.0
-0.00136318372 1.11421541e-05 0.0
-0.00134720199 1.57641771e-05 0.0
-0.000561467896 0.000293594145 0.0
-0.000574264908 0.000288933457 0.0
-0.000580308086 0.000280854962 0.0
-0.00058313238 0.000270921068 0.0
-0.000584077847 0.000259488297 0.0
-0.000582152978 0.000246490177 0.0
-0.000577147293 0.00023209324 0.0
-0.000567634299 0.000216543602 0.0
-0.000552812591 0.000201597621 0.0
-0.000535961997 0.000190113278 0.0
-0.000518858724 0.000181535637 0.0
-0.000487465441 0.000177653652 0.0
-0.000473649066 0.00018084106 0.0
-0.00046254386 0.000187334241 0.0
-0.000455028145 0.000196595734 0.0
-0.000450875406 0.000208471334 0.0
-0.000450863037 0.000223340248 0.0
-0.00045528906 0.000240400361 0.0
-0.000464215787 0.000256972999 0.0
-0.000478014321 0.000271411758 0.0
-0.000496048189 0.000282964902 0.0
-0.000517128734 0.000290923752 0.0
-0.000471165986 0.000242443988 0.0
-0.000487097568 0.000236952328 0.0
-0.00049641839 0.000228269695 0.0
-0.000503324438 0.000216201443 0.0
-0.00050652778 0.000200826544 0.0
-0.000505023869 0.000182445729 0.0
-0.000498721609 0.000161918681 0.0
-0.000485771772 0.00014187349 0.0
-0.000466620084 0.000122907702 0.0
-0.000440243806 0.000107282962 0.0
-0.000409184664 9.61151309e-05 0.0
-0.000360123842 9.44712956e-05 0.0
-0.000347048161 0.000100786245 0.0
-0.000335476623 0.000111673005 0.0
-0.000326608453 0.000127183739 0.0
-0.000322303065 0.000145057769 0.0
-0.000323239772 0.000164274228 0.0
-0.000330658164 0.000183234399 0.0
-0.000343364751 0.00020166031 0.0
-0.00036214228 0.000218407833 0.0
-0.000386124681 0.000232583086 0.0
-0.000413973787 0.000241546062 0.0
-0.000875573256 0.000271949713 0.0
-0.000883680594 0.000269834738 0.0
-0.000889918709 0.000266330491 0.0
-0.000892040029 0.000261232839 0.0
-0.000890524767 0.00025513029 0.0
-0.000885687594 0.00024879229 0.0
-0.00087657565 0.000242905036 0.0
-0.000865471724 0.000238763096 0.0
-0.00085433299 0.00023414797 0.0
-0.000842643029 0.000231796206 0.0
-0.000832491904 0.000231320009 0.0
-0.00082962669 0.000230870282 0.0
-0.000826509786 0.000231765123 0.0
-0.000823605282 0.000234976149 0.0
-0.000822647999 0.000240718975 0.0
-0.00082431169 0.000248662254 0.0
-0.000830863893 0.000257883657 0.0
-0.000840758963 0.000264829199 0.0
-0.00084935932 0.000267909752 0.0
-0.000857728708 0.000270361081 0.0
-0.00151833519 0.000377758406 0.0
-0.00153477502 0.000371726172 0.0
-0.00154465635 0.000362889812 0.0
-0.00154572586 0.000355523429 0.0
-0.00154435961 0.000346064218 0.0
-0.00153877214 0.000336710422 0.0
-0.00153163204 0.000326189474 0.0
-0.00152252079 0.000316509308 0.0
-0.00151303736 0.000306029047 0.0
-0.00150030281 0.000297541032 0.0
-0.00148639537 0.000291248492 0.0
-0.00145639246 0.000286076218 0.0
-0.00144129188 0.000289602816 0.0
-0.00143168482 0.000296197046 0.0
-0.00142546627 0.000305446592 0.0
-0.00142206158 0.000316560181 0.0
-0.00142378325 0.000328040216 0.0
-0.00143135036 0.000341297768 0.0
-0.00144305406 0.000352897972 0.0
-0.00145688781 0.000362949446 0.0
-0.00147163018 0.00037148461 0.0
-0.00148611597 0.000377631863 0.0
-0.000736361253 0.000353160518 0.0
-0.000736520858 0.000354883057 0.0
-0.000736709626 0.000356238626 0.0
-0.000736518763 0.000357893994 0.0
-0.000735308451 0.000359281956 0.0
-0.000732800865 0.000359734579 0.0
-0.000729689084 0.00035783468 0.0
-0.000725457969 0.000352267234 0.0
-0.000719273638 0.000345274661 0.0
-0.000712001056 0.00033902697 0.0
-0.000703453959 0.000334939687 0.0
-0.000684078434 0.000333129661 0.0
-0.000681899546 0.000333997799 0.0
-0.000686105632 0.000333464122 0.0
-0.000689419161 0.000333244883 0.0
-0.000693185546 0.000334902288 0.0
-0.000697723182 0.000337401987 0.0
-0.000702447607 0.00034080405 0.0
-0.000708771753 0.000344038621 0.0
-0.000716969196 0.000346602174 0.0
-0.000724589103 0.000349687412 0.0
-0.000732988643 0.000351300114 0.0
-0.000994178234 0.000151977074 0.0
-0.000991919311 0.000153754139 0.0
-0.000989778899 0.000155559494 0.0
-0.000986695522 0.000158679584 0.0
-0.000984111684 0.000161454431 0.0
-0.000980772311 0.000164610945 0.0
-0.000976039679 0.000167674632 0.0
-0.000971284753 0.000169986117 0.0
-0.00096602639 0.000172748463 0.0
-0.000961228565 0.000176092813 0.0
-0.000958103337 0.000178647591 0.0
-0.000955730095 0.0001811244 0.0
-0.000951636874 0.000182805699 0.0
-0.000957578421 0.000179372015 0.0
-0.000964819861 0.000174719418 0.0
-0.000973115093 0.00016952242 0.0
-0.000981548568 0.000163545992 0.0
-0.000987411593 0.000156878916 0.0
-0.000992076937 0.000150554813 0.0
-0.00099458755 0.000146046979 0.0
-0.00099596777 0.000144032136 0.0
-0.000997392228 0.000143832949 0.0
-0.000997906667 0.000145145706 0.0
-0.000997416209 0.000146931765 0.0
-0.000748441787 0.00057744782 0.0
-0.000682981568 0.000559512875 0.0
-0.000326691079 0.000380609999 0.0
-0.000313982193 0.000369477755 0.0
-0.000393893366 0.000291420554 0.0
-0.000463007658 0.000217509165 0.0
-0.000467496691 0.00018863361 0.0
-0.000441971351 0.000166094862 0.0
-0.000364051259 0.000140920893 0.0
-0.000238885419 9.86283776e-05 0.0
-0.000192375854 7.41297335e-05 0.0
-0.000193505752 5.45913972e-05 0.0
-7.12011242e-05 -1.87799685e-06 0.0
-4.70340201e-05 -6.00743124e-06 0.0
-3.27569251e-05 -4.4104263e-06 0.0
-2.09652953e-05 -2.11797396e-06 0.0
-2.90326116e-05 -2.73563842e-06 0.0
-0.000169975174 0.000144659673 0.0
-0.000237344575 0.000129050663 0.0
-0.00044169859 0.000116529336 0.0
-0.000492179126 0.000109503679 0.0
-0.000571296143 2.60183097e-05 0.0
-0.000661427679 -7.06682476e-05 0.0
-0.000732795044 -0.00012470271 0.0
-0.00077119167 -0.000122957746 0.0
-0.000814864063 -0.000114502167 0.0
-0.000857311767 -0.000105260064 0.0
-0.000894256576 -9.66014486e-05 0.0
-0.000928456837 -9.10937088e-05 0.0
-0.000961560116 -9.05797933e-05 0.0
-0.0010129963 -8.20226414e-05 0.0
-0.00105890853 -7.42506672e-05 0.0
-0.00112432207 -4.37242561e-05 0.0
-0.0011580243 -3.07143491e-05 0.0
-0.00117723132 -1.63332061e-05 0.0
-0.00122220907 -2.11797396e-06 0.0
-0.00123400078 -4.4104263e-06 0.0
-0.00124827784 -6.00743124e-06 0.0
-0.00127244496 -1.87799685e-06 0.0
-0.0013947495 5.45913972e-05 0.0
-0.00139361969 7.41297335e-05 0.0
-0.00144012924 9.86283776e-05 0.0
-0.00156529504 0.000140920893 0.0
-0.00164321519 0.000166094862 0.0
-0.00166874053 0.00018863361 0.0
-0.00166425144 0.000217509165 0.0
-0.00159513718 0.000291420554 0.0
-0.00151522597 0.000369477755 0.0
-0.00152793492 0.000380609999 0.0
-0.00188422541 0.000559512875 0.0
-0.00194968551 0.00057744782 0.0
-0.00196350901 0.000567858689 0.0
-0.00194430212 0.000553477556 0.0
-0.00191059988 0.000540467619 0.0
-0.00184518634 0.000509941252 0.0
-0.00179927412 0.000502169249 0.0
-0.00174783787 0.000493612082 0.0
-0.00171473459 0.000493098167 0.0
-0.00168053445 0.000487590441 0.0
-0.00164358958 0.000478931848 0.0
-0.00160114188 0.000469689723 0.0
-0.00155746948 0.000461234158 0.0
-0.0015190728 0.000459489209 0.0
-0.00144770544 0.000513523642 0.0
-0.0013575739 0.000610210234 0.0
-0.00127845688 0.000693695561 0.0
-0.00122797641 0.000700721226 0.0
-0.00102362235 0.000713242567 0.0
-0.000956252974 0.000728851592 0.0
-0.000815310399 0.00058145629 0.0
-0.00113510643 0.000410398381 0.0
-0.000881997228 7.10184468e-05 0.0
-0.00128064887 0.000448227482 0.0
-0.000675238727 0.000144987658 0.0
-0.000938396726 0.000382779603 0.0
-0.00117537333 0.000341378327 0.0
-0.00108361978 0.000508462545 0.0
-0.0005480611 0.000146492835 0.0
-0.00157129811 0.000377220131 0.0
-0.00088916457 0.000123341801 0.0
-0.00115809031 0.000300985179 0.0
-0.000617785263 0.000338402664 0.0
-0.00127726793 4.17297597e-05 0.0
-0.000701780198 0.000290639786 0.0
-0.00125707884 0.000157655726 0.0
-0.0009909051 -6.93616457e-05 0.0
-0.00128142256 0.000420482858 0.0
-0.000480771967 0.000105127037 0.0
-0.000543927017 0.000224868767 0.0
-0.000559569511 0.000454825378 0.0
-0.000809299061 0.000243168353 0.0
-0.000968831766 0.000319413171 0.0
-0.0010193187 0.000423748483 0.0
-0.00101722742 5.36341831e-05 0.0
-0.00152471219 0.000393011345 0.0
-0.000794525782 0.000151176078 0.0
-0.000762359705 1.27808244e-05 0.0
-0.00134322699 0.000424097292 0.0
-0.000634435099 0.000530117832 0.0
-0.000543777773 0.000139960917 0.0
-0.000594388344 0.000243388859 0.0
-0.0004249505 0.000225370779 0.0
-0.00133939134 0.000455147965 0.0
-0.000642858504 0.000187338344 0.0
-0.00122426101 0.000327728194 0.0
-0.000764836383 0.000250145153 0.0
-0.000486924371 0.000212634201 0.0
-0.00119944499 0.000534780091 0.0
-0.00129086571 0.000389707362 0.0
-0.000870942895 0.00039791537 0.0
-0.0011153972 0.000332486758 0.0
-0.000853483565 0.000363008614 0.0
-0.00119164796 0.000450539868 0.0
-0.000262083398 0.000163646822 0.0
-0.00104649027 0.000370863621 0.0
-0.000990004744 0.000118081771 0.0
-0.000408924301 0.000106364067 0.0
-0.00150263612 0.000239520392 0.0
-0.000549739168 0.000144274614 0.0
-0.000603529159 0.000308249553 0.0
-0.000965184707 0.0006013565 0.0
-0.00057943922 0.000356750854 0.0
-0.000871634169 -7.54218636e-05 0.0
-0.000947963854 0.000211469291 0.0
-0.000858423475 0.000142815465 0.0
-5.89470801e-05 1.21541989e-05 0.0
-0.000795856526 0.000230504607 0.0
-0.000654886768 0.00033371133 0.0
-0.00102475565 -8.73636527e-05 0.0
-0.00130640715 7.1818351e-05 0.0
-0.000718887954 0.000187738129 0.0
-0.000624735432 8.04634037e-05 0.0
-0.000682507933 0.000305305643 0.0
-0.000664546387 0.000281421322 0.0
-0.00115058408 0.000103197264 0.0
-0.000782110263 0.000103671962 0.0
-0.000525424723 0.000132319576 0.0
-0.000218779576 0.000151208689 0.0
-0.00160938513 0.000485295604 0.0
-0.00127334823 0.000276584498 0.0
-0.000340879633 0.000132831337 0.0
-0.000914185832 0.000418543059 0.0
-0.00132711057 2.63579368e-05 0.0
-0.00110860192 -3.41792402e-05 0.0
-0.000649260357 0.000384031126 0.0
-0.00119246927 1.85451281e-05 0.0
-0.000815253763 0.00015673718 0.0
-0.00136605767 0.000429778505 0.0
-0.000674809678 0.000499363116 0.0
-0.00092297775 0.0005089888 0.0
-0.0013386897 0.000380691577 0.0
-0.00118743745 0.000385853637 0.0
-0.000268712814 9.29362213e-05 0.0
-0.00130424672 0.000260240107 0.0
-0.000477037043 0.000105065832 0.0
-0.00155073591 0.000412689813 0.0
-0.00103795785 0.000284657872 0.0
-0.000568379124 0.000467251462 0.0
-0.00160985673 0.000416232157 0.0
-0.00150518259 0.000417980918 0.0
-0.000499504851 0.000129776905 0.0
-0.00119663484 0.000332344789 0.0
-0.000242102935 5.65588016e-05 0.0
-0.00128283259 0.000358751218 0.0
-0.000566152041 0.000255692459 0.0
-0.0010873765 0.000328550115 0.0
-0.000835924002 0.000293981313 0.0
-0.0010854135 0.000436939648 0.0
-0.000869073265 0.000106416075 0.0
-0.00134587823 0.000414475158 0.0
-0.000641647668 0.000269932643 0.0
-0.000618689926 0.000186189864 0.0
-0.0015768155 0.000368054898 0.0
-0.000736913818 0.000295420119 0.0
-0.000516239554 0.000434625748 0.0
-0.0015908702 0.000372314564 0.0
-0.000724893529 0.00025561123 0.0
-0.000911251758 0.000140152843 0.0
-0.00138463371 0.000420914235 0.0
-0.00132060773 1.12363387e-05 0.0
-0.000993264257 -4.42821465e-06 0.0
-0.00100417132 0.000512379687 0.0
-0.000687890395 0.000571841781 0.0
-0.0006397494 0.000528171542 0.0
-0.000581380096 0.000472729502 0.0
-0.0012494527 0.000672072987 0.0
-0.000541784044 0.000203224205 0.0
-0.00129564153 0.000432136731 0.0
-0.00156794221 0.000386868138 0.0
-0.00148592598 0.000369183836 0.0
-0.000577341591 0.00033325667 0.0
-0.000413559319 0.000215808832 0.0
-0.000782792456 0.000258330518 0.0
-0.00105481688 0.000396572665 0.0
-0.0013305184 4.39035211e-05 0.0
-0.000958081451 0.000259049499 0.0
-0.000881511252 0.00025888579 0.0
-0.00124267896 0.000541332527 0.0
-0.00136421237 0.000465200195 0.0
-0.00157790678 0.000381475838 0.0
-0.000803664851 0.000240314199 0.0
-0.00120970083 0.000426061539 0.0
-0.000834012288 0.000378578872 0.0
-0.00141986215 0.000118850076 0.0
-0.000602573506 0.000266330404 0.0
-0.00106307317 0.000344538275 0.0
-0.00133141119 0.000406942359 0.0
-0.000514342042 0.000232363862 0.0
-0.00108137634 0.000170548243 0.0
-0.00109549332 0.000609377108 0.0
-0.00093310629 -9.71058034e-05 0.0
-0.00108886173 4.05907012e-05 0.0
-0.00127960939 0.000390104455 0.0
-0.000504421885 0.00018172375 0.0
-0.000863331603 2.67216956e-06 0.0
-0.000455938134 0.000123437174 0.0
-0.00035984948 0.000203001604 0.0
-0.00104371586 0.000107773005 0.0
-0.00111781829 -6.21914951e-05 0.0
-0.000614782562 0.000162389944 0.0
-0.00128243456 5.01227805e-06 0.0
-0.000552343496 0.000110499124 0.0
-0.000921528088 0.000100520141 0.0
-0.00158750347 0.000217553737 0.0
-0.000443342142 8.80139924e-05 0.0
-0.000909759081 0.000215645035 0.0
-0.000468202372 0.000239987174 0.0
-0.000624797132 0.000366883411 0.0
-0.00023540674 0.000131126508 0.0
-0.000449433894 0.000201441566 0.0
-0.000981296529 0.000709045387 0.0
-0.00082683051 0.000404397928 0.0
-0.000660163409 0.000357433688 0.0
-0.000940109254 0.000359388039 0.0
-0.00121660728 -7.76325578e-06 0.0
-0.000922603358 0.000263221911 0.0
-0.0016641632 0.000483926677 0.0
-0.000577271043 0.000297507941 0.0
-0.00152228284 0.000455911708 0.0
-0.00155404804 0.000418565178 0.0
-0.000584768248 0.000228679346 0.0
-0.000221868846 6.68687499e-05 0.0
-0.0015087669 0.000421066856 0.0
-0.000559490407 0.00048112488 0.0
-0.000886808499 0.000476691435 0.0
-0.000766137207 0.000192582025 0.0
-0.00124341785 0.000405680388 0.0
-0.00127814407 2.78191497e-08 0.0
-0.00118122087 0.000486316188 0.0
-0.000209946462 0.000158425042 0.0
-0.000575854676 0.000371675473 0.0
-0.000691445137 0.000542283116 0.0
-0.00107572181 0.000291034812 0.0
-3.99919627e-05 3.13560031e-06 0.0
-0.000986325555 0.000619878003 0.0
-0.000238624256 8.45506365e-05 0.0
-0.000775344321 0.000573481433 0.0
-0.00155403826 0.00042910935 0.0
-0.00158737821 0.000480576535 0.0
-0.000678580254 0.000472638232 0.0
-0.00077240495 -6.64765466e-05 0.0
-0.000995990238 0.000582454784 0.0
-0.00113272353 7.59601753e-05 0.0
-0.00039445344 0.000371720205 0.0
-0.00142850948 0.000330495241 0.0
-0.00140072673 0.000425606064 0.0
-0.00146373687 0.000407956337 0.0
-0.00103971607 0.000194269291 0.0
-0.000523110677 0.000450313819 0.0
-0.000625913846 0.000297658466 0.0
-0.000969058892 0.000399841345 0.0
-0.000736929651 0.000154698704 0.0
-0.00101059477 -8.83747125e-05 0.0
-0.000812552986 0.000253503968 0.0
-0.000713961432 8.70607255e-05 0.0
-0.00128214143 0.000472796994 0.0
-0.000607414695 0.000494106091 0.0
-0.000775680179 0.000226581673 0.0
-0.000665510946 0.000408213644 0.0
-0.000484979944 0.000126515864 0.0
-0.0012575544 0.000633451215 0.0
-0.000690582499 -1.84385281e-05 0.0
-0.000782307005 0.000337109959 0.0
-0.000853883626 0.000152387263 0.0
-0.000622827152 0.000497596804 0.0
-0.00139970798 0.000301826745 0.0
-0.00124594208 0.000440123462 0.0
-0.000551565376 0.000147294253 0.0
-0.000606715796 0.000134171438 0.0
-0.000825502444 0.000112966489 0.0
-0.000519134395 0.000125824125 0.0
-0.000309442141 0.000116010226 0.0
-0.000867806841 0.000432212983 0.0
-0.000542217691 0.000437144045 0.0
-0.00159464241 0.000475573877 0.0
-0.000814317435 0.0001627686 0.0
-0.000935217889 0.000113906332 0.0
-6.01647189e-05 5.54944563e-06 0.0
-0.000391727313 0.000192161868 0.0
-0.00188906631 0.000555174134 0.0
-0.000710235676 0.000523188093 0.0
-0.00137796346 0.000410099165 0.0
-0.00131500105 0.000358294928 0.0
-0.00135309587 2.77222844e-05 0.0
-0.000894251745 0.000238978857 0.0
-0.000872799777 0.000553072896 0.0
-0.000678548939 0.0001752104 0.0
-0.00135629531 0.000501199043 0.0
-0.000659497688 0.000307618728 0.0
-7.84614385e-05 1.96540386e-05 0.0
-0.000806740543 0.00035001451 0.0
-0.000800827518 0.000233444167 0.0
-0.00113833952 -1.38956275e-05 0.0
-0.000630363647 0.000511123799 0.0
-0.000305566587 0.000104385908 0.0
-0.000791639672 0.000220484217 0.0
-0.00101307896 0.000571410928 0.0
-0.000957277778 -4.41888988e-05 0.0
-0.00132463744 0.000431752123 0.0
-0.000165063379 0.000138890842 0.0
-0.00150282984 0.000426201208 0.0
-0.000672238879 0.000212858766 0.0
-0.000950982736 5.51022567e-05 0.0
-0.00112537784 4.71192106e-05 0.0
-0.00100657193 0.000543965783 0.0
-0.000720467418 0.000323008077 0.0
-0.00138862315 0.000433272275 0.0
-0.00124517712 0.000368770387 0.0
-0.000213475636 9.97570969e-05 0.0
-0.000660257007 0.000332248863 0.0
-0.00154516031 0.000460538431 0.0
-0.00030246409 0.00010378869 0.0
-0.000858856714 -0.000103101542 0.0
-0.00163585716 0.000424580852 0.0
-0.00140471151 0.000378902972 0.0
-0.00134212221 0.000230311372 0.0
-0.00127056206 0.000532446662 0.0
-0.000508863828 0.000119020006 0.0
-0.00035900771 0.0001920457 0.0
-0.000623061787 0.000271363941 0.0
-0.000671645219 0.000561048626 0.0
-0.001304665 0.000569076568 0.0
-0.00134679745 6.25944303e-05 0.0
-0.00112051412 0.000382922532 0.0
-0.0003120396 0.000121003613 0.0
-0.00149935833 0.000457816903 0.0
-0.00103766925 0.000620423816 0.0
-0.00107026868 0.000286413269 0.0
-0.00102765847 0.000470940926 0.0
-0.000896850368 0.000234066261 0.0
-0.000572527002 0.000155832531 0.0
-0.000312369695 0.000122917583 0.0
-0.000737205846 0.000579739106 0.0
-0.00137151766 3.55867523e-05 0.0
-0.00133959169 0.000378216093 0.0
-0.000894404075 0.000387362961 0.0
-0.000483860669 0.000433033798 0.0
-0.00063336594 0.00027515064 0.0
-0.000805342686 0.000244466471 0.0
-0.000583810441 0.000227246972 0.0
-0.00160937454 0.000370448513 0.0
-0.00162002258 0.000380658865 0.0
-0.000522639428 0.000135777707 0.0
-0.00119525415 -1.47191413e-05 0.0
-7.8703386e-05 6.52211565e-06 0.0
-0.00117081311 0.000323953718 0.0
-0.000194342952 6.32523879e-05 0.0
-0.00123851921 0.000290278607 0.0
-0.00122671109 0.000352676609 0.0
-0.00114692503 0.000614492223 0.0
-0.00134607963 0.000250454934 0.0
-0.00133691682 1.07021251e-05 0.0
-0.00133639295 0.000593461678 0.0
-0.00155788928 0.000166917845 0.0
-0.000986859319 0.000550728 0.0
-0.00127548969 0.000301014923 0.0
-0.000374083029 0.000137866271 0.0
-0.000745957193 0.000232723163 0.0
-0.000591087446 0.000168141807 0.0
-0.00141636259 0.000419167074 0.0
-0.00156210642 0.000418567448 0.0
-0.00170647423 0.000463364384 0.0
-0.000732823857 0.000273733895 0.0
-0.000947834051 0.000285174785 0.0
-0.000451694155 0.000103526865 0.0
-0.000271022465 0.000170681116 0.0
-0.000864212518 0.000250425073 0.0
-0.000980646117 0.000551154546 0.0
-0.000379523495 9.3547118e-05 0.0
-0.000796107342 0.000234359846 0.0
-0.000626128342 0.000321958505 0.0
-0.00123333873 6.16836478e-05 0.0
-0.000299931271 0.000168547675 0.0
-0.00159315462 0.000258477143 0.0
-0.000880087842 0.000323898363 0.0
-0.000580840628 0.000392858812 0.0
-0.00122679409 0.000371806178 0.0
-0.00136873079 8.78567444e-05 0.0
-0.000354907737 0.0001558597 0.0
-0.00121346768 0.000691969879 0.0
-0.000780865259 0.000414608396 0.0
-0.000995325739 0.000380054582 0.0
-0.0012429601 0.000474593748 0.0
-0.0011454114 -3.85973617e-05 0.0
-0.000546521798 0.000345652108 0.0
-0.000568250893 0.000272957201 0.0
-0.000288343494 7.9352023e-05 0.0
-0.00061867648 0.00042648433 0.0
-0.000489527651 0.00024169391 0.0
-0.00133081456 0.000440825475 0.0
-0.000449828338 0.000238016975 0.0
-0.00104665838 0.000641096267 0.0
-0.00110130687 -5.71735072e-05 0.0
-0.000815942243 0.000384143495 0.0
-0.00142282085 0.00051353802 0.0
-0.00145999761 0.000379215839 0.0
-0.000372231734 0.000346671761 0.0
-0.00112674828 0.000540435372 0.0
-0.000587725372 0.00020978821 0.0
-0.00113191316 0.000464791257 0.0
-0.00051188306 0.000211148144 0.0
-0.000605930574 0.000181755895 0.0
-0.000841102097 5.95692727e-05 0.0
-0.00114043336 -3.89711604e-05 0.0
-0.000976861338 0.000149577478 0.0
-0.000970281486 0.000601138105 0.0
-0.000288095704 0.000129952066 0.0
-0.00152038713 0.000455384987 0.0
-0.00114932877 0.000432232366 0.0
-0.00115398725 0.000337899255 0.0
-0.000410464883 7.66713274e-05 0.0
-0.00154223933 0.000344538275 0.0
-0.00154156296 0.00046028127 0.0
-0.00162238616 0.000393959112 0.0
-0.00059819204 0.000277239451 0.0
-0.000956798438 0.000180962525 0.0
-0.000269840151 6.75514602e-05 0.0
-0.000925874978 -8.12998696e-05 0.0
-0.000441007578 0.000111833819 0.0
-0.00105208484 0.000132179484 0.0
-0.00118721242 0.000405089988 0.0
-0.000478912843 0.000134818518 0.0
-0.000533685088 0.000167379694 0.0
-0.00122527999 0.000102982056 0.0
-0.000850069337 0.000522238493 0.0
-0.00056257745 0.000154790454 0.0
-0.000905703637 0.000153624307 0.0
-0.000683621096 0.000344127096 0.0
-0.000908363087 0.000245054252 0.0
-0.000643083244 0.00027708069 0.0
-0.000502140028 0.000123222868 0.0
-0.000537071959 0.000366214575 0.0
-0.00123143988 0.000457851274 0.0
-0.000417256961 0.000185151264 0.0
-0.00044338507 9.80885161e-05 0.0
-0.00053053099 0.000253648177 0.0
-0.00164574268 0.000489199592 0.0
-0.00157313643 0.000458896975 0.0
-0.000258735963 7.67664387e-05 0.0
-0.00105033582 5.75390459e-06 0.0
-0.00041394704 0.000143173311 0.0
-0.00156027998 0.000385492487 0.0
-0.00157423632 0.000420778728 0.0
-0.000347511814 0.000160304291 0.0
-0.000912449847 0.000398531585 0.0
-0.000638557947 0.000383384089 0.0
-0.00148643903 0.0003149845 0.0
-6.16155448e-05 3.15677198e-06 0.0
-0.00131829199 9.88960383e-05 0.0
-0.000504821946 0.000124741855 0.0
-0.00100405526 0.000351358496 0.0
-0.00160222256 0.000439183961 0.0
-0.00071668555 0.000214455431 0.0
-0.000982768834 9.27496221e-05 0.0
-0.00130065635 5.38370114e-05 0.0
-0.000792186183 0.000366040971 0.0
-8.69442592e-05 2.73566984e-05 0.0
-0.000943507417 -9.70962865e-05 0.0
-0.00137347879 0.000399433688 0.0
-0.000898624479 0.000374476396 0.0
-0.00105277775 -7.78705944e-05 0.0
-0.000793616578 0.000253057398 0.0
-0.000854278042 0.000136825707 0.0
-0.000682554033 0.000293738849 0.0
-0.00108550943 -6.189743e-05 0.0
-0.000825012394 0.000139774973 0.0
-0.000931975897 0.000500588561 0.0
-0.00144242868 0.000420715689 0.0
-0.00135971396 0.000387893408 0.0
-0.00106742792 0.000309469178 0.0
-0.000694948831 0.000328404829 0.0
-4.3293574e-05 3.15966349e-06 0.0
-0.000700511562 0.000259719003 0.0
-0.000773565029 0.000197224421 0.0
-0.000245968695 0.000149584943 0.0
-0.000554377038 0.000285917806 0.0
-0.000571070064 0.000233937375 0.0
-0.00131138868 0.000424190337 0.0
-0.0014109856 0.000440350326 0.0
-0.000512170896 0.000469705672 0.0
-0.00047691277 0.000172235232 0.0
-0.000695427996 0.000279169588 0.0
-0.000618081598 2.874848e-05 0.0
-0.000815005624 0.000174403875 0.0
-0.000608460512 0.000477652036 0.0
-0.00153216184 0.000346174958 0.0
-0.00102447649 0.000230725855 0.0
-0.000783637166 0.000310478557 0.0
-0.00116431899 -4.34010435e-05 0.0
-0.000598032377 0.000343102787 0.0
-0.000703460537 0.000422639801 0.0
-0.000179994749 0.000127768901 0.0
-0.00081192673 -0.000105401567 0.0
-0.00110652088 -7.19189411e-05 0.0
-0.00124940113 0.000311298179 0.0
-0.000480267132 0.000179660667 0.0
-0.00150572858 0.000414763432 0.0
-0.000551287259 0.000447167869 0.0
-0.000671725196 0.000270791148 0.0
-0.00114835647 0.000356951263 0.0
-0.00137724471 0.000269713433 0.0
-0.000543913862 0.000197719957 0.0
-0.00108497695 8.02291106e-05 0.0
-0.00129995728 0.000356829172 0.0
-0.000676536059 0.000369323621 0.0
-0.00085617695 0.000128950313 0.0
-0.000688430329 0.000198951559 0.0
-0.000600366155 0.000278432475 0.0
-0.00120552839 -8.064746e-06 0.0
-0.000494750857 0.000192254374 0.0
-0.00148499326 0.000349186332 0.0
-0.000818915898 0.000545505434 0.0
-0.000788173405 0.000582366018 0.0
-0.00109342323 8.41833826e-05 0.0
-0.0010804031 0.000172912012 0.0
-0.000820364396 -3.18605016e-05 0.0
-0.000593400095 0.000485739787 0.0
-0.000612204371 0.00027362688 0.0
-0.000640277693 0.000340517348 0.0
-0.000490938954 0.000453905697 0.0
-0.000463471457 0.000350097544 0.0
-0.00122784695 -5.02421517e-06 0.0
-0.00150698284 0.000413779169 0.0
-0.000311702228 0.000111654459 0.0
-0.000757374219 0.000177483409 0.0
-0.000273195124 0.000155266272 0.0
-0.00189650618 0.000545352115 0.0
-0.00110795978 0.000320251507 0.0
-0.000841560191 0.000260586356 0.0
-0.00103196583 -7.73896681e-05 0.0
-0.00130510645 7.91652747e-06 0.0
-0.000470276485 0.000176879461 0.0
-0.00112995913 3.31078372e-05 0.0
-0.00141185522 0.000429783046 0.0
-0.00105009892 -4.77888825e-05 0.0
-0.00123889837 0.000353320705 0.0
-0.000856198079 0.000176452071 0.0
-0.000352929725 0.000132218032 0.0
-0.00140420883 0.000389770867 0.0
-0.00129126455 2.47673051e-05 0.0
-0.000656025077 0.000398492441 0.0
-0.00146909326 0.000425049628 0.0
-0.000747456274 0.000306261209 0.0
-0.000723222096 0.000561829249 0.0
-0.000965093554 0.000259675842 0.0
-0.00033567092 0.000176706686 0.0
-0.00104304124 0.000582850189 0.0
-0.000864781905 0.000458543858 0.0
-0.000920067774 2.19351296e-05 0.0
-0.000633323856 0.000308866845 0.0
-0.000577339088 0.000156386785 0.0
-0.00123232894 -7.65455752e-06 0.0
-0.00157003233 0.000468313665 0.0
-0.00157598185 0.000393892784 0.0
-0.00151085784 0.00042084686 0.0
-0.00117425155 0.000215579727 0.0
-0.000636511482 0.000496908149 0.0
-0.00053186412 0.000380608544 0.0
-0.00156266266 0.0004779562 0.0
-0.00164369075 0.00040379088 0.0
-0.00108448102 0.000207556281 0.0
-0.00062820653 0.000356510805 0.0
-0.00163644878 0.000468565093 0.0
-0.00195118168 0.000574366015 0.0
-0.000813872262 0.000247374905 0.0
-0.000908692135 0.000693963608 0.0
-0.000782071205 0.000134696165 0.0
-0.00145804812 0.000418724696 0.0
-0.000108457651 3.44347063e-05 0.0
-0.000538868539 0.000233302053 0.0
-0.00155778578 0.00042757616 0.0
-0.000947685505 0.00046084926 0.0
-0.00123380707 3.21614643e-05 0.0
-0.000347758236 8.56258703e-05 0.0
-0.000882584427 0.000510413141 0.0
-0.00142531795 0.00018293607 0.0
-0.00023688846 9.06409623e-05 0.0
-0.000833256578 0.000436747359 0.0
-0.00105936278 -7.30173415e-05 0.0
-0.000741206517 0.000467459467 0.0
-0.00079464016 0.000568449206 0.0
-0.00108979864 0.000417231582 0.0
-0.000905181165 0.000222486095 0.0
-0.00135604781 0.000402962032 0.0
-0.000695341791 4.25635335e-05 0.0
-2.14074244e-05 9.67804908e-07 0.0
-0.0012857276 0.000406002742 0.0
-0.00159031199 0.000413238537 0.0
-0.00130331761 8.84653946e-06 0.0
-0.000889332034 0.000571755285 0.0
-0.000388389803 0.000142803357 0.0
-0.000794041203 5.29788704e-05 0.0
-0.000579551561 0.000238496592 0.0
-0.00107512309 0.000215388034 0.0
-0.000657284807 0.000112932939 0.0
-0.00136666384 0.000427418767 0.0
-0.000670801499 0.000286381692 0.0
-0.000809590099 0.000575126207 0.0
-0.00102640886 0.000302744098 0.0
-0.000954787945 0.000567281619 0.0
-0.000761712203 0.000333041709 0.0
-0.000438807328 8.8999157e-05 0.0
-0.000799270172 0.000268318166 0.0
-0.000713843619 0.000591867836 0.0
-0.000726928411 0.000121625642 0.0
-0.000651277951 0.000324626977 0.0
-0.000941273523 0.000430435495 0.0
-0.000714264403 0.000302499742 0.0
-5.57749627e-05 -8.66700611e-06 0.0
-0.000307914364 0.000130697415 0.0
