-7.58813258e-05 -0.000177058275 0.0
-6.32023657e-05 -0.000137756593 0.0
0.000309372263 -0.00020200244 0.0
0.000266663061 -0.000183060751 0.0
0.000275092752 -0.000216004119 0.0
-0.000160384981 -0.000183060751 0.0
-0.000117675787 -0.00020200244 0.0
0.000318710489 -0.000301459222 0.0
0.000334323879 -0.00025892249 0.0
0.000284713577 -0.000268843753 0.0
-5.99550767e-05 3.20649742e-05 0.0
-7.55684669e-05 -1.0471781e-05 0.0
0.000200262177 -0.00027265391 0.0
0.000215074542 -0.000266668649 0.0
0.000192069696 -0.000263629801 0.0
-0.000179204406 2.43188078e-05 0.0
-0.000194016771 1.83335287e-05 0.0
-0.000340758736 -6.75581396e-05 0.0
-0.000322702283 -2.91188262e-05 0.0
-7.34975329e-05 -0.000248301803 0.0
-3.83259467e-05 -0.000261170295 0.0
-3.56844612e-05 -0.000217893903 0.0
0.00038872211 -0.000261170295 0.0
0.000353550509 -0.000248301803 0.0
0.000203328207 -0.000255432416 0.0
0.00021710273 -0.000212215498 0.0
3.87999971e-05 -0.000236432432 0.0
6.40821163e-05 -0.000202923664 0.0
-9.5440766e-05 -0.000106561107 0.0
-7.29991152e-05 -7.08901352e-05 0.0
5.00679234e-05 -3.85439853e-05 0.0
3.54736731e-05 -3.36357662e-05 0.0
2.02768661e-05 -5.64777074e-05 0.0
-0.000391574373 -3.36357662e-05 0.0
-0.000376980141 -3.85439853e-05 0.0
0.000131996712 -0.00017121133 0.0
0.000153197092 -0.000124074984 0.0
-3.6180536e-05 -7.96247477e-05 0.0
-1.03687498e-05 -4.68720827e-05 0.0
-1.72254568e-05 -0.000127199572 0.0
1.18845719e-05 -0.000121551027 0.0
-0.000154785972 -0.000172315093 0.0
-0.000135250957 -0.000130991946 0.0
5.63864669e-05 -0.000159323346 0.0
8.82154272e-05 -0.00015716182 0.0
-0.000183572469 -0.000122459795 0.0
-0.000161751334 -6.90007291e-05 0.0
0.000394278963 -0.00029098746 0.0
0.0 0.0 0.0
-0.000427048042 0.0 0.0
-3.27691014e-05 -0.00029098746 0.0
-6.7007044e-05 -0.000178742048 0.0
-5.945066e-05 -0.000178256698 0.0
-5.28602359e-05 -0.000176639587 0.0
-4.73386863e-05 -0.000173797118 0.0
-4.30791224e-05 -0.000170262501 0.0
-3.99981909e-05 -0.000166205282 0.0
-3.96409632e-05 -0.00016060163 0.0
-4.18489071e-05 -0.000153701752 0.0
-4.57042515e-05 -0.000147353465 0.0
-5.06886172e-05 -0.000142656296 0.0
-5.67014758e-05 -0.000139476164 0.0
-6.97873911e-05 -0.000137426206 0.0
-7.60747207e-05 -0.000138370335 0.0
-8.16720421e-05 -0.000140415141 0.0
-8.64436515e-05 -0.000143333833 0.0
-9.05803827e-05 -0.000146821636 0.0
-9.40131649e-05 -0.000150539621 0.0
-9.67452506e-05 -0.000153773814 0.0
-9.97577081e-05 -0.000155658316 0.0
-0.000102019738 -0.000157470145 0.0
-9.60944089e-05 -0.000165357036 0.0
-8.55264516e-05 -0.000172829823 0.0
0.00026121168 -0.000185744881 0.0
0.000257531035 -0.000189912316 0.0
0.000256632833 -0.000194907436 0.0
0.00025801477 -0.000200777809 0.0
0.000261220586 -0.000206587181 0.0
0.00026523514 -0.000211017934 0.0
0.000270102901 -0.000214156054 0.0
0.000280161563 -0.000216450382 0.0
0.000285654358 -0.000215579494 0.0
0.000291557546 -0.000213948515 0.0
0.000296838174 -0.000211543025 0.0
0.000301232067 -0.000208843834 0.0
0.000304955087 -0.000206251105 0.0
0.000307667156 -0.000203801217 0.0
-0.000118888922 -0.000197952468 0.0
-0.000123841528 -0.000191679268 0.0
-0.000130023167 -0.000185466968 0.0
-0.000135891445 -0.000181572046 0.0
-0.000141210767 -0.000179255585 0.0
-0.000145093931 -0.000177961818 0.0
-0.000147103303 -0.000177117079 0.0
-0.000153872577 -0.000179527895 0.0
0.000327371061 -0.000255741616 0.0
0.000320246269 -0.000254138868 0.0
0.000313195516 -0.000254302897 0.0
0.000306107308 -0.000255791208 0.0
0.000299388106 -0.000258318876 0.0
0.000293329213 -0.000261623092 0.0
0.000288243551 -0.000265218318 0.0
0.000281762186 -0.000271875178 0.0
0.000281356653 -0.000276060979 0.0
0.000284393231 -0.000282752386 0.0
0.000289593037 -0.000290153082 0.0
0.000295098202 -0.00029576401 0.0
0.000301645166 -0.000299143081 0.0
0.000309663039 -0.000300834363 0.0
-6.68282446e-05 -9.43870418e-06 0.0
-5.92198048e-05 -7.20257185e-06 0.0
-5.29802201e-05 -3.97994654e-06 0.0
-4.79644186e-05 -7.30255579e-07 0.0
-4.44692087e-05 2.62545814e-06 0.0
-4.25136604e-05 6.18554759e-06 0.0
-4.4121276e-05 1.26990126e-05 0.0
-4.82518517e-05 2.06766963e-05 0.0
-5.36102707e-05 2.73356254e-05 0.0
0.000214812579 -0.000264756411 0.0
0.000213780615 -0.000263294554 0.0
0.000211489241 -0.000262192247 0.0
0.000208133381 -0.00026113863 0.0
0.000204873446 -0.000260045403 0.0
0.000202072173 -0.000259930181 0.0
0.000198888185 -0.000261023641 0.0
0.00019534638 -0.000262490183 0.0
0.000189401602 -0.000264487026 0.0
0.000187300204 -0.000265315815 0.0
0.000185499332 -0.000266164134 0.0
0.000184022487 -0.000267020485 0.0
0.000183653116 -0.000267496449 0.0
0.000185572368 -0.00026839663 0.0
0.00018974868 -0.000269746291 0.0
0.000195135013 -0.000271525496 0.0
-0.000189110666 1.80859279e-05 0.0
-0.000184939738 1.84744276e-05 0.0
-0.00018174162 1.91996241e-05 0.0
-0.000179771523 2.04775843e-05 0.0
-0.00017918479 2.22299768e-05 0.0
-0.000336034165 -6.8471214e-05 0.0
-0.000329143892 -6.79639197e-05 0.0
-0.00032067037 -6.70416193e-05 0.0
-0.000312033721 -6.57438213e-05 0.0
-0.000304459973 -6.37538615e-05 0.0
-0.000298468454 -6.1309569e-05 0.0
-0.000294016034 -5.86252754e-05 0.0
-0.000294036785 -5.36218977e-05 0.0
-0.000298866158 -4.59330186e-05 0.0
-0.000306256698 -3.78049117e-05 0.0
-0.00031432134 -3.23020358e-05 0.0
-0.000330897106 -2.78991902e-05 0.0
-0.000338689133 -2.8256025e-05 0.0
-0.000345429871 -3.00759875e-05 0.0
-0.000350870832 -3.29625946e-05 0.0
-0.000354838732 -3.66644708e-05 0.0
-0.00035697181 -4.10022185e-05 0.0
-0.00035709978 -4.66910169e-05 0.0
-0.000355320604 -5.29855497e-05 0.0
-0.000352426956 -5.85944617e-05 0.0
-0.00034843263 -6.27632107e-05 0.0
-0.00034403248 -6.57099445e-05 0.0
-3.16947117e-05 -0.000259271066 0.0
-2.59370627e-05 -0.000256573694 0.0
-2.14122902e-05 -0.000253273465 0.0
-1.90098272e-05 -0.000248384429 0.0
-1.90399132e-05 -0.000241889531 0.0
-2.0194524e-05 -0.000234884195 0.0
-2.23287025e-05 -0.000228284931 0.0
-2.51562051e-05 -0.000223332623 0.0
-2.89067029e-05 -0.000220043468 0.0
-4.48148603e-05 -0.000216811299 0.0
-5.38084059e-05 -0.000217288645 0.0
-6.17492042e-05 -0.000219402733 0.0
-6.8258596e-05 -0.0002229682 0.0
-7.28338782e-05 -0.000227214303 0.0
-7.64297365e-05 -0.00023115873 0.0
-7.8919591e-05 -0.000234458086 0.0
-8.03968505e-05 -0.000236655716 0.0
-7.89924161e-05 -0.000241144604 0.0
0.000359332829 -0.000254485756 0.0
0.000365391665 -0.000258605782 0.0
0.000371277652 -0.000261102075 0.0
0.000377041462 -0.000262221176 0.0
0.00038278068 -0.000261982845 0.0
0.00021000253 -0.000256086729 0.0
0.000215972614 -0.000255649677 0.0
0.000220888571 -0.000254494575 0.0
0.000224968317 -0.000252479309 0.0
0.000229715064 -0.000249379926 0.0
0.00023452146 -0.000246251118 0.0
0.000238033419 -0.000243017508 0.0
0.000240244975 -0.000239532557 0.0
0.000239071524 -0.000234056351 0.0
0.000234510851 -0.000226782111 0.0
0.000229014244 -0.000220066067 0.0
0.0002231252 -0.000215152584 0.0
0.000211199454 -0.000210867933 0.0
0.000204584634 -0.000211383638 0.0
0.000197449772 -0.000212688756 0.0
0.000190418839 -0.000214814805 0.0
0.000184175646 -0.000217703171 0.0
0.000178933624 -0.000220960254 0.0
0.000176526722 -0.000225369353 0.0
0.000177481896 -0.000231623955 0.0
0.000180451927 -0.000238854875 0.0
0.000184987497 -0.000245381991 0.0
0.000190470615 -0.00025025697 0.0
0.000196632551 -0.000253544014 0.0
4.73966938e-05 -0.000237176762 0.0
5.59858854e-05 -0.000236516324 0.0
6.34542521e-05 -0.000234054271 0.0
6.91981695e-05 -0.000230058766 0.0
7.32660046e-05 -0.000225242664 0.0
7.53918575e-05 -0.000220083399 0.0
7.59120667e-05 -0.000215009684 0.0
7.50484251e-05 -0.000210364145 0.0
7.3180272e-05 -0.000206664365 0.0
7.00681339e-05 -0.000204417767 0.0
5.57757558e-05 -0.000202140567 0.0
4.68319995e-05 -0.00020201919 0.0
3.85349631e-05 -0.000203208372 0.0
3.13506062e-05 -0.000205213 0.0
2.60152538e-05 -0.000208573605 0.0
2.34730651e-05 -0.000212965941 0.0
2.38699668e-05 -0.00021917891 0.0
2.59013468e-05 -0.000225874508 0.0
2.88463871e-05 -0.000231241705 0.0
3.24403336e-05 -0.000234598614 0.0
-9.11244206e-05 -0.000107595595 0.0
-8.45577379e-05 -0.000107543601 0.0
-7.62374984e-05 -0.000106972824 0.0
-6.73023314e-05 -0.00010465263 0.0
-6.07474685e-05 -0.000101156496 0.0
-5.78353647e-05 -9.63834682e-05 0.0
-5.74880905e-05 -8.99482111e-05 0.0
-5.93565201e-05 -8.33896411e-05 0.0
-6.23090891e-05 -7.8908517e-05 0.0
-6.59869183e-05 -7.52050764e-05 0.0
-6.97168725e-05 -7.25364007e-05 0.0
-7.7057899e-05 -7.06174833e-05 0.0
-8.35539904e-05 -7.18060692e-05 0.0
-9.09684168e-05 -7.38492454e-05 0.0
-9.72216003e-05 -7.70316474e-05 0.0
-0.000102123689 -8.08515106e-05 0.0
-0.00010535527 -8.52804587e-05 0.0
-0.000106796055 -9.00535888e-05 0.0
-0.000106478146 -9.47240333e-05 0.0
-0.00010479855 -9.89837572e-05 0.0
-0.000102049933 -0.00010254026 0.0
-9.8641518e-05 -0.00010526782 0.0
2.87435832e-05 -3.35292461e-05 0.0
2.27295404e-05 -3.32424534e-05 0.0
1.76527428e-05 -3.36773082e-05 0.0
1.36896742e-05 -3.44310647e-05 0.0
1.16534366e-05 -3.66420027e-05 0.0
1.28617394e-05 -4.17247902e-05 0.0
1.50876258e-05 -4.74823537e-05 0.0
1.73008702e-05 -5.19109126e-05 0.0
1.83718294e-05 -5.45401308e-05 0.0
2.60369889e-05 -5.78863874e-05 0.0
3.35656914e-05 -5.88169351e-05 0.0
4.01325306e-05 -5.90804884e-05 0.0
4.56292182e-05 -5.84252302e-05 0.0
4.97486872e-05 -5.64282018e-05 0.0
5.18954439e-05 -5.31199694e-05 0.0
5.28259661e-05 -4.87524558e-05 0.0
5.27680204e-05 -4.46101949e-05 0.0
5.17351727e-05 -4.11374349e-05 0.0
-0.000379248057 -3.65818669e-05 0.0
-0.000380597688 -3.53436189e-05 0.0
-0.000382024358 -3.44598047e-05 0.0
-0.000385633874 -3.39382168e-05 0.0
0.000136573159 -0.000171903856 0.0
0.000144227641 -0.000170971034 0.0
0.000153806221 -0.000168749379 0.0
0.000162543773 -0.00016521402 0.0
0.000169693449 -0.000160914627 0.0
0.000174627014 -0.000155842208 0.0
0.000176747169 -0.000150046879 0.0
0.00017589792 -0.000143222656 0.0
0.000173064516 -0.000136197006 0.0
0.000168764353 -0.000130707005 0.0
0.000162149154 -0.000126968182 0.0
0.000143288678 -0.000122735029 0.0
0.000133883164 -0.000122869824 0.0
0.000125321676 -0.000124724538 0.0
0.000118505573 -0.000128206157 0.0
0.000113678798 -0.000132945308 0.0
0.000111350266 -0.000139451382 0.0
0.000111333 -0.00014694476 0.0
0.000113179245 -0.000153935151 0.0
0.000116810341 -0.000160101146 0.0
0.0001219244 -0.000165127582 0.0
0.000127329346 -0.000168913626 0.0
-3.23665154e-05 -8.01268179e-05 0.0
-2.57700758e-05 -7.93234503e-05 0.0
-1.82626063e-05 -7.76625602e-05 0.0
-1.1965607e-05 -7.50178951e-05 0.0
-7.26140115e-06 -7.16277427e-05 0.0
-4.00755607e-06 -6.77445278e-05 0.0
-2.38741404e-06 -6.36842015e-05 0.0
-2.33000173e-06 -5.95342208e-05 0.0
-3.87549971e-06 -5.55709121e-05 0.0
-6.14272403e-06 -5.18534471e-05 0.0
-7.56403733e-06 -4.88482438e-05 0.0
-1.74909983e-05 -4.57527276e-05 0.0
-2.64107239e-05 -4.60496267e-05 0.0
-3.38813879e-05 -4.74540684e-05 0.0
-4.03267877e-05 -5.00926762e-05 0.0
-4.50022562e-05 -5.35594736e-05 0.0
-4.7788697e-05 -5.739068e-05 0.0
-4.90658713e-05 -6.14817764e-05 0.0
-4.82745636e-05 -6.59180732e-05 0.0
-4.60695446e-05 -7.04438717e-05 0.0
-4.277064e-05 -7.45231519e-05 0.0
-3.93087357e-05 -7.76488014e-05 0.0
-1.23701429e-05 -0.000128043452 0.0
-8.32572459e-06 -0.00012808216 0.0
-4.6485975e-06 -0.000127368403 0.0
-1.52366067e-06 -0.000126427738 0.0
1.33088633e-06 -0.000125517632 0.0
3.85790827e-06 -0.000124729704 0.0
6.13043085e-06 -0.000124158745 0.0
8.83539087e-06 -0.000124016136 0.0
1.24585358e-05 -0.000124464583 0.0
1.56955703e-05 -0.000124555547 0.0
2.90303137e-06 -0.000118148513 0.0
-5.69518079e-06 -0.000115910145 0.0
-1.33607164e-05 -0.000114725946 0.0
-1.96313085e-05 -0.000114492628 0.0
-2.39306082e-05 -0.000115258117 0.0
-2.60947545e-05 -0.000118084296 0.0
-2.68901495e-05 -0.000121348501 0.0
-2.7753942e-05 -0.000122691417 0.0
-2.62554349e-05 -0.000123827689 0.0
-2.23377974e-05 -0.000125403705 0.0
-0.000147350598 -0.000173820634 0.0
-0.000141553523 -0.000174294619 0.0
-0.000136738148 -0.000173090055 0.0
-0.00012840268 -0.000167657112 0.0
-0.000122597936 -0.000162301454 0.0
-0.000119034252 -0.000157538379 0.0
-0.000116287323 -0.000153818866 0.0
-0.000113678383 -0.000152054519 0.0
-0.000110637367 -0.000150481472 0.0
-0.000117016818 -0.000142433913 0.0
-0.000126830782 -0.000135248687 0.0
-0.000142760662 -0.000129259497 0.0
-0.000149377156 -0.000128813743 0.0
-0.000154017602 -0.00012857106 0.0
-0.000157954666 -0.000129157677 0.0
-0.000164336729 -0.000138032745 0.0
-0.000168015016 -0.000146408463 0.0
-0.000170047235 -0.000152969442 0.0
-0.000170176383 -0.000158828538 0.0
-0.000169108651 -0.000163651974 0.0
-0.000166593352 -0.000167190738 0.0
-0.000161897799 -0.000169910956 0.0
6.43739986e-05 -0.000162858909 0.0
7.132459e-05 -0.00016551117 0.0
7.75876251e-05 -0.000167271966 0.0
8.30121789e-05 -0.000168724728 0.0
8.74821708e-05 -0.000169582476 0.0
9.06591013e-05 -0.000169839899 0.0
9.21516985e-05 -0.000168738174 0.0
9.19037411e-05 -0.000165459423 0.0
9.08899165e-05 -0.000162059907 0.0
8.9491441e-05 -0.000159751638 0.0
8.83553221e-05 -0.000158199968 0.0
8.76448466e-05 -0.000156720896 0.0
8.37713742e-05 -0.000156762399 0.0
7.84113363e-05 -0.000156573093 0.0
7.37830997e-05 -0.000156380032 0.0
7.01613608e-05 -0.000156822323 0.0
6.72196184e-05 -0.000157614457 0.0
6.52538874e-05 -0.00015818284 0.0
6.32982774e-05 -0.000158304319 0.0
6.0538925e-05 -0.000157963848 0.0
5.66494891e-05 -0.00015702736 0.0
5.32636477e-05 -0.000156831535 0.0
-0.000174658344 -0.000123736754 0.0
-0.00016651371 -0.000123528254 0.0
-0.000159916657 -0.000122589394 0.0
-0.000155660644 -0.000122538884 0.0
-0.000149204774 -0.000115262264 0.0
-0.000144212259 -0.000105173283 0.0
-0.000141116107 -9.68776585e-05 0.0
-0.000139871205 -8.94554396e-05 0.0
-0.000140415155 -8.34926032e-05 0.0
-0.000142350123 -7.89418627e-05 0.0
-0.000147254788 -7.5003838e-05 0.0
-0.000154473062 -7.15976712e-05 0.0
-0.000169090024 -6.85592677e-05 0.0
-0.000177848822 -6.94313349e-05 0.0
-0.000187451413 -7.15031201e-05 0.0
-0.000196421708 -7.43979763e-05 0.0
-0.000204796845 -7.79506881e-05 0.0
-0.000211189748 -8.22096772e-05 0.0
-0.000215961394 -8.63102759e-05 0.0
-0.000218809379 -9.03003747e-05 0.0
-0.000216878063 -9.73390343e-05 0.0
-0.000210074053 -0.000106413987 0.0
-0.000201628427 -0.000114202288 0.0
-0.000192730091 -0.000119523975 0.0
0.000381914811 -0.000278841821 0.0
0.000378309371 -0.000267586351 0.0
0.000258014275 -0.000163083547 0.0
0.00024458929 -0.000154775058 0.0
0.000217855777 -0.000149680753 0.0
0.000187184429 -0.000144734935 0.0
0.00017006445 -0.000139598196 0.0
0.000162742072 -0.000129194523 0.0
0.00015158864 -0.000115118448 0.0
0.000133607129 -9.46539876e-05 0.0
0.000107754408 -7.44853751e-05 0.0
7.85519806e-05 -5.46599076e-05 0.0
5.61455126e-05 -4.30912769e-05 0.0
5.0462233e-05 -3.55175544e-05 0.0
3.41496343e-05 -2.47585231e-05 0.0
1.65966539e-05 -1.23120199e-05 0.0
-2.84918879e-05 1.31631004e-05 0.0
-0.000115086295 5.5635569e-06 0.0
-0.000147641083 1.50919914e-05 0.0
-0.000222011731 2.62112972e-05 0.0
-0.000247304124 4.32162306e-05 0.0
-0.000268505712 5.20928079e-05 0.0
-0.000287054019 5.66200142e-05 0.0
-0.000301123626 5.66359995e-05 0.0
-0.000309338677 5.19051173e-05 0.0
-0.000317400554 4.17313859e-05 0.0
-0.000330362731 3.09109819e-05 0.0
-0.000346868561 2.1812777e-05 0.0
-0.000361561106 1.28381153e-05 0.0
-0.00037238191 -1.89747723e-07 0.0
-0.000376196229 -1.19370516e-05 0.0
-0.000376687123 -1.60443924e-05 0.0
-0.000375888543 -1.45797612e-05 0.0
-0.000382653874 -1.22227457e-05 0.0
-0.000401038764 -8.54021891e-06 0.0
-0.000410451408 -1.23120199e-05 0.0
-0.000392898422 -2.47585231e-05 0.0
-0.000376585813 -3.55175544e-05 0.0
-0.000370902533 -4.30912769e-05 0.0
-0.000348496076 -5.46599076e-05 0.0
-0.000319293642 -7.44853751e-05 0.0
-0.000293440913 -9.46539876e-05 0.0
-0.000275459402 -0.000115118448 0.0
-0.000264305971 -0.000129194523 0.0
-0.000256983592 -0.000139598196 0.0
-0.000239863628 -0.000144734935 0.0
-0.000209192265 -0.000149680753 0.0
-0.000182458767 -0.000154775058 0.0
-0.000169033767 -0.000163083547 0.0
-4.87386897e-05 -0.000267586351 0.0
-4.51332453e-05 -0.000278841821 0.0
-6.75980982e-06 -0.000299527659 0.0
1.16250767e-05 -0.000303210196 0.0
1.83903976e-05 -0.000305567199 0.0
1.75918267e-05 -0.000307031849 0.0
1.80827301e-05 -0.000302924513 0.0
2.18970436e-05 -0.000291177188 0.0
3.27178495e-05 -0.000278149324 0.0
4.74103908e-05 -0.000269174663 0.0
6.39162099e-05 -0.000260076456 0.0
7.68784084e-05 -0.00024925606 0.0
8.49402713e-05 -0.000239082336 0.0
9.31553368e-05 -0.00023435145 0.0
0.000107224936 -0.000234367442 0.0
0.000125773222 -0.000238894645 0.0
0.000146974824 -0.000247771211 0.0
0.000172267217 -0.000264776143 0.0
0.000246637879 -0.000275895465 0.0
0.000279192667 -0.000285423885 0.0
0.000365787069 -0.000277824351 0.0
6.83707767e-05 -0.000198692011 0.0
-0.00022547174 -3.50545997e-05 0.0
7.77005625e-05 -0.000215611959 0.0
-0.000202914904 -2.06345903e-05 0.0
9.8871933e-05 -0.000201182935 0.0
1.02532713e-05 -0.00016533173 0.0
0.000130969143 -0.000229802114 0.0
-0.000154341891 -3.08141389e-05 0.0
-0.000144607999 -0.000176323592 0.0
-0.000193701766 -6.23086235e-05 0.0
-8.21039939e-05 -0.000113269183 0.0
0.000181768744 -0.000189298444 0.0
-0.000286635215 -8.28120028e-05 0.0
-6.62019843e-08 -0.000110007037 0.0
-0.000239853893 -0.000111870308 0.0
-0.0002898846 -4.02429077e-06 0.0
2.22399285e-05 -0.000183037773 0.0
-0.000110004054 -3.4576562e-05 0.0
6.62377206e-05 -0.000117852804 0.0
0.000322061213 -0.000240578884 0.0
-3.45970584e-05 -0.000111804562 0.0
4.54062611e-05 -0.000167712467 0.0
0.000118357137 -0.000216599336 0.0
-0.000256621192 -4.19253593e-05 0.0
-9.76825831e-05 -0.000188456746 0.0
-0.000174904533 -5.89518822e-05 0.0
-0.000249719131 6.97572159e-06 0.0
2.16548233e-05 -0.000181904223 0.0
0.000275322993 -0.000232228194 0.0
-0.000206965837 -3.19146835e-07 0.0
4.09016175e-05 -0.000110333414 0.0
5.16639957e-05 -9.86478844e-05 0.0
0.00011000524 -0.000242936032 0.0
-0.0001587429 -4.69536171e-05 0.0
-2.53122926e-05 -0.00014647629 0.0
5.05501248e-06 -0.000118631287 0.0
6.31859002e-05 -0.000108500346 0.0
0.0001280742 -0.000241361951 0.0
-8.02939394e-06 -0.000167021193 0.0
0.000128591375 -0.000211532024 0.0
-5.91024545e-05 -0.000123692749 0.0
6.71562811e-05 -0.00017565857 0.0
8.47646879e-05 -0.000212433966 0.0
-0.000116185853 -1.10585279e-05 0.0
6.66142369e-05 -0.000189953382 0.0
-0.00024639981 -5.44452196e-05 0.0
-0.000108655731 -2.48795623e-05 0.0
-0.000228951787 -0.000136520524 0.0
-0.000114545022 -4.76450732e-05 0.0
0.000204858297 -0.000190769468 0.0
0.000171182866 -0.000243285729 0.0
0.000220270129 -0.000204485594 0.0
-0.000278103602 1.25290344e-05 0.0
-7.3195959e-05 -9.77698146e-05 0.0
-0.000154260051 -8.09602716e-05 0.0
-4.39297446e-06 -4.47405819e-06 0.0
-4.68700564e-05 -9.8772347e-05 0.0
0.000140757911 -0.000174862405 0.0
-0.000320389459 -5.01773684e-07 0.0
-0.000278652122 -8.95251287e-05 0.0
-0.000161723074 -5.74207879e-05 0.0
-0.000239270899 1.64212888e-05 0.0
3.16167389e-05 -0.000125798018 0.0
-2.68059284e-05 -8.91723539e-05 0.0
-0.000234633393 -0.000102053134 0.0
-0.000213223902 -2.67852283e-05 0.0
-8.06082608e-05 -6.14279124e-05 0.0
-8.56210536e-05 -1.87084643e-05 0.0
1.90174887e-05 -0.000244689203 0.0
-0.000202693496 -0.000130284097 0.0
-0.000110584253 -2.2045755e-05 0.0
0.000143533936 -0.000223396564 0.0
-0.000328156515 -6.68584544e-05 0.0
-0.000290766911 -2.76439296e-05 0.0
0.000147308208 -0.000183423035 0.0
-0.0002547474 -9.05549459e-05 0.0
-0.000153260364 -7.72541825e-05 0.0
6.54513206e-05 -0.000209263788 0.0
0.000256416737 -0.000217742199 0.0
0.000158702533 -0.000234226303 0.0
-0.000104112209 -0.000128662767 0.0
3.1953452e-05 -0.000181322699 0.0
9.66225416e-05 -8.06119133e-05 0.0
-0.00011840681 -0.000115572089 0.0
-0.000150354768 -1.7468079e-05 0.0
-1.71083757e-05 -0.000212711457 0.0
1.68701463e-05 -0.00015334574 0.0
0.000332566648 -0.000252443133 0.0
-0.000110763154 -0.000201785515 0.0
-7.70146871e-05 -0.00019890882 0.0
-0.000190364313 -4.99596354e-06 0.0
-3.77770666e-05 -0.00013769517 0.0
-1.36027966e-05 -3.12224438e-05 0.0
-2.27602013e-05 -0.000156594266 0.0
9.10956805e-05 -0.000146412916 0.0
-4.36508853e-05 -0.000130021683 0.0
3.38408572e-05 -0.000143981524 0.0
0.000105438674 -0.000215004664 0.0
-0.000204926473 -5.00599745e-05 0.0
-7.35685126e-06 -0.000167544655 0.0
5.01449949e-06 -0.000101154299 0.0
-0.000134642745 -5.60847293e-05 0.0
-0.000136744857 -0.000172902946 0.0
1.88654922e-05 -0.000127758511 0.0
0.000331531744 -0.000231998667 0.0
-0.00011759912 -0.000180348099 0.0
-3.25265319e-05 -9.3056573e-05 0.0
-0.000193721819 -6.41271617e-05 0.0
-1.13181522e-06 -0.000175002904 0.0
-0.000367196189 -4.52277709e-05 0.0
-0.000262765359 -2.45061419e-05 0.0
0.000252553786 -0.000273585669 0.0
0.000257787993 -0.000239530913 0.0
0.000293379067 -0.000243592047 0.0
0.000294982106 -0.00022780092 0.0
0.000134463451 -0.000227283919 0.0
3.80800993e-05 -9.66058724e-05 0.0
4.32373672e-05 -0.000194963708 0.0
-0.00015162307 -0.000178615737 0.0
-9.60053221e-05 -0.000173131237 0.0
0.000220569098 -0.000198938287 0.0
7.24643614e-05 -0.000106387837 0.0
2.29563502e-05 -0.000136164279 0.0
8.62102825e-05 -0.000201948307 0.0
-0.000318892882 -6.9083937e-05 0.0
-5.22261362e-05 -0.000110838751 0.0
-0.000103773957 -0.00010740025 0.0
0.000138191535 -0.000253586419 0.0
0.000118153483 -0.000250238227 0.0
-0.000146678809 -0.000176715708 0.0
-3.71472161e-05 -0.000109153669 0.0
5.41923364e-05 -0.000196802139 0.0
8.97313657e-05 -0.000191536776 0.0
-0.000264824223 -0.000109628891 0.0
6.30236464e-05 -0.000130151937 0.0
4.37613344e-05 -0.000176249552 0.0
-1.58190378e-05 -0.000164179321 0.0
8.92154203e-05 -0.000132705987 0.0
-0.000212446248 -0.00011373467 0.0
0.000154688081 -0.000247606105 0.0
-0.000308333489 1.36722065e-05 0.0
-0.00027660653 -4.5170862e-05 0.0
-8.48666241e-05 -0.000130495217 0.0
3.75688651e-05 -8.92055177e-05 0.0
-0.000252222526 -7.33581328e-06 0.0
-7.59262475e-05 -5.06538599e-05 0.0
2.27193541e-05 -6.878563e-05 0.0
-0.00026175828 -6.03309454e-05 0.0
-0.000310712669 -1.75028435e-05 0.0
-0.000186337449 -2.47080243e-05 0.0
-0.000355441123 -5.64984512e-05 0.0
-0.000238549386 2.56279891e-05 0.0
-0.000220000104 -5.09678503e-05 0.0
-0.000230838574 -0.000149168234 0.0
-0.000138867152 -1.25248762e-05 0.0
-6.80833182e-05 -9.20283201e-05 0.0
8.16942047e-05 -0.000124499129 0.0
0.000191262297 -0.000199898714 0.0
-6.17465485e-05 -2.77083982e-05 0.0
3.79068188e-05 -8.91475866e-05 0.0
0.000256574713 -0.000275185186 0.0
0.000140313365 -0.000208764293 0.0
0.000131341221 -0.000174011686 0.0
6.99784578e-05 -0.000183450742 0.0
-0.000376429205 -3.49344373e-05 0.0
2.57032243e-05 -0.000147533792 0.0
8.77635375e-06 -0.000260296132 0.0
0.000222587812 -0.00018615849 0.0
8.31501166e-05 -0.000230600883 0.0
-3.97222248e-05 -0.000206241282 0.0
1.28907723e-05 -9.39129895e-05 0.0
8.01516435e-05 -6.08198498e-05 0.0
-6.23228407e-05 -0.00020036874 0.0
0.000343919965 -0.000259612687 0.0
0.000167781822 -0.000236401436 0.0
-0.000140009186 -7.98219335e-05 0.0
2.21800092e-05 -0.000180683972 0.0
-0.000297183753 -8.12537401e-05 0.0
0.000109933819 -0.000226741278 0.0
-0.000114529808 -2.63817105e-06 0.0
0.000233968196 -0.000212382482 0.0
0.000350503018 -0.000258913875 0.0
-1.30210594e-06 -0.000144386067 0.0
-1.13440547e-05 1.61008336e-06 0.0
0.000190351231 -0.000251987803 0.0
-3.41369487e-05 -2.99327894e-05 0.0
0.000355735305 -0.000266370131 0.0
-9.02561515e-05 -0.000206173951 0.0
4.4595603e-05 -0.000248251803 0.0
0.000250757876 -0.000210654165 0.0
-0.000275211409 2.82716628e-05 0.0
0.00021040409 -0.000257734733 0.0
-0.000232381935 -9.96934541e-05 0.0
0.0002205286 -0.000159628762 0.0
-0.000202476804 -0.000141184282 0.0
3.32352429e-05 -0.00018946483 0.0
-8.30815916e-05 -0.00018506452 0.0
-0.000101250145 -0.000101002763 0.0
0.000341779873 -0.00024638293 0.0
0.000169385312 -0.000180741597 0.0
0.00011605896 -0.000211907638 0.0
-0.000188342645 -4.02274054e-05 0.0
-0.000341715349 1.86596353e-07 0.0
-5.0331586e-05 -0.000113341885 0.0
-0.000225963158 -6.60930891e-06 0.0
0.000106941967 -0.000235788364 0.0
0.000279448141 -0.000220803617 0.0
-2.33757437e-05 -0.000100005971 0.0
0.000134227113 -0.000185990444 0.0
-0.000210379876 1.02861231e-05 0.0
0.000129275504 -0.000227035955 0.0
-0.000263932539 3.07729424e-05 0.0
4.07899643e-05 -0.00014406367 0.0
-0.000143289435 -8.9587571e-05 0.0
0.000310837931 -0.000249180273 0.0
-0.000118858617 -0.000123894482 0.0
6.14800956e-05 -0.000203464064 0.0
-0.000177574213 -2.00239538e-05 0.0
-0.000215186024 -1.68569363e-06 0.0
-0.000202588039 -4.32798479e-05 0.0
-0.00013204843 -3.37934471e-05 0.0
8.82793975e-05 -8.8680732e-05 0.0
0.000159801843 -0.000229305399 0.0
0.000309748924 -0.000226723481 0.0
8.25389907e-06 -0.000228913326 0.0
-0.000136413815 -8.78520441e-05 0.0
-0.000220103364 -5.50136283e-05 0.0
2.20906295e-05 -1.91680574e-05 0.0
8.0041209e-05 -0.000104726976 0.0
-3.0608091e-05 -0.000274809747 0.0
0.000249461125 -0.000225593481 0.0
-1.98866874e-05 -0.000161838427 0.0
-4.60356714e-05 -0.000144191683 0.0
-0.000353280571 -5.07479817e-05 0.0
-9.66848311e-05 -0.000104613588 0.0
0.000180710093 -0.000243350631 0.0
-0.000176980306 -4.05577339e-05 0.0
0.000123491176 -0.000247000688 0.0
5.09153288e-05 -0.000132880683 0.0
-2.40304125e-05 -1.64628275e-07 0.0
5.39031789e-05 -0.000158575494 0.0
-4.57721471e-05 -0.000100623998 0.0
-0.000290633063 -3.62943065e-05 0.0
0.000345541834 -0.000259283232 0.0
-0.000148572013 5.20220374e-06 0.0
-3.37881975e-05 -9.69510147e-05 0.0
0.00025409105 -0.000280149252 0.0
-0.00027158577 -8.6193686e-06 0.0
5.8700407e-05 -0.000204174765 0.0
-9.24975757e-05 -7.02839543e-06 0.0
-6.68929442e-06 -0.000197709654 0.0
-0.000131904628 -6.82999162e-05 0.0
-0.000241175512 -3.66904205e-05 0.0
-0.000238836117 -8.89596267e-05 0.0
0.000229619793 -0.000262508285 0.0
4.0523395e-05 -0.000141667158 0.0
7.85690063e-05 -0.000221065144 0.0
-7.28149098e-05 -0.000133678972 0.0
-5.09866695e-05 -2.59139833e-05 0.0
0.000124151091 -0.00016481377 0.0
7.74510263e-05 -0.000236343796 0.0
4.35893526e-06 -5.32068188e-05 0.0
-0.000298929604 2.6451813e-05 0.0
-0.000110807079 -0.000211151477 0.0
-0.000112001566 -0.000139500728 0.0
-0.000137354975 -0.000115791008 0.0
0.000143149693 -0.000258565851 0.0
-9.52860719e-05 -4.89056947e-05 0.0
4.57912174e-05 -8.15998719e-05 0.0
-4.70518389e-05 -7.33785273e-05 0.0
0.000277323066 -0.000246791635 0.0
0.000127171486 -0.000236696287 0.0
-0.000311716722 -7.40820396e-05 0.0
5.27605989e-05 -0.000188008547 0.0
0.000119771801 -9.79322722e-05 0.0
8.61941953e-05 -0.000225511845 0.0
0.000251378049 -0.000277886487 0.0
-1.18772032e-05 -0.000138005489 0.0
0.000132318703 -0.000225169017 0.0
-6.79560762e-05 -0.000100413796 0.0
-9.78079916e-05 -6.06006033e-05 0.0
6.73219802e-06 -5.11039398e-05 0.0
0.00025285501 -0.000246216456 0.0
-0.000352050527 -5.20627327e-05 0.0
-3.58030957e-05 -0.000152208537 0.0
0.000106243817 -0.000202585288 0.0
0.000338026468 -0.000228895355 0.0
-1.38939049e-05 -8.9790934e-05 0.0
-4.04797829e-05 -0.00011034849 0.0
-5.212818e-05 -7.37969676e-05 0.0
-0.00013298307 -0.000172296292 0.0
-0.000127223568 -0.000177825423 0.0
-6.61687009e-05 -7.2730596e-05 0.0
-0.000375716452 -3.01607306e-05 0.0
4.04597231e-05 -3.04969726e-05 0.0
-1.34679476e-06 -0.000155294605 0.0
-1.27433095e-05 -2.33580413e-05 0.0
-0.000177305425 -0.000132131128 0.0
-5.52947677e-05 -0.000135767448 0.0
0.000156201335 -0.000253466336 0.0
-0.000224440912 -0.000126717801 0.0
-0.000362720893 -4.63031465e-05 0.0
0.000113742914 -0.000222757037 0.0
-0.000251948397 -0.000128404601 0.0
0.000214658576 -0.000254909013 0.0
-0.00016543227 -0.000134874877 0.0
-9.10156086e-05 -3.61622006e-05 0.0
-3.04962414e-05 -9.50789326e-05 0.0
-0.000156915674 -3.87489708e-05 0.0
-1.12365615e-05 -0.000175027628 0.0
-6.66201595e-06 -0.000226226504 0.0
-1.18624416e-06 -0.000267015421 0.0
-4.20516517e-06 -0.000111122579 0.0
-3.49939073e-05 -0.000123395832 0.0
-0.000176816815 -2.90927801e-06 0.0
-8.72387754e-05 -3.05062586e-05 0.0
-0.000117324314 -9.69615139e-05 0.0
0.000154682144 -0.000235700834 0.0
-0.000130366403 -8.41317888e-06 0.0
3.00589932e-07 -0.000114034912 0.0
0.000179377254 -0.000186750593 0.0
-0.00026224865 -9.20950624e-05 0.0
-9.548253e-05 -3.14371027e-05 0.0
-0.000214161788 -0.00015646391 0.0
4.97669498e-05 -0.000162931887 0.0
0.000244600233 -0.000215076303 0.0
8.64542926e-06 -0.000170538042 0.0
-0.000285657588 -9.19059094e-05 0.0
7.79519032e-05 -9.35320932e-05 0.0
0.000162402444 -0.000252604863 0.0
0.000140438337 -0.00020606711 0.0
8.60287109e-05 -0.00019756089 0.0
0.000101813668 -0.000227889861 0.0
-0.000366008404 -3.08384515e-05 0.0
0.000236813765 -0.000199102811 0.0
0.000104057355 -0.000158319686 0.0
-8.6996755e-07 -5.09771489e-05 0.0
0.000249630248 -0.000213144071 0.0
9.16546996e-05 -0.000133872047 0.0
8.39912391e-05 -0.000223076844 0.0
8.57522682e-05 -0.000125314065 0.0
0.000174727247 -0.000250520941 0.0
-0.000366331631 -2.63764196e-05 0.0
0.000109494686 -0.000195261659 0.0
9.90139597e-05 -0.000223092415 0.0
-9.52345945e-05 -0.000166292724 0.0
0.000214752174 -0.000145241866 0.0
0.000133933165 -0.000236722262 0.0
-5.89398041e-05 -7.64681681e-05 0.0
0.000107883199 -0.000220225906 0.0
6.54672913e-05 -0.000112277456 0.0
-0.000116135823 -6.03344051e-05 0.0
-0.000230225924 -2.27824094e-05 0.0
-0.000368581881 -2.72495436e-05 0.0
-0.000224409465 -6.48220666e-05 0.0
0.00020828993 -0.000258841756 0.0
1.05844993e-05 -5.20830545e-05 0.0
7.96253225e-05 -0.00022903044 0.0
8.17104519e-05 -0.000207145174 0.0
-7.29173044e-05 -0.000119616627 0.0
-0.000140117219 -5.05654634e-06 0.0
-0.000109666136 -0.000174431421 0.0
7.48336097e-05 -0.000235909654 0.0
-0.000121604433 -0.000189579761 0.0
7.8395642e-05 -0.000139536365 0.0
-0.000102197009 -9.13504555e-05 0.0
-5.47973286e-06 -4.41578704e-05 0.0
-0.000289111544 7.98381097e-06 0.0
-0.000197357076 8.83156372e-06 0.0
-0.000210753016 -0.000111173453 0.0
4.48313294e-05 -0.000189707673 0.0
-6.56727134e-05 -6.32718802e-05 0.0
-5.98324696e-05 -7.71690029e-05 0.0
-0.000249105418 -0.00010168297 0.0
0.000179701179 -0.000242869472 0.0
-0.000134839196 -4.27117084e-05 0.0
-0.000170001353 -7.56230729e-05 0.0
0.000112978676 -0.000165548976 0.0
-4.57047026e-05 -0.00010879706 0.0
2.79411506e-05 -0.000113747163 0.0
-0.000227135621 2.28091521e-05 0.0
0.000239588175 -0.000206632045 0.0
8.64133544e-05 -0.000217045337 0.0
1.97336321e-05 -7.34819841e-05 0.0
-0.000107732296 -2.8632121e-05 0.0
0.00010459117 -0.00015021734 0.0
3.12258453e-05 -0.000259553286 0.0
8.46025068e-06 -0.000225186115 0.0
7.24795973e-05 -6.3684347e-05 0.0
-0.000269264536 -3.23309578e-05 0.0
-7.7095021e-05 -4.66593083e-05 0.0
-0.000148867359 -0.000178707458 0.0
-4.45712703e-06 -0.000229865851 0.0
9.81551057e-06 -5.44431641e-05 0.0
0.000126520361 -0.000214243351 0.0
0.000208330152 -0.000207278121 0.0
-0.000202059804 -0.000150287538 0.0
-2.79417873e-05 8.92880144e-06 0.0
-0.000263977214 -0.000100519545 0.0
-0.000165561491 -1.73813951e-05 0.0
6.05798778e-05 -0.000182455959 0.0
-9.58520177e-05 -0.000216198358 0.0
-0.000134636633 -7.63563366e-05 0.0
-0.000244429568 -4.92242907e-05 0.0
-0.000292841403 -8.09600824e-05 0.0
7.08000443e-05 -0.000175188427 0.0
6.76255877e-06 -1.3712599e-05 0.0
-0.000329571572 1.39124922e-05 0.0
-3.26526133e-05 -0.000153802335 0.0
8.55345206e-05 -0.000191109648 0.0
-0.000352716655 -9.34284708e-06 0.0
2.9927538e-05 -0.000140845092 0.0
-0.000165290723 -7.39275565e-05 0.0
1.25924225e-05 -0.000113879563 0.0
-0.000369786227 -2.36402029e-05 0.0
-0.000174847752 -6.32415395e-05 0.0
0.000262332789 -0.00026883508 0.0
-1.22997844e-05 -0.000181776035 0.0
-3.81565478e-05 -0.000151376895 0.0
-2.94539132e-05 -0.000132365691 0.0
5.11254584e-05 -0.000143616504 0.0
1.13663045e-05 -1.13025208e-05 0.0
-4.34847279e-05 -8.53652964e-05 0.0
-0.000126009123 -9.02357933e-05 0.0
-0.000136110713 4.4821204e-06 0.0
0.000214486048 -0.000174784334 0.0
5.32269987e-05 -0.000113520342 0.0
1.84594501e-05 -0.00018105717 0.0
8.6610562e-05 -0.000225827869 0.0
0.000351138704 -0.00025528844 0.0
2.66390871e-05 -8.02305804e-05 0.0
-2.10131238e-05 -9.70620677e-05 0.0
-0.000259575085 3.67671964e-05 0.0
-0.000128052037 -9.41159524e-05 0.0
0.000275172584 -0.000215711698 0.0
-0.000184517208 -0.000158121882 0.0
-8.20070709e-05 -0.000105412364 0.0
3.49284528e-05 -0.00013498067 0.0
-0.000309008581 -2.8927363e-05 0.0
0.00020349001 -0.000197365327 0.0
0.00013374284 -0.00019496966 0.0
-7.61759075e-05 -1.53587189e-05 0.0
-0.000291109667 3.29236136e-05 0.0
-0.000330045092 -1.29835453e-05 0.0
-9.7594595e-05 -0.000115110517 0.0
0.000158493451 -0.00012982561 0.0
-3.2140073e-05 -0.000192717489 0.0
0.000293569115 -0.00021988379 0.0
-4.76529094e-05 -7.95476226e-05 0.0
2.79704363e-05 -0.00017477425 0.0
-0.00014557963 -0.00011844049 0.0
1.8384073e-05 -8.62119923e-05 0.0
-0.000222896488 -0.000101415775 0.0
-5.24069837e-05 -0.000140344404 0.0
0.000118580858 -0.000172656146 0.0
-0.000180683608 -6.41750376e-05 0.0
-0.0001534115 -5.78440267e-05 0.0
0.000190847641 -0.000177772599 0.0
-0.000397422147 -1.72629752e-05 0.0
0.000167509948 -0.000131925844 0.0
-0.000100492944 -0.000161204036 0.0
0.000261018111 -0.000256157888 0.0
0.000366116205 -0.000275190541 0.0
-0.000270693999 -6.06483627e-05 0.0
-0.00012382878 -0.000104503459 0.0
-0.000263010443 1.00415245e-05 0.0
0.000302386878 -0.000236551772 0.0
-2.7088643e-05 -8.2141225e-05 0.0
0.000157570335 -0.00018178008 0.0
0.000348466827 -0.000244792725 0.0
0.000218617773 -0.000169234918 0.0
-0.000368471665 -4.25066391e-05 0.0
-8.71672964e-05 -0.000194234919 0.0
7.36884613e-05 -8.17545224e-05 0.0
-0.00016307694 -6.17258993e-05 0.0
-6.64274048e-05 -3.71357601e-05 0.0
-1.06796788e-05 -0.000285051909 0.0
2.15739637e-05 -0.000164097582 0.0
-7.40897012e-05 -0.000115531147 0.0
-0.000304513698 -6.06550611e-06 0.0
-0.000356778997 -5.18217712e-05 0.0
0.000159013391 -0.000129901018 0.0
-0.000284959795 -4.68270628e-05 0.0
5.58539869e-05 -0.000202935815 0.0
-0.000285367278 -1.75332061e-05 0.0
-8.79772342e-05 -0.000121173325 0.0
-0.000137968353 -9.15821147e-05 0.0
0.000111146248 -0.00010247952 0.0
-0.000110472763 -0.000144859107 0.0
-0.000299249921 -7.88470206e-05 0.0
0.000170004612 -0.000195175802 0.0
-5.47109676e-06 -0.000190209612 0.0
3.8072707e-05 -0.000144199905 0.0
0.000357955752 -0.000262009562 0.0
8.81274809e-06 -0.000140560674 0.0
-7.86096643e-05 -4.40814001e-05 0.0
0.00015113785 -0.000239574918 0.0
0.000167653212 -0.00023565731 0.0
-0.0002482532 -2.20827569e-05 0.0
0.000147553088 -0.000172955464 0.0
-8.40773573e-05 -6.74830662e-05 0.0
-0.000275703787 -8.09137273e-05 0.0
6.33803356e-05 -0.000244182243 0.0
-0.000109049215 -0.000190824227 0.0
-5.28169439e-05 -0.000197820904 0.0
-0.000216203392 -0.000120579753 0.0
0.000321903819 -0.000255557796 0.0
0.000247646531 -0.00021138294 0.0
3.26693407e-05 -0.000238107765 0.0
-0.000121805722 -0.000195796936 0.0
-0.000192596723 -0.000123531252 0.0
0.000169139705 -0.000187515674 0.0
6.23262281e-07 -0.000240734007 0.0
-2.61688147e-05 -0.000288289099 0.0
2.82261608e-05 -0.000138476695 0.0
0.000276921317 -0.000286195631 0.0
-0.000192483567 -4.41447446e-05 0.0
-7.001216e-05 -0.000187354948 0.0
-2.07117682e-05 -7.26541384e-06 0.0
8.54985774e-05 -0.000133529713 0.0
-7.22534096e-05 -0.000212665705 0.0
0.000149940781 -0.000229116267 0.0
-0.000267906551 -8.90725569e-05 0.0
-0.000146794468 2.50312291e-06 0.0
0.000267643773 -0.000264390634 0.0
-0.00024269188 -0.000122649988 0.0
0.000111284331 -8.31785801e-05 0.0
0.00016077148 -0.000225879965 0.0
-0.000366168417 -1.7259732e-05 0.0
0.000236223728 -0.000214762549 0.0
0.00026011208 -0.000256464642 0.0
9.04510671e-05 -0.000206899625 0.0
-9.57824232e-05 -9.54449279e-05 0.0
-9.94391085e-05 -0.000139304204 0.0
-0.000244242139 1.15605244e-05 0.0
-5.66833614e-06 5.66197002e-07 0.0
4.75053821e-06 -0.000174392873 0.0
-3.12719203e-05 -0.000217398512 0.0
-0.000324193097 -6.93835609e-05 0.0
0.000193315645 -0.000249726087 0.0
0.000136396557 -0.000109689601 0.0
-0.00023422706 -1.12282059e-05 0.0
-4.88194928e-06 -8.71233206e-05 0.0
-0.000166797516 -0.000129194232 0.0
-0.000221305978 -2.898101e-06 0.0
4.87291945e-05 -0.000196741865 0.0
-6.02589171e-06 -0.000101169579 0.0
0.000267091818 -0.000263153983 0.0
3.11978947e-05 -0.000162162149 0.0
0.000213889231 -0.000256708066 0.0
3.86962602e-05 -0.000142700606 0.0
-0.000161929944 -3.46074057e-06 0.0
3.3854627e-05 -0.000146949926 0.0
0.000273347192 -0.0002529638 0.0
-0.000207837584 -2.37387612e-05 0.0
0.000118319818 -0.000162510813 0.0
0.00014290183 -0.000224514311 0.0
1.69451978e-05 -0.000123750389 0.0
-3.60260528e-05 1.65488837e-05 0.0
-0.000123652033 -1.19096967e-05 0.0
