-8.66372502e-05 3.66951317e-05 0.0
-8.98936632e-05 1.09252633e-05 0.0
-9.40010141e-05 1.88465128e-05 0.0
-8.09567136e-05 2.66956449e-05 0.0
-0.000199079775 4.62001808e-05 0.0
-0.000183825308 4.37093913e-05 0.0
-0.000170921499 4.21015502e-05 0.0
-0.000182043965 5.78585496e-05 0.0
-5.54718936e-05 4.21015502e-05 0.0
-6.83757025e-05 4.37093913e-05 0.0
-8.3630177e-05 4.62001808e-05 0.0
-0.000246665964 7.80202899e-05 0.0
-0.000249186996 6.1982224e-05 0.0
-0.000250792247 4.55239242e-05 0.0
-0.000218334462 5.8703612e-05 0.0
1.82786462e-05 -1.98391754e-05 0.0
1.98839025e-05 -3.38087671e-06 0.0
2.24049363e-05 1.26571867e-05 0.0
-0.000206728932 7.20015814e-05 0.0
-0.000209138016 6.71073067e-05 0.0
-0.000211276245 6.15652025e-05 0.0
-0.000190345643 6.63573446e-05 0.0
5.77946594e-05 -3.7978989e-06 0.0
5.99328778e-05 1.74420427e-06 0.0
6.23419619e-05 6.63848095e-06 0.0
6.46097542e-05 1.76778631e-05 0.0
6.06331705e-05 -9.96527706e-06 0.0
5.61516463e-05 5.56217401e-07 0.0
6.77998396e-05 1.08483782e-05 0.0
-0.000109970075 5.94719822e-05 0.0
-0.000124010403 6.12148797e-05 0.0
-0.000136260031 6.24056411e-05 0.0
-0.000128528467 3.20943327e-05 0.0
-0.000251709629 6.24056411e-05 0.0
-0.000239460001 6.12148797e-05 0.0
-0.000225419673 5.94719822e-05 0.0
-0.000177068563 7.02094185e-05 0.0
-0.000179560302 3.93269838e-05 0.0
-0.000183805663 4.87870675e-05 0.0
-0.000173407752 6.06874783e-05 0.0
-0.000153710585 4.70945779e-05 0.0
-0.000160334719 2.91285251e-05 0.0
-0.000163659861 3.72377799e-05 0.0
-0.000150105436 3.69214649e-05 0.0
-2.56216554e-05 2.59154112e-05 0.0
-2.93078119e-05 8.83367738e-06 0.0
-3.25681576e-05 2.08879737e-05 0.0
-2.29431098e-05 1.46618077e-05 0.0
-5.39129942e-05 -1.43572985e-08 0.0
-4.62802673e-05 -3.07455963e-07 0.0
-3.92390612e-05 -6.38982726e-07 0.0
-4.16973817e-05 1.69053219e-05 0.0
-4.96578723e-05 5.7889024e-06 0.0
-3.88046101e-05 7.21389961e-06 0.0
7.6210541e-05 -6.38982726e-07 0.0
6.91693349e-05 -3.07455963e-07 0.0
6.1536608e-05 -1.43572985e-08 0.0
-0.000113053851 4.75672205e-05 0.0
-0.000118468372 2.15669115e-05 0.0
-0.000124105965 3.40197657e-05 0.0
-0.000107291547 3.69008194e-05 0.0
-3.06925867e-05 2.4565692e-05 0.0
-3.51212584e-05 7.62993204e-06 0.0
-3.81878854e-05 1.7998309e-05 0.0
-2.59423432e-05 1.4831171e-05 0.0
-7.2120587e-05 2.98890736e-05 0.0
-8.05986492e-05 2.01105431e-05 0.0
-8.08016775e-05 2.33006631e-05 0.0
-6.92085159e-05 2.55284231e-05 0.0
-4.79331393e-05 4.50513762e-05 0.0
-5.3086711e-05 1.58704988e-05 0.0
-5.07432451e-05 3.79705707e-05 0.0
-5.1450621e-05 2.45473984e-05 0.0
-9.58442542e-05 4.0220566e-05 0.0
-0.00010459953 3.39332437e-05 0.0
-0.000105709572 3.80218298e-05 0.0
-9.6880518e-05 3.86302418e-05 0.0
-1.15502089e-05 2.67857758e-05 0.0
-1.66662976e-05 -4.93961443e-06 0.0
-2.33512001e-05 5.01292834e-06 0.0
-3.65556002e-06 1.19581146e-05 0.0
-0.000269070908 6.53630996e-05 0.0
0.0 0.0 0.0
0.000115449599 0.0 0.0
-0.000153621295 6.53630996e-05 0.0
-9.19494705e-05 3.67658249e-05 0.0
-9.66718508e-05 3.56320779e-05 0.0
-0.000100667938 3.38827231e-05 0.0
-0.000103746053 3.1618627e-05 0.0
-0.000105799438 2.88994997e-05 0.0
-0.0001069067 2.58564269e-05 0.0
-0.000106607724 2.23336356e-05 0.0
-0.000104906852 1.85796198e-05 0.0
-0.000102077414 1.52644116e-05 0.0
-9.85047664e-05 1.28947186e-05 0.0
-9.43454215e-05 1.14376635e-05 0.0
-8.54195241e-05 1.1390659e-05 0.0
-8.12088838e-05 1.26495434e-05 0.0
-7.75987282e-05 1.454215e-05 0.0
-7.47831291e-05 1.67947073e-05 0.0
-7.28463274e-05 1.93315209e-05 0.0
-7.1749746e-05 2.19688282e-05 0.0
-7.13004993e-05 2.44408402e-05 0.0
-7.12020119e-05 2.64409318e-05 0.0
-7.17110233e-05 2.82976689e-05 0.0
-7.5465985e-05 3.21120096e-05 0.0
-8.10586498e-05 3.52167299e-05 0.0
-8.77435377e-05 2.31039176e-05 0.0
-0.000195223896 4.55546178e-05 0.0
-0.000190143095 4.47204147e-05 0.0
-0.000177951995 4.28554049e-05 0.0
-0.000173777313 4.23673337e-05 0.0
-0.00016924525 4.34803478e-05 0.0
-0.000168277707 4.56658636e-05 0.0
-0.000168461091 4.83271251e-05 0.0
-0.000169790495 5.12425067e-05 0.0
-0.000172060594 5.39949215e-05 0.0
-0.000174978602 5.6059991e-05 0.0
-0.000178402392 5.73348043e-05 0.0
-0.000185585392 5.76692291e-05 0.0
-0.000188883976 5.69293588e-05 0.0
-0.000192000822 5.57590574e-05 0.0
-0.000194616616 5.40991532e-05 0.0
-0.000196726643 5.21426591e-05 0.0
-0.000198306545 5.01575923e-05 0.0
-0.000199079281 4.81141687e-05 0.0
-5.83277179e-05 4.23673337e-05 0.0
-6.25023968e-05 4.28554049e-05 0.0
-7.46935038e-05 4.47204147e-05 0.0
-7.97742978e-05 4.55546178e-05 0.0
-8.21738868e-05 4.35915463e-05 0.0
-7.90499325e-05 4.06878389e-05 0.0
-7.5112046e-05 3.81661994e-05 0.0
-7.10034365e-05 3.6849051e-05 0.0
-6.69084475e-05 3.66099193e-05 0.0
-6.32401498e-05 3.73552721e-05 0.0
-6.02894543e-05 3.8944956e-05 0.0
-5.75391532e-05 4.07013795e-05 0.0
-0.00024742636 7.37309674e-05 0.0
-0.000248302793 6.84740589e-05 0.0
-0.000249833567 5.53611353e-05 0.0
-0.000250336481 4.987375e-05 0.0
-0.000245269621 4.42742676e-05 0.0
-0.000239732588 4.41349948e-05 0.0
-0.000234512845 4.49999861e-05 0.0
-0.000229798636 4.66609999e-05 0.0
-0.000225727039 4.90873936e-05 0.0
-0.000222314033 5.20873655e-05 0.0
-0.000219734939 5.53649043e-05 0.0
-0.000217813169 6.19236744e-05 0.0
-0.000218795059 6.5487402e-05 0.0
-0.00022148354 6.96358111e-05 0.0
-0.000225461103 7.3678013e-05 0.0
-0.00022998116 7.66632584e-05 0.0
-0.000235051775 7.82809948e-05 0.0
-0.000240705907 7.86717646e-05 0.0
1.87344158e-05 -1.54893496e-05 0.0
1.92373209e-05 -1.00019661e-05 0.0
2.07681114e-05 3.11096142e-06 0.0
2.1644546e-05 8.36786421e-06 0.0
1.66815862e-05 1.08606218e-05 0.0
1.17351574e-05 8.21465892e-06 0.0
7.92236278e-06 5.04381842e-06 0.0
5.31973956e-06 1.85424244e-06 0.0
4.05697256e-06 -1.56678414e-06 0.0
3.97921804e-06 -5.06634797e-06 0.0
5.74010392e-06 -9.35194657e-06 0.0
8.99850511e-06 -1.3798397e-05 0.0
1.32950627e-05 -1.74102115e-05 0.0
-0.000207728837 6.99714219e-05 0.0
-0.000210450104 6.39907666e-05 0.0
-0.00020939915 6.01339452e-05 0.0
-0.0002070341 5.92592478e-05 0.0
-0.000204121709 5.89620468e-05 0.0
-0.000200764174 5.91989301e-05 0.0
-0.000197284695 6.0079863e-05 0.0
-0.000194348322 6.17513942e-05 0.0
-0.000192313688 6.35597316e-05 0.0
-0.00019104383 6.50243819e-05 0.0
-0.000190152597 6.77200733e-05 0.0
-0.000190520353 6.90494708e-05 0.0
-0.000191392857 7.02319012e-05 0.0
-0.000192643856 7.12185865e-05 0.0
-0.000194388689 7.18217416e-05 0.0
-0.000196869441 7.22431942e-05 0.0
-0.000199981208 7.24895071e-05 0.0
-0.000203433257 7.25125647e-05 0.0
5.86208007e-05 -1.37233417e-06 0.0
6.13420634e-05 4.60832507e-06 0.0
5.93623117e-05 5.46394085e-06 0.0
5.70691263e-05 3.86390593e-06 0.0
5.57100684e-05 2.05873152e-06 0.0
5.54540529e-05 6.37764188e-08 0.0
5.62665191e-05 -1.92923926e-06 0.0
6.06793546e-05 1.73401477e-05 0.0
5.64977927e-05 1.64237335e-05 0.0
5.22832961e-05 1.53025139e-05 0.0
4.83145923e-05 1.34846587e-05 0.0
4.50508342e-05 1.10569481e-05 0.0
4.28530439e-05 8.21220783e-06 0.0
4.1754236e-05 5.17079161e-06 0.0
4.26672887e-05 1.63738775e-06 0.0
4.57810747e-05 -2.56648923e-06 0.0
5.02351904e-05 -6.37863013e-06 0.0
5.52982419e-05 -8.85172358e-06 0.0
6.59222351e-05 -9.91888464e-06 0.0
7.09127053e-05 -8.84023211e-06 0.0
7.52023843e-05 -6.85902205e-06 0.0
7.85139709e-05 -4.15233171e-06 0.0
8.06751996e-05 -8.77037337e-07 0.0
8.1550279e-05 2.76873357e-06 0.0
8.10840211e-05 6.75676665e-06 0.0
7.92655046e-05 1.06429397e-05 0.0
7.6465818e-05 1.38725927e-05 0.0
7.27922015e-05 1.61308872e-05 0.0
6.85934647e-05 1.74225879e-05 0.0
6.21937434e-05 5.81648283e-06 0.0
-0.000116170049 6.0344566e-05 0.0
-0.000131224544 6.19100756e-05 0.0
-0.000140156553 6.01834254e-05 0.0
-0.000143301091 5.72636891e-05 0.0
-0.000145511425 5.37672277e-05 0.0
-0.000146300634 4.96266184e-05 0.0
-0.000145498576 4.51191008e-05 0.0
-0.000143566678 4.07999141e-05 0.0
-0.000140742079 3.71189599e-05 0.0
-0.000137340743 3.44407526e-05 0.0
-0.000133428912 3.28106398e-05 0.0
-0.00012286719 3.23107779e-05 0.0
-0.000117233118 3.35924888e-05 0.0
-0.000112241389 3.58160796e-05 0.0
-0.000108333479 3.8759259e-05 0.0
-0.000105786356 4.2161435e-05 0.0
-0.000104165338 4.56388079e-05 0.0
-0.000103524268 4.90852835e-05 0.0
-0.000103895152 5.21882394e-05 0.0
-0.000105934094 5.56884224e-05 0.0
-0.000246674143 6.19100756e-05 0.0
-0.000231619648 6.0344566e-05 0.0
-0.000229764468 6.2347739e-05 0.0
-0.000234456282 6.40893559e-05 0.0
-0.000239156783 6.47947454e-05 0.0
-0.000243669827 6.45847686e-05 0.0
-0.000247851451 6.3681051e-05 0.0
-0.000182111064 6.98481308e-05 0.0
-0.000186912788 6.84101033e-05 0.0
-0.000191143627 6.62218008e-05 0.0
-0.000194090855 6.36799814e-05 0.0
-0.00019631318 6.12150761e-05 0.0
-0.000197881134 5.87831855e-05 0.0
-0.000198660506 5.60855005e-05 0.0
-0.000198573951 5.30756333e-05 0.0
-0.000196789508 4.9525308e-05 0.0
-0.000193345477 4.56408816e-05 0.0
-0.000189049591 4.23906349e-05 0.0
-0.000184376055 4.02946389e-05 0.0
-0.000174961198 3.93589362e-05 0.0
-0.000170649451 4.02862315e-05 0.0
-0.000166598868 4.16328367e-05 0.0
-0.000162881857 4.37477393e-05 0.0
-0.000159792718 4.64821132e-05 0.0
-0.000157498711 4.96516222e-05 0.0
-0.000156774302 5.32990598e-05 0.0
-0.000157745875 5.7341269e-05 0.0
-0.000160017327 6.14730598e-05 0.0
-0.000163352073 6.51034352e-05 0.0
-0.000167444232 6.78025172e-05 0.0
-0.000172084227 6.95175113e-05 0.0
-0.000178755392 5.44444847e-05 0.0
-0.000157912684 4.70077357e-05 0.0
-0.000162080149 4.61993986e-05 0.0
-0.00016566999 4.45869264e-05 0.0
-0.000168256316 4.23549427e-05 0.0
-0.000169770647 3.97926524e-05 0.0
-0.000170158994 3.71209935e-05 0.0
-0.000169578881 3.45771405e-05 0.0
-0.000168186816 3.23567037e-05 0.0
-0.000166167723 3.0650066e-05 0.0
-0.000163661403 2.96892704e-05 0.0
-0.000156419745 2.89733543e-05 0.0
-0.000152357214 2.92779951e-05 0.0
-0.000148607258 3.0267578e-05 0.0
-0.00014543999 3.17357189e-05 0.0
-0.000143264784 3.39980979e-05 0.0
-0.000142523641 3.6727899e-05 0.0
-0.000143239959 3.99160781e-05 0.0
-0.000145014958 4.29776373e-05 0.0
-0.000147331084 4.52257191e-05 0.0
-0.000150064778 4.65256089e-05 0.0
-0.000157005386 3.71508577e-05 0.0
-2.87188977e-05 2.58771743e-05 0.0
-3.19582723e-05 2.57825286e-05 0.0
-3.54515432e-05 2.53663165e-05 0.0
-3.91798858e-05 2.39253077e-05 0.0
-4.20643955e-05 2.15577365e-05 0.0
-4.32174784e-05 1.88602535e-05 0.0
-4.26396473e-05 1.58186722e-05 0.0
-4.08628803e-05 1.30467979e-05 0.0
-3.84334053e-05 1.12190783e-05 0.0
-3.55620614e-05 9.83747395e-06 0.0
-3.24021275e-05 8.97731752e-06 0.0
-2.63337624e-05 9.20637103e-06 0.0
-2.33677656e-05 9.91336583e-06 0.0
-2.05777724e-05 1.08587583e-05 0.0
-1.81147225e-05 1.24141516e-05 0.0
-1.62051547e-05 1.43615098e-05 0.0
-1.5069063e-05 1.658978e-05 0.0
-1.49879243e-05 1.89522325e-05 0.0
-1.58749881e-05 2.12153827e-05 0.0
-1.76016674e-05 2.31479808e-05 0.0
-1.99595252e-05 2.46806921e-05 0.0
-2.27612618e-05 2.56515978e-05 0.0
-2.75908496e-05 1.76382073e-05 0.0
-5.03908595e-05 -1.4390038e-07 0.0
-4.2423253e-05 -4.29185349e-07 0.0
-3.60378799e-05 2.47337102e-08 0.0
-3.31723968e-05 9.72457087e-07 0.0
-3.09758398e-05 2.49729669e-06 0.0
-2.96164872e-05 4.3875375e-06 0.0
-2.94800393e-05 6.7875153e-06 0.0
-3.10357136e-05 9.93227241e-06 0.0
-3.3505803e-05 1.29741975e-05 0.0
-3.63321669e-05 1.51641934e-05 0.0
-3.89422421e-05 1.63420427e-05 0.0
-4.51222477e-05 1.71026368e-05 0.0
-4.88206206e-05 1.69368432e-05 0.0
-5.22687624e-05 1.61486259e-05 0.0
-5.52459023e-05 1.46815373e-05 0.0
-5.75321028e-05 1.2417473e-05 0.0
-5.85716225e-05 9.68052882e-06 0.0
-5.86324531e-05 6.74702596e-06 0.0
-5.7805617e-05 4.00238741e-06 0.0
-5.61644665e-05 1.70063583e-06 0.0
7.30263491e-05 -4.29185349e-07 0.0
6.5058739e-05 -1.4390038e-07 0.0
6.43548337e-05 -1.17784907e-06 0.0
6.71504749e-05 -1.52591213e-06 0.0
6.98707809e-05 -1.42497311e-06 0.0
7.28032683e-05 -9.42892825e-07 0.0
-0.000116434523 4.73409418e-05 0.0
-0.00012025435 4.65265657e-05 0.0
-0.000124301863 4.50896332e-05 0.0
-0.000128010593 4.29666761e-05 0.0
-0.000130943066 4.04056445e-05 0.0
-0.000132694564 3.74113697e-05 0.0
-0.000133065434 3.41045707e-05 0.0
-0.000132032234 3.05412468e-05 0.0
-0.000129913504 2.70945038e-05 0.0
-0.000126992774 2.44295079e-05 0.0
-0.000123135585 2.26670072e-05 0.0
-0.000113484464 2.13757939e-05 0.0
-0.000108727974 2.20477523e-05 0.0
-0.000104410756 2.36617689e-05 0.0
-0.00010097721 2.62045724e-05 0.0
-9.86285304e-05 2.94033071e-05 0.0
-9.76537776e-05 3.31342999e-05 0.0
-9.80594486e-05 3.6996913e-05 0.0
-9.96444796e-05 4.04419661e-05 0.0
-0.000102252139 4.33672139e-05 0.0
-0.000105719475 4.56005837e-05 0.0
-0.00010943551 4.70578016e-05 0.0
-0.00011569386 3.54740987e-05 0.0
-3.36484518e-05 2.42116184e-05 0.0
-3.65739907e-05 2.36636351e-05 0.0
-3.93673254e-05 2.29277521e-05 0.0
-4.17968295e-05 2.15943674e-05 0.0
-4.36251576e-05 1.97954432e-05 0.0
-4.47396415e-05 1.76759859e-05 0.0
-4.49636136e-05 1.54033187e-05 0.0
-4.41924312e-05 1.31992574e-05 0.0
-4.24844729e-05 1.11559675e-05 0.0
-4.01896432e-05 9.43254054e-06 0.0
-3.78852164e-05 8.22402581e-06 0.0
-3.15021825e-05 7.49518358e-06 0.0
-2.75689963e-05 8.02046088e-06 0.0
-2.39688725e-05 9.27499423e-06 0.0
-2.08612346e-05 1.0997459e-05 0.0
-1.88563317e-05 1.29587424e-05 0.0
-1.80127809e-05 1.50677988e-05 0.0
-1.81724645e-05 1.72839282e-05 0.0
-1.94040258e-05 1.95819885e-05 0.0
-2.15367709e-05 2.16811677e-05 0.0
-2.44155872e-05 2.33485243e-05 0.0
-2.76084393e-05 2.42936694e-05 0.0
-3.23998465e-05 1.63989716e-05 0.0
-7.54375287e-05 2.97236747e-05 0.0
-7.84013027e-05 2.89855998e-05 0.0
-8.09503617e-05 2.78443076e-05 0.0
-8.27877084e-05 2.66067927e-05 0.0
-8.39239729e-05 2.53201124e-05 0.0
-8.44340248e-05 2.40487625e-05 0.0
-8.43457674e-05 2.29061534e-05 0.0
-8.40248904e-05 2.20851525e-05 0.0
-8.37555563e-05 2.16138269e-05 0.0
-8.3390878e-05 2.13595977e-05 0.0
-7.60801195e-05 1.90433675e-05 0.0
-7.16917348e-05 1.87748446e-05 0.0
-6.7621324e-05 1.92429616e-05 0.0
-6.41995211e-05 2.06330278e-05 0.0
-6.19916173e-05 2.2529819e-05 0.0
-6.16188772e-05 2.49081586e-05 0.0
-6.24717213e-05 2.69236461e-05 0.0
-6.36985496e-05 2.80714157e-05 0.0
-6.57875862e-05 2.87645526e-05 0.0
-6.87328866e-05 2.94253059e-05 0.0
-7.56187583e-05 2.42517399e-05 0.0
-5.35268446e-05 4.4587985e-05 0.0
-5.86138849e-05 4.30198925e-05 0.0
-6.2144798e-05 4.06678082e-05 0.0
-6.52575181e-05 3.80943566e-05 0.0
-6.73908653e-05 3.51935196e-05 0.0
-6.86263447e-05 3.21082007e-05 0.0
-6.91725872e-05 2.92725399e-05 0.0
-6.91254536e-05 2.71010194e-05 0.0
-6.88062719e-05 2.50731937e-05 0.0
-6.46985864e-05 2.09459013e-05 0.0
-5.88723888e-05 1.76544472e-05 0.0
-4.75278393e-05 1.56549813e-05 0.0
-4.22218836e-05 1.67909166e-05 0.0
-3.77475699e-05 1.89126458e-05 0.0
-3.42965868e-05 2.19241374e-05 0.0
-3.23982495e-05 2.62748235e-05 0.0
-3.17301383e-05 3.03242505e-05 0.0
-3.19756073e-05 3.40849547e-05 0.0
-3.32842574e-05 3.75531708e-05 0.0
-3.54667245e-05 4.05711471e-05 0.0
-3.85679123e-05 4.28719068e-05 0.0
-4.27370906e-05 4.4325312e-05 0.0
-5.13325431e-05 3.15678408e-05 0.0
-9.94625225e-05 4.14199203e-05 0.0
-0.000102733931 4.2087835e-05 0.0
-0.000105764375 4.22385529e-05 0.0
-0.000108332461 4.20680008e-05 0.0
-0.000110266519 4.14302158e-05 0.0
-0.000111417678 4.04490529e-05 0.0
-0.000111664456 3.90556197e-05 0.0
-0.000110964276 3.71726746e-05 0.0
-0.000109629116 3.55140583e-05 0.0
-0.000107921791 3.44783111e-05 0.0
-0.000106166095 3.39797771e-05 0.0
-0.00010301845 3.43518368e-05 0.0
-0.000100946672 3.48177346e-05 0.0
-9.87735839e-05 3.49997681e-05 0.0
-9.68256863e-05 3.54404729e-05 0.0
-9.5337673e-05 3.63135732e-05 0.0
-9.43369887e-05 3.737316e-05 0.0
-9.39683305e-05 3.82894941e-05 0.0
-9.39538295e-05 3.89304405e-05 0.0
-9.39799211e-05 3.921811e-05 0.0
-9.37707664e-05 3.91878748e-05 0.0
-9.36866927e-05 3.9204635e-05 0.0
-0.000100864534 3.82438375e-05 0.0
-1.7123728e-05 2.68061194e-05 0.0
-2.25419044e-05 2.56410058e-05 0.0
-2.73441819e-05 2.34816998e-05 0.0
-3.11772892e-05 2.07428729e-05 0.0
-3.35340083e-05 1.66353639e-05 0.0
-3.45759436e-05 1.22868942e-05 0.0
-3.4798617e-05 8.32912519e-06 0.0
-3.4134915e-05 4.64617278e-06 0.0
-3.252241e-05 1.54550605e-06 0.0
-3.00243282e-05 -8.8791046e-07 0.0
-2.63243019e-05 -2.83763734e-06 0.0
-2.15764921e-05 -4.20818469e-06 0.0
-1.18305034e-05 -4.57411943e-06 0.0
-7.33225943e-06 -3.90435116e-06 0.0
-2.8562838e-06 -2.50072981e-06 0.0
1.16322963e-06 -4.78336915e-07 0.0
4.77498679e-06 2.01778039e-06 0.0
7.33676006e-06 5.01127943e-06 0.0
8.83797657e-06 8.12436701e-06 0.0
9.25007134e-06 1.12266662e-05 0.0
7.61349474e-06 1.52324455e-05 0.0
3.88386161e-06 1.96691144e-05 0.0
-8.05228183e-07 2.32602615e-05 0.0
-6.0224429e-06 2.56461753e-05 0.0
-1.37226998e-05 8.61726585e-06 0.0
-0.000259555061 6.36287805e-05 0.0
-0.000253487407 6.20613064e-05 0.0
-0.000160997064 3.76634234e-05 0.0
-0.000153334433 3.63124782e-05 0.0
-0.000142081495 3.40159531e-05 0.0
-0.000130104425 3.11870717e-05 0.0
-0.000122697325 2.89943837e-05 0.0
-0.000117876109 2.56938474e-05 0.0
-0.000110605026 2.16147328e-05 0.0
-9.9614037e-05 1.52950288e-05 0.0
-8.44410752e-05 9.45707052e-06 0.0
-6.79387012e-05 4.32357001e-06 0.0
-4.16651128e-05 4.16968578e-06 0.0
-3.53751275e-05 3.06226957e-06 0.0
-2.42934711e-05 2.09434552e-06 0.0
-1.18629205e-05 9.58763167e-07 0.0
9.73245551e-06 -7.95418237e-06 0.0
3.58032157e-05 2.36115943e-06 0.0
4.66460733e-05 -2.13121234e-06 0.0
7.00594173e-05 -1.16968465e-06 0.0
7.63724602e-05 -1.33733547e-05 0.0
8.06693424e-05 -2.14563188e-05 0.0
8.46692128e-05 -2.4999219e-05 0.0
8.78438805e-05 -2.488258e-05 0.0
8.94624318e-05 -2.20945294e-05 0.0
8.97850477e-05 -1.82339772e-05 0.0
9.12313772e-05 -1.6252834e-05 0.0
9.36358119e-05 -1.65975907e-05 0.0
9.53632552e-05 -1.65922884e-05 0.0
9.60225152e-05 -1.30074377e-05 0.0
9.52788541e-05 -6.99043039e-06 0.0
9.5631236e-05 -2.79390042e-06 0.0
9.65618092e-05 5.85216185e-07 0.0
9.99785261e-05 2.95729615e-06 0.0
0.000106503401 3.559162e-06 0.0
0.000103586681 9.58763167e-07 0.0
9.11561292e-05 2.09434552e-06 0.0
8.00744747e-05 3.06226957e-06 0.0
7.37844894e-05 4.16968578e-06 0.0
4.75108973e-05 4.32357001e-06 0.0
3.10085234e-05 9.45707052e-06 0.0
1.58355651e-05 1.52950288e-05 0.0
4.84457087e-06 2.16147328e-05 0.0
-2.42651049e-06 2.56938474e-05 0.0
-7.24772599e-06 2.89943837e-05 0.0
-1.46548291e-05 3.11870717e-05 0.0
-2.66318893e-05 3.40159531e-05 0.0
-3.78848272e-05 3.63124782e-05 0.0
-4.55474583e-05 3.76634234e-05 0.0
-0.000138037809 6.20613064e-05 0.0
-0.000144105477 6.36287805e-05 0.0
-0.000162567492 6.89222652e-05 0.0
-0.000169092367 6.8320398e-05 0.0
-0.000172509084 6.59483194e-05 0.0
-0.000173439665 6.25691973e-05 0.0
-0.000173792039 5.83726687e-05 0.0
-0.000173048393 5.23556628e-05 0.0
-0.000173707638 4.8770813e-05 0.0
-0.000175435081 4.87655088e-05 0.0
-0.000177839524 4.91102655e-05 0.0
-0.000179285853 4.71291241e-05 0.0
-0.000179608469 4.32685702e-05 0.0
-0.00018122702 4.04805214e-05 0.0
-0.000184401681 4.03638805e-05 0.0
-0.000188401566 4.39067808e-05 0.0
-0.000192698441 5.1989744e-05 0.0
-0.000199011483 6.41934166e-05 0.0
-0.000222424831 6.32318843e-05 0.0
-0.000233267681 6.7724257e-05 0.0
-0.000259338442 5.74089172e-05 0.0
-9.51240872e-05 2.78810185e-05 0.0
-8.13660808e-05 1.91086747e-05 0.0
-7.73630018e-05 2.2651624e-05 0.0
-9.88336033e-05 2.4039351e-05 0.0
-8.91610252e-05 3.03997567e-05 0.0
-8.69978903e-05 1.62349679e-05 0.0
-9.59151002e-05 3.16537626e-05 0.0
-8.13064253e-05 1.59311185e-05 0.0
-7.68491955e-05 1.9223291e-05 0.0
-0.0001005675 2.84284051e-05 0.0
-0.000101679536 2.11228053e-05 0.0
-7.41328477e-05 2.49521327e-05 0.0
-9.11347961e-05 1.39486983e-05 0.0
-8.46388866e-05 3.23421846e-05 0.0
-0.000103129714 2.626897e-05 0.0
-7.79663969e-05 1.68751121e-05 0.0
-9.92417481e-05 3.06992224e-05 0.0
-8.44826136e-05 1.38945052e-05 0.0
-7.44341887e-05 2.12790274e-05 0.0
-9.25827553e-05 3.36289922e-05 0.0
-7.63602948e-05 2.88404826e-05 0.0
-9.80220066e-05 1.58823459e-05 0.0
-0.000100103251 1.79527906e-05 0.0
-7.46318183e-05 2.70327928e-05 0.0
-7.3671079e-05 2.31553677e-05 0.0
-0.000103461098 2.39056226e-05 0.0
-7.97276734e-05 3.0770072e-05 0.0
-9.5180927e-05 1.46243719e-05 0.0
-8.76117119e-05 1.32667801e-05 0.0
-8.89857038e-05 3.38992795e-05 0.0
-9.34377967e-05 2.41228499e-05 0.0
-8.23062874e-05 2.23187635e-05 0.0
-8.92512253e-05 2.66697571e-05 0.0
-8.65345355e-05 1.9643172e-05 0.0
-0.000179827723 4.92774852e-05 0.0
-0.000188701219 5.01290342e-05 0.0
-0.000184599106 5.34026258e-05 0.0
-0.000173911045 4.56687812e-05 0.0
-0.000193678585 4.85897981e-05 0.0
-0.000173411841 4.92031359e-05 0.0
-0.00017673109 5.20469985e-05 0.0
-0.000188734819 5.3918604e-05 0.0
-0.000184563949 4.75681882e-05 0.0
-0.000192159539 5.2039908e-05 0.0
-0.000178702088 4.59861985e-05 0.0
-0.000189659331 4.76521527e-05 0.0
-0.000180528092 5.46752235e-05 0.0
-0.000184376346 5.06177385e-05 0.0
-0.00018387282 5.56945488e-05 0.0
-0.000172265965 4.37086092e-05 0.0
-0.00017532779 4.40555341e-05 0.0
-0.00019499159 5.03950905e-05 0.0
-0.00018123076 5.19969144e-05 0.0
-0.000173247841 5.15475404e-05 0.0
-0.000171375927 4.70384584e-05 0.0
-0.000196200068 4.74427252e-05 0.0
-0.000191844374 5.38517816e-05 0.0
-0.000192652966 4.67839454e-05 0.0
-0.000186521967 5.55506595e-05 0.0
-0.000176090092 4.76704699e-05 0.0
-0.000187603902 5.20028625e-05 0.0
-0.000171002059 4.50487023e-05 0.0
-0.000196484078 4.89438171e-05 0.0
-0.000191993095 5.01416107e-05 0.0
-0.00017721334 5.45781477e-05 0.0
-0.00018705822 4.59360635e-05 0.0
-6.54685355e-05 4.01551151e-05 0.0
-7.19946038e-05 4.09060231e-05 0.0
-7.8209654e-05 4.32693851e-05 0.0
-6.01649117e-05 4.09443783e-05 0.0
-6.2357838e-05 4.00071913e-05 0.0
-7.5698983e-05 4.15439972e-05 0.0
-6.87134452e-05 3.97795266e-05 0.0
-0.000235535874 5.57638014e-05 0.0
-0.000235007639 6.48819041e-05 0.0
-0.000226073375 6.03938352e-05 0.0
-0.000238794659 7.14540656e-05 0.0
-0.000241759961 5.00967399e-05 0.0
-0.000233997751 5.0482704e-05 0.0
-0.000226094882 5.57181811e-05 0.0
-0.000230283098 7.16111463e-05 0.0
-0.000225507189 6.53138122e-05 0.0
-0.000241282789 6.58516583e-05 0.0
-0.000236556662 6.0936185e-05 0.0
-0.000242394453 5.48779281e-05 0.0
-0.00022859883 5.17483059e-05 0.0
-0.00024256976 7.47143713e-05 0.0
-0.000230967096 5.81889944e-05 0.0
-0.00022220044 6.27197587e-05 0.0
-0.000234589432 7.38756717e-05 0.0
-0.000222638511 5.81138993e-05 0.0
-0.000237869797 4.77939138e-05 0.0
-0.000226584612 6.94318733e-05 0.0
-0.000243880932 7.07548825e-05 0.0
-0.000245875708 4.80715753e-05 0.0
-0.000246183306 5.22647206e-05 0.0
-0.000230668738 6.28054549e-05 0.0
-0.000238185952 5.25211544e-05 0.0
-0.000242692695 5.92847719e-05 0.0
-0.000234983076 6.86862841e-05 0.0
-0.00024206657 4.68816543e-05 0.0
-0.000221338763 6.03425578e-05 0.0
-0.000231006459 5.43856841e-05 0.0
-0.000238206223 7.56097652e-05 0.0
-0.000230340098 6.71828602e-05 0.0
1.23506579e-05 -6.07315269e-06 0.0
1.14278537e-05 -1.23258314e-06 0.0
1.42905419e-05 4.11384372e-06 0.0
1.42625286e-05 -1.32086534e-05 0.0
8.27902204e-06 -3.5101607e-06 0.0
1.70185431e-05 6.90441402e-06 0.0
1.06501002e-05 2.18813648e-06 0.0
1.57084633e-05 9.10095991e-07 0.0
1.0814224e-05 -9.50763661e-06 0.0
-0.000199944116 6.78850483e-05 0.0
-0.000203107935 6.47233464e-05 0.0
-0.000195926492 6.56405973e-05 0.0
-0.000194257067 6.79409786e-05 0.0
-0.000201358314 7.04516133e-05 0.0
-0.000199790113 6.25106914e-05 0.0
-0.000196318098 6.99565935e-05 0.0
-0.000206074037 6.29876522e-05 0.0
-0.000204471231 6.1258761e-05 0.0
-0.000203860007 6.66660999e-05 0.0
-0.000199646864 6.62187376e-05 0.0
-0.000195965156 6.36578916e-05 0.0
-0.000193092026 6.60094083e-05 0.0
-0.000203506526 6.90038214e-05 0.0
-0.000193487067 6.95989074e-05 0.0
-0.000197892397 7.11842877e-05 0.0
-0.000206938697 6.50238799e-05 0.0
-0.000199338421 6.4456799e-05 0.0
-0.000204050433 7.10335589e-05 0.0
-0.000196678462 6.70845038e-05 0.0
-0.000196461217 6.86484709e-05 0.0
-0.00019223163 6.72600654e-05 0.0
-0.000201797986 6.09825911e-05 0.0
-0.000197318921 6.19409475e-05 0.0
-0.00019349689 6.47943089e-05 0.0
-0.0002071169 6.10863353e-05 0.0
-0.000201501025 7.15857313e-05 0.0
-0.000192114501 6.83354447e-05 0.0
-0.000199147791 6.96154966e-05 0.0
-0.000199424554 6.09768613e-05 0.0
-0.000194757813 7.0857488e-05 0.0
-0.000208922822 6.18686536e-05 0.0
-0.000194558364 6.67529093e-05 0.0
-0.000202442199 6.28550479e-05 0.0
5.73500438e-05 3.35808068e-07 0.0
5.86457318e-05 3.32193417e-06 0.0
5.69640033e-05 -7.62777972e-07 0.0
5.91586613e-05 4.34165304e-06 0.0
5.27911434e-05 8.12511189e-06 0.0
6.74509356e-05 -7.81361393e-07 0.0
7.35776994e-05 2.54565475e-06 0.0
5.64559778e-05 1.25523811e-05 0.0
6.27291156e-05 1.45017793e-05 0.0
7.44166391e-05 7.68104837e-06 0.0
4.91766696e-05 4.10512621e-06 0.0
6.2480256e-05 -4.77060848e-06 0.0
5.03673e-05 1.09747289e-05 0.0
7.30676911e-05 -2.59138596e-06 0.0
6.14007586e-05 1.05196459e-05 0.0
5.51780322e-05 -3.87542786e-06 0.0
6.86757194e-05 1.41878554e-05 0.0
6.72017995e-05 -6.32047113e-06 0.0
4.80937924e-05 8.32588398e-07 0.0
4.62140088e-05 6.6455782e-06 0.0
5.84908958e-05 1.5176206e-05 0.0
7.76424786e-05 4.61106492e-06 0.0
7.48598613e-05 1.09104667e-05 0.0
5.2563566e-05 1.34215807e-05 0.0
7.67385427e-05 -6.56339239e-07 0.0
6.90045345e-05 6.22692551e-06 0.0
5.52865749e-05 1.46340863e-05 0.0
7.11780158e-05 -5.4727343e-06 0.0
4.69403567e-05 9.15890723e-06 0.0
7.79451366e-05 1.72409364e-06 0.0
5.11389444e-05 -2.18289347e-06 0.0
7.20719981e-05 1.31893021e-05 0.0
5.84317931e-05 -6.85976511e-06 0.0
6.60946462e-05 1.60015734e-05 0.0
-0.000125371647 4.60712617e-05 0.0
-0.000133125053 5.33416751e-05 0.0
-0.000115618495 5.1260231e-05 0.0
-0.000135604598 4.55889785e-05 0.0
-0.000114877119 4.39699397e-05 0.0
-0.000128373591 3.90489768e-05 0.0
-0.000124492595 5.35048712e-05 0.0
-0.000120744924 3.96159448e-05 0.0
-0.000139552052 5.04358723e-05 0.0
-0.000109979112 4.7111429e-05 0.0
-0.000134786285 3.96118849e-05 0.0
-0.000134703019 5.84236914e-05 0.0
-0.000112814414 5.54412181e-05 0.0
-0.000128684915 5.73671095e-05 0.0
-0.000119623182 5.61782836e-05 0.0
-0.000113901413 3.97420627e-05 0.0
-0.000130528351 4.87146535e-05 0.0
-0.000138450036 5.49477845e-05 0.0
-0.000130088913 4.36344781e-05 0.0
-0.000125360995 3.59520855e-05 0.0
-0.000109950633 5.12542756e-05 0.0
-0.000119581608 4.77029171e-05 0.0
-0.000121319106 4.40387157e-05 0.0
-0.000141115248 4.39693613e-05 0.0
-0.000108953056 4.40496187e-05 0.0
-0.000132414905 3.64273074e-05 0.0
-0.000141866854 4.74651315e-05 0.0
-0.000139019568 4.08137603e-05 0.0
-0.00011701732 3.69059817e-05 0.0
-0.000120899836 3.55901939e-05 0.0
-0.00012851764 5.22423106e-05 0.0
-0.000120702622 5.13400119e-05 0.0
-0.000134948874 5.02348994e-05 0.0
-0.000124224607 5.70447046e-05 0.0
-0.000125762774 4.27039849e-05 0.0
-0.000114524242 4.82603573e-05 0.0
-0.000129368302 3.49460206e-05 0.0
-0.000141569049 5.32929371e-05 0.0
-0.00010720978 4.93530715e-05 0.0
-0.000124881568 4.99285925e-05 0.0
-0.000110289286 4.13835733e-05 0.0
-0.000242938957 6.31810763e-05 0.0
-0.000235479267 6.26151523e-05 0.0
-0.000245298172 6.33407981e-05 0.0
-0.000232840408 6.23430751e-05 0.0
-0.000167247359 5.31332407e-05 0.0
-0.000173070453 4.64935656e-05 0.0
-0.000184200631 6.18423655e-05 0.0
-0.000190323175 5.60061453e-05 0.0
-0.000190895153 6.04294873e-05 0.0
-0.000191866231 5.1826235e-05 0.0
-0.000177807175 4.35590482e-05 0.0
-0.000166466853 4.76750902e-05 0.0
-0.000165187143 5.81304521e-05 0.0
-0.000179292678 6.52892049e-05 0.0
-0.000160956639 5.20193644e-05 0.0
-0.000187320853 6.52604213e-05 0.0
-0.00019547985 5.69852164e-05 0.0
-0.000170118015 4.29276697e-05 0.0
-0.000168735642 6.32390438e-05 0.0
-0.000173447625 6.56424745e-05 0.0
-0.000188133694 4.68652033e-05 0.0
-0.000183487777 4.38014904e-05 0.0
-0.000194563312 5.93440527e-05 0.0
-0.000195542103 5.4593489e-05 0.0
-0.000161051168 5.51642843e-05 0.0
-0.000162000186 4.89865561e-05 0.0
-0.000183647979 6.65996922e-05 0.0
-0.000190598323 6.33957534e-05 0.0
-0.000173588051 4.20947181e-05 0.0
-0.000166808983 4.44656544e-05 0.0
-0.000164346711 6.19640487e-05 0.0
-0.000192495514 4.85182645e-05 0.0
-0.000184161399 5.70631782e-05 0.0
-0.00017366001 5.14383973e-05 0.0
-0.000156412934 4.215843e-05 0.0
-0.000157621878 3.2633372e-05 0.0
-0.00015042942 4.17805168e-05 0.0
-0.00016332035 3.31157607e-05 0.0
-0.00016164282 4.26038641e-05 0.0
-0.000152439985 3.19922328e-05 0.0
-0.000160647731 3.10750911e-05 0.0
-0.000153284083 4.4341552e-05 0.0
-0.000165530975 3.98878401e-05 0.0
-0.000148194667 3.41522646e-05 0.0
-0.000166423153 3.42098283e-05 0.0
-0.000147005354 4.04636921e-05 0.0
-0.000154242822 3.45893968e-05 0.0
-0.000159750867 3.97427139e-05 0.0
-0.000159162737 4.46397353e-05 0.0
-0.00015503171 3.05776557e-05 0.0
-0.000156032067 4.52482818e-05 0.0
-0.000158082257 3.02902481e-05 0.0
-0.000150252949 4.45001424e-05 0.0
-0.000163470031 3.10858486e-05 0.0
-0.000145751736 3.79566372e-05 0.0
-0.000145707716 3.57922145e-05 0.0
-0.000167490522 3.62339451e-05 0.0
-0.000167587335 3.8165399e-05 0.0
-0.000165283724 4.23482161e-05 0.0
-0.000148683423 3.19937062e-05 0.0
-0.000154291105 3.96892901e-05 0.0
-0.000159660951 3.48098038e-05 0.0
-3.31842239e-05 1.49306834e-05 0.0
-2.58872387e-05 2.22132494e-05 0.0
-2.11778788e-05 2.06344394e-05 0.0
-3.00243428e-05 1.2026876e-05 0.0
-1.91260151e-05 1.73917815e-05 0.0
-2.55666855e-05 1.17165764e-05 0.0
-3.71385249e-05 1.77261827e-05 0.0
-2.96554263e-05 2.37373788e-05 0.0
-2.29531361e-05 2.34027048e-05 0.0
-3.45681874e-05 1.22610281e-05 0.0
-2.33059363e-05 1.81141095e-05 0.0
-3.67808898e-05 2.14462634e-05 0.0
-1.9676836e-05 1.43183288e-05 0.0
-3.8625727e-05 1.50927472e-05 0.0
-2.73959358e-05 2.46985255e-05 0.0
-3.25765686e-05 2.42887472e-05 0.0
-1.79353683e-05 1.98467951e-05 0.0
-2.81114371e-05 1.0376466e-05 0.0
-2.29495308e-05 1.15408939e-05 0.0
-3.25558067e-05 1.06626958e-05 0.0
-2.00689174e-05 2.26711145e-05 0.0
-1.85689423e-05 2.14863012e-05 0.0
-3.74704214e-05 1.30769176e-05 0.0
-3.04507048e-05 1.01473815e-05 0.0
-2.48144042e-05 2.46322124e-05 0.0
-2.70720338e-05 1.41704704e-05 0.0
-3.52210373e-05 2.32360635e-05 0.0
-2.0846046e-05 1.27377953e-05 0.0
-3.98034172e-05 1.98873513e-05 0.0
-1.75135156e-05 1.56474034e-05 0.0
-3.26656955e-05 1.78599912e-05 0.0
-4.49426261e-05 1.1373073e-05 0.0
-3.95027782e-05 1.32612274e-06 0.0
-5.11632024e-05 1.06608386e-05 0.0
-4.01838879e-05 1.2047889e-05 0.0
-3.58702528e-05 3.13822079e-06 0.0
-5.40757537e-05 7.81461767e-06 0.0
-4.40185868e-05 3.8354442e-06 0.0
-4.8912847e-05 1.3887794e-05 0.0
-4.36224727e-05 1.44116457e-05 0.0
-5.18941561e-05 2.24002338e-06 0.0
-3.58304169e-05 1.02725653e-05 0.0
-3.38705286e-05 5.76655293e-06 0.0
-4.75763372e-05 1.8565654e-06 0.0
-4.03697559e-05 3.18286106e-06 0.0
-4.33240748e-05 1.45771082e-06 0.0
-5.21897709e-05 1.36264071e-05 0.0
-4.62581374e-05 1.47956771e-05 0.0
-4.07871703e-05 1.49119769e-05 0.0
-3.63582294e-05 1.3811856e-06 0.0
-5.41418231e-05 4.78740685e-06 0.0
-5.42715279e-05 1.23258287e-05 0.0
-5.53724058e-05 1.0326663e-05 0.0
-3.85842322e-05 1.42835152e-05 0.0
-3.68193141e-05 1.28730053e-05 0.0
-4.61026721e-05 8.73969475e-06 0.0
-3.2684391e-05 3.91264484e-06 0.0
-3.37250094e-05 7.97687517e-06 0.0
6.67961795e-05 -7.27966494e-07 0.0
7.09762389e-05 -7.42418649e-07 0.0
6.57623823e-05 -8.61695412e-07 0.0
7.18110532e-05 -8.32181058e-07 0.0
6.36500481e-05 -4.45345279e-07 0.0
7.40133983e-05 -6.7035478e-07 0.0
-0.000118200165 2.87163348e-05 0.0
-0.000115349161 4.22559824e-05 0.0
-0.000109315224 3.02020962e-05 0.0
-0.000121693767 4.14408278e-05 0.0
-0.000109702858 4.31631306e-05 0.0
-0.000124257742 2.89802319e-05 0.0
-0.000112631707 2.59470362e-05 0.0
-0.000104021645 3.26878835e-05 0.0
-0.000126621366 3.78932855e-05 0.0
-0.000118003511 4.44655961e-05 0.0
-0.00011984288 2.44979474e-05 0.0
-0.00010559646 4.06343752e-05 0.0
-0.000105162588 2.68860531e-05 0.0
-0.000112041824 4.52718523e-05 0.0
-0.000127989668 3.01291966e-05 0.0
-0.000121716541 4.4107408e-05 0.0
-0.000124553175 4.28882377e-05 0.0
-0.000126706203 4.09610002e-05 0.0
-0.000115027346 4.57485512e-05 0.0
-0.000115943083 2.39077253e-05 0.0
-0.000123363294 2.56054955e-05 0.0
-0.000112028778 3.96173818e-05 0.0
-0.000102736718 2.9183675e-05 0.0
-0.000108266562 2.5081441e-05 0.0
-0.00010144199 3.51529125e-05 0.0
-0.000129495034 3.5659039e-05 0.0
-0.000129322027 3.29058239e-05 0.0
-0.000102440958 3.80423735e-05 0.0
-0.000119213801 3.85164931e-05 0.0
-0.000105905652 4.31201915e-05 0.0
-2.89807394e-05 2.02669671e-05 0.0
-3.26536428e-05 1.20119075e-05 0.0
-3.78288933e-05 1.2450324e-05 0.0
-3.41653431e-05 2.1232956e-05 0.0
-4.06847539e-05 1.49282032e-05 0.0
-2.4208548e-05 1.9219864e-05 0.0
-2.7622471e-05 1.12114712e-05 0.0
-2.99277508e-05 2.24593368e-05 0.0
-3.53581199e-05 9.9856552e-06 0.0
-3.82894468e-05 2.06476398e-05 0.0
-2.22863291e-05 1.629096e-05 0.0
-2.4819783e-05 2.12714112e-05 0.0
-2.78136449e-05 1.76777248e-05 0.0
-2.31682734e-05 1.30604722e-05 0.0
-3.00894626e-05 9.47415811e-06 0.0
-4.24555328e-05 1.65200709e-05 0.0
-4.11198707e-05 1.27597714e-05 0.0
-3.26788286e-05 2.31049689e-05 0.0
-3.48570902e-05 2.29439374e-05 0.0
-3.69452755e-05 2.23105162e-05 0.0
-3.82526159e-05 1.02362937e-05 0.0
-3.67463872e-05 1.52600496e-05 0.0
-2.70759592e-05 2.2530874e-05 0.0
-3.30784133e-05 9.04110766e-06 0.0
-3.99315941e-05 1.12309763e-05 0.0
-4.19927455e-05 1.84097644e-05 0.0
-4.09898166e-05 1.99923707e-05 0.0
-2.113355e-05 1.8091514e-05 0.0
-3.25196524e-05 1.89972779e-05 0.0
-2.39379606e-05 1.11431345e-05 0.0
-2.10423841e-05 1.44546439e-05 0.0
-7.31663386e-05 2.20487527e-05 0.0
-7.44473073e-05 2.69670436e-05 0.0
-7.92336505e-05 2.58787477e-05 0.0
-7.90997583e-05 2.16812459e-05 0.0
-6.99871525e-05 2.75921047e-05 0.0
-6.80954909e-05 2.28415647e-05 0.0
-8.20223649e-05 2.44166586e-05 0.0
-7.46924416e-05 2.05388988e-05 0.0
-7.64220094e-05 2.793774e-05 0.0
-8.2148581e-05 2.20678157e-05 0.0
-6.51304435e-05 2.41220569e-05 0.0
-6.83444523e-05 2.10878316e-05 0.0
-6.68857901e-05 2.76180526e-05 0.0
-7.13210757e-05 2.85528113e-05 0.0
-7.39749739e-05 2.87020739e-05 0.0
-7.10614331e-05 2.02399096e-05 0.0
-7.83859869e-05 2.05810557e-05 0.0
-8.09231278e-05 2.1032818e-05 0.0
-8.20904243e-05 2.14055617e-05 0.0
-7.91701095e-05 2.74241793e-05 0.0
-8.08642362e-05 2.66482111e-05 0.0
-8.18918706e-05 2.57043212e-05 0.0
-6.48173009e-05 2.57415595e-05 0.0
-6.53970346e-05 2.68239837e-05 0.0
-8.3077357e-05 2.34865565e-05 0.0
-8.30761273e-05 2.25773401e-05 0.0
-7.16691065e-05 2.37450167e-05 0.0
-7.23132107e-05 2.60400302e-05 0.0
-4.22945304e-05 2.81439825e-05 0.0
-6.10824718e-05 3.27837806e-05 0.0
-4.22328012e-05 3.53805153e-05 0.0
-6.27506888e-05 2.82721176e-05 0.0
-4.38928109e-05 2.28277204e-05 0.0
-6.02836299e-05 3.7232061e-05 0.0
-3.74060546e-05 3.19845785e-05 0.0
-4.40501899e-05 3.96763899e-05 0.0
-5.84826557e-05 2.37861204e-05 0.0
-6.5319844e-05 3.09762836e-05 0.0
-3.66541281e-05 2.56701715e-05 0.0
-5.55267397e-05 3.98494522e-05 0.0
-3.7152884e-05 3.77262004e-05 0.0
-6.38615966e-05 3.57188874e-05 0.0
-4.62759162e-05 1.95997909e-05 0.0
-6.67095446e-05 2.84027647e-05 0.0
-6.65450352e-05 2.6710657e-05 0.0
-6.41388324e-05 2.48434444e-05 0.0
-6.57194469e-05 3.33198623e-05 0.0
-3.52414027e-05 2.89258733e-05 0.0
-3.88462358e-05 2.26747979e-05 0.0
-5.60981425e-05 3.49200309e-05 0.0
-3.93667724e-05 3.99164128e-05 0.0
-3.55641023e-05 3.50744631e-05 0.0
-5.52186539e-05 2.01209223e-05 0.0
-4.65033736e-05 4.20052747e-05 0.0
-5.08375124e-05 4.18065611e-05 0.0
-5.0700517e-05 1.92411444e-05 0.0
-5.70788907e-05 2.95018672e-05 0.0
-5.91364224e-05 4.01091638e-05 0.0
-0.000103743783 3.99913733e-05 0.0
-0.000102188358 3.61417697e-05 0.0
-9.77396776e-05 3.96636788e-05 0.0
-9.92053174e-05 3.62480023e-05 0.0
-9.67737869e-05 3.73489711e-05 0.0
-0.000107144173 3.98114826e-05 0.0
-0.000105346138 3.56263699e-05 0.0
-0.000100645986 4.04910061e-05 0.0
-9.55515497e-05 3.94346971e-05 0.0
-0.000101550926 3.52613788e-05 0.0
-0.000105736748 4.13229682e-05 0.0
-9.59099052e-05 3.98406482e-05 0.0
-0.000107244137 3.67442299e-05 0.0
-0.000104556602 3.48008653e-05 0.0
-0.000109160734 3.93281261e-05 0.0
-9.53791096e-05 3.79618687e-05 0.0
-9.72435955e-05 3.62559585e-05 0.0
-9.97830721e-05 3.53538198e-05 0.0
-0.000103219805 3.47301138e-05 0.0
-9.83786958e-05 3.56473938e-05 0.0
-0.000107570515 4.10173889e-05 0.0
-0.000103431994 4.13613561e-05 0.0
-9.81046978e-05 4.04018974e-05 0.0
-9.49028181e-05 3.95620009e-05 0.0
-0.000108876797 3.80863348e-05 0.0
-9.49773748e-05 3.86379652e-05 0.0
-9.48367524e-05 3.91367175e-05 0.0
-9.87749008e-05 3.75189084e-05 0.0
-0.000103599035 3.70138987e-05 0.0
-0.000107461521 3.56289274e-05 0.0
-0.00010076668 3.96325086e-05 0.0
-1.34964639e-05 1.7954917e-05 0.0
-2.42788701e-05 1.35332721e-05 0.0
-3.8219423e-06 4.15581326e-06 0.0
-1.44220776e-05 6.59610862e-07 0.0
-2.90080734e-05 9.6020658e-06 0.0
-2.13769672e-05 1.93411761e-05 0.0
-7.35006415e-06 -7.95736241e-08 0.0
-2.13740186e-05 -3.07964314e-07 0.0
-6.23797268e-06 1.91971612e-05 0.0
2.02431829e-06 7.28273881e-06 0.0
-1.41050696e-05 2.34895342e-05 0.0
5.03512013e-07 1.91304684e-06 0.0
-2.92186251e-05 1.67243161e-05 0.0
-1.4192432e-05 -2.79798451e-06 0.0
2.72810598e-06 1.21420444e-05 0.0
-2.55265121e-07 1.65231722e-05 0.0
-2.88926549e-05 4.4414337e-06 0.0
-2.67707837e-05 1.25617169e-06 0.0
-3.08141462e-05 1.34136853e-05 0.0
-2.65244198e-05 1.9673158e-05 0.0
-1.00708512e-05 -2.47097068e-06 0.0
-1.82681688e-05 -2.55045939e-06 0.0
-1.87425467e-05 2.30697624e-05 0.0
-9.61933438e-06 2.29907e-05 0.0
2.97126621e-06 4.21910181e-06 0.0
-2.67751761e-06 -7.55861578e-08 0.0
-3.17105005e-05 6.75749015e-06 0.0
5.79309244e-06 9.6313488e-06 0.0
-1.71207575e-05 1.2758047e-05 0.0
-1.11071085e-05 4.62860908e-06 0.0
-0.000131920693 4.51646156e-05 0.0
3.5375364e-05 1.46428636e-06 0.0
-0.000148629289 4.52067979e-05 0.0
3.96977703e-05 2.26855445e-06 0.0
-0.000130458997 5.05869357e-05 0.0
-0.000106408093 3.42116036e-05 0.0
-0.000158931653 5.6355635e-05 0.0
2.47754724e-05 9.24491542e-06 0.0
-5.95533747e-05 4.09842687e-05 0.0
1.27288295e-05 3.8563694e-06 0.0
-6.00521926e-05 1.17348436e-05 0.0
-0.000146586579 4.22714184e-05 0.0
2.69190605e-05 1.4694102e-05 0.0
-5.95701677e-05 2.74762988e-05 0.0
8.83123732e-07 2.21586724e-05 0.0
6.31608709e-05 -8.01679107e-06 0.0
-0.000121710218 3.40435545e-05 0.0
6.3254115e-06 1.09660969e-05 0.0
-8.38531632e-05 2.76469491e-05 0.0
-0.000220973321 5.32435442e-05 0.0
-5.54184007e-05 2.28969457e-05 0.0
-0.000109359309 3.70418711e-05 0.0
-0.000147467086 5.32996128e-05 0.0
4.00525023e-05 -7.77089895e-07 0.0
-8.35549508e-05 3.57606914e-05 0.0
1.51322702e-05 1.08827444e-05 0.0
5.77046485e-05 -9.30233546e-06 0.0
-0.000129371503 2.73353835e-05 0.0
-0.000199994844 5.25313553e-05 0.0
5.3093263e-05 1.38173675e-06 0.0
-7.34278437e-05 2.66054976e-05 0.0
-6.44261818e-05 2.64088594e-05 0.0
-0.000168465544 5.36348016e-05 0.0
1.92830048e-05 1.05725021e-05 0.0
-9.27843648e-05 2.68548847e-05 0.0
-6.90723173e-05 2.51682359e-05 0.0
-7.67564343e-05 2.70804849e-05 0.0
-0.000165530422 5.94140001e-05 0.0
-0.000106467356 3.02853423e-05 0.0
-0.000137230236 5.58273496e-05 0.0
-6.78382057e-05 1.62043689e-05 0.0
-0.000110590248 4.25395992e-05 0.0
-0.000144018064 4.80887902e-05 0.0
2.57693591e-05 4.36165055e-06 0.0
-0.000124281156 4.42276942e-05 0.0
3.01118544e-05 -9.85659995e-07 0.0
1.18828048e-05 1.01621063e-05 0.0
-9.99272834e-06 3.06112743e-05 0.0
1.13844942e-06 9.76019601e-06 0.0
-0.000151495085 4.77008434e-05 0.0
-0.00017281888 6.16121324e-05 0.0
-0.000166159152 4.41598786e-05 0.0
6.60492369e-05 -1.16018246e-05 0.0
-5.74778132e-05 7.7685836e-06 0.0
-6.81021675e-06 7.23803896e-06 0.0
-1.01902524e-05 -6.9038706e-06 0.0
-5.03156843e-05 1.79624913e-05 0.0
-0.000125420251 4.19157586e-05 0.0
7.37963419e-05 -1.09684979e-05 0.0
1.80878906e-05 1.50423302e-05 0.0
1.50993328e-05 1.26199047e-05 0.0
6.14335659e-05 -9.80762434e-06 0.0
-7.34199712e-05 3.16472433e-05 0.0
-4.42884848e-05 2.28062454e-05 0.0
4.7787662e-06 1.92972966e-05 0.0
3.71617134e-05 1.60574325e-06 0.0
-1.5962587e-05 1.20634413e-05 0.0
1.51940776e-05 6.32367755e-06 0.0
-0.000155864022 4.17150623e-05 0.0
-1.37527813e-05 2.78408879e-05 0.0
1.71624943e-05 8.65302991e-06 0.0
-0.00015061842 5.80048691e-05 0.0
4.72306929e-05 1.18609114e-05 0.0
5.4957789e-05 -4.33955574e-06 0.0
-0.000135862036 3.79560588e-05 0.0
1.9271627e-05 1.7616645e-05 0.0
-1.13880155e-07 1.36943772e-05 0.0
-0.000151581669 3.68777364e-05 0.0
-0.000188714694 5.04363525e-05 0.0
-0.000163883407 5.95161946e-05 0.0
-5.95166821e-05 1.68710121e-05 0.0
-0.000117960808 3.85408493e-05 0.0
-8.51425939e-05 1.14483209e-05 0.0
-5.04074233e-05 1.22909287e-05 0.0
2.98495634e-05 9.83485734e-06 0.0
-0.000126907587 4.07673397e-05 0.0
-0.000100723584 3.16852456e-05 0.0
-0.000229874277 5.33513521e-05 0.0
-8.12191502e-05 4.13256203e-05 0.0
-9.42873012e-05 3.59538972e-05 0.0
4.93563639e-05 6.38612482e-06 0.0
-8.45308386e-05 2.34924846e-05 0.0
-2.36051328e-05 8.87565511e-06 0.0
-9.86485247e-05 2.82906494e-05 0.0
-9.8430537e-05 3.50313821e-05 0.0
-7.38832023e-05 2.06242385e-05 0.0
-9.52887058e-05 2.94867568e-05 0.0
-0.000146186037 5.14094281e-05 0.0
2.36878386e-05 4.88067599e-06 0.0
-0.000113806746 2.39476703e-05 0.0
-5.67033021e-05 2.71269837e-05 0.0
7.20038224e-06 1.16478268e-05 0.0
-6.35475299e-05 3.87057698e-05 0.0
-7.23790363e-05 3.08634881e-05 0.0
-0.000220046655 5.40346846e-05 0.0
-7.42543343e-05 3.75240124e-05 0.0
-4.83247277e-05 1.84232758e-05 0.0
7.29891281e-06 -3.85549299e-07 0.0
-0.000123774589 2.27892288e-05 0.0
6.69416913e-05 5.94692528e-06 0.0
4.86180143e-05 -2.78139487e-06 0.0
-0.000214609798 6.71892994e-05 0.0
-0.000198129288 5.17615481e-05 0.0
-0.000213485589 5.10998834e-05 0.0
-0.000204157972 5.38208697e-05 0.0
-0.000184408316 4.61838499e-05 0.0
-6.90099259e-05 2.28362114e-05 0.0
-0.000134053509 3.6194735e-05 0.0
-5.55355764e-05 4.28743188e-05 0.0
-8.09558187e-05 3.27340786e-05 0.0
-0.000161112373 4.74060762e-05 0.0
-7.22072582e-05 2.83318805e-05 0.0
-7.91417187e-05 3.06344664e-05 0.0
-0.000134348287 4.80546114e-05 0.0
3.93304654e-05 1.03295342e-05 0.0
-6.52125455e-05 1.36549252e-05 0.0
-3.38490354e-05 2.24446903e-05 0.0
-0.000174426721 6.30813811e-05 0.0
-0.000173860652 5.55762635e-05 0.0
-5.85687376e-05 4.1568368e-05 0.0
-5.31444966e-05 2.180501e-05 0.0
-0.000130867586 4.22209523e-05 0.0
-0.000117406154 4.97231595e-05 0.0
5.84248346e-06 2.08853526e-05 0.0
-8.6521286e-05 3.01049204e-05 0.0
-0.000114665323 3.92143374e-05 0.0
-0.000107162967 2.54619663e-05 0.0
-9.21589526e-05 3.33808966e-05 0.0
-5.15879537e-06 2.26566444e-05 0.0
-0.000172480606 6.2653533e-05 0.0
7.54933353e-05 -1.22503216e-05 0.0
4.39022806e-05 -2.18912896e-06 0.0
-6.55101394e-05 1.62728793e-05 0.0
-6.59103462e-05 2.0491756e-05 0.0
5.23567287e-05 -5.82654275e-06 0.0
-1.06754396e-05 1.51365466e-05 0.0
-4.84579723e-05 1.8093333e-05 0.0
3.29363829e-05 1.80079368e-07 0.0
6.39113059e-05 -7.56588088e-06 0.0
3.63041909e-05 5.73469242e-06 0.0
6.67396598e-05 9.5186524e-06 0.0
6.68761204e-05 -1.0003856e-05 0.0
2.56347612e-05 1.93348114e-06 0.0
-1.3252522e-05 3.4453893e-05 0.0
2.66207498e-05 8.73823774e-06 0.0
-5.64995971e-05 7.54093207e-06 0.0
-8.30360586e-05 3.35747354e-05 0.0
-0.000156367067 4.09677887e-05 0.0
1.173344e-06 7.7504028e-06 0.0
-6.11479045e-05 2.22313902e-05 0.0
-0.000222944916 6.47122652e-05 0.0
-0.000138926698 5.44244504e-05 0.0
-0.00012505491 3.79858684e-05 0.0
-0.000117805044 4.37982126e-05 0.0
8.67495983e-05 7.96256973e-06 0.0
-9.82616039e-05 2.97051811e-05 0.0
-0.000158768205 4.43543722e-05 0.0
-0.000156104332 4.72190695e-05 0.0
-0.000175985362 4.025198e-05 0.0
-0.000117050404 3.77754659e-05 0.0
-5.76097918e-05 2.48080596e-05 0.0
-7.24532147e-05 5.93947561e-06 0.0
-0.000102091981 3.59277474e-05 0.0
-0.000235576852 5.56276864e-05 0.0
-0.000162826473 6.17770056e-05 0.0
-1.46213915e-06 1.78707051e-05 0.0
-0.000117761141 3.60703743e-05 0.0
3.72568393e-05 1.67712296e-05 0.0
-0.000155033864 5.38499808e-05 0.0
3.06954207e-05 2.37558129e-06 0.0
-0.000172745422 4.6389996e-05 0.0
-0.000243179224 5.56755258e-05 0.0
-9.45348729e-05 2.92543427e-05 0.0
-1.6398435e-06 -6.05357673e-06 0.0
-0.000181910291 6.37974881e-05 0.0
-1.36718072e-05 9.12389442e-06 0.0
-0.000250547513 5.63866124e-05 0.0
-9.07961876e-05 3.86608081e-05 0.0
-0.000164405617 4.57671231e-05 0.0
-0.000184138451 4.90749007e-05 0.0
7.08459338e-05 -1.61840908e-05 0.0
-0.000193339816 6.34634416e-05 0.0
7.17599869e-06 1.91490562e-05 0.0
-0.000149523126 3.50610753e-05 0.0
-1.84421242e-05 3.22356682e-05 0.0
-0.000140717137 2.70015407e-05 0.0
-8.78911305e-05 3.47197638e-05 0.0
-5.13515588e-05 7.36957509e-06 0.0
-0.00022835641 5.57005005e-05 0.0
-0.000135104987 4.5917026e-05 0.0
-0.000141567725 5.32833656e-05 0.0
2.76215378e-05 7.13258623e-06 0.0
8.26421528e-05 -1.28736401e-05 0.0
-4.88133846e-05 2.58030013e-05 0.0
4.86634999e-05 -3.69279928e-06 0.0
-0.000161983742 5.39842331e-05 0.0
-0.000195659013 5.36638254e-05 0.0
-5.89941301e-05 1.66016871e-05 0.0
-0.000132877947 3.89110537e-05 0.0
6.07336224e-05 1.87661476e-06 0.0
-0.00018096657 4.71509047e-05 0.0
6.98127842e-05 -1.67092039e-05 0.0
-9.41725084e-05 3.15583711e-05 0.0
-1.23219506e-05 9.34452237e-06 0.0
-0.00022296363 5.06570577e-05 0.0
-5.39491812e-05 1.46584352e-05 0.0
-0.000137772324 4.25204271e-05 0.0
3.7448568e-05 7.17702187e-06 0.0
5.13214945e-05 -1.95987423e-06 0.0
2.73130372e-05 5.26109579e-06 0.0
1.46881048e-05 9.91094657e-06 0.0
-8.34647508e-05 1.54700429e-05 0.0
-0.000154482826 6.06918838e-05 0.0
-0.000208552228 5.4383745e-05 0.0
-0.000148235762 3.7414884e-05 0.0
-9.80225104e-06 1.48388826e-05 0.0
2.22079507e-05 4.10231479e-07 0.0
-2.40556856e-05 -3.06475772e-06 0.0
-7.58612368e-05 2.62841932e-05 0.0
-0.000145777929 6.38528654e-05 0.0
-0.000190979248 4.89354134e-05 0.0
-0.000111541092 1.96696074e-05 0.0
-9.00846062e-05 2.06886289e-05 0.0
5.79034022e-05 6.75446108e-06 0.0
-3.97839613e-05 1.75944824e-05 0.0
-0.000172202897 6.30557406e-05 0.0
2.63617603e-05 8.63618425e-06 0.0
-0.000177204958 5.45283328e-05 0.0
-8.26700925e-05 3.16925907e-05 0.0
-3.01665773e-06 -8.34594994e-06 0.0
-0.000101702062 3.66110035e-05 0.0
-5.17632216e-05 1.8947354e-05 0.0
5.16087748e-05 -3.81989275e-06 0.0
-0.000239134883 5.48332209e-05 0.0
4.14579699e-05 7.21072922e-07 0.0
-5.58172869e-05 1.50457272e-05 0.0
-0.000217228124 6.86343701e-05 0.0
5.65895316e-05 -6.24408221e-06 0.0
-0.000144510355 3.74171141e-05 0.0
2.48338401e-05 5.88709736e-06 0.0
-0.000127195497 3.62000646e-05 0.0
1.95063217e-06 1.45384111e-05 0.0
3.81182545e-05 1.29322501e-07 0.0
1.48777272e-05 1.61105345e-05 0.0
-0.000204423268 6.33110394e-05 0.0
-8.1440543e-05 3.52711104e-05 0.0
-0.000159288116 4.05710707e-05 0.0
-7.04814593e-05 1.66107075e-05 0.0
-1.82664314e-06 9.32580588e-06 0.0
-0.000117162046 4.03599661e-05 0.0
-0.000174848916 4.32297857e-05 0.0
-3.74931296e-05 1.28513384e-05 0.0
7.71891791e-05 -1.50631022e-05 0.0
-8.37728658e-05 4.43336576e-05 0.0
-6.15067038e-05 2.03206127e-05 0.0
-4.32707384e-05 1.32977093e-05 0.0
-0.000179182767 6.34795433e-05 0.0
-5.9237741e-06 1.10729079e-05 0.0
-5.78202271e-05 2.20748843e-05 0.0
-3.40410261e-05 1.79997242e-05 0.0
-0.000207427918 5.30330617e-05 0.0
-0.000179214578 5.11200087e-05 0.0
3.17263984e-05 1.0261334e-05 0.0
-0.000123123376 4.22575504e-05 0.0
-9.75469666e-05 1.58980365e-05 0.0
-0.000175658584 3.76877761e-05 0.0
-0.000218217174 6.71384041e-05 0.0
-8.85483751e-05 2.77240269e-05 0.0
-0.000155929723 5.54734324e-05 0.0
-5.42127709e-05 1.41459359e-05 0.0
-1.11003865e-05 9.99679924e-06 0.0
-3.99385026e-05 1.20756577e-05 0.0
-0.000199762144 5.25533214e-05 0.0
5.39860484e-05 5.27171733e-06 0.0
-9.69980174e-05 2.19806971e-05 0.0
-0.000129605236 5.23608142e-05 0.0
-0.000219152775 5.42149246e-05 0.0
-4.71622006e-05 2.47212156e-05 0.0
-5.30339094e-05 2.31209706e-05 0.0
-3.09921379e-05 1.69513278e-05 0.0
-6.6743858e-05 3.77617689e-05 0.0
-7.05767234e-05 3.80957208e-05 0.0
-2.26972352e-05 1.48926538e-05 0.0
9.10316594e-05 7.87243425e-06 0.0
-3.53316755e-05 -3.34226598e-07 0.0
-0.000100245074 3.13116325e-05 0.0
-1.84611818e-05 6.48972764e-06 0.0
-2.26869288e-05 2.7319893e-05 0.0
-7.86143719e-05 1.91427989e-05 0.0
-0.000177174225 6.46869521e-05 0.0
-7.61189267e-06 2.72162652e-05 0.0
6.42810919e-05 5.8848218e-06 0.0
-0.0001802927 3.92029251e-05 0.0
-3.1358752e-06 2.698955e-05 0.0
-0.000195471381 6.19120765e-05 0.0
-2.84007692e-05 2.69702687e-05 0.0
4.00243243e-06 1.26845389e-05 0.0
-5.20594149e-05 1.65710589e-05 0.0
2.23013285e-05 9.65103118e-06 0.0
-0.000121679011 2.29241141e-05 0.0
-0.000134920105 4.31352018e-05 0.0
-0.000157441638 4.78721304e-05 0.0
-6.1112245e-05 2.53308663e-05 0.0
-7.1044662e-05 2.16115022e-05 0.0
4.72087195e-05 8.92497428e-06 0.0
9.40299833e-06 9.033276e-06 0.0
-2.6832191e-05 1.73375065e-05 0.0
-0.000165477351 5.91721437e-05 0.0
2.62458616e-05 5.84773761e-06 0.0
-7.05406565e-05 2.0901567e-05 0.0
-0.000142693447 4.46939812e-05 0.0
1.56973838e-05 1.67227081e-05 0.0
1.10239962e-05 1.01759133e-05 0.0
-2.14682532e-05 3.71733913e-05 0.0
-0.000105654333 3.62640785e-05 0.0
-0.0001777297 4.81618226e-05 0.0
-0.0001094002 3.43392385e-05 0.0
1.68730494e-05 1.51082741e-05 0.0
-7.55943402e-05 2.10341423e-05 0.0
-0.000193598986 6.01748397e-05 0.0
-0.000137561758 5.24178249e-05 0.0
-0.000129444816 4.79183836e-05 0.0
-0.000155965885 5.24226452e-05 0.0
8.80140433e-05 1.67594555e-06 0.0
-0.000164372963 5.08492085e-05 0.0
-0.000104419159 3.88681256e-05 0.0
-3.41690211e-05 1.23607088e-05 0.0
-0.000181231866 4.88946098e-05 0.0
-9.06839341e-05 3.54576696e-05 0.0
-0.00015646244 4.51018313e-05 0.0
-8.2625309e-05 3.3670156e-05 0.0
-0.000178894756 6.36093973e-05 0.0
8.80116131e-05 -2.53898179e-06 0.0
-0.000124202124 5.08250305e-05 0.0
-0.000177840309 3.70275739e-05 0.0
-7.93362997e-05 3.20008658e-05 0.0
-0.000144466991 3.07253758e-05 0.0
-0.000163352161 5.83951696e-05 0.0
-2.8706474e-05 1.58309958e-05 0.0
-0.000150513195 5.23453418e-05 0.0
-8.05957025e-05 2.69886314e-05 0.0
-2.89582886e-06 1.09913663e-05 0.0
4.17810661e-05 -9.31112822e-07 0.0
9.01344829e-05 1.64770802e-06 0.0
1.67872277e-05 -2.0202485e-07 0.0
-0.000190718798 6.53879615e-05 0.0
-4.03377089e-05 1.34397505e-05 0.0
-0.000173956403 4.01572615e-05 0.0
-0.0001393532 4.74519875e-05 0.0
-6.3844338e-05 1.41550654e-05 0.0
2.99790736e-05 6.15858971e-06 0.0
-7.5614611e-05 3.50807895e-05 0.0
-0.000173297944 4.34103531e-05 0.0
-7.50109029e-05 3.97558542e-05 0.0
-9.43987834e-05 3.19171959e-05 0.0
-4.71429703e-05 4.41413067e-06 0.0
-3.11402837e-05 1.11143054e-05 0.0
6.74259863e-05 -1.0540617e-05 0.0
5.88801813e-05 6.17777323e-06 0.0
-2.27196438e-06 2.25048043e-05 0.0
-0.000124440601 4.09277673e-05 0.0
-1.87996593e-05 1.61445514e-05 0.0
-2.64191331e-05 1.64136181e-05 0.0
7.3118299e-06 1.8995117e-05 0.0
-0.000168862258 6.40113722e-05 0.0
1.19317519e-05 9.89272939e-06 0.0
-4.94540745e-06 1.65624897e-06 0.0
-0.000115139999 3.72935283e-05 0.0
-6.51212831e-05 1.58303392e-05 0.0
-6.88105793e-05 2.89139462e-05 0.0
6.6761153e-05 -4.88516162e-06 0.0
-0.000170112326 4.95575587e-05 0.0
-0.000148117935 4.83341501e-05 0.0
-5.03677184e-05 1.7683602e-05 0.0
8.86187718e-06 1.10620958e-05 0.0
-0.000101473684 3.8343067e-05 0.0
-0.000165564808 4.55002046e-05 0.0
-0.000145942031 3.82321632e-05 0.0
-7.12306937e-05 8.05532454e-06 0.0
4.74203698e-05 -2.16879789e-06 0.0
-6.15453519e-06 1.53843685e-05 0.0
-5.67120551e-05 4.23594429e-05 0.0
-0.000137362105 4.18493255e-05 0.0
-4.28204658e-05 1.28160427e-05 0.0
-0.000141020981 5.56555315e-05 0.0
-0.000165698977 4.19804092e-05 0.0
-2.16228145e-05 3.55404518e-05 0.0
2.65859035e-06 -1.04278133e-05 0.0
9.89646014e-06 1.82515269e-05 0.0
3.55933589e-05 9.1118518e-06 0.0
-0.000118364216 4.22268895e-05 0.0
-9.11222014e-05 4.3538108e-05 0.0
8.27300468e-08 1.74008092e-05 0.0
3.26239278e-05 -4.56512794e-07 0.0
2.67846808e-05 1.32472042e-05 0.0
-0.000107201246 4.40215845e-05 0.0
-2.03039272e-05 -4.92497111e-06 0.0
8.33401064e-05 -1.38337346e-05 0.0
-0.000103362348 1.82005679e-05 0.0
-0.000121032841 4.78891488e-05 0.0
8.44356837e-05 -1.15242856e-05 0.0
-8.38033375e-05 3.07216906e-05 0.0
5.49897095e-07 7.51664402e-06 0.0
-6.36990444e-05 2.93877856e-05 0.0
9.03677137e-05 -2.50514199e-06 0.0
1.15193898e-05 1.02209051e-05 0.0
-0.000213756153 6.50398651e-05 0.0
-0.000122492958 2.66184907e-05 0.0
-9.82538477e-05 1.95265948e-05 0.0
-8.0052494e-05 2.44070361e-05 0.0
-8.5131549e-05 3.5029534e-05 0.0
-1.47759592e-05 -3.25059091e-06 0.0
-4.11989568e-05 1.71688134e-05 0.0
-1.08203176e-05 1.94587919e-05 0.0
3.8629496e-05 3.79742374e-07 0.0
-0.000150439257 4.27733394e-05 0.0
-7.8673278e-05 2.66746974e-05 0.0
-0.000123209553 3.06832517e-05 0.0
-0.000164293655 4.18075215e-05 0.0
-0.000233470739 5.85449525e-05 0.0
-5.81167769e-05 1.84644432e-05 0.0
-4.97926412e-05 2.3192124e-05 0.0
7.24093115e-05 -1.72153868e-05 0.0
-1.50265887e-05 1.58483526e-05 0.0
-0.000190994484 5.3573669e-05 0.0
-3.57509489e-05 3.82177204e-05 0.0
-5.76047678e-05 9.37106051e-06 0.0
-9.09149894e-05 2.77029867e-05 0.0
5.89212905e-05 -6.83853023e-06 0.0
-0.00015764148 4.31299959e-05 0.0
-0.000134215632 4.39721298e-05 0.0
1.52413641e-05 7.50949903e-06 0.0
7.68648824e-05 -1.73900044e-05 0.0
7.27812439e-05 -1.00973311e-05 0.0
-5.6764613e-05 1.20950144e-05 0.0
-0.000118884949 2.46500476e-05 0.0
-0.000115627408 3.62637984e-05 0.0
-0.000198364985 5.44203249e-05 0.0
-3.71014394e-05 1.73475564e-05 0.0
-0.000113143637 3.75525196e-05 0.0
-3.97118893e-05 1.53489527e-05 0.0
-5.8635218e-05 2.13425828e-05 0.0
6.14158262e-06 1.98473663e-05 0.0
-8.58698841e-05 1.9771398e-05 0.0
-0.000121650897 3.64275002e-05 0.0
1.04647979e-05 7.48453022e-06 0.0
1.29452137e-05 1.29525706e-05 0.0
-0.00014243988 4.50080988e-05 0.0
0.000100314835 4.46115337e-06 0.0
-0.000123902704 2.51402398e-05 0.0
-7.5530108e-05 3.05361027e-05 0.0
-0.000208562924 5.85472153e-05 0.0
-0.000256647618 5.93941368e-05 0.0
3.4770208e-05 6.01440263e-07 0.0
-4.40801487e-05 9.09583741e-06 0.0
6.12606091e-05 -1.07662872e-05 0.0
-0.00021237538 5.25952273e-05 0.0
-4.04314014e-05 2.29064826e-05 0.0
-0.000135153008 4.12515219e-05 0.0
-0.000228023069 5.79950174e-05 0.0
-0.000150915163 3.93703012e-05 0.0
7.96642853e-05 8.32573369e-06 0.0
-8.89882504e-05 3.61109669e-05 0.0
-7.39992101e-05 1.59488318e-05 0.0
1.23139607e-05 1.31856295e-05 0.0
-1.60812237e-06 9.71994814e-06 0.0
-0.000155516347 6.52930757e-05 0.0
-0.000106881787 3.4661316e-05 0.0
-4.18503914e-05 2.73483784e-05 0.0
6.68300854e-05 -8.6456821e-06 0.0
6.39580539e-05 9.19059585e-06 0.0
-0.000118372322 2.50159337e-05 0.0
4.46869017e-05 -3.15766397e-06 0.0
-0.000151492452 3.18646744e-05 0.0
5.70385528e-05 -5.24398365e-06 0.0
-6.10614734e-05 1.40558741e-05 0.0
-1.61672651e-05 9.41645158e-06 0.0
-9.54567731e-05 1.77142174e-05 0.0
-6.51014707e-05 2.21560713e-05 0.0
3.46591733e-05 1.47600367e-05 0.0
-0.000148976455 3.95296702e-05 0.0
-0.000126235274 3.14069948e-05 0.0
-8.32946316e-05 3.51750423e-05 0.0
-0.000247678225 5.73767466e-05 0.0
-9.30192764e-05 2.82215569e-05 0.0
-1.34264462e-06 1.43460102e-05 0.0
-0.000167384525 6.00965359e-05 0.0
-0.000160505166 6.22693769e-05 0.0
4.58130016e-05 -2.398177e-06 0.0
-0.000125462713 4.39568357e-05 0.0
-1.83516495e-05 1.11031286e-05 0.0
3.07018709e-05 1.53358596e-05 0.0
-0.000170559855 4.63014585e-05 0.0
-7.9441219e-05 3.841531e-05 0.0
-0.000107111489 3.65877895e-05 0.0
-7.08266998e-06 2.48120086e-05 0.0
-0.000229960322 5.07784134e-05 0.0
-0.000174297544 5.07072073e-05 0.0
-0.000156491224 4.30114596e-05 0.0
-7.67320234e-05 4.08209307e-05 0.0
-1.39833401e-05 2.55862597e-05 0.0
-0.000143597703 3.95576317e-05 0.0
-0.000149776679 3.98551238e-05 0.0
-0.000152751381 6.63702813e-05 0.0
-8.49661083e-05 2.83721856e-05 0.0
-0.000228432502 7.13048939e-05 0.0
2.58233922e-05 6.96605821e-06 0.0
-9.37226505e-05 3.5563542e-05 0.0
-8.26799442e-06 -5.22782329e-06 0.0
-9.31279646e-05 3.22901324e-05 0.0
-0.00010152359 3.77164979e-05 0.0
-0.000158764626 5.81223103e-05 0.0
2.17384859e-05 1.69804644e-05 0.0
3.7802416e-05 2.36843289e-06 0.0
-0.000214230473 6.32083393e-05 0.0
-2.6056739e-06 2.56426592e-05 0.0
-8.97985738e-05 1.17943173e-05 0.0
-0.000151634362 5.95864076e-05 0.0
8.9111054e-05 -7.34314517e-06 0.0
-0.000184555785 4.48013452e-05 0.0
-0.000207374804 5.71769888e-05 0.0
-0.000139176773 4.87775142e-05 0.0
-4.27062259e-05 1.10600486e-05 0.0
-6.49181311e-05 1.99231745e-05 0.0
5.91994649e-05 -9.81223184e-06 0.0
-7.81704273e-07 -3.1052225e-06 0.0
-0.00011303943 3.1804906e-05 0.0
-0.000124848346 3.81271129e-05 0.0
4.90011953e-05 1.41320224e-05 0.0
-0.000178782328 6.49356589e-05 0.0
-0.00010598779 1.91244235e-05 0.0
4.75041015e-05 -3.71209489e-06 0.0
-4.83894073e-05 2.43069444e-05 0.0
-2.5111005e-05 2.60077359e-05 0.0
5.04371092e-05 -3.48520598e-06 0.0
-0.000144266931 3.16310834e-05 0.0
-5.39192224e-05 2.65353556e-05 0.0
-0.000211967126 6.15398094e-05 0.0
-0.000106375846 3.45238586e-05 0.0
-0.000192742125 6.4286447e-05 0.0
-9.12653632e-05 3.21000734e-05 0.0
4.00841927e-05 8.16423835e-06 0.0
-8.63756941e-05 3.31808114e-05 0.0
-0.000208915197 5.39750981e-05 0.0
3.84181549e-05 1.86907766e-06 0.0
-0.000113717768 4.03102422e-05 0.0
-0.000153294968 5.73587167e-05 0.0
-6.89503504e-05 3.09708594e-05 0.0
9.14218981e-06 -1.22232523e-05 0.0
2.68204731e-05 5.26460235e-06 0.0
