-0.000428130064 5.17507142e-05 0.0
-0.000420289638 3.33526914e-05 0.0
-0.000235571686 6.5332817e-05 0.0
-0.000191108877 6.32821466e-05 0.0
-0.000223029492 8.2659295e-05 0.0
-0.000459220668 6.32821466e-05 0.0
-0.000503683463 6.5332817e-05 0.0
-0.000373944553 0.000117034695 0.0
-0.000365683023 7.22650657e-05 0.0
-0.000328379276 9.12198302e-05 0.0
-1.64150642e-05 -2.06221339e-05 0.0
-2.46765994e-05 2.41474954e-05 0.0
-0.000420196273 0.000122161873 0.0
-0.000415001385 0.000101799909 0.0
-0.000383370032 0.00011192145 0.0
-6.57334458e-05 8.91270793e-06 0.0
-7.0928334e-05 2.92746663e-05 0.0
-0.000307180861 1.68115503e-06 0.0
-0.000293250516 -2.42436345e-05 0.0
-0.000507798337 7.9545629e-05 0.0
-0.000548871874 8.31628349e-05 0.0
-0.000515510561 3.87326181e-05 0.0
-0.000280760054 8.31628349e-05 0.0
-0.000239686531 7.9545629e-05 0.0
-0.000315674552 0.000108430613 0.0
-0.00030276968 5.95054917e-05 0.0
-0.000484549266 5.91618482e-05 0.0
-0.000469842722 5.68837531e-05 0.0
-0.000231102502 3.95652132e-05 0.0
-0.000210044251 1.95878329e-05 0.0
-9.75251751e-05 -6.90656043e-06 0.0
-6.45462133e-05 -7.33882234e-06 0.0
-0.000100340752 2.68710883e-05 0.0
-0.000332658004 -7.33882234e-06 0.0
-0.000365636981 -6.90656043e-06 0.0
-0.000197528192 5.67708703e-05 0.0
-0.000183147553 2.60887282e-05 0.0
-0.000152300403 4.18103118e-05 0.0
-0.000127001709 1.15460589e-05 0.0
-0.000280995329 4.07675179e-05 0.0
-0.000269964628 3.35838049e-05 0.0
-0.000421191537 6.91001624e-05 0.0
-0.000410907407 1.90450064e-05 0.0
-0.000254600483 5.950384e-05 0.0
-0.000238808658 5.67649477e-05 0.0
-0.000309697614 2.51470756e-05 0.0
-0.000294904079 -3.58239163e-06 0.0
-0.000349267939 9.28872032e-05 0.0
0.0 0.0 0.0
-0.000268111791 0.0 0.0
-0.00061737973 9.28872032e-05 0.0
-0.000432086003 5.20293615e-05 0.0
-0.000435863214 5.11483959e-05 0.0
-0.000438905088 4.98201625e-05 0.0
-0.000440776115 4.83349577e-05 0.0
-0.000441467884 4.68844555e-05 0.0
-0.000441176235 4.53981193e-05 0.0
-0.000440024072 4.31145636e-05 0.0
-0.000437557581 4.01083198e-05 0.0
-0.000433757756 3.71634633e-05 0.0
-0.000429514621 3.50147238e-05 0.0
-0.00042493979 3.37539095e-05 0.0
-0.00041580628 3.39169783e-05 0.0
-0.000411786488 3.53156029e-05 0.0
-0.000408803229 3.72318318e-05 0.0
-0.000407266518 3.92282636e-05 0.0
-0.000407614396 4.11601723e-05 0.0
-0.000409589498 4.27416126e-05 0.0
-0.000412125839 4.37775161e-05 0.0
-0.000415137038 4.42572527e-05 0.0
-0.000418399693 4.56174348e-05 0.0
-0.000421603181 4.78955444e-05 0.0
-0.000424478436 5.03860683e-05 0.0
-0.000192618842 6.48247005e-05 0.0
-0.000194447523 6.6564251e-05 0.0
-0.000196674679 6.93812399e-05 0.0
-0.000200136943 7.30350293e-05 0.0
-0.000204502168 7.69670078e-05 0.0
-0.000210023223 8.00966154e-05 0.0
-0.000216239714 8.20659916e-05 0.0
-0.00022928456 8.22546062e-05 0.0
-0.000233722836 8.12048165e-05 0.0
-0.000236492691 7.96359818e-05 0.0
-0.000237932822 7.72939457e-05 0.0
-0.000238767665 7.43056589e-05 0.0
-0.000238645589 7.10859458e-05 0.0
-0.000237532542 6.81863748e-05 0.0
-0.000500648457 6.15022655e-05 0.0
-0.000496097666 5.74535479e-05 0.0
-0.000490091566 5.38208697e-05 0.0
-0.000483220618 5.19050409e-05 0.0
-0.000475598703 5.16950531e-05 0.0
-0.00046763604 5.36668886e-05 0.0
-0.000459307892 5.8147205e-05 0.0
-0.000458133494 6.16285688e-05 0.0
-0.000356630451 7.08347507e-05 0.0
-0.000347622758 7.11340399e-05 0.0
-0.000339763967 7.26192666e-05 0.0
-0.000334149867 7.50108447e-05 0.0
-0.000330707437 7.84423974e-05 0.0
-0.00032867663 8.26197429e-05 0.0
-0.000327925518 8.70825315e-05 0.0
-0.000329989824 9.51325346e-05 0.0
-0.000333007105 9.98133473e-05 0.0
-0.000338084879 0.00010538692 0.0
-0.000344949367 0.000110831381 0.0
-0.00035292824 0.000115088384 0.0
-0.000360515667 0.000117491851 0.0
-0.000367512432 0.000118080337 0.0
-3.06972834e-05 2.1540649e-05 0.0
-3.59073638e-05 1.77006004e-05 0.0
-3.96416035e-05 1.32138139e-05 0.0
-4.15374452e-05 8.68125426e-06 0.0
-4.15884278e-05 4.29048941e-06 0.0
-4.02345649e-05 -2.54114383e-07 0.0
-3.68566616e-05 -6.17611204e-06 0.0
-3.15399375e-05 -1.22284664e-05 0.0
-2.44643888e-05 -1.72972996e-05 0.0
-0.000409661268 9.88527463e-05 0.0
-0.000403981801 9.68530658e-05 0.0
-0.000398523494 9.59116733e-05 0.0
-0.000393417198 9.60304242e-05 0.0
-0.000387545704 9.81998237e-05 0.0
-0.000382573053 0.000101863145 0.0
-0.000380445243 0.000105645398 0.0
-0.000381057005 0.00010888392 0.0
-0.000386644213 0.000114927258 0.0
-0.000390844973 0.000117623073 0.0
-0.00039599897 0.000119833821 0.0
-0.000401620637 0.000121558936 0.0
-0.000406750536 0.000122718673 0.0
-0.000410856737 0.000123429127 0.0
-0.000414029404 0.000123920021 0.0
-0.000417170813 0.000123408652 0.0
-7.34433634e-05 2.69855864e-05 0.0
-7.49830215e-05 2.39694436e-05 0.0
-7.51858388e-05 2.04593434e-05 0.0
-7.37000009e-05 1.66066966e-05 0.0
-7.05385319e-05 1.26783725e-05 0.0
-0.000313935656 1.37601006e-07 0.0
-0.000316603371 -1.55942757e-06 0.0
-0.000316661579 -2.44915054e-06 0.0
-0.000316159159 -4.0042396e-06 0.0
-0.00031539466 -5.87945897e-06 0.0
-0.00031435315 -7.83745872e-06 0.0
-0.00031225491 -9.49866535e-06 0.0
-0.000310011819 -1.23102363e-05 0.0
-0.000307215872 -1.59023839e-05 0.0
-0.000303224428 -1.96969741e-05 0.0
-0.000298444123 -2.26358407e-05 0.0
-0.0002882361 -2.46577347e-05 0.0
-0.000283560221 -2.40262725e-05 0.0
-0.000279638945 -2.25154836e-05 0.0
-0.000276898296 -2.02878891e-05 0.0
-0.000275706669 -1.76710746e-05 0.0
-0.000275819475 -1.45138201e-05 0.0
-0.000277395186 -1.04117526e-05 0.0
-0.000280991197 -5.89285901e-06 0.0
-0.000285754562 -1.91245203e-06 0.0
-0.000291821227 9.08941161e-07 0.0
-0.000298996456 2.21605728e-06 0.0
-0.000552534359 7.98789624e-05 0.0
-0.000554929895 7.56428053e-05 0.0
-0.000556128682 7.04698032e-05 0.0
-0.000555219303 6.44830507e-05 0.0
-0.000551773468 5.76567145e-05 0.0
-0.000546202064 5.10333521e-05 0.0
-0.000538820459 4.55333138e-05 0.0
-0.000530480349 4.15398863e-05 0.0
-0.000522201415 3.92974507e-05 0.0
-0.000509838341 3.95762436e-05 0.0
-0.000504187541 4.195785e-05 0.0
-0.000499086163 4.53539906e-05 0.0
-0.000495499058 4.95051099e-05 0.0
-0.000493788801 5.42340713e-05 0.0
-0.000493805739 5.93125405e-05 0.0
-0.000495050685 6.45154723e-05 0.0
-0.000497630739 6.92274552e-05 0.0
-0.000501694565 7.43772835e-05 0.0
-0.000246507116 8.3543986e-05 0.0
-0.000254241604 8.6055974e-05 0.0
-0.000262276764 8.69128999e-05 0.0
-0.000269854005 8.64538233e-05 0.0
-0.000276149978 8.50511278e-05 0.0
-0.000323990971 0.000108017441 0.0
-0.000332195545 0.000105534957 0.0
-0.00033973981 0.000101267389 0.0
-0.000344147877 9.61847327e-05 0.0
-0.00034553447 9.16038407e-05 0.0
-0.000344485044 8.71123339e-05 0.0
-0.00034241128 8.32555306e-05 0.0
-0.000339815597 7.89760088e-05 0.0
-0.000335326127 7.38473827e-05 0.0
-0.000328938622 6.81756064e-05 0.0
-0.000320896914 6.35393662e-05 0.0
-0.000311973883 6.05284149e-05 0.0
-0.000294333033 6.00459789e-05 0.0
-0.00028806203 6.1667095e-05 0.0
-0.000283884496 6.37437624e-05 0.0
-0.000280991837 6.70695517e-05 0.0
-0.000279087311 7.12295587e-05 0.0
-0.000278318214 7.57908856e-05 0.0
-0.000278912805 8.10373385e-05 0.0
-0.000281438814 8.70025906e-05 0.0
-0.000285946851 9.33818228e-05 0.0
-0.000291965262 9.92966452e-05 0.0
-0.000299270527 0.000103897401 0.0
-0.000307293143 0.000107008193 0.0
-0.000485239842 5.93365949e-05 0.0
-0.000485654018 5.92095603e-05 0.0
-0.000486039469 5.89557603e-05 0.0
-0.000485936122 5.85804846e-05 0.0
-0.000484806573 5.82420762e-05 0.0
-0.00048293572 5.79030493e-05 0.0
-0.000480311195 5.75982849e-05 0.0
-0.00047719985 5.74295664e-05 0.0
-0.000473814987 5.73220386e-05 0.0
-0.000471114647 5.73457764e-05 0.0
-0.000469764171 5.58014362e-05 0.0
-0.000469690975 5.49181641e-05 0.0
-0.000469590537 5.40939036e-05 0.0
-0.00046944918 5.32723679e-05 0.0
-0.00046971289 5.29111894e-05 0.0
-0.000470331783 5.34085266e-05 0.0
-0.000472122192 5.50009208e-05 0.0
-0.000475354842 5.6826244e-05 0.0
-0.000478751259 5.80868546e-05 0.0
-0.000482246542 5.86587412e-05 0.0
-0.000236826017 3.8627506e-05 0.0
-0.000239747285 3.87738328e-05 0.0
-0.000240888126 3.84730083e-05 0.0
-0.000241769216 3.75108139e-05 0.0
-0.000242778173 3.53304167e-05 0.0
-0.000242890703 3.25077344e-05 0.0
-0.000240798356 2.91427878e-05 0.0
-0.000237141707 2.5544623e-05 0.0
-0.000232111517 2.27135079e-05 0.0
-0.000225992844 2.06684053e-05 0.0
-0.000218374116 1.93145406e-05 0.0
-0.00020351533 2.06695695e-05 0.0
-0.000201156203 2.13797048e-05 0.0
-0.000201347299 2.2095026e-05 0.0
-0.000201541145 2.33918327e-05 0.0
-0.000201942661 2.54978931e-05 0.0
-0.000202849857 2.81427019e-05 0.0
-0.000205037199 3.09855677e-05 0.0
-0.000208262922 3.38971331e-05 0.0
-0.000212739571 3.6435009e-05 0.0
-0.000218155285 3.84512205e-05 0.0
-0.000224348507 3.94408817e-05 0.0
-6.31598741e-05 -5.64331503e-06 0.0
-6.17726109e-05 -3.12769544e-06 0.0
-6.10530042e-05 1.67214168e-07 0.0
-6.12022559e-05 4.09477525e-06 0.0
-6.31887524e-05 8.82046788e-06 0.0
-6.75929841e-05 1.46304646e-05 0.0
-7.42666089e-05 2.01246421e-05 0.0
-8.2642342e-05 2.44171242e-05 0.0
-9.20925449e-05 2.66115039e-05 0.0
-0.00010448238 2.66845109e-05 0.0
-0.000106284817 2.6273292e-05 0.0
-0.000108436761 2.50188532e-05 0.0
-0.000110774185 2.26773045e-05 0.0
-0.000112540431 1.89549028e-05 0.0
-0.000112919777 1.39925687e-05 0.0
-0.000111465313 8.30196223e-06 0.0
-0.000108324952 2.37451491e-06 0.0
-0.000103559374 -2.76539254e-06 0.0
-0.000358204619 -9.98840005e-06 0.0
-0.000349529437 -1.09263956e-05 0.0
-0.000340922998 -1.04646324e-05 0.0
-0.0003349256 -8.56188308e-06 0.0
-0.00020399777 5.61420202e-05 0.0
-0.000207055098 5.4868724e-05 0.0
-0.000207889854 5.29107747e-05 0.0
-0.00020825016 5.05980352e-05 0.0
-0.000208270314 4.81022362e-05 0.0
-0.000207394216 4.529945e-05 0.0
-0.000205558637 4.20504948e-05 0.0
-0.000202395036 3.79097728e-05 0.0
-0.000197801113 3.36029516e-05 0.0
-0.000192698091 3.01933669e-05 0.0
-0.00018770239 2.76183036e-05 0.0
-0.000178882066 2.56593376e-05 0.0
-0.000174892542 2.60595225e-05 0.0
-0.000171544772 2.74229733e-05 0.0
-0.000169078339 2.98129871e-05 0.0
-0.000167606646 3.31722331e-05 0.0
-0.00016760701 3.75589007e-05 0.0
-0.000169178165 4.25583239e-05 0.0
-0.000172233602 4.71928543e-05 0.0
-0.000176838512 5.11396793e-05 0.0
-0.000182838528 5.42535599e-05 0.0
-0.000189773753 5.62734494e-05 0.0
-0.000159925126 4.07168372e-05 0.0
-0.000162701384 3.97657022e-05 0.0
-0.000163131044 3.89239467e-05 0.0
-0.000163606077 3.71209244e-05 0.0
-0.000163767501 3.43757383e-05 0.0
-0.000163027886 3.06658694e-05 0.0
-0.000161139353 2.61863479e-05 0.0
-0.000157404967 2.18022888e-05 0.0
-0.000151920409 1.75560181e-05 0.0
-0.00014437575 1.41188229e-05 0.0
-0.000135208189 1.2041789e-05 0.0
-0.000123022823 1.19617152e-05 0.0
-0.000121148689 1.26515552e-05 0.0
-0.000118611722 1.45699669e-05 0.0
-0.000116262418 1.74530342e-05 0.0
-0.000115126808 2.08359452e-05 0.0
-0.000115414812 2.46582513e-05 0.0
-0.000117569754 2.87055755e-05 0.0
-0.000121314333 3.29930554e-05 0.0
-0.000126978324 3.6872163e-05 0.0
-0.000134266404 4.00538884e-05 0.0
-0.000143002399 4.17048832e-05 0.0
-0.000284316833 4.06455947e-05 0.0
-0.000287339266 3.97946424e-05 0.0
-0.000289490505 3.8681439e-05 0.0
-0.000290173659 3.74654483e-05 0.0
-0.00028918864 3.62052597e-05 0.0
-0.000286992115 3.50617192e-05 0.0
-0.000283579342 3.40832958e-05 0.0
-0.000279442465 3.35795339e-05 0.0
-0.000275213504 3.33543358e-05 0.0
-0.00027105512 3.38893296e-05 0.0
-0.000269841694 3.2205895e-05 0.0
-0.000268877106 3.10401083e-05 0.0
-0.000267141033 3.04988371e-05 0.0
-0.000265140028 3.12757475e-05 0.0
-0.000264003786 3.31848933e-05 0.0
-0.000264671457 3.56884739e-05 0.0
-0.000267448369 3.81069694e-05 0.0
-0.000271198136 3.95847819e-05 0.0
-0.000274517981 3.99141209e-05 0.0
-0.000277695712 4.04074381e-05 0.0
-0.000430810178 6.750592e-05 0.0
-0.000440901844 6.33480158e-05 0.0
-0.000447282917 5.76674975e-05 0.0
-0.00044723379 5.40520923e-05 0.0
-0.000446390273 4.94971137e-05 0.0
-0.000444521807 4.46358681e-05 0.0
-0.000441439479 3.9418137e-05 0.0
-0.000437087961 3.52695461e-05 0.0
-0.00043237154 3.12799748e-05 0.0
-0.000427143066 2.66084389e-05 0.0
-0.000419900287 2.2187487e-05 0.0
-0.000401455327 1.80619681e-05 0.0
-0.000391767971 2.00205614e-05 0.0
-0.000383365463 2.43445629e-05 0.0
-0.000378366414 3.02379885e-05 0.0
-0.000376958225 3.63981635e-05 0.0
-0.000379065226 4.31178705e-05 0.0
-0.000383354607 4.99916605e-05 0.0
-0.000389424065 5.59890941e-05 0.0
-0.000396770076 6.12169679e-05 0.0
-0.000404713035 6.54265896e-05 0.0
-0.000412906491 6.80947778e-05 0.0
-0.000253775303 6.10790012e-05 0.0
-0.000253796257 6.25508037e-05 0.0
-0.000254243787 6.38686543e-05 0.0
-0.000254727987 6.50835937e-05 0.0
-0.000255047256 6.58814461e-05 0.0
-0.000254833838 6.59576326e-05 0.0
-0.000254115381 6.49059293e-05 0.0
-0.000252561498 6.25242828e-05 0.0
-0.000249985489 6.00250423e-05 0.0
-0.000246838841 5.81343338e-05 0.0
-0.000243246905 5.7068657e-05 0.0
-0.000235069892 5.73770194e-05 0.0
-0.000234317791 5.77783212e-05 0.0
-0.000235867526 5.73501311e-05 0.0
-0.00023720754 5.71488199e-05 0.0
-0.000238481225 5.75407576e-05 0.0
-0.000240099544 5.82153261e-05 0.0
-0.000241899528 5.90354575e-05 0.0
-0.000244426978 5.97060753e-05 0.0
-0.00024776865 5.98506231e-05 0.0
-0.000251046033 5.97709732e-05 0.0
-0.000254367478 5.91168464e-05 0.0
-0.000315793761 2.6161777e-05 0.0
-0.000322246517 2.54663755e-05 0.0
-0.000328547816 2.26176107e-05 0.0
-0.000333136006 1.8614448e-05 0.0
-0.000334739394 1.41194851e-05 0.0
-0.000332893396 9.89215823e-06 0.0
-0.000329444214 6.00125531e-06 0.0
-0.000324828114 2.49985123e-06 0.0
-0.000319757033 -2.87043378e-07 0.0
-0.000314128731 -2.29544958e-06 0.0
-0.000308393093 -3.60752028e-06 0.0
-0.000301996537 -3.98353131e-06 0.0
-0.000288575364 -2.26726002e-06 0.0
-0.000285832561 -1.78267817e-06 0.0
-0.000284782203 -9.95265395e-07 0.0
-0.000284678274 3.17877806e-07 0.0
-0.000285041926 1.96743554e-06 0.0
-0.000285647169 3.84618079e-06 0.0
-0.000287058559 5.64270067e-06 0.0
-0.000288905721 7.73643933e-06 0.0
-0.000291068398 1.11343188e-05 0.0
-0.000294312893 1.54484787e-05 0.0
-0.000298562692 1.97010031e-05 0.0
-0.000303850567 2.29862017e-05 0.0
-0.000331932126 9.27965157e-05 0.0
-0.000309513387 8.96475467e-05 0.0
-0.000163702804 6.37674384e-05 0.0
-0.000158431169 6.2096442e-05 0.0
-0.000164822399 4.99357957e-05 0.0
-0.000172080923 3.72198374e-05 0.0
-0.000172185886 3.0306288e-05 0.0
-0.000163344215 2.50325866e-05 0.0
-0.000145142505 1.85495737e-05 0.0
-0.000123771068 1.10800092e-05 0.0
-0.000106300511 5.30860689e-06 0.0
-9.7125856e-05 7.70316944e-07 0.0
-4.6389443e-05 -9.43770738e-06 0.0
-3.51732815e-05 -9.35779917e-06 0.0
-2.46808868e-05 -6.56167595e-06 0.0
-1.35548789e-05 -3.26798954e-06 0.0
-5.26079475e-06 -5.21448101e-06 0.0
-3.73464136e-05 2.37847216e-05 0.0
-5.09248021e-05 1.81174619e-05 0.0
-8.62103698e-05 2.56839448e-05 0.0
-0.000100716337 1.018078e-05 0.0
-0.000117664909 -1.10100627e-05 0.0
-0.000133021778 -2.64255923e-05 0.0
-0.000145522048 -3.39127146e-05 0.0
-0.000154788606 -3.3397253e-05 0.0
-0.000168326253 -3.06062429e-05 0.0
-0.000184678502 -2.88666124e-05 0.0
-0.00020107365 -2.96061698e-05 0.0
-0.000216683169 -3.05159301e-05 0.0
-0.000231159764 -2.91626748e-05 0.0
-0.000244292023 -2.33084247e-05 0.0
-0.000251083635 -1.94112235e-05 0.0
-0.000255535851 -1.33092753e-05 0.0
-0.000258725544 -8.36084109e-06 0.0
-0.000262886926 -2.62122398e-06 0.0
-0.000281666667 -3.26798954e-06 0.0
-0.000292792683 -6.56167595e-06 0.0
-0.00030328508 -9.35779917e-06 0.0
-0.000314501231 -9.43770738e-06 0.0
-0.000365237647 7.70316944e-07 0.0
-0.00037441231 5.30860689e-06 0.0
-0.000391882873 1.10800092e-05 0.0
-0.000413254311 1.85495737e-05 0.0
-0.000431456021 2.50325866e-05 0.0
-0.000440297677 3.0306288e-05 0.0
-0.000440192729 3.72198374e-05 0.0
-0.000432934205 4.99357957e-05 0.0
-0.000426542974 6.2096442e-05 0.0
-0.000431814609 6.37674384e-05 0.0
-0.000577625178 8.96475467e-05 0.0
-0.000600043917 9.27965157e-05 0.0
-0.000612154836 9.0265974e-05 0.0
-0.000607993512 8.45263567e-05 0.0
-0.00060480379 7.9577927e-05 0.0
-0.000600351603 7.34759742e-05 0.0
-0.000593559933 6.95787749e-05 0.0
-0.000580427703 6.37245248e-05 0.0
-0.000565951108 6.23712695e-05 0.0
-0.000550341618 6.32810334e-05 0.0
-0.000533946441 6.40205908e-05 0.0
-0.000517594221 6.2280953e-05 0.0
-0.000504056574 5.94899466e-05 0.0
-0.000494790031 5.8974485e-05 0.0
-0.000482289732 6.64616091e-05 0.0
-0.000466932863 8.18771368e-05 0.0
-0.000449984276 0.000103067978 0.0
-0.000435478316 0.000118571144 0.0
-0.000400192745 0.000111004658 0.0
-0.000386614352 0.000116671923 0.0
-0.000354528747 8.76727208e-05 0.0
-0.0003664002 6.74887851e-05 0.0
-0.000226208751 -3.01373393e-06 0.0
-0.000409279019 7.03576225e-05 0.0
-0.000169900537 1.3930051e-05 0.0
-0.00031613087 7.00237506e-05 0.0
-0.000365235377 4.82050527e-05 0.0
-0.000363184838 9.219192e-05 0.0
-0.000142365563 2.58495602e-05 0.0
-0.000450662308 6.03756416e-05 0.0
-0.000249418896 6.93550305e-07 0.0
-0.000343141408 2.4579851e-05 0.0
-0.000236781954 5.69429358e-05 0.0
-0.000341683364 5.9602653e-06 0.0
-0.000221130846 4.9619397e-05 0.0
-0.000359791389 2.48548658e-05 0.0
-0.000229715617 -2.13723633e-05 0.0
-0.000400667021 5.87637805e-05 0.0
-0.00013459973 1.97270347e-05 0.0
-0.00019070947 3.61003076e-05 0.0
-0.000276093866 7.07567306e-05 0.0
-0.000256966887 3.4654815e-05 0.0
-0.000318083476 4.92944055e-05 0.0
-0.000342932006 7.87044191e-05 0.0
-0.00026123639 -6.5488266e-06 0.0
-0.000455063477 4.84553711e-05 0.0
-0.000215817621 1.4613669e-05 0.0
-0.000178535047 -1.21582352e-05 0.0
-0.000422510464 5.1670675e-05 0.0
-0.000285662623 8.57142222e-05 0.0
-0.00012583255 2.26520988e-05 0.0
-0.000198768583 4.07154585e-05 0.0
-0.000147983199 4.05030769e-05 0.0
-0.00043302757 7.56584705e-05 0.0
-0.000171128835 2.73572423e-05 0.0
-0.000370426453 4.09995482e-05 0.0
-0.000245987147 3.83368242e-05 0.0
-0.000170879372 3.51881863e-05 0.0
-0.000393879687 9.66294174e-05 0.0
-0.000396798423 5.19500827e-05 0.0
-0.000298521074 7.84006188e-05 0.0
-0.000334770477 3.46520319e-05 0.0
-0.000290173484 6.23750602e-05 0.0
-0.000382515369 7.59270988e-05 0.0
-7.02846883e-05 2.45448537e-05 0.0
-0.000342133339 6.1118888e-05 0.0
-0.000270856661 -1.02504407e-06 0.0
-0.000112092726 2.23866682e-05 0.0
-0.000396144314 3.66366767e-05 0.0
-0.00015826938 2.0826752e-05 0.0
-0.000225933356 5.66760827e-05 0.0
-0.000350246468 0.000106440115 0.0
-0.000243010363 5.75829545e-05 0.0
-0.000195647794 -2.32586226e-05 0.0
-0.000310820848 1.42501385e-05 0.0
-0.000251095713 2.13009116e-06 0.0
-2.75308594e-05 -8.13935003e-06 0.0
-0.00025061093 3.02738008e-05 0.0
-0.000232956809 6.00329295e-05 0.0
-0.000238347799 -2.65718645e-05 0.0
-0.000357263722 1.10425781e-05 0.0
-0.000193455649 2.4641693e-05 0.0
-0.000145247657 -3.9595389e-07 0.0
-0.000221986324 5.32584054e-05 0.0
-0.000203786301 4.71780295e-05 0.0
-0.00033265035 1.58919302e-05 0.0
-0.000197925328 3.73995726e-06 0.0
-0.000162581302 1.69958093e-05 0.0
-6.2333158e-05 2.38851972e-05 0.0
-0.000520750822 6.07809452e-05 0.0
-0.000358936319 3.99328783e-05 0.0
-9.36538709e-05 2.37643344e-05 0.0
-0.000317105383 8.22444636e-05 0.0
-0.000341311767 2.26353654e-06 0.0
-0.000265397335 -1.6209382e-05 0.0
-0.000246676296 6.28602138e-05 0.0
-0.000321889995 2.22247036e-06 0.0
-0.000231891623 1.44143132e-05 0.0
-0.000437616312 5.73365396e-05 0.0
-0.000280624197 8.38871856e-05 0.0
-0.000335780322 9.46722066e-05 0.0
-0.00038327786 3.5348774e-05 0.0
-0.000374323688 5.78197978e-05 0.0
-0.000127401829 9.15239161e-06 0.0
-0.000365714863 1.29666632e-05 0.0
-0.000118348638 2.4042316e-05 0.0
-0.000484221935 4.74320404e-05 0.0
-0.000329897477 3.99899182e-05 0.0
-0.00028710498 7.02929756e-05 0.0
-0.000475621666 5.75865124e-05 0.0
-0.000457180169 4.87139478e-05 0.0
-0.000113624155 2.78645803e-05 0.0
-0.000359510246 3.97254662e-05 0.0
-8.74775651e-05 8.6902337e-06 0.0
-0.000390747475 4.59901275e-05 0.0
-0.000204800177 4.28919884e-05 0.0
-0.000331123243 3.77324941e-05 0.0
-0.000280557229 4.42506098e-05 0.0
-0.000358073623 7.8677258e-05 0.0
-0.000233759361 1.83242457e-06 0.0
-0.000416135619 4.92555846e-05 0.0
-0.000200976443 4.65994563e-05 0.0
-0.000172291955 2.69207176e-05 0.0
-0.000454050984 5.51287703e-05 0.0
-0.000238784356 5.00475508e-05 0.0
-0.000260255852 7.06659557e-05 0.0
-0.000462789234 5.09156343e-05 0.0
-0.000225377444 3.68512665e-05 0.0
-0.000261757377 -1.31460979e-06 0.0
-0.000434010988 4.65056219e-05 0.0
-0.000328841066 -5.28284863e-06 0.0
-0.000240756985 -1.23409582e-05 0.0
-0.000372186099 9.1301561e-05 0.0
-0.000303714041 8.74618781e-05 0.0
-0.000297304417 8.07051765e-05 0.0
-0.000269297598 7.85051598e-05 0.0
-0.000439564523 9.9845216e-05 0.0
-0.000183009222 3.28727474e-05 0.0
-0.000409381115 6.08538103e-05 0.0
-0.000445506623 6.43129315e-05 0.0
-0.000442157383 4.3721604e-05 0.0
-0.00022942014 5.86520255e-05 0.0
-0.000145877595 3.95359966e-05 0.0
-0.000255665305 4.20780707e-05 0.0
-0.000347623922 6.86531057e-05 0.0
-0.000349570357 4.04642606e-06 0.0
-0.000310669828 2.66925617e-05 0.0
-0.00027743954 3.45776316e-05 0.0
-0.000411426008 9.85751467e-05 0.0
-0.000439343334 7.80640912e-05 0.0
-0.000449900283 6.17839687e-05 0.0
-0.000254061364 3.39183825e-05 0.0
-0.000384159066 6.66004125e-05 0.0
-0.000283773901 7.14889102e-05 0.0
-0.000385843363 1.8761657e-05 0.0
-0.000209286998 4.45333171e-05 0.0
-0.000342112617 5.28903729e-05 0.0
-0.0004091101 5.05204152e-05 0.0
-0.000184764533 3.89528759e-05 0.0
-0.000332325901 2.57780284e-05 0.0
-0.000377003482 0.000106765372 0.0
-0.000210867031 -2.66402021e-05 0.0
-0.000277994928 -7.8934745e-06 0.0
-0.000372011156 3.92266556e-05 0.0
-0.000171277585 2.81651573e-05 0.0
-0.000205756063 -1.29965047e-05 0.0
-0.000138137853 2.38152279e-05 0.0
-0.000128588246 3.51541057e-05 0.0
-0.000283054716 -1.62461174e-06 0.0
-0.000263769762 -2.25396161e-05 0.0
-0.000154634952 2.33794362e-05 0.0
-0.00032055995 -5.14468366e-06 0.0
-0.000122969606 7.64887591e-06 0.0
-0.000249895646 -1.86825889e-06 0.0
-0.000418467273 3.69948066e-05 0.0
-0.000110693269 2.15914843e-05 0.0
-0.000297974038 1.52177909e-05 0.0
-0.000166984668 4.38299649e-05 0.0
-0.000251529447 5.80689593e-05 0.0
-7.48361417e-05 1.97230711e-05 0.0
-0.000154791371 3.33209573e-05 0.0
-0.000388803601 0.000111551075 0.0
-0.000286490977 7.9417805e-05 0.0
-0.000239723755 6.13651064e-05 0.0
-0.000313187134 6.06569483e-05 0.0
-0.000288112584 -3.06874881e-06 0.0
-0.000305020105 3.80558558e-05 0.0
-0.000544399896 5.94820085e-05 0.0
-0.000216600311 5.78088693e-05 0.0
-0.000492332911 5.82705034e-05 0.0
-0.000481196796 4.74534572e-05 0.0
-0.00018777464 3.91242611e-05 0.0
-0.000108070228 2.73202795e-06 0.0
-0.000461684278 4.76908426e-05 0.0
-0.000290339492 7.31419932e-05 0.0
-0.000319720421 9.24184642e-05 0.0
-0.000216932633 2.57482734e-05 0.0
-0.000388856686 5.868476e-05 0.0
-0.000330492505 -5.62816297e-07 0.0
-0.000382950995 8.66802438e-05 0.0
-5.17275985e-05 2.45825067e-05 0.0
-0.000248214841 6.03474036e-05 0.0
-0.000313220429 8.39196073e-05 0.0
-0.000335735036 3.90305358e-05 0.0
-1.55684829e-05 -6.2257327e-06 0.0
-0.000355490309 0.000110520508 0.0
-8.29097844e-05 1.30961871e-05 0.0
-0.000337194157 8.87723945e-05 0.0
-0.000469070132 5.42887828e-05 0.0
-0.00051294954 6.3022926e-05 0.0
-0.000271917786 8.10406636e-05 0.0
-0.000169332459 -2.40153968e-05 0.0
-0.000365530839 0.000101601698 0.0
-0.000322535052 1.06984762e-05 0.0
-0.000181816024 5.6657711e-05 0.0
-0.000383742386 4.73908731e-05 0.0
-0.000445358193 4.95542336e-05 0.0
-0.000442422315 4.78498805e-05 0.0
-0.000334385579 9.11934876e-06 0.0
-0.000268872973 7.11415414e-05 0.0
-0.000224939693 5.48183016e-05 0.0
-0.000327849586 7.46884252e-05 0.0
-0.000191920102 1.56630686e-05 0.0
-0.000237226574 -2.90611843e-05 0.0
-0.000255154941 3.88518092e-05 0.0
-0.000174072236 9.9956651e-07 0.0
-0.000413750997 8.18371482e-05 0.0
-0.000267693191 8.41672081e-05 0.0
-0.000247242744 2.87412186e-05 0.0
-0.000252624683 6.67393469e-05 0.0
-0.000103417471 2.58656073e-05 0.0
-0.000438333809 9.6149568e-05 0.0
-0.000152859822 -1.78400751e-05 0.0
-0.000265957642 5.25409341e-05 0.0
-0.000252603466 4.24321115e-06 0.0
-0.000299329433 7.36261936e-05 0.0
-0.000387331325 2.17305133e-05 0.0
-0.000395965093 6.83827238e-05 0.0
-0.000135780327 2.63808361e-05 0.0
-0.000145649872 1.35569644e-05 0.0
-0.000217427863 5.02486455e-06 0.0
-0.000140591379 2.22778435e-05 0.0
-0.000137527313 1.67729595e-05 0.0
-0.000306130532 8.7076507e-05 0.0
-0.000260346394 7.31921755e-05 0.0
-0.000513309904 5.70264274e-05 0.0
-0.000236461157 1.4484961e-05 0.0
-0.00025833043 -1.79614551e-06 0.0
-3.49640941e-05 -9.5692285e-06 0.0
-0.000143201483 3.38525933e-05 0.0
-0.000580799766 8.7812623e-05 0.0
-0.000297184626 8.26315809e-05 0.0
-0.000425052538 4.41341654e-05 0.0
-0.000395892217 3.97614167e-05 0.0
-0.000343268941 -8.58326246e-08 0.0
-0.000286465249 2.44360563e-05 0.0
-0.000331203279 0.000102933816 0.0
-0.000176663787 2.28783065e-05 0.0
-0.000441094162 8.37700645e-05 0.0
-0.000221261449 5.2516818e-05 0.0
-3.0248395e-05 -7.62298896e-06 0.0
-0.000275431667 5.72447789e-05 0.0
-0.000252809579 3.11491931e-05 0.0
-0.000277783547 -1.35742976e-05 0.0
-0.000303871668 7.77754249e-05 0.0
-6.8372472e-05 1.72215205e-05 0.0
-0.0002515206 2.6408874e-05 0.0
-0.000377498567 9.82843703e-05 0.0
-0.000223895244 -1.75481709e-05 0.0
-0.000422104611 5.98235492e-05 0.0
-4.04627317e-05 2.37244822e-05 0.0
-0.000468163082 5.09336314e-05 0.0
-0.000188376522 3.00021384e-05 0.0
-0.000243100832 -6.21419576e-06 0.0
-0.000310358038 3.83631232e-06 0.0
-0.000373553135 9.20383536e-05 0.0
-0.000238694571 5.66072231e-05 0.0
-0.000446662423 5.95059246e-05 0.0
-0.000368867244 3.77247816e-05 0.0
-6.86311832e-05 1.63859295e-05 0.0
-0.000230272926 6.11919095e-05 0.0
-0.000498292327 5.97146936e-05 0.0
-0.000110325673 1.81806772e-05 0.0
-0.000186843987 -2.85164369e-05 0.0
-0.000485882978 6.02254513e-05 0.0
-0.000405412255 3.70343878e-05 0.0
-0.000368790148 9.19592003e-06 0.0
-0.000420118158 9.60699253e-05 0.0
-0.000151066226 1.72206492e-05 0.0
-0.000129069536 3.53208561e-05 0.0
-0.000190796491 4.12166919e-05 0.0
-0.000302994944 8.63170571e-05 0.0
-0.000439129741 9.10586823e-05 0.0
-0.000360778475 5.86059332e-06 0.0
-0.000359914819 6.06119138e-05 0.0
-0.000140484903 1.35884284e-05 0.0
-0.000485395314 5.82908178e-05 0.0
-0.000384230894 0.00010333024 0.0
-0.000330269308 3.87624386e-05 0.0
-0.000349631388 8.75985279e-05 0.0
-0.00029170647 2.24680807e-05 0.0
-0.000173365188 1.8931245e-05 0.0
-0.000117468706 2.02482533e-05 0.0
-0.000316397985 8.48695199e-05 0.0
-0.000352686038 -4.32129355e-07 0.0
-0.000406475476 4.35522561e-05 0.0
-0.000303261419 7.34385321e-05 0.0
-0.000248420518 7.17348667e-05 0.0
-0.000194136141 4.70438899e-05 0.0
-0.000254805549 3.52245879e-05 0.0
-0.000182959237 3.30353214e-05 0.0
-0.000462073018 5.36752596e-05 0.0
-0.000468047627 5.38495951e-05 0.0
-0.000165430843 1.79850122e-05 0.0
-0.000277517393 -3.34806009e-06 0.0
-4.62800272e-05 -9.48653815e-06 0.0
-0.00036005897 4.3702843e-05 0.0
-6.95895069e-05 1.00687457e-05 0.0
-0.000351789407 4.12711634e-05 0.0
-0.000368002191 3.81637547e-05 0.0
-0.000392423826 0.000109012013 0.0
-0.000372607232 3.56298697e-05 0.0
-0.000333492033 -4.87298803e-06 0.0
-0.000456512033 7.96606328e-05 0.0
-0.000407889602 2.62032536e-05 0.0
-0.000365503831 9.59143508e-05 0.0
-0.000356197415 3.74447009e-05 0.0
-0.00011028615 2.59654535e-05 0.0
-0.000234400068 3.0520303e-05 0.0
-0.000155856163 2.68830918e-05 0.0
-0.00044275829 4.53089924e-05 0.0
-0.000492779713 4.77462308e-05 0.0
-0.000559341395 5.83320107e-05 0.0
-0.000232000748 4.41507436e-05 0.0
-0.000304834626 3.60600643e-05 0.0
-9.97352035e-05 2.75890743e-05 0.0
-8.25470852e-05 2.66893639e-05 0.0
-0.000269308657 2.95995451e-05 0.0
-0.000348703266 9.86763189e-05 0.0
-9.49889218e-05 2.00202867e-05 0.0
-0.000257303996 3.25448418e-05 0.0
-0.000232052858 5.68748437e-05 0.0
-0.000339744875 1.01042015e-05 0.0
-8.99353545e-05 2.64333303e-05 0.0
-0.000422533194 4.56459602e-05 0.0
-0.000296917016 5.14503772e-05 0.0
-0.000252001744 6.51420123e-05 0.0
-0.00038049632 5.25527357e-05 0.0
-0.00037372479 1.1525156e-05 0.0
-0.000138198069 2.61559962e-05 0.0
-0.000430173241 0.000115134739 0.0
-0.000276880775 7.8629113e-05 0.0
-0.000331088435 6.62510502e-05 0.0
-0.000399419689 8.24267554e-05 0.0
-0.000265779585 -1.46820057e-05 0.0
-0.000218505185 6.54465985e-05 0.0
-0.00020768831 4.75400884e-05 0.0
-0.000104523126 1.35464616e-05 0.0
-0.000259664317 7.23766061e-05 0.0
-0.000176528963 4.32450033e-05 0.0
-0.000427888706 6.64340259e-05 0.0
-0.000160739713 4.41254924e-05 0.0
-0.000368670095 0.000112053945 0.0
-0.00026150755 -1.91718373e-05 0.0
-0.000279255968 7.36711154e-05 0.0
-0.000471469481 6.62293533e-05 0.0
-0.000434265501 4.43872777e-05 0.0
-0.000173925771 5.26941585e-05 0.0
-0.000375733303 9.69043831e-05 0.0
-0.000182233387 2.76283245e-05 0.0
-0.000369393936 8.30287754e-05 0.0
-0.000179922979 3.37426136e-05 0.0
-0.000175886744 2.43157592e-05 0.0
-0.000209460326 -4.36232131e-06 0.0
-0.000263158377 -1.4120028e-05 0.0
-0.000276310981 1.82889357e-06 0.0
-0.000359624828 0.000106992993 0.0
-0.000111918103 2.27963374e-05 0.0
-0.000490534643 5.81746572e-05 0.0
-0.000371192698 7.30667089e-05 0.0
-0.00034285686 3.17052436e-05 0.0
-9.94025104e-05 1.90881074e-05 0.0
-0.000451010128 4.40438344e-05 0.0
-0.000496638357 5.96996615e-05 0.0
-0.000473251275 5.50622171e-05 0.0
-0.00021271492 4.64902441e-05 0.0
-0.000315869984 5.30175066e-06 0.0
-0.000100038334 1.06921289e-05 0.0
-0.000210264945 -2.37433578e-05 0.0
-9.00560044e-05 2.93562989e-05 0.0
-0.000318174891 1.94010136e-05 0.0
-0.000376893848 6.25529501e-05 0.0
-0.000149366184 2.25671047e-05 0.0
-0.000170694169 2.25631065e-05 0.0
-0.000347977591 1.70405001e-05 0.0
-0.000320875086 9.92060959e-05 0.0
-0.000154706649 2.42812494e-05 0.0
-0.000266473682 -8.82634936e-07 0.0
-0.000238932509 6.06194517e-05 0.0
-0.000297048071 2.62038538e-05 0.0
-0.000208102007 4.76819259e-05 0.0
-0.000106481268 1.88818194e-05 0.0
-0.000228997902 6.42579907e-05 0.0
-0.000394567323 7.64873039e-05 0.0
-0.000143100275 2.97334936e-05 0.0
-0.000122380923 2.12691939e-05 0.0
-0.000193265238 4.38025272e-05 0.0
-0.000537087675 6.22673324e-05 0.0
-0.000505176373 5.37168853e-05 0.0
-0.000117370924 6.45658793e-06 0.0
-0.000257114705 -1.11752024e-05 0.0
-0.000125005958 2.75262337e-05 0.0
-0.000445734215 6.31118382e-05 0.0
-0.0004976989 4.62252865e-05 0.0
-0.000126060651 2.56251824e-05 0.0
-0.000312214193 7.72785716e-05 0.0
-0.000261327397 5.93445366e-05 0.0
-0.000399431097 4.893191e-05 0.0
-2.11712795e-05 -9.61414207e-06 0.0
-0.000364809821 1.6295724e-05 0.0
-0.000123017366 2.6616106e-05 0.0
-0.000329481787 5.714914e-05 0.0
-0.000482352509 6.03830376e-05 0.0
-0.000201713876 3.03878423e-05 0.0
-0.000263388734 -3.32139757e-06 0.0
-0.00034987909 7.23563608e-06 0.0
-0.000271429337 6.54844771e-05 0.0
-4.21216682e-05 -6.12082886e-06 0.0
-0.000214817614 -2.81308876e-05 0.0
-0.000419873249 4.25041435e-05 0.0
-0.000302519591 6.75547999e-05 0.0
-0.000249745499 -2.75495586e-05 0.0
-0.000260730158 4.1729214e-05 0.0
-0.000245300151 3.62531296e-06 0.0
-0.000216774977 5.12144397e-05 0.0
-0.000257993466 -1.91584786e-05 0.0
-0.000227830024 1.05593545e-05 0.0
-0.000356555684 8.98821309e-05 0.0
-0.000450444175 4.67721729e-05 0.0
-0.000413379981 4.26945044e-05 0.0
-0.00032880652 3.89571687e-05 0.0
-0.000233287632 5.71757701e-05 0.0
-2.3919034e-05 -7.33022125e-06 0.0
-0.000215806664 3.71986862e-05 0.0
-0.000224626434 2.62290905e-05 0.0
-5.77792161e-05 2.14886895e-05 0.0
-0.000207535675 5.42900634e-05 0.0
-0.000195429995 3.8467042e-05 0.0
-0.000409893779 5.60311419e-05 0.0
-0.000453469023 6.20564606e-05 0.0
-0.000270602177 7.56325971e-05 0.0
-0.000160739117 2.69307693e-05 0.0
-0.000215670967 4.5771867e-05 0.0
-0.000134930306 -1.05423969e-05 0.0
-0.000240057561 1.61428798e-05 0.0
-0.000259722088 8.35741739e-05 0.0
-0.000424128259 6.00419808e-05 0.0
-0.000328983064 1.69356754e-05 0.0
-0.00026529262 4.61470991e-05 0.0
-0.000280748645 -1.98955477e-05 0.0
-0.000239412679 5.63188296e-05 0.0
-0.000262156915 7.14743874e-05 0.0
-4.9379687e-05 2.15418167e-05 0.0
-0.000173436885 -2.9257495e-05 0.0
-0.000259794324 -2.62561389e-05 0.0
-0.000357731682 2.17232537e-05 0.0
-0.000176123795 2.73885744e-05 0.0
-0.000464025274 4.85505589e-05 0.0
-0.000254794839 7.78776011e-05 0.0
-0.000206235942 4.0032126e-05 0.0
-0.000362312829 5.29376848e-05 0.0
-0.000370015536 1.79133094e-05 0.0
-0.000178615213 3.26428162e-05 0.0
-0.000311747048 1.06451571e-05 0.0
-0.000389795838 3.90537316e-05 0.0
-0.000245178788 6.19916536e-05 0.0
-0.000239162488 4.97785868e-06 0.0
-0.000186312274 2.78773859e-05 0.0
-0.00021830482 5.21570146e-05 0.0
-0.000276794977 -1.923426e-06 0.0
-0.000180977091 3.03088545e-05 0.0
-0.000434528192 4.05548963e-05 0.0
-0.000336326833 8.78931605e-05 0.0
-0.000344619941 9.12335308e-05 0.0
-0.000291919656 -3.90319701e-06 0.0
-0.000342789805 4.91816081e-06 0.0
-0.000188116974 -1.81983996e-05 0.0
-0.000280839013 7.6966011e-05 0.0
-0.000186523524 4.60442752e-05 0.0
-0.000236244363 5.86392016e-05 0.0
-0.000257795444 7.55833171e-05 0.0
-0.000194806882 5.59751497e-05 0.0
-0.000295967679 -4.45324122e-06 0.0
-0.00045522736 5.00237184e-05 0.0
-0.000131567373 1.80251736e-05 0.0
-0.000206344106 2.18345667e-05 0.0
-8.93914985e-05 2.33820556e-05 0.0
-0.000588992727 8.47400734e-05 0.0
-0.000347933266 4.61746386e-05 0.0
-0.00026424494 4.05337742e-05 0.0
-0.000240456313 -2.36538053e-05 0.0
-0.000325433037 -4.05800392e-06 0.0
-0.000172795859 2.69290358e-05 0.0
-0.000287336938 -1.00165007e-05 0.0
-0.000452130189 5.32812192e-05 0.0
-0.000247392629 -1.78392929e-05 0.0
-0.0003593906 3.1272175e-05 0.0
-0.000259045046 7.21223842e-06 0.0
-0.00014945172 1.80873722e-05 0.0
-0.000412542286 3.88541157e-05 0.0
-0.000338454061 3.08958988e-06 0.0
-0.000257019448 6.33072268e-05 0.0
-0.000458624418 4.90933817e-05 0.0
-0.000248189317 5.25656687e-05 0.0
-0.000319486397 8.78865831e-05 0.0
-0.0003124082 3.58002108e-05 0.0
-0.000107012522 2.95376794e-05 0.0
-0.00036256967 0.000102374368 0.0
-0.000312104123 9.11435636e-05 0.0
-0.000225752767 -9.91877459e-06 0.0
-0.000223981027 5.72322424e-05 0.0
-0.000178433926 1.80838888e-05 0.0
-0.000319650862 -3.30384478e-06 0.0
-0.000505870616 6.17948754e-05 0.0
-0.00046423974 5.24641e-05 0.0
-0.000464154349 4.84652883e-05 0.0
-0.000350765738 3.20091531e-05 0.0
-0.000306409755 7.19002783e-05 0.0
-0.000232287552 6.68009598e-05 0.0
-0.000502717157 6.15520548e-05 0.0
-0.000481532217 5.64215297e-05 0.0
-0.000336408149 3.4019864e-05 0.0
-0.000242195209 5.84096342e-05 0.0
-0.000529389887 5.52170713e-05 0.0
-0.000604476081 9.19886952e-05 0.0
-0.000263675378 4.06501131e-05 0.0
-0.00037539308 0.00011313361 0.0
-0.000205804288 1.08042213e-05 0.0
-0.000442568853 4.91994324e-05 0.0
-4.1859832e-05 -3.7296652e-06 0.0
-0.00019330137 3.79305602e-05 0.0
-0.000476625777 5.0003764e-05 0.0
-0.00033249933 8.82312743e-05 0.0
-0.000331801915 4.86902582e-06 0.0
-7.9585916e-05 1.7173792e-05 0.0
-0.000347431516 9.143848e-05 0.0
-0.000384810148 2.83975296e-05 0.0
-0.000120867742 8.11453992e-06 0.0
-0.000295848266 8.70564982e-05 0.0
-0.00025350842 -2.39885758e-05 0.0
-0.000295642967 7.37833325e-05 0.0
-0.000331416173 8.76973427e-05 0.0
-0.000357389334 7.26688013e-05 0.0
-0.000292852463 1.64300127e-05 0.0
-0.000395459821 4.20604192e-05 0.0
-0.000162705983 -7.32036915e-06 0.0
-8.25435291e-06 -3.16218188e-06 0.0
-0.000398663105 5.51718185e-05 0.0
-0.000497367873 4.39786236e-05 0.0
-0.000331539195 6.17247622e-08 0.0
-0.000337016478 0.00010716766 0.0
-0.000152843189 1.79412109e-05 0.0
-0.000193357642 -5.36412108e-06 0.0
-0.000182076561 4.1070929e-05 0.0
-0.000336808094 3.08710514e-05 0.0
-0.000159151736 6.70101963e-06 0.0
-0.00043550969 5.38406421e-05 0.0
-0.000208924132 4.94820415e-05 0.0
-0.000337049714 9.25675995e-05 0.0
-0.000329325616 4.47030798e-05 0.0
-0.000357523037 0.000101449594 0.0
-0.000261988433 5.16758846e-05 0.0
-0.0001004113 2.39272085e-05 0.0
-0.000261167297 4.62725075e-05 0.0
-0.000314408186 8.93015676e-05 0.0
-0.00018345291 8.39831682e-06 0.0
-0.000226508477 5.96708269e-05 0.0
-0.000325736561 8.31111392e-05 0.0
-0.00022965153 5.23911767e-05 0.0
-1.46990096e-05 -1.107344e-05 0.0
-7.96058303e-05 2.15139735e-05 0.0
