0.00179157662 -0.000725900696 0.0
0.00177059835 -0.000708733161 0.0
0.000525667332 -0.000723041361 0.0
0.000594525307 -0.000702681136 0.0
0.000580765074 -0.000645978143 0.0
0.0022346254 -0.000702681136 0.0
0.00216576736 -0.000723041361 0.0
0.000906708708 -0.00108754274 0.0
0.000880460604 -0.00105601398 0.0
0.000862936897 -0.00105502259 0.0
9.547222e-05 -5.36294192e-06 0.0
0.000121720317 -3.68916953e-05 0.0
0.00143300928 -0.00113288232 0.0
0.00141704117 -0.00103812211 0.0
0.00130989181 -0.00107615348 0.0
0.000632052717 1.25288816e-05 0.0
0.000648020883 -8.22313159e-05 0.0
0.00157670036 -4.85365092e-07 0.0
0.00155197468 -2.59422559e-05 0.0
0.00208173832 -0.000852276746 0.0
0.00211616303 -0.000871982658 0.0
0.00207272102 -0.000830452889 0.0
0.000476063055 -0.000871982658 0.0
0.000441638229 -0.000852276746 0.0
0.00100125384 -0.000829677447 0.0
0.000976575306 -0.000815629668 0.0
0.0018642022 -0.000860457891 0.0
0.00183845952 -0.000773901993 0.0
0.00113903219 -0.000387091772 0.0
0.00111434807 -0.000355428987 0.0
0.00020018607 -7.14266862e-05 0.0
9.618076e-05 -6.52604649e-05 0.0
0.000175654597 -0.000215760811 0.0
0.00173628074 -6.52604649e-05 0.0
0.00184028607 -7.14266862e-05 0.0
0.000616181642 -0.000520231959 0.0
0.000590154727 -0.000320176914 0.0
0.000573706813 -0.000384934538 0.0
0.000546037161 -0.000210823608 0.0
0.00118369784 -0.000404901773 0.0
0.00116719876 -0.000413355243 0.0
0.00194439024 -0.000591664459 0.0
0.00192346727 -0.000505838252 0.0
0.000976006093 -0.000674666546 0.0
0.000949487207 -0.000694631948 0.0
0.00138227164 -0.000135597846 0.0
0.00135574106 -0.000269514392 0.0
0.000784988399 -0.00105065096 0.0
0.0 0.0 0.0
0.00164010003 0.0 0.0
0.00242508831 -0.00105065096 0.0
0.00179526489 -0.000727687322 0.0
0.00179829739 -0.000728044135 0.0
0.00180040125 -0.000728114101 0.0
0.00180090067 -0.000727913517 0.0
0.00180023711 -0.000729240826 0.0
0.00179808156 -0.000731319189 0.0
0.00179540913 -0.000730655505 0.0
0.00179136638 -0.000725385849 0.0
0.00178585376 -0.000719049422 0.0
0.00178050424 -0.000713866146 0.0
0.00177525799 -0.000710570661 0.0
0.00176686945 -0.000708213076 0.0
0.00176426733 -0.000708343752 0.0
0.00176299876 -0.00070893392 0.0
0.00176284718 -0.000710449065 0.0
0.00176441751 -0.000712380395 0.0
0.00176841603 -0.000715084258 0.0
0.00177258358 -0.000716015522 0.0
0.00177625299 -0.000716635783 0.0
0.00177976163 -0.000718669442 0.0
0.00178357877 -0.000720817829 0.0
0.00178776786 -0.000723761739 0.0
0.000600217609 -0.000689368288 0.0
0.000603717577 -0.000674266019 0.0
0.00060479308 -0.000660531572 0.0
0.00060357491 -0.000651475333 0.0
0.000600637286 -0.000648535439 0.0
0.000595732592 -0.000646453176 0.0
0.000589276548 -0.000645737164 0.0
0.000570930541 -0.000648302317 0.0
0.000560044253 -0.000653342053 0.0
0.000549228978 -0.000661962084 0.0
0.000539612491 -0.000672809081 0.0
0.000532776641 -0.000684295665 0.0
0.000527960889 -0.0006955422 0.0
0.00052553945 -0.000708868785 0.0
0.00216999091 -0.000731717912 0.0
0.00217626127 -0.000736365153 0.0
0.00218401896 -0.000736348622 0.0
0.00219251588 -0.000735492795 0.0
0.00220066984 -0.000732261047 0.0
0.00220963522 -0.000728209096 0.0
0.00221873517 -0.000723218545 0.0
0.002227725 -0.000714710797 0.0
0.000873175741 -0.00105283258 0.0
0.000867164752 -0.00105173199 0.0
0.000862658198 -0.00105137087 0.0
0.000859886757 -0.00105130055 0.0
0.000859047519 -0.00105143397 0.0
0.000859524531 -0.00105258496 0.0
0.000861179782 -0.00105453178 0.0
0.000865080801 -0.00105464389 0.0
0.000867835712 -0.00105619163 0.0
0.000873365265 -0.00106272392 0.0
0.000880301639 -0.00107064226 0.0
0.000888731563 -0.00107887574 0.0
0.000896091515 -0.00108445378 0.0
0.000902231375 -0.0010866744 0.0
0.000124900791 -3.62271458e-05 0.0
0.000126986692 -3.44660366e-05 0.0
0.00012763009 -3.24815046e-05 0.0
0.000126192928 -2.94189067e-05 0.0
0.000123482183 -3.09039133e-05 0.0
0.000119499258 -3.40498518e-05 0.0
0.000115322546 -2.88067495e-05 0.0
0.000110211527 -1.97018107e-05 0.0
0.000103007573 -1.10467536e-05 0.0
0.00140084897 -0.0010253134 0.0
0.00138299249 -0.00101659505 0.0
0.00136465521 -0.00101277535 0.0
0.0013476623 -0.00101367803 0.0
0.00133253122 -0.00101980485 0.0
0.00132120214 -0.00102939829 0.0
0.00131299475 -0.00104197231 0.0
0.00130877108 -0.00105824519 0.0
0.0013161595 -0.00109361007 0.0
0.00132613734 -0.00110875745 0.0
0.00133936165 -0.00112228049 0.0
0.00135480578 -0.00113371701 0.0
0.00137170113 -0.00114164641 0.0
0.0013889675 -0.00114531571 0.0
0.00140535657 -0.00114543457 0.0
0.00142056635 -0.00114098948 0.0
0.000657620723 -6.9579597e-05 0.0
0.000662509468 -5.38851746e-05 0.0
0.00066208886 -3.65279739e-05 0.0
0.000656451739 -1.96610399e-05 0.0
0.000646374305 -3.32225773e-06 0.0
0.0015747681 -1.11790413e-07 0.0
0.00157093827 -6.18700824e-07 0.0
0.00156599761 -3.87866612e-06 0.0
0.00156031724 -7.27691304e-06 0.0
0.00155452802 -1.14934564e-05 0.0
0.0015501848 -1.7796352e-05 0.0
0.00154601433 -2.82829405e-05 0.0
0.00154612272 -3.37843449e-05 0.0
0.0015477027 -3.61640632e-05 0.0
0.0015493799 -3.3890974e-05 0.0
0.00155087351 -3.01196105e-05 0.0
0.00155367434 -2.23621555e-05 0.0
0.00155508844 -1.85048739e-05 0.0
0.00155704177 -1.43162433e-05 0.0
0.00155911071 -9.51533366e-06 0.0
0.0015614822 -3.2874309e-06 0.0
0.00156289712 2.44028706e-06 0.0
0.00156413077 4.54685141e-06 0.0
0.00156853104 1.83357599e-06 0.0
0.00157155283 -1.97366646e-07 0.0
0.00157418812 -1.51899042e-06 0.0
0.00157615263 -1.44075455e-06 0.0
0.00211897469 -0.000871739932 0.0
0.00212088297 -0.000871343189 0.0
0.00212228484 -0.000870155636 0.0
0.0021199605 -0.000866184069 0.0
0.0021137048 -0.000858748739 0.0
0.00210706191 -0.000851345074 0.0
0.00209869444 -0.000843587506 0.0
0.00208928436 -0.000836838211 0.0
0.00208020699 -0.00083225203 0.0
0.00206699222 -0.000830717501 0.0
0.00206274772 -0.000833132537 0.0
0.00206045387 -0.000836056017 0.0
0.00206008716 -0.000839105225 0.0
0.00206146436 -0.000841885281 0.0
0.00206573727 -0.000844780181 0.0
0.00206990144 -0.0008459987 0.0
0.00207405211 -0.000845246017 0.0
0.0020771632 -0.000847643532 0.0
0.000446978927 -0.000859026448 0.0
0.000453780754 -0.000864519505 0.0
0.000460801384 -0.000868278788 0.0
0.000467307487 -0.000870828575 0.0
0.000472404732 -0.000871529919 0.0
0.001005303 -0.000831753248 0.0
0.00100839336 -0.000832565362 0.0
0.00100961351 -0.000831812911 0.0
0.00101013982 -0.000830333563 0.0
0.00100968243 -0.000828738324 0.0
0.00100749242 -0.000827153679 0.0
0.00100403465 -0.00082908693 0.0
0.00100142066 -0.000832592486 0.0
0.000997873722 -0.000832679274 0.0
0.000992663554 -0.000828755554 0.0
0.000987499487 -0.000823762035 0.0
0.000981714227 -0.00081842771 0.0
0.00097294111 -0.00081327057 0.0
0.000970639754 -0.000811877486 0.0
0.000970240158 -0.000809913792 0.0
0.000970884808 -0.000807352946 0.0
0.000971506932 -0.000805938791 0.0
0.000972541922 -0.000803910079 0.0
0.000974055845 -0.000802639581 0.0
0.00097744423 -0.000805269403 0.0
0.000981864752 -0.000811205944 0.0
0.00098665664 -0.000817670429 0.0
0.000991894631 -0.000822721515 0.0
0.000996687333 -0.000826747739 0.0
0.00187660195 -0.000860116445 0.0
0.00188678293 -0.000855937309 0.0
0.00189464726 -0.000848994649 0.0
0.00189960562 -0.000839243177 0.0
0.00190027605 -0.000827882031 0.0
0.0018965042 -0.000815420353 0.0
0.00188905699 -0.000803631847 0.0
0.00187879102 -0.00079243345 0.0
0.00186588883 -0.000783142517 0.0
0.00185213459 -0.000776518544 0.0
0.00182598992 -0.000774507411 0.0
0.00181553548 -0.000778312504 0.0
0.00180809747 -0.000783948926 0.0
0.00180374319 -0.000790690014 0.0
0.00180315564 -0.000797758519 0.0
0.00180511083 -0.000806859403 0.0
0.00181174639 -0.000820506364 0.0
0.00182288315 -0.000835417653 0.0
0.00183605764 -0.000848289463 0.0
0.00185048208 -0.000856742612 0.0
0.00114496809 -0.000386991276 0.0
0.00114938384 -0.000386902917 0.0
0.00115184719 -0.000386253698 0.0
0.00115209841 -0.000385947351 0.0
0.00115220516 -0.000385722815 0.0
0.00115200016 -0.00038314602 0.0
0.00114884204 -0.000376557437 0.0
0.00114348019 -0.000369078771 0.0
0.00113691052 -0.000364890846 0.0
0.00113015587 -0.000361464801 0.0
0.00112213148 -0.000357644953 0.0
0.00110771402 -0.000354880409 0.0
0.00110313494 -0.000355079683 0.0
0.00110046356 -0.000355181895 0.0
0.00109866529 -0.000356414996 0.0
0.00109854562 -0.000359550177 0.0
0.00110089569 -0.000364931679 0.0
0.00110483135 -0.000370038964 0.0
0.0011103818 -0.000374908268 0.0
0.00111700804 -0.000378530211 0.0
0.00112389505 -0.00038239875 0.0
0.00113136007 -0.000385221036 0.0
8.46723196e-05 -7.67497186e-05 0.0
7.76434608e-05 -9.08991278e-05 0.0
7.47068407e-05 -0.00010603491 0.0
7.59281538e-05 -0.000120801102 0.0
8.15563617e-05 -0.000136844101 0.0
9.24906271e-05 -0.000157387956 0.0
0.000108992201 -0.000179622366 0.0
0.000129993423 -0.000199481947 0.0
0.000152964858 -0.000211189326 0.0
0.000196533365 -0.000215044041 0.0
0.000214337299 -0.000210038139 0.0
0.000228891207 -0.000201960618 0.0
0.000240706198 -0.000190825041 0.0
0.000247181597 -0.000175223031 0.0
0.000248692697 -0.000154683657 0.0
0.000244503899 -0.000132013462 0.0
0.000234631123 -0.000109041597 0.0
0.000219362235 -8.84524488e-05 0.0
0.00181783806 -5.87866525e-05 0.0
0.00179453823 -5.24651405e-05 0.0
0.00177199801 -5.17496155e-05 0.0
0.0017522655 -5.6879624e-05 0.0
0.000644017186 -0.000518774206 0.0
0.000667848391 -0.000510383979 0.0
0.000686700223 -0.000496457564 0.0
0.000699746364 -0.000478179543 0.0
0.000707094383 -0.000456924638 0.0
0.000708274893 -0.000434987043 0.0
0.000702675083 -0.000411882967 0.0
0.000689319568 -0.000386712694 0.0
0.000668737106 -0.000359958241 0.0
0.000644252636 -0.000339614606 0.0
0.000617457961 -0.000325863948 0.0
0.000564218441 -0.000321354921 0.0
0.000540226058 -0.000328354334 0.0
0.000520445814 -0.000340688217 0.0
0.000506177195 -0.000357755547 0.0
0.000497680157 -0.000379192148 0.0
0.000496856286 -0.000405596977 0.0
0.000504174852 -0.000435524649 0.0
0.000516982225 -0.000461907388 0.0
0.000535774336 -0.000484133314 0.0
0.000559483771 -0.000501689559 0.0
0.000587054354 -0.000514060433 0.0
0.000597815146 -0.000382762373 0.0
0.000618486782 -0.000374998606 0.0
0.000634988595 -0.000363260129 0.0
0.000646769884 -0.000348245929 0.0
0.000653440366 -0.000330284034 0.0
0.000653123134 -0.00030886184 0.0
0.000647027569 -0.00028653568 0.0
0.000635364617 -0.000265497976 0.0
0.000618610939 -0.000245707924 0.0
0.000596701459 -0.000228764999 0.0
0.000571488577 -0.00021585518 0.0
0.000522238144 -0.000212992352 0.0
0.000501546077 -0.000220240254 0.0
0.000484540884 -0.000232495964 0.0
0.000472492975 -0.000250745914 0.0
0.000466091966 -0.000271776255 0.0
0.000466011727 -0.000294529338 0.0
0.000472883257 -0.000316291698 0.0
0.000485006109 -0.000336362835 0.0
0.00050245726 -0.000354156306 0.0
0.000524221861 -0.000369922578 0.0
0.000548473268 -0.000380556885 0.0
0.00118410448 -0.000406760169 0.0
0.00118497619 -0.000408043066 0.0
0.00118555152 -0.000409356959 0.0
0.001184528 -0.000409869011 0.0
0.00118261506 -0.000410086417 0.0
0.00117953413 -0.000410556066 0.0
0.00117484131 -0.000411638321 0.0
0.00117130158 -0.000413774746 0.0
0.00116920087 -0.000413687347 0.0
0.00116780365 -0.000413490081 0.0
0.00116766558 -0.000412487396 0.0
0.00116899388 -0.00040956962 0.0
0.00117081811 -0.000405031635 0.0
0.001172057 -0.000400274963 0.0
0.00117275224 -0.000397490832 0.0
0.00117380964 -0.000399564859 0.0
0.00117756519 -0.000403717859 0.0
0.00118191598 -0.000405376195 0.0
0.00118366454 -0.000404214865 0.0
0.00118411728 -0.000403983111 0.0
0.00195718626 -0.000590348151 0.0
0.00196752441 -0.000586458598 0.0
0.0019749424 -0.000580647844 0.0
0.00197908352 -0.000573641737 0.0
0.00198050239 -0.000563914946 0.0
0.00197747792 -0.000554257073 0.0
0.00197240105 -0.000543721777 0.0
0.00196583965 -0.000534866238 0.0
0.00195797672 -0.000525298878 0.0
0.00194770971 -0.00051733572 0.0
0.00193570054 -0.000510533922 0.0
0.00191095134 -0.000503839459 0.0
0.00189875928 -0.000505286909 0.0
0.00189018855 -0.000508466153 0.0
0.00188407989 -0.000516025699 0.0
0.0018802936 -0.000526950404 0.0
0.00188006577 -0.000538990891 0.0
0.00188565976 -0.000552092912 0.0
0.00189516449 -0.000563530717 0.0
0.00190628238 -0.000574198086 0.0
0.00191873359 -0.000583138899 0.0
0.00193161098 -0.000589364674 0.0
0.00097395503 -0.000676041993 0.0
0.000971259084 -0.000679469435 0.0
0.00096809672 -0.000684114173 0.0
0.000965352752 -0.000690724351 0.0
0.000963464845 -0.000698281976 0.0
0.000961584563 -0.000705129409 0.0
0.000959957717 -0.000708964944 0.0
0.000957983313 -0.00070650212 0.0
0.00095494889 -0.000702037534 0.0
0.000952024013 -0.000698028249 0.0
0.000950184476 -0.000695642375 0.0
0.00095075072 -0.000694170478 0.0
0.000953384966 -0.000692674657 0.0
0.000957338663 -0.000689324748 0.0
0.000960859586 -0.000684794621 0.0
0.000965540472 -0.000683095946 0.0
0.00096942496 -0.000680048484 0.0
0.000972410489 -0.000678040204 0.0
0.000974780065 -0.000675896648 0.0
0.00097654172 -0.000674704206 0.0
0.00097716751 -0.000674531504 0.0
0.000977129559 -0.000674576091 0.0
0.00136725628 -0.000140700198 0.0
0.00135281053 -0.000147932777 0.0
0.0013394492 -0.000158451803 0.0
0.00132811593 -0.000172668617 0.0
0.00132080971 -0.000186976133 0.0
0.00131585589 -0.000199919115 0.0
0.00131253421 -0.000214154454 0.0
0.00131164747 -0.000228625402 0.0
0.00131429499 -0.000242535913 0.0
0.00132034812 -0.00025441937 0.0
0.00132999453 -0.000262846821 0.0
0.00134211185 -0.00026818295 0.0
0.00137058983 -0.000267211872 0.0
0.00138647575 -0.000260101951 0.0
0.00140144594 -0.000248746859 0.0
0.00141456118 -0.000234280626 0.0
0.00142564531 -0.000217756577 0.0
0.00143277051 -0.000199464106 0.0
0.00143642724 -0.000179115435 0.0
0.00143548939 -0.000160026466 0.0
0.00142971834 -0.000147011102 0.0
0.00142134924 -0.000138672287 0.0
0.00140972377 -0.000135069509 0.0
0.0013965203 -0.000134057365 0.0
0.000764581899 -0.0010358484 0.0
0.000705356186 -0.00100185687 0.0
0.00034405195 -0.000614339719 0.0
0.000323713524 -0.000585740898 0.0
0.000440013799 -0.000475964451 0.0
0.00053805206 -0.000372826005 0.0
0.000546954689 -0.000326573674 0.0
0.000509159931 -0.000287890318 0.0
0.000397429045 -0.000243765375 0.0
0.000258012238 -0.000196986803 0.0
0.000187331912 -0.000166294209 0.0
0.000164589248 -0.00013447419 0.0
-3.64051289e-06 -1.64388857e-05 0.0
-1.62782435e-05 -7.68028985e-06 0.0
-1.2439813e-05 -5.34493847e-06 0.0
-1.07027415e-06 -3.68634301e-06 0.0
4.1710482e-05 -2.23677162e-05 0.0
0.000286212598 -0.000189314858 0.0
0.000401645637 -0.00017756068 0.0
0.000719088886 -0.000136301751 0.0
0.000781484996 -0.000139498618 0.0
0.000910599076 1.732696e-05 0.0
0.0010390915 0.000166765123 0.0
0.00111612934 0.000224638134 0.0
0.00115239888 0.000209241596 0.0
0.00120206585 0.00017513067 0.0
0.00124848133 0.000135769471 0.0
0.00128339068 0.000102201375 0.0
0.00131038518 8.29928977e-05 0.0
0.00133783009 8.35485771e-05 0.0
0.00140505878 7.4359974e-05 0.0
0.00145727501 8.01623901e-05 0.0
0.00153910508 4.81984825e-05 0.0
0.00158414245 4.35175971e-05 0.0
0.00160802784 3.18504717e-05 0.0
0.00163902971 -3.68634301e-06 0.0
0.00162766024 -5.34493847e-06 0.0
0.00162382179 -7.68028985e-06 0.0
0.00163645949 -1.64388857e-05 0.0
0.00180468929 -0.00013447419 0.0
0.00182743196 -0.000166294209 0.0
0.00189811224 -0.000196986803 0.0
0.00203752914 -0.000243765375 0.0
0.0021492599 -0.000287890318 0.0
0.0021870546 -0.000326573674 0.0
0.00217815209 -0.000372826005 0.0
0.00208011386 -0.000475964451 0.0
0.00196381356 -0.000585740898 0.0
0.00198415201 -0.000614339719 0.0
0.00234545628 -0.00100185687 0.0
0.00240468187 -0.0010358484 0.0
0.00239301636 -0.00101880054 0.0
0.00236913096 -0.0010071334 0.0
0.0023240936 -0.00100245257 0.0
0.00224226341 -0.000970488589 0.0
0.00219004718 -0.000976291019 0.0
0.00212281849 -0.000967102416 0.0
0.00209537358 -0.000967658125 0.0
0.00206837896 -0.000948449597 0.0
0.00203346973 -0.00091488153 0.0
0.00198705425 -0.000875520345 0.0
0.00193738728 -0.000841409375 0.0
0.00190111774 -0.000826012867 0.0
0.0018240799 -0.000883885892 0.0
0.00169558753 -0.00103332405 0.0
0.00156647339 -0.00119014957 0.0
0.00150407723 -0.00118695269 0.0
0.00118663406 -0.00122821168 0.0
0.00107120094 -0.0012399659 0.0
0.000826698903 -0.00107301876 0.0
0.00139348733 -0.000691555324 0.0
0.00128187018 -7.59166433e-05 0.0
0.00161643256 -0.000786766235 0.0
0.00101682777 -0.000227883778 0.0
0.0011119002 -0.000678845507 0.0
0.00139474939 -0.000528354198 0.0
0.00136270921 -0.000914371922 0.0
0.000846476993 -0.000193098356 0.0
0.00209217053 -0.000653408002 0.0
0.00130583218 -0.000155238376 0.0
0.00139870634 -0.000436398346 0.0
0.000825488241 -0.000620208913 0.0
0.00168254552 -0.000124418075 0.0
0.00102502585 -0.000571771176 0.0
0.00176767155 -0.000305975409 0.0
0.00135985087 7.72205894e-05 0.0
0.00164156442 -0.000740846212 0.0
0.000747369486 -9.69702742e-05 0.0
0.000644915272 -0.000388515356 0.0
0.00059360289 -0.000783088268 0.0
0.00116706034 -0.000394350616 0.0
0.00117804832 -0.000523025286 0.0
0.00117666379 -0.000725033635 0.0
0.00141008396 -8.19865672e-05 0.0
0.00194861519 -0.00068724656 0.0
0.0011977281 -0.000220496513 0.0
0.00113816781 2.63993825e-05 0.0
0.0016907648 -0.000755954476 0.0
0.000766188081 -0.000968092296 0.0
0.000836422085 -0.000193041036 0.0
0.000750715437 -0.000414314825 0.0
0.000524950272 -0.000417914562 0.0
0.00164669857 -0.00081240182 0.0
0.000997092575 -0.000297137478 0.0
0.00143786287 -0.000506899611 0.0
0.00109202415 -0.000467019883 0.0
0.000581416418 -0.000384763029 0.0
0.00146948721 -0.000955389172 0.0
0.00165073015 -0.000689924171 0.0
0.00106049678 -0.000727371196 0.0
0.00135598122 -0.000495432236 0.0
0.00107152225 -0.000656426768 0.0
0.00152964564 -0.000799059053 0.0
0.000422072102 -0.000272917969 0.0
0.00122405286 -0.000600634026 0.0
0.00140572456 -0.00015574829 0.0
0.000658119912 -9.87406893e-05 0.0
0.00197963277 -0.000386418018 0.0
0.000851022429 -0.000193403786 0.0
0.000776714878 -0.000511630613 0.0
0.00123170426 -0.00101351354 0.0
0.000755386718 -0.000640716811 0.0
0.00125253736 0.000117981086 0.0
0.00124538119 -0.000333109696 0.0
0.0012811271 -0.000195494242 0.0
2.58664477e-05 -5.44952927e-05 0.0
0.00115739845 -0.000385445863 0.0
0.000845150789 -0.000627556583 0.0
0.00138263672 8.10700876e-05 0.0
0.00175721932 -0.000178626695 0.0
0.00110409071 -0.000307687966 0.0
0.000949933019 -9.15851124e-05 0.0
0.000976425654 -0.000624480541 0.0
0.00100677717 -0.000529514626 0.0
0.00158935878 -0.000185966652 0.0
0.00117332372 -0.000124304221 0.0
0.000792932988 -0.000163834833 0.0
0.000351038034 -0.000240206267 0.0
0.00200546812 -0.000942074286 0.0
0.00182560144 -0.000488798891 0.0
0.000557141262 -0.000172055428 0.0
0.00107946212 -0.000734201865 0.0
0.00169222755 -9.71731206e-05 0.0
0.00147302856 -4.15828663e-06 0.0
0.000886943424 -0.000742684642 0.0
0.00154903193 -3.87385189e-05 0.0
0.00122728967 -0.000219929061 0.0
0.00169771549 -0.000760474068 0.0
0.000844552065 -0.000898884609 0.0
0.00110412529 -0.000829968427 0.0
0.00174627372 -0.0006602715 0.0
0.0014637562 -0.000636955432 0.0
0.000261815061 -0.000174177549 0.0
0.00154147774 -0.000337183214 0.0
0.000749500527 -0.000100911115 0.0
0.00193861837 -0.000750618696 0.0
0.0012511987 -0.000448107312 0.0
0.000592173776 -0.000839102839 0.0
0.002109566 -0.000781759969 0.0
0.00190173881 -0.000760563416 0.0
0.000782352639 -0.000157798306 0.0
0.00140872586 -0.000505483244 0.0
0.000256589788 -3.96596552e-05 0.0
0.00159363344 -0.00060709269 0.0
0.000664867228 -0.000456144713 0.0
0.00132973993 -0.000484288175 0.0
0.00110553298 -0.000501646544 0.0
0.00131906499 -0.000768077502 0.0
0.00127857283 -0.000125319886 0.0
0.00170665025 -0.000744572957 0.0
0.000944057887 -0.000546478608 0.0
0.000976285257 -0.00028763889 0.0
0.00205455464 -0.000627500063 0.0
0.00104374194 -0.000583441579 0.0
0.000533863145 -0.000739999523 0.0
0.00208373205 -0.00065895333 0.0
0.00108216878 -0.000466218014 0.0
0.00134051614 -0.000182068368 0.0
0.00172830757 -0.00076073315 0.0
0.00169869885 -3.59777514e-05 0.0
0.00137049158 1.29979571e-06 0.0
0.0011301036 -0.000824801566 0.0
0.000826546689 -0.00101909623 0.0
0.000765592617 -0.000982270692 0.0
0.000645415275 -0.00080209336 0.0
0.00153705396 -0.00113407371 0.0
0.000668322085 -0.00034320695 0.0
0.00164622546 -0.000760127325 0.0
0.00208978588 -0.000654176343 0.0
0.00189725053 -0.000620457227 0.0
0.000767378719 -0.000550150522 0.0
0.00049923308 -0.000410667853 0.0
0.00110167626 -0.000490120205 0.0
0.00122554775 -0.000657607918 0.0
0.00173046405 -0.000135749739 0.0
0.00123651675 -0.000401200756 0.0
0.0012415793 -0.00039386889 0.0
0.00149395247 -0.000971233065 0.0
0.00166312978 -0.00084155798 0.0
0.00209582318 -0.000651533948 0.0
0.00116454123 -0.000392137066 0.0
0.00155692955 -0.000746453821 0.0
0.00104649027 -0.000704631617 0.0
0.00191020826 -0.000233200917 0.0
0.000766651472 -0.000479185343 0.0
0.00125024607 -0.000537428365 0.0
0.00170021108 -0.000730715576 0.0
0.000595047837 -0.000418584357 0.0
0.00154770026 -0.000283060275 0.0
0.0013525692 -0.00104180467 0.0
0.00131020939 0.000118435608 0.0
0.001466444 -9.69563844e-05 0.0
0.00166977849 -0.000667675922 0.0
0.000626239344 -0.000321608124 0.0
0.00124994642 2.14127522e-05 0.0
0.000701871992 -0.000124957849 0.0
0.000465762365 -0.000389571593 0.0
0.00144675374 -0.00015633888 0.0
0.00147734664 2.8753404e-05 0.0
0.000935422839 -0.000246932643 0.0
0.00164424803 -1.91691943e-05 0.0
0.000851247809 -0.000150948035 0.0
0.00133319281 -0.000120340752 0.0
0.00208101445 -0.00035799286 0.0
0.000709382701 -6.7134868e-05 0.0
0.00122925045 -0.000337280304 0.0
0.000544731622 -0.000436696457 0.0
0.000861138047 -0.00070098351 0.0
0.000350715651 -0.00021783312 0.0
0.000561775174 -0.0003696965 0.0
0.0011255272 -0.00119388744 0.0
0.00102878793 -0.000741314958 0.0
0.000880963926 -0.00070679246 0.0
0.00113036251 -0.000617434562 0.0
0.00160993275 1.21833345e-05 0.0
0.00117961923 -0.000441355602 0.0
0.00205428666 -0.000947197143 0.0
0.0007461817 -0.000483894459 0.0
0.00190804549 -0.000825140742 0.0
0.0019459459 -0.000771494815 0.0
0.000742656877 -0.000377257209 0.0
0.000205012213 -0.000139125856 0.0
0.00189905008 -0.000770674262 0.0
0.000560074172 -0.0008864181 0.0
0.00105335109 -0.000781352166 0.0
0.0011629134 -0.00031319051 0.0
0.00159451691 -0.000710758031 0.0
0.00160685368 -3.17735648e-05 0.0
0.00149176724 -0.000877907674 0.0
0.000346412882 -0.000246045471 0.0
0.000734774629 -0.000665135856 0.0
0.000735017529 -0.0010023847 0.0
0.0012897664 -0.000445415935 0.0
2.58671098e-05 -3.24742286e-05 0.0
0.00124344556 -0.00104152784 0.0
0.000260969158 -0.000100529302 0.0
0.000811478938 -0.00105330045 0.0
0.00201110262 -0.000813397986 0.0
0.00198707776 -0.00091890397 0.0
0.000875250727 -0.000833788479 0.0
0.00114496308 0.000135780472 0.0
0.0011917348 -0.000955834461 0.0
0.00152011181 -0.000101309088 0.0
0.000491258746 -0.000619488477 0.0
0.0019000537 -0.000515882974 0.0
0.00173563999 -0.000762673328 0.0
0.00183634297 -0.000717714138 0.0
0.00131769234 -0.000278422202 0.0
0.000538591179 -0.000785325654 0.0
0.000778880087 -0.000516184664 0.0
0.00112617889 -0.000697846233 0.0
0.00111498975 -0.000247095799 0.0
0.00136928773 7.66635931e-05 0.0
0.00117237866 -0.000396398274 0.0
0.00107548933 -0.000100901438 0.0
0.0015916141 -0.000838558131 0.0
0.000699438271 -0.000843093439 0.0
0.00112234871 -0.00040078818 0.0
0.000911567884 -0.000764437427 0.0
0.000768772094 -0.000156554743 0.0
0.00152910012 -0.00107575697 0.0
0.00105220755 8.83921603e-05 0.0
0.00103488681 -0.000605168287 0.0
0.00127466361 -0.000216447792 0.0
0.000718832016 -0.000932612806 0.0
0.00183209416 -0.00050486438 0.0
0.00159580528 -0.000771812862 0.0
0.000848933356 -0.000199502829 0.0
0.000918065314 -0.000199871196 0.0
0.00123021752 -0.000137028328 0.0
0.00080088008 -0.000143168101 0.0
0.000300559361 -0.000204527314 0.0
0.00104689877 -0.000756497669 0.0
0.000567245705 -0.000723343634 0.0
0.00199169735 -0.00092548976 0.0
0.00122845685 -0.000232842096 0.0
0.00135178154 -0.000144180594 0.0
1.20533268e-05 -3.87016335e-05 0.0
0.000450729684 -0.000356746081 0.0
0.00233760593 -0.000995035283 0.0
0.000873001816 -0.000947581779 0.0
0.00173551182 -0.000745655445 0.0
0.00163952843 -0.000624872104 0.0
0.00172638241 -9.28703084e-05 0.0
0.00124303298 -0.000365812099 0.0
0.00105730165 -0.000865017588 0.0
0.00103914388 -0.000283335277 0.0
0.00165606791 -0.000893352437 0.0
0.000931984279 -0.000641005347 0.0
4.94959968e-05 -7.14671551e-05 0.0
0.00104445172 -0.000636440702 0.0
0.00115915551 -0.000387075997 0.0
0.00150360062 -4.6950121e-05 0.0
0.00065570086 -0.000951267197 0.0
0.00053167314 -0.000114904054 0.0
0.00114516157 -0.00038393063 0.0
0.00119091116 -0.000925087545 0.0
0.00133355276 5.84116133e-05 0.0
0.00166333118 -0.000762294047 0.0
0.000268828328 -0.000183053096 0.0
0.00185921288 -0.000767238205 0.0
0.00106466829 -0.000347349123 0.0
0.00134608475 -6.12873482e-05 0.0
0.00149658218 -5.74483201e-05 0.0
0.00113263272 -0.000875676167 0.0
0.00100634422 -0.000644527841 0.0
0.00171822368 -0.000764030789 0.0
0.00159680157 -0.000629508984 0.0
0.000264462578 -0.000110917063 0.0
0.000853941368 -0.00063571689 0.0
0.00192921283 -0.000843124464 0.0
0.000354682386 -0.000198412017 0.0
0.00123978604 0.000154089008 0.0
0.00212728116 -0.00079546927 0.0
0.00181165466 -0.000671639224 0.0
0.00155985029 -0.000270223827 0.0
0.00152543583 -0.000953575131 0.0
0.000774497516 -0.000127068197 0.0
0.000448703126 -0.00037102963 0.0
0.000984910643 -0.000480571471 0.0
0.000802916358 -0.00101329875 0.0
0.00158683991 -0.000988101354 0.0
0.00177365902 -0.000159381569 0.0
0.00133238209 -0.000612165371 0.0
0.000319148734 -0.000219507667 0.0
0.00188761344 -0.000817672466 0.0
0.00121965143 -0.00100847147 0.0
0.00129318866 -0.000443458586 0.0
0.00123973971 -0.000825972995 0.0
0.0012282125 -0.000359370082 0.0
0.00089474913 -0.000234259671 0.0
0.000361896324 -0.000225920521 0.0
0.000871275493 -0.00101524557 0.0
0.00175692316 -0.000115999203 0.0
0.00171443669 -0.000686592713 0.0
0.00108132069 -0.000703641272 0.0
0.000503218675 -0.000747991784 0.0
0.000953224138 -0.000543019967 0.0
0.00116435834 -0.000393212802 0.0
0.000843917252 -0.000380677695 0.0
0.00211676979 -0.000646403874 0.0
0.0021419588 -0.000693077396 0.0
0.000778472284 -0.000176611196 0.0
0.00160197017 2.34374311e-05 0.0
1.86338148e-05 -3.84527957e-05 0.0
0.00137018831 -0.000492008752 0.0
0.000177714159 -6.51238952e-05 0.0
0.00181294058 -0.000521625276 0.0
0.00150098256 -0.000567814044 0.0
0.00138877507 -0.00105192128 0.0
0.00187811104 -0.000424892525 0.0
0.00170675106 -3.72306822e-05 0.0
0.00167862745 -0.000996602932 0.0
0.00204062159 -0.000278943044 0.0
0.00115712825 -0.00089630537 0.0
0.0018380949 -0.00052015658 0.0
0.00058586488 -0.000170767948 0.0
0.00109948451 -0.000416981638 0.0
0.000912641699 -0.000245519157 0.0
0.00175919523 -0.000765549194 0.0
0.00194896862 -0.000780276372 0.0
0.00209664274 -0.000902285916 0.0
0.00106575934 -0.00052324537 0.0
0.00123135722 -0.000429966633 0.0
0.000724292069 -9.85497172e-05 0.0
0.000423632504 -0.000291154749 0.0
0.00123754749 -0.000377478689 0.0
0.00122923497 -0.000941046164 0.0
0.000635027827 -7.54281427e-05 0.0
0.00113247964 -0.00042261713 0.0
0.00081302016 -0.000568979129 0.0
0.00166542607 -0.000149437255 0.0
0.000459896342 -0.000285744638 0.0
0.00208383263 -0.000423938269 0.0
0.00111424993 -0.000553515099 0.0
0.000723744917 -0.000691469759 0.0
0.00151673786 -0.000617692596 0.0
0.00183071825 -0.000194659355 0.0
0.00037966232 -0.000286110939 0.0
0.00147955492 -0.00117308402 0.0
0.000998815405 -0.000749231491 0.0
0.00116228731 -0.000644108746 0.0
0.00155782653 -0.000841159257 0.0
0.00154747849 1.86226989e-05 0.0
0.000719254371 -0.000539867382 0.0
0.000656468619 -0.000497071771 0.0
0.000309864205 -0.000129176988 0.0
0.000784257951 -0.000749224797 0.0
0.00056338968 -0.000436819624 0.0
0.00165733905 -0.000778083398 0.0
0.000523167255 -0.000436201488 0.0
0.00129945984 -0.00107133924 0.0
0.00149106956 3.48573631e-05 0.0
0.00102566078 -0.000717639923 0.0
0.0018004186 -0.000877482817 0.0
0.00187156815 -0.000630178198 0.0
0.00042009243 -0.000554895552 0.0
0.00140598312 -0.000962119026 0.0
0.000881793268 -0.000356380478 0.0
0.00142914138 -0.000840257388 0.0
0.000609083218 -0.000375824398 0.0
0.000960284029 -0.000286182563 0.0
0.00123495504 -5.57780331e-05 0.0
0.00154588348 2.42710921e-05 0.0
0.00140919269 -0.000192030551 0.0
0.0011738349 -0.000985848717 0.0
0.000297562685 -0.000225904849 0.0
0.00190778112 -0.000825776311 0.0
0.00144779985 -0.000753908651 0.0
0.00139502273 -0.000497442728 0.0
0.00067599368 -4.89379308e-05 0.0
0.00198042439 -0.000571505749 0.0
0.00192677299 -0.000844655151 0.0
0.00214031362 -0.000729979307 0.0
0.000737052236 -0.000525088515 0.0
0.00127904594 -0.000271984667 0.0
0.000294413912 -8.57042251e-05 0.0
0.00130309467 0.00010853188 0.0
0.00071690086 -0.00011875089 0.0
0.00144820963 -0.00015248805 0.0
0.00148946955 -0.000685937412 0.0
0.000724404759 -0.00015060947 0.0
0.000754346664 -0.00025889909 0.0
0.00168849609 -0.000215022999 0.0
0.00102855719 -0.000815460749 0.0
0.000873773184 -0.000212558312 0.0
0.00133466872 -0.00021334039 0.0
0.00090849906 -0.000691077556 0.0
0.00120901829 -0.000380022975 0.0
0.000916129095 -0.000570315926 0.0
0.000791108934 -0.000160145399 0.0
0.000673881499 -0.000597591803 0.0
0.00156704045 -0.00080773118 0.0
0.00053885323 -0.000349322247 0.0
0.000702721009 -7.89806727e-05 0.0
0.000605373527 -0.000453327055 0.0
0.00203882111 -0.000950852002 0.0
0.00195153127 -0.000887738774 0.0
0.000241354181 -0.000144657359 0.0
0.00142506615 -2.89682375e-05 0.0
0.000642929052 -0.000176502843 0.0
0.0020793681 -0.000661698868 0.0
0.00197680015 -0.000807149336 0.0
0.000464297336 -0.000307450566 0.0
0.00108474097 -0.000715036469 0.0
0.000856143888 -0.000728545827 0.0
0.0019548689 -0.000499078364 0.0
4.70697378e-05 -4.56925554e-05 0.0
0.00179957785 -0.000219370937 0.0
0.000786228338 -0.000142861318 0.0
0.00118807761 -0.000576774648 0.0
0.00207302719 -0.000827585347 0.0
0.00111360231 -0.000350440678 0.0
0.0013896554 -0.000122749363 0.0
0.00172456366 -0.000150394844 0.0
0.00101974374 -0.000683356426 0.0
4.36102273e-05 -7.8240002e-05 0.0
0.00131999992 0.000103340193 0.0
0.00174119347 -0.000730472559 0.0
0.00109278539 -0.000675283605 0.0
0.00141154567 5.14057247e-05 0.0
0.00111668324 -0.000479605835 0.0
0.00127359363 -0.000179914437 0.0
0.00099218823 -0.000593830599 0.0
0.00147722138 4.79769951e-05 0.0
0.00123573781 -0.000185928628 0.0
0.00105404586 -0.000842365844 0.0
0.0017830031 -0.000767741411 0.0
0.00173556642 -0.000710219378 0.0
0.0013102818 -0.000463933742 0.0
0.000973207993 -0.000662672915 0.0
8.62018987e-06 -2.96835642e-05 0.0
0.00106035045 -0.000470000377 0.0
0.00117427961 -0.000307707349 0.0
0.00041379992 -0.000228283519 0.0
0.00070800411 -0.000479420763 0.0
0.000703947269 -0.00040444982 0.0
0.00166896172 -0.000751466723 0.0
0.00174788653 -0.000775884488 0.0
0.000503510993 -0.00083669892 0.0
0.000604115834 -0.000314341218 0.0
0.00103669986 -0.000528339704 0.0
0.000962362916 5.77999435e-06 0.0
0.00123014941 -0.000252445461 0.0
0.000716090493 -0.000799337751 0.0
0.00199184916 -0.000550354365 0.0
0.00129355455 -0.000347053894 0.0
0.0010574616 -0.000541753659 0.0
0.00152682082 -1.89983457e-05 0.0
0.000809004297 -0.000615479948 0.0
0.000948384055 -0.000763620075 0.0
0.00027519904 -0.000169588311 0.0
0.00118961895 0.000177914102 0.0
0.00146330474 3.83184597e-05 0.0
0.0015012183 -0.000428314059 0.0
0.000561923895 -0.000317027181 0.0
0.00187965087 -0.000737803348 0.0
0.000590507349 -0.000726172933 0.0
0.00103327574 -0.000486714591 0.0
0.00136434042 -0.000556012848 0.0
0.00168914464 -0.000386069471 0.0
0.000683084072 -0.000332665484 0.0
0.00146863714 -8.16793981e-05 0.0
0.00160291803 -0.000606958056 0.0
0.000908575195 -0.000730012602 0.0
0.00127149653 -0.000163954828 0.0
0.00107056473 -0.00032622143 0.0
0.000748334453 -0.000476279674 0.0
0.00162274099 1.50248397e-05 0.0
0.000581888948 -0.000339621794 0.0
0.00191024155 -0.000580655353 0.0
0.0009399181 -0.000930572627 0.0
0.000808567216 -0.00106153206 0.0
0.00147685641 -0.000133263529 0.0
0.00135437876 -0.000237180779 0.0
0.00120126829 7.77112436e-05 0.0
0.00066864863 -0.000858392741 0.0
0.000952653354 -0.000513082254 0.0
0.000845605333 -0.000640391721 0.0
0.00049860921 -0.00078591489 0.0
0.000605349313 -0.000580988708 0.0
0.0016044745 3.72372028e-06 0.0
0.00190572336 -0.000745113066 0.0
0.000302349305 -0.000193961096 0.0
0.00115025311 -0.000289546704 0.0
0.000414608337 -0.000270596094 0.0
0.00233408087 -0.000984307495 0.0
0.00130571937 -0.000491678657 0.0
0.00120046083 -0.000399080163 0.0
0.00139314809 7.44936842e-05 0.0
0.00166346249 -2.53080143e-05 0.0
0.000547918316 -0.000310684583 0.0
0.00149375282 -9.7794873e-05 0.0
0.00174463482 -0.000762130832 0.0
0.00141311821 3.80289421e-05 0.0
0.00153206673 -0.000548528915 0.0
0.00127351168 -0.000256554835 0.0
0.000362051389 -0.000236211883 0.0
0.00180199696 -0.00069156778 0.0
0.00166418403 -9.26820649e-05 0.0
0.000903767883 -0.000758922368 0.0
0.00181058596 -0.000771366816 0.0
0.0010346768 -0.000609047187 0.0
0.000763989286 -0.0010241773 0.0
0.00121872197 -0.000420450728 0.0
0.000496835099 -0.000292645011 0.0
0.00131812412 -0.00100618438 0.0
0.00104270352 -0.000770524144 0.0
0.00130905106 -1.39832437e-05 0.0
0.000787284574 -0.00055623072 0.0
0.000899057544 -0.000240335619 0.0
0.00155574991 -1.80430761e-05 0.0
0.00196276908 -0.000878227933 0.0
0.00205545127 -0.000720801298 0.0
0.00189382711 -0.000761006901 0.0
0.00170333695 -0.000383943931 0.0
0.000700574368 -0.000935047341 0.0
0.000652861956 -0.000623551838 0.0
0.00195439509 -0.000914827513 0.0
0.00216112472 -0.000759261777 0.0
0.00159372704 -0.000371458562 0.0
0.00085563038 -0.000686141313 0.0
0.00203633308 -0.000916366873 0.0
0.00239326037 -0.00102838117 0.0
0.00112923828 -0.000470710511 0.0
0.000974440482 -0.00110864791 0.0
0.00117569591 -0.00018939616 0.0
0.00183021347 -0.000737421622 0.0
7.10752502e-05 -8.46954863e-05 0.0
0.000622872438 -0.000408620719 0.0
0.00199643406 -0.000814173487 0.0
0.00109993236 -0.000770521525 0.0
0.00161186524 -7.59052637e-05 0.0
0.000603168679 -6.63405735e-05 0.0
0.000997762429 -0.000869751093 0.0
0.00193495629 -0.000324459572 0.0
0.000237095315 -0.000182053627 0.0
0.00102895801 -0.000764845638 0.0
0.00143947499 5.06412034e-05 0.0
0.000935658871 -0.000862078974 0.0
0.000915365119 -0.000986113097 0.0
0.00131086458 -0.000713129644 0.0
0.00124917517 -0.000340758066 0.0
0.00175886438 -0.000703612692 0.0
0.00104860903 -2.00501909e-05 0.0
1.55704074e-05 -1.65232959e-05 0.0
0.0016451577 -0.000717941788 0.0
0.00200467953 -0.000786475488 0.0
0.00163215306 -4.76988025e-05 0.0
0.00109100377 -0.00090972922 0.0
0.000414782407 -0.000256136089 0.0
0.00117705239 -4.06516228e-05 0.0
0.000773695181 -0.000409400469 0.0
0.00152986962 -0.000327384158 0.0
0.00099339569 -0.000157893548 0.0
0.00170239061 -0.00075915159 0.0
0.000992874149 -0.000567499315 0.0
0.000923650572 -0.000962073682 0.0
0.00123306585 -0.000478051254 0.0
0.00113326008 -0.00091849576 0.0
0.00102427648 -0.000603393652 0.0
0.000708266569 -7.17976582e-05 0.0
0.00110388617 -0.000522069167 0.0
0.000841987901 -0.00104588701 0.0
0.00109436747 -0.000174620465 0.0
0.000849582721 -0.000623804692 0.0
0.00109805202 -0.00073873176 0.0
0.00102170394 -0.000603057269 0.0
5.98366714e-05 -2.90908283e-05 0.0
0.000513807347 -0.000177881418 0.0
