0.00194286357 0.000105016894 0.0
0.00192182395 0.000156875234 0.0
0.000859152235 9.96031813e-05 0.0
0.000760199153 9.79022952e-05 0.0
0.000827145705 3.28096248e-05 0.0
0.00221195887 9.79022952e-05 0.0
0.00231091189 9.96031813e-05 0.0
0.0013897242 2.04653006e-05 0.0
0.00136571552 0.000163721998 0.0
0.00126434013 8.83412868e-05 0.0
0.000144726073 5.61268935e-05 0.0
0.000168734827 -8.71297962e-05 0.0
0.0016772825 -2.08824094e-05 0.0
0.00166003185 4.174895e-05 0.0
0.00158404803 3.58999978e-06 0.0
0.000439042429 -6.58461504e-05 0.0
0.000456293114 -0.000128477506 0.0
0.0014240403 1.25612351e-05 0.0
0.00140194467 0.000133404377 0.0
0.00229771156 8.44706447e-05 0.0
0.00240073958 8.39922795e-05 0.0
0.00232600211 0.000219829337 0.0
0.000948980101 8.39922795e-05 0.0
0.000845952018 8.44706447e-05 0.0
0.00124324008 -4.40485273e-05 0.0
0.00121914886 0.000100794212 0.0
0.00207063812 0.000118094416 0.0
0.00204851758 0.000208430021 0.0
0.00107913127 -5.17304616e-05 0.0
0.00105908886 9.53195122e-05 0.0
0.000354842487 0.000120631259 0.0
0.000236068779 0.00011659888 0.0
0.000316823309 -5.09187412e-05 0.0
0.00168782833 0.00011659888 0.0
0.00180660211 0.000120631259 0.0
0.000665334985 -4.44765938e-05 0.0
0.000642483763 0.000131320121 0.0
0.000563923735 -0.000132680783 0.0
0.000540932699 4.31274057e-05 0.0
0.00128059043 -1.24271673e-05 0.0
0.00126063579 9.38020385e-05 0.0
0.0019391902 4.27121049e-05 0.0
0.00191769202 0.000139675933 0.0
0.00105010683 -8.44928727e-05 0.0
0.00102710782 4.15358518e-05 0.0
0.00149872922 8.43892412e-05 0.0
0.00147472671 0.000175877634 0.0
0.00122098939 0.0001075951 0.0
0.0 0.0 0.0
0.0014517596 0.0 0.0
0.00267274911 0.0001075951 0.0
0.00195134641 0.000106672444 0.0
0.00195841608 0.000110076908 0.0
0.00196395023 0.000114682582 0.0
0.00196761638 0.000120055498 0.0
0.00196909253 0.000125916238 0.0
0.00196786108 0.000132299931 0.0
0.00196421752 0.000139531126 0.0
0.00195771642 0.000146746446 0.0
0.00194869051 0.000152432563 0.0
0.00193952431 0.000155698261 0.0
0.00193050376 0.000157093134 0.0
0.001913846 0.000154724374 0.0
0.00190709543 0.000151102751 0.0
0.00190195709 0.000146313279 0.0
0.00189854298 0.000140915727 0.0
0.00189751713 0.000134551272 0.0
0.0018997204 0.000127255291 0.0
0.00190451706 0.000120993936 0.0
0.00191120163 0.000116210038 0.0
0.00191855512 0.000110852248 0.0
0.0019263007 0.000107013686 0.0
0.00193408912 0.000104912331 0.0
0.000758537499 8.72472301e-05 0.0
0.000760507421 7.69008475e-05 0.0
0.000765757402 6.56685515e-05 0.0
0.000774666609 5.43880415e-05 0.0
0.000786515826 4.44543148e-05 0.0
0.000799679954 3.74091651e-05 0.0
0.000813459046 3.35222903e-05 0.0
0.000840055989 3.50668088e-05 0.0
0.000851519406 4.0197916e-05 0.0
0.000860865111 4.79219852e-05 0.0
0.000867564289 5.77510073e-05 0.0
0.000870987424 6.90752277e-05 0.0
0.000870554824 8.09280755e-05 0.0
0.000866167888 9.10129675e-05 0.0
0.00230223383 0.000109338944 0.0
0.00229114643 0.000117659787 0.0
0.00227780058 0.000123797814 0.0
0.00226349197 0.000126638202 0.0
0.00224941713 0.000126218118 0.0
0.00223665335 0.000122494283 0.0
0.00222590333 0.000115974275 0.0
0.00221765228 0.000107471504 0.0
0.00134544098 0.000166979371 0.0
0.00132557109 0.000166032405 0.0
0.0013066933 0.000160943717 0.0
0.00129010342 0.000151702872 0.0
0.00127680437 0.000138724223 0.0
0.001267788 0.000122842859 0.0
0.00126372685 0.000105379382 0.0
0.00126992271 7.23004632e-05 0.0
0.00127908285 5.68370997e-05 0.0
0.00129246141 4.15877257e-05 0.0
0.00130968075 2.84326597e-05 0.0
0.00132972398 1.88583836e-05 0.0
0.00135035126 1.40202665e-05 0.0
0.00137083756 1.46773964e-05 0.0
0.000184957637 -7.69762191e-05 0.0
0.0001978972 -6.34574535e-05 0.0
0.000206851066 -4.78872753e-05 0.0
0.000211322913 -3.12783195e-05 0.0
0.000210670696 -1.45059585e-05 0.0
0.00020541031 1.99484998e-06 0.0
0.000195887711 1.97294812e-05 0.0
0.000181819763 3.56586388e-05 0.0
0.000164007899 4.81729585e-05 0.0
0.00164802663 4.82369214e-05 0.0
0.00163502898 5.20137692e-05 0.0
0.00162196497 5.24861352e-05 0.0
0.00160968606 4.94667584e-05 0.0
0.0015992166 4.34208305e-05 0.0
0.00159106485 3.52933566e-05 0.0
0.00158545619 2.56290023e-05 0.0
0.0015826124 1.50320866e-05 0.0
0.00158971525 -7.64364358e-06 0.0
0.00159836444 -1.66337104e-05 0.0
0.00160856987 -2.36317028e-05 0.0
0.00161978265 -2.96588023e-05 0.0
0.0016321342 -3.40268161e-05 0.0
0.00164499902 -3.52461939e-05 0.0
0.00165728841 -3.33682765e-05 0.0
0.00166834635 -2.84009384e-05 0.0
0.000462895434 -0.00011849685 0.0
0.000466019323 -0.000107182961 0.0
0.000465189019 -9.55208234e-05 0.0
0.000459694827 -8.43080052e-05 0.0
0.000450601452 -7.44130084e-05 0.0
0.00144089269 1.56507103e-05 0.0
0.00145579362 2.27192613e-05 0.0
0.00146794261 3.2699576e-05 0.0
0.0014761691 4.62343814e-05 0.0
0.00147943373 6.13265001e-05 0.0
0.00147824723 7.68954997e-05 0.0
0.00147238583 9.07843496e-05 0.0
0.00146389555 0.000104589883 0.0
0.00145243097 0.000116263727 0.0
0.00143728033 0.000125719685 0.0
0.0014198774 0.000131775581 0.0
0.00138476654 0.000130814966 0.0
0.00136938132 0.000124242695 0.0
0.00135673117 0.000114540417 0.0
0.00134751166 0.000102239639 0.0
0.00134252466 8.8044173e-05 0.0
0.00134208007 7.24023921e-05 0.0
0.00134724355 5.55779661e-05 0.0
0.00135847426 3.93374321e-05 0.0
0.00137286587 2.68829535e-05 0.0
0.00138915435 1.83569646e-05 0.0
0.00140642165 1.35719383e-05 0.0
0.00241383491 9.7214237e-05 0.0
0.00242282334 0.000112959613 0.0
0.00242718426 0.000130803834 0.0
0.00242516678 0.000150077307 0.0
0.00241650897 0.000169990206 0.0
0.00240321108 0.000187420679 0.0
0.00238659419 0.000201210249 0.0
0.002367598 0.000211772203 0.0
0.00234695221 0.000218485919 0.0
0.00230600266 0.00021603248 0.0
0.0022881818 0.000207543024 0.0
0.00227352325 0.000195419896 0.0
0.00226269593 0.000180391333 0.0
0.00225639739 0.000163024422 0.0
0.00225623115 0.000144415448 0.0
0.00226079114 0.000126779909 0.0
0.00226999028 0.000111744397 0.0
0.00228201412 9.70790788e-05 0.0
0.000862692308 7.5378106e-05 0.0
0.000880989828 6.95088238e-05 0.0
0.000899700332 6.75221818e-05 0.0
0.000917794707 6.95536073e-05 0.0
0.000934462063 7.522347e-05 0.0
0.00126207399 -4.07342231e-05 0.0
0.00127903849 -3.31893425e-05 0.0
0.00129319425 -2.22510935e-05 0.0
0.00130390865 -8.593659e-06 0.0
0.00131059473 6.8827726e-06 0.0
0.00131242245 2.35311472e-05 0.0
0.00130903139 3.91876056e-05 0.0
0.00130191853 5.39107532e-05 0.0
0.00129109353 6.84093175e-05 0.0
0.00127637491 8.18859553e-05 0.0
0.00125845056 9.21292303e-05 0.0
0.00123894925 9.86589657e-05 0.0
0.00120016339 9.82934216e-05 0.0
0.00118288782 9.15146666e-05 0.0
0.00116837176 8.11631326e-05 0.0
0.001157291 6.76044729e-05 0.0
0.00115058734 5.18317574e-05 0.0
0.00114876579 3.51188974e-05 0.0
0.00115107093 1.77111469e-05 0.0
0.0011585803 3.89029566e-07 0.0
0.00117072184 -1.5474161e-05 0.0
0.00118643022 -2.85249844e-05 0.0
0.00120448682 -3.77149408e-05 0.0
0.001223712 -4.29466127e-05 0.0
0.00208437745 0.00012107021 0.0
0.00209604553 0.000127571868 0.0
0.00210491288 0.000136782925 0.0
0.00211041933 0.000147998202 0.0
0.0021115446 0.0001605383 0.0
0.00210794224 0.00017339192 0.0
0.00210000505 0.000184774355 0.0
0.00208967319 0.000194151464 0.0
0.00207692082 0.000201869625 0.0
0.00206293352 0.000207094999 0.0
0.00203485205 0.000205898294 0.0
0.00202301494 0.000199877744 0.0
0.00201392057 0.000191152198 0.0
0.00200826325 0.00018053742 0.0
0.00200710422 0.000168872517 0.0
0.00200956245 0.000156273629 0.0
0.00201695226 0.000143473095 0.0
0.00202870788 0.000132553745 0.0
0.00204175059 0.00012448075 0.0
0.00205604057 0.000119224613 0.0
0.00109984085 -4.85878663e-05 0.0
0.0011184992 -4.08705782e-05 0.0
0.00113416428 -2.85485421e-05 0.0
0.00114508439 -1.22588763e-05 0.0
0.00115115091 6.52254766e-06 0.0
0.00115196838 2.57937336e-05 0.0
0.00114666834 4.48258143e-05 0.0
0.00113477337 6.26829351e-05 0.0
0.0011189566 7.56563459e-05 0.0
0.00110098696 8.57656341e-05 0.0
0.00108052476 9.30817332e-05 0.0
0.00103816041 9.22055624e-05 0.0
0.00101939007 8.39594068e-05 0.0
0.00100389193 7.12495166e-05 0.0
0.000992703368 5.51485027e-05 0.0
0.000986670377 3.67541688e-05 0.0
0.000986643019 1.69984505e-05 0.0
0.000992780435 -2.05357333e-06 0.0
0.00100443768 -1.87374062e-05 0.0
0.00101994781 -3.17759987e-05 0.0
0.00103762362 -4.24745776e-05 0.0
0.00105780468 -4.93118641e-05 0.0
0.000220128815 0.000100008983 0.0
0.000209458303 8.02300638e-05 0.0
0.0002049264 5.86144888e-05 0.0
0.000206514596 3.65343694e-05 0.0
0.000213536012 1.48138151e-05 0.0
0.000226586155 -6.20989749e-06 0.0
0.000245138101 -2.44801795e-05 0.0
0.000267216295 -3.8788341e-05 0.0
0.000291620439 -4.80592862e-05 0.0
0.000341234496 -4.76130954e-05 0.0
0.000363362284 -3.86857137e-05 0.0
0.000381996913 -2.46916825e-05 0.0
0.000396196643 -6.34706566e-06 0.0
0.000404789869 1.5545822e-05 0.0
0.000407155167 3.94894487e-05 0.0
0.000402606616 6.36170298e-05 0.0
0.000391663518 8.60804066e-05 0.0
0.000375135802 0.000105411695 0.0
0.00178305921 0.000131390931 0.0
0.00175779825 0.000136577262 0.0
0.00173234451 0.00013599814 0.0
0.00170852186 0.000129010557 0.0
0.000689676381 -4.10941684e-05 0.0
0.000711443718 -3.17229096e-05 0.0
0.000729364518 -1.7143504e-05 0.0
0.000742042554 1.40524162e-06 0.0
0.000748669379 2.22676517e-05 0.0
0.000749063096 4.38295829e-05 0.0
0.000743105717 6.52434464e-05 0.0
0.000730566273 8.63203968e-05 0.0
0.000712145818 0.000105447289 0.0
0.000690543733 0.000119997429 0.0
0.000666932028 0.000128854546 0.0
0.000618961058 0.000127550622 0.0
0.000597566424 0.000118407617 0.0
0.000579566986 0.00010432893 0.0
0.000566222006 8.58366984e-05 0.0
0.000558589061 6.39439531e-05 0.0
0.000557768333 4.02610967e-05 0.0
0.000564306509 1.64555986e-05 0.0
0.0005769087 -4.22444327e-06 0.0
0.000594734971 -2.10891958e-05 0.0
0.000616452075 -3.380407e-05 0.0
0.000640375074 -4.19808639e-05 0.0
0.000588241324 -0.000129322347 0.0
0.000610137882 -0.000119991673 0.0
0.000628356589 -0.000105658051 0.0
0.000641714199 -8.7353219e-05 0.0
0.000649341557 -6.58171484e-05 0.0
0.000649579044 -4.21381192e-05 0.0
0.000642814848 -1.88774793e-05 0.0
0.000629946473 1.41811097e-06 0.0
0.000611856405 1.8267725e-05 0.0
0.000590249081 3.1304975e-05 0.0
0.000566108385 4.05280116e-05 0.0
0.000516570872 3.90178029e-05 0.0
0.00049474882 2.8831606e-05 0.0
0.000476811983 1.36532508e-05 0.0
0.000464074139 -5.656957e-06 0.0
0.000457383343 -2.73174719e-05 0.0
0.000457072078 -4.9800954e-05 0.0
0.000463972305 -7.15835995e-05 0.0
0.000476763817 -9.11957177e-05 0.0
0.000494268897 -0.000107862557 0.0
0.000515431399 -0.000121001176 0.0
0.000539044209 -0.000129736887 0.0
0.00129659113 -9.15381133e-06 0.0
0.00131082255 -1.92023049e-06 0.0
0.00132219866 8.49411572e-06 0.0
0.00132974773 2.14192496e-05 0.0
0.00133235799 3.63967883e-05 0.0
0.00132927683 5.19620662e-05 0.0
0.00131995429 6.58984573e-05 0.0
0.00130766095 7.63953503e-05 0.0
0.00129350391 8.59618813e-05 0.0
0.00127752847 9.21221581e-05 0.0
0.00124437362 9.09083756e-05 0.0
0.00123002799 8.4260093e-05 0.0
0.00121863314 7.41202748e-05 0.0
0.00121120771 5.9987382e-05 0.0
0.00120847917 4.38656971e-05 0.0
0.00121089537 2.74491995e-05 0.0
0.0012195789 1.22534348e-05 0.0
0.00123324536 4.29338201e-07 0.0
0.00124779833 -6.82813652e-06 0.0
0.00126399251 -1.16167112e-05 0.0
0.00195302058 4.5865545e-05 0.0
0.0019651067 5.20963586e-05 0.0
0.00197477057 6.09506315e-05 0.0
0.0019812684 7.16668437e-05 0.0
0.00198445749 8.36083273e-05 0.0
0.00198260392 9.6519012e-05 0.0
0.00197627558 0.000109082051 0.0
0.00196714653 0.000118691802 0.0
0.00195669057 0.000127704232 0.0
0.00194523775 0.000134048052 0.0
0.00193245336 0.000138187359 0.0
0.00190329121 0.000137997864 0.0
0.00189001078 0.000132813933 0.0
0.00187959266 0.000124619532 0.0
0.00187245233 0.000113699061 0.0
0.00186855136 0.000101521757 0.0
0.00186822761 8.87134156e-05 0.0
0.00187375746 7.51271655e-05 0.0
0.00188392354 6.35784454e-05 0.0
0.00189636461 5.44283685e-05 0.0
0.00190991687 4.74614171e-05 0.0
0.00192452129 4.32933957e-05 0.0
0.00106739078 -8.15363965e-05 0.0
0.00108283525 -7.47475715e-05 0.0
0.00109537097 -6.43477106e-05 0.0
0.00110421574 -5.15379725e-05 0.0
0.00110899343 -3.68540277e-05 0.0
0.00110892195 -2.07377689e-05 0.0
0.0011040672 -4.11552583e-06 0.0
0.00109396689 1.19244432e-05 0.0
0.00107951311 2.51424372e-05 0.0
0.0010628138 3.45704429e-05 0.0
0.00104522158 4.00779063e-05 0.0
0.00100967125 3.84541781e-05 0.0
0.000994205591 3.14063691e-05 0.0
0.000981773599 2.14730735e-05 0.0
0.00097243319 8.35246465e-06 0.0
0.000968368957 -8.35880201e-06 0.0
0.000969650107 -2.54889219e-05 0.0
0.000975671515 -4.19562202e-05 0.0
0.000985987601 -5.59129803e-05 0.0
0.000999282231 -6.73803734e-05 0.0
0.00101491541 -7.70539555e-05 0.0
0.00103215873 -8.30724675e-05 0.0
0.00151115202 8.66797418e-05 0.0
0.00152206572 9.18731384e-05 0.0
0.00153099874 9.91600682e-05 0.0
0.00153746316 0.000108035383 0.0
0.00154144946 0.000118097894 0.0
0.00154248823 0.000129278953 0.0
0.00153902825 0.00014102603 0.0
0.00153146847 0.0001521206 0.0
0.00152197061 0.000160828713 0.0
0.00151105749 0.000167130711 0.0
0.00149960571 0.000172275468 0.0
0.00148725056 0.000175161767 0.0
0.00146267039 0.000173766413 0.0
0.0014520433 0.000169457227 0.0
0.0014430962 0.000162660261 0.0
0.00143659161 0.000153972214 0.0
0.00143349019 0.000143826284 0.0
0.00143344083 0.000133348032 0.0
0.00143680896 0.000123437363 0.0
0.00144270272 0.000113625938 0.0
0.00145026273 0.000103663813 0.0
0.00146028248 9.53043782e-05 0.0
0.00147235254 8.8832523e-05 0.0
0.00148556649 8.51201185e-05 0.0
0.00118295848 9.03240216e-05 0.0
0.00111541816 8.06823082e-05 0.0
0.000570496835 7.93358049e-05 0.0
0.000547054107 6.9340058e-05 0.0
0.000570540666 8.8817018e-05 0.0
0.000595252379 0.000110891619 0.0
0.000590133481 0.000118457108 0.0
0.000556658197 0.000116833289 0.0
0.000493547297 0.000112727612 0.0
0.00041586213 0.000109343666 0.0
0.000357132289 0.000103774953 0.0
0.000331348361 9.85079678e-05 0.0
9.4840063e-05 0.000102731254 0.0
5.23789131e-05 8.29704586e-05 0.0
3.32449272e-05 5.35747604e-05 0.0
2.07684607e-05 2.6889742e-05 0.0
5.79498592e-05 1.70449239e-05 0.0
0.000262164453 -0.00010545025 0.0
0.000344878092 -9.74270297e-05 0.0
0.000574118807 -0.000114222647 0.0
0.000667612243 -6.92362664e-05 0.0
0.000779734575 2.40603786e-05 0.0
0.000857221894 7.34991991e-05 0.0
0.000907344976 8.01480346e-05 0.0
0.000944235187 6.5828448e-05 0.0
0.000999838463 5.36319785e-05 0.0
0.00105769839 5.10632526e-05 0.0
0.00111526006 6.38628771e-05 0.0
0.00117020449 8.43074522e-05 0.0
0.00122077402 9.45587672e-05 0.0
0.00126833934 8.03615185e-05 0.0
0.00129311427 6.4264299e-05 0.0
0.00131685915 3.88537519e-05 0.0
0.00134889944 1.74581201e-05 0.0
0.00139535288 2.83697159e-06 0.0
0.00147252809 2.6889742e-05 0.0
0.00148500456 5.35747604e-05 0.0
0.00150413846 8.29704586e-05 0.0
0.00154659967 0.000102731254 0.0
0.00178310799 9.85079678e-05 0.0
0.00180889189 0.000103774953 0.0
0.00186762167 0.000109343666 0.0
0.0019453069 0.000112727612 0.0
0.00200841785 0.000116833289 0.0
0.00204189308 0.000118457108 0.0
0.00204701186 0.000110891619 0.0
0.00202230015 8.8817018e-05 0.0
0.00199881382 6.9340058e-05 0.0
0.00202225638 7.93358049e-05 0.0
0.00256717764 8.06823082e-05 0.0
0.00263471808 9.03240216e-05 0.0
0.00261634216 0.000110432069 0.0
0.00256988872 0.000125053222 0.0
0.00253784843 0.00014644886 0.0
0.00251410366 0.000171859399 0.0
0.00248932885 0.000187956612 0.0
0.00244176341 0.000202153868 0.0
0.00239119376 0.000191902553 0.0
0.00233624945 0.000171457985 0.0
0.00227868767 0.000158658353 0.0
0.00222082785 0.000161227072 0.0
0.00216522464 0.000173423541 0.0
0.00212833448 0.000187743135 0.0
0.0020782114 0.000181094292 0.0
0.00200072397 0.000131655484 0.0
0.00188860158 3.8358834e-05 0.0
0.0017951082 -6.62754519e-06 0.0
0.00156586745 1.0168068e-05 0.0
0.0014831539 2.14485317e-06 0.0
0.00127893931 0.000124640021 0.0
0.00156424695 4.55875961e-05 0.0
0.00113577291 7.8414123e-05 0.0
0.00174603681 8.09196281e-05 0.0
0.000884469075 -2.01283383e-05 0.0
0.00131545984 2.05580341e-06 0.0
0.00158769626 6.66934575e-05 0.0
0.00151692808 -4.41696739e-06 0.0
0.000719102798 -3.99068376e-05 0.0
0.0020475674 7.56445879e-05 0.0
0.00122999947 0.000113728936 0.0
0.00161394896 0.000141495853 0.0
0.000943533843 4.80631352e-05 0.0
0.00164815632 7.30672764e-05 0.0
0.000953112089 -7.29750027e-05 0.0
0.00173442846 7.11090979e-05 0.0
0.00116127566 8.13645529e-05 0.0
0.00176033215 8.27615004e-05 0.0
0.00063320162 -2.48809993e-05 0.0
0.000731966924 2.79388296e-05 0.0
0.00102009636 0.000125430641 0.0
0.00118870521 2.73572696e-05 0.0
0.00137863948 6.07401525e-05 0.0
0.0014148996 1.58270104e-05 0.0
0.00127233658 0.000100090227 0.0
0.00208544428 0.000134897011 0.0
0.00106969825 2.49448894e-05 0.0
0.000978536787 6.67598288e-05 0.0
0.00184635504 0.00013985805 0.0
0.00109962036 6.19033526e-05 0.0
0.000706057879 -7.17366638e-05 0.0
0.000792598992 -1.612696e-05 0.0
0.000544447801 -3.5631303e-05 0.0
0.00178295863 0.000101683101 0.0
0.00085278874 -3.58595789e-05 0.0
0.00163124932 6.18522536e-05 0.0
0.00107519189 2.85053138e-05 0.0
0.000635669567 1.02994582e-05 0.0
0.00163729151 -1.93897472e-06 0.0
0.00175135466 7.27246515e-05 0.0
0.00123110891 -2.9757608e-05 0.0
0.00158283976 0.00012147802 0.0
0.00124981976 -1.48287572e-05 0.0
0.0016364461 3.72296745e-05 0.0
0.000380976504 -9.44983913e-05 0.0
0.00144837773 4.75369998e-05 0.0
0.00133292482 0.000113359805 0.0
0.000532291364 -6.75644478e-05 0.0
0.00188756082 6.74663679e-05 0.0
0.000745310099 4.03862805e-06 0.0
0.000861304929 4.41472257e-05 0.0
0.00144813291 -1.7202743e-05 0.0
0.000960199628 8.41886213e-05 0.0
0.00105076609 7.79948459e-05 0.0
0.00147348095 0.000148249295 0.0
0.00124769553 0.000134823553 0.0
0.000103752442 5.48005482e-05 0.0
0.00117474643 4.43220815e-05 0.0
0.000923797546 -1.06689095e-06 0.0
0.00119872973 8.44965034e-05 0.0
0.00172175351 8.23113733e-05 0.0
0.000960046367 -2.60636389e-05 0.0
0.000831459067 1.04143428e-05 0.0
0.000915496494 -6.82196696e-05 0.0
0.000906232512 -8.75402329e-05 0.0
0.00161401252 8.65591792e-05 0.0
0.00102326472 4.10110988e-05 0.0
0.000728183368 3.21724219e-05 0.0
0.000320103252 -7.7503355e-05 0.0
0.00229026168 0.000158232608 0.0
0.00176167209 6.37306075e-05 0.0
0.000459451112 -8.11074788e-05 0.0
0.00129436248 -5.88545663e-06 0.0
0.00163926336 5.03375304e-05 0.0
0.00128439371 9.7214368e-05 0.0
0.00102475728 3.63238905e-05 0.0
0.00154750608 8.61128938e-05 0.0
0.0011316255 5.54119142e-05 0.0
0.00185566652 0.000153848581 0.0
0.00108757394 3.90379537e-05 0.0
0.00137125631 -2.73463593e-06 0.0
0.00181829149 0.00010382101 0.0
0.00162505102 6.35870674e-05 0.0
0.000442457589 0.00010652584 0.0
0.00169278379 0.000148513704 0.0
0.000615427969 -5.65137707e-05 0.0
0.00211410644 0.000157340401 0.0
0.00144590065 7.35413632e-05 0.0
0.00105899049 0.00014624816 0.0
0.00219430239 0.000104254235 0.0
0.00208879844 0.000154112757 0.0
0.000642408908 -8.3334824e-05 0.0
0.00162001152 6.69547371e-05 0.0
0.000324486755 4.3759469e-06 0.0
0.00171678176 6.63298197e-05 0.0
0.000773448613 3.97612821e-05 0.0
0.00152559229 6.81250531e-05 0.0
0.00127224135 4.82255928e-05 0.0
0.00149848487 1.98310099e-05 0.0
0.00115935341 8.28408665e-05 0.0
0.00184620416 0.000121719087 0.0
0.000843628426 -8.2500148e-05 0.0
0.0008382409 -1.20017621e-05 0.0
0.00206423202 8.50376164e-05 0.0
0.00101162214 -4.95205713e-05 0.0
0.000943317893 0.000112554437 0.0
0.00211781589 9.83684149e-05 0.0
0.001039895 5.68557425e-06 0.0
0.00130519061 0.000137964395 0.0
0.00190763862 0.000161231641 0.0
0.00161479635 8.26431497e-05 0.0
0.00119353854 8.8587185e-05 0.0
0.00142410118 5.44287141e-05 0.0
0.0011876286 5.96910722e-05 0.0
0.00113370526 9.86967934e-05 0.0
0.00101269851 7.98200999e-05 0.0
0.0018536197 3.65107517e-05 0.0
0.000717722985 5.44340219e-06 0.0
0.0017796217 9.99884141e-05 0.0
0.00207891781 7.6891738e-05 0.0
0.00200988166 0.000133723006 0.0
0.000891973963 6.32626834e-05 0.0
0.000513494364 -2.13836538e-05 0.0
0.00109973236 2.84274847e-05 0.0
0.00145520549 3.45444205e-05 0.0
0.00169010076 6.93141992e-05 0.0
0.00146665657 0.000126170344 0.0
0.00127968949 -1.00651732e-05 0.0
0.00167997042 1.20692321e-05 0.0
0.00181184546 0.000112448179 0.0
0.0020767916 7.84076619e-05 0.0
0.00118132809 2.95161535e-05 0.0
0.00166630652 5.65388982e-05 0.0
0.00120636902 -4.48596584e-05 0.0
0.00184036151 8.92617536e-05 0.0
0.000827420212 9.64838728e-06 0.0
0.00146985124 6.55312615e-05 0.0
0.00181983982 9.60622128e-05 0.0
0.000674819225 2.39662459e-05 0.0
0.0016137741 8.4292762e-05 0.0
0.00156611542 -1.97800255e-05 0.0
0.00111149868 7.03010373e-05 0.0
0.00134207599 0.000106829379 0.0
0.00177955348 0.000119946919 0.0
0.000662640028 1.95136254e-05 0.0
0.00107352016 7.6186021e-05 0.0
0.000599566323 -4.37161252e-05 0.0
0.000485316152 -5.23621347e-05 0.0
0.00138915214 0.000115946583 0.0
0.00128268648 9.79140314e-05 0.0
0.000800394919 -4.85540077e-05 0.0
0.00154600746 7.60734038e-05 0.0
0.000738609873 -3.99348501e-05 0.0
0.00122916407 0.000104365659 0.0
0.00195950293 8.88519644e-05 0.0
0.000569216092 -6.14997625e-05 0.0
0.00142636278 0.000127803942 0.0
0.000593361096 -2.12435007e-05 0.0
0.001016316 7.27155784e-05 0.0
0.000334943732 -4.80177478e-05 0.0
0.000590608455 -6.19500179e-06 0.0
0.00151040556 4.99828684e-06 0.0
0.0011822969 -3.10174401e-05 0.0
0.000987203908 1.66736263e-05 0.0
0.00133135496 2.36313608e-05 0.0
0.0014381205 2.98391224e-05 0.0
0.00135597587 7.79691836e-05 0.0
0.00236446527 0.00018609142 0.0
0.000810263096 4.81321185e-05 0.0
0.00212867325 0.000177608075 0.0
0.00214386685 0.000163374309 0.0
0.000760346127 -4.85619712e-05 0.0
0.000379199599 0.000105278035 0.0
0.00208748644 0.000156502065 0.0
0.00105586811 0.000142370016 0.0
0.00129605585 -6.24733093e-06 0.0
0.00104879262 -1.18494554e-05 0.0
0.00170457957 6.75133342e-05 0.0
0.00157117192 6.50904476e-05 0.0
0.00161514105 1.19595161e-05 0.0
0.000314983627 -9.97372481e-05 0.0
0.000970143126 9.19150771e-05 0.0
0.001160432 0.000103902355 0.0
0.00148001418 5.45376097e-05 0.0
6.88046493e-05 3.54671392e-05 0.0
0.00146975555 -1.10520232e-05 0.0
0.000331991381 -1.15922621e-05 0.0
0.00123682828 0.000101675658 0.0
0.00215803483 0.000133035064 0.0
0.0022425889 0.000142684221 0.0
0.00106634758 3.45725384e-05 0.0
0.000963312341 7.69659018e-05 0.0
0.00146920688 1.19301194e-05 0.0
0.00156653614 9.13268159e-05 0.0
0.000688535569 8.05187083e-05 0.0
0.00185527129 5.07757832e-05 0.0
0.00191577838 0.000174196932 0.0
0.00201845705 0.000139346375 0.0
0.00155481591 0.000162002514 0.0
0.000976309995 0.000130269269 0.0
0.000853894046 1.86184297e-05 0.0
0.00134945882 1.00823409e-05 0.0
0.000971057685 -8.32531077e-06 0.0
0.00120730884 9.16477802e-05 0.0
0.00118720601 1.49525169e-06 0.0
0.000935371325 2.84440703e-05 0.0
0.00172617368 5.68984397e-05 0.0
0.00102128962 4.95329914e-05 0.0
0.00112831418 6.92073954e-05 0.0
0.00107037462 3.11045551e-05 0.0
0.000627163623 -9.557663e-05 0.0
0.00182208745 4.80423987e-05 0.0
0.000898532511 6.88594009e-05 0.0
0.00119343749 -1.48063655e-05 0.0
0.00126815564 0.000141248151 0.0
0.00112416793 0.000131307708 0.0
0.00182894222 0.000125474005 0.0
0.00171270769 6.69526635e-05 0.0
0.000715160684 -5.80884298e-05 0.0
0.000793939689 -3.69514382e-05 0.0
0.00109427085 5.65792434e-05 0.0
0.000686135085 -2.36131946e-05 0.0
0.000477467664 8.27969634e-05 0.0
0.00124488038 -2.02872397e-05 0.0
0.000960734091 9.72142079e-05 0.0
0.00227593328 0.000157103917 0.0
0.001157135 7.26563594e-05 0.0
0.0012728523 0.000116239426 0.0
9.36149809e-05 7.79438997e-05 0.0
0.000496278808 8.45569048e-06 0.0
0.00255418848 9.2922608e-05 0.0
0.00115887204 5.15666507e-05 0.0
0.00189257006 0.000145886414 0.0
0.00178419042 0.000102271093 0.0
0.00165933883 4.97209148e-05 0.0
0.00131917279 3.48280992e-05 0.0
0.0013402371 -1.09495313e-05 0.0
0.000892324548 -3.43981628e-05 0.0
0.00183468813 0.000101141428 0.0
0.000895769917 -3.94609851e-05 0.0
0.000142388672 4.63538236e-05 0.0
0.00121318724 -1.91968684e-05 0.0
0.00118196034 4.15471332e-05 0.0
0.00133234402 0.000104560204 0.0
0.00112025056 0.000128137137 0.0
0.000411546411 -7.95572414e-05 0.0
0.00116330537 7.0290138e-05 0.0
0.00146687508 4.66949314e-05 0.0
0.00113805628 8.26189062e-05 0.0
0.00180931727 0.000124751226 0.0
0.000251326885 -8.88894283e-05 0.0
0.00203371304 0.000134156304 0.0
0.000923877291 -2.05712695e-05 0.0
0.00120018935 9.18987935e-05 0.0
0.00150092575 8.83760003e-05 0.0
0.00145002874 3.8837301e-05 0.0
0.000982594094 -6.38144411e-05 0.0
0.00187390926 0.000164821482 0.0
0.00174432353 0.000130777407 0.0
0.000301069114 -3.33588032e-05 0.0
0.000909447146 -2.43299255e-05 0.0
0.00215114816 0.000163153614 0.0
0.000425858889 6.69690917e-06 0.0
0.00103544851 6.95673007e-05 0.0
0.00224121055 0.000113517737 0.0
0.00188752322 0.000111181711 0.0
0.00170304638 0.000151213579 0.0
0.0017068875 3.88426088e-05 0.0
0.000688202737 9.54254574e-06 0.0
0.000469966413 -3.59036931e-05 0.0
0.000861204753 -8.64873655e-05 0.0
0.00117171917 8.09730846e-05 0.0
0.00182425627 7.24394631e-05 0.0
0.00174602633 8.56635379e-05 0.0
0.00154147763 5.67723073e-05 0.0
0.000479453767 0.00011314005 0.0
0.00210595108 0.000187050726 0.0
0.00150365394 3.41721461e-05 0.0
0.00147812557 4.47886741e-05 0.0
0.0014461386 4.28012618e-06 0.0
0.00137695833 7.15329079e-05 0.0
0.000795906002 3.11930162e-05 0.0
0.000434700196 -1.35352502e-05 0.0
0.00123805983 7.20585886e-05 0.0
0.00171267253 7.46705045e-05 0.0
0.00181746599 9.7897755e-05 0.0
0.00126333127 -2.18036876e-05 0.0
0.000889531919 0.000101561069 0.0
0.000844074122 -0.000101312929 0.0
0.00118358398 2.04428779e-05 0.0
0.000808287354 -3.61250641e-05 0.0
0.00213467726 8.62559828e-05 0.0
0.00216515362 8.35864921e-05 0.0
0.000735257869 4.6856243e-05 0.0
0.00139729236 1.84937762e-05 0.0
0.000115530696 9.41098115e-05 0.0
0.00156991952 6.12499862e-05 0.0
0.000262068526 -1.29599766e-05 0.0
0.00174796861 6.51804075e-05 0.0
0.00169179565 9.85996521e-05 0.0
0.00161493092 -1.76106114e-05 0.0
0.00180033303 5.93074874e-05 0.0
0.0016325434 7.83451469e-05 0.0
0.00197873707 0.000127175081 0.0
0.00192582514 9.41434846e-05 0.0
0.00144679984 1.79357121e-05 0.0
0.00177399861 8.13238803e-05 0.0
0.000498608395 -7.76794695e-05 0.0
0.00107992114 5.25007781e-05 0.0
0.000780643662 -3.5789908e-05 0.0
0.00194805185 0.000160166092 0.0
0.00213810685 0.000162884142 0.0
0.00241511315 0.000194695531 0.0
0.00101914303 -2.89086365e-05 0.0
0.0014107083 5.56215819e-05 0.0
0.000573857687 -8.80079169e-05 0.0
0.000390978734 -8.22563015e-05 0.0
0.00125833962 -2.33398737e-06 0.0
0.00144012191 -1.09275488e-05 0.0
0.000489752274 -7.35588837e-05 0.0
0.00114688184 6.66765554e-05 0.0
0.000906311849 3.33963908e-05 0.0
0.00164310005 8.0562626e-05 0.0
0.000425882521 -8.55278267e-05 0.0
0.00197676476 8.46662297e-05 0.0
0.00129982969 3.97392869e-05 0.0
0.000973739312 8.38011329e-05 0.0
0.00166256411 6.64761246e-05 0.0
0.00179296406 9.17439029e-05 0.0
0.000479620678 3.46839734e-05 0.0
0.00177789724 -6.03357739e-06 0.0
0.00115315954 -2.17777051e-05 0.0
0.00138428074 2.68102558e-05 0.0
0.00168479397 3.85701496e-05 0.0
0.00132608588 5.98828519e-05 0.0
0.000834836217 4.83950862e-05 0.0
0.000776160799 3.60066369e-05 0.0
0.000398466684 1.85790104e-05 0.0
0.00100842246 6.19592465e-05 0.0
0.000627330679 -6.27862664e-06 0.0
0.001800003 0.000117599149 0.0
0.000559917476 -2.11082697e-05 0.0
0.001533131 -2.23800944e-05 0.0
0.00131075399 7.83478899e-05 0.0
0.00117622502 -4.06309664e-05 0.0
0.0020535579 0.000174380126 0.0
0.0019715894 0.000120473298 0.0
0.000627479982 8.65105467e-05 0.0
0.00156947505 -9.26068606e-06 0.0
0.000840047258 9.29962698e-06 0.0
0.00155715656 1.3447916e-05 0.0
0.000678277225 2.58633863e-05 0.0
0.000835707935 7.32325316e-06 0.0
0.0010772458 6.78661454e-05 0.0
0.00132349669 5.36029911e-05 0.0
0.00137739 0.000125699618 0.0
0.00144908798 -2.69972452e-06 0.0
0.000390157278 -2.9878287e-05 0.0
0.00212547067 0.000172469954 0.0
0.00158208073 3.649266e-05 0.0
0.00161959603 0.000128404761 0.0
0.000519763795 -6.77589705e-05 0.0
0.00204132474 0.000125836305 0.0
0.00214689085 0.000159045259 0.0
0.00218631281 9.42245606e-05 0.0
0.000830401084 2.19102385e-05 0.0
0.00149749708 0.000160970201 0.0
0.000369418995 1.43101588e-05 0.0
0.00110067893 7.66098019e-05 0.0
0.000560905319 -0.000109201661 0.0
0.00155026582 9.0198213e-05 0.0
0.00163265481 5.88511903e-05 0.0
0.000646490196 -1.19237575e-05 0.0
0.00076831528 3.53528922e-05 0.0
0.00167999603 8.0444137e-05 0.0
0.00129630673 -1.29816626e-05 0.0
0.000752456894 -1.6576063e-05 0.0
0.00133721298 0.000152197026 0.0
0.000983964885 7.64363813e-06 0.0
0.00140371302 9.92765854e-05 0.0
0.000851867313 -5.87105169e-05 0.0
0.000660682446 -8.24571107e-05 0.0
0.00089007424 6.86225976e-05 0.0
0.00168342586 4.76599962e-05 0.0
0.000556893065 -1.12960242e-05 0.0
0.000577096594 -5.08043704e-05 0.0
0.000702827878 2.40535428e-05 0.0
0.00232028472 0.000168203667 0.0
0.0022133037 0.000151745626 0.0
0.000417040894 9.32128096e-05 0.0
0.00125271128 9.46607761e-05 0.0
0.000540614186 -7.55978981e-05 0.0
0.00207167235 8.20654313e-05 0.0
0.00217549643 0.00017583181 0.0
0.000476042012 -3.05348331e-05 0.0
0.00128285284 -1.09391176e-05 0.0
0.00104926853 8.3640487e-05 0.0
0.00190346793 5.86353563e-05 0.0
0.000113217291 4.25327016e-05 0.0
0.00175342988 8.25563475e-05 0.0
0.000651535927 -6.24124295e-05 0.0
0.00140310894 4.81983079e-05 0.0
0.00221839384 0.00011772479 0.0
0.000984152313 -2.66516672e-05 0.0
0.00128927513 0.000108062603 0.0
0.00169040845 7.65501245e-05 0.0
0.00117369194 -4.98335066e-05 0.0
0.000146085062 6.06122776e-05 0.0
0.00113745942 6.97487485e-05 0.0
0.00188263878 0.000134010188 0.0
0.00127732579 -1.14358718e-05 0.0
0.00125592947 0.000101149053 0.0
0.00114362047 4.34283575e-05 0.0
0.0012110403 0.00011502015 0.0
0.000912144664 -8.14110099e-05 0.0
0.00130434299 7.37109367e-05 0.0
0.00112269446 5.7498306e-05 0.0
0.00134895334 5.49859433e-05 0.0
0.00197444181 0.000153645422 0.0
0.00185444858 0.000113898102 0.0
0.00149556308 4.43607751e-05 0.0
0.000949629466 -5.31394653e-05 0.0
6.63532701e-05 5.41352783e-05 0.0
0.00100101496 -8.91548279e-06 0.0
0.0010797258 3.22232245e-06 0.0
0.000359002443 -9.84611252e-05 0.0
0.000769201666 5.85020862e-05 0.0
0.000766610552 7.73417742e-06 0.0
0.00180145644 0.000103416518 0.0
0.00190504489 0.00016974812 0.0
0.000972846989 0.000121237572 0.0
0.000625162444 1.18860817e-05 0.0
0.00095912558 -6.12671065e-05 0.0
0.000826409261 3.52854804e-05 0.0
0.00117898989 7.53539425e-05 0.0
0.000994568109 4.07388507e-05 0.0
0.00198188028 6.71510279e-05 0.0
0.00153974886 0.000153528294 0.0
0.00119636231 1.35921055e-05 0.0
0.00134595775 0.000112119691 0.0
0.000950296759 7.09052765e-05 0.0
0.00111440406 1.786127e-05 0.0
0.000265495852 -6.9546295e-05 0.0
0.000987614389 7.7198194e-05 0.0
0.00127987098 0.000104267994 0.0
0.0016697658 0.000138240299 0.0
0.000607711205 0.000124412953 0.0
0.00205420959 0.000138550662 0.0
0.000948920147 6.98276708e-05 0.0
0.000947496446 -4.74899207e-05 0.0
0.00156819762 6.73160248e-05 0.0
0.00176916912 0.00012709212 0.0
0.000709840388 -1.80613988e-05 0.0
0.00151851051 9.1013324e-05 0.0
0.00176861603 0.000102426187 0.0
0.00103352987 2.8293196e-05 0.0
0.00117659406 9.14903794e-05 0.0
0.000923780899 -3.31857118e-05 0.0
0.000808514305 3.68778565e-05 0.0
0.00143467588 1.39980448e-05 0.0
0.000634889991 0.000123688951 0.0
0.00196133903 0.000119206903 0.0
0.00128960295 5.76080893e-05 0.0
0.0012445586 0.000103386687 0.0
0.00142098672 0.000117760093 0.0
0.00158235535 0.000161007687 0.0
0.00101887912 7.58318347e-05 0.0
0.0010570531 9.94589791e-05 0.0
0.000825561641 -0.000108031185 0.0
0.000947903027 2.60492616e-05 0.0
0.000919904443 0.000104919505 0.0
0.000739706156 7.30839602e-05 0.0
0.00145358744 4.55529771e-05 0.0
0.00208550668 0.000139894502 0.0
0.000461489923 6.05043824e-05 0.0
0.00101691647 -1.35583205e-05 0.0
0.000390312664 -5.8564412e-05 0.0
0.00254546176 0.000111311216 0.0
0.00151074026 7.21818287e-05 0.0
0.0012228532 -1.46830089e-05 0.0
0.00120008353 8.66710325e-05 0.0
0.00156989601 6.45542459e-05 0.0
0.000593721517 0.000122236932 0.0
0.00138296338 0.000115622373 0.0
0.00191966433 0.000180720614 0.0
0.00121858157 8.86538473e-05 0.0
0.00170197024 0.000127537394 0.0
0.00129574083 0.000129811684 0.0
0.000509606034 0.000102726794 0.0
0.00190917344 0.000115579482 0.0
0.0016246516 6.47382622e-05 0.0
0.00105930434 5.26929543e-05 0.0
0.00199510413 0.000142802994 0.0
0.00102622272 -4.37325252e-05 0.0
0.00117728685 9.09833834e-05 0.0
0.00139396288 6.5826629e-05 0.0
0.000465914432 -8.90964002e-05 0.0
0.00150924572 -1.88239355e-05 0.0
0.00126644631 -1.39141912e-05 0.0
0.00113969424 8.23725932e-05 0.0
0.000857033418 -6.37678613e-06 0.0
0.000818070315 4.88654478e-05 0.0
0.00151755032 8.12924045e-05 0.0
0.00219950825 0.000147408049 0.0
0.00213415874 0.000109465676 0.0
0.00208163541 0.000147517159 0.0
0.00170321937 7.19686213e-05 0.0
0.00114850688 0.00015125316 0.0
0.000897414633 7.16106879e-05 0.0
0.00220900145 0.000135378476 0.0
0.00223005842 0.000108395063 0.0
0.00162995094 7.42260891e-05 0.0
0.000983570353 4.86176723e-05 0.0
0.00233547483 0.00018088003 0.0
0.00262209377 9.87053136e-05 0.0
0.00119047973 5.80151755e-05 0.0
0.00142973184 1.10694991e-05 0.0
0.00103811256 2.53643429e-05 0.0
0.00200682716 0.000133924201 0.0
0.000182176766 3.63427644e-05 0.0
0.00072421896 3.79822341e-05 0.0
0.00217755954 0.000165157864 0.0
0.00135732186 4.06844856e-06 0.0
0.0015985152 7.9798956e-05 0.0
0.000449512358 -7.39127572e-05 0.0
0.00131736952 4.7547539e-05 0.0
0.00184126035 7.40577525e-05 0.0
0.000412475085 0.000109725115 0.0
0.00120676251 -2.69526718e-05 0.0
0.00128466717 9.12327087e-05 0.0
0.00116254541 6.04714005e-05 0.0
0.00127939996 6.75324627e-05 0.0
0.00150336651 3.09837815e-05 0.0
0.00137338194 8.39109925e-05 0.0
0.00185805641 0.000107575434 0.0
0.000910486269 4.48296087e-05 0.0
3.56089113e-05 1.84763903e-05 0.0
0.00175884785 7.91491839e-05 0.0
0.00220394926 0.000185847792 0.0
0.00157297566 4.38436909e-05 0.0
0.00135358796 -1.70166913e-05 0.0
0.000519932306 0.000116212999 0.0
0.00102027552 6.02917571e-05 0.0
0.000751936983 -7.99226837e-05 0.0
0.00161614991 8.813764e-05 0.0
0.000863200112 -3.1112852e-06 0.0
0.00186603342 0.000156519702 0.0
0.000899604929 -9.05988491e-05 0.0
0.00129086187 5.27656921e-05 0.0
0.00143346447 7.44937861e-05 0.0
0.00141352694 1.27397664e-06 0.0
0.00113928306 -3.48995163e-05 0.0
0.000555775594 -7.68722675e-05 0.0
0.00114414713 2.131172e-05 0.0
0.0012207008 7.68007667e-05 0.0
0.000953408307 1.01734095e-05 0.0
0.000883256085 -2.64122264e-05 0.0
0.00133006216 4.23219899e-06 0.0
0.000969621993 -7.07572399e-05 0.0
0.000101767415 3.82357175e-05 0.0
0.000423106452 -8.13815568e-05 0.0
