-0.000234160922 -7.17850889e-06 0.0
-0.000242177368 -7.86634264e-05 0.0
-0.000253393897 -5.76613857e-05 0.0
-0.000220904069 -3.14738754e-05 0.0
-0.000538783439 6.72365968e-06 0.0
-0.000502990035 4.8652837e-06 0.0
-0.000473021821 3.53979158e-06 0.0
-0.000499317655 3.87166547e-05 0.0
-0.000136508228 3.53979158e-06 0.0
-0.000166476428 4.8652837e-06 0.0
-0.000202269846 6.72365968e-06 0.0
-0.000671995163 4.32787601e-05 0.0
-0.000677497359 -1.80139193e-06 0.0
-0.000681027479 -4.55389127e-05 0.0
-0.000597358274 -3.78870527e-06 0.0
4.47149505e-05 -5.30693105e-05 0.0
4.82450159e-05 -9.33179217e-06 0.0
5.37472297e-05 3.57483586e-05 0.0
-0.000561539666 4.155032e-05 0.0
-0.000566787901 2.64705013e-05 0.0
-0.000571656215 1.01995038e-05 0.0
-0.000515152933 2.83336321e-05 0.0
0.000154086156 2.66910388e-06 0.0
0.000158954528 1.89401017e-05 0.0
0.000164202749 3.40199185e-05 0.0
0.000194532884 2.7337881e-05 0.0
0.000185042634 -6.18850754e-05 0.0
0.000172476532 -3.31085575e-05 0.0
0.000205324919 4.13401722e-06 0.0
-0.000287586648 2.01601342e-05 0.0
-0.000322564156 2.13985786e-05 0.0
-0.000353784417 2.21058126e-05 0.0
-0.000333684497 -5.66697017e-05 0.0
-0.000690298039 2.21058126e-05 0.0
-0.000659077778 2.13985786e-05 0.0
-0.000624100212 2.01601342e-05 0.0
-0.000485286146 5.26875883e-05 0.0
-0.000491882383 -2.40333247e-05 0.0
-0.000501845847 -1.98309817e-06 0.0
-0.000476735848 3.02758563e-05 0.0
-0.000411389716 -1.16320252e-05 0.0
-0.000426382292 -7.17147414e-05 0.0
-0.000438732968 -4.4420347e-05 0.0
-0.000399262528 -4.15869727e-05 0.0
-6.7257366e-05 5.30885154e-06 0.0
-7.60244875e-05 -2.75526145e-05 0.0
-8.15942331e-05 -6.48014839e-06 0.0
-6.22415537e-05 -1.63677323e-05 0.0
-0.000153678091 -4.12170193e-05 0.0
-0.000129042586 -4.07582666e-05 0.0
-0.000105228923 -4.03618542e-05 0.0
-0.000117806267 2.01212551e-05 0.0
-0.000141207143 -2.01955299e-05 0.0
-0.000107665051 -1.01433207e-05 0.0
0.000231284677 -4.03618542e-05 0.0
0.000207471021 -4.07582666e-05 0.0
0.000182835502 -4.12170193e-05 0.0
-0.000316110003 5.19570858e-05 0.0
-0.000329077244 -2.64667106e-05 0.0
-0.000346005138 8.71158863e-06 0.0
-0.000298763363 2.20144684e-05 0.0
-8.57398845e-05 3.17303093e-05 0.0
-9.65425934e-05 -8.51139248e-06 0.0
-0.000103441482 1.58198854e-05 0.0
-7.45325378e-05 1.10414112e-05 0.0
-0.000190118124 8.77663933e-06 0.0
-0.00020514823 -3.36484736e-05 0.0
-0.000212913743 -1.61644384e-05 0.0
-0.000179343348 -5.89018782e-06 0.0
-0.000118563192 1.91186082e-05 0.0
-0.000130210436 -4.78431866e-05 0.0
-0.000124652492 2.39029055e-06 0.0
-0.000125634047 -2.77673771e-05 0.0
-0.000277194573 4.107727e-05 0.0
-0.000293409859 -5.38936638e-06 0.0
-0.000302268571 1.27386802e-05 0.0
-0.000270180259 2.31778486e-05 0.0
-3.49074508e-05 -3.31752858e-06 0.0
-4.63996548e-05 -8.16528045e-05 0.0
-6.33905292e-05 -5.7182544e-05 0.0
-1.72770669e-05 -3.64211701e-05 0.0
-0.000725742371 7.53040013e-06 0.0
0.0 0.0 0.0
0.000336513593 0.0 0.0
-0.000389228808 7.53040013e-06 0.0
-0.000247666612 -8.17001637e-06 0.0
-0.000259957218 -1.20734612e-05 0.0
-0.000270401244 -1.75019395e-05 0.0
-0.000278395572 -2.41114085e-05 0.0
-0.000283626257 -3.22675769e-05 0.0
-0.000286298688 -4.14892638e-05 0.0
-0.000285513408 -5.13259911e-05 0.0
-0.000281317858 -6.08692899e-05 0.0
-0.000274168066 -6.89897133e-05 0.0
-0.000264867209 -7.46250153e-05 0.0
-0.000253972772 -7.79394832e-05 0.0
-0.000230207137 -7.66003068e-05 0.0
-0.000218971021 -7.2480434e-05 0.0
-0.000209271137 -6.68286739e-05 0.0
-0.00020156207 -6.04045817e-05 0.0
-0.000196297624 -5.30557627e-05 0.0
-0.000193333326 -4.51266715e-05 0.0
-0.00019251107 -3.70192938e-05 0.0
-0.000193868778 -2.94491329e-05 0.0
-0.00019919363 -2.18598962e-05 0.0
-0.000207695441 -1.46393822e-05 0.0
-0.000220290487 -9.39436359e-06 0.0
-0.000237502318 -4.42067867e-05 0.0
-0.000529682031 6.20215633e-06 0.0
-0.000517857377 5.57582416e-06 0.0
-0.000489079917 4.24085511e-06 0.0
-0.000479364069 3.84266423e-06 0.0
-0.00046942968 6.96820143e-06 0.0
-0.000467345089 1.25374181e-05 0.0
-0.000467847305 1.90814189e-05 0.0
-0.000470896892 2.57082484e-05 0.0
-0.000476155663 3.15463367e-05 0.0
-0.00048295848 3.57897916e-05 0.0
-0.000490890117 3.80930614e-05 0.0
-0.000507572142 3.77199467e-05 0.0
-0.000515360851 3.55116026e-05 0.0
-0.000522771385 3.22366213e-05 0.0
-0.00052915758 2.78100506e-05 0.0
-0.000534269551 2.26922184e-05 0.0
-0.000537967018 1.75101341e-05 0.0
-0.000539431348 1.20360219e-05 0.0
-0.000142850462 3.84266423e-06 0.0
-0.000152566339 4.24085511e-06 0.0
-0.000181343785 5.57582416e-06 0.0
-0.000193168438 6.20215633e-06 0.0
-0.000198582959 6.71226644e-07 0.0
-0.000191705534 -5.19176319e-06 0.0
-0.000182751173 -9.82900292e-06 0.0
-0.000173101522 -1.18311482e-05 0.0
-0.000163250952 -1.12728185e-05 0.0
-0.000154180525 -8.37688276e-06 0.0
-0.000146791397 -3.47231094e-06 0.0
-0.000140813048 8.04709714e-07 0.0
-0.000673673581 3.13112469e-05 0.0
-0.000675562944 1.65523434e-05 0.0
-0.000678956159 -2.00144677e-05 0.0
-0.000680063036 -3.43641877e-05 0.0
-0.000667112879 -4.79423252e-05 0.0
-0.000653162249 -4.7508689e-05 0.0
-0.000639847829 -4.45401456e-05 0.0
-0.00062760344 -3.944524e-05 0.0
-0.000616823789 -3.22646192e-05 0.0
-0.000607694266 -2.35008265e-05 0.0
-0.000600830594 -1.38331225e-05 0.0
-0.000596700993 6.16950456e-06 0.0
-0.000599881751 1.63423065e-05 0.0
-0.00060667441 2.66489387e-05 0.0
-0.000616536126 3.60439735e-05 0.0
-0.000628165144 4.28018393e-05 0.0
-0.000641547318 4.61647396e-05 0.0
-0.000656433927 4.62555254e-05 0.0
4.56793496e-05 -4.18945892e-05 0.0
4.67862155e-05 -2.75448674e-05 0.0
5.01794384e-05 9.0219437e-06 0.0
5.20688409e-05 2.37808472e-05 0.0
3.89392371e-05 2.97630377e-05 0.0
2.61718924e-05 2.15984746e-05 0.0
1.65100482e-05 1.21795119e-05 0.0
1.03771099e-05 2.69351858e-06 0.0
7.98413657e-06 -7.60031344e-06 0.0
8.83372377e-06 -1.80422412e-05 0.0
1.34735283e-05 -2.89247582e-05 0.0
2.1454498e-05 -3.93431183e-05 0.0
3.21940133e-05 -4.76248279e-05 0.0
-0.000563745911 3.52348907e-05 0.0
-0.000569709227 1.72997406e-05 0.0
-0.000566286617 6.67252971e-06 0.0
-0.00055954291 4.77042067e-06 0.0
-0.00055146619 4.71759586e-06 0.0
-0.00054224307 6.58820773e-06 0.0
-0.000532992184 1.02742224e-05 0.0
-0.000525186013 1.57949598e-05 0.0
-0.000519965834 2.09568989e-05 0.0
-0.000516832166 2.46867858e-05 0.0
-0.000514774467 3.2418764e-05 0.0
-0.000515945954 3.65372216e-05 0.0
-0.000518654066 4.02578771e-05 0.0
-0.000522672723 4.33354617e-05 0.0
-0.000528293196 4.53125504e-05 0.0
-0.000535648258 4.61698073e-05 0.0
-0.00054420752 4.56809612e-05 0.0
-0.000553119928 4.42447745e-05 0.0
0.000156033158 9.76934007e-06 0.0
0.000161996504 2.7704491e-05 0.0
0.000156602298 2.96873204e-05 0.0
0.000150856038 2.44090352e-05 0.0
0.000147747691 1.87943133e-05 0.0
0.000147515486 1.30477647e-05 0.0
0.000149854313 7.56386726e-06 0.0
0.000181409399 2.60296038e-05 0.0
0.000168689992 2.18451951e-05 0.0
0.000157158545 1.61508851e-05 0.0
0.000146522027 8.53890015e-06 0.0
0.000138136413 -1.14281545e-06 0.0
0.000133480135 -1.22413494e-05 0.0
0.000132597459 -2.41757589e-05 0.0
0.00013661696 -3.53607647e-05 0.0
0.000144670135 -4.58440372e-05 0.0
0.000156261085 -5.4565131e-05 0.0
0.000170159066 -6.00514504e-05 0.0
0.000199996197 -6.0440776e-05 0.0
0.000214095111 -5.59890541e-05 0.0
0.000226345888 -4.89798585e-05 0.0
0.000235863889 -3.97634903e-05 0.0
0.000242150447 -2.87011353e-05 0.0
0.000244729425 -1.66457539e-05 0.0
0.00024345261 -4.41166594e-06 0.0
0.000238392662 6.86570274e-06 0.0
0.000230173449 1.60198651e-05 0.0
0.000219459238 2.25108106e-05 0.0
0.000207125559 2.63464099e-05 0.0
0.000189300859 -1.414499e-05 0.0
-0.000302965258 2.08591573e-05 0.0
-0.000340825616 2.17414527e-05 0.0
-0.000363841013 1.53993515e-05 0.0
-0.000371948059 6.74423836e-06 0.0
-0.000377549557 -3.50772007e-06 0.0
-0.000379677193 -1.50130691e-05 0.0
-0.000377991208 -2.66319348e-05 0.0
-0.000373206887 -3.71678652e-05 0.0
-0.000366037566 -4.57176975e-05 0.0
-0.000357195939 -5.1872863e-05 0.0
-0.000346678251 -5.5537439e-05 0.0
-0.000319052779 -5.500509e-05 0.0
-0.000304611021 -5.06081524e-05 0.0
-0.000291951757 -4.40707336e-05 0.0
-0.000282006164 -3.59952828e-05 0.0
-0.000275487604 -2.67555915e-05 0.0
-0.000271404511 -1.70040803e-05 0.0
-0.000270201359 -7.03478418e-06 0.0
-0.000271962112 2.38538109e-06 0.0
-0.000277750863 1.16098636e-05 0.0
-0.000677339209 2.17414527e-05 0.0
-0.000639478851 2.08591573e-05 0.0
-0.000634836208 2.61973437e-05 0.0
-0.00064650178 2.96006947e-05 0.0
-0.000658265257 3.05493595e-05 0.0
-0.000669659232 2.91750584e-05 0.0
-0.000680349825 2.61656933e-05 0.0
-0.000497556757 5.07423392e-05 0.0
-0.000509319594 4.60400515e-05 0.0
-0.000519796275 3.96057731e-05 0.0
-0.000527054421 3.27201924e-05 0.0
-0.000532253121 2.66881252e-05 0.0
-0.000535807747 2.0684929e-05 0.0
-0.000537489774 1.33069016e-05 0.0
-0.000536700769 5.06744982e-06 0.0
-0.000532287522 -3.54092754e-06 0.0
-0.000524392526 -1.19834422e-05 0.0
-0.000514308515 -1.86723319e-05 0.0
-0.000503284333 -2.25507702e-05 0.0
-0.00048086376 -2.3161183e-05 0.0
-0.00047046598 -2.02690862e-05 0.0
-0.000460680429 -1.62803444e-05 0.0
-0.000451702916 -1.02431686e-05 0.0
-0.000444346777 -2.53894859e-06 0.0
-0.000439131341 6.53213237e-06 0.0
-0.000437714334 1.63924669e-05 0.0
-0.000439792435 2.62180856e-05 0.0
-0.000444863108 3.53987089e-05 0.0
-0.000452554843 4.30980508e-05 0.0
-0.00046217427 4.86638601e-05 0.0
-0.000473278284 5.19324349e-05 0.0
-0.000489749073 1.34773436e-05 0.0
-0.000423384743 -1.30842718e-05 0.0
-0.000435173453 -1.6658576e-05 0.0
-0.00044531445 -2.2413662e-05 0.0
-0.000452590728 -2.97191673e-05 0.0
-0.000456832902 -3.80267375e-05 0.0
-0.00045781731 -4.65887206e-05 0.0
-0.000455952453 -5.47003438e-05 0.0
-0.000451553991 -6.17489422e-05 0.0
-0.000445003476 -6.71937232e-05 0.0
-0.000436683564 -7.0414615e-05 0.0
-0.000415071117 -7.0756214e-05 0.0
-0.000403897517 -6.81265446e-05 0.0
-0.0003937523 -6.34436728e-05 0.0
-0.000385344872 -5.71860583e-05 0.0
-0.000379671808 -4.86606987e-05 0.0
-0.000378079159 -3.93737755e-05 0.0
-0.000380173675 -3.00564043e-05 0.0
-0.00038521894 -2.18094319e-05 0.0
-0.000392183312 -1.59625342e-05 0.0
-0.000400673074 -1.25626002e-05 0.0
-0.00041918538 -4.29672655e-05 0.0
-7.39871903e-05 4.888474e-06 0.0
-8.06471289e-05 4.34814092e-06 0.0
-8.76049526e-05 3.00864826e-06 0.0
-9.52127302e-05 -9.50870799e-07 0.0
-0.000100676472 -7.195526e-06 0.0
-0.000102552272 -1.31456118e-05 0.0
-0.000101954785 -1.83069005e-05 0.0
-9.86979576e-05 -2.26109551e-05 0.0
-9.38842568e-05 -2.49729346e-05 0.0
-8.8263303e-05 -2.677054e-05 0.0
-8.21276335e-05 -2.7766042e-05 0.0
-6.97762152e-05 -2.65660019e-05 0.0
-6.35229517e-05 -2.48326814e-05 0.0
-5.77023493e-05 -2.28275821e-05 0.0
-5.22748633e-05 -1.96134188e-05 0.0
-4.79166083e-05 -1.56781934e-05 0.0
-4.52336317e-05 -1.12822545e-05 0.0
-4.4913555e-05 -6.74094736e-06 0.0
-4.67219943e-05 -2.53296821e-06 0.0
-5.03333686e-05 8.84782082e-07 0.0
-5.52559686e-05 3.54758549e-06 0.0
-6.11364303e-05 5.0838762e-06 0.0
-7.16408613e-05 -1.17544259e-05 0.0
-0.000142718054 -4.0998817e-05 0.0
-0.000115434552 -4.05269057e-05 0.0
-9.65401414e-05 -3.59389487e-05 0.0
-8.89496077e-05 -3.05085796e-05 0.0
-8.35459796e-05 -2.33982737e-05 0.0
-8.09192788e-05 -1.53567562e-05 0.0
-8.15472886e-05 -6.80829044e-06 0.0
-8.58859858e-05 2.00679324e-06 0.0
-9.27388901e-05 9.92133118e-06 0.0
-0.000100815276 1.54754871e-05 0.0
-0.000108883345 1.87193164e-05 0.0
-0.000128277417 1.96742603e-05 0.0
-0.00013943894 1.74365741e-05 0.0
-0.000149906424 1.30483186e-05 0.0
-0.000158841911 6.57307828e-06 0.0
-0.000165777121 -2.04483649e-06 0.0
-0.000168913568 -1.13671113e-05 0.0
-0.000169002727 -2.05253054e-05 0.0
-0.000166228419 -2.88100218e-05 0.0
-0.000160947122 -3.5853951e-05 0.0
0.000221079055 -4.05269057e-05 0.0
0.000193795553 -4.0998817e-05 0.0
0.000191807747 -4.4802644e-05 0.0
0.000201232149 -4.6149089e-05 0.0
0.000211195584 -4.60436895e-05 0.0
0.000221498776 -4.392767e-05 0.0
-0.000326877256 5.07357036e-05 0.0
-0.000338038109 4.74148037e-05 0.0
-0.000348940172 4.21089426e-05 0.0
-0.000358759396 3.49152651e-05 0.0
-0.000366278866 2.63515722e-05 0.0
-0.000370414695 1.66205882e-05 0.0
-0.000370822701 6.4155588e-06 0.0
-0.000367636094 -3.62596643e-06 0.0
-0.000361507671 -1.27994399e-05 0.0
-0.000352939533 -1.98887992e-05 0.0
-0.000341962732 -2.43244285e-05 0.0
-0.000315442623 -2.579389e-05 0.0
-0.000302379194 -2.24590258e-05 0.0
-0.000290473021 -1.64051107e-05 0.0
-0.000280838343 -7.67800793e-06 0.0
-0.000274263846 2.80325048e-06 0.0
-0.000271503639 1.40192678e-05 0.0
-0.000272764562 2.48019041e-05 0.0
-0.000277483021 3.41378145e-05 0.0
-0.000284959737 4.19601638e-05 0.0
-0.000294738653 4.77577742e-05 0.0
-0.00030535346 5.12232182e-05 0.0
-0.00032245036 1.53395576e-05 0.0
-9.26524444e-05 3.06295588e-05 0.0
-9.94167276e-05 2.89602322e-05 0.0
-0.000105868268 2.69499506e-05 0.0
-0.00011171287 2.34776635e-05 0.0
-0.000116277042 1.8851988e-05 0.0
-0.000119106779 1.35184846e-05 0.0
-0.000119673459 8.08913774e-06 0.0
-0.000117900578 3.06979155e-06 0.0
-0.000114006223 -1.41618625e-06 0.0
-0.000108903863 -5.04381114e-06 0.0
-0.000103506543 -7.49058381e-06 0.0
-8.76257545e-05 -8.06552907e-06 0.0
-7.80679838e-05 -5.80720143e-06 0.0
-6.93046386e-05 -1.8641681e-06 0.0
-6.18611739e-05 2.83355962e-06 0.0
-5.73979596e-05 7.79928541e-06 0.0
-5.601472e-05 1.27671037e-05 0.0
-5.68169853e-05 1.78511764e-05 0.0
-5.98657061e-05 2.29659454e-05 0.0
-6.48983041e-05 2.7317381e-05 0.0
-7.15748683e-05 3.03771794e-05 0.0
-7.88217658e-05 3.1699652e-05 0.0
-8.98911094e-05 1.33780413e-05 0.0
-0.000199718401 7.39254347e-06 0.0
-0.000208532758 4.32533216e-06 0.0
-0.000216223474 1.8336668e-07 0.0
-0.000221962386 -4.34519961e-06 0.0
-0.000225519572 -9.37888854e-06 0.0
-0.000226964898 -1.47836863e-05 0.0
-0.000226414777 -2.00062477e-05 0.0
-0.000224351563 -2.47063617e-05 0.0
-0.000220383517 -2.85343558e-05 0.0
-0.000214062529 -3.1758198e-05 0.0
-0.000194414228 -3.30892763e-05 0.0
-0.000183360942 -3.08392628e-05 0.0
-0.000173037421 -2.6980857e-05 0.0
-0.000164704645 -2.00921877e-05 0.0
-0.000160211275 -1.27491148e-05 0.0
-0.000159611664 -6.23822916e-06 0.0
-0.000161718272 -7.70719055e-07 0.0
-0.00016575749 3.33513958e-06 0.0
-0.000172186468 6.15903764e-06 0.0
-0.000180540825 8.09681296e-06 0.0
-0.000196897454 -1.12910357e-05 0.0
-0.000131638531 1.70321273e-05 0.0
-0.000143685596 1.23167529e-05 0.0
-0.000151971166 6.29324859e-06 0.0
-0.000158716764 9.85570296e-07 0.0
-0.00016360922 -5.16429009e-06 0.0
-0.000167004502 -1.26047289e-05 0.0
-0.000168365848 -1.95813373e-05 0.0
-0.000167374659 -2.60100423e-05 0.0
-0.000162961049 -3.27835587e-05 0.0
-0.00015518388 -3.97541698e-05 0.0
-0.000143150784 -4.50860935e-05 0.0
-0.000117438547 -4.7116584e-05 0.0
-0.000105036946 -4.30231994e-05 0.0
-9.43711566e-05 -3.61948005e-05 0.0
-8.65824986e-05 -2.73291444e-05 0.0
-8.28151315e-05 -1.91657673e-05 0.0
-8.12120707e-05 -1.17282943e-05 0.0
-8.15524982e-05 -4.07229163e-06 0.0
-8.4209445e-05 3.32732384e-06 0.0
-8.90607844e-05 9.99433996e-06 0.0
-9.641816e-05 1.51337836e-05 0.0
-0.000106325526 1.81147298e-05 0.0
-0.000125293926 -1.18858316e-05 0.0
-0.000286830997 4.07704247e-05 0.0
-0.000296592567 3.93407863e-05 0.0
-0.000305745663 3.64585212e-05 0.0
-0.000313520344 3.21134103e-05 0.0
-0.000319030747 2.60996294e-05 0.0
-0.000321946165 1.91964973e-05 0.0
-0.000322037464 1.21585126e-05 0.0
-0.000319185347 5.40589008e-06 0.0
-0.000314133125 -6.08375004e-08 0.0
-0.000307597831 -3.64889002e-06 0.0
-0.000300485728 -5.39055372e-06 0.0
-0.000285949762 -3.54716917e-06 0.0
-0.000278120307 -6.31720809e-07 0.0
-0.000270669116 2.20749075e-06 0.0
-0.000263877853 6.25882558e-06 0.0
-0.000258650136 1.18881217e-05 0.0
-0.000255463499 1.82908552e-05 0.0
-0.000254894316 2.42426831e-05 0.0
-0.000256225409 2.93949779e-05 0.0
-0.000258845772 3.36474877e-05 0.0
-0.000262998597 3.68674446e-05 0.0
-0.000269038952 3.95871284e-05 0.0
-0.000285720627 1.79524577e-05 0.0
-4.82150463e-05 -4.65091216e-06 0.0
-6.12910153e-05 -9.07533922e-06 0.0
-7.29184758e-05 -1.60234758e-05 0.0
-8.19565394e-05 -2.50448466e-05 0.0
-8.68260395e-05 -3.38895843e-05 0.0
-8.92087046e-05 -4.2235326e-05 0.0
-8.97590289e-05 -5.06713332e-05 0.0
-8.83276953e-05 -5.89346673e-05 0.0
-8.44698807e-05 -6.62497041e-05 0.0
-7.81756535e-05 -7.22871409e-05 0.0
-6.92354806e-05 -7.70565894e-05 0.0
-5.79819643e-05 -8.01899005e-05 0.0
-3.46603192e-05 -8.05596719e-05 0.0
-2.38540197e-05 -7.84313088e-05 0.0
-1.33098438e-05 -7.42694974e-05 0.0
-3.85209478e-06 -6.84495681e-05 0.0
4.68174994e-06 -6.13495649e-05 0.0
1.02790127e-05 -5.2688396e-05 0.0
1.28287238e-05 -4.35626862e-05 0.0
1.20675277e-05 -3.44475302e-05 0.0
7.91461116e-06 -2.51617384e-05 0.0
3.32770071e-07 -1.62814249e-05 0.0
-9.93457343e-06 -9.36640117e-06 0.0
-2.1947717e-05 -4.93315429e-06 0.0
-4.09762361e-05 -4.71249623e-05 0.0
-0.000702729041 9.69856137e-06 0.0
-0.000690944202 1.29603559e-05 0.0
-0.000449589978 -3.55603402e-06 0.0
-0.000429269712 -3.52020675e-06 0.0
-0.00039672057 -3.24797475e-06 0.0
-0.000362392719 -4.52695986e-06 0.0
-0.000341341336 -5.9443546e-06 0.0
-0.000328319642 -1.02677022e-05 0.0
-0.000312591699 -1.44465248e-05 0.0
-0.00028772527 -2.33757255e-05 0.0
-0.000247399032 -3.13531746e-05 0.0
-0.000197696398 -3.73672883e-05 0.0
-0.0001144169 -1.83508164e-05 0.0
-9.92024288e-05 -1.42612089e-05 0.0
-6.87508655e-05 -9.2100554e-06 0.0
-3.27855087e-05 -4.75591378e-06 0.0
2.48919987e-05 -2.40302506e-05 0.0
8.96162601e-05 2.97339443e-06 0.0
0.000120047145 -4.47977482e-06 0.0
0.000186235615 3.95191228e-06 0.0
0.000203702191 -3.45348999e-05 0.0
0.000215944281 -5.37975611e-05 0.0
0.000228071949 -5.71649798e-05 0.0
0.000238527238 -5.14378116e-05 0.0
0.000244996976 -4.22113371e-05 0.0
0.000248437282 -3.41451814e-05 0.0
0.000254421786 -3.49497896e-05 0.0
0.000262038317 -4.46271843e-05 0.0
0.000267530297 -5.25274409e-05 0.0
0.000270865363 -4.75664419e-05 0.0
0.000273070211 -3.2445103e-05 0.0
0.000278921711 -1.80342777e-05 0.0
0.000286305527 -3.68434007e-06 0.0
0.000297605206 7.26235339e-06 0.0
0.000314062316 1.08691629e-05 0.0
0.000303728099 -4.75591378e-06 0.0
0.00026776272 -9.2100554e-06 0.0
0.000237311164 -1.42612089e-05 0.0
0.0002220967 -1.83508164e-05 0.0
0.00013881721 -3.73672883e-05 0.0
8.91145537e-05 -3.13531746e-05 0.0
4.8788319e-05 -2.33757255e-05 0.0
2.3921888e-05 -1.44465248e-05 0.0
8.19396882e-06 -1.02677022e-05 0.0
-4.82774976e-06 -5.9443546e-06 0.0
-2.58791133e-05 -4.52695986e-06 0.0
-6.02069667e-05 -3.24797475e-06 0.0
-9.27560977e-05 -3.52020675e-06 0.0
-0.000113076363 -3.55603402e-06 0.0
-0.000354430609 1.29603559e-05 0.0
-0.000366215449 9.69856137e-06 0.0
-0.000411680085 1.83995635e-05 0.0
-0.000428137195 1.4792754e-05 0.0
-0.000439436873 3.84605983e-06 0.0
-0.00044682069 -1.05038771e-05 0.0
-0.00045267219 -2.49147033e-05 0.0
-0.000454877038 -4.00360404e-05 0.0
-0.000458212104 -4.4997043e-05 0.0
-0.000463704084 -3.70967828e-05 0.0
-0.000471320614 -2.74193899e-05 0.0
-0.000477305119 -2.66147817e-05 0.0
-0.000480745424 -3.46809356e-05 0.0
-0.000487215148 -4.39074138e-05 0.0
-0.000497670437 -4.9634582e-05 0.0
-0.000509798119 -4.62671596e-05 0.0
-0.00052204018 -2.70044984e-05 0.0
-0.000539506786 1.14823124e-05 0.0
-0.000605695241 3.05062508e-06 0.0
-0.000636126148 1.05037943e-05 0.0
-0.000700850389 -1.6499851e-05 0.0
-0.000256237108 -3.24507891e-05 0.0
-0.000220239293 -5.47105301e-05 0.0
-0.000210206519 -4.36251539e-05 0.0
-0.000265748211 -4.43583303e-05 0.0
-0.00024099779 -2.38766734e-05 0.0
-0.000234897452 -6.35912947e-05 0.0
-0.000258131389 -2.23138377e-05 0.0
-0.000219571695 -6.36276964e-05 0.0
-0.000207802601 -5.38537279e-05 0.0
-0.000270119024 -3.23620516e-05 0.0
-0.000273072277 -5.32506456e-05 0.0
-0.000202328316 -3.57009449e-05 0.0
-0.000245634146 -7.05693164e-05 0.0
-0.000229563229 -1.72356122e-05 0.0
-0.000276657694 -3.92278562e-05 0.0
-0.000210529644 -6.05718815e-05 0.0
-0.000266718969 -2.57041247e-05 0.0
-0.000227893775 -6.96409843e-05 0.0
-0.000201348841 -4.74986773e-05 0.0
-0.000249500794 -1.628871e-05 0.0
-0.000209830861 -2.32051661e-05 0.0
-0.000263696507 -6.65637417e-05 0.0
-0.000269061071 -6.14427772e-05 0.0
-0.000205104894 -2.83689369e-05 0.0
-0.000199721791 -4.16849725e-05 0.0
-0.00027751876 -4.60239571e-05 0.0
-0.000217680397 -1.95008543e-05 0.0
-0.000256288418 -6.94378832e-05 0.0
-0.000236237727 -7.18602751e-05 0.0
-0.000240283931 -1.4610865e-05 0.0
-0.00025201292 -4.26996994e-05 0.0
-0.000223346404 -4.54615438e-05 0.0
-0.000241383983 -3.41660816e-05 0.0
-0.00023401127 -5.39586363e-05 0.0
-0.000493833446 1.89732509e-05 0.0
-0.000514570507 1.92273001e-05 0.0
-0.000505094067 2.79145734e-05 0.0
-0.000480117218 1.14852e-05 0.0
-0.000526279327 1.43526277e-05 0.0
-0.000479165727 2.00750237e-05 0.0
-0.000486846868 2.61676178e-05 0.0
-0.000514859916 2.84096477e-05 0.0
-0.000504772819 1.38547293e-05 0.0
-0.000522935414 2.32536531e-05 0.0
-0.000491052982 1.13505957e-05 0.0
-0.000516706845 1.29133341e-05 0.0
-0.000495689106 3.16306214e-05 0.0
-0.000504463795 2.12836039e-05 0.0
-0.000503493706 3.34291581e-05 0.0
-0.000476212794 7.08467314e-06 0.0
-0.00048316695 7.44992622e-06 0.0
-0.00052970805 1.86671878e-05 0.0
-0.000497208617 2.51950751e-05 0.0
-0.000478837057 2.56789626e-05 0.0
-0.000474463886 1.52816738e-05 0.0
-0.000532152189 1.08233962e-05 0.0
-0.00052231492 2.77047893e-05 0.0
-0.00052371429 1.00080188e-05 0.0
-0.000509696722 3.26503068e-05 0.0
-0.000485202996 1.5873351e-05 0.0
-0.000512086262 2.40039972e-05 0.0
-0.000473502674 1.05089002e-05 0.0
-0.000533150102 1.46979191e-05 0.0
-0.000522391987 1.85965328e-05 0.0
-0.000488055754 3.19779356e-05 0.0
-0.000510571175 9.3725339e-06 0.0
-0.000159577219 -2.55574673e-06 0.0
-0.000175186229 -2.68311328e-06 0.0
-0.000189587212 1.08000449e-06 0.0
-0.00014684179 6.08091398e-07 0.0
-0.000152022723 -1.97912641e-06 0.0
-0.000183867203 -2.24862424e-06 0.0
-0.000167445207 -4.37851213e-06 0.0
-0.000642651867 -1.57927716e-05 0.0
-0.000641315593 9.70869132e-06 0.0
-0.000618284277 -5.47133141e-07 0.0
-0.000651097274 2.68410258e-05 0.0
-0.000658440695 -3.22802771e-05 0.0
-0.000638597296 -2.98948089e-05 0.0
-0.00061810133 -1.39720178e-05 0.0
-0.000629011774 2.93574758e-05 0.0
-0.0006169033 1.36639119e-05 0.0
-0.000657442783 1.08163413e-05 0.0
-0.000645304797 -1.67166093e-06 0.0
-0.000660133315 -1.96739074e-05 0.0
-0.000624548236 -2.55131472e-05 0.0
-0.000661072205 3.49672628e-05 0.0
-0.000630929193 -8.00744783e-06 0.0
-0.000608359289 7.23952962e-06 0.0
-0.000640187296 3.4375862e-05 0.0
-0.00060904579 -6.36868435e-06 0.0
-0.000648494402 -3.7700469e-05 0.0
-0.000619575323 2.45688971e-05 0.0
-0.000664288353 2.37793392e-05 0.0
-0.000668785244 -3.82724211e-05 0.0
-0.000669689092 -2.73847763e-05 0.0
-0.000630190712 5.07762707e-06 0.0
-0.000649392197 -2.51624642e-05 0.0
-0.000660963473 -7.7095192e-06 0.0
-0.000641216582 2.02043411e-05 0.0
-0.000659127953 -4.07504522e-05 0.0
-0.000605846639 4.89576621e-07 0.0
-0.00063092151 -1.86709694e-05 0.0
-0.000649692724 3.83139777e-05 0.0
-0.000629269169 1.73734443e-05 0.0
2.94310994e-05 -1.855749e-05 0.0
2.67287742e-05 -5.21349375e-06 0.0
3.33415519e-05 1.06044672e-05 0.0
3.44519758e-05 -3.68684632e-05 0.0
1.91578565e-05 -1.2416941e-05 0.0
4.01535472e-05 1.88665763e-05 0.0
2.41326798e-05 4.50918151e-06 0.0
3.73674084e-05 1.78284267e-06 0.0
2.58009732e-05 -2.81172142e-05 0.0
-0.00054199493 3.08557137e-05 0.0
-0.00054977322 2.11764218e-05 0.0
-0.000530064804 2.52829486e-05 0.0
-0.000526124029 3.21760963e-05 0.0
-0.000546944386 3.83948973e-05 0.0
-0.000540039444 1.59819665e-05 0.0
-0.000532704114 3.80352794e-05 0.0
-0.000557597261 1.56217793e-05 0.0
-0.000552807527 1.12154339e-05 0.0
-0.000552400947 2.64623104e-05 0.0
-0.000540583802 2.61129917e-05 0.0
-0.000529718178 2.00536779e-05 0.0
-0.000522423245 2.6860338e-05 0.0
-0.000552193378 3.34082615e-05 0.0
-0.000524472445 3.75126292e-05 0.0
-0.000537834305 4.1771229e-05 0.0
-0.000560379936 2.11062816e-05 0.0
-0.000539207773 2.1327658e-05 0.0
-0.00055431982 3.94649869e-05 0.0
-0.000532593811 2.91750566e-05 0.0
-0.000532551727 3.38558457e-05 0.0
-0.000520368048 3.05763679e-05 0.0
-0.000545321789 1.12308471e-05 0.0
-0.000533202721 1.52251559e-05 0.0
-0.000523259921 2.35912903e-05 0.0
-0.000560123997 1.00065263e-05 0.0
-0.000547813775 4.19971184e-05 0.0
-0.000520270667 3.38609607e-05 0.0
-0.000540500623 3.62638821e-05 0.0
-0.000538812834 1.19608521e-05 0.0
-0.000528690754 4.1487634e-05 0.0
-0.000565227994 1.17266818e-05 0.0
-0.000526618387 2.86567083e-05 0.0
-0.000547470525 1.6196409e-05 0.0
0.000152392327 1.42889967e-05 0.0
0.0001551756 2.32275979e-05 0.0
0.000151550223 1.10730462e-05 0.0
0.000156299342 2.63521815e-05 0.0
0.000162265205 -1.00332581e-05 0.0
0.000204288008 -3.29690629e-05 0.0
0.000221864932 -2.03166346e-05 0.0
0.000171258187 6.71887801e-06 0.0
0.000189720944 1.50530032e-05 0.0
0.000224440388 -3.79392941e-06 0.0
0.0001530593 -2.46262516e-05 0.0
0.000190186605 -4.65238663e-05 0.0
0.000154059337 -4.38076086e-07 0.0
0.000220279035 -3.66105378e-05 0.0
0.000186503792 1.01314686e-06 0.0
0.000169788531 -4.628448e-05 0.0
0.000207648118 1.54960107e-05 0.0
0.000203576856 -4.96458379e-05 0.0
0.000150540334 -3.53661417e-05 0.0
0.000144240272 -1.723479e-05 0.0
0.000176011352 1.70050371e-05 0.0
0.000233578976 -1.23034461e-05 0.0
0.000225687443 6.48313153e-06 0.0
0.000159168907 9.15217424e-06 0.0
0.000230825492 -2.93081303e-05 0.0
0.000208824989 -1.03429211e-05 0.0
0.000166506608 1.42541594e-05 0.0
0.000214862856 -4.5937868e-05 0.0
0.000144987003 -7.82290772e-06 0.0
0.000234341802 -2.13303319e-05 0.0
0.000158800394 -4.28968124e-05 0.0
0.000217600842 1.29771197e-05 0.0
0.000178847273 -5.36686312e-05 0.0
0.000199702059 2.11484767e-05 0.0
-0.000326221489 -1.91471136e-05 0.0
-0.000345887762 -1.50704602e-06 0.0
-0.000301658671 -3.0663582e-06 0.0
-0.000352495554 -2.27461715e-05 0.0
-0.000299284467 -2.30252135e-05 0.0
-0.000333739124 -3.82450307e-05 0.0
-0.000323976943 9.8572832e-07 0.0
-0.000314013887 -3.54876429e-05 0.0
-0.000362435618 -1.09588418e-05 0.0
-0.000287006056 -1.36273347e-05 0.0
-0.00035050133 -3.80816564e-05 0.0
-0.000349778973 1.17784675e-05 0.0
-0.00029470856 9.03323871e-06 0.0
-0.000334479118 1.03271095e-05 0.0
-0.000311686046 9.2999444e-06 0.0
-0.000296409824 -3.41849518e-05 0.0
-0.000339383521 -1.32471641e-05 0.0
-0.000359446247 1.50435039e-06 0.0
-0.000338305748 -2.65847284e-05 0.0
-0.00032572067 -4.58562827e-05 0.0
-0.000287405739 -1.81288453e-06 0.0
-0.000311533979 -1.36239969e-05 0.0
-0.000315769925 -2.38504308e-05 0.0
-0.000366746564 -2.8390532e-05 0.0
-0.000283955247 -2.20190977e-05 0.0
-0.000344225497 -4.582775e-05 0.0
-0.00036851404 -1.94540262e-05 0.0
-0.000361472223 -3.59904625e-05 0.0
-0.000304233457 -4.20047581e-05 0.0
-0.000314152974 -4.60557858e-05 0.0
-0.000334200973 -3.34518177e-06 0.0
-0.000314422272 -3.97599388e-06 0.0
-0.00035064976 -1.02938657e-05 0.0
-0.000323223678 1.04923565e-05 0.0
-0.000327136804 -2.81835728e-05 0.0
-0.00029872873 -1.11691934e-05 0.0
-0.000336124474 -4.91950632e-05 0.0
-0.000367477624 -3.78803702e-06 0.0
-0.000280085747 -6.78710694e-06 0.0
-0.000324996799 -8.71695465e-06 0.0
-0.000287201256 -2.93676057e-05 0.0
-0.00066784129 2.57489191e-05 0.0
-0.000649075373 2.57432912e-05 0.0
-0.000673823233 2.57152369e-05 0.0
-0.000642499072 2.55872164e-05 0.0
-0.000462405966 1.31363449e-05 0.0
-0.000476407207 -5.19799096e-06 0.0
-0.000502780837 3.06205548e-05 0.0
-0.00051732891 1.47806131e-05 0.0
-0.000519026304 2.58000346e-05 0.0
-0.000520846923 3.6897095e-06 0.0
-0.000487703073 -1.35257633e-05 0.0
-0.00046061544 -6.7122221e-07 0.0
-0.000457229442 2.60927245e-05 0.0
-0.000490808103 4.01278085e-05 0.0
-0.000447478087 1.19352189e-05 0.0
-0.000510387006 3.82150429e-05 0.0
-0.000529756304 1.63495133e-05 0.0
-0.000469267281 -1.35870969e-05 0.0
-0.000465436868 3.75300842e-05 0.0
-0.000476646557 4.2270527e-05 0.0
-0.000512073864 -7.78403319e-06 0.0
-0.000501162314 -1.41221053e-05 0.0
-0.000527825439 2.24749565e-05 0.0
-0.000529627374 9.93855156e-06 0.0
-0.000447641651 1.98903599e-05 0.0
-0.000449915417 3.76612752e-06 0.0
-0.000501382223 4.23591373e-05 0.0
-0.00051840127 3.29430914e-05 0.0
-0.000477611582 -1.63128152e-05 0.0
-0.000461328338 -9.08346829e-06 0.0
-0.000455058354 3.55082884e-05 0.0
-0.000522347691 -4.8202478e-06 0.0
-0.000502685492 1.87910646e-05 0.0
-0.000477734196 7.21965216e-06 0.0
-0.000418346317 -2.73517908e-05 0.0
-0.00041988524 -5.79745974e-05 0.0
-0.000400809426 -2.68762869e-05 0.0
-0.000436937233 -5.78174804e-05 0.0
-0.000433577952 -2.73136429e-05 0.0
-0.000404913822 -5.86471833e-05 0.0
-0.000428281259 -6.42933519e-05 0.0
-0.000409585715 -1.99724655e-05 0.0
-0.000444527133 -3.66141976e-05 0.0
-0.000393469731 -4.99045091e-05 0.0
-0.000446483959 -5.50473742e-05 0.0
-0.000390752044 -2.97423121e-05 0.0
-0.000410672947 -5.04291929e-05 0.0
-0.000427680818 -3.55916127e-05 0.0
-0.000426684419 -2.05470878e-05 0.0
-0.000411775283 -6.44485772e-05 0.0
-0.000417758391 -1.78949595e-05 0.0
-0.000420361757 -6.64502877e-05 0.0
-0.000400752644 -1.87961796e-05 0.0
-0.000436772854 -6.49919166e-05 0.0
-0.000387068838 -3.68687142e-05 0.0
-0.000386746018 -4.36469381e-05 0.0
-0.000449907297 -4.87188372e-05 0.0
-0.000450368825 -4.25662329e-05 0.0
-0.000444033591 -2.90202952e-05 0.0
-0.000394399569 -5.73981888e-05 0.0
-0.000411729387 -3.43377978e-05 0.0
-0.000426479062 -5.12354563e-05 0.0
-8.33092636e-05 -1.79447088e-05 0.0
-6.77828284e-05 -2.38199436e-06 0.0
-5.80025808e-05 -4.595885e-06 0.0
-7.71457999e-05 -2.23789157e-05 0.0
-5.39171815e-05 -1.04868868e-05 0.0
-6.79900113e-05 -2.2123013e-05 0.0
-9.10440722e-05 -1.37601237e-05 0.0
-7.55975925e-05 1.38641028e-07 0.0
-6.15712852e-05 5.46939361e-07 0.0
-8.62437373e-05 -2.27722157e-05 0.0
-6.26600522e-05 -9.93007689e-06 0.0
-9.00672021e-05 -6.32579213e-06 0.0
-5.53734426e-05 -1.63898749e-05 0.0
-9.41503095e-05 -1.8749337e-05 0.0
-7.09492451e-05 2.48924516e-06 0.0
-8.16665561e-05 8.7838913e-07 0.0
-5.11968319e-05 -5.52229449e-06 0.0
-7.34013956e-05 -2.48426732e-05 0.0
-6.25212124e-05 -2.19895319e-05 0.0
-8.23337614e-05 -2.50596731e-05 0.0
-5.5554814e-05 -4.15122855e-07 0.0
-5.24416282e-05 -2.46780996e-06 0.0
-9.19555168e-05 -2.19317189e-05 0.0
-7.81686831e-05 -2.55975483e-05 0.0
-6.54852338e-05 2.74345985e-06 0.0
-7.08755615e-05 -1.80509142e-05 0.0
-8.6938162e-05 -1.9138181e-06 0.0
-5.80230626e-05 -1.9493109e-05 0.0
-9.6053067e-05 -1.02040685e-05 0.0
-5.0601222e-05 -1.35022892e-05 0.0
-8.19968409e-05 -1.2451982e-05 0.0
-0.000126907515 3.24129616e-07 0.0
-0.000107916116 -3.17522499e-05 0.0
-0.000146186634 -4.89141894e-06 0.0
-0.000112206857 4.68444068e-06 0.0
-9.81637277e-05 -2.30152582e-05 0.0
-0.00015510073 -1.54404333e-05 0.0
-0.000123230915 -2.43229551e-05 0.0
-0.000139437208 6.84579845e-06 0.0
-0.000123131846 1.08782797e-05 0.0
-0.000147832208 -3.29781724e-05 0.0
-9.9153418e-05 1.08671873e-06 0.0
-9.31589238e-05 -1.2578641e-05 0.0
-0.00013413142 -3.28015049e-05 0.0
-0.000111546673 -2.49750683e-05 0.0
-0.000120158824 -3.26835689e-05 0.0
-0.00014947477 4.45237492e-06 0.0
-0.000131352645 1.10999526e-05 0.0
-0.000114381808 1.35210621e-05 0.0
-9.85623992e-05 -3.0221041e-05 0.0
-0.00015511633 -2.52182199e-05 0.0
-0.000155800793 -8.43050657e-07 0.0
-0.000159136063 -7.87510089e-06 0.0
-0.000107515072 1.22392066e-05 0.0
-0.000102174279 8.56011411e-06 0.0
-0.000130358138 -8.78956871e-06 0.0
-8.92801254e-05 -1.86375419e-05 0.0
-9.3083785e-05 -5.11926055e-06 0.0
0.000199727685 -4.2894364e-05 0.0
0.000214302796 -4.25860417e-05 0.0
0.000196341483 -4.35402544e-05 0.0
0.000217448702 -4.30313885e-05 0.0
0.000189479557 -4.23394122e-05 0.0
0.00022462089 -4.16054754e-05 0.0
-0.000328979309 -5.2325604e-06 0.0
-0.000322172738 3.54426338e-05 0.0
-0.000304250309 1.70986459e-06 0.0
-0.000340413244 3.14816534e-05 0.0
-0.000305902038 3.96366922e-05 0.0
-0.000345902023 -6.03202261e-06 0.0
-0.000313298253 -1.19063689e-05 0.0
-0.000289438671 1.06632497e-05 0.0
-0.000353616546 1.95859593e-05 0.0
-0.000330434385 4.14092938e-05 0.0
-0.000333124131 -1.81045343e-05 0.0
-0.000294118829 3.33180615e-05 0.0
-0.000292598357 -6.91801733e-06 0.0
-0.000312848133 4.52804961e-05 0.0
-0.000356438628 -3.68748056e-06 0.0
-0.000341278559 3.95798052e-05 0.0
-0.000348970148 3.53206087e-05 0.0
-0.0003545449 2.89374875e-05 0.0
-0.000321825122 4.59752846e-05 0.0
-0.000322343549 -1.88881331e-05 0.0
-0.000343019376 -1.56652641e-05 0.0
-0.000312329357 2.8575043e-05 0.0
-0.000285824557 7.64579568e-07 0.0
-0.000301191641 -1.32373034e-05 0.0
-0.000282192399 1.86446941e-05 0.0
-0.000361237093 1.21326784e-05 0.0
-0.000360409584 4.0018358e-06 0.0
-0.000285128655 2.6659518e-05 0.0
-0.000332773023 2.33449609e-05 0.0
-0.000295144069 4.04439816e-05 0.0
-8.18646222e-05 2.29025154e-05 0.0
-9.0558744e-05 2.99408907e-06 0.0
-0.000103009806 2.7690578e-06 0.0
-9.38556186e-05 2.4086019e-05 0.0
-0.000109570625 7.94084008e-06 0.0
-7.08354492e-05 2.13667172e-05 0.0
-7.83557552e-05 2.09835139e-06 0.0
-8.40421562e-05 2.75323819e-05 0.0
-9.71963163e-05 -2.56021031e-06 0.0
-0.000103534767 2.19310823e-05 0.0
-6.60915248e-05 1.50154319e-05 0.0
-7.23737976e-05 2.58363052e-05 0.0
-7.90865815e-05 1.72540695e-05 0.0
-6.77500575e-05 7.35891308e-06 0.0
-8.42637528e-05 -2.70839109e-06 0.0
-0.000113666501 1.12980606e-05 0.0
-0.000110742607 2.69638008e-06 0.0
-9.03561013e-05 2.84103953e-05 0.0
-9.54469651e-05 2.76974351e-05 0.0
-0.000100311488 2.59645622e-05 0.0
-0.00010420756 -2.65039876e-06 0.0
-0.000100225378 9.70264409e-06 0.0
-7.75754525e-05 2.81754128e-05 0.0
-9.15561468e-05 -4.43439831e-06 0.0
-0.000108097352 -6.72755618e-07 0.0
-0.000112439768 1.59072733e-05 0.0
-0.000109932524 1.98727994e-05 0.0
-6.36698896e-05 1.92702682e-05 0.0
-9.01009189e-05 1.93348096e-05 0.0
-6.94090631e-05 2.62707022e-06 0.0
-6.28997004e-05 1.09677376e-05 0.0
-0.000188225851 -1.93576652e-05 0.0
-0.000195601955 -1.39768906e-06 0.0
-0.000209890088 -5.94881476e-06 0.0
-0.000204079552 -2.33395585e-05 0.0
-0.000183014039 1.27400006e-06 0.0
-0.000175243244 -1.42861236e-05 0.0
-0.00021841377 -1.21564344e-05 0.0
-0.000191245228 -2.62592293e-05 0.0
-0.000202166339 1.49467235e-06 0.0
-0.000215608481 -2.26340071e-05 0.0
-0.000168013124 -9.39435449e-06 0.0
-0.000175404479 -2.05184679e-05 0.0
-0.000174326779 1.5528592e-06 0.0
-0.000187417769 4.50324615e-06 0.0
-0.000195121567 4.49648951e-06 0.0
-0.000182120682 -2.52456775e-05 0.0
-0.000200491893 -2.89142718e-05 0.0
-0.000207625664 -2.88666743e-05 0.0
-0.000212846018 -2.70095352e-05 0.0
-0.000210457089 -7.53653012e-07 0.0
-0.000215606167 -3.72026875e-06 0.0
-0.000218635178 -7.30893089e-06 0.0
-0.000167661638 -4.53482244e-06 0.0
-0.000169691251 -1.18515459e-06 0.0
-0.000221705632 -1.64758076e-05 0.0
-0.000220848204 -2.06346631e-05 0.0
-0.000185199067 -1.2350768e-05 0.0
-0.000188629478 -4.49931713e-06 0.0
-0.000104316226 -1.75759251e-05 0.0
-0.000148206207 -1.01938476e-05 0.0
-0.000104469516 -2.39873748e-06 0.0
-0.000151020387 -2.16668941e-05 0.0
-0.000108446846 -2.92700042e-05 0.0
-0.000147153245 -2.41864086e-07 0.0
-9.33968913e-05 -8.94474033e-06 0.0
-0.0001090675 7.03746264e-06 0.0
-0.000141498123 -3.1687352e-05 0.0
-0.000158199604 -1.49313873e-05 0.0
-9.16432982e-05 -2.11714887e-05 0.0
-0.000136201837 5.92273591e-06 0.0
-9.29545204e-05 3.34778451e-06 0.0
-0.000155349597 -3.80081178e-06 0.0
-0.000114257593 -3.75445379e-05 0.0
-0.000160940312 -2.17021443e-05 0.0
-0.000159249204 -2.67295309e-05 0.0
-0.00015369014 -3.10714859e-05 0.0
-0.000159548334 -9.32973671e-06 0.0
-8.86108464e-05 -1.47595438e-05 0.0
-9.67065353e-05 -2.78189927e-05 0.0
-0.000136839895 -4.90835737e-06 0.0
-9.81344419e-05 8.08253026e-06 0.0
-8.93539909e-05 -2.30865157e-06 0.0
-0.00013467361 -3.88288099e-05 0.0
-0.000115030613 1.21570074e-05 0.0
-0.000125210878 1.11057325e-05 0.0
-0.000124470273 -3.96150353e-05 0.0
-0.000138313 -1.75917357e-05 0.0
-0.000144731239 5.85175667e-06 0.0
-0.000297960942 2.54751594e-05 0.0
-0.000287179806 6.29229635e-06 0.0
-0.000278438936 3.00751399e-05 0.0
-0.000274799444 8.60964519e-06 0.0
-0.00026628311 1.60065374e-05 0.0
-0.000308277027 2.08332967e-05 0.0
-0.000299043546 2.28594422e-06 0.0
-0.00028956795 3.30975381e-05 0.0
-0.000268199947 3.05935573e-05 0.0
-0.000282597844 2.20484071e-06 0.0
-0.000305092806 3.10985924e-05 0.0
-0.000275253202 3.65571723e-05 0.0
-0.000306714704 5.9928725e-06 0.0
-0.000294845406 -1.10436997e-06 0.0
-0.000314347941 1.6031363e-05 0.0
-0.000260994129 2.06970199e-05 0.0
-0.000266613177 1.00672642e-05 0.0
-0.000275304978 3.58723719e-06 0.0
-0.000288802024 -1.05680624e-06 0.0
-0.00027028186 6.06971344e-06 0.0
-0.000310432195 2.69588127e-05 0.0
-0.000298226223 3.44602486e-05 0.0
-0.000282717665 3.70434791e-05 0.0
-0.000269350188 3.50984774e-05 0.0
-0.000312768592 1.04703759e-05 0.0
-0.000260715431 2.54670686e-05 0.0
-0.000262032147 2.94670081e-05 0.0
-0.000275627332 1.55800335e-05 0.0
-0.000293988356 9.71629652e-06 0.0
-0.000306693604 1.29929413e-06 0.0
-0.000287924311 2.66740881e-05 0.0
-4.00563767e-05 -2.50601752e-05 0.0
-6.59823709e-05 -3.80041784e-05 0.0
-1.70957337e-05 -5.64907532e-05 0.0
-4.18394739e-05 -6.70693407e-05 0.0
-7.68304817e-05 -4.74097687e-05 0.0
-5.8843947e-05 -2.42312362e-05 0.0
-2.48326432e-05 -6.81968668e-05 0.0
-5.80519409e-05 -7.02025354e-05 0.0
-2.28125773e-05 -1.9998768e-05 0.0
-3.772833e-06 -4.71147796e-05 0.0
-4.11636101e-05 -1.19802889e-05 0.0
-6.07460606e-06 -6.20298742e-05 0.0
-7.75310473e-05 -3.25254987e-05 0.0
-4.07535117e-05 -7.59833129e-05 0.0
-2.62049525e-06 -3.40856132e-05 0.0
-9.14305019e-06 -2.45212395e-05 0.0
-7.61939591e-05 -5.90239324e-05 0.0
-7.08581356e-05 -6.66675915e-05 0.0
-8.10542188e-05 -3.95357529e-05 0.0
-7.11354151e-05 -2.52738755e-05 0.0
-3.08977687e-05 -7.47809754e-05 0.0
-5.04562195e-05 -7.56829177e-05 0.0
-5.22825612e-05 -1.43093775e-05 0.0
-3.05130015e-05 -1.19837814e-05 0.0
-5.42169516e-07 -5.54520484e-05 0.0
-1.34218863e-05 -6.77142307e-05 0.0
-8.27952899e-05 -5.39609573e-05 0.0
4.65875928e-06 -3.98234261e-05 0.0
-4.89307968e-05 -3.81776117e-05 0.0
-3.44901528e-05 -5.65646696e-05 0.0
-0.000358226796 7.46455044e-06 0.0
0.000108374785 -2.49923905e-05 0.0
-0.0004035772 -5.81529639e-06 0.0
0.000113692193 -1.68420993e-05 0.0
-0.000353509415 2.95569262e-05 0.0
-0.000287798292 -5.90469972e-06 0.0
-0.000433676643 2.09903446e-05 0.0
6.78027354e-05 3.7205009e-06 0.0
-0.000145555794 4.24863765e-06 0.0
3.89330999e-05 -4.0699957e-05 0.0
-0.000155487549 -5.54193939e-05 0.0
-0.000410886016 7.21547849e-06 0.0
8.01075366e-05 -1.14365066e-05 0.0
-0.000152400069 1.81565392e-05 0.0
5.05688513e-06 -1.25450852e-05 0.0
0.000186384554 -3.17115264e-05 0.0
-0.000330834329 -2.46517684e-05 0.0
1.26165032e-05 1.28776946e-05 0.0
-0.000231247643 1.24965936e-05 0.0
-0.000608284608 3.62575543e-06 0.0
-0.000137568277 -8.745792e-06 0.0
-0.000298793981 1.37520044e-06 0.0
-0.00040164555 2.41098915e-05 0.0
0.000124908256 -3.90636487e-05 0.0
-0.000218714675 -2.28559693e-05 0.0
4.83899385e-05 -1.02824752e-05 0.0
0.000162894052 -3.39903454e-05 0.0
-0.00035276523 -5.39659559e-05 0.0
-0.000545673829 1.48365325e-06 0.0
0.000146598206 -6.4900687e-06 0.0
-0.000197264162 1.37444731e-05 0.0
-0.000174531553 2.03467516e-05 0.0
-0.000452052132 8.05809304e-06 0.0
5.53318168e-05 -6.09594599e-06 0.0
-0.000250247249 -1.82313524e-05 0.0
-0.000180484625 4.75507568e-06 0.0
-0.000211181599 1.83513785e-05 0.0
-0.000448096311 2.41600828e-05 0.0
-0.000287126837 -2.41741964e-05 0.0
-0.000373015122 4.56647685e-05 0.0
-0.000178749586 -4.85166602e-05 0.0
-0.000304877351 1.76485628e-05 0.0
-0.000392307091 6.51588607e-06 0.0
6.16271282e-05 4.49284443e-07 0.0
-0.000336738332 1.18951029e-05 0.0
8.91384698e-05 -5.43594251e-05 0.0
2.65215567e-05 1.86367743e-05 0.0
-1.81677096e-05 5.22515336e-07 0.0
-2.06631375e-06 -6.32712818e-06 0.0
-0.000419741293 3.02806475e-05 0.0
-0.000472174725 2.55695904e-05 0.0
-0.000462507975 2.54846327e-06 0.0
0.000188391597 -3.32990057e-05 0.0
-0.000151221451 -5.80209489e-05 0.0
-2.06869991e-05 -4.14966344e-05 0.0
-3.21106309e-05 -3.57883255e-05 0.0
-0.000127281324 -1.86474153e-05 0.0
-0.000350783608 1.66802674e-05 0.0
0.000215311142 -3.96554751e-05 0.0
5.2854135e-05 -1.9799576e-05 0.0
4.64214863e-05 -5.13307987e-06 0.0
0.000168786923 -3.47119967e-05 0.0
-0.000192419684 2.19182584e-05 0.0
-0.000111348236 1.33119702e-05 0.0
1.23384671e-05 -1.34469974e-05 0.0
0.000109926317 -2.0516829e-05 0.0
-5.00949172e-05 -3.89665047e-06 0.0
3.4700035e-05 3.50780329e-06 0.0
-0.000415152812 -4.81786956e-05 0.0
-3.43364263e-05 -9.63988077e-06 0.0
3.97374606e-05 1.3183816e-05 0.0
-0.000410582434 3.99319797e-05 0.0
0.000144410224 -8.28718657e-06 0.0
0.000169144623 -3.77081014e-05 0.0
-0.000386776839 -9.81609719e-06 0.0
5.8114787e-05 -2.66657509e-07 0.0
2.18512741e-06 -1.34702859e-05 0.0
-0.000408013526 -3.51275885e-05 0.0
-0.000513063511 5.71013743e-06 0.0
-0.000449210376 2.93077082e-05 0.0
-0.000151487257 -4.73121581e-05 0.0
-0.000319357787 -3.53594442e-06 0.0
-0.000248890079 -2.78317439e-05 0.0
-0.000128103027 -4.88129663e-05 0.0
8.04633528e-05 2.02404408e-05 0.0
-0.00033056864 -1.37972374e-05 0.0
-0.000273711135 -5.62174273e-06 0.0
-0.000633412274 -5.18649676e-06 0.0
-0.000205451142 -1.15074372e-05 0.0
-0.000249467324 -2.9336381e-05 0.0
0.000135785187 1.23421087e-05 0.0
-0.000227563316 -2.62213343e-05 0.0
-6.67803542e-05 1.00130937e-05 0.0
-0.000265952927 -2.13582389e-05 0.0
-0.000273469399 1.91331565e-05 0.0
-0.000196363661 -3.40373481e-05 0.0
-0.000264663249 -1.22757574e-05 0.0
-0.000398344389 1.71446609e-05 0.0
7.44314239e-05 -2.48914748e-05 0.0
-0.000308550778 -5.46590345e-05 0.0
-0.000145490339 2.38574376e-05 0.0
1.82863769e-05 -7.88695979e-06 0.0
-0.000154956229 -3.66138778e-07 0.0
-0.0001887041 2.07851754e-05 0.0
-0.000604811765 1.34578395e-05 0.0
-0.000185225479 -8.52832454e-06 0.0
-0.000122602432 -7.74917044e-06 0.0
1.66462596e-05 -6.16113539e-05 0.0
-0.000337894802 -6.70560403e-05 0.0
0.000202329902 -1.79237577e-05 0.0
0.000148263018 -3.02550252e-05 0.0
-0.000580845866 3.43426727e-05 0.0
-0.000541938818 -7.7751165e-06 0.0
-0.000586132985 -1.23644413e-05 0.0
-0.000556695333 1.35553455e-05 0.0
-0.000500023423 -3.64168591e-05 0.0
-0.000187702215 1.07694987e-05 0.0
-0.000365210959 -2.60923371e-05 0.0
-0.000136452261 8.75625665e-06 0.0
-0.000213354724 -2.25895546e-05 0.0
-0.000448000734 2.09631271e-05 0.0
-0.000195240849 2.1761145e-05 0.0
-0.000207737612 1.7330809e-05 0.0
-0.000364364503 1.66059635e-05 0.0
0.00011781494 -2.08410038e-05 0.0
-0.000171179636 -4.76655187e-05 0.0
-8.43187954e-05 -5.16105501e-06 0.0
-0.000469663326 3.03824327e-05 0.0
-0.000466515543 9.49403329e-06 0.0
-0.000143351295 5.78930576e-06 0.0
-0.000130736807 -1.03480488e-05 0.0
-0.000355933502 -2.83998315e-06 0.0
-0.000324021996 3.95033348e-05 0.0
2.22013678e-05 -1.32268724e-05 0.0
-0.000236846623 1.03295388e-05 0.0
-0.000311079959 3.58207444e-06 0.0
-0.000289324089 -4.40121294e-05 0.0
-0.00025559825 2.55054529e-05 0.0
-1.57663981e-05 -1.38034438e-05 0.0
-0.000468270737 2.76603569e-05 0.0
0.000216191722 -3.29232898e-05 0.0
0.000135871451 -4.70461782e-05 0.0
-0.000171937194 -5.43829701e-05 0.0
-0.000180464092 7.93422987e-06 0.0
0.000152871173 -2.94725596e-05 0.0
-3.57786412e-05 1.88503691e-05 0.0
-0.000134603441 9.48881006e-06 0.0
9.62912673e-05 -5.31986771e-05 0.0
0.000193261323 -4.09285203e-05 0.0
0.000102886923 -7.71459054e-06 0.0
0.000201129384 -4.06124309e-06 0.0
0.000181126015 -3.20739382e-05 0.0
8.00260896e-05 -3.78921686e-05 0.0
-2.32672719e-05 7.96409586e-06 0.0
6.93782931e-05 2.1054133e-05 0.0
-0.0001491086 -5.54257022e-05 0.0
-0.000227573648 3.07466908e-05 0.0
-0.000438507879 -7.35275398e-06 0.0
-1.97664372e-06 4.70619352e-06 0.0
-0.000166676909 1.27944304e-05 0.0
-0.00060582388 8.6949558e-06 0.0
-0.00038049955 4.14135466e-05 0.0
-0.000353750773 -2.12365921e-06 0.0
-0.000320637802 1.544324e-05 0.0
0.000257818087 1.01051392e-05 0.0
-0.000269442098 -1.03534658e-05 0.0
-0.000422193087 -4.87107791e-05 0.0
-0.000430741173 2.92467939e-05 0.0
-0.000472677202 -4.10061439e-05 0.0
-0.000306544564 -2.39731689e-05 0.0
-0.000150564971 2.13405183e-05 0.0
-0.00021323486 -3.48043286e-05 0.0
-0.000269736513 -2.87430485e-05 0.0
-0.000647679146 -1.89407206e-06 0.0
-0.000446134829 3.94255585e-05 0.0
-8.99894019e-07 -1.01002468e-06 0.0
-0.000319031591 -1.36058243e-05 0.0
0.000116238953 7.75849185e-06 0.0
-0.000421776815 1.57331833e-05 0.0
7.43657292e-05 -2.56883391e-06 0.0
-0.000477159483 4.42145392e-06 0.0
-0.00066475285 -5.60558965e-06 0.0
-0.000255517603 -7.22782306e-06 0.0
-6.62241291e-06 -2.59047811e-05 0.0
-0.000494682114 2.62674002e-05 0.0
-4.16035437e-05 1.0337224e-05 0.0
-0.000680020137 -1.08560462e-05 0.0
-0.000237435044 -2.63671045e-05 0.0
-0.000438579038 -3.19512255e-05 0.0
-0.000502378971 6.8475133e-06 0.0
0.000196494017 -4.09672102e-05 0.0
-0.000523534429 2.5032492e-05 0.0
1.89146995e-05 -8.51326786e-06 0.0
-0.000420177821 -7.082705e-06 0.0
-4.36156297e-05 -1.76617357e-06 0.0
-0.000379286997 -6.2566869e-05 0.0
-0.000234794963 -2.38230477e-05 0.0
-0.000133237467 -5.89232986e-05 0.0
-0.000629669288 9.3271392e-06 0.0
-0.000375688251 3.28994138e-05 0.0
-0.000384095125 3.02867466e-05 0.0
8.24387389e-05 -1.19191409e-05 0.0
0.000237851258 -4.68178296e-05 0.0
-0.000118097363 2.80164585e-07 0.0
0.00013844388 -2.63980965e-05 0.0
-0.000437181181 1.22973534e-05 0.0
-0.000532219186 1.5991176e-05 0.0
-0.000154949361 -2.25758704e-05 0.0
-0.000382216153 -8.4512476e-06 0.0
0.000164723955 4.5537513e-06 0.0
-0.000487516314 -2.91303895e-05 0.0
0.000190953608 -4.5221077e-05 0.0
-0.000264470465 -3.76351159e-06 0.0
-3.57008576e-05 -3.9372193e-05 0.0
-0.00061319751 -1.58204002e-05 0.0
-0.000134642658 -4.79437258e-05 0.0
-0.000375294592 -7.39439474e-06 0.0
0.000104445717 3.03390561e-06 0.0
0.00014307088 -2.00662707e-05 0.0
8.41798901e-05 -1.84862492e-05 0.0
3.73632829e-05 6.30657178e-06 0.0
-0.000242405426 -1.80430397e-05 0.0
-0.000422303128 4.59329749e-05 0.0
-0.000568983553 1.90594019e-05 0.0
-0.000392497721 -5.31599144e-05 0.0
-2.7372962e-05 -1.7538694e-05 0.0
6.7191344e-05 -4.88900405e-05 0.0
-6.92585891e-05 -3.05519861e-05 0.0
-0.000207997829 1.4754055e-05 0.0
-0.000372694689 1.58681032e-05 0.0
-0.000519893249 -5.92742526e-06 0.0
-0.000302551198 -6.73193717e-05 0.0
-0.000242635448 -4.269903e-05 0.0
0.000175400462 -2.02781521e-05 0.0
-0.000102500366 -1.94780823e-05 0.0
-0.000472197862 3.30584626e-05 0.0
7.69685212e-05 -8.04910087e-06 0.0
-0.000478185073 3.25098358e-06 0.0
-0.000222062052 1.41641767e-05 0.0
-1.34063239e-05 -3.80361562e-05 0.0
-0.000284353824 6.24409449e-06 0.0
-0.000133120993 -1.67711569e-05 0.0
0.000160593365 -4.38475581e-05 0.0
-0.000655166397 -7.11439134e-06 0.0
0.000105386345 2.17203842e-06 0.0
-0.000144679827 -2.80911263e-05 0.0
-0.000589049072 3.16806654e-05 0.0
0.000167650578 -2.9756422e-05 0.0
-0.000392202113 -2.81963748e-05 0.0
5.96902682e-05 9.46801993e-06 0.0
-0.000333611621 -2.46357649e-05 0.0
5.62699506e-06 -7.57238604e-06 0.0
0.000118302152 -3.09385032e-05 0.0
4.22885387e-05 -8.55315739e-06 0.0
-0.000552320795 2.56342119e-05 0.0
-0.000214566404 2.63999555e-05 0.0
-0.000426098937 -2.91406704e-05 0.0
-0.000187549143 -5.46968367e-05 0.0
-9.77034597e-06 1.34198963e-05 0.0
-0.000328527793 1.74288562e-05 0.0
-0.0004684343 -3.23457716e-05 0.0
-0.000104921928 8.15373005e-06 0.0
0.000216999819 -3.42062267e-05 0.0
-0.000210419414 -6.39625387e-06 0.0
-0.000154991547 -4.07556763e-05 0.0
-0.000109800458 -4.41710727e-05 0.0
-0.000482420437 2.9598903e-05 0.0
-2.31335416e-05 1.67869314e-06 0.0
-0.000159662639 1.63959267e-05 0.0
-8.85450863e-05 5.84196005e-06 0.0
-0.000568836578 -8.41340261e-06 0.0
-0.000483202835 -1.19515162e-05 0.0
9.20308303e-05 -2.69844077e-05 0.0
-0.000333501899 5.48899379e-06 0.0
-0.00028015906 -2.41093458e-05 0.0
-0.000472763757 -4.92395156e-05 0.0
-0.00059132243 2.33468854e-05 0.0
-0.000238480046 -8.10605979e-06 0.0
-0.000426165439 2.25538115e-05 0.0
-0.000143482437 -3.33123062e-05 0.0
-3.65096603e-05 -1.50871892e-05 0.0
-0.000111378176 4.69788529e-06 0.0
-0.000546141178 -8.05974014e-06 0.0
0.000162397904 -2.97528641e-05 0.0
-0.000260544446 -4.50798943e-05 0.0
-0.000352168805 3.79113335e-05 0.0
-0.000602534798 1.69736413e-05 0.0
-0.000120110337 2.17948964e-05 0.0
-0.000132618938 -7.39313236e-06 0.0
-8.30844438e-05 3.82204234e-06 0.0
-0.000162381344 -2.71237718e-06 0.0
-0.000172774555 -4.74122089e-06 0.0
-6.65859261e-05 2.59655536e-07 0.0
0.000272561621 1.3151649e-05 0.0
-9.74944196e-05 -2.94433576e-05 0.0
-0.000270607328 -8.25832194e-06 0.0
-5.22583287e-05 5.00371925e-06 0.0
-5.865395e-05 -1.3873414e-05 0.0
-0.000211042076 -4.41491175e-05 0.0
-0.000479097536 3.12104821e-05 0.0
-1.58055864e-05 -6.9346188e-06 0.0
0.000193805769 -1.77304282e-05 0.0
-0.000488264544 -5.3849988e-05 0.0
2.3358441e-06 -4.12505733e-06 0.0
-0.000529498444 2.33346582e-05 0.0
-7.29978419e-05 -1.52267021e-05 0.0
4.58575096e-06 1.91474355e-05 0.0
-0.000133820533 -1.70041567e-05 0.0
6.19590428e-05 -2.12549344e-06 0.0
-0.000330541603 -6.52178715e-05 0.0
-0.000354781572 -1.39908643e-05 0.0
-0.000414405338 -3.64427106e-05 0.0
-0.000157127215 9.52117443e-06 0.0
-0.000187711092 -2.4612762e-05 0.0
0.000128517699 2.70297805e-05 0.0
1.93288924e-05 5.10278005e-06 0.0
-6.91377209e-05 -1.81109735e-05 0.0
-0.000452645821 2.48729411e-05 0.0
6.47965571e-05 1.37729703e-05 0.0
-0.000183761964 -1.48906638e-05 0.0
-0.000397821044 2.06595432e-05 0.0
4.53161665e-05 -1.27616804e-05 0.0
2.32993425e-05 1.02042422e-05 0.0
-4.65148405e-05 9.45277498e-06 0.0
-0.000291233533 7.16320528e-07 0.0
-0.000488542253 7.2328121e-06 0.0
-0.000295481907 -1.04673391e-05 0.0
5.01181748e-05 -2.19079793e-05 0.0
-0.000212104947 1.94257495e-06 0.0
-0.000525769312 3.56927399e-06 0.0
-0.000381943566 3.40730512e-05 0.0
-0.000350619986 2.05979832e-05 0.0
-0.000422890909 1.09894254e-05 0.0
0.000261122419 -1.24213566e-05 0.0
-0.000454951864 3.12173106e-05 0.0
-0.000290580938 2.43526956e-05 0.0
-9.55443684e-05 9.30400802e-06 0.0
-0.000496411347 8.29824057e-06 0.0
-0.000250802172 3.22368796e-05 0.0
-0.000421915756 -1.08815493e-05 0.0
-0.000225433658 2.90292955e-05 0.0
-0.000486229372 2.62886424e-05 0.0
0.000258117798 -2.64260634e-05 0.0
-0.000343738677 4.15021204e-05 0.0
-0.00048041105 -5.58789143e-05 0.0
-0.000210534927 -1.9788522e-05 0.0
-0.000405408093 -1.50812511e-05 0.0
-0.000444300618 2.26165175e-05 0.0
-7.85037118e-05 -2.11894462e-06 0.0
-0.000410374807 1.54894533e-05 0.0
-0.000222620904 1.55288835e-05 0.0
-1.2586157e-05 -1.34523625e-05 0.0
0.000124348298 -2.47015923e-05 0.0
0.000267226453 -9.57332941e-06 0.0
4.22855483e-05 -6.13833763e-05 0.0
-0.000516988977 2.98424548e-05 0.0
-0.000113138449 9.18229671e-06 0.0
-0.000467313919 -3.98834745e-05 0.0
-0.000379329431 8.715273e-06 0.0
-0.000166963946 -5.30352772e-05 0.0
7.64994111e-05 1.8255565e-05 0.0
-0.000191475076 -1.15076909e-05 0.0
-0.000464449899 -3.09495335e-05 0.0
-0.000186350342 -7.12292422e-06 0.0
-0.000260317553 8.78567243e-06 0.0
-0.000123558231 -6.31241419e-05 0.0
-8.71977973e-05 9.66117022e-06 0.0
0.000194663822 -3.18172897e-05 0.0
0.000158349038 2.3131257e-05 0.0
-9.67010874e-06 -9.25397035e-06 0.0
-0.000337548641 -1.51227016e-06 0.0
-5.77952487e-05 1.30014005e-05 0.0
-7.52674023e-05 1.87535818e-06 0.0
2.1182952e-05 -1.46555976e-05 0.0
-0.000463781442 3.99165583e-05 0.0
3.02795015e-05 -3.05160393e-06 0.0
-1.75782006e-05 -6.07663715e-05 0.0
-0.000323935383 1.99720284e-06 0.0
-0.000171770429 -3.60666018e-05 0.0
-0.000180582385 2.04520857e-05 0.0
0.000180231553 -1.47614001e-05 0.0
-0.0004722171 2.07404009e-05 0.0
-0.000402837934 4.02663773e-06 0.0
-0.000137368479 6.54826226e-06 0.0
1.91767649e-05 1.94284221e-05 0.0
-0.000283198751 3.13697783e-05 0.0
-0.00043977017 -4.39210235e-05 0.0
-0.000385848776 -4.33328496e-05 0.0
-0.000209164064 -2.76169303e-05 0.0
0.000146913211 -3.45533845e-05 0.0
-2.28065655e-05 2.22000599e-05 0.0
-0.000139148309 7.14702946e-06 0.0
-0.000361649873 -2.25536969e-05 0.0
-0.000118902906 2.10525718e-06 0.0
-0.000382500119 4.03643862e-05 0.0
-0.00045995228 -9.26257871e-06 0.0
-4.97469373e-05 5.14218618e-06 0.0
3.20943127e-06 -3.82049075e-05 0.0
3.03454726e-05 -1.67414055e-05 0.0
9.79579054e-05 1.51709492e-05 0.0
-0.000321405154 1.02260492e-05 0.0
-0.000234994004 -1.49593525e-05 0.0
2.65270478e-06 -2.0625414e-06 0.0
0.000100177174 -4.62503413e-05 0.0
7.86380406e-05 -1.86650304e-05 0.0
-0.0003014713 3.02651606e-05 0.0
-5.87120339e-05 -3.70414928e-05 0.0
0.000237277665 -3.93502996e-05 0.0
-0.000278526131 -6.4908505e-05 0.0
-0.000329921604 2.74691847e-05 0.0
0.000244821247 -4.97163819e-05 0.0
-0.000222897404 1.32009673e-05 0.0
1.57383693e-06 -3.52216957e-05 0.0
-0.000164064681 2.27546498e-05 0.0
0.000264168571 -2.37379409e-05 0.0
3.79189587e-05 -1.55441539e-05 0.0
-0.000578088744 2.88228766e-05 0.0
-0.000329544011 -5.39092653e-05 0.0
-0.000263874739 -5.55366896e-05 0.0
-0.000214425207 -1.85158642e-05 0.0
-0.000227324694 2.08171296e-05 0.0
-4.32998386e-05 -2.41211965e-05 0.0
-0.000102548962 -6.96511825e-06 0.0
-2.96812977e-05 -3.49436846e-06 0.0
9.65279905e-05 -3.50115806e-06 0.0
-0.000416810741 1.9315572e-05 0.0
-0.00021439683 1.13824763e-05 0.0
-0.00033518445 -3.79337762e-05 0.0
-0.000438562303 -2.92307686e-05 0.0
-0.000644020212 1.27867706e-05 0.0
-0.000158288225 6.46795706e-06 0.0
-0.000125740713 9.53165454e-06 0.0
0.00019579682 -4.6835783e-05 0.0
-4.24313512e-05 -1.91089821e-05 0.0
-0.000519317458 2.00747108e-05 0.0
-8.64286121e-05 3.7817972e-06 0.0
-0.00015013892 -5.71784694e-05 0.0
-0.000250819983 -1.27802259e-05 0.0
0.000181214462 -4.87408215e-05 0.0
-0.000440795004 4.54409974e-06 0.0
-0.000383629726 5.8642654e-06 0.0
3.5270954e-05 1.16805841e-05 0.0
0.000213583306 -3.92397342e-05 0.0
0.000215725158 -4.70685263e-05 0.0
-0.000145230166 -5.31924998e-05 0.0
-0.000330385636 -1.70338535e-05 0.0
-0.000304520217 -1.86253073e-05 0.0
-0.00053938292 2.26378343e-05 0.0
-9.29966627e-05 -2.19039521e-06 0.0
-0.000306287227 -1.32001423e-06 0.0
-0.000100090838 -4.09888089e-05 0.0
-0.000156787166 1.37443649e-05 0.0
1.46022476e-05 -7.05544471e-06 0.0
-0.000231519502 -4.38575407e-05 0.0
-0.000347163645 -7.44134604e-06 0.0
3.39475773e-05 -2.70438741e-05 0.0
3.88791959e-05 -5.18625393e-06 0.0
-0.000394414586 3.06509828e-05 0.0
0.00029641061 7.70832048e-06 0.0
-0.000344477303 -1.84395722e-05 0.0
-0.000194640917 -1.95516568e-05 0.0
-0.00056745857 9.86335817e-06 0.0
-0.000694798306 -6.14278406e-06 0.0
0.000103751467 -5.17391709e-05 0.0
-0.000113363596 -5.19489477e-05 0.0
0.000174135159 -3.46779816e-05 0.0
-0.000582477602 1.5679816e-06 0.0
-0.000104280844 1.98983143e-05 0.0
-0.000379434205 8.21981848e-06 0.0
-0.000629031798 1.86354664e-05 0.0
-0.000421689881 6.14325745e-06 0.0
0.000236656764 5.55211454e-06 0.0
-0.000234975014 -2.62647955e-05 0.0
-0.000212729705 -8.98378948e-06 0.0
3.95461502e-05 -5.19863806e-06 0.0
-9.97772258e-06 4.89718241e-06 0.0
-0.000395563227 1.57887644e-05 0.0
-0.00028971897 -3.3515023e-06 0.0
-0.000102640341 5.688898e-06 0.0
0.000197735222 -3.5203615e-05 0.0
0.000192600361 -5.48549451e-06 0.0
-0.000329146249 -1.50815376e-05 0.0
0.000137700568 -5.20699796e-05 0.0
-0.000404896418 -5.39144858e-05 0.0
0.000172703774 -3.24197172e-05 0.0
-0.000157663162 -5.33797429e-05 0.0
-4.52325767e-05 -4.14328861e-05 0.0
-0.000272530771 -2.06746408e-05 0.0
-0.000169125196 -3.87089822e-05 0.0
0.000106112551 -4.64826826e-06 0.0
-0.000420779863 -1.17689669e-05 0.0
-0.000334839802 -3.98825359e-05 0.0
-0.000220279602 2.79918531e-05 0.0
-0.000675589661 -2.35352218e-06 0.0
-0.000251888734 -8.51735604e-06 0.0
-1.06781426e-05 1.82639287e-05 0.0
-0.000456465757 2.45358515e-05 0.0
-0.000440228672 4.39504729e-05 0.0
0.000138095536 -2.79330889e-05 0.0
-0.000350894115 2.98332106e-05 0.0
-5.48571516e-05 -1.44938886e-05 0.0
9.64743303e-05 2.01996204e-06 0.0
-0.000455645117 -2.52267037e-05 0.0
-0.000202668176 -1.36959434e-05 0.0
-0.000283089961 -2.30752703e-05 0.0
-1.79900635e-05 -1.1926727e-05 0.0
-0.000631185598 -1.97295776e-05 0.0
-0.0004819842 2.03825239e-05 0.0
-0.000417968986 -3.57416429e-05 0.0
-0.000189428858 -7.67935671e-06 0.0
-3.80401652e-05 -1.24211747e-05 0.0
-0.000405159895 -4.24390419e-06 0.0
-0.000396225165 -5.03071205e-05 0.0
-0.000387376233 1.48298104e-05 0.0
-0.000225433716 -6.26437838e-07 0.0
-0.000622822554 2.84135949e-05 0.0
7.86815217e-05 -1.38481228e-05 0.0
-0.000250595331 -2.05980596e-05 0.0
-2.60593988e-05 -3.1350366e-05 0.0
-0.000258618384 1.98737362e-05 0.0
-0.00026617499 -3.2905511e-05 0.0
-0.000434275978 3.07951741e-05 0.0
6.50448055e-05 -4.29480997e-06 0.0
9.60974357e-05 8.23156643e-06 0.0
-0.000581166649 2.24331416e-05 0.0
-2.85169222e-07 -6.86295743e-06 0.0
-0.0002618992 -2.86138511e-05 0.0
-0.000415295915 4.42503406e-05 0.0
0.000258031505 -3.86159591e-05 0.0
-0.000502721174 -1.02832582e-05 0.0
-0.000566239178 2.61024502e-06 0.0
-0.000378458848 1.44532933e-05 0.0
-0.000109503373 -4.05708051e-05 0.0
-0.000168925311 -4.52839122e-05 0.0
0.000164796875 -3.50796799e-05 0.0
-3.01481123e-06 -1.32332752e-05 0.0
-0.000305903668 -2.54287115e-05 0.0
-0.000325003522 -2.9088249e-05 0.0
0.000149394487 4.70197847e-06 0.0
-0.000488651625 3.43995016e-05 0.0
-0.000299072912 -2.11938732e-05 0.0
0.000137817129 -2.71722402e-05 0.0
-0.000125459366 2.43350369e-05 0.0
-6.6421082e-05 -1.3274358e-05 0.0
0.00014171029 -2.50843714e-05 0.0
-0.000389840454 -4.83463446e-05 0.0
-0.000137033043 2.04499993e-05 0.0
-0.000577704574 1.46290477e-05 0.0
-0.000289645803 -2.81365692e-06 0.0
-0.000522557937 2.94568545e-05 0.0
-0.000255788473 7.87617591e-06 0.0
0.00010779802 2.50856847e-05 0.0
-0.000234205043 2.02022075e-05 0.0
-0.000572445162 -1.06340494e-05 0.0
0.000111653935 -1.87407404e-05 0.0
-0.000318579754 2.05066754e-05 0.0
-0.000418348209 3.42930762e-05 0.0
-0.000178631584 2.2776474e-05 0.0
2.21290302e-05 -3.81829195e-05 0.0
6.53446477e-05 6.60202022e-06 0.0
