-7.0455294e-06 3.69844311e-05 0.0
-9.47767603e-06 2.66799507e-05 0.0
-1.07614323e-05 3.00999473e-05 0.0
-4.77268941e-06 3.24517423e-05 0.0
-8.30792633e-05 4.2751828e-05 0.0
-7.67216115e-05 4.04955936e-05 0.0
-7.12936526e-05 3.89722118e-05 0.0
-7.47884478e-05 4.7002035e-05 0.0
1.08111008e-05 3.89722118e-05 0.0
5.38314089e-06 4.04955936e-05 0.0
-9.74510499e-07 4.2751828e-05 0.0
-9.4124036e-05 6.55168406e-05 0.0
-9.58727687e-05 5.95875063e-05 0.0
-9.71656627e-05 5.31495243e-05 0.0
-8.36933032e-05 5.68762443e-05 0.0
1.22012898e-05 -8.47572664e-06 0.0
1.34941783e-05 -2.03774334e-06 0.0
1.52429111e-05 3.8915914e-06 0.0
-6.98386575e-05 6.00362364e-05 0.0
-7.14388952e-05 5.86675305e-05 0.0
-7.28627492e-05 5.70655939e-05 0.0
-6.53354655e-05 5.74147343e-05 0.0
3.65041997e-05 -4.55965619e-06 0.0
3.79280536e-05 -2.95771974e-06 0.0
3.9528295e-05 -1.58901537e-06 0.0
6.02954824e-05 1.38095729e-05 0.0
5.69705808e-05 3.65505753e-06 0.0
5.54699436e-05 8.19254456e-06 0.0
6.07314469e-05 1.12557764e-05 0.0
-1.22450201e-05 5.31377955e-05 0.0
-1.77982347e-05 5.47412274e-05 0.0
-2.2542592e-05 5.5814362e-05 0.0
-2.12308823e-05 4.35180591e-05 0.0
-0.000104647341 5.5814362e-05 0.0
-9.99029871e-05 5.47412274e-05 0.0
-9.43497726e-05 5.31377955e-05 0.0
-6.39086866e-05 5.61533307e-05 0.0
-6.63138853e-05 4.35685506e-05 0.0
-6.75810006e-05 4.78558177e-05 0.0
-6.27708068e-05 5.21522052e-05 0.0
-3.65467167e-05 4.91242317e-05 0.0
-4.13191337e-05 4.10302491e-05 0.0
-4.19111748e-05 4.48550454e-05 0.0
-3.56636629e-05 4.41362208e-05 0.0
7.9785259e-06 2.33648079e-05 0.0
4.11771134e-06 1.40382645e-05 0.0
3.94704239e-06 2.09490991e-05 0.0
7.90172726e-06 1.72267228e-05 0.0
-1.76530139e-05 7.12935662e-06 0.0
-1.52512139e-05 6.57330111e-06 0.0
-1.28978318e-05 6.1488372e-06 0.0
-1.12146454e-05 1.26503382e-05 0.0
-1.56119568e-05 8.91913078e-06 0.0
-1.13130081e-05 8.69078758e-06 0.0
6.92069152e-05 6.1488372e-06 0.0
6.68535358e-05 6.57330111e-06 0.0
6.44517349e-05 7.12935662e-06 0.0
-4.09623681e-05 3.7163878e-05 0.0
-4.49623149e-05 2.53127673e-05 0.0
-4.69793158e-05 3.12264783e-05 0.0
-3.90992755e-05 3.18154089e-05 0.0
-1.06336995e-06 1.79483395e-05 0.0
-5.50359664e-06 9.41466806e-06 0.0
-5.51290668e-06 1.46405991e-05 0.0
-2.50484504e-07 1.26586956e-05 0.0
-1.22701049e-05 2.71997815e-05 0.0
-1.81905707e-05 2.47560565e-05 0.0
-1.67846283e-05 2.53270646e-05 0.0
-1.19097149e-05 2.54583138e-05 0.0
1.15807197e-05 3.76796488e-05 0.0
7.79073889e-06 2.56876829e-05 0.0
9.99390613e-06 3.49527763e-05 0.0
8.6787777e-06 2.9113613e-05 0.0
-2.67956584e-05 3.39718754e-05 0.0
-3.30967559e-05 3.31059928e-05 0.0
-3.24678731e-05 3.47682217e-05 0.0
-2.87614839e-05 3.41220002e-05 0.0
2.34532108e-05 2.56913772e-05 0.0
1.93652413e-05 1.17238487e-05 0.0
1.74880588e-05 1.6552005e-05 0.0
2.66073639e-05 1.87894966e-05 0.0
-0.000109366949 6.1625251e-05 0.0
0.0 0.0 0.0
8.21047506e-05 0.0 0.0
-2.72622001e-05 6.1625251e-05 0.0
-9.32108014e-06 3.72991017e-05 0.0
-1.12913631e-05 3.70645575e-05 0.0
-1.29892323e-05 3.65501292e-05 0.0
-1.4364281e-05 3.57564968e-05 0.0
-1.53678247e-05 3.47896566e-05 0.0
-1.60236195e-05 3.36789562e-05 0.0
-1.60189247e-05 3.22374472e-05 0.0
-1.53789642e-05 3.05346366e-05 0.0
-1.42844137e-05 2.89682503e-05 0.0
-1.28951961e-05 2.7816388e-05 0.0
-1.12475163e-05 2.70557539e-05 0.0
-7.69450253e-06 2.66838506e-05 0.0
-6.00671046e-06 2.70249056e-05 0.0
-4.5354609e-06 2.76448609e-05 0.0
-3.33523258e-06 2.84614634e-05 0.0
-2.3915677e-06 2.94077508e-05 0.0
-1.70661826e-06 3.03963934e-05 0.0
-1.23474001e-06 3.12627235e-05 0.0
-7.74398472e-07 3.18309285e-05 0.0
-4.15441065e-07 3.22917003e-05 0.0
-2.03747777e-06 3.42935782e-05 0.0
-4.61092213e-06 3.60296654e-05 0.0
-7.93703111e-06 3.14844256e-05 0.0
-8.14570012e-05 4.21945915e-05 0.0
-7.93048821e-05 4.14518981e-05 0.0
-7.4405456e-05 3.96638716e-05 0.0
-7.26798098e-05 3.92047368e-05 0.0
-7.01722311e-05 3.96285759e-05 0.0
-6.94588089e-05 4.065553e-05 0.0
-6.93729671e-05 4.18981763e-05 0.0
-6.98387012e-05 4.33334535e-05 0.0
-7.07562504e-05 4.47574348e-05 0.0
-7.19251184e-05 4.58489194e-05 0.0
-7.33238194e-05 4.65976591e-05 0.0
-7.62434502e-05 4.70546693e-05 0.0
-7.76998568e-05 4.67979189e-05 0.0
-7.91670536e-05 4.63470205e-05 0.0
-8.04372321e-05 4.56832604e-05 0.0
-8.14794475e-05 4.49144754e-05 0.0
-8.23229348e-05 4.41529373e-05 0.0
-8.2862658e-05 4.34025496e-05 0.0
9.42493898e-06 3.92047368e-05 0.0
7.69929466e-06 3.96638716e-05 0.0
2.79986534e-06 4.14518981e-05 0.0
6.47749346e-07 4.21945915e-05 0.0
-4.97017766e-07 4.16408402e-05 0.0
8.19226557e-07 4.01609068e-05 0.0
2.48423407e-06 3.87136242e-05 0.0
4.14865326e-06 3.78374243e-05 0.0
5.73479338e-06 3.73997391e-05 0.0
7.02926673e-06 3.73099501e-05 0.0
7.92831543e-06 3.74636475e-05 0.0
9.45210286e-06 3.81644568e-05 0.0
-9.46110449e-05 6.39076679e-05 0.0
-9.52079354e-05 6.19635321e-05 0.0
-9.64129722e-05 5.70909433e-05 0.0
-9.68212698e-05 5.49042052e-05 0.0
-9.50688773e-05 5.24011957e-05 0.0
-9.29392336e-05 5.21047514e-05 0.0
-9.08898364e-05 5.22667615e-05 0.0
-8.89510411e-05 5.27762422e-05 0.0
-8.72062228e-05 5.35842883e-05 0.0
-8.56881306e-05 5.46156734e-05 0.0
-8.44694223e-05 5.57415879e-05 0.0
-8.31737561e-05 5.79151092e-05 0.0
-8.33255981e-05 5.92081378e-05 0.0
-8.42911031e-05 6.09807648e-05 0.0
-8.58153508e-05 6.28496782e-05 0.0
-8.75025216e-05 6.42907471e-05 0.0
-8.94337572e-05 6.51378941e-05 0.0
-9.16768622e-05 6.55016847e-05 0.0
1.25456827e-05 -6.72104579e-06 0.0
1.29539776e-05 -4.53430539e-06 0.0
1.41590135e-05 3.38280898e-07 0.0
1.47559022e-05 2.28241993e-06 0.0
1.28825041e-05 3.44167438e-06 0.0
1.08312952e-05 2.64945697e-06 0.0
9.18878231e-06 1.60388242e-06 0.0
7.94509469e-06 5.48859362e-07 0.0
7.18326055e-06 -5.68951805e-07 0.0
6.88756154e-06 -1.75484638e-06 0.0
7.45907755e-06 -3.52152688e-06 0.0
8.68483403e-06 -5.55715951e-06 0.0
1.03023331e-05 -7.27186898e-06 0.0
-7.05003113e-05 5.94624871e-05 0.0
-7.23056291e-05 5.77762221e-05 0.0
-7.24356287e-05 5.64650254e-05 0.0
-7.18046649e-05 5.60403641e-05 0.0
-7.08931038e-05 5.57792446e-05 0.0
-6.97494615e-05 5.56212981e-05 0.0
-6.8579895e-05 5.55910228e-05 0.0
-6.75829433e-05 5.58744177e-05 0.0
-6.67078275e-05 5.63994035e-05 0.0
-6.59390789e-05 5.69447511e-05 0.0
-6.49302674e-05 5.78360414e-05 0.0
-6.47215711e-05 5.82392713e-05 0.0
-6.4662956e-05 5.86163733e-05 0.0
-6.473338e-05 5.89554293e-05 0.0
-6.50607326e-05 5.9158785e-05 0.0
-6.58325662e-05 5.93872683e-05 0.0
-6.70197405e-05 5.96534192e-05 0.0
-6.84562401e-05 5.99422492e-05 0.0
3.70613161e-05 -3.84902796e-06 0.0
3.8866634e-05 -2.16276203e-06 0.0
3.82334874e-05 -1.76188848e-06 0.0
3.71763745e-05 -2.12023474e-06 0.0
3.6438214e-05 -2.57804436e-06 0.0
3.60980994e-05 -3.17292165e-06 0.0
3.61803541e-05 -3.84876876e-06 0.0
5.90487834e-05 1.39009226e-05 0.0
5.72721183e-05 1.3735792e-05 0.0
5.52417041e-05 1.34917391e-05 0.0
5.3280437e-05 1.30462631e-05 0.0
5.15981556e-05 1.24117214e-05 0.0
5.03253323e-05 1.16359015e-05 0.0
4.94738852e-05 1.08107188e-05 0.0
4.95835811e-05 9.54413008e-06 0.0
5.08592821e-05 7.60593957e-06 0.0
5.27221309e-05 5.68873156e-06 0.0
5.47962627e-05 4.3811765e-06 0.0
5.910443e-05 3.42741396e-06 0.0
6.1128354e-05 3.61053526e-06 0.0
6.28741036e-05 4.16781313e-06 0.0
6.42561718e-05 5.00611304e-06 0.0
6.52184535e-05 6.06235926e-06 0.0
6.56818156e-05 7.29195835e-06 0.0
6.56115881e-05 8.80520929e-06 0.0
6.50140646e-05 1.04166866e-05 0.0
6.40915096e-05 1.18233766e-05 0.0
6.28514317e-05 1.28428428e-05 0.0
6.14589517e-05 1.35047958e-05 0.0
5.82433895e-05 9.75273633e-06 0.0
-1.47209939e-05 5.39207722e-05 0.0
-2.05899942e-05 5.53953905e-05 0.0
-2.42592796e-05 5.51359735e-05 0.0
-2.57018273e-05 5.42094385e-05 0.0
-2.6787975e-05 5.30816433e-05 0.0
-2.72772286e-05 5.15778156e-05 0.0
-2.70910168e-05 4.97438668e-05 0.0
-2.6520649e-05 4.78469919e-05 0.0
-2.56259591e-05 4.61150667e-05 0.0
-2.45121682e-05 4.48260325e-05 0.0
-2.31636459e-05 4.39946925e-05 0.0
-1.88427784e-05 4.33715868e-05 0.0
-1.64622106e-05 4.36571354e-05 0.0
-1.43483867e-05 4.43688659e-05 0.0
-1.26483219e-05 4.54454166e-05 0.0
-1.14931763e-05 4.67156133e-05 0.0
-1.06615034e-05 4.79545015e-05 0.0
-1.0177243e-05 4.90944694e-05 0.0
-1.00612097e-05 5.00118404e-05 0.0
-1.06756434e-05 5.13585874e-05 0.0
-0.000102694743 5.53953905e-05 0.0
-9.68257445e-05 5.39207722e-05 0.0
-9.60324105e-05 5.46369993e-05 0.0
-9.78405151e-05 5.56298837e-05 0.0
-9.96309172e-05 5.61747438e-05 0.0
-0.000101369093 5.63374124e-05 0.0
-0.000103031423 5.61549168e-05 0.0
-6.5903987e-05 5.62217392e-05 0.0
-6.77449571e-05 5.59148211e-05 0.0
-6.93161783e-05 5.53417922e-05 0.0
-7.0508162e-05 5.45467192e-05 0.0
-7.16489449e-05 5.35768122e-05 0.0
-7.26584185e-05 5.26053191e-05 0.0
-7.33069537e-05 5.15883621e-05 0.0
-7.35780195e-05 5.04595555e-05 0.0
-7.30321844e-05 4.89424092e-05 0.0
-7.16754439e-05 4.7096044e-05 0.0
-7.00036253e-05 4.54257352e-05 0.0
-6.81827951e-05 4.42301935e-05 0.0
-6.45077744e-05 4.3345859e-05 0.0
-6.26658366e-05 4.35867369e-05 0.0
-6.08166702e-05 4.40310723e-05 0.0
-5.90575837e-05 4.47461571e-05 0.0
-5.75399208e-05 4.56944981e-05 0.0
-5.63275062e-05 4.67793652e-05 0.0
-5.58455758e-05 4.81429852e-05 0.0
-5.61873931e-05 4.98593508e-05 0.0
-5.70890297e-05 5.1773517e-05 0.0
-5.84340196e-05 5.35110012e-05 0.0
-6.00724525e-05 5.48193093e-05 0.0
-6.19176208e-05 5.56931664e-05 0.0
-6.51976661e-05 4.99057496e-05 0.0
-3.8547485e-05 4.92493018e-05 0.0
-4.05515093e-05 4.90433486e-05 0.0
-4.22946359e-05 4.84209231e-05 0.0
-4.36074515e-05 4.74514491e-05 0.0
-4.44763573e-05 4.6296027e-05 0.0
-4.48545288e-05 4.50636326e-05 0.0
-4.48157407e-05 4.38566167e-05 0.0
-4.4419503e-05 4.27614905e-05 0.0
-4.37533381e-05 4.18929594e-05 0.0
-4.28063904e-05 4.13712878e-05 0.0
-3.94136041e-05 4.08555352e-05 0.0
-3.73765906e-05 4.08473097e-05 0.0
-3.54761396e-05 4.11493129e-05 0.0
-3.38333302e-05 4.16498915e-05 0.0
-3.26480076e-05 4.25049475e-05 0.0
-3.2138505e-05 4.3624208e-05 0.0
-3.23376371e-05 4.51230735e-05 0.0
-3.29861214e-05 4.67051541e-05 0.0
-3.38710597e-05 4.79529081e-05 0.0
-3.49367256e-05 4.87186844e-05 0.0
-3.88611988e-05 4.45526639e-05 0.0
6.6462394e-06 2.35175648e-05 0.0
4.96028861e-06 2.3482984e-05 0.0
2.99757858e-06 2.32949133e-05 0.0
9.0964852e-07 2.2664115e-05 0.0
-6.92184699e-07 2.17079614e-05 0.0
-1.44023511e-06 2.04695298e-05 0.0
-1.30403532e-06 1.8685505e-05 0.0
-5.95346933e-07 1.7020142e-05 0.0
4.02245092e-07 1.58805979e-05 0.0
1.60906359e-06 1.49717553e-05 0.0
2.89830268e-06 1.43433936e-05 0.0
5.41211648e-06 1.40737839e-05 0.0
7.02078341e-06 1.44149335e-05 0.0
8.69851647e-06 1.49500847e-05 0.0
1.01241985e-05 1.57821196e-05 0.0
1.1226718e-05 1.67989292e-05 0.0
1.19160577e-05 1.79721865e-05 0.0
1.21175735e-05 1.92270672e-05 0.0
1.18537773e-05 2.04505614e-05 0.0
1.120449e-05 2.1546175e-05 0.0
1.02567046e-05 2.24455725e-05 0.0
9.11181723e-06 2.30931128e-05 0.0
5.99944315e-06 1.90237442e-05 0.0
-1.64628218e-05 6.8830368e-06 0.0
-1.41158407e-05 6.35025981e-06 0.0
-1.12977887e-05 6.20332048e-06 0.0
-9.87911972e-06 6.28225371e-06 0.0
-8.72127657e-06 6.57584951e-06 0.0
-7.8910607e-06 7.0040428e-06 0.0
-7.57761245e-06 7.75599892e-06 0.0
-8.04200226e-06 9.07006961e-06 0.0
-8.83626035e-06 1.05074878e-05 0.0
-9.70972178e-06 1.16141337e-05 0.0
-1.03862812e-05 1.2247704e-05 0.0
-1.26641362e-05 1.29164227e-05 0.0
-1.44027572e-05 1.30686067e-05 0.0
-1.59648225e-05 1.30247054e-05 0.0
-1.72975033e-05 1.27228095e-05 0.0
-1.83034972e-05 1.20644672e-05 0.0
-1.8797713e-05 1.10999954e-05 0.0
-1.89357615e-05 9.9175686e-06 0.0
-1.87717251e-05 8.78788251e-06 0.0
-1.83148641e-05 7.83920314e-06 0.0
6.79889126e-05 6.35025981e-06 0.0
6.56419288e-05 6.8830368e-06 0.0
6.53102907e-05 6.61175636e-06 0.0
6.60240403e-05 6.36629602e-06 0.0
6.66692504e-05 6.25576422e-06 0.0
6.76193958e-05 6.24258973e-06 0.0
-4.23089041e-05 3.72493269e-05 0.0
-4.41542034e-05 3.69654626e-05 0.0
-4.62867538e-05 3.63775725e-05 0.0
-4.8246151e-05 3.54775293e-05 0.0
-4.98386034e-05 3.43877073e-05 0.0
-5.08843696e-05 3.30979783e-05 0.0
-5.1250383e-05 3.16277583e-05 0.0
-5.0915085e-05 2.99434232e-05 0.0
-5.0076309e-05 2.82302226e-05 0.0
-4.88641308e-05 2.68867898e-05 0.0
-4.71470521e-05 2.59716562e-05 0.0
-4.2579708e-05 2.5044832e-05 0.0
-4.0304647e-05 2.51463935e-05 0.0
-3.82391117e-05 2.56752901e-05 0.0
-3.65982487e-05 2.66189236e-05 0.0
-3.54515978e-05 2.7881757e-05 0.0
-3.49316069e-05 2.95328337e-05 0.0
-3.50062764e-05 3.13831915e-05 0.0
-3.55736411e-05 3.30959228e-05 0.0
-3.66062195e-05 3.45946464e-05 0.0
-3.80303609e-05 3.58030338e-05 0.0
-3.95560746e-05 3.66842723e-05 0.0
-4.29762877e-05 3.1556694e-05 0.0
-2.28641488e-06 1.79643012e-05 0.0
-3.86908278e-06 1.77249567e-05 0.0
-5.53164591e-06 1.73161661e-05 0.0
-6.93553284e-06 1.66435439e-05 0.0
-7.97717621e-06 1.57651211e-05 0.0
-8.65839593e-06 1.47429701e-05 0.0
-8.92346179e-06 1.3655299e-05 0.0
-8.75130991e-06 1.25589722e-05 0.0
-8.14417035e-06 1.15156918e-05 0.0
-7.28987698e-06 1.05707022e-05 0.0
-6.5397594e-06 9.8460514e-06 0.0
-3.74640945e-06 9.21653827e-06 0.0
-1.67823964e-06 9.3459812e-06 0.0
1.28744801e-07 9.78677235e-06 0.0
1.69704106e-06 1.0522258e-05 0.0
2.79274673e-06 1.14461154e-05 0.0
3.38485393e-06 1.24624003e-05 0.0
3.54317467e-06 1.35501705e-05 0.0
3.16902037e-06 1.47131923e-05 0.0
2.39157771e-06 1.5857795e-05 0.0
1.29100556e-06 1.68575079e-05 0.0
8.70908181e-08 1.75648856e-05 0.0
-3.01837349e-06 1.36611216e-05 0.0
-1.36032741e-05 2.73180049e-05 0.0
-1.47476931e-05 2.7205524e-05 0.0
-1.5755224e-05 2.6902866e-05 0.0
-1.65412639e-05 2.65426625e-05 0.0
-1.71513821e-05 2.61793939e-05 0.0
-1.75933928e-05 2.58445052e-05 0.0
-1.78816572e-05 2.55696395e-05 0.0
-1.81937266e-05 2.54358711e-05 0.0
-1.86804809e-05 2.54538991e-05 0.0
-1.92866482e-05 2.55165342e-05 0.0
-1.59644223e-05 2.39414148e-05 0.0
-1.38790438e-05 2.34793042e-05 0.0
-1.19855904e-05 2.33140745e-05 0.0
-1.03777147e-05 2.34281597e-05 0.0
-9.2357468e-06 2.37820186e-05 0.0
-8.86820453e-06 2.47996795e-05 0.0
-8.97843074e-06 2.57439187e-05 0.0
-9.13245913e-06 2.61857549e-05 0.0
-9.77680065e-06 2.6486392e-05 0.0
-1.08997547e-05 2.68397434e-05 0.0
-1.46994207e-05 2.53352482e-05 0.0
9.38499761e-06 3.78410441e-05 0.0
7.51965172e-06 3.76310963e-05 0.0
6.09319341e-06 3.69950503e-05 0.0
4.26726956e-06 3.56582532e-05 0.0
3.01258183e-06 3.42682652e-05 0.0
2.28205681e-06 3.29482609e-05 0.0
1.80845325e-06 3.18287202e-05 0.0
1.47812432e-06 3.11522053e-05 0.0
1.0026373e-06 3.06276888e-05 0.0
2.7979986e-06 2.85131264e-05 0.0
5.39133498e-06 2.67371051e-05 0.0
1.00161815e-05 2.53224662e-05 0.0
1.2066369e-05 2.54134266e-05 0.0
1.36587641e-05 2.57289212e-05 0.0
1.4969075e-05 2.63866241e-05 0.0
1.62707893e-05 2.86155009e-05 0.0
1.69169507e-05 3.07396804e-05 0.0
1.71272259e-05 3.25127294e-05 0.0
1.68408205e-05 3.41050727e-05 0.0
1.62033539e-05 3.54453441e-05 0.0
1.51736895e-05 3.64492953e-05 0.0
1.36359331e-05 3.71640708e-05 0.0
9.15072542e-06 3.20998661e-05 0.0
-2.8648712e-05 3.48180438e-05 0.0
-3.0229101e-05 3.54254953e-05 0.0
-3.167248e-05 3.58049729e-05 0.0
-3.29192044e-05 3.60988815e-05 0.0
-3.39242288e-05 3.62203245e-05 0.0
-3.45979897e-05 3.6167181e-05 0.0
-3.48596986e-05 3.58143188e-05 0.0
-3.471741e-05 3.50161572e-05 0.0
-3.43475658e-05 3.41973828e-05 0.0
-3.38555255e-05 3.36439625e-05 0.0
-3.33911339e-05 3.32982672e-05 0.0
-3.27378875e-05 3.30902913e-05 0.0
-3.184261e-05 3.31542469e-05 0.0
-3.07309274e-05 3.31151132e-05 0.0
-2.97535662e-05 3.30986877e-05 0.0
-2.89968721e-05 3.32526542e-05 0.0
-2.84146008e-05 3.34909091e-05 0.0
-2.80696295e-05 3.36739831e-05 0.0
-2.7773307e-05 3.37406127e-05 0.0
-2.73488768e-05 3.36623016e-05 0.0
-2.66686111e-05 3.34447068e-05 0.0
-2.59083536e-05 3.33147182e-05 0.0
-3.03945035e-05 3.43529282e-05 0.0
2.10587859e-05 2.5952897e-05 0.0
1.88052327e-05 2.5771973e-05 0.0
1.68917668e-05 2.52860227e-05 0.0
1.54767786e-05 2.48066372e-05 0.0
1.40648699e-05 2.29112793e-05 0.0
1.31543975e-05 2.05017368e-05 0.0
1.26863506e-05 1.84625951e-05 0.0
1.26714585e-05 1.662055e-05 0.0
1.31041324e-05 1.51185423e-05 0.0
1.39194908e-05 1.39576032e-05 0.0
1.53823785e-05 1.29977334e-05 0.0
1.73528697e-05 1.2238901e-05 0.0
2.13808544e-05 1.17292129e-05 0.0
2.35218577e-05 1.19773767e-05 0.0
2.57756092e-05 1.25252245e-05 0.0
2.78466687e-05 1.33051371e-05 0.0
2.97535425e-05 1.42709914e-05 0.0
3.11755794e-05 1.54318277e-05 0.0
3.21569569e-05 1.65961883e-05 0.0
3.26712325e-05 1.77126622e-05 0.0
3.20760628e-05 1.95110624e-05 0.0
3.03452834e-05 2.17670931e-05 0.0
2.81998418e-05 2.36658416e-05 0.0
2.58763757e-05 2.49746863e-05 0.0
2.19468075e-05 1.78371629e-05 0.0
-0.000105667474 5.92918514e-05 0.0
-0.000103761682 5.70573138e-05 0.0
-6.79661389e-05 3.49869952e-05 0.0
-6.45906039e-05 3.33701246e-05 0.0
-5.86610768e-05 3.19017963e-05 0.0
-5.20281174e-05 3.03786419e-05 0.0
-4.81969582e-05 2.90493444e-05 0.0
-4.61840937e-05 2.67179403e-05 0.0
-4.29878455e-05 2.36258002e-05 0.0
-3.80822494e-05 1.91254367e-05 0.0
-3.14010358e-05 1.47800902e-05 0.0
-2.41960352e-05 1.06219341e-05 0.0
-1.59263982e-05 7.93388426e-06 0.0
-1.38219639e-05 6.39284417e-06 0.0
-9.38794619e-06 4.42518785e-06 0.0
-4.59646662e-06 2.18646051e-06 0.0
5.99207806e-06 -3.36656944e-06 0.0
2.34364961e-05 -1.5353443e-07 0.0
3.00640386e-05 -2.50785411e-06 0.0
4.50941152e-05 -4.00780527e-06 0.0
5.00128772e-05 -8.83836401e-06 0.0
5.38742606e-05 -1.18644693e-05 0.0
5.72528297e-05 -1.34349812e-05 0.0
5.98057304e-05 -1.36030467e-05 0.0
6.12113072e-05 -1.24261305e-05 0.0
6.23315718e-05 -1.0099372e-05 0.0
6.43823223e-05 -7.89997102e-06 0.0
6.71694215e-05 -6.34559774e-06 0.0
6.95720228e-05 -4.80139352e-06 0.0
7.11829634e-05 -2.08673373e-06 0.0
7.14097623e-05 8.09805499e-07 0.0
7.13650588e-05 2.07839935e-06 0.0
7.12351975e-05 2.30317596e-06 0.0
7.27484003e-05 2.27467945e-06 0.0
7.66250014e-05 1.84526175e-06 0.0
7.75082808e-05 2.18646051e-06 0.0
7.27168008e-05 4.42518785e-06 0.0
6.82827886e-05 6.39284417e-06 0.0
6.61783488e-05 7.93388426e-06 0.0
5.79087136e-05 1.06219341e-05 0.0
5.07037148e-05 1.47800902e-05 0.0
4.40225012e-05 1.91254367e-05 0.0
3.91169051e-05 2.36258002e-05 0.0
3.5920657e-05 2.67179403e-05 0.0
3.39077924e-05 2.90493444e-05 0.0
3.00766314e-05 3.03786419e-05 0.0
2.3443672e-05 3.19017963e-05 0.0
1.75141431e-05 3.33701246e-05 0.0
1.41386117e-05 3.49869952e-05 0.0
-2.16569315e-05 5.70573138e-05 0.0
-2.35627267e-05 5.92918514e-05 0.0
-3.27419475e-05 6.34705139e-05 0.0
-3.66185523e-05 6.38999263e-05 0.0
-3.81317514e-05 6.39284262e-05 0.0
-3.80018937e-05 6.37036501e-05 0.0
-3.79571902e-05 6.24350578e-05 0.0
-3.81839855e-05 5.95385172e-05 0.0
-3.97949261e-05 5.68238574e-05 0.0
-4.21975237e-05 5.52796519e-05 0.0
-4.49846302e-05 5.37252781e-05 0.0
-4.70353807e-05 5.15258762e-05 0.0
-4.81556417e-05 4.91991195e-05 0.0
-4.95612221e-05 4.80222043e-05 0.0
-5.21141228e-05 4.8190268e-05 0.0
-5.54926919e-05 4.97607798e-05 0.0
-5.93540717e-05 5.2786887e-05 0.0
-6.42728337e-05 5.76174461e-05 0.0
-7.93029103e-05 5.91173957e-05 0.0
-8.59304564e-05 6.14717137e-05 0.0
-0.00010337487 5.82586799e-05 0.0
-1.08835366e-05 3.37822166e-05 0.0
-5.59587988e-06 2.9635974e-05 0.0
-3.68173096e-06 3.08361814e-05 0.0
-1.26073683e-05 3.24717184e-05 0.0
-8.25504867e-06 3.44458858e-05 0.0
-8.02892737e-06 2.8717599e-05 0.0
-1.10965393e-05 3.53592841e-05 0.0
-5.81761287e-06 2.83653608e-05 0.0
-3.85430485e-06 2.95125046e-05 0.0
-1.31784582e-05 3.43184765e-05 0.0
-1.39213926e-05 3.14429853e-05 0.0
-2.09122368e-06 3.15314828e-05 0.0
-9.82444544e-06 2.79604174e-05 0.0
-6.22961124e-06 3.49573638e-05 0.0
-1.43663465e-05 3.36173216e-05 0.0
-4.48297033e-06 2.86138184e-05 0.0
-1.25241904e-05 3.51541821e-05 0.0
-7.1858326e-06 2.76645824e-05 0.0
-2.7419585e-06 3.02170574e-05 0.0
-9.63972798e-06 3.59926853e-05 0.0
-2.58199907e-06 3.29410504e-05 0.0
-1.25675342e-05 2.90580119e-05 0.0
-1.33637495e-05 3.00295378e-05 0.0
-1.976156e-06 3.22064516e-05 0.0
-2.22797757e-06 3.09028583e-05 0.0
-1.46004604e-05 3.26882509e-05 0.0
-4.06914114e-06 3.39739672e-05 0.0
-1.14451859e-05 2.84107027e-05 0.0
-8.45003979e-06 2.75387029e-05 0.0
-8.1040107e-06 3.58922407e-05 0.0
-1.03080583e-05 3.21974549e-05 0.0
-5.71831333e-06 3.09267598e-05 0.0
-8.41722249e-06 3.29463801e-05 0.0
-7.64076049e-06 3.00660377e-05 0.0
-7.45853686e-05 4.2837557e-05 0.0
-7.83199066e-05 4.36591436e-05 0.0
-7.6263248e-05 4.49776853e-05 0.0
-7.22411787e-05 4.08639171e-05 0.0
-8.05687305e-05 4.32753404e-05 0.0
-7.1676106e-05 4.25336439e-05 0.0
-7.29734238e-05 4.40205731e-05 0.0
-7.79665788e-05 4.53752582e-05 0.0
-7.67668535e-05 4.22935918e-05 0.0
-7.96072054e-05 4.46628037e-05 0.0
-7.44049612e-05 4.12201734e-05 0.0
-7.89332553e-05 4.2635631e-05 0.0
-7.44222125e-05 4.54234396e-05 0.0
-7.64205251e-05 4.36742266e-05 0.0
-7.57389425e-05 4.60390256e-05 0.0
-7.16986251e-05 3.98434931e-05 0.0
-7.31041582e-05 4.01220859e-05 0.0
-8.09479243e-05 4.40914155e-05 0.0
-7.49517858e-05 4.41792072e-05 0.0
-7.14375783e-05 4.36344417e-05 0.0
-7.08841835e-05 4.14266906e-05 0.0
-8.17410182e-05 4.29812062e-05 0.0
-7.92881183e-05 4.54665242e-05 0.0
-8.02740906e-05 4.24836617e-05 0.0
-7.68643149e-05 4.60638839e-05 0.0
-7.30510146e-05 4.19145072e-05 0.0
-7.76743545e-05 4.44526413e-05 0.0
-7.08942098e-05 4.04576313e-05 0.0
-8.17082473e-05 4.35785587e-05 0.0
-7.97160465e-05 4.38350471e-05 0.0
-7.30030952e-05 4.52388813e-05 0.0
-7.79502152e-05 4.17207157e-05 0.0
6.35298602e-06 3.86593965e-05 0.0
3.81092832e-06 3.96156429e-05 0.0
1.23415668e-06 4.1157884e-05 0.0
8.37386779e-06 3.85239837e-05 0.0
7.4615723e-06 3.82583457e-05 0.0
2.27556643e-06 4.02174919e-05 0.0
5.11287044e-06 3.8835904e-05 0.0
-9.0663445e-05 5.65487862e-05 0.0
-9.00044106e-05 5.99550731e-05 0.0
-8.66058399e-05 5.7821926e-05 0.0
-9.12492033e-05 6.26483161e-05 0.0
-9.34248674e-05 5.46056508e-05 0.0
-9.03492401e-05 5.4441025e-05 0.0
-8.69118521e-05 5.61227098e-05 0.0
-8.7819004e-05 6.2282561e-05 0.0
-8.61193475e-05 5.9579339e-05 0.0
-9.24990381e-05 6.06401991e-05 0.0
-9.08147849e-05 5.85504495e-05 0.0
-9.34521668e-05 5.65299379e-05 0.0
-8.81557862e-05 5.47247873e-05 0.0
-9.26138164e-05 6.4070191e-05 0.0
-8.86994021e-05 5.72495373e-05 0.0
-8.48952986e-05 5.84469926e-05 0.0
-8.94570985e-05 6.33887394e-05 0.0
-8.53898382e-05 5.68465111e-05 0.0
-9.2018432e-05 5.35206455e-05 0.0
-8.64004614e-05 6.12156728e-05 0.0
-9.33236806e-05 6.26220644e-05 0.0
-9.51377369e-05 5.39716202e-05 0.0
-9.50765389e-05 5.56720006e-05 0.0
-8.83394096e-05 5.89474839e-05 0.0
-9.18868609e-05 5.5413675e-05 0.0
-9.33654737e-05 5.82333923e-05 0.0
-8.98313156e-05 6.13962256e-05 0.0
-9.37046498e-05 5.33240855e-05 0.0
-8.47092888e-05 5.75650083e-05 0.0
-8.89391886e-05 5.58263964e-05 0.0
-9.08253933e-05 6.42235245e-05 0.0
-8.80127191e-05 6.05678142e-05 0.0
1.0314242e-05 -2.64666642e-06 0.0
1.01691139e-05 -8.08490142e-07 0.0
1.16228903e-05 9.98720111e-07 0.0
1.08331205e-05 -5.57533758e-06 0.0
8.75369642e-06 -1.46761386e-06 0.0
1.2843162e-05 1.93046526e-06 0.0
1.00765756e-05 4.48674967e-07 0.0
1.2012727e-05 -2.40299556e-07 0.0
9.55431642e-06 -3.88514309e-06 0.0
-6.81037709e-05 5.83610781e-05 0.0
-6.97448777e-05 5.75246013e-05 0.0
-6.73254981e-05 5.74120932e-05 0.0
-6.62291714e-05 5.81017266e-05 0.0
-6.8034642e-05 5.92070428e-05 0.0
-6.90588204e-05 5.65765658e-05 0.0
-6.6361994e-05 5.87997165e-05 0.0
-7.09714805e-05 5.71522178e-05 0.0
-7.06998035e-05 5.64965376e-05 0.0
-6.96594725e-05 5.82011708e-05 0.0
-6.83592152e-05 5.78129002e-05 0.0
-6.77418066e-05 5.67025745e-05 0.0
-6.63541796e-05 5.7402649e-05 0.0
-6.91123569e-05 5.89019037e-05 0.0
-6.55235926e-05 5.85632079e-05 0.0
-6.65600528e-05 5.92072611e-05 0.0
-7.09698797e-05 5.78621584e-05 0.0
-6.86050698e-05 5.72017016e-05 0.0
-6.89444423e-05 5.95469937e-05 0.0
-6.72275128e-05 5.79401494e-05 0.0
-6.67675486e-05 5.84238514e-05 0.0
-6.57442142e-05 5.77923529e-05 0.0
-6.98850126e-05 5.62307468e-05 0.0
-6.83890394e-05 5.61945635e-05 0.0
-6.67814456e-05 5.69686017e-05 0.0
-7.15753122e-05 5.66138369e-05 0.0
-6.78415381e-05 5.95369238e-05 0.0
-6.54284158e-05 5.81212153e-05 0.0
-6.743212e-05 5.88480289e-05 0.0
-6.9143287e-05 5.60476838e-05 0.0
-6.55524709e-05 5.89672854e-05 0.0
-7.20594253e-05 5.69857948e-05 0.0
-6.66300402e-05 5.77256869e-05 0.0
-6.98299118e-05 5.68715877e-05 0.0
3.68224646e-05 -3.22346386e-06 0.0
3.76816861e-05 -2.38924099e-06 0.0
3.65544802e-05 -3.53775795e-06 0.0
3.80120182e-05 -2.10433814e-06 0.0
5.45199255e-05 1.11485824e-05 0.0
6.00560488e-05 6.9545199e-06 0.0
6.25871107e-05 7.78810409e-06 0.0
5.65402479e-05 1.24503649e-05 0.0
5.91975659e-05 1.28638021e-05 0.0
6.30869035e-05 9.631377e-06 0.0
5.2663243e-05 9.94025959e-06 0.0
5.78918734e-05 5.68841324e-06 0.0
5.3813219e-05 1.21918629e-05 0.0
6.2200008e-05 5.9118297e-06 0.0
5.82766479e-05 1.15089106e-05 0.0
5.49015786e-05 6.47738398e-06 0.0
6.12812801e-05 1.23952905e-05 0.0
5.97428334e-05 4.8076181e-06 0.0
5.20134126e-05 8.83037228e-06 0.0
5.15581851e-05 1.10028723e-05 0.0
5.77703031e-05 1.32428513e-05 0.0
6.42281593e-05 8.26205815e-06 0.0
6.33788368e-05 1.08067261e-05 0.0
5.50689329e-05 1.28766396e-05 0.0
6.37015473e-05 6.39565633e-06 0.0
6.09605631e-05 9.46318869e-06 0.0
5.63978465e-05 1.3179284e-05 0.0
6.13530356e-05 4.9195155e-06 0.0
5.21519542e-05 1.17507843e-05 0.0
6.42543018e-05 7.18111824e-06 0.0
5.32225931e-05 7.4214995e-06 0.0
6.24427121e-05 1.18323032e-05 0.0
5.61592133e-05 5.05413254e-06 0.0
6.05347304e-05 1.3186067e-05 0.0
-1.90772334e-05 4.89876802e-05 0.0
-2.18238747e-05 5.21910588e-05 0.0
-1.48334057e-05 5.04411146e-05 0.0
-2.31976173e-05 4.93237203e-05 0.0
-1.49639545e-05 4.77357607e-05 0.0
-2.0702837e-05 4.63427205e-05 0.0
-1.83339125e-05 5.17770204e-05 0.0
-1.75884707e-05 4.62613498e-05 0.0
-2.45421288e-05 5.14525163e-05 0.0
-1.28068395e-05 4.86923454e-05 0.0
-2.3197852e-05 4.6865287e-05 0.0
-2.2183247e-05 5.42082344e-05 0.0
-1.35074806e-05 5.17786575e-05 0.0
-1.98315774e-05 5.34859937e-05 0.0
-1.62458055e-05 5.25010437e-05 0.0
-1.48243344e-05 4.60478259e-05 0.0
-2.10127982e-05 5.02721668e-05 0.0
-2.3886103e-05 5.30964644e-05 0.0
-2.11076149e-05 4.82605428e-05 0.0
-1.96786532e-05 4.49685031e-05 0.0
-1.25249826e-05 5.01133691e-05 0.0
-1.66393183e-05 4.93369334e-05 0.0
-1.75597979e-05 4.802279e-05 0.0
-2.54376318e-05 4.89951854e-05 0.0
-1.26111918e-05 4.75406086e-05 0.0
-2.24773048e-05 4.5439614e-05 0.0
-2.55835203e-05 5.04361597e-05 0.0
-2.4769708e-05 4.75867564e-05 0.0
-1.6226084e-05 4.50128173e-05 0.0
-1.78720766e-05 4.4634402e-05 0.0
-2.00216491e-05 5.15172542e-05 0.0
-1.69051928e-05 5.07493387e-05 0.0
-2.27121945e-05 5.11049366e-05 0.0
-1.80630686e-05 5.31074693e-05 0.0
-1.94312815e-05 4.76942405e-05 0.0
-1.45576978e-05 4.93043772e-05 0.0
-2.1370528e-05 4.47138591e-05 0.0
-2.52251721e-05 5.2660409e-05 0.0
-1.1562759e-05 4.93401603e-05 0.0
-1.86712732e-05 5.04413583e-05 0.0
-1.32952282e-05 4.65662888e-05 0.0
-0.000101162761 5.57218991e-05 0.0
-9.82859274e-05 5.50825716e-05 0.0
-0.000102072576 5.59020773e-05 0.0
-9.72505295e-05 5.48144271e-05 0.0
-6.04357228e-05 4.86992758e-05 0.0
-6.32358788e-05 4.63212127e-05 0.0
-6.70346853e-05 5.32173945e-05 0.0
-6.98449512e-05 5.11724102e-05 0.0
-6.96887e-05 5.3006188e-05 0.0
-7.077396e-05 4.95597815e-05 0.0
-6.53708194e-05 4.53153261e-05 0.0
-6.03495973e-05 4.64647019e-05 0.0
-5.94003141e-05 5.06336328e-05 0.0
-6.49624708e-05 5.43235001e-05 0.0
-5.77501123e-05 4.78905167e-05 0.0
-6.80260491e-05 5.47494346e-05 0.0
-7.18738884e-05 5.17974004e-05 0.0
-6.22206135e-05 4.47002712e-05 0.0
-6.07490219e-05 5.29662539e-05 0.0
-6.26138863e-05 5.41808331e-05 0.0
-6.94662594e-05 4.72997308e-05 0.0
-6.76782438e-05 4.57196438e-05 0.0
-7.12300243e-05 5.27311204e-05 0.0
-7.21486722e-05 5.08712728e-05 0.0
-5.76861894e-05 4.91647115e-05 0.0
-5.83395959e-05 4.67525642e-05 0.0
-6.66007545e-05 5.50606601e-05 0.0
-6.93319744e-05 5.42045309e-05 0.0
-6.37395278e-05 4.449474e-05 0.0
-6.07030925e-05 4.51987435e-05 0.0
-5.89341289e-05 5.22068585e-05 0.0
-7.12082619e-05 4.8250844e-05 0.0
-6.72715032e-05 5.12769329e-05 0.0
-6.32212177e-05 4.83792974e-05 0.0
-3.81948703e-05 4.6872472e-05 0.0
-3.95688403e-05 4.25226935e-05 0.0
-3.54870281e-05 4.64176119e-05 0.0
-4.21684526e-05 4.29343745e-05 0.0
-4.05713363e-05 4.73019172e-05 0.0
-3.71565402e-05 4.20478354e-05 0.0
-4.1176314e-05 4.19191783e-05 0.0
-3.65953383e-05 4.77842477e-05 0.0
-4.25500657e-05 4.61726813e-05 0.0
-3.49577022e-05 4.28102321e-05 0.0
-4.34438953e-05 4.35601469e-05 0.0
-3.40241204e-05 4.56086418e-05 0.0
-3.77847209e-05 4.32716915e-05 0.0
-3.99139972e-05 4.58719878e-05 0.0
-3.92853581e-05 4.81701609e-05 0.0
-3.8550148e-05 4.1517902e-05 0.0
-3.77850993e-05 4.83283293e-05 0.0
-4.00593999e-05 4.14899223e-05 0.0
-3.52040006e-05 4.77363355e-05 0.0
-4.2493255e-05 4.20038923e-05 0.0
-3.35811565e-05 4.43772878e-05 0.0
-3.36823541e-05 4.34045578e-05 0.0
-4.37342569e-05 4.45408295e-05 0.0
-4.36158007e-05 4.54472247e-05 0.0
-4.22625562e-05 4.7328318e-05 0.0
-3.53608775e-05 4.18938071e-05 0.0
-3.74101983e-05 4.56171838e-05 0.0
-4.02991755e-05 4.35842994e-05 0.0
3.13403348e-06 1.77434013e-05 0.0
7.29967633e-06 2.14228476e-05 0.0
9.32753846e-06 2.0391928e-05 0.0
4.25941926e-06 1.59480551e-05 0.0
1.00213401e-05 1.85800636e-05 0.0
6.24598624e-06 1.56114893e-05 0.0
1.48414927e-06 1.94970107e-05 0.0
5.71313831e-06 2.23362058e-05 0.0
8.78784249e-06 2.1932874e-05 0.0
2.2609388e-06 1.62913439e-05 0.0
8.08025925e-06 1.91261006e-05 0.0
1.91287313e-06 2.14208576e-05 0.0
9.48098295e-06 1.69148752e-05 0.0
5.9770008e-07 1.80929383e-05 0.0
6.9692851e-06 2.28111803e-05 0.0
4.34883168e-06 2.26972588e-05 0.0
1.07833002e-05 1.98302605e-05 0.0
4.87412126e-06 1.48885929e-05 0.0
7.51026028e-06 1.54248191e-05 0.0
2.99444173e-06 1.52802404e-05 0.0
1.00276056e-05 2.14138963e-05 0.0
1.06207171e-05 2.07209996e-05 0.0
9.9440183e-07 1.68887382e-05 0.0
3.83510587e-06 1.48757854e-05 0.0
8.10391975e-06 2.26665197e-05 0.0
5.86862734e-06 1.70720923e-05 0.0
2.86404907e-06 2.22290619e-05 0.0
8.7386843e-06 1.60622767e-05 0.0
3.01237378e-07 2.0769201e-05 0.0
1.06664438e-05 1.75663845e-05 0.0
3.62907804e-06 1.93578835e-05 0.0
-1.32653995e-05 1.06945008e-05 0.0
-1.24618673e-05 6.75063529e-06 0.0
-1.58279654e-05 1.08789072e-05 0.0
-1.13598271e-05 1.06319585e-05 0.0
-1.06278349e-05 7.09215328e-06 0.0
-1.7135555e-05 1.00130146e-05 0.0
-1.37247634e-05 7.83634368e-06 0.0
-1.46671573e-05 1.19251745e-05 0.0
-1.2399968e-05 1.17732325e-05 0.0
-1.67369762e-05 7.77990408e-06 0.0
-9.88980992e-06 9.60586294e-06 0.0
-9.49179412e-06 7.80407026e-06 0.0
-1.52808134e-05 7.35400909e-06 0.0
-1.24472126e-05 7.38680228e-06 0.0
-1.38774958e-05 6.97202495e-06 0.0
-1.60722848e-05 1.20806762e-05 0.0
-1.34568836e-05 1.20841132e-05 0.0
-1.12395392e-05 1.18144735e-05 0.0
-1.11396739e-05 6.58876979e-06 0.0
-1.73505741e-05 8.8571378e-06 0.0
-1.69920204e-05 1.1759681e-05 0.0
-1.75230853e-05 1.10843293e-05 0.0
-1.05440904e-05 1.14176191e-05 0.0
-1.00492516e-05 1.07173419e-05 0.0
-1.39648073e-05 9.77899981e-06 0.0
-9.21096216e-06 7.10944278e-06 0.0
-9.23190964e-06 8.56306815e-06 0.0
6.60733276e-05 6.60171872e-06 0.0
6.72381429e-05 6.3708776e-06 0.0
6.57521741e-05 6.6238581e-06 0.0
6.74357943e-05 6.30848263e-06 0.0
6.5134649e-05 6.87472448e-06 0.0
6.82717509e-05 6.2472277e-06 0.0
-4.448041e-05 2.8550654e-05 0.0
-4.23907513e-05 3.47232672e-05 0.0
-4.02856022e-05 2.88343417e-05 0.0
-4.53504872e-05 3.45705448e-05 0.0
-3.98680822e-05 3.48850408e-05 0.0
-4.73209657e-05 2.89052296e-05 0.0
-4.20008109e-05 2.70619839e-05 0.0
-3.7789694e-05 2.97007427e-05 0.0
-4.79361261e-05 3.31010087e-05 0.0
-4.33837959e-05 3.58846482e-05 0.0
-4.54735746e-05 2.66902298e-05 0.0
-3.8191105e-05 3.34820834e-05 0.0
-3.84878076e-05 2.71364588e-05 0.0
-4.0735842e-05 3.60106351e-05 0.0
-4.90213206e-05 2.95824339e-05 0.0
-4.51196975e-05 3.583324e-05 0.0
-4.65865087e-05 3.53379728e-05 0.0
-4.776473e-05 3.45130684e-05 0.0
-4.19465468e-05 3.63948056e-05 0.0
-4.36465198e-05 2.62816156e-05 0.0
-4.70802079e-05 2.7315793e-05 0.0
-4.10895227e-05 3.33252865e-05 0.0
-3.73084731e-05 2.80267086e-05 0.0
-3.99841083e-05 2.6478363e-05 0.0
-3.65653686e-05 3.06926668e-05 0.0
-4.94467604e-05 3.21841835e-05 0.0
-4.95135064e-05 3.09195348e-05 0.0
-3.69027512e-05 3.21020561e-05 0.0
-4.44145153e-05 3.31154588e-05 0.0
-3.82185681e-05 3.46611341e-05 0.0
-9.62900799e-07 1.55354246e-05 0.0
-3.69346481e-06 1.14892127e-05 0.0
-5.97848293e-06 1.18896805e-05 0.0
-3.14896351e-06 1.62294455e-05 0.0
-7.00473083e-06 1.32180121e-05 0.0
1.0133441e-06 1.47876381e-05 0.0
-1.43955197e-06 1.09137209e-05 0.0
-1.07159065e-06 1.67461912e-05 0.0
-5.19877358e-06 1.05823374e-05 0.0
-5.23264589e-06 1.60317522e-05 0.0
1.56864724e-06 1.32402392e-05 0.0
9.4862861e-07 1.58429357e-05 0.0
-7.62421678e-07 1.41615001e-05 0.0
8.31660373e-07 1.16689189e-05 0.0
-2.80563245e-06 1.0163305e-05 0.0
-7.68336758e-06 1.40729016e-05 0.0
-7.40345922e-06 1.21990097e-05 0.0
-2.14626448e-06 1.72378896e-05 0.0
-3.16663704e-06 1.7222048e-05 0.0
-4.32091201e-06 1.69054711e-05 0.0
-6.41976976e-06 1.08357217e-05 0.0
-5.1631846e-06 1.32352206e-05 0.0
1.15503667e-07 1.66158698e-05 0.0
-4.30148975e-06 1.00444622e-05 0.0
-7.02342095e-06 1.14047725e-05 0.0
-7.29552585e-06 1.49965754e-05 0.0
-6.66448432e-06 1.57649101e-05 0.0
2.2685756e-06 1.40830125e-05 0.0
-2.72417469e-06 1.50053875e-05 0.0
2.95803005e-07 1.07244514e-05 0.0
1.94386507e-06 1.22779556e-05 0.0
-1.41445298e-05 2.45709962e-05 0.0
-1.3649651e-05 2.61995719e-05 0.0
-1.55767229e-05 2.60641482e-05 0.0
-1.68534061e-05 2.48722445e-05 0.0
-1.17896734e-05 2.62320827e-05 0.0
-1.18270264e-05 2.44190214e-05 0.0
-1.6809634e-05 2.57560969e-05 0.0
-1.51100967e-05 2.42809165e-05 0.0
-1.42013396e-05 2.66747229e-05 0.0
-1.77530419e-05 2.51459987e-05 0.0
-1.04483142e-05 2.46831951e-05 0.0
-1.21256844e-05 2.38984558e-05 0.0
-1.05319941e-05 2.61265486e-05 0.0
-1.21312551e-05 2.6640404e-05 0.0
-1.31671668e-05 2.68316016e-05 0.0
-1.3436962e-05 2.38926696e-05 0.0
-1.68977767e-05 2.46399668e-05 0.0
-1.80148072e-05 2.49893565e-05 0.0
-1.82342883e-05 2.50978119e-05 0.0
-1.52493903e-05 2.66330426e-05 0.0
-1.59449028e-05 2.6442578e-05 0.0
-1.64642806e-05 2.61699661e-05 0.0
-1.00947427e-05 2.53297021e-05 0.0
-1.0122355e-05 2.57876163e-05 0.0
-1.7376562e-05 2.55718514e-05 0.0
-1.76984395e-05 2.53475428e-05 0.0
-1.32123641e-05 2.49607838e-05 0.0
-1.30317649e-05 2.57893807e-05 0.0
1.24050848e-05 3.00510128e-05 0.0
5.40408337e-06 3.30136863e-05 0.0
1.30268672e-05 3.34298384e-05 0.0
4.14143688e-06 3.12671509e-05 0.0
1.15957309e-05 2.77924646e-05 0.0
6.3129969e-06 3.50582268e-05 0.0
1.46502371e-05 3.16621226e-05 0.0
1.27071316e-05 3.53641335e-05 0.0
5.69004669e-06 2.9300405e-05 0.0
3.46691968e-06 3.23873392e-05 0.0
1.43871293e-05 2.84917642e-05 0.0
8.37555763e-06 3.60617196e-05 0.0
1.52745306e-05 3.42844978e-05 0.0
4.61853369e-06 3.44376749e-05 0.0
1.06007183e-05 2.67519899e-05 0.0
2.56781686e-06 3.14456884e-05 0.0
2.31421359e-06 3.09024144e-05 0.0
3.21303651e-06 3.01044111e-05 0.0
3.57222279e-06 3.33794451e-05 0.0
1.52481689e-05 3.01008113e-05 0.0
1.34134434e-05 2.7257769e-05 0.0
7.63067783e-06 3.38047794e-05 0.0
1.45877593e-05 3.52948846e-05 0.0
1.5689644e-05 3.3064076e-05 0.0
6.99422708e-06 2.75621878e-05 0.0
1.19520582e-05 3.6412559e-05 0.0
1.02535914e-05 3.65636843e-05 0.0
8.840384e-06 2.69172815e-05 0.0
6.6554253e-06 3.14932549e-05 0.0
7.0683509e-06 3.64265252e-05 0.0
-3.11553886e-05 3.50787268e-05 0.0
-3.15813741e-05 3.37663223e-05 0.0
-2.84137495e-05 3.43561551e-05 0.0
-3.04891e-05 3.35788245e-05 0.0
-2.92619297e-05 3.37428319e-05 0.0
-3.27657544e-05 3.54272306e-05 0.0
-3.27666858e-05 3.38453538e-05 0.0
-2.94762449e-05 3.47575333e-05 0.0
-2.77228137e-05 3.41089544e-05 0.0
-3.1718886e-05 3.33791722e-05 0.0
-3.18291313e-05 3.56049459e-05 0.0
-2.71369063e-05 3.39841281e-05 0.0
-3.32763702e-05 3.4465018e-05 0.0
-3.27446796e-05 3.3438846e-05 0.0
-3.37354504e-05 3.55610609e-05 0.0
-2.8606968e-05 3.3774435e-05 0.0
-2.97308416e-05 3.34146789e-05 0.0
-3.10399155e-05 3.32992713e-05 0.0
-3.24406828e-05 3.3284392e-05 0.0
-3.03560228e-05 3.33034113e-05 0.0
-3.27544294e-05 3.57809149e-05 0.0
-3.07021364e-05 3.53121395e-05 0.0
-2.81067132e-05 3.43662068e-05 0.0
-2.69645152e-05 3.38754398e-05 0.0
-3.37771016e-05 3.5136185e-05 0.0
-2.81965222e-05 3.38816972e-05 0.0
-2.78291955e-05 3.39382823e-05 0.0
-2.98765499e-05 3.39553953e-05 0.0
-3.18136663e-05 3.41961349e-05 0.0
-3.35229925e-05 3.40517763e-05 0.0
-2.98777049e-05 3.46571687e-05 0.0
2.23967163e-05 2.20478123e-05 0.0
1.77298407e-05 2.07496105e-05 0.0
2.60238812e-05 1.54432928e-05 0.0
2.09501723e-05 1.42430499e-05 0.0
1.54429927e-05 1.89985221e-05 0.0
1.91174386e-05 2.32166585e-05 0.0
2.40099507e-05 1.37083225e-05 0.0
1.78158261e-05 1.39971417e-05 0.0
2.56350977e-05 2.21188493e-05 0.0
2.89780746e-05 1.6529586e-05 0.0
2.22692197e-05 2.44301064e-05 0.0
2.77887557e-05 1.43465104e-05 0.0
1.59419305e-05 2.26655229e-05 0.0
2.06444074e-05 1.26337509e-05 0.0
2.96006383e-05 1.84905712e-05 0.0
2.83198315e-05 2.05737961e-05 0.0
1.50037731e-05 1.64142493e-05 0.0
1.56012684e-05 1.48648314e-05 0.0
1.5009161e-05 2.10209346e-05 0.0
1.71038701e-05 2.38049288e-05 0.0
2.2495864e-05 1.26904652e-05 0.0
1.89293987e-05 1.28728516e-05 0.0
2.02927695e-05 2.45309056e-05 0.0
2.42086135e-05 2.39720976e-05 0.0
2.91278593e-05 1.52439343e-05 0.0
2.61288642e-05 1.35772489e-05 0.0
1.39501526e-05 1.76202266e-05 0.0
3.0913212e-05 1.72965738e-05 0.0
2.06605127e-05 1.99623901e-05 0.0
2.27944238e-05 1.59451774e-05 0.0
-3.61811362e-05 4.23121528e-05 0.0
3.83274055e-05 6.5887516e-06 0.0
-4.08515589e-05 4.54637666e-05 0.0
3.62291867e-05 4.46322656e-06 0.0
-4.01453726e-05 4.33312307e-05 0.0
-2.29972266e-05 3.46118832e-05 0.0
-5.02660187e-05 4.97510518e-05 0.0
2.65796662e-05 7.30641796e-06 0.0
7.7363984e-06 3.76438475e-05 0.0
2.95226782e-05 1.1789868e-05 0.0
-8.4739537e-07 2.22074759e-05 0.0
-5.44519353e-05 3.97877666e-05 0.0
4.52311906e-05 1.68188199e-05 0.0
-1.24478547e-05 2.37512104e-05 0.0
3.36146222e-05 2.32796556e-05 0.0
5.28801538e-05 -5.13797715e-07 0.0
-2.77080253e-05 3.80537313e-05 0.0
1.67583657e-05 7.99045574e-06 0.0
-2.60222951e-05 2.49183904e-05 0.0
-8.91472373e-05 5.06391516e-05 0.0
-6.4831861e-06 2.33751525e-05 0.0
-2.83461686e-05 3.53857286e-05 0.0
-4.61970267e-05 4.66637721e-05 0.0
4.35884285e-05 7.42448174e-06 0.0
-3.44649084e-06 3.89335983e-05 0.0
2.72757243e-05 1.23850932e-05 0.0
4.63857759e-05 -2.40115742e-06 0.0
-2.90282678e-05 3.69302688e-05 0.0
-7.85968077e-05 4.94598171e-05 0.0
3.95557072e-05 9.02355225e-07 0.0
-2.06193763e-05 2.3535471e-05 0.0
-2.02656211e-05 2.14936754e-05 0.0
-4.95373679e-05 5.14647072e-05 0.0
2.60434554e-05 1.0417908e-05 0.0
-1.53241726e-05 3.02112185e-05 0.0
-1.496193e-05 2.47674798e-05 0.0
-2.42150381e-05 2.31811064e-05 0.0
-5.135229e-05 5.23273338e-05 0.0
-2.05405104e-05 3.45666012e-05 0.0
-4.56782691e-05 4.58559953e-05 0.0
-5.64293396e-06 2.48120723e-05 0.0
-3.15642756e-05 3.76537646e-05 0.0
-4.08674969e-05 4.53330504e-05 0.0
2.16189183e-05 3.04625905e-06 0.0
-3.44024047e-05 4.04647217e-05 0.0
4.0450519e-05 9.70665769e-06 0.0
1.76745052e-05 6.18305239e-06 0.0
2.96374674e-05 2.88880001e-05 0.0
1.64416451e-05 1.02187014e-05 0.0
-5.88818002e-05 4.07310399e-05 0.0
-5.86718415e-05 5.30831821e-05 0.0
-6.37350531e-05 4.27101622e-05 0.0
5.19571659e-05 -3.92346647e-06 0.0
-1.37514405e-06 1.87755122e-05 0.0
2.01944858e-05 1.55561647e-05 0.0
-1.10826397e-06 -1.14167257e-07 0.0
-4.27259192e-06 2.06370714e-05 0.0
-4.46432387e-05 3.72586037e-05 0.0
5.92950164e-05 -1.62490664e-06 0.0
4.24615318e-05 1.8197301e-05 0.0
2.55203195e-05 1.25100523e-05 0.0
4.57892311e-05 -3.89680963e-06 0.0
-1.95347766e-05 2.70944947e-05 0.0
-5.63546837e-06 1.95075008e-05 0.0
3.37715464e-05 2.09827303e-05 0.0
3.70600355e-05 5.28082001e-06 0.0
8.33670128e-06 1.27890871e-05 0.0
1.52197563e-05 4.60062074e-06 0.0
-3.41887971e-05 5.00103852e-05 0.0
2.54221759e-05 2.75460043e-05 0.0
1.90535138e-05 5.49127617e-06 0.0
-5.03513656e-05 4.84081975e-05 0.0
5.48901335e-05 1.35902119e-05 0.0
5.12590777e-05 4.2422862e-06 0.0
-4.73178188e-05 3.83719344e-05 0.0
3.92929287e-05 1.8303479e-05 0.0
2.12796658e-05 1.60003183e-05 0.0
-3.97731892e-05 4.30685213e-05 0.0
-7.37587252e-05 4.65550584e-05 0.0
-5.50192563e-05 5.08977646e-05 0.0
2.16487706e-06 2.57584761e-05 0.0
-2.83591744e-05 3.82168764e-05 0.0
-2.99955973e-05 1.6119604e-05 0.0
6.17291289e-06 2.23950374e-05 0.0
2.69791253e-05 4.94636834e-06 0.0
-2.3569668e-05 4.37779781e-05 0.0
-2.26703705e-05 3.19702558e-05 0.0
-9.23592452e-05 5.27795673e-05 0.0
-1.32906735e-06 4.21757322e-05 0.0
-8.44742863e-06 4.0785133e-05 0.0
3.64458429e-05 2.43971112e-06 0.0
-1.19364904e-05 2.82420297e-05 0.0
-2.78792709e-06 6.82041264e-06 0.0
-1.69099058e-05 3.23107342e-05 0.0
-3.22952728e-05 3.10026153e-05 0.0
-9.00271971e-06 2.65184535e-05 0.0
-2.3740693e-05 3.01435302e-05 0.0
-4.41479278e-05 4.61972522e-05 0.0
3.31442861e-05 9.78368735e-06 0.0
-2.19564245e-05 3.38971367e-05 0.0
-1.25304459e-05 2.20871389e-05 0.0
2.03733834e-05 1.21394924e-05 0.0
5.79656034e-06 3.66544045e-05 0.0
-1.75774621e-05 2.7251559e-05 0.0
-9.02990068e-05 4.92118452e-05 0.0
9.86130772e-07 3.77676624e-05 0.0
-5.65964547e-06 1.94869572e-05 0.0
2.86241739e-05 1.15039147e-05 0.0
-2.463085e-05 3.50314185e-05 0.0
6.39060381e-05 9.11800544e-06 0.0
4.61308628e-05 3.97177928e-06 0.0
-7.86803794e-05 5.85742091e-05 0.0
-7.57491071e-05 5.07082077e-05 0.0
-8.3746796e-05 5.11952348e-05 0.0
-8.21325011e-05 4.86238678e-05 0.0
-5.59621803e-05 4.84267475e-05 0.0
-1.92499592e-05 2.0505151e-05 0.0
-3.30595612e-05 4.05022438e-05 0.0
9.56640724e-06 3.83539336e-05 0.0
-3.14052477e-06 3.57408353e-05 0.0
-6.2855448e-05 4.21656041e-05 0.0
-2.47398712e-05 2.31193771e-05 0.0
-1.94102304e-05 2.84975886e-05 0.0
-3.91465619e-05 4.3224285e-05 0.0
5.21253096e-05 1.39106651e-05 0.0
-5.97606731e-06 2.20663987e-05 0.0
7.47751437e-06 2.26857319e-05 0.0
-5.46689334e-05 5.50087971e-05 0.0
-5.17590342e-05 5.30545476e-05 0.0
8.23617393e-06 3.78131663e-05 0.0
-5.62041805e-06 2.2681339e-05 0.0
-3.39940743e-05 4.16365438e-05 0.0
-3.61158163e-05 4.13900889e-05 0.0
3.79794074e-05 2.26012489e-05 0.0
-2.61648729e-05 2.75514012e-05 0.0
-2.92703244e-05 3.72542854e-05 0.0
-1.95338926e-05 3.34841934e-05 0.0
-3.08276103e-05 2.82943074e-05 0.0
2.87337552e-05 2.36891847e-05 0.0
-5.64364127e-05 5.4034881e-05 0.0
5.80256165e-05 -4.29586498e-06 0.0
4.72348693e-05 7.77853984e-06 0.0
-1.69261193e-06 2.61147034e-05 0.0
-1.85217796e-05 1.88222093e-05 0.0
4.5536297e-05 5.48253581e-07 0.0
8.67848576e-06 1.13729084e-05 0.0
-1.29221653e-05 1.51219247e-05 0.0
4.32374036e-05 1.08644672e-05 0.0
5.58468855e-05 1.90504329e-06 0.0
3.32818745e-05 5.78443814e-06 0.0
6.29294082e-05 1.08037757e-05 0.0
4.68306716e-05 -5.38401264e-06 0.0
3.56747587e-05 9.48044908e-06 0.0
2.90925345e-05 3.15728976e-05 0.0
2.47365442e-05 3.86969532e-06 0.0
-1.84811427e-06 1.77506863e-05 0.0
-2.80667482e-05 2.69691409e-05 0.0
-5.76514467e-05 4.15307004e-05 0.0
9.0575777e-06 6.26282053e-06 0.0
-1.76454905e-05 1.91384788e-05 0.0
-8.08116092e-05 5.91678763e-05 0.0
-4.75507477e-05 4.51418236e-05 0.0
-4.30705077e-05 3.66699787e-05 0.0
-3.35162076e-05 3.92087277e-05 0.0
6.94357295e-05 6.94349137e-06 0.0
-2.33156934e-05 3.06600377e-05 0.0
-3.33153075e-05 5.30288453e-05 0.0
-6.23248561e-05 3.99007622e-05 0.0
-4.71289641e-05 4.73077089e-05 0.0
-1.83367629e-05 4.22690282e-05 0.0
-1.36890412e-05 2.03730069e-05 0.0
-2.52219779e-05 1.18942489e-05 0.0
-1.20856075e-05 4.10011889e-05 0.0
-9.51176626e-05 5.44258801e-05 0.0
-5.60870103e-05 5.14330495e-05 0.0
1.9169931e-05 1.72068776e-05 0.0
-2.69620541e-05 3.78496734e-05 0.0
4.86789831e-05 1.64616249e-05 0.0
-4.6611498e-05 4.88155893e-05 0.0
2.23873158e-05 1.31349282e-06 0.0
-6.7072353e-05 4.44396173e-05 0.0
-9.77670279e-05 5.46279662e-05 0.0
-1.89408438e-05 3.00603406e-05 0.0
1.42827309e-06 -1.10829876e-06 0.0
-6.32829833e-05 5.49781471e-05 0.0
2.19405456e-06 6.69454448e-06 0.0
-0.00010015985 5.6144072e-05 0.0
-5.96919654e-06 4.2559026e-05 0.0
-3.94954805e-05 5.11957151e-05 0.0
-7.1987306e-05 4.50289444e-05 0.0
5.26542499e-05 -7.28771874e-06 0.0
-6.84487532e-05 5.56519662e-05 0.0
3.38940918e-05 2.03821364e-05 0.0
-6.04209781e-05 3.38435821e-05 0.0
2.43188151e-05 3.01488271e-05 0.0
-3.29852519e-05 3.81916907e-05 0.0
-6.25290886e-06 3.81467798e-05 0.0
3.73074204e-06 1.91674699e-05 0.0
-9.33268529e-05 5.19982532e-05 0.0
-5.06670258e-05 3.86821594e-05 0.0
-4.47471393e-05 4.56850939e-05 0.0
3.17056511e-05 8.5952579e-06 0.0
6.41065344e-05 -2.05230231e-06 0.0
-3.24517669e-06 2.42887709e-05 0.0
4.12404697e-05 9.77394848e-07 0.0
-4.77233589e-05 5.03675001e-05 0.0
-7.83133728e-05 4.74980006e-05 0.0
-8.94629738e-06 2.04093703e-05 0.0
-4.47888124e-05 3.9032675e-05 0.0
4.15524191e-05 -8.42278837e-07 0.0
-5.46528208e-05 4.84209413e-05 0.0
5.09469937e-05 -7.65624827e-06 0.0
-2.43952545e-05 3.05168287e-05 0.0
1.75786518e-05 1.73899716e-05 0.0
-8.80316584e-05 5.19608402e-05 0.0
5.35099161e-06 2.43439044e-05 0.0
-3.63720465e-05 4.29203683e-05 0.0
3.23068161e-05 5.16647469e-06 0.0
4.03378908e-05 5.60069907e-07 0.0
3.35485529e-05 8.69744235e-06 0.0
2.15040109e-05 7.81183826e-06 0.0
-2.8567043e-05 1.81461019e-05 0.0
-5.33746497e-05 4.98345107e-05 0.0
-8.50339493e-05 4.83618969e-05 0.0
-3.12204029e-05 4.66021593e-05 0.0
1.70515086e-05 1.80361585e-05 0.0
3.51210183e-05 9.99226995e-06 0.0
-7.58442957e-06 2.87529747e-06 0.0
-2.64110113e-05 2.24972518e-05 0.0
-2.5823143e-05 5.84898444e-05 0.0
-7.32406916e-05 4.77492795e-05 0.0
-1.97001409e-05 3.22562883e-05 0.0
-1.19551241e-05 2.90786247e-05 0.0
6.04474881e-05 1.01846417e-05 0.0
5.42216821e-06 2.13256571e-05 0.0
-5.97601284e-05 5.31166297e-05 0.0
2.99393341e-05 8.96664005e-06 0.0
-5.30742509e-05 5.24923416e-05 0.0
-2.38983412e-05 2.83625268e-05 0.0
3.05293906e-06 -9.78248636e-07 0.0
-2.78066364e-05 3.38024802e-05 0.0
-4.73573118e-06 2.11847928e-05 0.0
5.05865537e-05 5.89516367e-06 0.0
-9.61802143e-05 5.44223913e-05 0.0
2.91658798e-05 -4.19985611e-07 0.0
-6.89472654e-06 1.97084337e-05 0.0
-7.93990257e-05 6.01080465e-05 0.0
4.90180064e-05 6.12265239e-07 0.0
-3.73422336e-05 4.2274758e-05 0.0
1.81118594e-05 2.4862743e-06 0.0
-2.50037792e-05 4.06863401e-05 0.0
1.88942959e-05 1.47650144e-05 0.0
4.10296234e-05 6.63253513e-06 0.0
3.6334277e-05 1.78502705e-05 0.0
-7.34194036e-05 5.61998568e-05 0.0
-2.23484476e-05 3.03477336e-05 0.0
-4.32409252e-05 4.56605667e-05 0.0
-4.3375494e-06 2.66926836e-05 0.0
6.94869505e-06 6.06936328e-06 0.0
-4.07009138e-05 3.53155592e-05 0.0
-4.61396121e-05 4.87075231e-05 0.0
-8.07991e-06 1.13595142e-05 0.0
5.71508353e-05 -6.94597429e-06 0.0
-1.86001103e-06 4.42454875e-05 0.0
2.79471601e-06 2.81154644e-05 0.0
1.0291451e-05 2.24702289e-05 0.0
-5.63335052e-05 5.58985448e-05 0.0
1.23720311e-05 1.04803612e-05 0.0
-1.80448606e-05 1.79021099e-05 0.0
-5.46352283e-07 1.60438867e-05 0.0
-8.03273433e-05 5.21388611e-05 0.0
-5.39973371e-05 5.04599157e-05 0.0
4.97555557e-05 1.48215804e-05 0.0
-3.22659907e-05 3.98990342e-05 0.0
-3.57835306e-05 1.97887166e-05 0.0
-4.74578301e-05 4.61048439e-05 0.0
-7.92188002e-05 5.96875834e-05 0.0
-1.6288579e-05 2.87452749e-05 0.0
-4.97986402e-05 4.86804493e-05 0.0
-1.44180274e-06 2.0170688e-05 0.0
1.17108129e-05 1.24876124e-05 0.0
-8.92225671e-06 1.09196772e-05 0.0
-7.54175198e-05 5.19104869e-05 0.0
5.95371639e-05 1.02696813e-05 0.0
-1.47962428e-05 3.07591363e-05 0.0
-4.10003267e-05 4.37948584e-05 0.0
-9.10413e-05 4.87475809e-05 0.0
-7.97648772e-06 1.98302441e-05 0.0
-5.34786113e-06 2.32942766e-05 0.0
9.38703465e-07 1.58113453e-05 0.0
4.58583236e-06 3.64087718e-05 0.0
2.99288013e-06 3.74293413e-05 0.0
4.91024684e-06 1.51076938e-05 0.0
7.00414021e-05 6.10794677e-06 0.0
-1.25094575e-05 5.27136763e-06 0.0
-2.01401235e-05 3.23647764e-05 0.0
-1.92135985e-06 5.19882951e-06 0.0
2.00914492e-05 2.78307343e-05 0.0
-8.36032268e-06 2.73706082e-05 0.0
-5.76747443e-05 5.53986756e-05 0.0
2.96431372e-05 2.67383148e-05 0.0
6.29857095e-05 9.10634571e-06 0.0
-5.2188796e-05 4.62977223e-05 0.0
3.41892337e-05 2.67880478e-05 0.0
-6.94530099e-05 5.47885757e-05 0.0
1.72648324e-05 2.81771481e-05 0.0
1.36919971e-05 8.51704499e-06 0.0
-6.65925563e-06 1.95240445e-05 0.0
2.6437081e-05 8.81085361e-06 0.0
-2.28354838e-05 3.50200389e-05 0.0
-2.65475555e-05 4.64936311e-05 0.0
-3.17960767e-05 5.4554097e-05 0.0
-1.21628518e-05 2.3590952e-05 0.0
-9.57705106e-06 2.54320912e-05 0.0
3.40790793e-05 2.35428956e-06 0.0
1.43109428e-05 7.06795026e-06 0.0
1.07921069e-05 2.01818857e-05 0.0
-5.48413518e-05 5.12585138e-05 0.0
2.35597818e-05 2.69820703e-06 0.0
-1.45246122e-05 2.3404682e-05 0.0
-5.34755527e-05 3.9637358e-05 0.0
3.97022923e-05 1.87860533e-05 0.0
1.57681352e-05 7.36990705e-06 0.0
2.51479942e-05 3.33825155e-05 0.0
-2.81325483e-05 3.44769614e-05 0.0
-6.96333445e-05 4.52490058e-05 0.0
-2.34238869e-05 3.56711935e-05 0.0
4.31823173e-05 1.86431134e-05 0.0
-2.58870532e-05 1.97884783e-05 0.0
-6.17683254e-05 5.49196848e-05 0.0
-4.70931373e-05 4.43479439e-05 0.0
-3.81435275e-05 4.23396341e-05 0.0
-4.57207898e-05 4.87722136e-05 0.0
6.82605751e-05 5.32336571e-06 0.0
-6.58636272e-05 4.27896339e-05 0.0
-3.52959069e-05 3.36687808e-05 0.0
-6.66541837e-06 1.08207014e-05 0.0
-7.11255925e-05 4.5191995e-05 0.0
-3.08966592e-05 2.88343035e-05 0.0
-4.33805362e-05 4.67039317e-05 0.0
-2.85847927e-05 2.71598419e-05 0.0
-6.05197856e-05 5.47770542e-05 0.0
6.84202969e-05 3.98775592e-06 0.0
-4.02099504e-05 4.21634286e-05 0.0
-4.96439716e-05 4.57829483e-05 0.0
-2.91355673e-06 3.4428107e-05 0.0
-5.86214919e-05 3.07456357e-05 0.0
-5.16462496e-05 5.13589184e-05 0.0
2.47529306e-06 1.60436593e-05 0.0
-4.53669491e-05 4.7366455e-05 0.0
-2.52602258e-05 2.38032844e-05 0.0
1.58547082e-05 1.27313606e-05 0.0
4.03213344e-05 4.08567439e-06 0.0
6.90217275e-05 4.68289818e-06 0.0
3.48627764e-05 1.16848069e-05 0.0
-6.75961564e-05 5.62391215e-05 0.0
-9.55027645e-06 1.13310534e-05 0.0
-4.62275675e-05 4.70133928e-05 0.0
-3.95031711e-05 4.42277742e-05 0.0
-2.91585366e-06 2.37785462e-05 0.0
2.56034145e-05 2.15218256e-06 0.0
-3.09195059e-07 3.62725223e-05 0.0
-4.54562287e-05 4.86487224e-05 0.0
1.37691256e-06 3.97507865e-05 0.0
-2.97949464e-05 2.94865931e-05 0.0
4.79054006e-06 1.70203421e-05 0.0
-5.40942847e-06 9.40994869e-06 0.0
5.37075357e-05 -3.00520492e-06 0.0
3.93037699e-05 1.22101422e-08 0.0
2.91136803e-05 2.30489459e-05 0.0
-3.14299723e-05 4.0110408e-05 0.0
5.66106246e-06 1.36876115e-05 0.0
3.20832032e-06 1.61497646e-05 0.0
3.62481151e-05 2.09236459e-05 0.0
-5.89133197e-05 5.30172983e-05 0.0
2.13644071e-05 9.45955344e-06 0.0
2.28600074e-05 1.38041087e-05 0.0
-3.86701104e-05 3.50694645e-05 0.0
-6.78842616e-06 2.19494359e-05 0.0
-1.80610259e-05 2.45399788e-05 0.0
4.51704545e-05 -4.0227842e-06 0.0
-6.72727547e-05 4.39068463e-05 0.0
-4.19481403e-05 4.62130447e-05 0.0
-1.29603632e-05 1.57492414e-05 0.0
1.69196901e-05 6.9631983e-06 0.0
-3.47522437e-05 3.20869076e-05 0.0
-3.78733203e-05 5.3144242e-05 0.0
-3.0794723e-05 4.59433104e-05 0.0
-2.39434266e-05 1.26853365e-05 0.0
4.67681639e-05 5.45354214e-06 0.0
9.71239933e-06 1.07430587e-05 0.0
8.93368633e-06 3.82793369e-05 0.0
-2.73303285e-05 4.69718325e-05 0.0
-9.97255302e-06 1.17229674e-05 0.0
-4.61310301e-05 4.63690594e-05 0.0
-6.20429637e-05 4.29926986e-05 0.0
2.3526738e-05 3.21866428e-05 0.0
4.67599466e-06 -2.95962809e-06 0.0
3.87736691e-05 2.06294681e-05 0.0
3.02433218e-05 4.91625588e-06 0.0
-3.23404456e-05 3.87941873e-05 0.0
-5.32994682e-06 4.50667576e-05 0.0
1.88071444e-05 1.65984857e-05 0.0
4.05337669e-05 8.81963479e-06 0.0
4.61139825e-05 1.63917957e-05 0.0
-3.12417578e-05 3.76601529e-05 0.0
-4.79690107e-06 1.91477716e-06 0.0
6.25893153e-05 -4.56951147e-06 0.0
-1.63929726e-05 3.06071452e-05 0.0
-3.63411782e-05 4.11417241e-05 0.0
6.59398647e-05 -1.96949358e-07 0.0
-2.12359028e-05 2.93040739e-05 0.0
2.315864e-05 1.4388731e-05 0.0
-1.50149272e-05 2.4687306e-05 0.0
6.93824695e-05 3.49113816e-06 0.0
2.65486542e-05 1.29848268e-05 0.0
-7.98554101e-05 5.74362421e-05 0.0
-2.29626967e-05 3.66994063e-05 0.0
-1.46861894e-05 3.03169672e-05 0.0
-1.21798439e-05 2.73916721e-05 0.0
-2.4470728e-05 3.07118353e-05 0.0
-4.28521707e-06 1.47696448e-06 0.0
-2.6929863e-06 1.79700637e-05 0.0
1.54102327e-05 1.92992484e-05 0.0
2.69375123e-05 -2.46550627e-07 0.0
-6.00055573e-05 3.7285954e-05 0.0
-2.32771526e-05 2.40735681e-05 0.0
-2.74422073e-05 3.72580362e-05 0.0
-4.54121255e-05 4.67181162e-05 0.0
-9.56258518e-05 5.40625588e-05 0.0
-1.5475558e-05 1.69745927e-05 0.0
-7.57230373e-06 2.09074678e-05 0.0
5.09147503e-05 -8.62463821e-06 0.0
1.48517065e-05 1.93199558e-05 0.0
-7.6779419e-05 4.65432386e-05 0.0
1.81981086e-05 3.41452323e-05 0.0
-2.57460982e-07 2.03721065e-05 0.0
-2.30091664e-05 2.83030749e-05 0.0
5.46031624e-05 4.08869028e-06 0.0
-5.96611098e-05 4.13010384e-05 0.0
-4.51466694e-05 4.13814741e-05 0.0
1.38881169e-05 4.09627955e-06 0.0
5.60640619e-05 -8.38671258e-06 0.0
6.03696499e-05 6.96218251e-07 0.0
1.94092763e-06 2.24996948e-05 0.0
-4.58095383e-05 2.67361611e-05 0.0
-1.90568353e-05 3.96999021e-05 0.0
-8.07765828e-05 4.7250709e-05 0.0
-1.22609902e-06 1.70229105e-05 0.0
-2.6813439e-05 3.68054898e-05 0.0
1.21355843e-05 2.33547198e-05 0.0
-1.45343201e-05 1.8474213e-05 0.0
3.24092871e-05 2.07301891e-05 0.0
-1.02059303e-05 2.8272987e-05 0.0
-4.05350074e-05 3.62568353e-05 0.0
2.7185939e-05 1.26845325e-05 0.0
2.39938963e-05 1.26793811e-05 0.0
-5.51655721e-05 3.80177298e-05 0.0
7.49473693e-05 3.48781759e-06 0.0
-4.80457711e-05 2.72209745e-05 0.0
-1.55061366e-06 3.32808522e-05 0.0
-7.8479592e-05 5.44018803e-05 0.0
-0.000102874124 5.81109416e-05 0.0
4.48324645e-05 1.09386392e-05 0.0
8.34166804e-06 1.98840044e-05 0.0
4.89154991e-05 -3.25907422e-06 0.0
-8.4754276e-05 5.00085553e-05 0.0
-4.70180385e-06 1.82600361e-05 0.0
-4.88194673e-05 3.83709303e-05 0.0
-9.41885883e-05 5.21323745e-05 0.0
-6.05432797e-05 3.60061822e-05 0.0
6.70364316e-05 8.27266558e-06 0.0
-5.97001781e-06 4.00184545e-05 0.0
-2.47992666e-05 1.69773266e-05 0.0
2.5105981e-05 1.33063904e-05 0.0
9.20580442e-06 8.23363189e-06 0.0
-3.0661402e-05 6.03735753e-05 0.0
-2.46233722e-05 3.43925531e-05 0.0
1.57422903e-06 2.48828183e-05 0.0
5.56362975e-05 -2.83571524e-07 0.0
6.20102073e-05 1.05269501e-05 0.0
-4.57760398e-05 2.67876057e-05 0.0
4.86244535e-05 7.90035756e-06 0.0
-3.84360574e-05 4.12618501e-05 0.0
5.09539823e-05 2.30176875e-06 0.0
-3.11008961e-07 2.40241952e-05 0.0
1.60484742e-05 1.78258761e-05 0.0
-3.42287422e-05 2.08711099e-05 0.0
1.91785534e-06 2.93094272e-05 0.0
4.84360935e-05 1.60312757e-05 0.0
-5.31513615e-05 4.06517247e-05 0.0
-2.48241613e-05 3.87626642e-05 0.0
-2.23340849e-05 3.06584552e-05 0.0
-9.97641619e-05 5.54749167e-05 0.0
-1.99975711e-05 2.91726265e-05 0.0
1.09555813e-05 1.01679552e-05 0.0
-5.48147691e-05 5.21770671e-05 0.0
-5.55978404e-05 5.12916668e-05 0.0
4.3588032e-05 3.65222991e-06 0.0
-4.56597554e-05 3.71086171e-05 0.0
8.30122099e-06 1.3780751e-05 0.0
4.45276019e-05 1.61051503e-05 0.0
-4.33474415e-05 5.05055505e-05 0.0
-1.15881937e-06 3.9769704e-05 0.0
-1.44127462e-05 4.06385843e-05 0.0
2.87454386e-05 2.52964055e-05 0.0
-9.10098679e-05 5.30943071e-05 0.0
-6.92703616e-05 4.49389627e-05 0.0
-3.62150276e-05 4.90158491e-05 0.0
1.02463935e-06 4.09913773e-05 0.0
2.41096823e-05 2.59560711e-05 0.0
-5.1986608e-05 3.91764879e-05 0.0
-3.04636524e-05 4.89194717e-05 0.0
-2.8004948e-05 6.1249797e-05 0.0
-2.11449369e-05 2.86117793e-05 0.0
-8.46867551e-05 6.19145067e-05 0.0
3.18782259e-05 9.17990019e-06 0.0
-9.2536402e-06 3.86572028e-05 0.0
1.41429803e-06 7.81847632e-07 0.0
-3.04815421e-05 2.82912752e-05 0.0
-1.06480111e-05 4.34863578e-05 0.0
-5.27990451e-05 4.96540051e-05 0.0
4.15919858e-05 1.80976203e-05 0.0
2.81457287e-05 2.72502859e-07 0.0
-8.06285243e-05 5.64837501e-05 0.0
3.31461524e-05 2.56716849e-05 0.0
-3.29625218e-05 1.66208683e-05 0.0
-5.29325443e-05 4.90471393e-05 0.0
6.8731948e-05 1.71926195e-06 0.0
-7.0096401e-05 4.50717525e-05 0.0
-7.80287883e-05 5.43474598e-05 0.0
-4.06837717e-05 4.43029894e-05 0.0
4.69789347e-06 1.87839869e-05 0.0
3.99361255e-07 2.81505636e-05 0.0
4.5980818e-05 -3.1772413e-06 0.0
7.12861151e-07 -5.33561831e-07 0.0
-2.35849748e-05 3.61498351e-05 0.0
-2.1163869e-05 4.42339478e-05 0.0
5.48044445e-05 1.4078928e-05 0.0
-6.29246788e-05 5.45688672e-05 0.0
-3.99560267e-05 2.23325987e-05 0.0
4.20914839e-05 1.66696725e-06 0.0
-9.39343045e-06 1.91679574e-05 0.0
1.82409913e-05 2.69325756e-05 0.0
4.09895001e-05 4.55725541e-07 0.0
-3.58944017e-05 4.01392826e-05 0.0
-1.04814389e-05 2.20906986e-05 0.0
-8.00028211e-05 5.61422748e-05 0.0
-2.57996853e-05 3.39943981e-05 0.0
-6.87675129e-05 5.55476545e-05 0.0
-2.36121796e-05 3.01789387e-05 0.0
3.05913418e-05 2.26233078e-06 0.0
-2.22265098e-05 3.07272421e-05 0.0
-8.01255228e-05 5.34260289e-05 0.0
3.66130625e-05 4.8611455e-06 0.0
-3.92006659e-05 3.48549074e-05 0.0
-5.07620171e-05 4.85938072e-05 0.0
-1.66587724e-05 2.66189872e-05 0.0
7.00759847e-06 -4.58587465e-06 0.0
2.28132976e-05 3.24105804e-06 0.0
