0.000561735767 -3.22495944e-05 0.0
0.000548530894 -3.56076671e-05 0.0
0.000123869671 -4.06793806e-05 0.0
0.00010839702 -4.14614879e-05 0.0
0.000129926979 -4.50508196e-05 0.0
0.000669124653 -4.14614879e-05 0.0
0.000684597297 -4.06793806e-05 0.0
0.000271177414 -7.73332577e-05 0.0
0.000256185769 -5.99494706e-05 0.0
0.000248116499 -6.77495918e-05 0.0
5.23939707e-05 3.71653073e-06 0.0
6.73856266e-05 -1.36672552e-05 0.0
0.000394954463 -9.70906694e-05 0.0
0.000383412727 -7.66002486e-05 0.0
0.000359873724 -8.7374392e-05 0.0
0.00017962094 -1.29342516e-05 0.0
0.000191162646 -3.34246652e-05 0.0
0.000536747742 1.81931191e-05 0.0
0.000518832763 2.08658257e-05 0.0
0.00066132826 -4.99322014e-05 0.0
0.000685605686 -5.18563829e-05 0.0
0.000654210278 -2.37503264e-05 0.0
0.000124878105 -5.18563829e-05 0.0
0.000100600664 -4.99322014e-05 0.0
0.000276775303 -7.16811919e-05 0.0
0.00025988894 -4.72842949e-05 0.0
0.000563129957 -3.73207804e-05 0.0
0.000542494818 -4.26227634e-05 0.0
0.000336106081 -3.00793436e-05 0.0
0.000315332727 -1.30651888e-05 0.0
7.64083015e-05 8.38233609e-06 0.0
5.01298164e-05 7.75471563e-06 0.0
8.33315862e-05 -2.3035238e-05 0.0
0.000610857387 7.75471563e-06 0.0
0.000637135876 8.38233609e-06 0.0
0.000155336835 -2.92734403e-05 0.0
0.000135433642 -8.27772055e-06 0.0
0.000186592006 -3.60928789e-05 0.0
0.000163081117 -4.57587657e-06 0.0
0.000366790831 -2.87335315e-05 0.0
0.000348595408 -1.3937597e-05 0.0
0.000598590355 -4.16285002e-05 0.0
0.000581819157 -9.59879253e-06 0.0
0.000274829858 -5.31773367e-05 0.0
0.000251997932 -4.81891911e-05 0.0
0.000478371221 -3.63563714e-07 0.0
0.00045888123 3.48806088e-06 0.0
0.000203791802 -6.3665997e-05 0.0
0.0 0.0 0.0
0.000560727611 0.0 0.0
0.000764519384 -6.3665997e-05 0.0
0.0005614775 -3.23627864e-05 0.0
0.00056134077 -3.22954511e-05 0.0
0.000560930988 -3.23455097e-05 0.0
0.00055997778 -3.27391099e-05 0.0
0.000558595581 -3.37310667e-05 0.0
0.000556863553 -3.50309892e-05 0.0
0.000555497129 -3.58576362e-05 0.0
0.000554044091 -3.59385449e-05 0.0
0.000552219339 -3.56781202e-05 0.0
0.000550706463 -3.54571093e-05 0.0
0.000549462682 -3.54730983e-05 0.0
0.000547927397 -3.59086189e-05 0.0
0.00054772821 -3.63271611e-05 0.0
0.000548100041 -3.66130844e-05 0.0
0.000549146323 -3.65816559e-05 0.0
0.000551213278 -3.63118379e-05 0.0
0.000554305036 -3.57352255e-05 0.0
0.000557532534 -3.45626941e-05 0.0
0.000560702872 -3.31854135e-05 0.0
0.000562679896 -3.29184622e-05 0.0
0.000563409878 -3.23968452e-05 0.0
0.00056240469 -3.23041022e-05 0.0
0.000111350302 -4.1633717e-05 0.0
0.000114373201 -4.07612279e-05 0.0
0.000116674877 -4.05071114e-05 0.0
0.000119012642 -4.12295703e-05 0.0
0.000121377467 -4.27154882e-05 0.0
0.000124167855 -4.4010194e-05 0.0
0.000127030304 -4.48626924e-05 0.0
0.000132217363 -4.50152147e-05 0.0
0.000133274007 -4.48600294e-05 0.0
0.000133177615 -4.45060286e-05 0.0
0.00013221812 -4.37713024e-05 0.0
0.00013084877 -4.26601473e-05 0.0
0.000128804793 -4.14307942e-05 0.0
0.000126359984 -4.09914173e-05 0.0
0.000682773767 -3.97383228e-05 0.0
0.000681212579 -3.8708964e-05 0.0
0.000679081597 -3.75989657e-05 0.0
0.000676321099 -3.70996167e-05 0.0
0.00067302282 -3.7263977e-05 0.0
0.000669699919 -3.8459948e-05 0.0
0.000667907298 -4.00985082e-05 0.0
0.000667990709 -4.1217143e-05 0.0
0.000251947349 -5.96250757e-05 0.0
0.000248011638 -6.00592684e-05 0.0
0.000244967698 -6.06916183e-05 0.0
0.000243432223 -6.15588651e-05 0.0
0.000243322182 -6.2899664e-05 0.0
0.000244262163 -6.46568369e-05 0.0
0.000246027455 -6.65215412e-05 0.0
0.000250740355 -6.85588966e-05 0.0
0.000253216538 -6.98187796e-05 0.0
0.000256100582 -7.18735173e-05 0.0
0.000259554392 -7.41189288e-05 0.0
0.000263767259 -7.61757401e-05 0.0
0.000267191906 -7.75100416e-05 0.0
0.000269653596 -7.78728645e-05 0.0
6.85296181e-05 -1.24295111e-05 0.0
6.93697366e-05 -1.05979034e-05 0.0
6.95540948e-05 -8.63716377e-06 0.0
6.8738962e-05 -6.7569481e-06 0.0
6.71140369e-05 -5.67369534e-06 0.0
6.50367001e-05 -4.62675825e-06 0.0
6.27982954e-05 -2.35460016e-06 0.0
6.00081185e-05 1.43111819e-07 0.0
5.63205977e-05 2.36760434e-06 0.0
0.00037831231 -7.39160314e-05 0.0
0.000373117713 -7.19944292e-05 0.0
0.000368420238 -7.11914909e-05 0.0
0.000364444393 -7.15939459e-05 0.0
0.000360384554 -7.39886746e-05 0.0
0.000357504585 -7.7024386e-05 0.0
0.000356430974 -8.01932256e-05 0.0
0.000357131852 -8.36579711e-05 0.0
0.000363805069 -9.08865186e-05 0.0
0.000368476758 -9.37855948e-05 0.0
0.000373698014 -9.61943297e-05 0.0
0.000379008095 -9.82670463e-05 0.0
0.000383943785 -0.000100095407 0.0
0.000388209533 -0.000100836987 0.0
0.000391259993 -0.000100704841 0.0
0.000393394381 -9.92203422e-05 0.0
0.00019201239 -3.0468269e-05 0.0
0.000191874002 -2.69916291e-05 0.0
0.000190617429 -2.32675502e-05 0.0
0.000188069622 -1.96548353e-05 0.0
0.000184441044 -1.62130655e-05 0.0
0.000538268767 1.90385763e-05 0.0
0.000537990709 1.97652225e-05 0.0
0.000536337844 1.95670636e-05 0.0
0.000533171871 2.00071718e-05 0.0
0.000529762183 2.01471939e-05 0.0
0.000526665652 1.99549177e-05 0.0
0.000523329654 1.86935595e-05 0.0
0.000521656242 1.85605841e-05 0.0
0.000521169452 1.86142352e-05 0.0
0.000520646048 1.92674052e-05 0.0
0.000519813853 2.01696639e-05 0.0
0.000518109417 2.12456871e-05 0.0
0.000517575652 2.14084994e-05 0.0
0.00051732728 2.14920674e-05 0.0
0.000517478562 2.15674409e-05 0.0
0.000518201094 2.17691249e-05 0.0
0.000519261055 2.16504886e-05 0.0
0.000520944595 2.06819605e-05 0.0
0.000523669878 1.91351519e-05 0.0
0.000526593882 1.78175542e-05 0.0
0.000529784942 1.71228512e-05 0.0
0.000533212384 1.72713935e-05 0.0
0.000686982065 -4.97066358e-05 0.0
0.000687360298 -4.70190716e-05 0.0
0.000686926651 -4.3803735e-05 0.0
0.000685140374 -4.0238494e-05 0.0
0.000681661826 -3.59305122e-05 0.0
0.000676861149 -3.17662161e-05 0.0
0.00067099958 -2.83545905e-05 0.0
0.00066465477 -2.57101819e-05 0.0
0.000658679288 -2.4062414e-05 0.0
0.000651300885 -2.46965519e-05 0.0
0.000649069727 -2.67914984e-05 0.0
0.000647283858 -2.92941895e-05 0.0
0.000646498171 -3.2054726e-05 0.0
0.000646850385 -3.51127383e-05 0.0
0.000648746849 -3.85375461e-05 0.0
0.000651302922 -4.18948075e-05 0.0
0.00065460219 -4.46553604e-05 0.0
0.000657809898 -4.74713852e-05 0.0
0.000104612343 -5.20108115e-05 0.0
0.000109346729 -5.3479027e-05 0.0
0.000114317285 -5.40362889e-05 0.0
0.000118896503 -5.38401655e-05 0.0
0.000122519967 -5.3067346e-05 0.0
0.000280910055 -7.13678601e-05 0.0
0.000284949463 -6.97575524e-05 0.0
0.000288298674 -6.71411253e-05 0.0
0.000289831951 -6.42045488e-05 0.0
0.000289591844 -6.14530873e-05 0.0
0.000287225645 -5.86913739e-05 0.0
0.000284043315 -5.71834498e-05 0.0
0.000281064044 -5.58656902e-05 0.0
0.000277903164 -5.39793946e-05 0.0
0.000274418155 -5.15282591e-05 0.0
0.000269986806 -4.94133528e-05 0.0
0.000264940871 -4.78168622e-05 0.0
0.000255520776 -4.753147e-05 0.0
0.000252617523 -4.83293261e-05 0.0
0.000251318183 -4.94684973e-05 0.0
0.000251235673 -5.14248932e-05 0.0
0.000251933903 -5.36586267e-05 0.0
0.00025343048 -5.57808598e-05 0.0
0.00025501175 -5.80254091e-05 0.0
0.000257134525 -6.07254151e-05 0.0
0.000260151777 -6.3856307e-05 0.0
0.000263770751 -6.69330548e-05 0.0
0.000267993979 -6.93261172e-05 0.0
0.00027240059 -7.09641317e-05 0.0
0.000561743509 -3.7406815e-05 0.0
0.000559634995 -3.73804032e-05 0.0
0.000557564956 -3.77447177e-05 0.0
0.000555542356 -3.83567676e-05 0.0
0.000553097809 -3.92040056e-05 0.0
0.00055049581 -4.01663165e-05 0.0
0.00054776622 -4.12517875e-05 0.0
0.00054533768 -4.22693738e-05 0.0
0.000543262868 -4.28965395e-05 0.0
0.000542246446 -4.28430722e-05 0.0
0.000544026669 -4.20420438e-05 0.0
0.000546201656 -4.15797404e-05 0.0
0.000548601791 -4.07317675e-05 0.0
0.000550925382 -3.95718453e-05 0.0
0.000553225924 -3.80714446e-05 0.0
0.00055489334 -3.70201924e-05 0.0
0.000556743238 -3.67838002e-05 0.0
0.000559306354 -3.68549299e-05 0.0
0.000561464869 -3.69705267e-05 0.0
0.000563101028 -3.70914859e-05 0.0
0.000339681079 -2.94566817e-05 0.0
0.000341956678 -2.89385534e-05 0.0
0.00034253276 -2.78159096e-05 0.0
0.000341687381 -2.65020972e-05 0.0
0.000340984465 -2.4625544e-05 0.0
0.000340184488 -2.22195777e-05 0.0
0.00033796535 -1.98131656e-05 0.0
0.000334613112 -1.72010496e-05 0.0
0.00033035141 -1.53596793e-05 0.0
0.000325715897 -1.4269016e-05 0.0
0.000320344203 -1.33748945e-05 0.0
0.0003113946 -1.33918684e-05 0.0
0.00030900503 -1.41936234e-05 0.0
0.000308104005 -1.53049677e-05 0.0
0.000308465242 -1.69658124e-05 0.0
0.000309710973 -1.92964762e-05 0.0
0.000311776937 -2.19039193e-05 0.0
0.000314603793 -2.41952202e-05 0.0
0.000318084436 -2.62669946e-05 0.0
0.000322221167 -2.78456992e-05 0.0
0.000326632813 -2.91041652e-05 0.0
0.000331289193 -2.97368933e-05 0.0
4.95808854e-05 5.33840102e-06 0.0
4.9899747e-05 2.10475605e-06 0.0
5.09445126e-05 -1.28975444e-06 0.0
5.27123011e-05 -4.69087763e-06 0.0
5.53172467e-05 -8.31297621e-06 0.0
5.89879855e-05 -1.24480339e-05 0.0
6.42608939e-05 -1.64552876e-05 0.0
7.07543659e-05 -1.98627404e-05 0.0
7.75139561e-05 -2.22327708e-05 0.0
8.7643115e-05 -2.26301872e-05 0.0
9.00665327e-05 -2.14951378e-05 0.0
9.13780314e-05 -1.9682584e-05 0.0
9.24126725e-05 -1.7052118e-05 0.0
9.2748407e-05 -1.35851978e-05 0.0
9.21701067e-05 -9.19501326e-06 0.0
9.00651721e-05 -4.2952106e-06 0.0
8.66336413e-05 7.27765041e-07 0.0
8.19558118e-05 5.0106928e-06 0.0
0.000630744209 1.07159622e-05 0.0
0.000623703643 1.13310207e-05 0.0
0.000617604645 1.11672325e-05 0.0
0.000613300945 9.55171345e-06 0.0
0.000159225485 -2.88505034e-05 0.0
0.000161098447 -2.78927691e-05 0.0
0.000161076081 -2.63755264e-05 0.0
0.000159666175 -2.44485727e-05 0.0
0.000157712275 -2.25632775e-05 0.0
0.00015536428 -2.09277987e-05 0.0
0.000152707755 -1.92821244e-05 0.0
0.000149636238 -1.67473645e-05 0.0
0.000145661528 -1.36031013e-05 0.0
0.00014159776 -1.10117207e-05 0.0
0.00013812285 -9.02553711e-06 0.0
0.000133417867 -8.37643711e-06 0.0
0.000131732959 -8.9379273e-06 0.0
0.000130608591 -1.00154239e-05 0.0
0.000130019005 -1.16517986e-05 0.0
0.000130028682 -1.40114498e-05 0.0
0.000131043445 -1.71490228e-05 0.0
0.000133190348 -2.08436031e-05 0.0
0.000136165196 -2.40466652e-05 0.0
0.000140051343 -2.64974751e-05 0.0
0.000144704187 -2.82220935e-05 0.0
0.000149900749 -2.92733384e-05 0.0
0.000191957763 -3.56678829e-05 0.0
0.00019549478 -3.44637774e-05 0.0
0.000197310394 -3.27366251e-05 0.0
0.000197753092 -3.0257057e-05 0.0
0.00019718484 -2.68614058e-05 0.0
0.00019525789 -2.27133914e-05 0.0
0.000192267806 -1.81320956e-05 0.0
0.000188063204 -1.40087041e-05 0.0
0.000182751493 -1.04075125e-05 0.0
0.000176171074 -7.65637378e-06 0.0
0.00016916696 -5.35276422e-06 0.0
0.00015863411 -5.33682032e-06 0.0
0.000156097987 -6.83209737e-06 0.0
0.00015444716 -9.28734244e-06 0.0
0.000153520261 -1.28884703e-05 0.0
0.000153736866 -1.68112019e-05 0.0
0.000155090238 -2.09036261e-05 0.0
0.000158003371 -2.48219221e-05 0.0
0.000161954988 -2.842711e-05 0.0
0.000167096383 -3.15216785e-05 0.0
0.000173263223 -3.40037222e-05 0.0
0.000180111354 -3.54259355e-05 0.0
0.000369187561 -2.81558168e-05 0.0
0.000371328526 -2.69539396e-05 0.0
0.000372643233 -2.54602764e-05 0.0
0.000372753042 -2.36098931e-05 0.0
0.000371259055 -2.1423406e-05 0.0
0.000368411595 -1.93109063e-05 0.0
0.000364103791 -1.74981651e-05 0.0
0.000359303871 -1.63649274e-05 0.0
0.000354907126 -1.47542851e-05 0.0
0.000351071678 -1.37172019e-05 0.0
0.00034788574 -1.44534724e-05 0.0
0.000348207483 -1.47778583e-05 0.0
0.000348418049 -1.5577114e-05 0.0
0.000348448957 -1.71067259e-05 0.0
0.000348836969 -1.96133424e-05 0.0
0.000350277376 -2.23139941e-05 0.0
0.000353595795 -2.52540067e-05 0.0
0.000358059042 -2.75863149e-05 0.0
0.000361544749 -2.84655107e-05 0.0
0.000364350766 -2.89008331e-05 0.0
0.000604109489 -3.98036173e-05 0.0
0.000608765695 -3.70991293e-05 0.0
0.000611253839 -3.39889521e-05 0.0
0.000611513562 -3.10942451e-05 0.0
0.000610020186 -2.79080014e-05 0.0
0.000606853282 -2.45443243e-05 0.0
0.000602770597 -2.06219829e-05 0.0
0.000598039478 -1.76372159e-05 0.0
0.000593699806 -1.46680177e-05 0.0
0.000590038253 -1.2872847e-05 0.0
0.000586638111 -1.11132076e-05 0.0
0.000576399558 -9.00602208e-06 0.0
0.000570795091 -1.03150051e-05 0.0
0.000566595525 -1.27469193e-05 0.0
0.000564396207 -1.63160275e-05 0.0
0.000563836715 -2.00962222e-05 0.0
0.000565559953 -2.46018863e-05 0.0
0.000569811498 -2.96354465e-05 0.0
0.00057540019 -3.35658478e-05 0.0
0.000581489294 -3.69355257e-05 0.0
0.000587587187 -3.98130396e-05 0.0
0.000593387464 -4.15307586e-05 0.0
0.000274116668 -5.29719327e-05 0.0
0.000272695936 -5.30565339e-05 0.0
0.000271151686 -5.31933692e-05 0.0
0.000269662938 -5.35855106e-05 0.0
0.000268266624 -5.40377405e-05 0.0
0.000266684307 -5.41588342e-05 0.0
0.000265115435 -5.35377258e-05 0.0
0.000263343478 -5.199511e-05 0.0
0.000260871864 -5.03251613e-05 0.0
0.000258094718 -4.90180973e-05 0.0
0.000255154475 -4.83290569e-05 0.0
0.000250190875 -4.84724042e-05 0.0
0.000250109151 -4.85792043e-05 0.0
0.000251611054 -4.79832233e-05 0.0
0.00025348796 -4.80946073e-05 0.0
0.000255852268 -4.89199556e-05 0.0
0.000258616754 -4.97203291e-05 0.0
0.000261336012 -5.08027297e-05 0.0
0.000264537928 -5.1601015e-05 0.0
0.000268235715 -5.19600326e-05 0.0
0.000271315337 -5.28355267e-05 0.0
0.000273772806 -5.34011633e-05 0.0
0.000479944865 -1.16772696e-06 0.0
0.000481721654 -1.04557853e-06 0.0
0.000483175914 -4.84590217e-08 0.0
0.000483575073 8.92096693e-07 0.0
0.000483034935 1.73406659e-06 0.0
0.000481300813 2.93140306e-06 0.0
0.000477924419 4.12012241e-06 0.0
0.000473617663 4.9673713e-06 0.0
0.000469587976 5.37362894e-06 0.0
0.000465827237 5.39491748e-06 0.0
0.000463090691 5.15301281e-06 0.0
0.000460888317 4.37362178e-06 0.0
0.000457587681 2.85020747e-06 0.0
0.000457980903 2.79068445e-06 0.0
0.000459354138 2.83189115e-06 0.0
0.000461692398 2.781175e-06 0.0
0.000464798621 2.66110669e-06 0.0
0.000467657519 2.87209446e-06 0.0
0.000470632775 3.57794443e-06 0.0
0.000473131484 4.18588479e-06 0.0
0.000474232977 4.0520199e-06 0.0
0.000474832515 3.42321482e-06 0.0
0.000475552311 2.0718503e-06 0.0
0.000476873887 7.66060168e-07 0.0
0.000192650958 -6.60505029e-05 0.0
0.000168363156 -6.34349562e-05 0.0
6.00388084e-05 -4.26267143e-05 0.0
5.87712166e-05 -4.2050644e-05 0.0
8.19840061e-05 -2.72434572e-05 0.0
0.000106761821 -1.23921018e-05 0.0
0.000113458031 -5.4903403e-06 0.0
0.000105040395 -2.46023478e-06 0.0
8.64446047e-05 9.91774641e-07 0.0
6.76871714e-05 2.92028653e-06 0.0
5.79990592e-05 2.91193328e-06 0.0
6.06325484e-05 2.22583776e-06 0.0
9.05189609e-06 2.08730326e-05 0.0
6.1059859e-07 1.91474519e-05 0.0
7.23785661e-07 1.30505032e-05 0.0
2.4189851e-06 6.36686491e-06 0.0
2.26855045e-05 -3.92040238e-06 0.0
0.000106226209 -2.99442745e-05 0.0
0.000142128076 -2.73747646e-05 0.0
0.00022754872 -4.1323161e-05 0.0
0.000260576024 -3.32681302e-05 0.0
0.00029454325 -7.43247892e-06 0.0
0.000324831344 1.416346e-05 0.0
0.000347583205 2.53716826e-05 0.0
0.000362438499 2.65673862e-05 0.0
0.000381865451 2.52001792e-05 0.0
0.000406794396 2.23773386e-05 0.0
0.000432795205 2.06471686e-05 0.0
0.00045666378 2.13442399e-05 0.0
0.000477945199 2.40837871e-05 0.0
0.000496033987 2.32987877e-05 0.0
0.000506002747 2.30014593e-05 0.0
0.00051370752 1.9619416e-05 0.0
0.00052365812 1.62112592e-05 0.0
0.000539580011 9.28936788e-06 0.0
0.000563146605 6.36686491e-06 0.0
0.000561451365 1.30505032e-05 0.0
0.000561338209 1.91474519e-05 0.0
0.000569779484 2.08730326e-05 0.0
0.000621360145 2.22583776e-06 0.0
0.000618726655 2.91193328e-06 0.0
0.000628414797 2.92028653e-06 0.0
0.000647172215 9.91774641e-07 0.0
0.000665767991 -2.46023478e-06 0.0
0.000674185634 -5.4903403e-06 0.0
0.000667489425 -1.23921018e-05 0.0
0.000642711588 -2.72434572e-05 0.0
0.000619498838 -4.2050644e-05 0.0
0.000620766426 -4.26267143e-05 0.0
0.000729090767 -6.34349562e-05 0.0
0.000753378554 -6.60505029e-05 0.0
0.000743371784 -5.43766328e-05 0.0
0.000727449951 -4.74547414e-05 0.0
0.000717499352 -4.40465847e-05 0.0
0.000709794578 -4.06645413e-05 0.0
0.000699825818 -4.03672129e-05 0.0
0.000681736972 -3.95822135e-05 0.0
0.000660455553 -4.23217607e-05 0.0
0.000636587036 -4.30188302e-05 0.0
0.000610586198 -4.1288662e-05 0.0
0.000585657253 -3.84658197e-05 0.0
0.000566230272 -3.70986127e-05 0.0
0.000551374978 -3.82943181e-05 0.0
0.000528623175 -4.95025415e-05 0.0
0.000498335052 -7.10984823e-05 0.0
0.000464367826 -9.69341272e-05 0.0
0.000431340537 -0.000104989158 0.0
0.000345919892 -9.10407689e-05 0.0
0.000310018018 -9.36102733e-05 0.0
0.000226477307 -6.75863994e-05 0.0
0.000410401262 -4.60113988e-05 0.0
0.000395538402 8.80052903e-06 0.0
0.000455418252 -4.72657157e-05 0.0
0.000317784841 -1.9142888e-05 0.0
0.000334737852 -4.72839565e-05 0.0
0.000441977376 -2.88059236e-05 0.0
0.000372483337 -7.01221288e-05 0.0
0.000257251115 -2.54013285e-05 0.0
0.000631486997 -3.73145376e-05 0.0
0.000408983411 8.61647186e-06 0.0
0.00047378696 -2.0497353e-05 0.0
0.000196977577 -3.51430062e-05 0.0
0.000565150229 5.77747051e-06 0.0
0.0002791023 -4.70955456e-05 0.0
0.000567428069 -9.86823034e-06 0.0
0.000432381319 2.23905845e-05 0.0
0.000476667657 -4.48753381e-05 0.0
0.00022013823 -9.02487227e-06 0.0
0.000189019047 -1.94519271e-05 0.0
0.00016195183 -3.96683281e-05 0.0
0.000346421148 -2.20011771e-05 0.0
0.000366664142 -2.9754674e-05 0.0
0.00035543117 -5.37223168e-05 0.0
0.000451253087 9.94875245e-06 0.0
0.00061124342 -2.94938236e-05 0.0
0.000359536614 -7.95186588e-06 0.0
0.000352958828 9.32058629e-06 0.0
0.000500740309 -4.13383132e-05 0.0
0.000204559241 -6.65499756e-05 0.0
0.000266990304 -3.37258352e-05 0.0
0.00021771816 -3.03383949e-05 0.0
0.000143644909 -3.24396351e-05 0.0
0.000464256271 -4.23558777e-05 0.0
0.000296793645 -2.92744044e-05 0.0
0.000470292784 -2.68360982e-05 0.0
0.000309125142 -2.37931781e-05 0.0
0.000165096062 -1.94627501e-05 0.0
0.000408616645 -7.2522249e-05 0.0
0.000489739992 -3.97209478e-05 0.0
0.000300426356 -5.34055689e-05 0.0
0.000453573157 -3.09955103e-05 0.0
0.000321924657 -4.90218699e-05 0.0
0.000420981232 -5.44675786e-05 0.0
0.000144838341 -3.11307813e-05 0.0
0.000382034486 -3.87450309e-05 0.0
0.000459001429 2.36166807e-06 0.0
0.000191543222 -1.73079497e-05 0.0
0.000607409049 -1.56994247e-05 0.0
0.000253661041 -1.41219971e-05 0.0
0.000171294203 -2.46288164e-05 0.0
0.000334206619 -8.46214607e-05 0.0
0.00018541477 -3.04491223e-05 0.0
0.000388340064 2.29761681e-05 0.0
0.000428255298 -1.02781542e-05 0.0
0.000394363509 1.23488326e-05 0.0
2.6804375e-05 8.97424684e-07 0.0
0.00034293739 -1.96116071e-05 0.0
0.000210587721 -4.40148833e-05 0.0
0.000457721617 2.41642501e-05 0.0
0.00058093766 3.39123147e-07 0.0
0.000326291047 -2.30733422e-05 0.0
0.000308181217 -1.0992062e-05 0.0
0.000259068591 -4.85692472e-05 0.0
0.000271267636 -4.97751098e-05 0.0
0.000531164871 7.90313038e-07 0.0
0.000356517325 -2.49192658e-06 0.0
0.000237513712 -1.73818e-06 0.0
0.000117452597 -2.73559763e-05 0.0
0.000622084888 -4.90689636e-05 0.0
0.000551251229 -2.41872203e-05 0.0
0.000169612453 -2.34293584e-05 0.0
0.00031279336 -5.3500331e-05 0.0
0.000581448607 4.6255841e-06 0.0
0.00047260779 1.77722686e-05 0.0
0.000227062119 -5.22151713e-05 0.0
0.000525470939 1.77645434e-05 0.0
0.000368735462 -2.32446564e-06 0.0
0.000494517677 -3.57159988e-05 0.0
0.000210545913 -6.70306908e-05 0.0
0.000324567285 -6.84097322e-05 0.0
0.000534414256 -3.18769962e-05 0.0
0.00044000562 -3.86732027e-05 0.0
8.74977632e-05 1.10184521e-06 0.0
0.000517466455 -2.57821239e-06 0.0
0.000224735777 -1.90802475e-05 0.0
0.000599863764 -2.15039363e-05 0.0
0.000399373297 -1.89563998e-05 0.0
0.000167523016 -4.04124003e-05 0.0
0.000648833986 -4.06219442e-05 0.0
0.000601206091 -3.09702809e-05 0.0
0.000242798793 -3.33246389e-05 0.0
0.000467145961 -2.98280211e-05 0.0
0.000101449812 3.67478697e-06 0.0
0.000491136394 -3.27231865e-05 0.0
0.000192992171 -2.05642573e-05 0.0
0.000440825039 -3.13378732e-05 0.0
0.000333475647 -3.23179629e-05 0.0
0.000380503887 -5.56841551e-05 0.0
0.00039476814 6.42394252e-06 0.0
0.000510629558 -4.30680993e-05 0.0
0.000246529555 -4.16083458e-05 0.0
0.000285369519 -2.53763155e-05 0.0
0.000630822673 -3.45143671e-05 0.0
0.000290370517 -4.23747952e-05 0.0
0.000137531286 -3.7601134e-05 0.0
0.000636062352 -3.1616768e-05 0.0
0.000303944718 -3.30135481e-05 0.0
0.000426871586 6.85230179e-06 0.0
0.000525317679 -4.03523154e-05 0.0
0.000588032242 1.22821484e-05 0.0
0.0004305646 1.63188815e-05 0.0
0.000311941141 -5.23443487e-05 0.0
0.000235253116 -7.21991091e-05 0.0
0.000206613215 -6.11257492e-05 0.0
0.000171666674 -5.02876719e-05 0.0
0.000459061965 -9.83844657e-05 0.0
0.000196270936 -2.03166546e-05 0.0
0.000474596513 -4.42354576e-05 0.0
0.000633990159 -3.97976473e-05 0.0
0.000591984193 -2.38360772e-05 0.0
0.000169199382 -2.63836901e-05 0.0
0.000129093562 -2.80072964e-05 0.0
0.000310905627 -2.20821712e-05 0.0
0.000377984019 -4.54073088e-05 0.0
0.000588981493 1.63654738e-06 0.0
0.000419671414 -2.26257234e-05 0.0
0.000403312675 -2.80817931e-05 0.0
0.000421595294 -7.01996323e-05 0.0
0.000468722807 -4.21970981e-05 0.0
0.000636084878 -3.85438652e-05 0.0
0.000344952336 -2.16730241e-05 0.0
0.000439627707 -4.73107211e-05 0.0
0.000302683882 -5.37078631e-05 0.0
0.000609705283 -1.92420794e-06 0.0
0.0002178383 -3.24688153e-05 0.0
0.000394942763 -3.12654192e-05 0.0
0.000508054334 -4.36660885e-05 0.0
0.000167275168 -1.6868531e-05 0.0
0.00051999581 -8.77568982e-06 0.0
0.000373836025 -8.50328142e-05 0.0
0.000421870209 2.46962372e-05 0.0
0.000479657378 8.29990768e-06 0.0
0.00051130855 -3.72259165e-05 0.0
0.000180828312 -1.5140211e-05 0.0
0.000385441323 1.47496048e-05 0.0
0.000202329276 -1.22329884e-05 0.0
0.000133675625 -3.69697591e-05 0.0
0.000480152812 2.9434209e-06 0.0
0.00048079429 2.23464067e-05 0.0
0.000290596858 -2.95543905e-05 0.0
0.000566418283 1.89237253e-05 0.0
0.000281420391 -2.47424323e-05 0.0
0.000420978526 8.78823994e-06 0.0
0.000635168457 -9.54762163e-06 0.0
0.000208586018 -1.58084949e-05 0.0
0.000410491892 -1.3078452e-05 0.0
0.000149650223 -2.73313417e-05 0.0
0.000211721504 -3.92808215e-05 0.0
0.000117242686 -1.88952781e-05 0.0
0.000159942661 -2.37662352e-05 0.0
0.000327505259 -8.91370801e-05 0.0
0.000281261076 -5.58057691e-05 0.0
0.000225480326 -5.11788312e-05 0.0
0.000346490648 -4.14678616e-05 0.0
0.000547247822 1.5100637e-05 0.0
0.000367053406 -1.87193891e-05 0.0
0.000651719805 -4.29904721e-05 0.0
0.000152184672 -2.53434173e-05 0.0
0.000555156555 -3.79251505e-05 0.0
0.000609211856 -2.60709239e-05 0.0
0.000220529779 -2.94178826e-05 0.0
7.25006976e-05 2.98679515e-06 0.0
0.000597841456 -2.93739122e-05 0.0
0.000163313787 -4.33327696e-05 0.0
0.000302145461 -6.12457006e-05 0.0
0.000344351516 -1.77061647e-05 0.0
0.000462939177 -4.2823689e-05 0.0
0.00055165129 1.78050122e-05 0.0
0.000407379353 -6.41168881e-05 0.0
0.000122315367 -3.30043513e-05 0.0
0.000184010059 -3.0917523e-05 0.0
0.000189694532 -6.37475023e-05 0.0
0.000418228999 -2.06342429e-05 0.0
2.07111279e-05 1.34185314e-07 0.0
0.000330200448 -8.76066115e-05 0.0
0.00010822581 -4.10301072e-06 0.0
0.00021469366 -7.07142244e-05 0.0
0.000626239693 -3.79623452e-05 0.0
0.00059931475 -4.57049027e-05 0.0
0.000205001445 -6.36011391e-05 0.0
0.000357260928 1.98182788e-05 0.0
0.000328997645 -7.33676716e-05 0.0
0.000517884269 8.89123476e-06 0.0
0.000106503532 -3.89100605e-05 0.0
0.000581628468 -2.96446069e-05 0.0
0.000520700414 -3.83347615e-05 0.0
0.000584283262 -2.92193872e-05 0.0
0.000469175429 -1.45535284e-06 0.0
0.000140824472 -3.75502095e-05 0.0
0.000183523109 -2.70250985e-05 0.0
0.000339062506 -4.90536549e-05 0.0
0.000337119185 -1.54842273e-05 0.0
0.00046755228 2.42319529e-05 0.0
0.000350626884 -2.62152407e-05 0.0
0.000334842014 -5.25016594e-06 0.0
0.000443755387 -5.39428802e-05 0.0
0.000180092698 -5.97174803e-05 0.0
0.000326039095 -1.6900849e-05 0.0
0.000241181217 -5.61108063e-05 0.0
0.000242122143 -3.72600807e-05 0.0
0.000458427734 -8.90576048e-05 0.0
0.0003318128 9.61112255e-06 0.0
0.000309378811 -4.98639129e-05 0.0
0.000391390815 1.230625e-05 0.0
0.000196977082 -5.04022282e-05 0.0
0.000547160511 -1.44819005e-05 0.0
0.000449393614 -4.87783e-05 0.0
0.000262584101 -3.06091169e-05 0.0
0.000295290956 -2.39968158e-05 0.0
0.000374373951 8.06127275e-07 0.0
0.000241158952 -1.61197149e-05 0.0
0.000103318896 -5.62314835e-06 0.0
0.000292769837 -5.67730858e-05 0.0
0.000151216285 -4.01835314e-05 0.0
0.000621290412 -4.90054263e-05 0.0
0.00036688408 2.66149272e-07 0.0
0.000431832246 6.89005401e-06 0.0
1.81260057e-05 9.29840553e-06 0.0
0.000119550554 -2.0232992e-05 0.0
0.000722345372 -5.72868666e-05 0.0
0.000233609375 -6.91119421e-05 0.0
0.00052717753 -4.08608284e-05 0.0
0.00051151053 -3.2735963e-05 0.0
0.000596569036 4.65905629e-07 0.0
0.000410288776 -1.74535562e-05 0.0
0.000306297414 -7.51423286e-05 0.0
0.000312983262 -2.53720264e-05 0.0
0.000470505736 -5.33864732e-05 0.0
0.000244190102 -4.66468518e-05 0.0
4.13116468e-05 -2.48751849e-06 0.0
0.000312442891 -5.03964766e-05 0.0
0.000344091677 -2.01031817e-05 0.0
0.00048673799 1.38500664e-05 0.0
0.000180195959 -5.37069573e-05 0.0
0.000162719356 -2.20165421e-05 0.0
0.000337562786 -1.57265877e-05 0.0
0.000318320555 -6.08214978e-05 0.0
0.000416118099 2.00489139e-05 0.0
0.000480301911 -3.99413511e-05 0.0
9.60573525e-05 -2.52688751e-05 0.0
0.000571895042 -3.27755224e-05 0.0
0.00030571394 -2.82736437e-05 0.0
0.000422658166 1.18016605e-05 0.0
0.000504502386 1.48995432e-05 0.0
0.00032598796 -5.97143517e-05 0.0
0.000275354541 -5.00908063e-05 0.0
0.000498531386 -3.29994837e-05 0.0
0.00049975788 -3.48329631e-05 0.0
0.000102403508 -9.27896326e-06 0.0
0.000214956934 -4.9702161e-05 0.0
0.000564663962 -3.79167104e-05 0.0
0.000121763966 -9.4499901e-06 0.0
0.000390551402 2.61974819e-05 0.0
0.000661174709 -4.13046655e-05 0.0
0.000562705216 -3.02685403e-05 0.0
0.000529709389 3.92599804e-06 0.0
0.000429173466 -6.41913794e-05 0.0
0.000231056081 -3.86835609e-06 0.0
0.000120674173 -2.99678159e-05 0.0
0.000263651396 -4.780163e-05 0.0
0.000223180279 -6.76772906e-05 0.0
0.000463393138 -7.23682606e-05 0.0
0.000599303399 1.36694791e-06 0.0
0.000410937093 -3.9162238e-05 0.0
9.33765186e-05 5.78841593e-07 0.0
0.000546228664 -3.98918201e-05 0.0
0.00032754484 -7.10744862e-05 0.0
0.000420253171 -2.27115925e-05 0.0
0.000355837052 -6.40102371e-05 0.0
0.00040260583 -1.77591155e-05 0.0
0.000264478411 -1.05348781e-05 0.0
0.000124355967 -1.74781562e-05 0.0
0.000251411722 -6.67499116e-05 0.0
0.000608054106 1.45133174e-06 0.0
0.000517498644 -3.7316182e-05 0.0
0.000316666468 -5.12651241e-05 0.0
0.000120641584 -4.0272851e-05 0.0
0.00024884069 -4.67508544e-05 0.0
0.000345894339 -2.2980259e-05 0.0
0.000250839861 -2.9160632e-05 0.0
0.000645876571 -3.55195698e-05 0.0
0.000651673763 -3.79405901e-05 0.0
0.000231938684 1.71223382e-06 0.0
0.000537505839 1.48907066e-05 0.0
1.9912939e-05 1.31118104e-05 0.0
0.000443887722 -2.5188956e-05 0.0
7.97994144e-05 -5.07892537e-06 0.0
0.000533452374 -2.64561077e-05 0.0
0.000487492885 -3.30056901e-05 0.0
0.000389267196 -8.5754109e-05 0.0
0.000576826744 -1.920049e-05 0.0
0.000589586387 1.01800388e-05 0.0
0.000494249281 -7.25066639e-05 0.0
0.000631194387 -3.8845892e-06 0.0
0.000324829191 -6.70226655e-05 0.0
0.000535865256 -2.1068061e-05 0.0
0.000177696886 -2.18968707e-05 0.0
0.000314144389 -2.17618035e-05 0.0
0.000276034145 -2.81954981e-05 0.0
0.000540968496 -3.940448e-05 0.0
0.000603184511 -2.04835687e-05 0.0
0.000675028539 -3.55410011e-05 0.0
0.000296358485 -3.76630269e-05 0.0
0.0004053312 -2.84541293e-05 0.0
0.00021766359 -2.69614939e-05 0.0
0.000141530792 -3.00544962e-05 0.0
0.000400194665 -2.58112232e-05 0.0
0.000341959385 -7.60626208e-05 0.0
0.000184006902 -1.89196599e-05 0.0
0.000327209244 -1.65727815e-05 0.0
0.000191109793 -3.16122496e-05 0.0
0.000552538608 4.0734285e-06 0.0
0.00015525223 -2.77156341e-05 0.0
0.000633314368 -1.78316295e-05 0.0
0.00034007401 -3.64854313e-05 0.0
0.000181410127 -3.58434409e-05 0.0
0.00046071611 -3.54553231e-05 0.0
0.000603695749 6.63446997e-07 0.0
0.00011179813 -1.42204453e-05 0.0
0.000429875858 -0.000104904691 0.0
0.000269917567 -5.66742128e-05 0.0
0.000358531659 -4.32676279e-05 0.0
0.000430617627 -5.79878215e-05 0.0
0.000514944491 2.12349751e-05 0.0
0.000148688341 -3.07988012e-05 0.0
0.000189097977 -2.27588716e-05 0.0
0.000115419978 4.02411985e-07 0.0
0.000189088401 -4.7630343e-05 0.0
0.000155348302 -2.28275112e-05 0.0
0.000472932705 -3.95297102e-05 0.0
0.000139760959 -2.82932797e-05 0.0
0.000353461975 -9.13674521e-05 0.0
0.000509140722 2.22410636e-05 0.0
0.000287262548 -5.39115972e-05 0.0
0.000522317248 -5.25580181e-05 0.0
0.00058055151 -2.54363404e-05 0.0
9.41950493e-05 -3.61273342e-05 0.0
0.00038500331 -7.47876329e-05 0.0
0.000257891952 -1.90556439e-05 0.0
0.000392789138 -6.08479349e-05 0.0
0.000175109031 -1.62855285e-05 0.0
0.000279857079 -2.05796423e-05 0.0
0.0003783633 7.53164704e-06 0.0
0.000514542742 2.07845587e-05 0.0
0.000459224219 1.51227056e-07 0.0
0.000323311222 -7.87973477e-05 0.0
0.000110503534 -2.05518991e-05 0.0
0.000555425708 -3.81181344e-05 0.0
0.000409120345 -5.15045504e-05 0.0
0.000469568942 -2.87692237e-05 0.0
0.00019557112 -1.60631625e-05 0.0
0.000612315722 -2.0954607e-05 0.0
0.000564291549 -3.80470447e-05 0.0
0.000653499854 -3.82685139e-05 0.0
0.000212893472 -3.29591203e-05 0.0
0.000447631057 2.01128955e-07 0.0
0.000111566522 3.34491938e-06 0.0
0.000410622568 2.38381817e-05 0.0
0.000218027504 -3.50799055e-05 0.0
0.000501760805 1.441069e-06 0.0
0.000435958267 -4.30419932e-05 0.0
0.000209543156 -7.39674533e-06 0.0
0.000235686573 -5.08310677e-06 0.0
0.000556651154 -2.31596277e-06 0.0
0.000295908569 -6.75978008e-05 0.0
0.000261465611 -2.13440053e-05 0.0
0.00042374889 9.34591753e-06 0.0
0.000234389678 -5.15440443e-05 0.0
0.000399197161 -2.05879514e-05 0.0
0.000241302274 -4.10925895e-05 0.0
0.000255461782 -3.60495542e-05 0.0
0.000157959803 -3.01741275e-05 0.0
0.000433909707 -5.41689296e-05 0.0
0.00015582917 -2.47254502e-05 0.0
0.000203776712 -1.27305821e-05 0.0
0.00016871719 -1.79473664e-05 0.0
0.000631834264 -4.61837772e-05 0.0
0.000610018848 -4.21766272e-05 0.0
8.67711133e-05 3.8116562e-07 0.0
0.000452420471 1.44947471e-05 0.0
0.000187065976 -2.0561467e-05 0.0
0.000630167662 -3.88109911e-05 0.0
0.000609114359 -2.10582839e-05 0.0
0.000137358395 -2.77020081e-05 0.0
0.000316360354 -5.10266036e-05 0.0
0.00021578274 -3.94588569e-05 0.0
0.000599765975 -2.6923075e-05 0.0
3.55358316e-05 -1.32956745e-06 0.0
0.00058392121 -2.51086249e-06 0.0
0.000239732602 -2.5980471e-05 0.0
0.000370503491 -3.58352518e-05 0.0
0.000647053414 -4.24865793e-05 0.0
0.000323489599 -2.60779689e-05 0.0
0.00044826357 6.58934096e-06 0.0
0.000578118372 2.30517026e-06 0.0
0.000297439517 -5.34165301e-05 0.0
3.59408368e-05 -6.83121755e-07 0.0
0.000437859242 2.30052792e-05 0.0
0.000529656478 -4.04151579e-05 0.0
0.000326340174 -4.87234247e-05 0.0
0.000487361976 2.30845653e-05 0.0
0.000314373028 -1.88677932e-05 0.0
0.000391435344 9.55604173e-06 0.0
0.000264772534 -4.78135626e-05 0.0
0.000507734541 2.24470332e-05 0.0
0.000373830961 -9.72295879e-07 0.0
0.000288531184 -5.41422633e-05 0.0
0.000550774217 -3.75292766e-05 0.0
0.000526391668 -3.92105976e-05 0.0
0.000429970649 -2.87079729e-05 0.0
0.000260635628 -5.13182968e-05 0.0
1.41386281e-05 5.93543973e-06 0.0
0.000297902618 -3.67039866e-05 0.0
0.000347030873 -1.52271869e-05 0.0
0.000142376608 -3.02976005e-05 0.0
0.000143371784 -2.59978169e-05 0.0
0.000204592696 -2.56380026e-05 0.0
0.000489079743 -4.45270052e-05 0.0
0.000503738935 -3.47407695e-05 0.0
0.000136141884 -4.23939819e-05 0.0
0.000174221001 -1.63701789e-05 0.0
0.000284300331 -4.54199107e-05 0.0
0.00030848707 -3.28616215e-06 0.0
0.000367260305 -6.8530818e-07 0.0
0.000173727618 -5.81880959e-05 0.0
0.000618533581 -3.69413247e-05 0.0
0.000454633438 -1.16123183e-05 0.0
0.000315040903 -4.00637582e-05 0.0
0.00049909472 1.88453105e-05 0.0
0.000189479921 -3.09385614e-05 0.0
0.000254301849 -5.61484048e-05 0.0
9.6625583e-05 -1.99928727e-05 0.0
0.000371321337 2.57890806e-05 0.0
0.000486301753 2.37906352e-05 0.0
0.000498867128 -1.59591782e-05 0.0
0.00012356005 -6.60181877e-06 0.0
0.000582041685 -2.78415719e-05 0.0
0.000154797148 -4.65007361e-05 0.0
0.000287198985 -4.40570111e-05 0.0
0.000427864987 -3.23992863e-05 0.0
0.000539604982 -7.90910508e-06 0.0
0.000202908879 -2.19104331e-05 0.0
0.000500244147 1.05961672e-05 0.0
0.00050849485 -3.30695475e-05 0.0
0.000239500136 -5.28774435e-05 0.0
0.000390263915 5.90311583e-06 0.0
0.000313480006 -2.76444807e-05 0.0
0.000164893267 -2.20455895e-05 0.0
0.000550797093 9.17477246e-06 0.0
0.000126773084 -9.89841647e-06 0.0
0.000585393165 -2.12154318e-05 0.0
0.000267237425 -6.18172198e-05 0.0
0.000216005006 -7.01251265e-05 0.0
0.000493558706 6.69015844e-06 0.0
0.000488506048 6.63286482e-06 0.0
0.00037154567 1.70327075e-05 0.0
0.00018085842 -5.09966194e-05 0.0
0.000245237083 -4.81395255e-05 0.0
0.000207628706 -4.11185574e-05 0.0
0.000123910315 -4.22610537e-05 0.0
0.000126181287 -3.25280562e-05 0.0
0.000548404932 1.75697078e-05 0.0
0.000604836037 -3.23921158e-05 0.0
0.000103929407 -7.68906921e-06 0.0
0.000342495361 -1.75510468e-05 0.0
0.000136917413 -2.4118759e-05 0.0
0.000720107812 -5.04697964e-05 0.0
0.000415643619 -2.51476013e-05 0.0
0.000372304232 -2.88330739e-05 0.0
0.000451919186 2.37356944e-05 0.0
0.000573896396 1.42964027e-05 0.0
0.000118929645 -5.65239316e-06 0.0
0.000494348409 9.55044197e-06 0.0
0.00051733281 -3.60829254e-05 0.0
0.000449493848 2.00766208e-05 0.0
0.000497204775 -2.80090226e-05 0.0
0.000395221257 6.48686546e-06 0.0
0.000108105764 -4.10989014e-06 0.0
0.000566658156 -3.05344147e-05 0.0
0.000565509836 8.78485116e-06 0.0
0.000229728263 -5.05751086e-05 0.0
0.000558104133 -3.57940844e-05 0.0
0.0002892919 -4.1451327e-05 0.0
0.000192664913 -6.79312216e-05 0.0
0.000387982669 -1.6202579e-05 0.0
0.000164745332 -2.75594211e-05 0.0
0.000359919009 -8.12385042e-05 0.0
0.000294357946 -5.92151155e-05 0.0
0.000406221574 1.40507673e-05 0.0
0.000192396474 -3.55934208e-05 0.0
0.000264020287 -6.31347939e-06 0.0
0.000527980446 2.20412894e-05 0.0
0.000580810884 -4.01149846e-05 0.0
0.000632207957 -3.43201864e-05 0.0
0.000594701618 -2.87710809e-05 0.0
0.000545572722 -1.62434153e-05 0.0
0.000198066744 -4.81574098e-05 0.0
0.000156957409 -3.23010063e-05 0.0
0.000593894802 -4.77268622e-05 0.0
0.000664253137 -3.96742726e-05 0.0
0.000516296423 -1.70609692e-05 0.0
0.000210316619 -4.24497666e-05 0.0
0.000643644715 -4.1645224e-05 0.0
0.0007468494 -6.05246241e-05 0.0
0.000325550354 -1.81737669e-05 0.0
0.00029850335 -8.10886777e-05 0.0
0.000355748925 -7.12841438e-06 0.0
0.000576956081 -3.04872046e-05 0.0
5.18006709e-05 -4.00227282e-06 0.0
0.000180523901 -1.58153834e-05 0.0
0.000624177512 -3.27607886e-05 0.0
0.000326051115 -6.07213806e-05 0.0
0.000544450188 1.19095857e-05 0.0
0.000175339301 -1.90495102e-05 0.0
0.000275384664 -5.99507803e-05 0.0
0.000599391875 -1.01579735e-05 0.0
7.34663117e-05 2.78589732e-06 0.0
0.000281378889 -5.86463357e-05 0.0
0.000499399554 2.31139056e-05 0.0
0.000240369831 -6.12425574e-05 0.0
0.000262711139 -6.38639249e-05 0.0
0.00038768255 -4.9997132e-05 0.0
0.000417448813 -1.19404758e-05 0.0
0.000544648909 -3.74372721e-05 0.0
0.000331474293 6.97617907e-07 0.0
1.11883319e-05 6.63929356e-08 0.0
0.000484256219 -4.25981452e-05 0.0
0.000625839748 -2.14331812e-05 0.0
0.000563799811 1.21653593e-05 0.0
0.000305581081 -7.88433899e-05 0.0
0.000102175116 -1.2855968e-06 0.0
0.000361764425 5.43575152e-06 0.0
0.000223721887 -3.40798579e-05 0.0
0.000503276358 -1.00136049e-05 0.0
0.00031470129 -1.46552993e-05 0.0
0.000501040544 -3.79081102e-05 0.0
0.000265567622 -4.86747667e-05 0.0
0.000264598668 -6.44060201e-05 0.0
0.000388834451 -2.35151074e-05 0.0
0.000316032558 -7.14696289e-05 0.0
0.000301082939 -4.77396461e-05 0.0
0.00020953959 -2.10503185e-05 0.0
0.000312114251 -2.53575872e-05 0.0
0.000238798093 -7.13633417e-05 0.0
0.000336590427 -1.0352579e-05 0.0
0.000212791827 -4.72234133e-05 0.0
0.000322564709 -5.47836862e-05 0.0
0.000279505708 -4.7667032e-05 0.0
3.57591234e-05 -1.07178982e-06 0.0
0.000160828815 -2.42152582e-05 0.0
