-0.000169786159 0.000226491306 0.0
-0.000167368577 0.000226781602 0.0
-0.00016897828 0.000229834186 0.0
-0.00016810096 0.000225236668 0.0
-9.35786156e-05 0.000241457514 0.0
-8.29287237e-05 0.000234011342 0.0
-6.93097682e-05 0.000228547433 0.0
-8.52118319e-05 0.000248119904 0.0
-0.000191686166 0.000228547433 0.0
-0.000205305128 0.000234011342 0.0
-0.00021595502 0.000241457514 0.0
-0.000139837168 0.000360294012 0.0
-0.000138563963 0.000354198419 0.0
-0.000137533047 0.000344827393 0.0
-0.000123412625 0.000342915941 0.0
3.65455776e-06 -8.85340796e-06 0.0
2.62364097e-06 5.17630269e-07 0.0
1.35043945e-06 6.61321064e-06 0.0
-0.000164786965 0.000345026725 0.0
-0.000164424389 0.000342793472 0.0
-0.000163197721 0.000339286547 0.0
-0.000153779547 0.000334233482 0.0
-2.20101174e-05 -1.43942598e-05 0.0
-2.32367966e-05 -1.0887341e-05 0.0
-2.35993684e-05 -8.654064e-06 0.0
-0.000128766362 4.46240665e-05 0.0
-0.000123705206 4.50397711e-05 0.0
-0.000126149956 4.76222376e-05 0.0
-0.000126118583 4.17016818e-05 0.0
-0.000202322699 0.000293097139 0.0
-0.000210941493 0.000299372245 0.0
-0.000219994356 0.000304499146 0.0
-0.000204756347 0.000282006891 0.0
-9.76179508e-05 0.000304499146 0.0
-8.85651025e-05 0.000299372245 0.0
-7.99463014e-05 0.000293097139 0.0
-0.000122135461 0.000299418753 0.0
-0.000117455136 0.000274887832 0.0
-0.000122906727 0.000284236332 0.0
-0.000117380536 0.000290130614 0.0
-0.000190187522 0.000292300683 0.0
-0.000183375858 0.000297879364 0.0
-0.000185980971 0.000296527171 0.0
-0.000186651319 0.000289879157 0.0
-8.48315831e-05 0.000131364999 0.0
-7.71274354e-05 0.000107297536 0.0
-8.8704066e-05 0.000127510721 0.0
-7.36463335e-05 0.000115511932 0.0
-2.55196665e-05 5.59539367e-05 0.0
-1.81808791e-05 5.28073178e-05 0.0
-1.31759289e-05 5.00081842e-05 0.0
-2.82847996e-05 6.57509227e-05 0.0
-2.47101671e-05 6.0871178e-05 0.0
-1.83149932e-05 5.59358668e-05 0.0
-0.000135552327 5.00081842e-05 0.0
-0.000140557284 5.28073178e-05 0.0
-0.000147896062 5.59539367e-05 0.0
-7.41522745e-05 0.000175102381 0.0
-6.72855313e-05 0.00015722937 0.0
-7.49275132e-05 0.000166892336 0.0
-6.57655473e-05 0.000162021053 0.0
-4.94446904e-05 9.42447077e-05 0.0
-3.90652713e-05 6.11507421e-05 0.0
-5.50240875e-05 8.20070127e-05 0.0
-3.55172051e-05 7.14174748e-05 0.0
-0.000108620239 0.000153764151 0.0
-0.000105773914 0.000161584045 0.0
-0.000106515603 0.000156983631 0.0
-0.000108338128 0.00015130578 0.0
-0.000173718377 0.000211223101 0.0
-0.000170996223 0.000179537703 0.0
-0.000174343324 0.000203155971 0.0
-0.000171388048 0.00018617473 0.0
-9.87465246e-05 0.000186261255 0.0
-9.30438255e-05 0.000197781046 0.0
-9.51097099e-05 0.000201353731 0.0
-9.82502897e-05 0.000192004722 0.0
-0.00010836577 0.00013274487 0.0
-0.000103196406 0.000120280289 0.0
-0.000108878936 0.000125756924 0.0
-0.000102071419 0.00012319356 0.0
-0.0001411876 0.000353680807 0.0
0.0 0.0 0.0
-0.000122376397 0.0 0.0
-0.000263563998 0.000353680807 0.0
-0.000170342508 0.000228797129 0.0
-0.0001708567 0.000230350968 0.0
-0.000171403255 0.000231608821 0.0
-0.00017184412 0.000232459308 0.0
-0.000172050306 0.000233542596 0.0
-0.000172061016 0.000234652209 0.0
-0.00017177737 0.000234746316 0.0
-0.00017109522 0.000233491752 0.0
-0.000170092957 0.00023166617 0.0
-0.000169222272 0.000229812009 0.0
-0.000168262282 0.000228237084 0.0
-0.000166581551 0.000225403026 0.0
-0.000165849444 0.000224457472 0.0
-0.000165413003 0.00022385898 0.0
-0.000165408681 0.000223618714 0.0
-0.000165935955 0.000223395342 0.0
-0.000166916259 0.000222939634 0.0
-0.000167725419 0.000221974478 0.0
-0.000168288578 0.000220533577 0.0
-0.000168445666 0.000220309696 0.0
-0.000169275969 0.000221559778 0.0
-0.000169561172 0.000224044808 0.0
-0.000168421509 0.000228027071 0.0
-9.15672645e-05 0.000239455112 0.0
-8.81536253e-05 0.000237010274 0.0
-7.71416599e-05 0.000231383252 0.0
-7.25417631e-05 0.000229605357 0.0
-6.90751767e-05 0.000230154328 0.0
-6.95986455e-05 0.000231649567 0.0
-7.06913779e-05 0.00023374673 0.0
-7.25495847e-05 0.000236803215 0.0
-7.49445317e-05 0.000240512381 0.0
-7.79317124e-05 0.000243748364 0.0
-8.13966253e-05 0.000246448733 0.0
-8.8885492e-05 0.000248958735 0.0
-9.16346326e-05 0.000248891272 0.0
-9.33950287e-05 0.000248415105 0.0
-9.42660845e-05 0.000247337797 0.0
-9.47287772e-05 0.000245842792 0.0
-9.47472363e-05 0.000244106734 0.0
-9.4438612e-05 0.000242689042 0.0
-0.000194918161 0.000229605357 0.0
-0.000199518065 0.000231383252 0.0
-0.000210530023 0.000237010274 0.0
-0.000213943669 0.000239455112 0.0
-0.000214640226 0.000239070199 0.0
-0.000212383311 0.000235596162 0.0
-0.000209425401 0.000231419035 0.0
-0.000206068551 0.000228232821 0.0
-0.000202327239 0.00022573008 0.0
-0.000198640555 0.000224349176 0.0
-0.000194930137 0.000224258067 0.0
-0.000192827429 0.000226115983 0.0
-0.000139526193 0.000358716701 0.0
-0.000139148804 0.000356671138 0.0
-0.000137956464 0.00035122878 0.0
-0.000137600087 0.000347903988 0.0
-0.000133997295 0.000342513988 0.0
-0.000130159999 0.000341030885 0.0
-0.000126721789 0.00034033283 0.0
-0.000124493483 0.000340228522 0.0
-0.000123499311 0.00034061831 0.0
-0.000123164224 0.000341359526 0.0
-0.000123222577 0.000342213403 0.0
-0.000123624384 0.000343387539 0.0
-0.000124561004 0.00034486386 0.0
-0.000126780171 0.000347719208 0.0
-0.000129922832 0.000351155701 0.0
-0.000133367532 0.000354486314 0.0
-0.000136170493 0.000357046403 0.0
-0.000138237447 0.000358829653 0.0
3.58751572e-06 -5.77680521e-06 0.0
3.2311375e-06 -2.45201818e-06 0.0
2.03878972e-06 2.99032763e-06 0.0
1.66140683e-06 5.03590582e-06 0.0
-1.78002168e-07 7.37370374e-06 0.0
-1.71723991e-06 7.51444304e-06 0.0
-3.08010976e-06 6.96842153e-06 0.0
-4.18613217e-06 6.11332734e-06 0.0
-4.75296383e-06 5.5290393e-06 0.0
-4.76186779e-06 4.64598679e-06 0.0
-3.73699049e-06 1.89428522e-06 0.0
-1.90596177e-06 -1.99855685e-06 0.0
5.94875019e-07 -5.82546227e-06 0.0
-0.000164714496 0.000344310101 0.0
-0.000163860546 0.000340851169 0.0
-0.000161377029 0.000337090227 0.0
-0.000159559015 0.000334974873 0.0
-0.000158169205 0.000333036907 0.0
-0.000157389528 0.000330986513 0.0
-0.000155999616 0.000329686503 0.0
-0.000154662732 0.000329323491 0.0
-0.000153702887 0.000330239884 0.0
-0.000153304267 0.000332220923 0.0
-0.000154953639 0.000335865829 0.0
-0.000156604103 0.000337228121 0.0
-0.000158570401 0.000338425831 0.0
-0.000160653479 0.00033950177 0.0
-0.000162264652 0.000340426166 0.0
-0.000163161036 0.000341428007 0.0
-0.000163538803 0.000342830288 0.0
-0.000164094119 0.000343995926 0.0
-2.26729535e-05 -1.28296415e-05 0.0
-2.35268944e-05 -9.37070399e-06 0.0
-2.43372415e-05 -8.24748713e-06 0.0
-2.48669239e-05 -8.42475129e-06 0.0
-2.5044943e-05 -9.19798276e-06 0.0
-2.47225198e-05 -1.04649807e-05 0.0
-2.37259756e-05 -1.22166948e-05 0.0
-0.000130325949 4.52446075e-05 0.0
-0.000130510976 4.55288573e-05 0.0
-0.000129540989 4.66179154e-05 0.0
-0.00012828887 4.80214767e-05 0.0
-0.000127305568 4.98082336e-05 0.0
-0.000126928382 5.17605513e-05 0.0
-0.000126215498 5.40964538e-05 0.0
-0.000126042287 5.44615395e-05 0.0
-0.000125646882 5.32238264e-05 0.0
-0.000125088234 5.05712051e-05 0.0
-0.000124527389 4.77715257e-05 0.0
-0.000123047896 4.28342355e-05 0.0
-0.000122245125 4.07785956e-05 0.0
-0.00012149151 3.9193932e-05 0.0
-0.000120999721 3.78836958e-05 0.0
-0.000120947137 3.6658621e-05 0.0
-0.000121146084 3.5784502e-05 0.0
-0.00012156814 3.61561142e-05 0.0
-0.000122611193 3.77301367e-05 0.0
-0.000123568534 3.9850609e-05 0.0
-0.000124929575 4.18748459e-05 0.0
-0.000126635467 4.34649155e-05 0.0
-0.000126465311 4.41043048e-05 0.0
-0.00020566248 0.000296010199 0.0
-0.000216431697 0.000302437606 0.0
-0.000221540671 0.000304221991 0.0
-0.00022252895 0.000303624984 0.0
-0.000223091061 0.00030260213 0.0
-0.000222542338 0.000300690561 0.0
-0.000220728369 0.00029744723 0.0
-0.000218273417 0.000293479185 0.0
-0.000214974803 0.000289329939 0.0
-0.000211063758 0.000285900664 0.0
-0.000207280769 0.000283473841 0.0
-0.000203144358 0.000280983746 0.0
-0.000201566101 0.000280680513 0.0
-0.000199759204 0.000280954351 0.0
-0.000198307403 0.000282041816 0.0
-0.00019760459 0.000283516187 0.0
-0.000197588553 0.000285029178 0.0
-0.000197863934 0.0002863993 0.0
-0.00019872516 0.000287218834 0.0
-0.000200021066 0.000289520045 0.0
-9.40553e-05 0.000302437606 0.0
-8.32860751e-05 0.000296010199 0.0
-8.25228635e-05 0.000296768616 0.0
-8.57043415e-05 0.000299818115 0.0
-8.91697709e-05 0.000302038534 0.0
-9.26691864e-05 0.000303616282 0.0
-9.55961295e-05 0.000304260873 0.0
-0.000125793144 0.000301070686 0.0
-0.000129245527 0.000301983993 0.0
-0.000132289788 0.000301771157 0.0
-0.000134303249 0.000300388958 0.0
-0.000135668262 0.00029796359 0.0
-0.00013611844 0.0002952012 0.0
-0.000135636816 0.000293464807 0.0
-0.000134974951 0.000291652133 0.0
-0.000133095702 0.000288673298 0.0
-0.000129980195 0.000284728274 0.0
-0.000126274448 0.000280666281 0.0
-0.00012196177 0.000277050654 0.0
-0.000113210182 0.000273622107 0.0
-0.000109816225 0.00027341544 0.0
-0.000107551219 0.000273656216 0.0
-0.000106007887 0.000274406571 0.0
-0.000104945007 0.000275491475 0.0
-0.000104379738 0.000276619743 0.0
-0.000104593295 0.000278503314 0.0
-0.000106018684 0.000281716581 0.0
-0.000108300665 0.00028597613 0.0
-0.000111202586 0.00029036557 0.0
-0.000114677459 0.000294110825 0.0
-0.000118330987 0.000297119986 0.0
-0.000120053875 0.000287003 0.0
-0.000189194077 0.000293782854 0.0
-0.000188067846 0.000295335514 0.0
-0.000187470636 0.000296738173 0.0
-0.000187167985 0.000297784223 0.0
-0.000186665435 0.000298641389 0.0
-0.000186073914 0.000299258449 0.0
-0.000185282755 0.000299567619 0.0
-0.000184365956 0.000299586187 0.0
-0.000183483746 0.000299329869 0.0
-0.000183040145 0.00029882064 0.0
-0.00018433739 0.000296206243 0.0
-0.000185170138 0.000294295896 0.0
-0.000185761426 0.000292129873 0.0
-0.000185984143 0.000289733929 0.0
-0.000186280507 0.000287461589 0.0
-0.000186400852 0.000285991089 0.0
-0.000186923819 0.000286207913 0.0
-0.000187956393 0.00028763141 0.0
-0.000189020051 0.000289453164 0.0
-0.000190065417 0.000290878554 0.0
-0.000186378238 0.000293428544 0.0
-8.85468107e-05 0.000131714609 0.0
-9.13303375e-05 0.000132076559 0.0
-9.32247931e-05 0.000132034605 0.0
-9.47246881e-05 0.000131901586 0.0
-9.58662422e-05 0.000131571142 0.0
-9.66813968e-05 0.000129645603 0.0
-9.61805927e-05 0.000125126273 0.0
-9.45386419e-05 0.000119953562 0.0
-9.16818899e-05 0.000115529241 0.0
-8.77722923e-05 0.000111862486 0.0
-8.27494296e-05 0.000108955363 0.0
-7.23155608e-05 0.000107067252 0.0
-6.94025584e-05 0.00010753097 0.0
-6.79752338e-05 0.000108585176 0.0
-6.7211593e-05 0.000110132016 0.0
-6.69101064e-05 0.000112382571 0.0
-6.71885064e-05 0.000115273593 0.0
-6.83313556e-05 0.000118472009 0.0
-7.0234033e-05 0.000121844074 0.0
-7.29966487e-05 0.000125125283 0.0
-7.64540891e-05 0.000127949534 0.0
-8.04238734e-05 0.000130060347 0.0
-8.11913997e-05 0.00012167597 0.0
-2.23704919e-05 5.45676885e-05 0.0
-1.46741486e-05 5.10981081e-05 0.0
-1.25929992e-05 4.98239424e-05 0.0
-1.20816985e-05 4.96804423e-05 0.0
-1.16493029e-05 4.98033914e-05 0.0
-1.14052609e-05 5.00990573e-05 0.0
-1.19363267e-05 5.13993837e-05 0.0
-1.36095741e-05 5.44100767e-05 0.0
-1.62904016e-05 5.82822031e-05 0.0
-1.99894093e-05 6.21212021e-05 0.0
-2.43865579e-05 6.45639957e-05 0.0
-3.00031734e-05 6.67270506e-05 0.0
-3.01977543e-05 6.79827208e-05 0.0
-3.04210935e-05 6.92661415e-05 0.0
-3.0983716e-05 7.00190139e-05 0.0
-3.1192405e-05 6.98645381e-05 0.0
-3.11401091e-05 6.83442486e-05 0.0
-3.05266876e-05 6.55514523e-05 0.0
-2.94224828e-05 6.21136423e-05 0.0
-2.76927549e-05 5.88694638e-05 0.0
-0.000137050549 5.10981081e-05 0.0
-0.000144746897 5.45676885e-05 0.0
-0.000145027938 5.32896338e-05 0.0
-0.000141648823 5.15343054e-05 0.0
-0.000138409145 5.0406612e-05 0.0
-0.000136344126 5.02788789e-05 0.0
-7.78111062e-05 0.000176225134 0.0
-7.97812027e-05 0.000176051588 0.0
-8.04537194e-05 0.000175266672 0.0
-8.06343814e-05 0.000174453555 0.0
-8.0816797e-05 0.000173588924 0.0
-8.05761592e-05 0.00017242707 0.0
-7.96902605e-05 0.000170820844 0.0
-7.78670874e-05 0.00016808584 0.0
-7.51599073e-05 0.000164731697 0.0
-7.22904806e-05 0.000161837655 0.0
-6.96179122e-05 0.00015932745 0.0
-6.51040027e-05 0.000155584596 0.0
-6.30273571e-05 0.000154144145 0.0
-6.12604781e-05 0.000153269837 0.0
-6.01272623e-05 0.000153073357 0.0
-5.94590892e-05 0.000153706773 0.0
-5.94598132e-05 0.000155784553 0.0
-5.99929335e-05 0.000159170799 0.0
-6.10575007e-05 0.000162951721 0.0
-6.30996728e-05 0.000166590136 0.0
-6.60243095e-05 0.000169943145 0.0
-6.98028962e-05 0.000172871427 0.0
-7.06837818e-05 0.00016422612 0.0
-5.53252321e-05 9.47400913e-05 0.0
-5.90152995e-05 9.39688689e-05 0.0
-6.1317267e-05 9.2575443e-05 0.0
-6.30807044e-05 9.03869513e-05 0.0
-6.40376675e-05 8.74020261e-05 0.0
-6.40327344e-05 8.3578816e-05 0.0
-6.30308859e-05 7.9071724e-05 0.0
-6.06434551e-05 7.44293211e-05 0.0
-5.68565629e-05 6.98755539e-05 0.0
-5.13414234e-05 6.57905912e-05 0.0
-4.48449755e-05 6.27085683e-05 0.0
-3.56805431e-05 6.07133588e-05 0.0
-3.34682409e-05 6.05094174e-05 0.0
-3.11711447e-05 6.11794021e-05 0.0
-2.88793981e-05 6.33269447e-05 0.0
-2.71953613e-05 6.66119377e-05 0.0
-2.64424543e-05 7.06141072e-05 0.0
-2.70383862e-05 7.48776292e-05 0.0
-2.90450462e-05 7.94425141e-05 0.0
-3.24708708e-05 8.4074687e-05 0.0
-3.70836133e-05 8.85156114e-05 0.0
-4.28641615e-05 9.20851307e-05 0.0
-4.4904893e-05 7.66314697e-05 0.0
-0.000108897366 0.000155242684 0.0
-0.000109087356 0.00015645659 0.0
-0.000109114721 0.000157433082 0.0
-0.000108786408 0.000158046212 0.0
-0.000108099761 0.000158575494 0.0
-0.00010719429 0.000159215459 0.0
-0.00010605179 0.000159840158 0.0
-0.000104950661 0.000160588359 0.0
-0.000104416918 0.000161319113 0.0
-0.000104505336 0.000162317374 0.0
-0.000107238462 0.000159109404 0.0
-0.000108322463 0.000155974587 0.0
-0.000108619315 0.000152786946 0.0
-0.000108406566 0.000149606523 0.0
-0.000108001601 0.000147269791 0.0
-0.000107350774 0.000147812272 0.0
-0.000107454318 0.000149876432 0.0
-0.000107945569 0.000151075685 0.0
-0.000108216918 0.000151606771 0.0
-0.000108401175 0.000152477151 0.0
-0.000107573695 0.000153907022 0.0
-0.000178450733 0.000212509156 0.0
-0.000183283599 0.000212542145 0.0
-0.000186875564 0.000210794591 0.0
-0.000188718142 0.000207101766 0.0
-0.000189350219 0.000202970405 0.0
-0.000188351696 0.000199465503 0.0
-0.000186703342 0.000195970599 0.0
-0.000184629491 0.000193717759 0.0
-0.000182984455 0.000191154322 0.0
-0.000179819952 0.000187412588 0.0
-0.000175733003 0.000183281023 0.0
-0.000165939302 0.000176777103 0.0
-0.000160740223 0.000175480847 0.0
-0.000156851325 0.000175556823 0.0
-0.000154292837 0.000177575814 0.0
-0.000152282693 0.000181878582 0.0
-0.000152325985 0.000187957732 0.0
-0.00015421542 0.000193749831 0.0
-0.000157505507 0.000198732014 0.0
-0.000161686388 0.000202883282 0.0
-0.000165917401 0.000206254612 0.0
-0.00016992625 0.000209059348 0.0
-0.000173111213 0.000194355351 0.0
-9.70266628e-05 0.000188784063 0.0
-9.57034645e-05 0.000191786065 0.0
-9.4936775e-05 0.00019498539 0.0
-9.45709835e-05 0.00019847622 0.0
-9.44801141e-05 0.000201882372 0.0
-9.4438532e-05 0.000204743686 0.0
-9.44708954e-05 0.000206248907 0.0
-9.46142391e-05 0.000205599878 0.0
-9.46000073e-05 0.000203746531 0.0
-9.44864805e-05 0.000201653762 0.0
-9.40810278e-05 0.000199692236 0.0
-9.22745967e-05 0.00019646743 0.0
-9.27338988e-05 0.00019560683 0.0
-9.46031287e-05 0.000194271706 0.0
-9.63027196e-05 0.000192430947 0.0
-9.77458621e-05 0.000190825915 0.0
-9.89472464e-05 0.000189489496 0.0
-9.96753515e-05 0.000188524878 0.0
-0.000100270234 0.000187767015 0.0
-0.000100837606 0.000186963123 0.0
-0.000100785343 0.000186250385 0.0
-0.000100320787 0.000185403813 0.0
-9.62411286e-05 0.000196706154 0.0
-0.000110754183 0.000135643772 0.0
-0.000113252194 0.000137920375 0.0
-0.000115509938 0.000139011274 0.0
-0.000117154028 0.000139243493 0.0
-0.000118813907 0.000137579264 0.0
-0.000119142962 0.000133905633 0.0
-0.000118277268 0.00013036601 0.0
-0.000116379313 0.00012723988 0.0
-0.000114087416 0.000124816404 0.0
-0.000111706169 0.000123002363 0.0
-0.000109136745 0.000121681049 0.0
-0.000106350948 0.000120824981 0.0
-0.000100437508 0.00012021984 0.0
-9.91488923e-05 0.000119944831 0.0
-9.86548766e-05 0.000119511315 0.0
-9.87887543e-05 0.000119057571 0.0
-9.90263579e-05 0.000118669384 0.0
-9.91364141e-05 0.00011833071 0.0
-9.94423172e-05 0.000117766001 0.0
-9.97910392e-05 0.000117517047 0.0
-0.000100468926 0.000119254408 0.0
-0.000102021317 0.000122376965 0.0
-0.000103841659 0.000126261191 0.0
-0.000106015272 0.000129741034 0.0
-0.000104892199 0.0001254581 0.0
-0.000131888126 0.000340929284 0.0
-0.000116476964 0.000324830733 0.0
-5.22735863e-05 0.000214601081 0.0
-5.07813602e-05 0.000204173339 0.0
-5.78095205e-05 0.000187315207 0.0
-6.29980495e-05 0.000171622538 0.0
-6.38117854e-05 0.000161237374 0.0
-5.91669304e-05 0.000149532949 0.0
-4.38861025e-05 0.000133761743 0.0
-2.6074671e-05 0.000114274138 0.0
-1.66453628e-05 9.57298544e-05 0.0
-1.8327517e-05 7.66677185e-05 0.0
-5.9794238e-06 4.05146275e-05 0.0
-2.93465905e-06 3.17457634e-05 0.0
-1.61661967e-06 2.1955535e-05 0.0
-2.49577283e-06 1.11650579e-05 0.0
1.70079568e-06 1.10796088e-06 0.0
-3.17488048e-06 1.64166577e-05 0.0
-1.05049157e-05 8.39218137e-06 0.0
-2.89702803e-05 2.74900708e-06 0.0
-3.20312538e-05 -1.33881201e-06 0.0
-3.7585145e-05 -1.60049931e-05 0.0
-4.40615549e-05 -3.19980245e-05 0.0
-5.06508695e-05 -4.27259365e-05 0.0
-5.61626584e-05 -4.43033532e-05 0.0
-6.3167281e-05 -3.83568658e-05 0.0
-7.01464451e-05 -2.71677691e-05 0.0
-7.50097897e-05 -1.4521509e-05 0.0
-7.95216911e-05 -3.25806673e-06 0.0
-8.50052238e-05 5.9125523e-06 0.0
-9.5000556e-05 1.13835067e-05 0.0
-0.000105559287 8.17139698e-06 0.0
-0.000117119511 1.89209743e-06 0.0
-0.000123318605 -3.89877869e-06 0.0
-0.000123549529 -3.8028511e-06 0.0
-0.000124872167 1.11650579e-05 0.0
-0.000123993013 2.1955535e-05 0.0
-0.000125311053 3.17457634e-05 0.0
-0.000128355823 4.05146275e-05 0.0
-0.000140703924 7.66677185e-05 0.0
-0.000139021766 9.57298544e-05 0.0
-0.000148451072 0.000114274138 0.0
-0.0001662625 0.000133761743 0.0
-0.000181543335 0.000149532949 0.0
-0.00018618819 0.000161237374 0.0
-0.000185374447 0.000171622538 0.0
-0.000180185918 0.000187315207 0.0
-0.000173157765 0.000204173339 0.0
-0.000174649991 0.000214601081 0.0
-0.000238853361 0.000324830733 0.0
-0.000254264538 0.000340929284 0.0
-0.000264737144 0.000349877955 0.0
-0.000264506205 0.000349782029 0.0
-0.000258307118 0.000355572905 0.0
-0.000246746873 0.000361852202 0.0
-0.000236188163 0.000365064305 0.0
-0.000226192831 0.000359593338 0.0
-0.000220709291 0.000350422721 0.0
-0.000216197397 0.000339159305 0.0
-0.000211334045 0.000326513022 0.0
-0.000204354874 0.000315323938 0.0
-0.000197350266 0.000309377443 0.0
-0.000191838466 0.000310954871 0.0
-0.000185249155 0.000321682775 0.0
-0.000178772738 0.000337675796 0.0
-0.000173218854 0.000352342002 0.0
-0.000170157873 0.000356429809 0.0
-0.000151692511 0.000362072984 0.0
-0.000144362479 0.000370097463 0.0
-0.000139486801 0.000354788761 0.0
-0.000170086671 0.000230041755 0.0
-0.000167018079 0.000226034987 0.0
-0.000167182443 0.000224789823 0.0
-0.000170460873 0.000231710117 0.0
-0.000169391045 0.000227745099 0.0
-0.000167504346 0.000227215089 0.0
-0.000170485582 0.000230014892 0.0
-0.000166491489 0.000225450392 0.0
-0.000166442653 0.000224682386 0.0
-0.000171131454 0.000231848535 0.0
-0.000170654312 0.000232701685 0.0
-0.000167513645 0.00022307504 0.0
-0.000167947772 0.000227943601 0.0
-0.000169190243 0.00022578433 0.0
-0.000171464402 0.000233077037 0.0
-0.000166067868 0.000224636315 0.0
-0.000171001346 0.000231159036 0.0
-0.000166755839 0.000225882977 0.0
-0.000166711296 0.000223935713 0.0
-0.00017014677 0.00022883818 0.0
-0.000168467479 0.000222697228 0.0
-0.00016939886 0.00023052661 0.0
-0.00017001685 0.000231676546 0.0
-0.000168004844 0.000222407107 0.0
-0.00016716485 0.000223401032 0.0
-0.000171319916 0.000233443789 0.0
-0.000168832441 0.000223846248 0.0
-0.000168728613 0.000229329875 0.0
-0.000167248872 0.000226683376 0.0
-0.000169726889 0.000227460958 0.0
-0.000169462422 0.000229833822 0.0
-0.000167644088 0.000226359669 0.0
-0.000169054227 0.000228129284 0.0
-0.000167865161 0.000227575278 0.0
-8.06098033e-05 0.000238248103 0.0
-8.85091067e-05 0.000241400106 0.0
-8.62014203e-05 0.000243570306 0.0
-7.40946052e-05 0.000233377519 0.0
-9.15396013e-05 0.000241360365 0.0
-7.47926315e-05 0.000236302993 0.0
-7.85098164e-05 0.000239964778 0.0
-8.99961888e-05 0.000245307165 0.0
-8.44242313e-05 0.000237914312 0.0
-9.17893776e-05 0.00024429179 0.0
-7.87081735e-05 0.000234902152 0.0
-8.85212212e-05 0.000239360452 0.0
-8.27596305e-05 0.000243820934 0.0
-8.50999786e-05 0.000240711568 0.0
-8.63297901e-05 0.000245950359 0.0
-7.17692164e-05 0.00023104866 0.0
-7.48778548e-05 0.000232104474 0.0
-9.2950133e-05 0.000243406932 0.0
-8.26434407e-05 0.000241212532 0.0
-7.53520071e-05 0.00023834726 0.0
-7.23961275e-05 0.000233785584 0.0
-9.26764769e-05 0.00024116438 0.0
-9.23543266e-05 0.000246186042 0.0
-9.03337277e-05 0.000239512534 0.0
-8.87972492e-05 0.00024653133 0.0
-7.67106976e-05 0.000235746455 0.0
-8.82986424e-05 0.00024296403 0.0
-7.12997207e-05 0.000232015271 0.0
-9.3338982e-05 0.000242523674 0.0
-9.09357332e-05 0.000242311726 0.0
-7.95797823e-05 0.000242778216 0.0
-8.60590299e-05 0.000237076049 0.0
-0.000201796385 0.00022907411 0.0
-0.000207642006 0.000232584382 0.0
-0.000212454383 0.000237150161 0.0
-0.000196168156 0.00022790776 0.0
-0.000198396738 0.000227465745 0.0
-0.00021046857 0.00023471989 0.0
-0.000204674536 0.000230076781 0.0
-0.000130288652 0.00034717485 0.0
-0.000132377143 0.000350849557 0.0
-0.000126812389 0.000345937995 0.0
-0.000135840179 0.000355031632 0.0
-0.000132582267 0.000345794746 0.0
-0.000128066429 0.000343916967 0.0
-0.00012559304 0.000344208529 0.0
-0.000132000423 0.000351977942 0.0
-0.000127845487 0.000347423949 0.0
-0.000135567345 0.000353433687 0.0
-0.000132094661 0.000349771988 0.0
-0.000133833702 0.000348767178 0.0
-0.000125572144 0.000343042077 0.0
-0.000138031493 0.000357739045 0.0
-0.000128557993 0.000346768706 0.0
-0.000125599996 0.000345279637 0.0
-0.000134706133 0.000354676158 0.0
-0.000124796687 0.000344014057 0.0
-0.000129711567 0.000343257096 0.0
-0.000129466236 0.000349567999 0.0
-0.000137707655 0.000356379896 0.0
-0.000134775866 0.000345511304 0.0
-0.000135502807 0.000348331494 0.0
-0.000129671127 0.000348459376 0.0
-0.000130971181 0.000346260436 0.0
-0.000134855436 0.000351025636 0.0
-0.000133402922 0.00035244078 0.0
-0.000132222194 0.000343699503 0.0
-0.000124727667 0.000344279513 0.0
-0.000127549894 0.00034510612 0.0
-0.000136666291 0.000356742297 0.0
-0.000130757777 0.000350044196 0.0
-7.58129204e-07 1.51389361e-06 0.0
-1.59332706e-06 3.72574004e-06 0.0
-6.06231538e-07 5.0972958e-06 0.0
8.91274226e-07 -3.0468168e-06 0.0
-2.89216496e-06 3.75310742e-06 0.0
2.14179963e-07 5.63988669e-06 0.0
-1.9678896e-06 5.14268868e-06 0.0
1.94781791e-07 3.458028e-06 0.0
-1.22750419e-06 2.60175938e-07 0.0
-0.000161273987 0.000339742546 0.0
-0.000160916534 0.00033789326 0.0
-0.00015788553 0.000335387478 0.0
-0.000158395182 0.000337507343 0.0
-0.000162997603 0.000342398271 0.0
-0.000158294803 0.000333556934 0.0
-0.000161148244 0.000340145896 0.0
-0.000161290067 0.000337738631 0.0
-0.000159613104 0.00033512176 0.0
-0.000162194236 0.000340235769 0.0
-0.000160202369 0.000337830017 0.0
-0.000156766007 0.000332720083 0.0
-0.000156080743 0.000334684708 0.0
-0.000163066768 0.000342161307 0.0
-0.000159391697 0.000338762358 0.0
-0.000162568889 0.000341587467 0.0
-0.000162715281 0.000340113445 0.0
-0.00015907026 0.000335584569 0.0
-0.000163886609 0.000343686377 0.0
-0.000159229618 0.000337504403 0.0
-0.00016020122 0.000339067541 0.0
-0.000156339724 0.000336026016 0.0
-0.000158454292 0.000333174044 0.0
-0.000156736336 0.000331475138 0.0
-0.000155559319 0.000333004922 0.0
-0.000160704571 0.000336577359 0.0
-0.000163471341 0.000343038846 0.0
-0.000157176488 0.000337109348 0.0
-0.000161945965 0.000340993953 0.0
-0.000157440911 0.000331763964 0.0
-0.000161323595 0.000340123312 0.0
-0.000162076583 0.00033829888 0.0
-0.000157696893 0.00033624153 0.0
-0.000159636242 0.000335491262 0.0
-2.39246838e-05 -1.09603743e-05 0.0
-2.41639045e-05 -9.32010971e-06 0.0
-2.37442327e-05 -1.16562242e-05 0.0
-2.42092156e-05 -8.82919448e-06 0.0
-0.000128021857 4.79095324e-05 0.0
-0.000124132959 4.23116908e-05 0.0
-0.000123138263 3.9388844e-05 0.0
-0.000129019158 4.5730274e-05 0.0
-0.000128486921 4.37533745e-05 0.0
-0.00012367079 3.90007954e-05 0.0
-0.000127085324 5.04666386e-05 0.0
-0.000124258382 4.46941413e-05 0.0
-0.000128411368 4.81594434e-05 0.0
-0.00012252375 3.99865348e-05 0.0
-0.000127697174 4.40936492e-05 0.0
-0.000125334191 4.82696996e-05 0.0
-0.000126306462 4.2107491e-05 0.0
-0.000123286503 4.25261351e-05 0.0
-0.000126343642 5.17174522e-05 0.0
-0.000127237086 5.11042344e-05 0.0
-0.000129755193 4.50965999e-05 0.0
-0.000122336307 3.75437558e-05 0.0
-0.000123873804 3.9370836e-05 0.0
-0.000129142907 4.68772159e-05 0.0
-0.000121870922 3.82869148e-05 0.0
-0.000124928731 4.12248992e-05 0.0
-0.000129697437 4.59621806e-05 0.0
-0.000122599464 4.08174674e-05 0.0
-0.000127647509 4.99342314e-05 0.0
-0.000121873512 3.75365998e-05 0.0
-0.000125777427 5.03388364e-05 0.0
-0.000125009581 4.0867013e-05 0.0
-0.000124467595 4.64357909e-05 0.0
-0.00012758607 4.34347603e-05 0.0
-0.000207738354 0.00029063673 0.0
-0.00021487214 0.000297756109 0.0
-0.000203690986 0.000290696102 0.0
-0.00021392449 0.000294017431 0.0
-0.000201955205 0.000286509428 0.0
-0.000207070741 0.000286800641 0.0
-0.000209332167 0.000294739439 0.0
-0.000203750969 0.000285093993 0.0
-0.000218182526 0.000298561645 0.0
-0.000200227805 0.000287130388 0.0
-0.000211169565 0.000289438292 0.0
-0.000217614739 0.000301322638 0.0
-0.000203001211 0.000291910575 0.0
-0.000213194347 0.000298473693 0.0
-0.000206977129 0.000294604775 0.0
-0.000200906041 0.000283709785 0.0
-0.00021168965 0.000294077152 0.0
-0.000218885019 0.000300690706 0.0
-0.000209706603 0.000290643889 0.0
-0.000204765107 0.000283739326 0.0
-0.000200883995 0.000289027405 0.0
-0.000205019096 0.000289885618 0.0
-0.000205057586 0.000288173847 0.0
-0.000217304041 0.000294969417 0.0
-0.000199321017 0.00028526847 0.0
-0.000208343277 0.000286106777 0.0
-0.000218864865 0.000297609222 0.0
-0.000214775151 0.000291862583 0.0
-0.000201814313 0.000282554858 0.0
-0.00020304721 0.000282545865 0.0
-0.000211518796 0.000295429287 0.0
-0.000206541852 0.000292295503 0.0
-0.000215042208 0.000296653016 0.0
-0.000210100276 0.000296741899 0.0
-0.000206916608 0.000288553681 0.0
-0.000202571828 0.000288857234 0.0
-0.000206123936 0.000284101669 0.0
-0.00022038068 0.000300941378 0.0
-0.000199401067 0.000287475326 0.0
-0.000208583384 0.000292834127 0.0
-0.000199522954 0.00028398112 0.0
-9.16735953e-05 0.000302122673 0.0
-8.61850931e-05 0.000299013598 0.0
-9.3513052e-05 0.000303096487 0.0
-8.44091264e-05 0.000297902414 0.0
-0.000111179594 0.000282176334 0.0
-0.000113681643 0.000279338041 0.0
-0.000125662002 0.000294748403 0.0
-0.000129382286 0.000291304546 0.0
-0.000130629531 0.000295384147 0.0
-0.000129900684 0.000288700685 0.0
-0.000116848023 0.000278382038 0.0
-0.000109245957 0.000278176041 0.0
-0.000111050176 0.000285123766 0.0
-0.00012272445 0.000296165352 0.0
-0.000106863889 0.000279202242 0.0
-0.000128881962 0.000299180363 0.0
-0.00013368536 0.000293268764 0.0
-0.00011042694 0.000275656494 0.0
-0.000114659968 0.000290599477 0.0
-0.000118546217 0.000294340716 0.0
-0.000126144369 0.000284031878 0.0
-0.00012177592 0.00028016197 0.0
-0.000133467984 0.000295199658 0.0
-0.000133190348 0.000291630131 0.0
-0.000107648681 0.000281380053 0.0
-0.000106795138 0.000277636893 0.0
-0.000126283456 0.000298974424 0.0
-0.000131145454 0.000298560772 0.0
-0.00011285529 0.000275899394 0.0
-0.000108573608 0.000275972387 0.0
-0.000111306945 0.000287958188 0.0
-0.000129762571 0.000286598544 0.0
-0.000124641621 0.000290580094 0.0
-0.000115366471 0.000283112255 0.0
-0.000188124875 0.000293097197 0.0
-0.000184885066 0.000294726138 0.0
-0.000188251433 0.00029002878 0.0
-0.000184514662 0.000297187507 0.0
-0.000187570593 0.000295361009 0.0
-0.000185375451 0.000292670709 0.0
-0.000183998622 0.000296741026 0.0
-0.000189150713 0.0002918643 0.0
-0.000186635429 0.000297026825 0.0
-0.000186085919 0.000289718475 0.0
-0.00018497881 0.000298329425 0.0
-0.000187562895 0.00028817245 0.0
-0.000185765064 0.000292511366 0.0
-0.000187009384 0.000294598722 0.0
-0.000188422404 0.000294362049 0.0
-0.000184788354 0.000294583733 0.0
-0.000189142156 0.000293120102 0.0
-0.00018422016 0.000296046463 0.0
-0.000189190308 0.000290557829 0.0
-0.00018371336 0.000297994731 0.0
-0.000186813937 0.000287540519 0.0
-0.000186392019 0.000287936797 0.0
-0.000185662109 0.000298359606 0.0
-0.000186219972 0.000298054481 0.0
-0.000187155252 0.000296729559 0.0
-0.000185828379 0.000291025906 0.0
-0.000187389334 0.000291955657 0.0
-0.000185409532 0.000295090169 0.0
-8.62913002e-05 0.000120478922 0.0
-8.22312577e-05 0.000126320534 0.0
-7.57011294e-05 0.000122734302 0.0
-8.06458629e-05 0.00011440667 0.0
-7.15156857e-05 0.000117736716 0.0
-7.41911863e-05 0.000111994952 0.0
-9.14605189e-05 0.000126049199 0.0
-8.74809048e-05 0.000129279157 0.0
-7.94523949e-05 0.000126926694 0.0
-8.69735668e-05 0.000116470597 0.0
-7.65425066e-05 0.000120384706 0.0
-9.25546483e-05 0.000129687614 0.0
-6.99711891e-05 0.000113617119 0.0
-9.23358384e-05 0.000122731464 0.0
-8.58475833e-05 0.000129848879 0.0
-9.05955894e-05 0.000130616885 0.0
-7.16811119e-05 0.000120592224 0.0
-7.65483128e-05 0.00011043885 0.0
-7.08739462e-05 0.000110562098 0.0
-8.3575047e-05 0.000112654438 0.0
-7.55677829e-05 0.000125117236 0.0
-7.32554981e-05 0.000123045611 0.0
-9.06793211e-05 0.000118917291 0.0
-8.00933121e-05 0.000110863351 0.0
-8.25730167e-05 0.000129076114 0.0
-7.82280331e-05 0.000116637217 0.0
-9.21297906e-05 0.000130466564 0.0
-6.98341246e-05 0.000111629786 0.0
-9.41824546e-05 0.000129359265 0.0
-6.89042281e-05 0.000114711103 0.0
-8.71543452e-05 0.000124150189 0.0
-2.53886246e-05 6.27198169e-05 0.0
-1.48023601e-05 5.19716596e-05 0.0
-2.79366286e-05 6.56650736e-05 0.0
-2.25124713e-05 6.04047054e-05 0.0
-1.41010787e-05 5.18110792e-05 0.0
-2.81771663e-05 6.47481284e-05 0.0
-1.95682896e-05 5.62558016e-05 0.0
-2.87423682e-05 6.67310742e-05 0.0
-2.70265446e-05 6.43563544e-05 0.0
-2.46707878e-05 5.80843189e-05 0.0
-1.75900277e-05 5.66633898e-05 0.0
-1.42380577e-05 5.263411e-05 0.0
-2.09532918e-05 5.59791406e-05 0.0
-1.67423204e-05 5.38933309e-05 0.0
-1.7318127e-05 5.37171181e-05 0.0
-2.95794944e-05 6.81016827e-05 0.0
-2.84674716e-05 6.59385259e-05 0.0
-2.52709287e-05 6.34079042e-05 0.0
-1.3512381e-05 5.09309793e-05 0.0
-2.71647968e-05 6.17300757e-05 0.0
-2.99084459e-05 6.8289839e-05 0.0
-2.97044153e-05 6.74095354e-05 0.0
-2.24059731e-05 6.18042395e-05 0.0
-1.9689307e-05 5.9548478e-05 0.0
-2.43021714e-05 6.1388535e-05 0.0
-1.28665761e-05 5.10477876e-05 0.0
-1.50651176e-05 5.39918728e-05 0.0
-0.000142645134 5.30337675e-05 0.0
-0.000138348536 5.13120467e-05 0.0
-0.00014364651 5.32304985e-05 0.0
-0.000137457944 5.08400517e-05 0.0
-0.000145890313 5.46037918e-05 0.0
-0.000136315663 5.04617165e-05 0.0
-6.94971459e-05 0.00016093615 0.0
-7.33708075e-05 0.000169438354 0.0
-6.5229382e-05 0.000158234951 0.0
-7.72685598e-05 0.0001712011 0.0
-6.9033711e-05 0.000168405211 0.0
-7.27955412e-05 0.000163689605 0.0
-6.57876371e-05 0.00015727352 0.0
-6.28799171e-05 0.000157853006 0.0
-7.80730697e-05 0.000170568004 0.0
-7.66682788e-05 0.000172702887 0.0
-6.88140499e-05 0.00015919545 0.0
-6.53039679e-05 0.000164729063 0.0
-6.22877415e-05 0.00015497471 0.0
-7.18606461e-05 0.000171514985 0.0
-7.53393833e-05 0.000166061829 0.0
-7.88144389e-05 0.000173637221 0.0
-7.94258376e-05 0.000173441047 0.0
-7.93807048e-05 0.000172659798 0.0
-7.49793908e-05 0.000173208056 0.0
-6.68022331e-05 0.000157489558 0.0
-7.0921611e-05 0.000161172415 0.0
-6.97810901e-05 0.000165905047 0.0
-6.15091994e-05 0.000155214831 0.0
-6.34612225e-05 0.000155271846 0.0
-6.18280974e-05 0.000158683673 0.0
-7.85382435e-05 0.000170276631 0.0
-7.72715721e-05 0.000168478175 0.0
-6.28102644e-05 0.00016143643 0.0
-7.42272168e-05 0.000167897932 0.0
-6.58849967e-05 0.000167343678 0.0
-4.29017091e-05 8.30985664e-05 0.0
-4.12888476e-05 6.84298284e-05 0.0
-4.94422129e-05 7.13789341e-05 0.0
-5.21327165e-05 8.69846845e-05 0.0
-5.62491223e-05 7.70613769e-05 0.0
-3.53789364e-05 7.97449757e-05 0.0
-3.50724404e-05 6.52320377e-05 0.0
-4.60953961e-05 8.82319728e-05 0.0
-4.28187741e-05 6.58155041e-05 0.0
-5.76989441e-05 8.73829631e-05 0.0
-3.17512531e-05 7.3506737e-05 0.0
-3.70547532e-05 8.41271831e-05 0.0
-3.9623199e-05 7.75448207e-05 0.0
-3.17028425e-05 6.74425828e-05 0.0
-3.61720449e-05 6.31120492e-05 0.0
-6.00265048e-05 8.06483076e-05 0.0
-5.54044746e-05 7.28974483e-05 0.0
-5.17083026e-05 9.09415248e-05 0.0
-5.53260215e-05 9.14062985e-05 0.0
-5.76416824e-05 9.05463021e-05 0.0
-4.80216258e-05 6.71678717e-05 0.0
-5.03770352e-05 7.62079799e-05 0.0
-4.11024193e-05 8.75048645e-05 0.0
-3.86410429e-05 6.32957817e-05 0.0
-5.21431248e-05 6.95876006e-05 0.0
-6.08156042e-05 8.41544897e-05 0.0
-6.07230868e-05 8.69892974e-05 0.0
-3.08922172e-05 7.68854661e-05 0.0
-4.73890177e-05 8.17360269e-05 0.0
-3.1742009e-05 6.4284628e-05 0.0
-2.98093382e-05 6.97641663e-05 0.0
-0.000107666521 0.000153459812 0.0
-0.000108226195 0.000153983856 0.0
-0.000107898362 0.000155959046 0.0
-0.000106315754 0.000156880327 0.0
-0.000108352186 0.000152555338 0.0
-0.000108146523 0.000150409702 0.0
-0.000107217318 0.000157609815 0.0
-0.000107462874 0.000155730435 0.0
-0.000108502514 0.000155138419 0.0
-0.000105537401 0.000158653609 0.0
-0.000108145206 0.000149041385 0.0
-0.000108251683 0.000151520624 0.0
-0.000108283217 0.00015159967 0.0
-0.000108409331 0.000153226123 0.0
-0.000108525383 0.000154291905 0.0
-0.0001080855 0.000153857269 0.0
-0.000106501633 0.000158389332 0.0
-0.000105618026 0.000159607836 0.0
-0.000105128995 0.00015964151 0.0
-0.000108571498 0.000156355178 0.0
-0.000108439446 0.000157014714 0.0
-0.000108011853 0.000157443705 0.0
-0.000108104578 0.000149667787 0.0
-0.000108190296 0.000150675303 0.0
-0.000106555737 0.000158535899 0.0
-0.000105768202 0.000159063595 0.0
-0.000108022803 0.000152171779 0.0
-0.000108149608 0.000152822337 0.0
-0.000164045239 0.000187810132 0.0
-0.000181801894 0.000198006077 0.0
-0.000166132042 0.000197734917 0.0
-0.000181093084 0.000192741209 0.0
-0.000164101773 0.000182106567 0.0
-0.000182880263 0.000204157273 0.0
-0.000160126991 0.000191887957 0.0
-0.000169158113 0.000203901349 0.0
-0.000176671354 0.000187295867 0.0
-0.000184579039 0.000196800946 0.0
-0.000157397124 0.000182765245 0.0
-0.000179089679 0.000206979181 0.0
-0.000161981312 0.000199738774 0.0
-0.000185857192 0.000202866257 0.0
-0.000165595862 0.000179849958 0.0
-0.000184088203 0.000194093664 0.0
-0.000182846881 0.000192160922 0.0
-0.000180541334 0.000189758459 0.0
-0.000186414632 0.000200015129 0.0
-0.000156592971 0.000186766178 0.0
-0.000158929048 0.000180083778 0.0
-0.000178175906 0.000199889284 0.0
-0.000165214587 0.000203064177 0.0
-0.000159138232 0.000195885383 0.0
-0.000173536653 0.000183542361 0.0
-0.000171915381 0.000207425561 0.0
-0.000175420515 0.000208263358 0.0
-0.000169563878 0.000181181284 0.0
-0.000177276001 0.000192935811 0.0
-0.000182902266 0.000208526355 0.0
-9.5884694e-05 0.000197723741 0.0
-9.4545132e-05 0.000198124049 0.0
-9.81342091e-05 0.000192118387 0.0
-9.53565614e-05 0.000194833003 0.0
-9.74722643e-05 0.00019208189 0.0
-9.52107584e-05 0.000201123883 0.0
-9.44269996e-05 0.000200674825 0.0
-9.67183805e-05 0.000193150408 0.0
-9.94491129e-05 0.00018974414 0.0
-9.36458891e-05 0.000196835521 0.0
-9.52483097e-05 0.000197117362 0.0
-9.8962526e-05 0.000188542617 0.0
-9.47186272e-05 0.000202635958 0.0
-9.38571975e-05 0.000199254413 0.0
-9.48365487e-05 0.000203617077 0.0
-9.86790619e-05 0.000190267296 0.0
-9.65039362e-05 0.000192728243 0.0
-9.42280531e-05 0.000195126951 0.0
-9.33334013e-05 0.000197813511 0.0
-9.53460258e-05 0.0001938489 0.0
-9.49766327e-05 0.000199762129 0.0
-9.57426601e-05 0.000194356893 0.0
-9.77195523e-05 0.000189824132 0.0
-9.9877092e-05 0.000188149977 0.0
-9.47771405e-05 0.000204000055 0.0
-9.94203583e-05 0.000189447921 0.0
-9.99040421e-05 0.000188819715 0.0
-9.65710424e-05 0.000194469656 0.0
-9.50256435e-05 0.000199573085 0.0
-9.45968786e-05 0.000202216543 0.0
-9.67849774e-05 0.000195103537 0.0
-0.000107112806 0.000129755106 0.0
-0.000111425165 0.000131571185 0.0
-0.000100469981 0.000121068479 0.0
-0.00010336213 0.000122278798 0.0
-0.000113581664 0.000130126995 0.0
-0.000111120236 0.000133995607 0.0
-0.000100319252 0.000120823577 0.0
-0.000106794163 0.000122673257 0.0
-0.000104743274 0.000127020423 0.0
-9.98277465e-05 0.000120072968 0.0
-0.000108702574 0.000132642672 0.0
-9.9271565e-05 0.000119579738 0.0
-0.000115315095 0.00013578737 0.0
-0.000102350023 0.000121020188 0.0
-0.000100742996 0.00012063764 0.0
-0.000102307546 0.000123194055 0.0
-0.000112392583 0.000126264829 0.0
-0.000110217465 0.000123993843 0.0
-0.000115894116 0.000133764552 0.0
-0.000114208517 0.000136498536 0.0
-0.000100565114 0.000120626937 0.0
-0.000104652405 0.000121457138 0.0
-0.000110689107 0.000134700153 0.0
-0.000106816595 0.000130253247 0.0
-9.93455324e-05 0.000119361706 0.0
-9.92998612e-05 0.00011990199 0.0
-0.000115102004 0.00012844408 0.0
-9.98138712e-05 0.000118995216 0.0
-0.00010738962 0.000128675791 0.0
-0.000102849197 0.000123168255 0.0
-0.000146607636 0.000245981268 0.0
-9.25143686e-05 4.75044617e-05 0.0
-0.000161582313 0.000277867395 0.0
-6.58797799e-05 4.63172e-05 0.0
-0.000129002117 0.000230795486 0.0
-0.000145962273 0.000206669545 0.0
-0.000142382691 0.00028906361 0.0
-5.03456795e-05 5.28059463e-05 0.0
-0.000189094266 0.00021858314 0.0
-9.27574147e-05 8.53527163e-05 0.0
-0.00013533223 0.000173025241 0.0
-8.58112326e-05 0.000223941737 0.0
-0.000131170687 8.91885065e-05 0.0
-9.61577971e-05 0.000139812182 0.0
-0.00013454794 0.000134941743 0.0
-9.68040404e-05 7.43592545e-06 0.0
-0.000159564734 0.000250963785 0.0
-4.25366961e-05 4.31969493e-05 0.0
-6.97697105e-05 0.000133621754 0.0
-9.63434068e-05 0.0002871365 0.0
-0.000104737999 0.000142170917 0.0
-0.000123924357 0.000200269438 0.0
-0.000135668757 0.000258794869 0.0
-0.000108668384 5.99820851e-05 0.0
-0.000183027747 0.000239096189 0.0
-8.44965252e-05 7.53632339e-05 0.0
-6.93006514e-05 8.86621729e-06 0.0
-0.00016163243 0.000264217582 0.0
-0.000110367851 0.00029755634 0.0
-4.67092468e-05 2.9898747e-05 0.0
-7.90459308e-05 0.000131304521 0.0
-5.87772447e-05 0.000114587172 0.0
-0.00017329173 0.000298317871 0.0
-6.33349919e-05 7.56250884e-05 0.0
-0.000146888793 0.000193838729 0.0
-0.000103462553 0.000146703227 0.0
-6.40497237e-05 0.000120635246 0.0
-0.000157490605 0.000303891429 0.0
-0.000161300151 0.000229492027 0.0
-0.000126494764 0.000236982203 0.0
-0.000131711451 0.000187905258 0.0
-0.000113577276 0.000208991041 0.0
-0.000151527667 0.000269459619 0.0
-1.22388328e-05 3.60965751e-05 0.0
-0.000137170864 0.000225925833 0.0
-0.000102249236 8.7838358e-05 0.0
-3.33926946e-05 3.32694035e-05 0.0
-0.000161613832 0.000159881965 0.0
-4.93694097e-05 7.00967721e-05 0.0
-8.91622258e-05 0.00020756654 0.0
-0.00013633538 0.000310726406 0.0
-8.51854493e-05 0.000242198003 0.0
-7.85591765e-05 -7.17492321e-06 0.0
-0.000114744806 0.000147858256 0.0
-8.75406113e-05 0.00010353767 0.0
2.82034102e-06 2.26941029e-05 0.0
-9.92241476e-05 0.000134360482 0.0
-9.20816601e-05 0.000206323108 0.0
-9.86597588e-05 4.31854278e-06 0.0
-0.000132969653 0.000106457941 0.0
-7.43456767e-05 8.09871126e-05 0.0
-5.28157143e-05 1.25308652e-05 0.0
-9.58730161e-05 0.000153914181 0.0
-8.64165268e-05 0.000121648081 0.0
-0.000119478806 0.000116297619 0.0
-7.92612555e-05 4.39718096e-05 0.0
-4.69075239e-05 7.77993555e-05 0.0
-1.03969614e-05 4.04364837e-05 0.0
-0.00019983892 0.000321988249 0.0
-0.000138872609 0.000164857498 0.0
-2.32196599e-05 3.62444334e-05 0.0
-0.00012765915 0.000255292893 0.0
-0.000138970281 6.9482121e-05 0.0
-0.000115133458 3.66230124e-05 0.0
-8.4149644e-05 0.000237092288 0.0
-0.000124976417 8.23347509e-05 0.0
-8.60706423e-05 9.31467221e-05 0.0
-0.000171380787 0.00028015126 0.0
-0.000114143419 0.000279529631 0.0
-0.000128747328 0.000286484865 0.0
-0.000158332914 0.000194981913 0.0
-0.000150880223 0.000229681478 0.0
-2.49617224e-05 0.000102960104 0.0
-0.00014470247 0.000157845439 0.0
-4.16199218e-05 2.69576685e-05 0.0
-0.000198186637 0.000259273598 0.0
-0.00012769991 0.000184692457 0.0
-9.70193723e-05 0.000304398447 0.0
-0.000198411959 0.000252062106 0.0
-0.000180389543 0.000254844374 0.0
-4.24548125e-05 2.59322951e-05 0.0
-0.000141458266 0.000190596067 0.0
-2.33887949e-05 3.02022509e-05 0.0
-0.000157888193 0.000211653401 0.0
-7.37658484e-05 0.000160696072 0.0
-0.000129937209 0.000186219448 0.0
-0.000103808437 0.00018185821 0.0
-0.000141459968 0.000264123868 0.0
-9.28262452e-05 6.50302827e-05 0.0
-0.000163304008 0.000250207289 0.0
-8.71364246e-05 0.000123248319 0.0
-5.90409581e-05 8.52380472e-05 0.0
-0.000191411498 0.000214081854 0.0
-0.000102839032 0.000155821734 0.0
-9.22735271e-05 0.000270964578 0.0
-0.000195847941 0.000223805953 0.0
-9.25007407e-05 0.000130016677 0.0
-9.1024529e-05 0.000100154684 0.0
-0.000162177224 0.000263612776 0.0
-0.000134680231 4.83377553e-05 0.0
-0.000102118807 3.28839815e-05 0.0
-0.000148405074 0.000315773039 0.0
-0.000114626862 0.000314178178 0.0
-0.000107647895 0.000313110795 0.0
-0.000103370468 0.000276114617 0.0
-0.00016869024 0.000336472556 0.0
-6.94599366e-05 0.000113115238 0.0
-0.000160253854 0.000264948554 0.0
-0.000185481505 0.000220867034 0.0
-0.000177710084 0.00022015335 0.0
-8.45863397e-05 0.00022411652 0.0
-6.0662238e-05 0.00011975754 0.0
-0.000107422238 0.00015879517 0.0
-0.000139361538 0.000241255446 0.0
-0.000136492075 8.18772533e-05 0.0
-0.000118784781 0.000165470919 0.0
-0.000105977626 0.000139366108 0.0
-0.000165751946 0.000313368102 0.0
-0.00017578587 0.000307028211 0.0
-0.000188402366 0.000219081281 0.0
-0.000103530627 0.000139598356 0.0
-0.000153323082 0.000253218226 0.0
-0.000114879287 0.000217928638 0.0
-0.000149115484 0.000127838473 0.0
-7.95126907e-05 0.000154507055 0.0
-0.000136020797 0.000211493854 0.0
-0.000164086669 0.000240966139 0.0
-6.75702613e-05 0.000141161479 0.0
-0.000117492178 0.000136606104 0.0
-0.000150125241 0.000315817219 0.0
-8.56626211e-05 -1.18666921e-05 0.0
-0.000114338611 6.71535818e-05 0.0
-0.000151050786 0.000205567558 0.0
-6.39775099e-05 0.000104054823 0.0
-8.38177948e-05 1.71252523e-05 0.0
-3.97414151e-05 5.841643e-05 0.0
-4.44417201e-05 9.04459812e-05 0.0
-0.000105355182 9.2126349e-05 0.0
-0.000113942006 2.35264233e-05 0.0
-5.86248279e-05 5.30253819e-05 0.0
-0.000131943219 4.69743682e-05 0.0
-4.25478138e-05 1.01978485e-05 0.0
-9.83352293e-05 7.13399713e-05 0.0
-0.000176292626 0.000166320504 0.0
-3.72936847e-05 1.87296591e-05 0.0
-0.000109439912 0.000140753851 0.0
-6.48465866e-05 0.000134407775 0.0
-8.69459836e-05 0.000246829179 0.0
-1.5585334e-05 4.35338989e-05 0.0
-5.85761081e-05 0.000104956562 0.0
-0.000148895371 0.000356711942 0.0
-0.000122300291 0.000238450812 0.0
-8.7973167e-05 0.00021942168 0.0
-0.000124914703 0.000215442196 0.0
-0.00012669171 2.12968425e-05 0.0
-0.000115313167 0.000179092181 0.0
-0.000205878343 0.000334094628 0.0
-8.75941914e-05 0.000203841773 0.0
-0.000190985898 0.000305107445 0.0
-0.00019327295 0.000259040826 0.0
-7.8144134e-05 0.000110227855 0.0
-1.88652721e-05 8.27663462e-05 0.0
-0.000182671996 0.000256191095 0.0
-9.92536006e-05 0.000311601034 0.0
-0.000124524464 0.000277303305 0.0
-8.12686048e-05 9.84722428e-05 0.0
-0.000156835202 0.000239312256 0.0
-0.000134994669 6.72803581e-05 0.0
-0.00015170488 0.000286338938 0.0
-6.1142282e-06 3.01745167e-05 0.0
-9.06082059e-05 0.000250730489 0.0
-0.000115423281 0.000326056557 0.0
-0.00013012276 0.000178464586 0.0
1.2414099e-06 1.14366849e-05 0.0
-0.000141233424 0.000322166044 0.0
-1.83986849e-05 3.35209916e-05 0.0
-0.000131331602 0.000341882609 0.0
-0.000187748461 0.000263689522 0.0
-0.000199097674 0.000318434817 0.0
-0.000109334913 0.00026918904 0.0
-6.38168131e-05 -1.59869614e-05 0.0
-0.000146045903 0.000318562496 0.0
-0.00011779234 0.000104699116 0.0
-5.85503658e-05 0.000207366364 0.0
-0.000154912021 0.000176774178 0.0
-0.000171305364 0.000275294558 0.0
-0.000173176406 0.000237731641 0.0
-0.000125209495 0.000146545863 0.0
-9.1062444e-05 0.000288263924 0.0
-9.04578555e-05 0.000194983149 0.0
-0.000132398331 0.00024480623 0.0
-7.55960282e-05 6.15463505e-05 0.0
-9.457532e-05 5.68955647e-06 0.0
-0.000103812861 0.000140815086 0.0
-6.77962817e-05 2.81181801e-05 0.0
-0.000165154386 0.000294136204 0.0
-0.000106912019 0.000273643906 0.0
-9.77462187e-05 0.000136993112 0.0
-8.28221382e-05 0.000243641975 0.0
-3.76539501e-05 1.61134976e-05 0.0
-0.000170270214 0.000327183225 0.0
-5.49132565e-05 -9.34908076e-06 0.0
-9.77280069e-05 0.000185361336 0.0
-8.75793048e-05 0.000112298439 0.0
-0.00010483135 0.000313302909 0.0
-0.000161375705 0.000175731984 0.0
-0.000156602197 0.000265537587 0.0
-5.04703312e-05 4.4372613e-05 0.0
-5.48808712e-05 3.16372389e-05 0.0
-8.71787197e-05 5.79739972e-05 0.0
-4.64874138e-05 4.99381931e-05 0.0
-3.15777834e-05 0.000110591827 0.0
-0.000124093116 0.000260912668 0.0
-9.82810816e-05 0.000265093084 0.0
-0.000200472641 0.000307183102 0.0
-8.44641108e-05 0.000105257051 0.0
-9.76366282e-05 8.27794865e-05 0.0
-2.88776704e-07 2.94100191e-05 0.0
-5.55728038e-05 0.000117905176 0.0
-0.000243698785 0.000326470763 0.0
-0.000118402124 0.000294994592 0.0
-0.000164268786 0.000249768083 0.0
-0.000159310977 0.000210739876 0.0
-0.000141275857 6.0300561e-05 0.0
-0.00010770806 0.000137665294 0.0
-0.000126260318 0.000299473642 0.0
-6.78794167e-05 6.66517808e-05 0.0
-0.000175245514 0.000314371835 0.0
-9.08800939e-05 0.000163646575 0.0
4.06256822e-06 2.22340695e-05 0.0
-0.000104033446 0.000196480134 0.0
-9.9922283e-05 0.000136074625 0.0
-0.000120085802 5.11083963e-05 0.0
-0.000108770895 0.000320686318 0.0
-1.55995822e-05 1.24734097e-05 0.0
-9.89201726e-05 0.000135685725 0.0
-0.000148831896 0.000331266056 0.0
-9.38734665e-05 1.38556015e-05 0.0
-0.00016464325 0.000273580838 0.0
-3.34638071e-06 2.37826498e-05 0.0
-0.000191232204 0.000256997591 0.0
-6.67556887e-05 9.85060033e-05 0.0
-0.00010102136 4.99189191e-05 0.0
-0.000117848838 8.65496986e-05 0.0
-0.00014915978 0.000312920805 0.0
-0.000103011756 0.00017026694 0.0
-0.000176498826 0.000288274838 0.0
-0.000148293184 0.000206790224 0.0
-1.31805173e-05 3.09815041e-05 0.0
-9.21429673e-05 0.000197022775 0.0
-0.000194172128 0.000305717142 0.0
-3.16465121e-05 6.25017856e-05 0.0
-7.34172791e-05 -2.35032167e-05 0.0
-0.000203069882 0.000259676948 0.0
-0.000169655847 0.000202889743 0.0
-0.000144769554 0.00014961118 0.0
-0.000168825252 0.000316754275 0.0
-4.42627861e-05 6.21879226e-05 0.0
-4.7454545e-05 9.68730674e-05 0.0
-7.39532406e-05 0.00010717757 0.0
-0.000111835077 0.000319637766 0.0
-0.000172662694 0.000320915889 0.0
-0.000135295297 9.27635629e-05 0.0
-0.000144590347 0.00023003915 0.0
-3.4558976e-05 0.000120689801 0.0
-0.000187309575 0.000306064379 0.0
-0.000150778957 0.000340328785 0.0
-0.000127531239 0.000174006025 0.0
-0.000136169328 0.000277586718 0.0
-0.000108920227 0.000140614968 0.0
-5.21939692e-05 8.67664421e-05 0.0
-3.5914396e-05 6.44535758e-05 0.0
-0.00011903554 0.000318615377 0.0
-0.000141941404 6.76453637e-05 0.0
-0.000165433303 0.000224204137 0.0
-0.000125432271 0.000229840036 0.0
-8.88388968e-05 0.000266982737 0.0
-8.29401542e-05 0.000115297487 0.0
-0.000102651662 0.000140518125 0.0
-6.61062004e-05 0.000100756602 0.0
-0.000197219924 0.000214674248 0.0
-0.000200859533 0.000221952389 0.0
-4.92556464e-05 8.62351662e-05 0.0
-0.000128218235 1.37827064e-05 0.0
-5.44520208e-06 3.79711637e-05 0.0
-0.00014307833 0.000195042827 0.0
-1.78249284e-05 2.75063285e-05 0.0
-0.000136700066 0.00017129902 0.0
-0.000146461229 0.000201149713 0.0
-0.000157482777 0.000321552245 0.0
-0.000145575599 0.000155338159 0.0
-0.000136549381 4.90974271e-05 0.0
-0.000174301895 0.000326131558 0.0
-0.000166778031 0.00014550639 0.0
-0.000144727936 0.000311059819 0.0
-0.000140554097 0.000172716624 0.0
-3.00245065e-05 4.70670893e-05 0.0
-9.46299842e-05 0.000131710345 0.0
-5.60018671e-05 6.52767703e-05 0.0
-0.000166396218 0.000262031506 0.0
-0.000196971538 0.000272776204 0.0
-0.000216038999 0.000329805102 0.0
-9.90511617e-05 0.000142255478 0.0
-0.000117080126 0.000170154701 0.0
-3.67458961e-05 1.27558815e-05 0.0
-1.57205577e-05 5.30436882e-05 0.0
-9.99515687e-05 0.0001331854 0.0
-0.000134977512 0.000296611368 0.0
-2.72557427e-05 1.92869556e-05 0.0
-0.00010595908 0.000147553335 0.0
-8.92875323e-05 0.000211667008 0.0
-0.00012598437 0.000102077443 0.0
-1.91836516e-05 4.9857299e-05 0.0
-0.000177083159 0.000180711708 0.0
-0.000113998904 0.000197664544 0.0
-9.46484943e-05 0.000255765015 0.0
-0.000153893925 0.00022075708 0.0
-0.000139793323 0.000110998641 0.0
-4.58383984e-05 0.000109400804 0.0
-0.000166573998 0.000347671506 0.0
-0.000113315888 0.000240662906 0.0
-0.000133514521 0.000230749836 0.0
-0.000158924842 0.000287887553 0.0
-0.00011604571 2.30257865e-05 0.0
-8.32716178e-05 0.00022238899 0.0
-7.5983422e-05 0.00017156321 0.0
-2.80158674e-05 5.48988573e-05 0.0
-0.000100615493 0.00026091453 0.0
-6.56338598e-05 0.000141688404 0.0
-0.000169029372 0.000284651498 0.0
-6.4095635e-05 0.000136508403 0.0
-0.000146562423 0.000323762011 0.0
-0.00010897575 2.45065421e-05 0.0
-0.000115184317 0.000221607654 0.0
-0.000180428018 0.000315508572 0.0
-0.000173897453 0.000214141663 0.0
-5.66162598e-05 0.000195235611 0.0
-0.000148832434 0.000299948442 0.0
-6.24054956e-05 0.000101591795 0.0
-0.000145659171 0.000275742525 0.0
-6.59930884e-05 0.000124812854 0.0
-5.65618247e-05 9.04176122e-05 0.0
-8.51911391e-05 3.55126613e-05 0.0
-0.000116025447 1.79766284e-05 0.0
-9.76280353e-05 0.000105654108 0.0
-0.000143433484 0.000321243133 0.0
-3.31966185e-05 6.49181748e-05 0.0
-0.000190044288 0.000302942033 0.0
-0.000147552695 0.000258962158 0.0
-0.000135408161 0.000184810779 0.0
-3.17796439e-05 1.21288749e-05 0.0
-0.000187481026 0.000214167871 0.0
-0.000193174797 0.000304453599 0.0
-0.00020075326 0.000235282278 0.0
-7.92548308e-05 0.000165137419 0.0
-0.00011461215 0.000136119896 0.0
-2.60183788e-05 4.51240594e-05 0.0
-8.63736059e-05 -4.90184175e-06 0.0
-3.28832939e-05 7.42528664e-06 0.0
-0.000110970068 0.000123248625 0.0
-0.000151421817 0.000240854861 0.0
-4.20897086e-05 7.32038388e-05 0.0
-5.31950573e-05 9.38118101e-05 0.0
-0.000127173902 0.00011907053 0.0
-0.000122405254 0.000289356016 0.0
-5.15828542e-05 6.67734639e-05 0.0
-9.19512822e-05 0.000111045032 0.0
-9.41016842e-05 0.000206654397 0.0
-0.000111090412 0.000153876113 0.0
-8.83296016e-05 0.000137555486 0.0
-3.72239811e-05 1.16464244e-05 0.0
-8.14105806e-05 0.000236348918 0.0
-0.000156364171 0.000277075305 0.0
-5.28780911e-05 9.16423596e-05 0.0
-3.81962309e-05 3.48089707e-05 0.0
-6.86327912e-05 0.000157271483 0.0
-0.000207116493 0.000333767268 0.0
-0.000198342095 0.000294988189 0.0
-2.36494398e-05 8.38962078e-05 0.0
-0.000110078407 4.37790295e-05 0.0
-3.59144651e-05 5.58696011e-05 0.0
-0.000185800833 0.000221066643 0.0
-0.00019820439 0.000280277833 0.0
-4.16824223e-05 7.39175011e-05 0.0
-0.000128912579 0.000241948699 0.0
-9.48513552e-05 0.000257075095 0.0
-0.000164687503 0.000181601034 0.0
3.45728995e-06 1.13710985e-05 0.0
-0.000136400296 0.000119432218 0.0
-4.49607505e-05 3.33671269e-05 0.0
-0.000131218607 0.000215592387 0.0
-0.000196141511 0.000270550954 0.0
-7.41701369e-05 0.000101480713 0.0
-0.000103844061 7.46373407e-05 0.0
-0.000132212255 9.40447862e-05 0.0
-0.000104292711 0.000205094926 0.0
-2.03142213e-06 3.44840118e-05 0.0
-8.51644363e-05 -9.54695315e-06 0.0
-0.000166495389 0.000239422297 0.0
-0.000122518468 0.000220851798 0.0
-0.000101007849 1.70052062e-05 0.0
-0.000107834094 0.000164815952 0.0
-8.82455715e-05 9.41691906e-05 0.0
-9.48424786e-05 0.000140899268 0.0
-0.000107059393 2.00178474e-05 0.0
-8.81712258e-05 7.85708762e-05 0.0
-0.000143969271 0.000313614612 0.0
-0.000172600747 0.000261106878 0.0
-0.000167106671 0.000230765014 0.0
-0.000127744803 0.000177982249 0.0
-9.85070292e-05 0.000174757457 0.0
5.14512976e-07 2.01344828e-05 0.0
-8.82827153e-05 0.000123161255 0.0
-8.05650343e-05 0.000109634144 0.0
-9.57618977e-06 2.12657669e-05 0.0
-8.19062407e-05 0.000197265064 0.0
-7.46132428e-05 0.000133070134 0.0
-0.000161181597 0.000256442843 0.0
-0.00018060366 0.000295135193 0.0
-8.98544167e-05 0.000298544735 0.0
-6.03832123e-05 9.57124357e-05 0.0
-9.17388825e-05 0.000130489701 0.0
-4.60703559e-05 -6.64640493e-06 0.0
-8.39003405e-05 0.00011356864 0.0
-0.000105244195 0.000264937611 0.0
-0.00017442352 0.000200182199 0.0
-0.000124971222 0.00015795989 0.0
-9.95704177e-05 0.000175315145 0.0
-0.000121887366 4.11238325e-05 0.0
-8.40995708e-05 0.000232824779 0.0
-9.15034616e-05 0.000246155163 0.0
-6.92031426e-06 2.79664255e-05 0.0
-6.60441583e-05 -2.61749883e-05 0.0
-0.000109661945 1.98636699e-05 0.0
-0.0001432313 0.00017043775 0.0
-6.51147275e-05 0.000157212751 0.0
-0.000186452729 0.000245546282 0.0
-0.000100619451 0.000260534289 0.0
-8.33851154e-05 0.000117334705 0.0
-0.000145151193 0.000215890701 0.0
-0.000147207887 0.000158935727 0.0
-7.03206315e-05 0.000101914244 0.0
-0.000113654925 0.00010388768 0.0
-0.000155804606 0.00020716351 0.0
-8.78876453e-05 0.000222654024 0.0
-9.08390502e-05 8.16056927e-05 0.0
-6.98121221e-05 8.49592398e-05 0.0
-8.80787702e-05 0.000189997649 0.0
-0.000126524901 7.7991599e-06 0.0
-6.66338892e-05 0.000162726326 0.0
-0.000179850482 0.00020527259 0.0
-0.000130569766 0.000315574434 0.0
-0.000135710477 0.000348425208 0.0
-0.000110623107 8.78699793e-05 0.0
-0.000128242609 0.000139495329 0.0
-7.45673606e-05 8.39875781e-07 0.0
-0.000102358681 0.000291844277 0.0
-7.61560004e-05 0.000109086934 0.0
-8.80534935e-05 0.000217675362 0.0
-8.73589743e-05 0.000284489157 0.0
-6.87543579e-05 0.000205040153 0.0
-0.000125079212 3.01412274e-05 0.0
-0.00018021802 0.000249089586 0.0
-3.51118979e-05 9.80724144e-05 0.0
-7.99153713e-05 8.16701358e-05 0.0
-1.88155354e-05 5.62802597e-05 0.0
-0.000251274556 0.000332314841 0.0
-0.00013780655 0.000199852861 0.0
-0.000104673716 0.000141950266 0.0
-0.000101779966 9.02819556e-06 0.0
-0.000133578927 4.74616754e-05 0.0
-6.36089171e-05 0.000155494796 0.0
-0.000117160365 6.96648203e-05 0.0
-0.00017725995 0.000283424539 0.0
-0.000106376108 2.28407043e-05 0.0
-0.000144812846 0.000187005571 0.0
-9.07483263e-05 0.000119412878 0.0
-4.08358937e-05 0.000126975865 0.0
-0.000168755185 0.000208303725 0.0
-0.000134709757 7.82300849e-05 0.0
-8.81717569e-05 0.000252009369 0.0
-0.000182573 0.000260090543 0.0
-0.00010539787 0.000169286446 0.0
-0.000119983 0.000330457377 0.0
-0.000118942808 0.00017090913 0.0
-2.55704927e-05 5.88157309e-05 0.0
-0.000142310339 0.000305451133 0.0
-0.00012232436 0.000271947123 0.0
-9.39985184e-05 3.16103542e-05 0.0
-8.95758421e-05 0.000192459382 0.0
-5.47372656e-05 9.22307736e-05 0.0
-0.000128779706 6.59473371e-05 0.0
-0.000197423607 0.000309742376 0.0
-0.000192325126 0.000238753448 0.0
-0.000183690587 0.000251858932 0.0
-0.000130269022 0.000149027823 0.0
-0.000108028449 0.000320563093 0.0
-8.36297841e-05 0.000243207105 0.0
-0.00019456337 0.000310216186 0.0
-0.000205135773 0.000242525421 0.0
-0.000122626981 0.00015274559 0.0
-8.42611189e-05 0.000232305712 0.0
-0.000204887037 0.000313494122 0.0
-0.000258845481 0.000344272092 0.0
-0.000106002859 0.000168396175 0.0
-0.000141816068 0.000353612879 0.0
-8.16937099e-05 6.13193261e-05 0.0
-0.000173534136 0.000240646579 0.0
-4.45186572e-07 2.76225146e-05 0.0
-6.94618939e-05 0.000144433856 0.0
-0.00018951064 0.0002708752 0.0
-0.000129246066 0.000273892656 0.0
-0.000127856227 8.78029387e-05 0.0
-2.12831583e-05 1.0495487e-05 0.0
-0.000138189367 0.000316215679 0.0
-0.00015183982 0.000144461257 0.0
-2.24146534e-05 0.000104712817 0.0
-0.000121724064 0.00025922255 0.0
-0.000101629354 1.99450224e-05 0.0
-0.000118908196 0.000280063163 0.0
-0.000125719933 0.000322822656 0.0
-0.000142312798 0.000252490368 0.0
-0.000108748442 0.000134982081 0.0
-0.000162966593 0.000211147431 0.0
-6.12730146e-05 1.04181727e-05 0.0
-8.75781865e-08 6.14751525e-06 0.0
-0.000160393203 0.000240292851 0.0
-0.000200812123 0.000269448676 0.0
-0.00013620207 5.99686973e-05 0.0
-0.000130348184 0.000308678718 0.0
-4.72793399e-05 0.000133486727 0.0
-7.73465435e-05 2.63627262e-05 0.0
-7.59422401e-05 0.000104434192 0.0
-0.000123596081 0.000155073445 0.0
-6.0806964e-05 2.95391619e-05 0.0
-0.00016875664 0.000274929131 0.0
-9.08356087e-05 0.000129355161 0.0
-0.000129801265 0.00032377048 0.0
-0.000128547152 0.000194673848 0.0
-0.000141800323 0.000313364435 0.0
-9.88606262e-05 0.00017871891 0.0
-3.5255598e-05 1.05112831e-05 0.0
-0.000105817729 0.000172174856 0.0
-0.000117113254 0.000330720242 0.0
-7.22645345e-05 4.48768842e-05 0.0
-8.997236e-05 0.000190812658 0.0
-0.000128891785 0.000261505105 0.0
-9.99325202e-05 0.000152187524 0.0
1.97074405e-06 3.04359219e-06 0.0
-1.77079473e-05 2.94472611e-05 0.0
