0.00052289234 0.000438741117 0.0
0.000502374605 0.000357957528 0.0
0.000495517568 0.000385120627 0.0
0.000529638084 0.000413397967 0.0
-0.000617945625 0.00039412349 0.0
-0.000578336825 0.000386671629 0.0
-0.000541328336 0.000379292178 0.0
-0.000563424372 0.000444139267 0.0
0.000929205038 0.000379292178 0.0
0.000892196549 0.000386671629 0.0
0.000852587749 0.00039412349 0.0
-0.000647544919 0.000661376631 0.0
-0.000658691686 0.000617920246 0.0
-0.000669379253 0.000572292716 0.0
-0.000586848648 0.000604958914 0.0
0.000166389524 -4.33577043e-05 0.0
0.00017707712 2.26985594e-06 0.0
0.000188223872 4.57262577e-05 0.0
-0.000316810881 0.000625828572 0.0
-0.000326156209 0.0006055673 0.0
-0.000334635668 0.000582443899 0.0
-0.000270179851 0.000591372198 0.0
0.000501133094 -3.32064992e-05 0.0
0.000509612611 -1.0083073e-05 0.0
0.00051895791 1.01781534e-05 0.0
0.00124641776 0.000116134637 0.0
0.00122502469 2.32314869e-05 0.0
0.00121798355 5.08973972e-05 0.0
0.00125326228 8.59572392e-05 0.0
0.000645193621 0.000551773468 0.0
0.000618207094 0.000557571882 0.0
0.000591574644 0.000562885893 0.0
0.00059722981 0.00048257914 0.0
-0.000878958788 0.000562885893 0.0
-0.000852326339 0.000557571882 0.0
-0.000825339812 0.000551773468 0.0
-0.000304940681 0.000551442499 0.0
-0.000327404821 0.000450845488 0.0
-0.000332952797 0.000480882096 0.0
-0.000299026695 0.00052181707 0.0
0.000304210349 0.000549364602 0.0
0.000284686597 0.000452711596 0.0
0.000268180156 0.000501979084 0.0
0.000320689112 0.00049921521 0.0
0.000488270947 0.00025102208 0.0
0.000467189384 0.000175304027 0.0
0.000464051642 0.000227105644 0.0
0.000491436629 0.000199643357 0.0
-8.58969652e-05 7.32431436e-05 0.0
-5.29665849e-05 6.86048734e-05 0.0
-2.09125428e-05 6.47259731e-05 0.0
-3.39114013e-05 0.00016249936 0.0
-6.68346911e-05 0.000105647341 0.0
-2.17939341e-05 0.000115710653 0.0
0.00144962082 6.47259731e-05 0.0
0.00141756679 6.86048734e-05 0.0
0.00138463639 7.32431436e-05 0.0
-0.000217584398 0.00034688905 0.0
-0.000238578927 0.000217840206 0.0
-0.000261865614 0.000273569109 0.0
-0.00019506659 0.000288536627 0.0
0.000209937774 0.000197599482 0.0
0.000187749785 0.000115944102 0.0
0.000179245311 0.000165417601 0.0
0.000218206376 0.000147225728 0.0
0.000400431105 0.000301234017 0.0
0.000380478712 0.000246858603 0.0
0.000374587369 0.000271496829 0.0
0.000405908766 0.000276207138 0.0
0.000853131234 0.00034936273 0.0
0.000830872275 0.000277430721 0.0
0.000845490897 0.0003315793 0.0
0.00083826558 0.000293619581 0.0
-5.23709496e-05 0.000430833752 0.0
-7.35059948e-05 0.000321024447 0.0
-9.11163297e-05 0.000368878071 0.0
-3.43546053e-05 0.000385399704 0.0
0.000863358437 0.000252142461 0.0
0.000840243301 0.000173616456 0.0
0.000831589103 0.000205714838 0.0
0.000872624048 0.000221236143 0.0
-0.00083576882 0.00061565038 0.0
0.0 0.0 0.0
0.00147053343 0.0 0.0
0.000634764612 0.00061565038 0.0
0.000511797669 0.000439719268 0.0
0.000500852591 0.000437948445 0.0
0.000490303151 0.000433927809 0.0
0.00048085209 0.000427491934 0.0
0.000473234628 0.000418827171 0.0
0.000468105049 0.000408072723 0.0
0.000467032078 0.000396651274 0.0
0.000469131686 0.000385618507 0.0
0.000473940396 0.000375277392 0.0
0.000481717085 0.000366872759 0.0
0.000491445011 0.000361062004 0.0
0.000513647217 0.000357581623 0.0
0.000524945033 0.000359494181 0.0
0.000535509491 0.000363887433 0.0
0.000545104675 0.000370485737 0.0
0.000552819518 0.000379621371 0.0
0.000558197673 0.000390608941 0.0
0.000559413631 0.000402577571 0.0
0.000556778803 0.000413561938 0.0
0.000551064906 0.000422922079 0.0
0.000543096859 0.000430458022 0.0
0.000533421291 0.000435838563 0.0
0.000512632425 0.00039926832 0.0
-0.000607305497 0.000392316171 0.0
-0.000594383222 0.000389897265 0.0
-0.000562327448 0.00038340324 0.0
-0.000550064258 0.000380949612 0.0
-0.000534170016 0.00038720257 0.0
-0.000529843324 0.00039791505 0.0
-0.000529625686 0.000408635446 0.0
-0.000532094098 0.000418668991 0.0
-0.000537120039 0.000427803316 0.0
-0.000544242619 0.000435370603 0.0
-0.000553303922 0.000441044511 0.0
-0.000574157049 0.0004445636 0.0
-0.000584597874 0.000442414399 0.0
-0.00059447356 0.000438483024 0.0
-0.000603566121 0.000432539528 0.0
-0.00061120803 0.000424629339 0.0
-0.00061705953 0.000415171293 0.0
-0.000619239814 0.000404214079 0.0
0.000920469174 0.000380949612 0.0
0.000908205926 0.00038340324 0.0
0.000876150152 0.000389897265 0.0
0.000863227935 0.000392316171 0.0
0.000856820843 0.000384598301 0.0
0.000863334048 0.000376486278 0.0
0.000871487486 0.000369776797 0.0
0.000880970387 0.000365118787 0.0
0.000891481293 0.000362382911 0.0
0.000902269967 0.000362496474 0.0
0.000912605785 0.000365898071 0.0
0.000921678264 0.000371860835 0.0
-0.000650416361 0.000651159207 0.0
-0.000654046249 0.000637160847 0.0
-0.000663323735 0.000598389423 0.0
-0.000666789827 0.000583593384 0.0
-0.000658282836 0.000566987088 0.0
-0.000646003289 0.00056465104 0.0
-0.000633476768 0.000565507158 0.0
-0.000621457584 0.00056897552 0.0
-0.000610275776 0.000574745587 0.0
-0.000600009866 0.000582665962 0.0
-0.000591623946 0.000592811906 0.0
-0.000585814822 0.000617466576 0.0
-0.000588520896 0.00062918599 0.0
-0.000593914476 0.000639810751 0.0
-0.000601787819 0.00064876175 0.0
-0.000611666939 0.000655975309 0.0
-0.000623220054 0.000660383957 0.0
-0.000635284116 0.000661983329 0.0
0.000168978964 -3.20570434e-05 0.0
0.00017244507 -1.72610034e-05 0.0
0.000181722527 2.15104519e-05 0.0
0.000185352415 3.55088087e-05 0.0
0.000176361238 4.2649961e-05 0.0
0.000165359714 3.73950279e-05 0.0
0.00015584426 2.96420658e-05 0.0
0.000147976534 2.03153886e-05 0.0
0.000143390105 8.60740784e-06 0.0
0.000142429766 -3.4617658e-06 0.0
0.000144658043 -1.50842079e-05 0.0
0.00014963081 -2.60223242e-05 0.0
0.000156826791 -3.56916898e-05 0.0
-0.000320915395 0.000617914018 0.0
-0.000331144111 0.000592157827 0.0
-0.000329087634 0.000576018239 0.0
-0.000321979605 0.000571408775 0.0
-0.000314063684 0.000568655669 0.0
-0.000305699185 0.000567547628 0.0
-0.000296939397 0.000567706826 0.0
-0.000288591691 0.000571013137 0.0
-0.000281405722 0.000576535298 0.0
-0.000275269063 0.000583277957 0.0
-0.000267779833 0.000600186409 0.0
-0.000268669886 0.000608839968 0.0
-0.000271991565 0.000616332283 0.0
-0.00027751326 0.000622393563 0.0
-0.00028460403 0.000626571826 0.0
-0.00029250345 0.000628832961 0.0
-0.000300840358 0.000629236049 0.0
-0.000308947841 0.000628152338 0.0
0.000504624681 -2.34925519e-05 0.0
0.000514853396 2.26363613e-06 0.0
0.000511129096 6.02374939e-06 0.0
0.000503896328 1.94883853e-07 0.0
0.000498785346 -7.29582098e-06 0.0
0.000496518158 -1.62409615e-05 0.0
0.000497671892 -2.51042948e-05 0.0
0.0012331265 0.000116230767 0.0
0.00122030487 0.000112723661 0.0
0.0012087198 0.00010643671 0.0
0.00119791739 9.88210522e-05 0.0
0.00118901848 8.86618218e-05 0.0
0.0011843117 7.62766576e-05 0.0
0.00118390191 6.42788873e-05 0.0
0.00118702929 5.25562391e-05 0.0
0.00119322515 4.20327815e-05 0.0
0.00120193185 3.32417912e-05 0.0
0.00121279794 2.68473286e-05 0.0
0.00123783958 2.27532564e-05 0.0
0.00125047506 2.48512461e-05 0.0
0.00126245467 2.96088219e-05 0.0
0.00127300411 3.71480128e-05 0.0
0.00128124363 4.73691834e-05 0.0
0.00128576276 5.93699151e-05 0.0
0.00128665392 7.19645104e-05 0.0
0.00128424738 8.43042289e-05 0.0
0.0012785804 9.59267709e-05 0.0
0.00126992399 0.000105523817 0.0
0.00125899352 0.000112415197 0.0
0.00123550952 6.81885431e-05 0.0
0.000633731426 0.000554282626 0.0
0.000602646265 0.000560743094 0.0
0.000581619446 0.000557687774 0.0
0.00057278492 0.000550499768 0.0
0.000565909897 0.000541589863 0.0
0.000562187808 0.000530947582 0.0
0.000561668596 0.000519922818 0.0
0.000563897367 0.000508828613 0.0
0.000569214812 0.000498631503 0.0
0.000576968479 0.000490608916 0.0
0.000586586946 0.000485232478 0.0
0.000608124363 0.000482217351 0.0
0.000618853199 0.000484010874 0.0
0.000629207992 0.000487690559 0.0
0.000639019127 0.000493642292 0.0
0.000647060748 0.00050163304 0.0
0.000653512776 0.000511427643 0.0
0.000656282587 0.000522711605 0.0
0.000655220763 0.0005332664 0.0
0.000651355891 0.000543174625 0.0
-0.000867887109 0.000560743094 0.0
-0.000836801948 0.000554282626 0.0
-0.000832343532 0.000558211526 0.0
-0.000840532884 0.000563116453 0.0
-0.000849800126 0.000566282368 0.0
-0.000859716209 0.000567325973 0.0
-0.000869550742 0.000565923459 0.0
-0.000317789876 0.00055212609 0.0
-0.00033026762 0.000550508616 0.0
-0.000342118234 0.000545882212 0.0
-0.000352073694 0.000538192922 0.0
-0.000360331731 0.00052855222 0.0
-0.00036740239 0.000517371169 0.0
-0.000370871334 0.00050447305 0.0
-0.000370120048 0.000491724233 0.0
-0.000366230408 0.00047998724 0.0
-0.000359474914 0.000469681254 0.0
-0.000350627117 0.000461043324 0.0
-0.000339717197 0.000454384659 0.0
-0.00031452495 0.000450287393 0.0
-0.0003018727 0.000452943961 0.0
-0.000290091761 0.000457928778 0.0
-0.000279210391 0.000464855024 0.0
-0.000269874756 0.000474196975 0.0
-0.000263077032 0.000485549099 0.0
-0.000260778703 0.00049794605 0.0
-0.000261702517 0.000510277343 0.0
-0.000265461655 0.000522247574 0.0
-0.000272186619 0.000533161743 0.0
-0.000281411136 0.000541993591 0.0
-0.000292542973 0.000548117154 0.0
-0.000315925106 0.000501413015 0.0
0.000289625226 0.000548767159 0.0
0.000275552855 0.000545156712 0.0
0.000262424961 0.000538322958 0.0
0.000251343357 0.000528375909 0.0
0.00024354097 0.000515499269 0.0
0.000240279842 0.000500916445 0.0
0.000241899616 0.000486436591 0.0
0.000248053548 0.000473493419 0.0
0.000257730077 0.000462987286 0.0
0.000270398217 0.000455877103 0.0
0.000299356325 0.000453633955 0.0
0.000313084514 0.000457599876 0.0
0.00032562649 0.00046431052 0.0
0.000336823286 0.000473299733 0.0
0.000344983477 0.000485866243 0.0
0.000347845897 0.000499915099 0.0
0.00034614472 0.000513903506 0.0
0.000340707455 0.000527225551 0.0
0.000331048534 0.000538475753 0.0
0.000318487844 0.000545963005 0.0
0.000294552738 0.000500665454 0.0
0.000477886351 0.000251295074 0.0
0.000467398524 0.00024913266 0.0
0.000457891438 0.000245040428 0.0
0.000448576437 0.000239127054 0.0
0.000441832584 0.00023130198 0.0
0.000438275019 0.00022188529 0.0
0.000437001843 0.000211469713 0.0
0.000437852723 0.000200778712 0.0
0.000441835698 0.000191423343 0.0
0.000448576262 0.000183729615 0.0
0.000457255868 0.000178200135 0.0
0.000477620808 0.000175267734 0.0
0.000487804646 0.00017782861 0.0
0.00049699482 0.000182509422 0.0
0.0005051677 0.000188495236 0.0
0.000512449828 0.000195946559 0.0
0.000517891662 0.000205023069 0.0
0.000519764202 0.000215493114 0.0
0.000518274028 0.000225831929 0.0
0.000513883482 0.000235137035 0.0
0.00050698308 0.000242641647 0.0
0.000498260255 0.000248068856 0.0
0.000477814436 0.000213333435 0.0
-7.1658229e-05 7.12031833e-05 0.0
-3.43959691e-05 6.62056846e-05 0.0
-9.29703401e-06 7.21626056e-05 0.0
8.46013052e-07 8.1153943e-05 0.0
8.3229088e-06 9.26301655e-05 0.0
1.188231e-05 0.000105643878 0.0
1.14887498e-05 0.000118716183 0.0
7.6791157e-06 0.000131234949 0.0
1.05949164e-06 0.000142820252 0.0
-8.60343971e-06 0.000152671651 0.0
-2.06124569e-05 0.000159308824 0.0
-4.75698507e-05 0.000162381737 0.0
-6.07881921e-05 0.000159294883 0.0
-7.32085682e-05 0.000154182475 0.0
-8.43913149e-05 0.000146598555 0.0
-9.33568299e-05 0.000136048053 0.0
-9.85046936e-05 0.000123555408 0.0
-0.00010043053 0.000110092238 0.0
-9.89608889e-05 9.65022264e-05 0.0
-9.40271857e-05 8.39584609e-05 0.0
0.00143613748 6.62056846e-05 0.0
0.00139887515 7.12031833e-05 0.0
0.00139558245 6.47926572e-05 0.0
0.00140835752 5.93129917e-05 0.0
0.00142246054 5.73836551e-05 0.0
0.00143655238 5.93610166e-05 0.0
-0.000235420914 0.000346481131 0.0
-0.000252607337 0.000341393694 0.0
-0.000267967436 0.000332727621 0.0
-0.000281620858 0.000321206433 0.0
-0.000292327692 0.000306740229 0.0
-0.000297973427 0.000289734307 0.0
-0.000297995168 0.000272274425 0.0
-0.000293081132 0.000255932508 0.0
-0.000284022302 0.000241347123 0.0
-0.000271320576 0.000229647339 0.0
-0.000255716412 0.000221598704 0.0
-0.000221217182 0.000218425295 0.0
-0.000204483091 0.000222518254 0.0
-0.000188874357 0.000230015037 0.0
-0.000175637702 0.000241179063 0.0
-0.00016603923 0.00025542939 0.0
-0.000161022617 0.000271880795 0.0
-0.000160478201 0.000289123593 0.0
-0.000164682991 0.000305993366 0.0
-0.000173208435 0.000321078289 0.0
-0.000185464334 0.000333400123 0.0
-0.000200590381 0.000342244224 0.0
-0.000228290955 0.000281125976 0.0
0.000198547466 0.000197752161 0.0
0.000187555779 0.000194892156 0.0
0.000177549678 0.000190290302 0.0
0.00016848126 0.000183877855 0.0
0.000160831332 0.000175470297 0.0
0.00015538049 0.00016524861 0.0
0.000153371584 0.000153977366 0.0
0.000154917332 0.000142811085 0.0
0.000159711912 0.0001327801 0.0
0.000167210746 0.000124519865 0.0
0.000176940579 0.000118810021 0.0
0.000198895243 0.000116030562 0.0
0.00020954592 0.000118423908 0.0
0.000219575624 0.000122616126 0.0
0.000229051351 0.00012877566 0.0
0.000236744381 0.000137260547 0.0
0.000241650894 0.000147273837 0.0
0.000243644623 0.000158186085 0.0
0.00024200778 0.000169211256 0.0
0.000237410874 0.000179362847 0.0
0.000230243037 0.000188061138 0.0
0.000220817485 0.000194346299 0.0
0.00019880796 0.000156271737 0.0
0.000392085349 0.000301919179 0.0
0.000383592967 0.000300903397 0.0
0.000375076925 0.000298067229 0.0
0.000367347879 0.000293118967 0.0
0.000360914011 0.000286010036 0.0
0.000357304642 0.000277366576 0.0
0.00035672533 0.000268189062 0.0
0.0003595936 0.000260071363 0.0
0.000365049316 0.000253531209 0.0
0.00037221043 0.000249076373 0.0
0.00038902933 0.000246767566 0.0
0.00039737919 0.000248100085 0.0
0.000405705243 0.00025036899 0.0
0.000413568952 0.000254939136 0.0
0.000418560696 0.000261553563 0.0
0.000421065488 0.000269699347 0.0
0.000421700417 0.000278690626 0.0
0.000419950899 0.000286974391 0.0
0.000415022951 0.000293622201 0.0
0.000408340537 0.000298449624 0.0
0.000390469097 0.000273976097 0.0
0.0008432428 0.000350733084 0.0
0.000832894468 0.000349200243 0.0
0.000823537528 0.00034478525 0.0
0.000815142004 0.00033832551 0.0
0.000807945791 0.000330791954 0.0
0.000802047318 0.000320934836 0.0
0.000800002425 0.000310693344 0.0
0.000801942078 0.000300817424 0.0
0.000806699856 0.000292443438 0.0
0.000813425519 0.000285599235 0.0
0.000821747526 0.000280478387 0.0
0.000840667635 0.000275901228 0.0
0.00085120782 0.000276095205 0.0
0.000860620465 0.000279375701 0.0
0.000868709991 0.000285684509 0.0
0.000874742575 0.00029415582 0.0
0.000879360654 0.0003037891 0.0
0.000881986052 0.000313702069 0.0
0.000881435699 0.000324109453 0.0
0.000877441373 0.000333375327 0.0
0.000870755175 0.000340650353 0.0
0.000862405344 0.000346033106 0.0
0.00084187102 0.000312438642 0.0
-6.7342924e-05 0.000430010492 0.0
-8.17333785e-05 0.000426277722 0.0
-9.46787768e-05 0.000419878663 0.0
-0.000106700449 0.000411322661 0.0
-0.000115931791 0.000399745215 0.0
-0.000120946119 0.000385780091 0.0
-0.000121448233 0.000371310016 0.0
-0.000118014483 0.000357239944 0.0
-0.000111176378 0.000344092841 0.0
-0.000101104561 0.000333065516 0.0
-8.8226232e-05 0.000325140369 0.0
-5.82684988e-05 0.000321172236 0.0
-4.34745671e-05 0.000325353438 0.0
-3.00591928e-05 0.00033289034 0.0
-1.82035201e-05 0.000342041458 0.0
-8.43430462e-06 0.000354026473 0.0
-2.6683847e-06 0.000368687179 0.0
-1.99252258e-06 0.000383893261 0.0
-5.63794401e-06 0.000398329052 0.0
-1.31761635e-05 0.00041116518 0.0
-2.42319329e-05 0.00042122064 0.0
-3.75956806e-05 0.000427922874 0.0
-6.29620627e-05 0.000377022225 0.0
0.000853158417 0.000253719569 0.0
0.000842675159 0.000253412902 0.0
0.000832850172 0.000250562996 0.0
0.000824289862 0.000245048257 0.0
0.000817413791 0.000237262473 0.0
0.000812158454 0.000227876051 0.0
0.000808190147 0.000217760899 0.0
0.00080708717 0.000207067045 0.0
0.000809488934 0.00019689156 0.0
0.000814464991 0.000188044374 0.0
0.000821789028 0.000181223106 0.0
0.000830430014 0.000176330301 0.0
0.000850603508 0.000173165143 0.0
0.000860893051 0.000175323061 0.0
0.000870443007 0.000179245486 0.0
0.000878917228 0.000184197561 0.0
0.000887708855 0.000190670631 0.0
0.000893771125 0.00019975561 0.0
0.000896599493 0.000209517573 0.0
0.000896199606 0.000219030801 0.0
0.000893303892 0.000228189296 0.0
0.000888353388 0.000236445776 0.0
0.000881406362 0.00024355526 0.0
0.000872909557 0.000248820696 0.0
0.000852246827 0.000213640698 0.0
-0.000820312183 0.00059128931 0.0
-0.000829504221 0.00057080877 0.0
-0.000564994174 0.000334803364 0.0
-0.000551385107 0.00031685509 0.0
-0.000466113474 0.000302368513 0.0
-0.000373826362 0.000290613767 0.0
-0.000324427499 0.000277585234 0.0
-0.000304838875 0.000253795995 0.0
-0.000291039672 0.000230584235 0.0
-0.000270354911 0.000192981039 0.0
-0.000230111444 0.00015369468 0.0
-0.000174897039 0.000112877919 0.0
-8.91627278e-05 8.40588909e-05 0.0
-8.60450746e-05 7.11916364e-05 0.0
-6.10198367e-05 4.99354646e-05 0.0
-2.87936946e-05 2.51840484e-05 0.0
6.85445702e-05 -1.67157741e-05 0.0
0.00030385796 6.91210062e-06 0.0
0.000388316868 -8.68610095e-06 0.0
0.000641835213 -2.0682528e-05 0.0
0.00074468099 -6.3191248e-05 0.0
0.000840405177 -7.7883109e-05 0.0
0.000930472859 -8.0404272e-05 0.0
0.00100648007 -7.69251856e-05 0.0
0.00104931428 -6.7993722e-05 0.0
0.00108401547 -5.00395072e-05 0.0
0.0011320276 -3.77442593e-05 0.0
0.00119003758 -3.56972232e-05 0.0
0.00124377117 -3.37264282e-05 0.0
0.00128603342 -1.6500604e-05 0.0
0.00131100893 3.77762785e-06 0.0
0.0013260541 1.28751899e-05 0.0
0.00133733638 1.09694593e-05 0.0
0.00136129907 1.29539221e-05 0.0
0.00140799128 1.10762085e-05 0.0
0.00144173973 2.51840484e-05 0.0
0.00140951353 4.99354646e-05 0.0
0.00138448831 7.11916364e-05 0.0
0.0013813707 8.40588909e-05 0.0
0.00129563641 0.000112877919 0.0
0.00124042202 0.00015369468 0.0
0.00120017852 0.000192981039 0.0
0.00117949373 0.000230584235 0.0
0.00116569456 0.000253795995 0.0
0.00114610593 0.000277585234 0.0
0.00109670707 0.000290613767 0.0
0.00100441987 0.000302368513 0.0
0.000919148268 0.00031685509 0.0
0.0009055392 0.000334803364 0.0
0.000641029153 0.00057080877 0.0
0.000650221249 0.00059128931 0.0
0.00057222246 0.0006267266 0.0
0.000525530195 0.000628604321 0.0
0.000501567614 0.000626619847 0.0
0.000490285282 0.000628525566 0.0
0.000475240086 0.000619427999 0.0
0.000450264663 0.000599149789 0.0
0.000408002408 0.000581923989 0.0
0.000354268821 0.000579953194 0.0
0.000296258746 0.000577906147 0.0
0.000248246652 0.000565610884 0.0
0.000213545514 0.000547656673 0.0
0.000170711239 0.000538725231 0.0
9.47040535e-05 0.000535246101 0.0
4.63639299e-06 0.000537767308 0.0
-9.10878371e-05 0.000552459154 0.0
-0.000193933622 0.00059496786 0.0
-0.000447451952 0.000606964284 0.0
-0.000531910802 0.000622562482 0.0
-0.000767224235 0.000598934654 0.0
0.000498677953 0.000415603397 0.0
0.000526824675 0.000382699072 0.0
0.000538414926 0.000396018702 0.0
0.000487062702 0.00040259253 0.0
0.000513880106 0.00042362875 0.0
0.000511506398 0.000374387484 0.0
0.000499647518 0.000427122985 0.0
0.000525996555 0.000370809401 0.0
0.000539565284 0.000381126971 0.0
0.000486151082 0.00041718359 0.0
0.000478231814 0.000392985297 0.0
0.000547295669 0.000405868952 0.0
0.000500469236 0.000368114328 0.0
0.000524728152 0.000429531297 0.0
0.000478141417 0.000409777625 0.0
0.000535548956 0.000372597453 0.0
0.000491115614 0.00042435556 0.0
0.000517044216 0.000365298532 0.0
0.000547729025 0.000388748565 0.0
0.000508484663 0.000432327477 0.0
0.000540796784 0.000421919365 0.0
0.000484278891 0.000376273209 0.0
0.000480257702 0.000383112638 0.0
0.000544970622 0.000415552262 0.0
0.00055016228 0.000396872405 0.0
0.000475687499 0.000401864061 0.0
0.000534311926 0.000426339073 0.0
0.000490731618 0.000371487666 0.0
0.000508915749 0.000364559382 0.0
0.000516517553 0.000432921195 0.0
0.000499972899 0.000402946374 0.0
0.000525352953 0.000395590527 0.0
0.00051127607 0.000412013615 0.0
0.00051403587 0.000386385014 0.0
-0.000562382338 0.000410223205 0.0
-0.000587195624 0.000413276401 0.0
-0.000573500234 0.000426911196 0.0
-0.000547761912 0.000396328192 0.0
-0.000602163724 0.000406331354 0.0
-0.000543658331 0.000410936307 0.0
-0.000551394711 0.000421362347 0.0
-0.00058548135 0.000429811131 0.0
-0.000577237457 0.000402369507 0.0
-0.000596471829 0.000422408339 0.0
-0.000561847293 0.000396678952 0.0
-0.000591297809 0.000402185455 0.0
-0.000560800836 0.00043144793 0.0
-0.000574571255 0.000415445305 0.0
-0.000570042524 0.000436051254 0.0
-0.000544176262 0.000387658831 0.0
-0.000553405262 0.000388827873 0.0
-0.000605810608 0.000415346498 0.0
-0.000564564718 0.000421071949 0.0
-0.000541810703 0.000419530203 0.0
-0.000539026398 0.000402888865 0.0
-0.000609706563 0.000400640274 0.0
-0.000594853074 0.000430447428 0.0
-0.000599948107 0.000398040749 0.0
-0.000578081817 0.00043602084 0.0
-0.000552723999 0.000404360646 0.0
-0.000583053858 0.000421434874 0.0
-0.000539104629 0.000394285802 0.0
-0.000610684161 0.00040833198 0.0
-0.000596732832 0.000413578993 0.0
-0.000551353907 0.00043055779 0.0
-0.000585305505 0.000395272131 0.0
0.000897568883 0.000373283343 0.0
0.000880675798 0.000376854121 0.0
0.000866357645 0.000384249142 0.0
0.000913854514 0.000374695723 0.0
0.000906566216 0.000371676957 0.0
0.000871750352 0.000378939294 0.0
0.000888506649 0.000372809474 0.0
-0.000631644914 0.000598028593 0.0
-0.000626847905 0.000625660818 0.0
-0.000607617432 0.000611832773 0.0
-0.000632958137 0.000643926673 0.0
-0.000648068846 0.000582428474 0.0
-0.000630043622 0.000581638422 0.0
-0.000609033566 0.000595971884 0.0
-0.000613720273 0.000643815845 0.0
-0.000604673056 0.000627461879 0.0
-0.000640269078 0.000628834183 0.0
-0.000631880364 0.000613962067 0.0
-0.000647387758 0.000596294762 0.0
-0.00061659317 0.000583833898 0.0
-0.000640143058 0.000652776333 0.0
-0.000620165665 0.000604994653 0.0
-0.000597340986 0.000619670667 0.0
-0.000623020169 0.000649643829 0.0
-0.00059930922 0.000603580498 0.0
-0.000640167855 0.000574773992 0.0
-0.000605831039 0.000638551253 0.0
-0.00064407941 0.00064266409 0.0
-0.000658016594 0.000577671977 0.0
-0.00065685861 0.000589393487 0.0
-0.000617756275 0.000619466766 0.0
-0.000638985948 0.000588731025 0.0
-0.000646089728 0.000609505165 0.0
-0.000625424378 0.000636305078 0.0
-0.000650108384 0.000573307683 0.0
-0.000595482823 0.000611513329 0.0
-0.000621529063 0.000592820346 0.0
-0.000630633614 0.000654336822 0.0
-0.000615351193 0.00063231308 0.0
0.000159827832 -5.76367302e-06 0.0
0.000160305441 9.26820667e-06 0.0
0.000168725266 2.54851002e-05 0.0
0.000160519296 -2.53298276e-05 0.0
0.000152320106 1.93632764e-06 0.0
0.000175472975 3.26055197e-05 0.0
0.000160131036 2.04241751e-05 0.0
0.000170303727 1.55986527e-05 0.0
0.00015499047 -1.55424423e-05 0.0
-0.000301649532 0.000604741334 0.0
-0.000310801552 0.000591149786 0.0
-0.000290456024 0.000590105425 0.0
-0.000283913105 0.000602303771 0.0
-0.000305005466 0.000618620717 0.0
-0.000302324275 0.000578647188 0.0
-0.000290536293 0.000614831864 0.0
-0.000319112092 0.000585590664 0.0
-0.000314808247 0.000577323488 0.0
-0.000312538323 0.000600870233 0.0
-0.000301062915 0.000595866819 0.0
-0.000291661097 0.000580313208 0.0
-0.000281186542 0.000590290409 0.0
-0.000311031123 0.000612150994 0.0
-0.000280733366 0.000612120493 0.0
-0.000295519014 0.000622204272 0.0
-0.000321084255 0.00059507502 0.0
-0.000300568645 0.000586896145 0.0
-0.000311457785 0.000621824409 0.0
-0.000292166049 0.000598487153 0.0
-0.000291140634 0.000607212889 0.0
-0.00027686503 0.000597543607 0.0
-0.000307796843 0.000574268633 0.0
-0.000296122336 0.000574357924 0.0
-0.000283628382 0.000583837391 0.0
-0.000322213804 0.000578460342 0.0
-0.000305007794 0.000624283333 0.0
-0.000275705796 0.00060421176 0.0
-0.000299161824 0.000613638607 0.0
-0.00030186685 0.000572438876 0.0
-0.000285409449 0.000620051986 0.0
-0.000327380811 0.000582663168 0.0
-0.000285515795 0.000595432764 0.0
-0.000309209689 0.000582267996 0.0
0.000501978153 -1.54441568e-05 0.0
0.000507371908 -2.58792761e-06 0.0
0.000500273309 -2.02500087e-05 0.0
0.000509481528 1.62116783e-06 0.0
0.00121137127 7.55526125e-05 0.0
0.00124599005 4.75039742e-05 0.0
0.0012640761 5.82423927e-05 0.0
0.00122129684 9.33878036e-05 0.0
0.00124000234 0.000100800222 0.0
0.00126959616 7.50159088e-05 0.0
0.00120180752 6.14699384e-05 0.0
0.00123157434 3.63611834e-05 0.0
0.00120448705 8.74029283e-05 0.0
0.00125955127 4.21210352e-05 0.0
0.00123502244 8.49274147e-05 0.0
0.00121407793 3.89779707e-05 0.0
0.00125742564 9.88648899e-05 0.0
0.00124261051 3.1898795e-05 0.0
0.00119884172 5.11792314e-05 0.0
0.00119436276 6.98994336e-05 0.0
0.00122692785 0.000105291401 0.0
0.0012763089 6.515516e-05 0.0
0.00127263274 8.585654e-05 0.0
0.00121002167 9.79025572e-05 0.0
0.00127052749 4.81289098e-05 0.0
0.00125401013 6.99809971e-05 0.0
0.00121745223 0.000103076331 0.0
0.00125302305 3.39282778e-05 0.0
0.00119549374 8.00599446e-05 0.0
0.00127531099 5.58176471e-05 0.0
0.00120519591 4.32308589e-05 0.0
0.00126634596 9.43970372e-05 0.0
0.00122087961 3.1336207e-05 0.0
0.00125070824 0.000107055246 0.0
0.000607417605 0.000518227869 0.0
0.000593788223 0.000538768771 0.0
0.000629933027 0.000531123194 0.0
0.000584738911 0.000519346271 0.0
0.000628088135 0.000509609526 0.0
0.000599010091 0.000500391005 0.0
0.00061272661 0.000538006541 0.0
0.000614669349 0.000499504211 0.0
0.000577857252 0.000532271748 0.0
0.000639862672 0.000517834967 0.0
0.00058468082 0.000503778458 0.0
0.000592900149 0.000552203855 0.0
0.000637808698 0.000542435388 0.0
0.000605765905 0.000548564072 0.0
0.000624430366 0.000544605893 0.0
0.000628212641 0.0004977567 0.0
0.000597376958 0.000526352145 0.0
0.000582618406 0.000543724687 0.0
0.000596443424 0.000512947503 0.0
0.000604416418 0.000491479412 0.0
0.000641683058 0.000530776684 0.0
0.000620077888 0.0005214907 0.0
0.000615069061 0.000511624035 0.0
0.00057124038 0.00051633257 0.0
0.000640888815 0.000508063065 0.0
0.00058946613 0.00049473095 0.0
0.000571130309 0.000525129144 0.0
0.000574867765 0.000507885765 0.0
0.000620831561 0.00049159152 0.0
0.000612951408 0.000489454484 0.0
0.000603396387 0.000535219559 0.0
0.000619546045 0.000531816506 0.0
0.000588225841 0.000531030761 0.0
0.00061528699 0.000547209755 0.0
0.000605436158 0.000509224017 0.0
0.000630757131 0.000522203802 0.0
0.000595969148 0.00048999564 0.0
0.000574690173 0.000539859233 0.0
0.000647126988 0.000524461793 0.0
0.000610096671 0.000528538367 0.0
0.000636536803 0.000501002825 0.0
-0.000858859101 0.000563349226 0.0
-0.000843382906 0.000560078479 0.0
-0.000864028349 0.00056433212 0.0
-0.000838257838 0.000558926957 0.0
-0.000286820112 0.000497180037 0.0
-0.000305538968 0.000474551431 0.0
-0.000326114678 0.000527628406 0.0
-0.000345521257 0.000505656528 0.0
-0.000344556727 0.000523765921 0.0
-0.000352438743 0.000489436381 0.0
-0.000320154999 0.000464518991 0.0
-0.000287262577 0.000478845352 0.0
-0.000279378932 0.000513010367 0.0
-0.000312169985 0.000537668879 0.0
-0.000271344499 0.000493619358 0.0
-0.000332634605 0.000540560228 0.0
-0.000360055943 0.00050922751 0.0
-0.000299185922 0.000462442695 0.0
-0.000286283786 0.000528768869 0.0
-0.000297359133 0.00053707289 0.0
-0.000345686509 0.00047385419 0.0
-0.000335393124 0.000465031771 0.0
-0.000356039847 0.000519654131 0.0
-0.000361162733 0.000498758571 0.0
-0.000270429766 0.00050371699 0.0
-0.000275036349 0.000483338838 0.0
-0.000322688604 0.000543358852 0.0
-0.000342154584 0.000535354018 0.0
-0.000309295312 0.000459538918 0.0
-0.000289541116 0.000467589824 0.0
-0.000275842787 0.000524270697 0.0
-0.000355923839 0.000478193309 0.0
-0.000328429014 0.000510317506 0.0
-0.00030426617 0.000491438201 0.0
0.000295559526 0.0005257593 0.0
0.000293485384 0.000475870183 0.0
0.000318873761 0.000522519927 0.0
0.000270046236 0.000478623959 0.0
0.000276197679 0.000528983015 0.0
0.000312665099 0.000472871645 0.0
0.000282037159 0.000466082798 0.0
0.000306894304 0.000535642612 0.0
0.000261043286 0.000516012951 0.0
0.000327519665 0.000485386758 0.0
0.00025619255 0.00048472354 0.0
0.000332568015 0.000516091182 0.0
0.000305656489 0.000486967125 0.0
0.000283367262 0.000514479529 0.0
0.000285190617 0.000538095832 0.0
0.000303765875 0.000464080687 0.0
0.00029631544 0.000540575711 0.0
0.00029265543 0.000461471995 0.0
0.000318800507 0.000535665429 0.0
0.000270083896 0.000465886871 0.0
0.000336740719 0.000504719676 0.0
0.000336556608 0.000494334323 0.0
0.000251814345 0.000496213848 0.0
0.000251975522 0.000506889424 0.0
0.000262796704 0.000528003438 0.0
0.00032560539 0.000473805034 0.0
0.000304422865 0.000513047446 0.0
0.000284636189 0.000488274323 0.0
0.000459419476 0.000204845259 0.0
0.000485524506 0.000231727274 0.0
0.000500314403 0.000224258052 0.0
0.000467179576 0.00019126905 0.0
0.000505170727 0.000209730802 0.0
0.000481449621 0.000187959173 0.0
0.000450597319 0.000216729779 0.0
0.000474090339 0.000238712833 0.0
0.000496160705 0.000237082626 0.0
0.000453722751 0.000194450651 0.0
0.000491954677 0.000214052838 0.0
0.000453377259 0.000229899772 0.0
0.000501770468 0.000196923109 0.0
0.000445186364 0.000207699355 0.0
0.000481934228 0.000244018476 0.0
0.000465321093 0.000240958296 0.0
0.000510576414 0.000220132802 0.0
0.000472260377 0.000182580436 0.0
0.000489990576 0.000186118472 0.0
0.000458374358 0.000186180638 0.0
0.000505287724 0.000233302038 0.0
0.000509526813 0.000227616605 0.0
0.000446483056 0.000199272734 0.0
0.000464473182 0.000182726653 0.0
0.000490567705 0.000243368733 0.0
0.000477786176 0.000199174348 0.0
0.000457889459 0.00023653121 0.0
0.000497237721 0.000190632869 0.0
0.000446014106 0.000224881151 0.0
0.000509341829 0.000201770774 0.0
0.000462561613 0.000215784486 0.0
-4.65823105e-05 0.000133678055 0.0
-2.3903207e-05 8.12923754e-05 0.0
-7.11728208e-05 0.00012925941 0.0
-2.64698992e-05 0.000137842435 0.0
-1.06362941e-05 9.4806579e-05 0.0
-8.31921861e-05 0.000115287126 0.0
-4.3592343e-05 9.60731559e-05 0.0
-6.18738195e-05 0.000144863967 0.0
-4.11489091e-05 0.000148583989 0.0
-7.69776307e-05 8.62315574e-05 0.0
-8.87604983e-06 0.000131102483 0.0
-3.15883744e-06 0.00011077294 0.0
-5.90516902e-05 8.39095446e-05 0.0
-2.82088131e-05 9.32723269e-05 0.0
-4.02847581e-05 8.15632156e-05 0.0
-7.39036477e-05 0.00014270618 0.0
-5.17350345e-05 0.00014988982 0.0
-2.89911841e-05 0.000151448956 0.0
-1.1608352e-05 8.26901087e-05 0.0
-8.47970514e-05 0.000100260237 0.0
-8.19258494e-05 0.000136280709 0.0
-8.67534327e-05 0.000126937812 0.0
-1.90968985e-05 0.000148497289 0.0
-1.18756579e-05 0.000142205317 0.0
-5.1635594e-05 0.000121096469 0.0
1.15208991e-06 0.000101023201 0.0
-2.14413444e-06 0.000121813566 0.0
0.00140668801 6.62558014e-05 0.0
0.00142682041 6.35570832e-05 0.0
0.00140196353 6.58957724e-05 0.0
0.0014310882 6.20085848e-05 0.0
0.00139303133 6.97464857e-05 0.0
0.00144077034 6.3430889e-05 0.0
-0.000237867556 0.000249533128 0.0
-0.000227513083 0.000315407 0.0
-0.000204307013 0.000257273641 0.0
-0.000254666986 0.000311698619 0.0
-0.000202974988 0.000320235908 0.0
-0.000261616631 0.000250209734 0.0
-0.000217260167 0.000238042252 0.0
-0.000184057717 0.000269260112 0.0
-0.000273278973 0.000292929093 0.0
-0.000240268404 0.000328075635 0.0
-0.000243762421 0.000230521051 0.0
-0.000187197351 0.000307092821 0.0
-0.000190322928 0.000243467177 0.0
-0.000212833373 0.000332195021 0.0
-0.000276849256 0.000254910294 0.0
-0.000256590371 0.000326726993 0.0
-0.00026751266 0.000320273131 0.0
-0.000275187806 0.000309643365 0.0
-0.000226914344 0.000335420482 0.0
-0.000229485202 0.000228561214 0.0
-0.000257407373 0.000235134619 0.0
-0.000213350213 0.000301659282 0.0
-0.000180755742 0.000253907114 0.0
-0.000201946124 0.000235219646 0.0
-0.000173674125 0.000280652923 0.0
-0.000284196896 0.000281069282 0.0
-0.000282739667 0.000267511205 0.0
-0.000176244837 0.000294267462 0.0
-0.000243078888 0.000296094397 0.0
-0.000187445083 0.000320043095 0.0
0.000212599291 0.000174156696 0.0
0.000196358713 0.00013602362 0.0
0.000178261544 0.000139148891 0.0
0.000195099128 0.00018029417 0.0
0.00016882029 0.000151212895 0.0
0.00022701241 0.00016821592 0.0
0.000211251696 0.000131088105 0.0
0.000211018414 0.000185518584 0.0
0.000186684774 0.00012737808 0.0
0.000180043455 0.000178510862 0.0
0.000230252786 0.000153613335 0.0
0.000226967823 0.000178218121 0.0
0.000214383326 0.000161322125 0.0
0.000224776915 0.000138408883 0.0
0.000203499876 0.000124260856 0.0
0.000163185745 0.000159157222 0.0
0.000165961479 0.000140722739 0.0
0.000201624556 0.000190083651 0.0
0.000193463333 0.000189930448 0.0
0.000185570985 0.000186767982 0.0
0.000175815891 0.000128720218 0.0
0.000183202632 0.000152058128 0.0
0.000220874601 0.000184970457 0.0
0.000194394903 0.000122681071 0.0
0.000169570121 0.000133411842 0.0
0.000165823643 0.000168326675 0.0
0.000170263171 0.000175907306 0.0
0.000235406609 0.00016231036 0.0
0.000199677423 0.000168803468 0.0
0.0002211221 0.000130152199 0.0
0.000232123944 0.000144618927 0.0
0.000396466407 0.000260668196 0.0
0.000393244904 0.000288588402 0.0
0.000379329402 0.000286567869 0.0
0.000382609724 0.000258879882 0.0
0.000404411665 0.000288653187 0.0
0.000407258514 0.000263580761 0.0
0.000368970912 0.000279571716 0.0
0.000392831629 0.000253354345 0.0
0.000388206216 0.000294979283 0.0
0.000370962691 0.000262128422 0.0
0.000413827365 0.000267862488 0.0
0.000405702362 0.000256719126 0.0
0.000411863177 0.000286425726 0.0
0.000401497353 0.000294796424 0.0
0.000395058014 0.000296926301 0.0
0.000399764802 0.000253156759 0.0
0.000384931831 0.000251613237 0.0
0.000378680532 0.000252376049 0.0
0.000373670686 0.000255311694 0.0
0.000380162237 0.000294590718 0.0
0.000374214316 0.000291914243 0.0
0.00036993387 0.000287336065 0.0
0.000415525545 0.000274642545 0.0
0.000414956216 0.000280509033 0.0
0.000363984378 0.000273253419 0.0
0.000364560226 0.000266226125 0.0
0.000399935321 0.000269022014 0.0
0.000398522476 0.000281468005 0.0
0.00085721066 0.000301057036 0.0
0.000822926057 0.000319682236 0.0
0.000860803353 0.000320543477 0.0
0.000818696455 0.000304490532 0.0
0.000851177669 0.000289029093 0.0
0.000826139003 0.000333381264 0.0
0.000868902891 0.000309666968 0.0
0.00085872889 0.000333754724 0.0
0.000825181371 0.00029172271 0.0
0.000812379702 0.000315278216 0.0
0.000866546703 0.000294029567 0.0
0.000837230415 0.000339165359 0.0
0.000872422126 0.00032561415 0.0
0.000817164895 0.000330557756 0.0
0.000844981289 0.000282703084 0.0
0.000808968674 0.00030606697 0.0
0.000810449768 0.000299268519 0.0
0.000815263309 0.000293715304 0.0
0.000811610837 0.000323819986 0.0
0.000871204131 0.000301212567 0.0
0.000860700209 0.000287870644 0.0
0.000833950646 0.000324430206 0.0
0.000868347299 0.000332738156 0.0
0.000874601712 0.000317595492 0.0
0.000829203927 0.000284718262 0.0
0.000854776707 0.000341234292 0.0
0.000846823212 0.000342481071 0.0
0.000836799329 0.000282711844 0.0
0.000830203528 0.000307616923 0.0
0.000830063596 0.00034140583 0.0
-8.41760193e-05 0.000396524323 0.0
-6.37143894e-05 0.00034951829 0.0
-5.20827489e-05 0.000404460821 0.0
-3.97018557e-05 0.000350838702 0.0
-2.43787235e-05 0.000366186345 0.0
-0.000100206365 0.000387661392 0.0
-8.56359038e-05 0.0003441585 0.0
-7.12222973e-05 0.000412700581 0.0
-3.25625588e-05 0.00040393247 0.0
-5.36440566e-05 0.000336856931 0.0
-9.4580857e-05 0.000409053493 0.0
-4.78968614e-05 0.000420239288 0.0
-9.88511893e-05 0.000355142023 0.0
-7.73367065e-05 0.000333710574 0.0
-0.000109831257 0.000378163735 0.0
-1.44269698e-05 0.000376326527 0.0
-2.38730736e-05 0.000351818569 0.0
-3.93538648e-05 0.000337927835 0.0
-6.52859017e-05 0.000330741837 0.0
-3.01765431e-05 0.000342981453 0.0
-0.000102920108 0.00040078655 0.0
-8.42827503e-05 0.000415854476 0.0
-6.05891364e-05 0.000421657169 0.0
-3.65399537e-05 0.000416333874 0.0
-0.000107861131 0.0003661144 0.0
-1.4889707e-05 0.000388684857 0.0
-1.89046532e-05 0.000399750046 0.0
-4.30911168e-05 0.000368308334 0.0
-7.68202881e-05 0.000359993748 0.0
-9.90629924e-05 0.000344487926 0.0
-6.76895288e-05 0.000397772266 0.0
0.000856513972 0.000235642787 0.0
0.000833755126 0.000228196106 0.0
0.000870000222 0.000199672228 0.0
0.000847617397 0.000190906576 0.0
0.000822034723 0.000219538459 0.0
0.000842174806 0.00024029761 0.0
0.000861897599 0.000187540049 0.0
0.000833017693 0.000188774502 0.0
0.000870393473 0.000237000815 0.0
0.000882077962 0.000207990495 0.0
0.000857465435 0.000246777665 0.0
0.000878339924 0.000191620333 0.0
0.000825723051 0.00023640634 0.0
0.000846415292 0.00017987765 0.0
0.00088440621 0.000221383714 0.0
0.00088038377 0.000230968901 0.0
0.000819440233 0.000205188175 0.0
0.00082264794 0.000194620268 0.0
0.000820690359 0.00022946042 0.0
0.000832437014 0.000242087219 0.0
0.000855393591 0.000180444607 0.0
0.000838183041 0.000181267256 0.0
0.000848737371 0.000247201096 0.0
0.000865559792 0.00024478542 0.0
0.000883897708 0.000198177338 0.0
0.000871429511 0.000186420657 0.0
0.000814192172 0.000212479688 0.0
0.000889833493 0.000214559754 0.0
0.000847511285 0.000224729607 0.0
0.000855889171 0.000202266543 0.0
0.000102510603 0.000453024957 0.0
0.000870108721 8.7987537e-05 0.0
0.000116817435 0.000510255399 0.0
0.000731886888 6.03843364e-05 0.0
-9.8597493e-06 0.000441169337 0.0
0.00027080148 0.000384310028 0.0
-6.95212802e-05 0.000522240647 0.0
0.000557132647 9.11821262e-05 0.0
0.000858778716 0.000356298406 0.0
0.000833156577 0.000142829551 0.0
0.000622108462 0.000279854255 0.0
-0.000305161462 0.000397671742 0.0
0.00114804029 0.000158124909 0.0
0.000227590906 0.000264195056 0.0
0.00104461506 0.000223215902 0.0
0.00104847841 3.02334884e-05 0.0
0.000235713698 0.000439131109 0.0
0.000428175495 0.00011216334 0.0
-1.12232028e-05 0.000263559341 0.0
-0.000680174155 0.000516485423 0.0
0.000425207108 0.000253027916 0.0
0.000146767139 0.000365435699 0.0
-3.4456305e-05 0.000482230098 0.0
0.000984280254 9.75102594e-05 0.0
0.000686159066 0.000402761536 0.0
0.000735802692 0.000135922732 0.0
0.000873975863 9.94615129e-06 0.0
0.000275758153 0.00043648525 0.0
-0.000545536517 0.000495264132 0.0
0.000669290603 2.32253715e-05 0.0
7.11486064e-05 0.000256869243 0.0
-3.00977754e-05 0.000202870331 0.0
6.99463635e-05 0.000569658529 0.0
0.000618263672 0.000116676623 0.0
0.000393343071 0.000359595608 0.0
0.000281037734 0.000285434129 0.0
-2.53197068e-05 0.000234015621 0.0
-4.33023888e-05 0.000557472871 0.0
0.000313527737 0.000405931642 0.0
-0.000115471441 0.000472624059 0.0
0.000523200782 0.000300434505 0.0
3.47414571e-05 0.000387782726 0.0
6.89186272e-05 0.000494119246 0.0
0.000339100749 4.8176018e-05 0.0
9.73802526e-05 0.000420167838 0.0
0.000962364778 0.000128925385 0.0
0.000387105596 8.66674091e-05 0.0
0.00104210211 0.000273326208 0.0
0.000481006515 0.00013156647 0.0
-0.000357579876 0.000383767765 0.0
-0.000201506118 0.000535621191 0.0
-0.000375881005 0.000436465838 0.0
0.000981107471 4.20137349e-06 0.0
0.000607100141 0.000237190368 0.0
0.000765249366 0.000189272017 0.0
2.95971913e-05 2.43336126e-05 0.0
0.000433211622 0.000230351885 0.0
-0.000227034005 0.000356495148 0.0
0.00114511943 1.17081336e-05 0.0
0.00113567361 0.000180244475 0.0
0.000664782303 0.00013459372 0.0
0.000794980791 -1.11502741e-05 0.0
0.000126660438 0.000297739287 0.0
0.000268770062 0.000210596845 0.0
0.00102183467 0.000194708613 0.0
0.000800518377 7.25380742e-05 0.0
0.00040409909 0.00017021659 0.0
0.000261475478 6.17847545e-05 0.0
0.000413755391 0.000524554111 0.0
0.000950267247 0.000259325461 0.0
0.000360391074 7.50890831e-05 0.0
-0.000116923708 0.000489368162 0.0
0.00123898906 0.00012058876 0.0
0.00107916119 6.57977798e-05 0.0
-0.000232518098 0.000395611802 0.0
0.00107891089 0.000152833454 0.0
0.00072067976 0.000175177382 0.0
0.000202056268 0.000492918945 0.0
-0.000485737517 0.000458521041 0.0
-0.000152421693 0.000514128129 0.0
0.000670354464 0.000325238972 0.0
0.000201996678 0.000418818643 0.0
-0.00018262204 0.000164348632 0.0
0.000747287355 0.000277835556 0.0
0.000499949267 7.33189518e-05 0.0
0.000476892426 0.00050097506 0.0
0.000263472612 0.000348277943 0.0
-0.000709099113 0.000549414137 0.0
0.00076336565 0.000430094078 0.0
0.000610855292 0.00043951947 0.0
0.000599589548 3.93756236e-05 0.0
0.000436871254 0.000339531747 0.0
0.000113921262 9.96151139e-05 0.0
0.000365561777 0.000385533116 0.0
-7.72781204e-05 0.000315001875 0.0
0.000471349194 0.000315902114 0.0
0.000153188565 0.000312448159 0.0
2.94503752e-06 0.000487238925 0.0
0.000832551974 0.000116759562 0.0
0.000331140705 0.000410596404 0.0
0.000180225092 0.000243200324 0.0
0.000556211162 0.000139960917 0.0
0.000846983399 0.000348535745 0.0
0.00020751117 0.000309642026 0.0
-0.000708027219 0.000490185455 0.0
0.000787813973 0.000380896556 0.0
0.000325165951 0.000223775845 0.0
0.000849993376 0.00015059716 0.0
0.000350308255 0.000420873781 0.0
0.00135907833 7.61035262e-05 0.0
0.000982141704 6.67470522e-05 0.0
-0.000411302259 0.000580344407 0.0
-0.000497131783 0.000521226844 0.0
-0.000601518143 0.000528633303 0.0
-0.000599146064 0.000481404393 0.0
-6.99475859e-05 0.00050976593 0.0
6.03208864e-05 0.000225996482 0.0
0.000199608621 0.000466638478 0.0
0.000880523701 0.000365662912 0.0
0.000674461829 0.000364667096 0.0
-0.000387021777 0.000410378416 0.0
-8.74860125e-05 0.000216808883 0.0
0.000258283777 0.000327477203 0.0
4.94969172e-05 0.000449921004 0.0
0.0012217547 0.000134208982 0.0
0.000534762919 0.000264753064 0.0
0.00054756616 0.00025202462 0.0
-4.65582016e-05 0.000585341069 0.0
5.30151956e-05 0.000587526651 0.0
0.000871122815 0.000359121244 0.0
0.000426755229 0.000245945703 0.0
0.000146112332 0.000459419884 0.0
-5.00485694e-05 0.000439396099 0.0
0.0011257336 0.000222698145 0.0
8.40038228e-06 0.00029258104 0.0
0.000162951052 0.000391147711 0.0
0.000336141151 0.000406112376 0.0
-8.06649041e-05 0.000281275512 0.0
0.000964012695 0.000221171664 0.0
-0.000145281403 0.000561722554 0.0
0.00108677044 -1.42197212e-06 0.0
0.00104038545 0.000105439052 0.0
0.000581933768 0.000325631758 0.0
4.51721062e-05 0.000208796409 0.0
0.000915111741 3.78076402e-05 0.0
0.000351444294 0.00014461347 0.0
1.09745661e-05 0.000152534049 0.0
0.00100331032 0.000143694997 0.0
0.00113741541 3.98715383e-05 0.0
0.000663510524 7.04098638e-05 0.0
0.00131802331 0.000100022247 0.0
0.000755841611 -2.98459381e-05 0.0
0.000888284354 0.000117277923 0.0
0.00106729148 0.000296288723 0.0
0.000456380687 6.39278587e-05 0.0
0.000586630602 0.000220118396 0.0
-7.80142e-05 0.000250847021 0.0
-0.000310497504 0.000431196153 0.0
0.000221917304 8.22273141e-05 0.0
1.55407561e-05 0.000194357213 0.0
-0.000470113737 0.000597823819 0.0
-0.000165092904 0.000464879035 0.0
-0.00020568227 0.000365519023 0.0
6.27761037e-05 0.000398727891 0.0
0.00136448047 6.02509499e-05 0.0
0.000225184791 0.000325952482 0.0
0.000457283837 0.000546632567 0.0
-0.000397856114 0.000359701458 0.0
0.00021221528 0.000529276265 0.0
0.000530528952 0.00047811374 0.0
0.000140927674 0.000227608791 0.0
-0.000167694438 0.000127690393 0.0
0.000570547127 0.000458371738 0.0
-0.000733677356 0.000568161893 0.0
-0.000176447022 0.000511418621 0.0
0.000661673839 0.000178296061 0.0
0.000228900666 0.000426702696 0.0
0.00117598835 0.000140188742 0.0
1.27201724e-06 0.00052509096 0.0
0.000312959251 2.77483941e-05 0.0
-0.000401321857 0.000452554552 0.0
-0.000753753528 0.000561628549 0.0
0.000334969693 0.000339506107 0.0
3.70148155e-05 6.97365567e-06 0.0
-0.000262107904 0.000552958867 0.0
0.000162361641 9.01559033e-05 0.0
-0.000755670539 0.000573407626 0.0
0.000673784234 0.000441419281 0.0
0.000334171782 0.000549036951 0.0
-0.00047206445 0.000439044699 0.0
0.000942932558 -2.59620483e-05 0.0
-0.00031144137 0.000561440771 0.0
0.00101996702 0.000179494542 0.0
-0.000475616456 0.000336089899 0.0
0.000963994535 0.000281558721 0.0
0.000293172721 0.000446471095 0.0
0.000606804737 0.000409739732 0.0
0.000696201576 0.000247334159 0.0
-0.000739580602 0.000529078126 0.0
-0.00028627069 0.000361166894 0.0
-3.78938421e-05 0.000465419755 0.0
0.000728641287 9.918859e-05 0.0
0.00120557309 -2.78641983e-06 0.0
0.000440059404 0.00025529429 0.0
0.000800142472 3.37067213e-05 0.0
4.62593052e-05 0.000551955891 0.0
-0.000554191356 0.000461587944 0.0
0.000362911494 0.000234763662 0.0
-0.00020599553 0.000409746484 0.0
0.000637257006 7.06444007e-06 0.0
-3.69044501e-05 0.000513873878 0.0
0.000882044085 -3.44074579e-05 0.0
9.00625455e-05 0.000319907122 0.0
0.000748111634 0.000211830076 0.0
-0.00064878288 0.000544385926 0.0
0.000749448664 0.000294023834 0.0
0.000138374337 0.000480430434 0.0
0.000606840011 6.61921149e-05 0.0
0.000726357044 2.33314386e-05 0.0
0.000802346505 0.000104382518 0.0
0.000494910055 0.000104706531 0.0
-0.000151870117 0.000179895447 0.0
-0.000171767548 0.000502030016 0.0
-0.000639186241 0.000477573951 0.0
0.000445552607 0.000495398883 0.0
0.00070421322 0.000200178998 0.0
0.00089852151 0.000127097213 0.0
-2.26293687e-05 4.81709503e-05 0.0
-0.000114512419 0.000212919113 0.0
0.000603735796 0.000582686684 0.0
-0.000462818716 0.000483730924 0.0
0.000380103447 0.000399662851 0.0
0.000442399993 0.00036568474 0.0
0.00129254535 8.65717302e-05 0.0
0.000569280121 0.000251840858 0.0
-0.000223545401 0.000526150165 0.0
0.000675217889 0.000101122532 0.0
1.59370047e-05 0.00057919207 0.0
5.57581734e-05 0.000305036927 0.0
7.55301153e-05 2.40418503e-05 0.0
5.66289091e-05 0.000351610128 0.0
0.000432208122 0.000236818145 0.0
0.00108343444 8.19163251e-05 0.0
-0.000737395021 0.000566911418 0.0
0.000407480838 1.97163554e-05 0.0
0.000406335806 0.00022691513 0.0
-0.000427502819 0.000598690473 0.0
0.000989821507 4.03744925e-05 0.0
0.000186996112 0.000485995581 0.0
0.000250929035 3.63694635e-05 0.0
0.000427133229 0.000470135623 0.0
0.000573378056 0.000161556236 0.0
0.000929136178 8.91644668e-05 0.0
0.0010280899 0.000148968233 0.0
-0.000355035736 0.00056210818 0.0
0.000127271443 0.000337378966 0.0
0.000186352743 0.000515612424 0.0
0.000534072053 0.000333771692 0.0
0.000186670848 7.93794025e-05 0.0
-0.000196752124 0.000331288291 0.0
0.000235529267 0.000541335728 0.0
8.02926152e-05 0.000147559025 0.0
0.00103913329 -1.99348033e-05 0.0
0.00077604031 0.000450846099 0.0
0.000697895361 0.000345919078 0.0
0.000806370983 0.000261570007 0.0
-4.95312779e-05 0.000599048333 0.0
0.00041981056 0.000144041886 0.0
-4.89511185e-05 0.000178970964 0.0
0.000301475258 0.00016967945 0.0
-0.000557343941 0.000537823769 0.0
-1.61062981e-05 0.000546847354 0.0
0.00121172937 0.000150586144 0.0
0.000141905868 0.000424267782 0.0
-0.000218885296 0.000193665619 0.0
0.000194927183 0.00051641569 0.0
-0.000430328102 0.000598706305 0.0
0.000375841628 0.000329031085 0.0
-7.30179236e-05 0.000505285629 0.0
0.000543400995 0.000245909003 0.0
0.000463996432 0.000158958021 0.0
6.61122613e-05 0.000134112299 0.0
-0.00047567577 0.000539861561 0.0
0.00129576831 9.87712338e-05 0.0
0.000403001904 0.000384072249 0.0
-5.01792092e-05 0.000450779713 0.0
-0.00073203526 0.000480775052 0.0
0.000220005153 0.000213716936 0.0
0.000429368432 0.000251343212 0.0
0.00032710057 0.00017998548 0.0
0.00084947166 0.00035244957 0.0
0.000832085265 0.000368913723 0.0
0.000374862051 0.000197256872 0.0
0.00135317538 4.68489525e-05 0.0
-5.14494714e-05 6.58286735e-05 0.0
0.000317026279 0.000367185334 0.0
9.02165411e-05 7.8634388e-05 0.0
0.000884826353 0.000266169198 0.0
0.000481257332 0.000339044287 0.0
-0.000140288903 0.000578387524 0.0
0.00101325591 0.00025265952 0.0
0.00133863103 7.36167931e-05 0.0
2.44019902e-05 0.000506155309 0.0
0.00111236121 0.000257300446 0.0
-0.000323193206 0.000548361859 0.0
0.000861310924 0.000279766857 0.0
0.000343584426 0.000103763348 0.0
0.000345948996 0.000228738922 0.0
0.00058789074 0.000103328704 0.0
0.000388680928 0.000424730039 0.0
0.000455106056 0.000527416531 0.0
0.000502995739 0.00056184642 0.0
0.000264397968 0.000269313809 0.0
0.000464090583 0.000292575191 0.0
0.000533171056 4.30802756e-05 0.0
0.000290754688 8.61728331e-05 0.0
0.000573510362 0.000231587401 0.0
-0.000144066231 0.00052407023 0.0
0.000407379266 5.27191223e-05 0.0
0.00033286176 0.000262576737 0.0
-0.000303429231 0.000382743019 0.0
0.00109066139 0.000177759473 0.0
0.000320587569 9.0016918e-05 0.0
0.00102030986 0.000313271274 0.0
0.000108923137 0.000352670148 0.0
-0.000436081842 0.000454513618 0.0
0.000269342592 0.000401735393 0.0
0.00116463494 0.000187792975 0.0
-0.000122193669 0.00019381303 0.0
-0.000174278422 0.000571635028 0.0
-0.000183756376 0.00045526406 0.0
3.91581198e-05 0.000433578185 0.0
3.99264936e-05 0.000533053128 0.0
0.00130650098 4.03771955e-05 0.0
-0.000436903676 0.000398437347 0.0
-0.000113420458 0.000332548545 0.0
9.84773578e-05 0.000145660902 0.0
-0.000459552743 0.0004465846 0.0
-9.5071664e-05 0.000274448161 0.0
0.000133216585 0.000526602147 0.0
-9.87987223e-05 0.000248996686 0.0
-0.00021559844 0.000557689811 0.0
0.00130031293 2.85093865e-05 0.0
-0.000111418267 0.000448404346 0.0
0.000107039217 0.000511053891 0.0
0.000644931919 0.00036512778 0.0
-0.000468023674 0.00030017292 0.0
-7.53534623e-05 0.000541716407 0.0
0.000361610262 0.00019195753 0.0
-2.1985133e-07 0.000505246338 0.0
-2.10245507e-05 0.000248220196 0.0
0.000512912695 0.000151517786 0.0
0.000860016909 6.54715841e-05 0.0
0.00131414004 3.40046718e-05 0.0
0.000919289887 0.000156304697 0.0
-0.000307897368 0.00056758296 0.0
3.51688177e-05 0.000140767821 0.0
0.000224743417 0.000525541313 0.0
7.01063691e-05 0.000476107904 0.0
0.00057580095 0.000292621669 0.0
0.000439120573 4.84906195e-05 0.0
0.000749259663 0.000375473261 0.0
0.000242398601 0.000540299574 0.0
0.00080797699 0.000399716926 0.0
-3.67105895e-05 0.000306217727 0.0
0.000696522882 0.000222527437 0.0
0.000107508953 0.000128650543 0.0
0.001028709 1.16444917e-05 0.0
0.000572202844 1.75308451e-05 0.0
0.000952186412 0.000213522973 0.0
0.000166964834 0.000438720628 0.0
0.000343168998 0.000175222696 0.0
0.000353575626 0.000202981668 0.0
0.00106132193 0.000200764189 0.0
-0.000216874658 0.000522849907 0.0
0.000527514669 0.000116686861 0.0
0.000815075589 0.000182406468 0.0
-0.000164955592 0.000340621948 0.0
0.000519367401 0.000255752937 0.0
0.000121981873 0.000269353477 0.0
0.000692846486 -2.12019131e-05 0.0
-0.000431996275 0.000429985783 0.0
7.52904452e-05 0.000509118196 0.0
4.93611551e-05 0.000162974757 0.0
0.000402017467 9.79539036e-05 0.0
-0.00012114839 0.000314851961 0.0
0.000389485969 0.000554234779 0.0
0.000434446469 0.000500610971 0.0
-0.000139776821 0.000135846043 0.0
0.0010135239 7.88179095e-05 0.0
0.000333340198 0.000128014901 0.0
0.000872890989 0.000366072927 0.0
0.00046097525 0.000530412304 0.0
6.61615632e-05 0.000127909065 0.0
-8.35178871e-05 0.000472124317 0.0
-0.000333470496 0.000446475373 0.0
0.000973823539 0.000301277469 0.0
8.01399801e-05 1.49520616e-07 0.0
0.00110664708 0.000202927637 0.0
0.00054988428 6.75103438e-05 0.0
0.00010561556 0.000399473676 0.0
0.000709466462 0.000467440317 0.0
0.000609360985 0.000174128014 0.0
0.000955746917 0.000114162067 0.0
0.00116428779 0.000159698204 0.0
-2.50862176e-05 0.000410158915 0.0
1.71129996e-05 4.47086168e-05 0.0
0.00115234545 -1.34783522e-05 0.0
0.000405650004 0.000386295782 0.0
2.55418672e-06 0.000421060628 0.0
0.00125012209 8.93595541e-07 0.0
0.000251238293 0.000330942537 0.0
0.000772846572 0.000169751846 0.0
0.000181527925 0.000272608799 0.0
0.00130824 2.36838132e-05 0.0
0.000756567228 0.000145072292 0.0
-0.00043710848 0.000567612413 0.0
0.000404873252 0.000440915464 0.0
0.000412411842 0.000384793268 0.0
0.000428611558 0.00031991335 0.0
6.55426775e-05 0.000336315483 0.0
-8.70905751e-06 3.07580594e-05 0.0
0.000334012089 0.000203464399 0.0
0.000643205829 0.000203251839 0.0
0.000365925574 1.62031301e-05 0.0
-0.000390674686 0.000335749733 0.0
3.02674107e-05 0.000259082386 0.0
0.000257363252 0.000437656417 0.0
0.000175539084 0.000523656781 0.0
-0.000768387574 0.000552540761 0.0
5.91784374e-05 0.000187099315 0.0
0.000274998165 0.000231886152 0.0
0.000839870074 -4.813552e-05 0.0
0.000686898711 0.000217262364 0.0
-0.000542159192 0.000448471721 0.0
0.000928660622 0.000321751402 0.0
0.000631116389 0.000258338609 0.0
0.000177991868 0.000289005082 0.0
0.00114894251 5.19748537e-05 0.0
-0.000345590088 0.00041889603 0.0
-0.000196622059 0.00043119429 0.0
0.000223165494 5.50864388e-05 0.0
0.00100136444 -3.2173517e-05 0.0
0.0011937666 1.86017751e-05 0.0
0.000675013987 0.000285797316 0.0
-0.000274552207 0.000243284012 0.0
0.000481914089 0.000462404889 0.0
-0.000592540368 0.000457752525 0.0
0.000323435874 0.000185656128 0.0
0.000213639316 0.00039889646 0.0
0.000829736877 0.000255194638 0.0
0.000113049333 0.000207827805 0.0
0.000986748841 0.000181697527 0.0
0.000462607481 0.000355001335 0.0
-0.000176840273 0.000370284222 0.0
0.000789090351 0.000146869119 0.0
0.00062984426 0.000137180657 0.0
-0.000329848786 0.000346491142 0.0
0.0014073588 2.9077717e-05 0.0
-0.000289372663 0.000243350194 0.0
0.000700595381 0.000340633298 0.0
-0.000474813045 0.000553148915 0.0
-0.000776061614 0.000589375792 0.0
0.00104778993 0.000126432118 0.0
0.000762754236 0.000248241646 0.0
0.000926892215 6.8408076e-06 0.0
-0.0006236544 0.000507057062 0.0
0.000241657341 0.000194877663 0.0
-0.000258820626 0.000378781871 0.0
-0.000767401361 0.000522201997 0.0
-0.000444139878 0.000346828281 0.0
0.00134980783 7.65830773e-05 0.0
0.000644308922 0.000420395925 0.0
-0.000124844912 0.000173718712 0.0
0.000691396359 0.000142244549 0.0
0.000251985912 0.000101490281 0.0
0.000565978466 0.000599973893 0.0
0.000238067631 0.000373063318 0.0
0.000482806412 0.000262410758 0.0
0.00110048149 2.80645509e-05 0.0
0.00131835567 8.66161718e-05 0.0
-0.000281269691 0.000246686745 0.0
0.00107788108 0.000101482125 0.0
0.000255991588 0.000471615844 0.0
0.0010505981 5.22692972e-05 0.0
0.000625113025 0.000302487344 0.0
0.000719840522 0.000217727575 0.0
-0.000186878387 0.000199712813 0.0
0.00065483147 0.000366823107 0.0
0.00117778429 0.000145232741 0.0
-0.000265489827 0.00042530481 0.0
0.000408708118 0.000453285029 0.0
0.00016437695 0.000350764545 0.0
-0.00077299471 0.000563695736 0.0
0.000311816053 0.000322709529 0.0
0.000305288879 0.000116178337 0.0
-0.000135437032 0.000539230765 0.0
-0.000184087621 0.000511348539 0.0
0.000927527493 6.37449266e-05 0.0
-0.000245413423 0.000345419423 0.0
0.000441201613 0.000176513582 0.0
0.00113193726 0.00012549189 0.0
0.000278287742 0.000553446123 0.0
0.000745626108 0.0004070586 0.0
0.000541861868 0.00046301409 0.0
0.000979888719 0.000238421577 0.0
-0.000673815841 0.000561732217 0.0
-0.000451423752 0.000442813849 0.0
0.000359503756 0.000526652555 0.0
0.000818173692 0.000410142675 0.0
0.000913710275 0.000246056734 0.0
-0.000276736333 0.000400445773 0.0
0.000477257097 0.00051594415 0.0
0.000611443713 0.000607645256 0.0
0.000267681811 0.000320407358 0.0
-0.000533539453 0.000621711137 0.0
0.000760674709 0.000106619074 0.0
0.000557898195 0.000435663969 0.0
7.88031684e-05 4.11593355e-05 0.0
-6.46197077e-05 0.000289336109 0.0
0.000624159875 0.000468473387 0.0
-0.000122203288 0.00050329417 0.0
0.00110560376 0.000162287906 0.0
0.000419901422 2.92685945e-05 0.0
-0.000467295293 0.000558664789 0.0
0.00106855924 0.00024671288 0.0
-0.000222912946 0.000169747334 0.0
-0.000193489352 0.000494676409 0.0
0.00129038724 1.18548069e-05 0.0
-0.000417499279 0.00045547483 0.0
-0.000489512458 0.000565302733 0.0
4.24081409e-05 0.000467385282 0.0
0.000608396018 0.00023162656 0.0
0.000621568412 0.000355644122 0.0
0.000835951185 -9.38472766e-08 0.0
1.89332241e-05 3.75112086e-06 0.0
0.0002779059 0.000421131524 0.0
0.000536490057 0.000499321788 0.0
0.00122790132 0.000117509073 0.0
-0.00026688748 0.000541003363 0.0
-0.00024224291 0.000212519735 0.0
0.000849664328 4.35943621e-05 0.0
0.000179700699 0.000211540362 0.0
0.000852995785 0.000266676216 0.0
0.000764764787 2.58971831e-05 0.0
0.000238856926 0.000464820943 0.0
0.000222442715 0.000241642352 0.0
-0.000504983123 0.000575181097 0.0
0.000205008997 0.000361098035 0.0
-0.000321358268 0.000556708605 0.0
8.24176386e-05 0.000345203705 0.0
0.000494709588 4.55836489e-05 0.0
0.000197964968 0.00036021648 0.0
-0.000548348704 0.00055667141 0.0
0.000765500357 6.689781e-05 0.0
-0.000183005352 0.000324811117 0.0
-0.000105714324 0.000491289189 0.0
0.000191979212 0.000297609688 0.0
9.54181378e-05 -1.60910113e-05 0.0
0.000368561305 5.39251778e-05 0.0
