-0.000547285308 -3.91268986e-05 0.0
-0.000533850864 -5.11812468e-05 0.0
-0.000542029273 -4.67939462e-05 0.0
-0.000541069137 -4.07685038e-05 0.0
-0.000196642388 -3.32741911e-05 0.0
-0.000177002585 -2.96716953e-05 0.0
-0.000156457041 -2.68106414e-05 0.0
-0.000192143882 -1.53484216e-05 0.0
-0.000609150506 -2.68106414e-05 0.0
-0.000629696005 -2.96716953e-05 0.0
-0.000649335852 -3.32741911e-05 0.0
-0.000363774307 -2.28227254e-05 0.0
-0.000356157456 -4.36523551e-05 0.0
-0.000348837581 -6.53497773e-05 0.0
-0.000318236678 -4.26345359e-05 0.0
-4.04437669e-05 -1.57320792e-05 0.0
-4.77636604e-05 5.96534392e-06 0.0
-5.53805075e-05 2.67949745e-05 0.0
-0.000454220484 -3.67034727e-06 0.0
-0.000448932435 -1.37184361e-05 0.0
-0.000443266501 -2.6695634e-05 0.0
-0.000411737536 -1.14072109e-05 0.0
-0.000134872709 2.29220659e-05 0.0
-0.000140538643 3.58992656e-05 0.0
-0.000145826678 4.59473522e-05 0.0
-0.000475871726 -2.78653042e-05 0.0
-0.000453535496 -5.12606857e-05 0.0
-0.00046274357 -4.51652559e-05 0.0
-0.000462003751 -3.56414712e-05 0.0
-0.000643743435 -3.93375667e-05 0.0
-0.000663841667 -4.10298344e-05 0.0
-0.000683281687 -4.15475915e-05 0.0
-0.000642130442 -8.21334397e-05 0.0
-0.000230588266 -4.15475915e-05 0.0
-0.000211148217 -4.10298344e-05 0.0
-0.00019105 -3.93375667e-05 0.0
-0.000326241308 -4.72004922e-06 0.0
-0.000306429691 -5.00608548e-05 0.0
-0.000320661144 -3.86283464e-05 0.0
-0.000314495177 -1.96018518e-05 0.0
-0.000582066656 -6.23104352e-05 0.0
-0.000556772342 -5.65953269e-05 0.0
-0.00056942529 -6.07297407e-05 0.0
-0.000569792115 -6.1352177e-05 0.0
-0.000312911638 -1.01469814e-05 0.0
-0.000280845765 -2.11259448e-05 0.0
-0.000308864022 -1.40088632e-05 0.0
-0.000285994232 -1.73725275e-05 0.0
-0.000106038089 -3.51456038e-05 0.0
-8.45402028e-05 -3.31374285e-05 0.0
-6.89340959e-05 -3.26383743e-05 0.0
-0.000116891555 3.21412017e-06 0.0
-0.000105640422 -1.9132216e-05 0.0
-8.95676567e-05 -1.45356134e-05 0.0
-0.000521627546 -3.26383743e-05 0.0
-0.00053723366 -3.31374285e-05 0.0
-0.000558731554 -3.51456038e-05 0.0
-0.000203608506 -1.76470021e-05 0.0
-0.000180090341 -4.03226732e-05 0.0
-0.000195374785 -3.06516013e-05 0.0
-0.000184938486 -2.74885642e-05 0.0
-0.000198355468 9.62573176e-06 0.0
-0.0001606109 -1.38214155e-05 0.0
-0.000192679945 1.31419506e-06 0.0
-0.000168229715 -3.44566774e-06 0.0
-0.000349658978 -1.9755742e-05 0.0
-0.000326765788 -3.01703458e-05 0.0
-0.0003425389 -2.81010962e-05 0.0
-0.000338601734 -2.36696342e-05 0.0
-0.000561311608 -1.24742737e-05 0.0
-0.000542493421 -5.51858902e-05 0.0
-0.000558874395 -2.55253963e-05 0.0
-0.000545171846 -4.382302e-05 0.0
-0.000296337414 -1.2839645e-05 0.0
-0.000267109193 -1.98341349e-05 0.0
-0.000281727494 -1.39378717e-05 0.0
-0.000280829321 -1.38900186e-05 0.0
-0.000437058625 -3.44196378e-05 0.0
-0.00041244668 -5.12559636e-05 0.0
-0.00043103387 -4.98899826e-05 0.0
-0.000424405764 -4.34528738e-05 0.0
-0.000308393792 -4.96177017e-05 0.0
0.0 0.0 0.0
-0.000452693464 0.0 0.0
-0.000761087227 -4.96177017e-05 0.0
-0.000549665769 -3.98354423e-05 0.0
-0.00055221346 -4.12281515e-05 0.0
-0.000554081518 -4.27900231e-05 0.0
-0.000554765982 -4.40846379e-05 0.0
-0.00055433833 -4.52056738e-05 0.0
-0.000553043559 -4.62288954e-05 0.0
-0.00055149378 -4.75737652e-05 0.0
-0.000549058546 -4.90700731e-05 0.0
-0.000545476913 -5.04538839e-05 0.0
-0.000541654299 -5.1308496e-05 0.0
-0.000537738029 -5.15616484e-05 0.0
-0.000530175166 -4.99838388e-05 0.0
-0.000526997203 -4.81895768e-05 0.0
-0.000524900737 -4.61367563e-05 0.0
-0.000524353469 -4.4346667e-05 0.0
-0.000525950163 -4.28266103e-05 0.0
-0.00052936346 -4.17826232e-05 0.0
-0.000533357612 -4.11985202e-05 0.0
-0.00053809263 -4.0891955e-05 0.0
-0.000542936265 -3.98871707e-05 0.0
-0.000545012881 -3.94635681e-05 0.0
-0.000545456132 -3.90386413e-05 0.0
-0.000540969544 -4.34402646e-05 0.0
-0.000192715554 -3.27437774e-05 0.0
-0.000186639474 -3.16229962e-05 0.0
-0.000166297745 -2.77663621e-05 0.0
-0.000159067713 -2.70056717e-05 0.0
-0.000160114141 -2.57576321e-05 0.0
-0.000163506178 -2.49057775e-05 0.0
-0.000166442653 -2.3111761e-05 0.0
-0.00017012062 -2.07406429e-05 0.0
-0.000174330984 -1.81587493e-05 0.0
-0.000179688868 -1.61447824e-05 0.0
-0.00018559517 -1.51625854e-05 0.0
-0.000198003501 -1.62296001e-05 0.0
-0.000201606264 -1.73865083e-05 0.0
-0.00020314999 -1.89506463e-05 0.0
-0.000203328789 -2.11728202e-05 0.0
-0.000203041971 -2.40528043e-05 0.0
-0.000201786141 -2.72180878e-05 0.0
-0.000199580652 -3.01285618e-05 0.0
-0.000611761177 -2.70056717e-05 0.0
-0.000618991209 -2.77663621e-05 0.0
-0.000639332924 -3.16229962e-05 0.0
-0.000645408989 -3.27437774e-05 0.0
-0.000645923836 -3.66579188e-05 0.0
-0.000641873339 -3.92052498e-05 0.0
-0.000636505603 -4.09481981e-05 0.0
-0.000630014751 -4.14135466e-05 0.0
-0.000622498861 -4.02760452e-05 0.0
-0.000614139659 -3.68691581e-05 0.0
-0.000605384761 -3.10101786e-05 0.0
-0.000605712179 -2.75085695e-05 0.0
-0.000362022722 -2.83301597e-05 0.0
-0.000359599333 -3.52250063e-05 0.0
-0.000352733594 -5.21839356e-05 0.0
-0.000350369053 -5.93434379e-05 0.0
-0.000339920574 -6.56588454e-05 0.0
-0.00033116492 -6.43927706e-05 0.0
-0.000323781278 -6.22965454e-05 0.0
-0.000319068378 -5.95446545e-05 0.0
-0.000316805032 -5.58510692e-05 0.0
-0.00031605101 -5.14951862e-05 0.0
-0.000316597812 -4.68774197e-05 0.0
-0.000321209984 -3.85115454e-05 0.0
-0.000325041387 -3.40456245e-05 0.0
-0.000330227631 -2.94024667e-05 0.0
-0.00033690795 -2.52538102e-05 0.0
-0.000344892498 -2.21799255e-05 0.0
-0.00035219657 -2.06841414e-05 0.0
-0.000358454417 -2.087547e-05 0.0
-4.19752541e-05 -9.72573616e-06 0.0
-4.43398021e-05 -2.56623593e-06 0.0
-5.12055194e-05 1.43926918e-05 0.0
-5.36289117e-05 2.12875402e-05 0.0
-6.02795262e-05 2.34573799e-05 0.0
-6.44540924e-05 1.90016017e-05 0.0
-6.71522939e-05 1.41580622e-05 0.0
-6.78791184e-05 9.32501916e-06 0.0
-6.67976274e-05 4.62801745e-06 0.0
-6.45116816e-05 -1.20785216e-07 0.0
-6.07782276e-05 -5.39053281e-06 0.0
-5.54093422e-05 -9.97831467e-06 0.0
-4.83392032e-05 -1.3605576e-05 0.0
-0.000452097971 -7.55367455e-06 0.0
-0.00044574216 -2.08964102e-05 0.0
-0.000436865957 -2.93332378e-05 0.0
-0.000430264132 -3.09176794e-05 0.0
-0.000424237282 -3.12900629e-05 0.0
-0.000418855285 -3.02670305e-05 0.0
-0.000412623369 -2.67265932e-05 0.0
-0.000407526299 -2.18877722e-05 0.0
-0.000405978353 -1.76084995e-05 0.0
-0.000407863612 -1.44325204e-05 0.0
-0.0004165133 -8.23016035e-06 0.0
-0.00042220598 -5.3730364e-06 0.0
-0.000428957253 -3.10790301e-06 0.0
-0.000436173199 -1.42377633e-06 0.0
-0.00044251504 -2.86386268e-07 0.0
-0.000447052618 1.31865306e-07 0.0
-0.000449774059 2.13780265e-08 0.0
-0.000452043081 -1.46184709e-06 0.0
-0.000137348354 2.87212897e-05 0.0
-0.000143704179 4.20640245e-05 0.0
-0.000147400671 4.28066887e-05 0.0
-0.000147981162 3.90666501e-05 0.0
-0.000147210929 3.49456459e-05 0.0
-0.000144743884 3.06692746e-05 0.0
-0.000140692457 2.6573749e-05 0.0
-0.000483276614 -3.03230445e-05 0.0
-0.000484764751 -3.2624208e-05 0.0
-0.000482437783 -3.39085964e-05 0.0
-0.000479524169 -3.59918085e-05 0.0
-0.000476514484 -3.84420782e-05 0.0
-0.000473411812 -4.09815402e-05 0.0
-0.000469336519 -4.31844601e-05 0.0
-0.000466260593 -4.56796115e-05 0.0
-0.000464264594 -4.74917942e-05 0.0
-0.000461417541 -4.92948748e-05 0.0
-0.000457684917 -5.0771625e-05 0.0
-0.000449500163 -5.0879742e-05 0.0
-0.000445801124 -4.96179127e-05 0.0
-0.000442760793 -4.7708927e-05 0.0
-0.000440818374 -4.52163004e-05 0.0
-0.000440333068 -4.24273821e-05 0.0
-0.000440980541 -3.91590693e-05 0.0
-0.000443044846 -3.54167678e-05 0.0
-0.000447065162 -3.1702526e-05 0.0
-0.000452273933 -2.87441344e-05 0.0
-0.000458744122 -2.68139283e-05 0.0
-0.000466485944 -2.63637157e-05 0.0
-0.000463160075 -4.08746746e-05 0.0
-0.000651956187 -4.01275029e-05 0.0
-0.000675568415 -4.14977185e-05 0.0
-0.000685802312 -4.53540451e-05 0.0
-0.000687041727 -5.01213617e-05 0.0
-0.00068719429 -5.58590582e-05 0.0
-0.000685456733 -6.19926723e-05 0.0
-0.000681306352 -6.84181214e-05 0.0
-0.00067482196 -7.40349642e-05 0.0
-0.000666484935 -7.81859999e-05 0.0
-0.000657245226 -8.10616257e-05 0.0
-0.000648338755 -8.24020099e-05 0.0
-0.000637749967 -8.04406445e-05 0.0
-0.000633333169 -7.73531574e-05 0.0
-0.000629359798 -7.35336434e-05 0.0
-0.000626871188 -6.93274051e-05 0.0
-0.000626103079 -6.46278058e-05 0.0
-0.000627165311 -5.93607765e-05 0.0
-0.000629475398 -5.36590815e-05 0.0
-0.000633164193 -4.80596391e-05 0.0
-0.000637858582 -4.30718937e-05 0.0
-0.000222874995 -4.14977185e-05 0.0
-0.000199262708 -4.01275029e-05 0.0
-0.000197707719 -3.69084519e-05 0.0
-0.000205331293 -3.56358578e-05 0.0
-0.000213341569 -3.58308498e-05 0.0
-0.00022079912 -3.7192789e-05 0.0
-0.000226723991 -3.91699905e-05 0.0
-0.00033422737 -5.92830565e-06 0.0
-0.000342318934 -9.35502248e-06 0.0
-0.000349897542 -1.45968379e-05 0.0
-0.000353844924 -2.02517604e-05 0.0
-0.000354000251 -2.47320368e-05 0.0
-0.000351120631 -2.90063217e-05 0.0
-0.000347469875 -3.27032176e-05 0.0
-0.000343583495 -3.67723733e-05 0.0
-0.000338568148 -4.10935936e-05 0.0
-0.000332388794 -4.54543551e-05 0.0
-0.000324427558 -4.85713717e-05 0.0
-0.000315576995 -5.01400282e-05 0.0
-0.000298186555 -4.86290846e-05 0.0
-0.000292731565 -4.65780722e-05 0.0
-0.000289900025 -4.42346427e-05 0.0
-0.000288559619 -4.05994979e-05 0.0
-0.000288181909 -3.61622879e-05 0.0
-0.000288890646 -3.12865086e-05 0.0
-0.000290326512 -2.60742618e-05 0.0
-0.000293011894 -2.09001228e-05 0.0
-0.000297505496 -1.58171133e-05 0.0
-0.000303364737 -1.11955969e-05 0.0
-0.000310451869 -7.6541819e-06 0.0
-0.000318215083 -5.38613267e-06 0.0
-0.000318036648 -2.98900795e-05 0.0
-0.000580600987 -6.26566107e-05 0.0
-0.000578807376 -6.29931747e-05 0.0
-0.000577194092 -6.29243659e-05 0.0
-0.000575390412 -6.24657332e-05 0.0
-0.000572801684 -6.16743782e-05 0.0
-0.000569847994 -6.07295769e-05 0.0
-0.000566440285 -5.96853679e-05 0.0
-0.000562844099 -5.85108901e-05 0.0
-0.000559191569 -5.74724654e-05 0.0
-0.000556730898 -5.66517156e-05 0.0
-0.000558913453 -5.73563011e-05 0.0
-0.000561291527 -5.79939842e-05 0.0
-0.000563496316 -5.88715193e-05 0.0
-0.000565403549 -5.99062296e-05 0.0
-0.000567275158 -6.07770962e-05 0.0
-0.00056881574 -6.09938943e-05 0.0
-0.000570986245 -6.08017326e-05 0.0
-0.000574416656 -6.08796581e-05 0.0
-0.000577743689 -6.13871089e-05 0.0
-0.000581003318 -6.2055864e-05 0.0
-0.000569641415 -6.10181851e-05 0.0
-0.00031833438 -1.1749471e-05 0.0
-0.000319726765 -1.1751169e-05 0.0
-0.000318422011 -1.21493622e-05 0.0
-0.000316644175 -1.2934016e-05 0.0
-0.000315757585 -1.50252099e-05 0.0
-0.000314775418 -1.73047265e-05 0.0
-0.000311984651 -1.85040717e-05 0.0
-0.000308115152 -1.99636397e-05 0.0
-0.000303060719 -2.129522e-05 0.0
-0.000297033985 -2.20086004e-05 0.0
-0.000289327931 -2.23015959e-05 0.0
-0.00027479697 -1.97798472e-05 0.0
-0.000273862068 -1.91858944e-05 0.0
-0.000276332139 -1.89230068e-05 0.0
-0.000278509717 -1.83474094e-05 0.0
-0.00028051468 -1.70813619e-05 0.0
-0.000282598339 -1.54577992e-05 0.0
-0.000285646965 -1.3763578e-05 0.0
-0.000289384654 -1.20200957e-05 0.0
-0.000294171477 -1.06548459e-05 0.0
-0.00029971599 -9.68466793e-06 0.0
-0.000305966329 -9.65404797e-06 0.0
-0.000297326216 -1.55926136e-05 0.0
-9.7181779e-05 -3.42504354e-05 0.0
-7.34856803e-05 -3.27776215e-05 0.0
-6.92164613e-05 -3.01729106e-05 0.0
-6.92438189e-05 -2.65503295e-05 0.0
-6.986269e-05 -2.21570699e-05 0.0
-7.12324982e-05 -1.7041968e-05 0.0
-7.42938209e-05 -1.15859812e-05 0.0
-7.94624939e-05 -5.97065127e-06 0.0
-8.70744261e-05 -1.33961942e-06 0.0
-9.66576699e-05 2.02588944e-06 0.0
-0.000107780426 3.55185466e-06 0.0
-0.000120829704 2.20330207e-06 0.0
-0.000121213809 9.02718398e-07 0.0
-0.000122230238 -1.37839413e-06 0.0
-0.000123675403 -4.75720162e-06 0.0
-0.000124806989 -9.31958948e-06 0.0
-0.000124711252 -1.4724521e-05 0.0
-0.000122642276 -2.03373802e-05 0.0
-0.00011871897 -2.61104487e-05 0.0
-0.000113078146 -3.11119511e-05 0.0
-0.000526179152 -3.27776215e-05 0.0
-0.0005498752 -3.42504354e-05 0.0
-0.000550164084 -3.80250349e-05 0.0
-0.000539752364 -3.85166095e-05 0.0
-0.000529276149 -3.73990551e-05 0.0
-0.000522636692 -3.46735651e-05 0.0
-0.00020998386 -1.89997299e-05 0.0
-0.000211328108 -2.03963082e-05 0.0
-0.000209455509 -2.21748087e-05 0.0
-0.000207313424 -2.40586942e-05 0.0
-0.00020516981 -2.59927274e-05 0.0
-0.000202593292 -2.80325621e-05 0.0
-0.00019974263 -3.02813205e-05 0.0
-0.000196270004 -3.30860457e-05 0.0
-0.000191713014 -3.5899262e-05 0.0
-0.000186932521 -3.80677448e-05 0.0
-0.000182927703 -3.97164767e-05 0.0
-0.000177837937 -4.00353929e-05 0.0
-0.000175765439 -3.90951718e-05 0.0
-0.000174215937 -3.74841184e-05 0.0
-0.000173195862 -3.51206072e-05 0.0
-0.000172805871 -3.2046908e-05 0.0
-0.000173485867 -2.85832703e-05 0.0
-0.000175469526 -2.50678186e-05 0.0
-0.000178737362 -2.20122547e-05 0.0
-0.000183287295 -1.9562438e-05 0.0
-0.000189031212 -1.77997808e-05 0.0
-0.000195726214 -1.70207204e-05 0.0
-0.0001912484 -2.96676772e-05 0.0
-0.000205663106 8.09124504e-06 0.0
-0.000206945449 7.15254646e-06 0.0
-0.000205069548 6.64742538e-06 0.0
-0.000203536183 5.37703863e-06 0.0
-0.000202176787 3.25197334e-06 0.0
-0.00020025167 2.54617248e-07 0.0
-0.000197499234 -3.49237007e-06 0.0
-0.000193074418 -7.02076295e-06 0.0
-0.0001871204 -1.04058072e-05 0.0
-0.000179080744 -1.28603924e-05 0.0
-0.000168944243 -1.39997937e-05 0.0
-0.000157763498 -1.27481617e-05 0.0
-0.000158281124 -1.17294594e-05 0.0
-0.000157636314 -9.64433275e-06 0.0
-0.00015697749 -6.98258964e-06 0.0
-0.000157257644 -4.17836372e-06 0.0
-0.000158642622 -1.06670711e-06 0.0
-0.000161745687 2.21248251e-06 0.0
-0.00016601356 5.57551812e-06 0.0
-0.000172052736 8.28775046e-06 0.0
-0.000179624039 1.0191502e-05 0.0
-0.000188732462 1.05429026e-05 0.0
-0.000180350136 -1.33447486e-06 0.0
-0.000352604955 -2.05509095e-05 0.0
-0.000355406344 -2.20144229e-05 0.0
-0.000357183482 -2.35497755e-05 0.0
-0.000357275479 -2.50720041e-05 0.0
-0.000355333439 -2.66583502e-05 0.0
-0.000351922965 -2.81823432e-05 0.0
-0.000347021676 -2.9553883e-05 0.0
-0.0003409934 -3.04799469e-05 0.0
-0.000334329146 -3.12125994e-05 0.0
-0.000327530113 -3.09685383e-05 0.0
-0.000329121802 -3.01959644e-05 0.0
-0.000330171693 -3.02020089e-05 0.0
-0.000330082577 -2.96802755e-05 0.0
-0.000329394097 -2.76131414e-05 0.0
-0.000329317088 -2.43461618e-05 0.0
-0.000331084913 -2.22665203e-05 0.0
-0.000334904937 -2.07072972e-05 0.0
-0.00033993143 -1.94100594e-05 0.0
-0.000343800406 -1.93672913e-05 0.0
-0.000346807152 -1.93733158e-05 0.0
-0.000340372091 -2.65133567e-05 0.0
-0.000570159405 -1.5356396e-05 0.0
-0.000580004009 -2.08526944e-05 0.0
-0.000585272443 -2.7033997e-05 0.0
-0.000582604727 -2.92042569e-05 0.0
-0.000579587533 -3.22310952e-05 0.0
-0.00057626504 -3.60113008e-05 0.0
-0.000571817684 -4.05480059e-05 0.0
-0.000565888942 -4.4610053e-05 0.0
-0.000559284352 -4.82623836e-05 0.0
-0.0005554565 -5.0847033e-05 0.0
-0.000550224388 -5.33697203e-05 0.0
-0.000533995742 -5.52122874e-05 0.0
-0.00052501366 -5.22087357e-05 0.0
-0.000517092238 -4.69181978e-05 0.0
-0.000512875733 -4.06957515e-05 0.0
-0.000513023289 -3.61995299e-05 0.0
-0.000516623142 -3.16593432e-05 0.0
-0.000522278191 -2.63662369e-05 0.0
-0.000529362063 -2.18006626e-05 0.0
-0.000537457236 -1.76946014e-05 0.0
-0.000545825111 -1.42962053e-05 0.0
-0.000553863763 -1.24571307e-05 0.0
-0.000551744888 -3.44655673e-05 0.0
-0.00029318867 -1.25791639e-05 0.0
-0.000291550299 -1.22780666e-05 0.0
-0.000290563505 -1.19764909e-05 0.0
-0.00028976149 -1.18605376e-05 0.0
-0.000288943149 -1.2113208e-05 0.0
-0.000287761795 -1.30600383e-05 0.0
-0.000286321301 -1.47456176e-05 0.0
-0.000284198468 -1.68039005e-05 0.0
-0.000281020912 -1.85569515e-05 0.0
-0.000277226296 -1.98027119e-05 0.0
-0.000272813573 -2.02390675e-05 0.0
-0.000262387737 -1.85223889e-05 0.0
-0.000262327754 -1.77323327e-05 0.0
-0.000265427865 -1.784095e-05 0.0
-0.000268087431 -1.74713314e-05 0.0
-0.000270442164 -1.65578895e-05 0.0
-0.000273128011 -1.54430982e-05 0.0
-0.000275906525 -1.4172485e-05 0.0
-0.000279713422 -1.30032686e-05 0.0
-0.000284899492 -1.23586879e-05 0.0
-0.000290623342 -1.18485486e-05 0.0
-0.000296485116 -1.22567399e-05 0.0
-0.000280735461 -1.33368521e-05 0.0
-0.000441525772 -3.42636704e-05 0.0
-0.000446623191 -3.57531244e-05 0.0
-0.000451908592 -3.9325143e-05 0.0
-0.000455492322 -4.37450071e-05 0.0
-0.000455321511 -4.68631479e-05 0.0
-0.00045185574 -4.84707816e-05 0.0
-0.000446788821 -5.00918686e-05 0.0
-0.000440931908 -5.1553041e-05 0.0
-0.000435133319 -5.26782605e-05 0.0
-0.000429078413 -5.33592283e-05 0.0
-0.000423848367 -5.34791252e-05 0.0
-0.000418548618 -5.26847834e-05 0.0
-0.000407233223 -4.94481828e-05 0.0
-0.00040678517 -4.90925268e-05 0.0
-0.000408436026 -4.86204553e-05 0.0
-0.000411063054 -4.77435788e-05 0.0
-0.00041407565 -4.66537567e-05 0.0
-0.000416821451 -4.54610163e-05 0.0
-0.000420122931 -4.42035162e-05 0.0
-0.00042354071 -4.25427861e-05 0.0
-0.000425617356 -4.08163069e-05 0.0
-0.000427200663 -3.91294088e-05 0.0
-0.000429536274 -3.71345886e-05 0.0
-0.000432996196 -3.55000266e-05 0.0
-0.000427037827 -4.63769866e-05 0.0
-0.000291757606 -4.30606233e-05 0.0
-0.000267114548 -3.9874034e-05 0.0
-0.00012655725 -1.71123065e-05 0.0
-0.000124277562 -1.43748548e-05 0.0
-0.000139189069 -2.45592109e-05 0.0
-0.000156645809 -3.57134522e-05 0.0
-0.000161530232 -4.05328865e-05 0.0
-0.000152961555 -4.14142523e-05 0.0
-0.000135480717 -4.20454344e-05 0.0
-0.000116221076 -4.13867019e-05 0.0
-0.000102698817 -3.88062654e-05 0.0
-9.87719541e-05 -3.45593035e-05 0.0
-4.14083879e-05 -3.49935799e-05 0.0
-2.93808625e-05 -3.02519911e-05 0.0
-2.10925991e-05 -2.09720656e-05 0.0
-1.1907835e-05 -1.05054378e-05 0.0
-1.58769581e-05 -3.43133661e-06 0.0
-8.2824612e-05 2.91829692e-05 0.0
-0.000108638931 2.6794216e-05 0.0
-0.000173175853 4.1024301e-05 0.0
-0.000199175964 2.70875244e-05 0.0
-0.000226596254 5.70102475e-06 0.0
-0.00025095715 -9.31262457e-06 0.0
-0.0002702286 -1.66496411e-05 0.0
-0.000283671456 -1.70329331e-05 0.0
-0.000302310655 -1.78009923e-05 0.0
-0.000326024427 -2.14863612e-05 0.0
-0.000351346855 -2.83846894e-05 0.0
-0.000375262985 -3.51837443e-05 0.0
-0.000396554038 -3.95948082e-05 0.0
-0.000413046189 -3.64885564e-05 0.0
-0.000419393356 -3.1848871e-05 0.0
-0.000421925361 -2.18945333e-05 0.0
-0.000426672108 -1.32229916e-05 0.0
-0.000437716139 -4.91677565e-06 0.0
-0.000464601297 -1.05054378e-05 0.0
-0.000473786058 -2.09720656e-05 0.0
-0.000482074305 -3.02519911e-05 0.0
-0.000494101841 -3.49935799e-05 0.0
-0.000551465375 -3.45593035e-05 0.0
-0.000555392297 -3.88062654e-05 0.0
-0.000568914518 -4.13867019e-05 0.0
-0.000588174153 -4.20454344e-05 0.0
-0.000605655019 -4.14142523e-05 0.0
-0.000614223711 -4.05328865e-05 0.0
-0.000609339273 -3.57134522e-05 0.0
-0.000591882505 -2.45592109e-05 0.0
-0.000576971041 -1.43748548e-05 0.0
-0.000579250685 -1.71123065e-05 0.0
-0.000719807984 -3.9874034e-05 0.0
-0.00074445107 -4.30606233e-05 0.0
-0.00074610993 -5.45344774e-05 0.0
-0.0007350659 -6.28406924e-05 0.0
-0.000730319181 -7.15122369e-05 0.0
-0.000727787148 -8.14665691e-05 0.0
-0.00072144001 -8.61062581e-05 0.0
-0.000704947859 -8.92125099e-05 0.0
-0.000683656777 -8.48014461e-05 0.0
-0.000659740646 -7.80023911e-05 0.0
-0.000634418218 -7.1104063e-05 0.0
-0.000610704476 -6.74186886e-05 0.0
-0.000592065277 -6.66506312e-05 0.0
-0.000578622392 -6.6267341e-05 0.0
-0.000559350941 -5.89303236e-05 0.0
-0.000534990046 -4.39166761e-05 0.0
-0.000507569755 -2.25301756e-05 0.0
-0.000481569645 -8.59339707e-06 0.0
-0.000417032716 -2.2823484e-05 0.0
-0.000391218404 -2.04347307e-05 0.0
-0.000324270746 -5.30490361e-05 0.0
-0.000547816046 -4.33076566e-05 0.0
-0.000533446379 -4.4116503e-05 0.0
-0.000534773339 -4.18684976e-05 0.0
-0.00054790877 -4.53843204e-05 0.0
-0.000545982854 -4.12904046e-05 0.0
-0.00053531304 -4.68966246e-05 0.0
-0.000550044177 -4.23805177e-05 0.0
-0.000530231337 -4.59920593e-05 0.0
-0.000529804558 -4.33812347e-05 0.0
-0.000551188888 -4.4301778e-05 0.0
-0.000548070879 -4.72020183e-05 0.0
-0.000536519452 -4.09345339e-05 0.0
-0.000536855892 -4.92127692e-05 0.0
-0.000545256888 -3.99422788e-05 0.0
-0.000551435282 -4.54779292e-05 0.0
-0.000527993834 -4.48104547e-05 0.0
-0.000551588251 -4.33840723e-05 0.0
-0.000531276048 -4.79416121e-05 0.0
-0.00053055567 -4.21445584e-05 0.0
-0.000549005519 -4.10415923e-05 0.0
-0.00054241094 -3.9776387e-05 0.0
-0.000542983355 -4.93461666e-05 0.0
-0.000545475457 -4.85385972e-05 0.0
-0.000540137466 -4.02854494e-05 0.0
-0.000532901147 -4.15463655e-05 0.0
-0.000550428347 -4.63238866e-05 0.0
-0.000543671486 -3.96851792e-05 0.0
-0.000540251378 -4.95856148e-05 0.0
-0.000533539453 -4.9015136e-05 0.0
-0.000547351316 -4.02616133e-05 0.0
-0.000544817478 -4.42457022e-05 0.0
-0.00053730316 -4.2826392e-05 0.0
-0.000544092502 -4.24309146e-05 0.0
-0.00053761882 -4.48686587e-05 0.0
-0.000177909606 -2.33416431e-05 0.0
-0.00019061043 -2.46033451e-05 0.0
-0.000189910235 -2.04991647e-05 0.0
-0.000166322759 -2.50398316e-05 0.0
-0.000194482083 -2.79186934e-05 0.0
-0.000170856118 -2.26888733e-05 0.0
-0.00017768293 -2.06646091e-05 0.0
-0.00019623783 -2.05573888e-05 0.0
-0.000182115327 -2.60437519e-05 0.0
-0.00019750536 -2.32079183e-05 0.0
-0.000171934895 -2.55524847e-05 0.0
-0.000188736944 -2.76821156e-05 0.0
-0.000185778059 -1.86442194e-05 0.0
-0.000185796787 -2.31334197e-05 0.0
-0.000192152496 -1.80984989e-05 0.0
-0.000161398042 -2.59746394e-05 0.0
-0.000164836369 -2.61278637e-05 0.0
-0.000198368041 -2.59963726e-05 0.0
-0.000183321143 -2.12770865e-05 0.0
-0.000173301625 -2.07270059e-05 0.0
-0.000166535581 -2.4151781e-05 0.0
-0.000195680637 -3.03521447e-05 0.0
-0.000199959715 -2.10926573e-05 0.0
-0.000191232335 -2.99867388e-05 0.0
-0.00019584455 -1.8582321e-05 0.0
-0.000171419393 -2.4042025e-05 0.0
-0.000191903615 -2.23974548e-05 0.0
-0.000163348421 -2.52133577e-05 0.0
-0.000198042864 -2.8311917e-05 0.0
-0.000194596039 -2.55113591e-05 0.0
-0.000181031151 -1.81422929e-05 0.0
-0.000183544078 -2.86427839e-05 0.0
-0.000621561077 -3.27047528e-05 0.0
-0.000633269025 -3.55280026e-05 0.0
-0.000642208033 -3.53204232e-05 0.0
-0.000610911869 -2.84900398e-05 0.0
-0.000614375691 -3.08233721e-05 0.0
-0.000638520985 -3.64817824e-05 0.0
-0.000627521193 -3.54206713e-05 0.0
-0.000335090357 -4.8818154e-05 0.0
-0.000341882434 -3.74912925e-05 0.0
-0.000328163063 -4.16541006e-05 0.0
-0.00035113105 -2.98185987e-05 0.0
-0.000338690763 -5.70746233e-05 0.0
-0.000328476337 -5.51870944e-05 0.0
-0.000323819986 -4.74519693e-05 0.0
-0.000341557956 -2.8507322e-05 0.0
-0.000331629708 -3.54992881e-05 0.0
-0.000349777256 -3.72470313e-05 0.0
-0.000340525556 -4.25814869e-05 0.0
-0.000342996471 -5.12150436e-05 0.0
-0.000322813343 -5.28207202e-05 0.0
-0.000357592624 -2.62240537e-05 0.0
-0.000331714895 -4.51015039e-05 0.0
-0.000326133682 -3.81955142e-05 0.0
-0.00034823062 -2.62244612e-05 0.0
-0.000322339358 -4.40029689e-05 0.0
-0.000331406278 -5.92408505e-05 0.0
-0.000335694669 -3.05832582e-05 0.0
-0.000356202916 -3.14966164e-05 0.0
-0.000343100575 -6.06332942e-05 0.0
-0.000346150657 -5.52721722e-05 0.0
-0.000335291144 -3.93897135e-05 0.0
-0.000335784105 -5.33508683e-05 0.0
-0.000346600253 -4.57163915e-05 0.0
-0.000344767526 -3.27580383e-05 0.0
-0.000336775585 -6.13076336e-05 0.0
-0.000323111191 -4.09906534e-05 0.0
-0.000328309339 -4.98359586e-05 0.0
-0.000353561772 -2.4455685e-05 0.0
-0.000338379235 -3.39556682e-05 0.0
-5.48798562e-05 7.77640423e-07 0.0
-5.88944822e-05 6.7582605e-06 0.0
-5.90992386e-05 1.43495718e-05 0.0
-4.89396116e-05 -7.87989211e-06 0.0
-6.08526134e-05 3.07793493e-06 0.0
-5.77327846e-05 1.84977453e-05 0.0
-6.20475039e-05 1.10197316e-05 0.0
-5.53901955e-05 1.05440922e-05 0.0
-5.48998796e-05 -4.08251753e-06 0.0
-0.000436206697 -9.59780664e-06 0.0
-0.000433973124 -1.73424851e-05 0.0
-0.000421532313 -1.38099431e-05 0.0
-0.00042571142 -8.54142127e-06 0.0
-0.000445382786 -4.50527705e-06 0.0
-0.000422372308 -2.1802698e-05 0.0
-0.000436953764 -4.52838412e-06 0.0
-0.000435913855 -2.19796548e-05 0.0
-0.000429348351 -2.57765241e-05 0.0
-0.000439766882 -1.31827837e-05 0.0
-0.000431019551 -1.3262018e-05 0.0
-0.000416070019 -1.82084332e-05 0.0
-0.000416294148 -1.25174302e-05 0.0
-0.00044459512 -8.02756404e-06 0.0
-0.000430549379 -4.89617287e-06 0.0
-0.000443744211 -2.12580198e-06 0.0
-0.000441522658 -1.75290261e-05 0.0
-0.000425780046 -1.71693973e-05 0.0
-0.00044972563 -4.2460133e-06 0.0
-0.000427615334 -1.07816668e-05 0.0
-0.000432419416 -7.34955074e-06 0.0
-0.00041905418 -9.68319182e-06 0.0
-0.000423659949 -2.59892404e-05 0.0
-0.000415708084 -2.23905845e-05 0.0
-0.000413054368 -1.51891008e-05 0.0
-0.000434121466 -2.66301431e-05 0.0
-0.000448494073 -2.3612638e-06 0.0
-0.000422774669 -7.35163985e-06 0.0
-0.000440056989 -5.74313162e-06 0.0
-0.000418758311 -2.53089511e-05 0.0
-0.000438212708 -2.45718388e-06 0.0
-0.000439150783 -2.52236332e-05 0.0
-0.000422146695 -1.11334248e-05 0.0
-0.000428580475 -2.15820346e-05 0.0
-0.000142258767 3.1997206e-05 0.0
-0.000145033293 3.86110951e-05 0.0
-0.000141182143 2.94328856e-05 0.0
-0.00014599225 4.07239168e-05 0.0
-0.000471283944 -4.03532795e-05 0.0
-0.000453702611 -4.47999628e-05 0.0
-0.000449667918 -4.12329064e-05 0.0
-0.000475858222 -3.61214406e-05 0.0
-0.000473123859 -3.34226752e-05 0.0
-0.000451692234 -3.65444539e-05 0.0
-0.000468257815 -4.3397984e-05 0.0
-0.000455007248 -4.78267029e-05 0.0
-0.000475717592 -3.80978272e-05 0.0
-0.000447160361 -4.50906664e-05 0.0
-0.000468867773 -3.7294325e-05 0.0
-0.000460404088 -4.77623034e-05 0.0
-0.000463812641 -3.14115714e-05 0.0
-0.000450407941 -4.83593212e-05 0.0
-0.000465846213 -4.55870286e-05 0.0
-0.000470936036 -4.20460747e-05 0.0
-0.000479745533 -3.32299605e-05 0.0
-0.000446267659 -3.85015301e-05 0.0
-0.000452911976 -3.29365575e-05 0.0
-0.000479044858 -3.55688535e-05 0.0
-0.000444506732 -4.30231521e-05 0.0
-0.000456985057 -3.92097536e-05 0.0
-0.000480568997 -3.4193301e-05 0.0
-0.000447375118 -4.73570835e-05 0.0
-0.000473924069 -3.98442571e-05 0.0
-0.000444478326 -4.09120257e-05 0.0
-0.000463042321 -4.70505947e-05 0.0
-0.000458011928 -3.1335192e-05 0.0
-0.000456658076 -4.94225133e-05 0.0
-0.000469943305 -3.00022784e-05 0.0
-0.000652723305 -6.28619309e-05 0.0
-0.000669815345 -5.38790846e-05 0.0
-0.000645472668 -5.31412043e-05 0.0
-0.000666081847 -6.52603994e-05 0.0
-0.000638394093 -6.38999772e-05 0.0
-0.000649408263 -7.31933978e-05 0.0
-0.000658346748 -5.20326466e-05 0.0
-0.00064128614 -7.10440654e-05 0.0
-0.00067613693 -5.91749449e-05 0.0
-0.000635447504 -5.81841887e-05 0.0
-0.000658873294 -7.34512068e-05 0.0
-0.000676904048 -4.69423467e-05 0.0
-0.000645082677 -4.59223702e-05 0.0
-0.000667486631 -4.74199842e-05 0.0
-0.000654073083 -4.69738479e-05 0.0
-0.000633858319 -6.93796901e-05 0.0
-0.000661969127 -5.99668419e-05 0.0
-0.000678562152 -5.25032301e-05 0.0
-0.000656461518 -6.70925801e-05 0.0
-0.000642953848 -7.68029713e-05 0.0
-0.000639000908 -5.15346692e-05 0.0
-0.000647170236 -5.9411188e-05 0.0
-0.000645913649 -6.50243092e-05 0.0
-0.000673192029 -6.87994034e-05 0.0
-0.000631541363 -6.25483663e-05 0.0
-0.000651782204 -7.73412758e-05 0.0
-0.000677215459 -6.3968233e-05 0.0
-0.000667007 -7.27518927e-05 0.0
-0.000635202683 -7.35318172e-05 0.0
-0.00063823408 -7.60945695e-05 0.0
-0.0006625643 -5.46082956e-05 0.0
-0.000651684182 -5.42638081e-05 0.0
-0.000669425994 -5.85920279e-05 0.0
-0.000660926569 -4.68487888e-05 0.0
-0.000649918918 -6.77339849e-05 0.0
-0.000641722581 -5.74281803e-05 0.0
-0.000646201661 -7.88081888e-05 0.0
-0.000681336503 -5.55168081e-05 0.0
-0.000634239055 -5.39775028e-05 0.0
-0.000655689801 -5.72168537e-05 0.0
-0.000630963943 -6.65057887e-05 0.0
-0.00021829475 -3.90228051e-05 0.0
-0.000206127239 -3.80505262e-05 0.0
-0.000222181654 -3.92226902e-05 0.0
-0.000202099356 -3.7681104e-05 0.0
-0.000301288441 -2.87601433e-05 0.0
-0.000303076813 -3.89528504e-05 0.0
-0.000332215714 -2.05927881e-05 0.0
-0.000336598925 -3.10329815e-05 0.0
-0.000342629675 -2.48720553e-05 0.0
-0.000334739016 -3.6821617e-05 0.0
-0.00030727897 -4.37747367e-05 0.0
-0.0002960657 -3.59280857e-05 0.0
-0.000302003726 -2.14655374e-05 0.0
-0.00032667871 -1.35412683e-05 0.0
-0.000293604913 -2.88433766e-05 0.0
-0.000340860686 -1.54926693e-05 0.0
-0.000345147273 -3.09165007e-05 0.0
-0.000295546604 -4.30570908e-05 0.0
-0.000309629657 -1.48301433e-05 0.0
-0.000317801256 -1.18769749e-05 0.0
-0.000325633009 -4.23032834e-05 0.0
-0.000316463091 -4.50166081e-05 0.0
-0.00034735541 -2.75367202e-05 0.0
-0.000341958832 -3.41494379e-05 0.0
-0.000295583886 -2.46260115e-05 0.0
-0.00029252519 -3.31641968e-05 0.0
-0.000334943004 -1.21561425e-05 0.0
-0.000345649692 -1.97205482e-05 0.0
-0.000299238018 -4.48144492e-05 0.0
-0.000293257675 -4.03938429e-05 0.0
-0.000303096749 -1.58790172e-05 0.0
-0.000332932541 -4.12884037e-05 0.0
-0.000328156981 -2.78144616e-05 0.0
-0.000308271177 -3.26269073e-05 0.0
-0.00057570223 -6.17121768e-05 0.0
-0.000563562557 -5.96331738e-05 0.0
-0.000575063925 -6.16040052e-05 0.0
-0.000563364069 -5.92260512e-05 0.0
-0.000575677317 -6.19879793e-05 0.0
-0.000564155227 -5.97625658e-05 0.0
-0.000560367596 -5.83959336e-05 0.0
-0.000578336418 -6.186885e-05 0.0
-0.000572602614 -6.15055033e-05 0.0
-0.000567147741 -6.08123919e-05 0.0
-0.00056539505 -5.95320344e-05 0.0
-0.000572814199 -6.12909716e-05 0.0
-0.000566782779 -6.06349713e-05 0.0
-0.000572658086 -6.13776792e-05 0.0
-0.000578067848 -6.22345397e-05 0.0
-0.000561599212 -5.87127615e-05 0.0
-0.000579277112 -6.20831634e-05 0.0
-0.000559986744 -5.81849963e-05 0.0
-0.000578192819 -6.1739891e-05 0.0
-0.000559784123 -5.79514599e-05 0.0
-0.000570331642 -6.12672738e-05 0.0
-0.000568566029 -6.11427313e-05 0.0
-0.000568311429 -6.03123626e-05 0.0
-0.0005707487 -6.1032435e-05 0.0
-0.000575139944 -6.21899744e-05 0.0
-0.00056509173 -5.98780789e-05 0.0
-0.000572780846 -6.14782184e-05 0.0
-0.000566331379 -6.02473701e-05 0.0
-0.000300267653 -1.71632582e-05 0.0
-0.000304015965 -1.32621444e-05 0.0
-0.000294874742 -1.36623821e-05 0.0
-0.000290036434 -1.85469453e-05 0.0
-0.000287323608 -1.56368642e-05 0.0
-0.000281942746 -1.86146844e-05 0.0
-0.000308582094 -1.62547312e-05 0.0
-0.000311838812 -1.25203869e-05 0.0
-0.000302246277 -1.19121087e-05 0.0
-0.000298426021 -1.92560328e-05 0.0
-0.000293015881 -1.53575784e-05 0.0
-0.000312819611 -1.41467071e-05 0.0
-0.000282518391 -1.74843553e-05 0.0
-0.000307386537 -1.81249088e-05 0.0
-0.000312116026 -1.19958067e-05 0.0
-0.000315451063 -1.24044536e-05 0.0
-0.00028978684 -1.36699109e-05 0.0
-0.000282502559 -1.93677206e-05 0.0
-0.000278696389 -1.87598707e-05 0.0
-0.00029225793 -2.01720341e-05 0.0
-0.000296751445 -1.17846712e-05 0.0
-0.000292998273 -1.24294938e-05 0.0
-0.000303710054 -1.92463121e-05 0.0
-0.000286857627 -2.00930735e-05 0.0
-0.000307732844 -1.14154564e-05 0.0
-0.00028992974 -1.7317856e-05 0.0
-0.000314628094 -1.29712735e-05 0.0
-0.000280216307 -1.83688171e-05 0.0
-0.00031290928 -1.55036378e-05 0.0
-0.000283271307 -1.65472338e-05 0.0
-0.000304094516 -1.57944942e-05 0.0
-0.000108022701 -7.46104524e-06 0.0
-7.66225785e-05 -2.76060746e-05 0.0
-0.000114988659 -1.00500201e-05 0.0
-0.000101139121 -5.64633592e-06 0.0
-7.70183397e-05 -2.24622527e-05 0.0
-0.000115921488 -1.64527155e-05 0.0
-9.13423282e-05 -2.22587023e-05 0.0
-0.000117085168 -3.62841206e-06 0.0
-0.000112570182 -1.67908877e-06 0.0
-0.000104700674 -2.81677439e-05 0.0
-8.90600568e-05 -7.71377563e-06 0.0
-7.91790953e-05 -1.59574683e-05 0.0
-9.40742393e-05 -2.74998274e-05 0.0
-8.33669183e-05 -2.31917693e-05 0.0
-8.35214814e-05 -2.76049814e-05 0.0
-0.000119630138 -5.21557376e-06 0.0
-0.000116288138 -1.47493267e-06 0.0
-0.000108712076 -3.88044896e-07 0.0
-7.3446914e-05 -2.66008956e-05 0.0
-0.000112615606 -2.29286488e-05 0.0
-0.000120700977 -8.20308014e-06 0.0
-0.000120311146 -1.21588491e-05 0.0
-0.000101831967 -9.4906261e-07 0.0
-9.49743117e-05 -3.03631577e-06 0.0
-0.000105014798 -1.26160512e-05 0.0
-7.45657744e-05 -1.95738994e-05 0.0
-8.2242419e-05 -1.12947955e-05 0.0
-0.000543255766 -3.5573903e-05 0.0
-0.00052982528 -3.43919819e-05 0.0
-0.000546191703 -3.64124862e-05 0.0
-0.000526791846 -3.45179433e-05 0.0
-0.000552923651 -3.58069483e-05 0.0
-0.000523481111 -3.3363187e-05 0.0
-0.00018634196 -3.49365982e-05 0.0
-0.000198874535 -2.41234993e-05 0.0
-0.000181645752 -3.33358221e-05 0.0
-0.000203188669 -2.4958048e-05 0.0
-0.000192729523 -2.21452847e-05 0.0
-0.000190130464 -3.45524822e-05 0.0
-0.000180554533 -3.67509601e-05 0.0
-0.000179067822 -3.04865262e-05 0.0
-0.000201140865 -2.75924904e-05 0.0
-0.000205113072 -2.22662929e-05 0.0
-0.00018325742 -3.81964892e-05 0.0
-0.000185684607 -2.35713433e-05 0.0
-0.000176519665 -3.52506686e-05 0.0
-0.000198404407 -2.04573025e-05 0.0
-0.000193478787 -3.34912365e-05 0.0
-0.000207348159 -2.27386681e-05 0.0
-0.000206510682 -2.38171342e-05 0.0
-0.000204684387 -2.54073184e-05 0.0
-0.000203823423 -2.06505356e-05 0.0
-0.000180819799 -3.85210114e-05 0.0
-0.000186163074 -3.72903451e-05 0.0
-0.000192091611 -2.59841763e-05 0.0
-0.000176065281 -3.30447656e-05 0.0
-0.000177439259 -3.69311092e-05 0.0
-0.000177981798 -2.7703245e-05 0.0
-0.000199892107 -2.91600336e-05 0.0
-0.000196981229 -3.12551529e-05 0.0
-0.000180610383 -2.52546324e-05 0.0
-0.000197494446 -2.73128953e-05 0.0
-0.00018768532 -2.08946767e-05 0.0
-0.000183836193 3.71143869e-06 0.0
-0.000170255575 -7.45050693e-06 0.0
-0.000179760638 -6.640847e-06 0.0
-0.000195526081 4.76190462e-06 0.0
-0.00019003186 -3.12991847e-06 0.0
-0.000173459819 3.26283021e-06 0.0
-0.000163028846 -8.3403811e-06 0.0
-0.000190859559 6.4854903e-06 0.0
-0.000168941275 -1.02068771e-05 0.0
-0.000199115224 4.44575289e-06 0.0
-0.000165855934 -6.16943623e-07 0.0
-0.000177741051 6.39579548e-06 0.0
-0.000176534726 3.24816853e-07 0.0
-0.000162049124 -5.31656724e-06 0.0
-0.000161573087 -1.08468857e-05 0.0
-0.00019540955 -1.02672516e-06 0.0
-0.000186901831 -6.88595264e-06 0.0
-0.000198663081 6.90611114e-06 0.0
-0.000202132243 6.66741425e-06 0.0
-0.000202366326 6.14346573e-06 0.0
-0.000175478475 -1.03497514e-05 0.0
-0.000184333156 -2.6325215e-06 0.0
-0.000184361357 7.60378498e-06 0.0
-0.000162911063 -1.1504786e-05 0.0
-0.000181630166 -9.15602232e-06 0.0
-0.000198177935 1.62323715e-06 0.0
-0.000200017472 3.78641062e-06 0.0
-0.000166845697 2.46103446e-06 0.0
-0.000186898178 1.89469961e-06 0.0
-0.000160014431 -7.54992243e-06 0.0
-0.000161619842 -2.85850865e-06 0.0
-0.000334245851 -2.87978764e-05 0.0
-0.000346213899 -2.29720299e-05 0.0
-0.000349143113 -2.51576639e-05 0.0
-0.000333782111 -3.01647269e-05 0.0
-0.000343639986 -2.13251606e-05 0.0
-0.000333723292 -2.64695882e-05 0.0
-0.000348825328 -2.71299341e-05 0.0
-0.000331504969 -3.03227462e-05 0.0
-0.000350556016 -2.25279327e-05 0.0
-0.000337860925 -2.97235401e-05 0.0
-0.000333163305 -2.40898989e-05 0.0
-0.000331868709 -2.83353693e-05 0.0
-0.000341367762 -2.06325331e-05 0.0
-0.000346782937 -2.07080229e-05 0.0
-0.000349331909 -2.11787701e-05 0.0
-0.000331506541 -2.97772494e-05 0.0
-0.000330130395 -3.07737937e-05 0.0
-0.000329955306 -3.08204035e-05 0.0
-0.000332481373 -3.05442372e-05 0.0
-0.000353143812 -2.35620391e-05 0.0
-0.000353867654 -2.46766667e-05 0.0
-0.000352808769 -2.58025048e-05 0.0
-0.000335371675 -2.23752504e-05 0.0
-0.000338133163 -2.12982741e-05 0.0
-0.000347060821 -2.84047292e-05 0.0
-0.000342800777 -2.93760077e-05 0.0
-0.000336891389 -2.62847261e-05 0.0
-0.000342002604 -2.37512504e-05 0.0
-0.000533481303 -3.60903759e-05 0.0
-0.000567562063 -3.49130059e-05 0.0
-0.000541559304 -2.66411753e-05 0.0
-0.000561634544 -4.19409917e-05 0.0
-0.00053200213 -4.33532841e-05 0.0
-0.000574498612 -2.96072012e-05 0.0
-0.000529166078 -2.99563417e-05 0.0
-0.000549835677 -2.06538698e-05 0.0
-0.00055296463 -4.70732048e-05 0.0
-0.000569694443 -3.78231489e-05 0.0
-0.000520574802 -3.75427335e-05 0.0
-0.000569703814 -2.47628741e-05 0.0
-0.000536188483 -2.21411829e-05 0.0
-0.000576550839 -3.15936195e-05 0.0
-0.000534032763 -4.89016966e-05 0.0
-0.000566216768 -4.2004227e-05 0.0
-0.000562066271 -4.50441439e-05 0.0
-0.00055804936 -4.7172005e-05 0.0
-0.000574606587 -3.44041146e-05 0.0
-0.000521339709 -3.35841614e-05 0.0
-0.000522170507 -4.17338961e-05 0.0
-0.000563651207 -3.13232813e-05 0.0
-0.000542925729 -1.92863026e-05 0.0
-0.000529966957 -2.56016174e-05 0.0
-0.000547343981 -5.03490883e-05 0.0
-0.000556468964 -1.73415901e-05 0.0
-0.000563141133 -1.92627813e-05 0.0
-0.000540827459 -5.05553544e-05 0.0
-0.000557204301 -3.88615626e-05 0.0
-0.000577144325 -2.59125663e-05 0.0
-0.000286769326 -1.17312256e-05 0.0
-0.000272878155 -1.57287759e-05 0.0
-0.000288160576 -1.19408269e-05 0.0
-0.000270854129 -1.63954683e-05 0.0
-0.000274333637 -1.5639187e-05 0.0
-0.000286138529 -1.24383332e-05 0.0
-0.000275785773 -1.68044007e-05 0.0
-0.000289901276 -1.13935948e-05 0.0
-0.000286489289 -1.27941112e-05 0.0
-0.000267427618 -1.70390285e-05 0.0
-0.000289080024 -1.17126119e-05 0.0
-0.000293249759 -1.18968501e-05 0.0
-0.000280357315 -1.59159827e-05 0.0
-0.000271459634 -1.78367391e-05 0.0
-0.000285699352 -1.34768979e-05 0.0
-0.000275873579 -1.49653652e-05 0.0
-0.000270604185 -1.66764839e-05 0.0
-0.000266682677 -1.73490153e-05 0.0
-0.000267572264 -1.77302954e-05 0.0
-0.000268265692 -1.72568489e-05 0.0
-0.000288202806 -1.1910879e-05 0.0
-0.000289993244 -1.16677456e-05 0.0
-0.000292671408 -1.16867122e-05 0.0
-0.00029141712 -1.22051651e-05 0.0
-0.000283625675 -1.48306835e-05 0.0
-0.000279098807 -1.3944712e-05 0.0
-0.000282775669 -1.31545621e-05 0.0
-0.000276467297 -1.4766727e-05 0.0
-0.000277912011 -1.46729899e-05 0.0
-0.000278644147 -1.768527e-05 0.0
-0.000286353781 -1.19208562e-05 0.0
-0.000433635432 -4.15442919e-05 0.0
-0.000440654549 -4.6491481e-05 0.0
-0.000417408068 -4.68479229e-05 0.0
-0.000418401032 -4.9388098e-05 0.0
-0.000441954442 -4.91455758e-05 0.0
-0.000441600219 -4.2032083e-05 0.0
-0.0004131491 -4.8581147e-05 0.0
-0.000422842655 -5.11232138e-05 0.0
-0.000429965119 -3.97070908e-05 0.0
-0.000419531163 -4.48878563e-05 0.0
-0.00043727833 -3.71767528e-05 0.0
-0.000414029812 -4.71350213e-05 0.0
-0.000449584331 -4.58050818e-05 0.0
-0.000413003203 -4.99163543e-05 0.0
-0.000423550227 -4.25788785e-05 0.0
-0.000426313811 -4.07850712e-05 0.0
-0.000435663649 -5.09861311e-05 0.0
-0.000429380685 -5.18286433e-05 0.0
-0.000448546314 -4.77076173e-05 0.0
-0.000448205596 -4.302655e-05 0.0
-0.000410643144 -4.93064836e-05 0.0
-0.000417233416 -5.09171332e-05 0.0
-0.000441127981 -3.80062993e-05 0.0
-0.000433826703 -3.73394505e-05 0.0
-0.000416285242 -4.61140771e-05 0.0
-0.000411916204 -4.80047856e-05 0.0
-0.000441277138 -5.05227181e-05 0.0
-0.000421710953 -4.34907997e-05 0.0
-0.000432820525 -4.53346402e-05 0.0
-0.000421128294 -4.76987661e-05 0.0
-0.000428238622 -2.89296913e-05 0.0
-0.000343556574 -2.44029179e-05 0.0
-0.000477957889 -3.80905549e-05 0.0
-0.000268880423 1.79439576e-06 0.0
-0.000357368321 -2.27918517e-05 0.0
-0.0004445714 -3.45155859e-05 0.0
-0.000405854458 -1.63293716e-05 0.0
-0.000221470589 1.22350921e-05 0.0
-0.000592253287 -2.64742885e-05 0.0
-0.000364353677 -3.64912776e-05 0.0
-0.000445296493 -4.17449228e-05 0.0
-0.000237747096 -3.4597022e-05 0.0
-0.000504559197 -3.86362372e-05 0.0
-0.000268461707 -4.23422932e-07 0.0
-0.00051372766 -3.3490247e-05 0.0
-0.00036671391 -3.01230084e-05 0.0
-0.000483934535 -3.69100926e-05 0.0
-0.000199571063 5.61221532e-06 0.0
-0.00021505481 -1.93607357e-05 0.0
-0.000244798488 -4.77511203e-05 0.0
-0.000324848079 -2.0620917e-05 0.0
-0.000377161079 -3.24154425e-05 0.0
-0.000384869869 -2.27171786e-05 0.0
-0.000395133335 -3.42237727e-05 0.0
-0.000586183451 -4.98653535e-05 0.0
-0.000316547405 -1.5302232e-05 0.0
-0.000293608784 -1.48976305e-05 0.0
-0.000512174855 -4.91147803e-05 0.0
-0.000268442178 -2.83618283e-05 0.0
-0.00021654935 2.27166984e-05 0.0
-0.000230942562 -1.05385352e-05 0.0
-0.000165078105 -3.31773094e-06 0.0
-0.000496819965 -4.43915487e-05 0.0
-0.000257729 4.20198467e-06 0.0
-0.000461870892 -3.51580711e-05 0.0
-0.000297960476 -1.93292944e-05 0.0
-0.000190984996 -1.45795457e-05 0.0
-0.000443589524 -1.76715293e-05 0.0
-0.000487768702 -3.58100333e-05 0.0
-0.000325862318 -1.63966961e-05 0.0
-0.000428175001 -3.55167977e-05 0.0
-0.000336319237 -1.99732094e-05 0.0
-0.000443094526 -2.77533709e-05 0.0
-0.00012389278 2.0774658e-05 0.0
-0.000399301673 -2.97897986e-05 0.0
-0.000406106032 -3.70984999e-05 0.0
-0.000171600797 1.45443128e-05 0.0
-0.000553292804 -3.10650794e-05 0.0
-0.000230461257 -3.4593661e-06 0.0
-0.00021580515 -3.15534598e-05 0.0
-0.000378073688 -6.78002834e-06 0.0
-0.000234536841 -4.26687657e-05 0.0
-0.000322655746 -2.40681511e-05 0.0
-0.000404267164 -4.44178404e-05 0.0
-0.000356136239 -4.44386496e-05 0.0
-3.74935589e-05 -1.76414833e-05 0.0
-0.000320138031 -2.15981054e-05 0.0
-0.000243820075 -2.21958016e-05 0.0
-0.000386740838 -3.5437919e-05 0.0
-0.000522156013 -3.8340946e-05 0.0
-0.000285555609 -3.42032081e-06 0.0
-0.000250446901 2.20265042e-06 0.0
-0.000260332192 -3.90884361e-06 0.0
-0.000255895342 7.08261859e-06 0.0
-0.000479906972 -3.75588497e-05 0.0
-0.000305765047 -1.24514172e-05 0.0
-0.000226376651 -1.44050719e-05 0.0
-0.000104750587 1.6242233e-05 0.0
-0.00063334126 -7.0168302e-05 0.0
-0.000500972266 -2.59735098e-05 0.0
-0.000150243999 1.65379388e-05 0.0
-0.000345318986 -1.91667859e-05 0.0
-0.00051448209 -3.40036786e-05 0.0
-0.000409473287 -3.75217642e-05 0.0
-0.000261520414 -2.84008947e-05 0.0
-0.000471042877 -4.34103058e-05 0.0
-0.000330805458 -2.51363981e-05 0.0
-0.000516629138 -5.3763124e-05 0.0
-0.000266618881 -2.18173918e-05 0.0
-0.0003646689 -1.36074514e-05 0.0
-0.000499695016 -3.75522395e-05 0.0
-0.00044870752 -3.2365635e-05 0.0
-0.000132119792 -3.70313064e-05 0.0
-0.000483881915 -5.33886778e-05 0.0
-0.000190724604 2.00750565e-05 0.0
-0.000596949772 -6.31599542e-05 0.0
-0.000400310644 -3.6407364e-05 0.0
-0.000255730527 -5.59782275e-05 0.0
-0.000613771495 -4.51359811e-05 0.0
-0.00058329897 -5.65606388e-05 0.0
-0.000196453606 2.89315321e-05 0.0
-0.000452531764 -3.35083168e-05 0.0
-0.000112283145 -5.40345991e-06 0.0
-0.000485196273 -3.6086225e-05 0.0
-0.00022537545 -2.54248498e-05 0.0
-0.00041906978 -3.27991183e-05 0.0
-0.00033566705 -2.76261835e-05 0.0
-0.000407212734 -2.35963689e-05 0.0
-0.000347168971 -2.66198185e-05 0.0
-0.000512262341 -4.46810081e-05 0.0
-0.000242535927 2.12443592e-06 0.0
-0.000252883416 -1.46943034e-06 0.0
-0.000594005687 -3.10358664e-05 0.0
-0.000284572685 -8.95604899e-06 0.0
-0.000222244431 -4.13981725e-05 0.0
-0.000599463412 -4.06846702e-05 0.0
-0.000284665992 -9.81192352e-06 0.0
-0.000381195656 -4.29267748e-05 0.0
-0.000534024264 -5.37003725e-05 0.0
-0.000509626756 -3.30029143e-05 0.0
-0.00037173694 -3.0213163e-05 0.0
-0.000379320612 -3.66416825e-05 0.0
-0.00029639437 -3.21367224e-05 0.0
-0.000278592634 -4.19819662e-05 0.0
-0.000242774651 -3.13173732e-05 0.0
-0.000498869631 -1.68220067e-05 0.0
-0.000213190884 -1.24474691e-05 0.0
-0.000488781079 -4.11731344e-05 0.0
-0.00058939372 -2.26721295e-05 0.0
-0.000569757773 -4.6805475e-05 0.0
-0.000216727742 -3.53157047e-05 0.0
-0.000155872927 -8.05408581e-06 0.0
-0.00030457275 -2.24688938e-05 0.0
-0.000400003191 -2.72618581e-05 0.0
-0.000523107592 -3.55982702e-05 0.0
-0.000397158088 -3.65041888e-05 0.0
-0.000371575123 -1.84730634e-05 0.0
-0.000461767806 -2.11709848e-05 0.0
-0.000502165756 -4.55723202e-05 0.0
-0.000592658122 -2.49456043e-05 0.0
-0.000322507491 -2.02302454e-05 0.0
-0.000454138411 -3.12935772e-05 0.0
-0.000320920546 -1.50022497e-05 0.0
-0.000552408863 -3.90948662e-05 0.0
-0.00023817188 -1.7052158e-05 0.0
-0.000406456849 -3.2900949e-05 0.0
-0.000505508156 -3.97449621e-05 0.0
-0.000200942333 -2.16482604e-05 0.0
-0.000473187567 -3.28972346e-05 0.0
-0.000415129587 -9.00522537e-06 0.0
-0.000350153336 -2.72622055e-05 0.0
-0.000421812641 -3.8978058e-05 0.0
-0.000480679708 -3.58649813e-05 0.0
-0.000199054921 -1.42766694e-05 0.0
-0.000326821435 -2.21385089e-05 0.0
-0.000194432025 2.81855205e-06 0.0
-0.000150978478 4.29952797e-06 0.0
-0.000426104438 -4.07631414e-05 0.0
-0.000413600996 -3.98646916e-05 0.0
-0.000245453033 1.09887906e-05 0.0
-0.000497269095 -3.45224435e-05 0.0
-0.000223302501 1.58513212e-05 0.0
-0.000371563074 -3.31819247e-05 0.0
-0.000580207154 -3.5968922e-05 0.0
-0.000178154427 2.04314456e-05 0.0
-0.000386818603 -3.94743874e-05 0.0
-0.00018020258 -1.11953377e-05 0.0
-0.000253916631 -4.16476068e-05 0.0
-0.000112569222 7.28799159e-06 0.0
-0.000178215836 -7.62893342e-06 0.0
-0.000399870652 -2.06734894e-05 0.0
-0.000307432143 -1.44520336e-05 0.0
-0.000256491621 -2.35244679e-05 0.0
-0.000363157858 -2.60138313e-05 0.0
-0.000462072057 -1.90256942e-05 0.0
-0.000367686705 -3.59778314e-05 0.0
-0.000666121137 -7.96106469e-05 0.0
-0.000198483816 -2.80604891e-05 0.0
-0.000578680017 -6.47400957e-05 0.0
-0.000600853818 -6.13253651e-05 0.0
-0.000224876319 -2.5994043e-06 0.0
-0.000112655311 -3.51113376e-05 0.0
-0.000584271736 -5.86999558e-05 0.0
-0.000256066152 -5.6057961e-05 0.0
-0.000341945299 -1.48650306e-05 0.0
-0.000308333838 -1.26166215e-05 0.0
-0.000469226623 -3.34271681e-05 0.0
-0.000492420339 -4.08937594e-05 0.0
-0.000435995113 -2.20612583e-05 0.0
-0.000100650577 2.45456504e-05 0.0
-0.000236125212 -4.35347574e-05 0.0
-0.000280419627 -4.51460473e-05 0.0
-0.000412840105 -3.33656608e-05 0.0
-2.39123547e-05 -1.0619885e-05 0.0
-0.000378137192 -6.75384126e-06 0.0
-0.000114008304 -2.39084965e-08 0.0
-0.000306592468 -4.49432919e-05 0.0
-0.000601191598 -5.33994862e-05 0.0
-0.000615516794 -6.70670124e-05 0.0
-0.000257967622 -2.07065932e-05 0.0
-0.000290563912 -1.82939748e-05 0.0
-0.000384044833 -1.90283426e-05 0.0
-0.00046659878 -4.04984603e-05 0.0
-0.000160673211 -2.31113463e-05 0.0
-0.000531026046 -2.22419512e-05 0.0
-0.000536507519 -5.67425486e-05 0.0
-0.000567455951 -4.93683146e-05 0.0
-0.000441322627 -5.1646286e-05 0.0
-0.000230513484 -4.90621715e-05 0.0
-0.000224981413 -2.79951601e-05 0.0
-0.000366692402 -2.3212664e-05 0.0
-0.000291230011 -5.25817131e-06 0.0
-0.00039254385 -3.89995621e-05 0.0
-0.000327035057 -1.56576152e-05 0.0
-0.000280886568 -6.39768086e-06 0.0
-0.000474254368 -3.30960684e-05 0.0
-0.000244570314 -2.11952793e-05 0.0
-0.000309363008 -2.41435191e-05 0.0
-0.000273593294 -2.55500272e-05 0.0
-0.000190206847 3.32758937e-05 0.0
-0.000498572015 -1.95227585e-05 0.0
-0.000267466909 -1.10302226e-05 0.0
-0.000315851736 -1.76738868e-05 0.0
-0.000355005759 -4.62699463e-05 0.0
-0.000276501523 -5.29303288e-05 0.0
-0.000508801721 -4.87588404e-05 0.0
-0.000466559315 -3.3989978e-05 0.0
-0.000219854948 1.81555861e-05 0.0
-0.000243212809 1.02928652e-05 0.0
-0.000326350098 -1.88783852e-05 0.0
-0.000213235791 7.39313873e-06 0.0
-0.000146563674 -3.11192925e-05 0.0
-0.00032679888 -1.58234834e-05 0.0
-0.000227804281 -3.53270807e-05 0.0
-0.000626774854 -6.69809815e-05 0.0
-0.000332177529 -3.10579235e-05 0.0
-0.00038283391 -3.69513982e-05 0.0
-3.81690552e-05 -2.53547732e-05 0.0
-0.000151314598 -1.45857393e-05 0.0
-0.000717456453 -4.48796927e-05 0.0
-0.000289312069 -2.95341688e-05 0.0
-0.000527511758 -4.96775101e-05 0.0
-0.000498622132 -4.04579005e-05 0.0
-0.000523738097 -3.03405177e-05 0.0
-0.00038065057 -3.02003191e-05 0.0
-0.000352512114 -8.56913084e-06 0.0
-0.000269511016 2.58438831e-06 0.0
-0.000503148069 -3.88415829e-05 0.0
-0.000254867977 -9.45983084e-06 0.0
-4.73396431e-05 -1.58147377e-05 0.0
-0.000323017506 -1.85821518e-05 0.0
-0.000321829604 -2.1494061e-05 0.0
-0.000424474012 -4.01923971e-05 0.0
-0.000271177036 -5.20589565e-05 0.0
-0.000130405431 2.17153283e-05 0.0
-0.000317873084 -2.60345532e-05 0.0
-0.00038590515 -3.33090647e-05 0.0
-0.00035421591 -2.78301432e-05 0.0
-0.00049980334 -4.74004664e-05 0.0
-8.00170092e-05 2.33717437e-05 0.0
-0.00057412131 -5.33519233e-05 0.0
-0.000271600729 -4.00665476e-06 0.0
-0.000368492998 -2.96723483e-05 0.0
-0.000453034358 -4.15186478e-05 0.0
-0.000388047018 -3.16109799e-05 0.0
-0.000278089312 -8.03963394e-06 0.0
-0.000523425057 -5.64333059e-05 0.0
-0.000473497726 -3.92354887e-05 0.0
-0.000101804268 6.20096398e-06 0.0
-0.000245285017 -1.55078069e-05 0.0
-0.00058751757 -6.47030392e-05 0.0
-0.000135653449 -7.31912405e-06 0.0
-0.000318639068 -2.3063556e-05 0.0
-0.000626264198 -4.64665027e-05 0.0
-0.000528465258 -4.0659339e-05 0.0
-0.000493892701 -5.6245397e-05 0.0
-0.000470999221 -2.68130134e-05 0.0
-0.000216305983 -6.55370013e-06 0.0
-0.000144227946 -9.40220389e-07 0.0
-0.000247753196 7.60278635e-06 0.0
-0.000290021126 -3.71124224e-05 0.0
-0.000500008289 -2.77013387e-05 0.0
-0.00053598074 -3.73394651e-05 0.0
-0.000425034465 -3.08223971e-05 0.0
-0.000140579679 -4.03406084e-05 0.0
-0.000569461088 -6.34078388e-05 0.0
-0.00039506855 -2.8270013e-05 0.0
-0.000409344299 -3.06951915e-05 0.0
-0.000389150606 -1.81512933e-05 0.0
-0.000378601748 -3.22858177e-05 0.0
-0.000244598807 -1.38257847e-05 0.0
-0.000142634206 -3.71237024e-06 0.0
-0.000313496712 -3.83397382e-05 0.0
-0.000535665022 -3.31816009e-05 0.0
-0.00050789176 -4.12463123e-05 0.0
-0.000339075516 -1.85462559e-05 0.0
-0.00020551261 -3.81401769e-05 0.0
-0.000240093781 8.19287015e-06 0.0
-0.000323896908 -1.93042088e-05 0.0
-0.000240095455 -2.12184818e-06 0.0
-0.000602717744 -3.26419795e-05 0.0
-0.000608261267 -3.56382116e-05 0.0
-0.000225232245 -1.86206689e-05 0.0
-0.000447745639 -1.61921653e-05 0.0
-4.59454095e-05 -3.08468734e-05 0.0
-0.000441939803 -3.4543511e-05 0.0
-8.98204962e-05 -4.81677716e-07 0.0
-0.000484695716 -2.58035707e-05 0.0
-0.000467691309 -3.77483557e-05 0.0
-0.000433325738 -9.2897335e-06 0.0
-0.000523963594 -2.84286471e-05 0.0
-0.000514486572 -3.25767323e-05 0.0
-0.000526081654 -3.92850889e-05 0.0
-0.000574177189 -3.88937951e-05 0.0
-0.000383208622 -2.38260473e-05 0.0
-0.000486499426 -3.16154983e-05 0.0
-0.000164559708 1.26700816e-05 0.0
-0.000295428996 -1.91504623e-05 0.0
-0.000238716253 8.32029036e-06 0.0
-0.000547629315 -5.49617253e-05 0.0
-0.000605229754 -6.99459633e-05 0.0
-0.000686683634 -8.23279915e-05 0.0
-0.000283325411 -8.45811792e-06 0.0
-0.000384718063 -2.90419248e-05 0.0
-0.000175416761 3.23831409e-05 0.0
-0.000130329092 1.36679455e-05 0.0
-0.00036634499 -2.02597839e-05 0.0
-0.000381356978 -1.13120614e-05 0.0
-0.000157107919 1.9635776e-05 0.0
-0.000313704688 -2.57296724e-05 0.0
-0.000231501166 -3.10189535e-05 0.0
-0.000495941902 -3.90140995e-05 0.0
-0.000141680517 1.39975136e-05 0.0
-0.000580649124 -3.04946134e-05 0.0
-0.000350247486 -2.76540759e-05 0.0
-0.000237056011 -3.93781265e-05 0.0
-0.000463170494 -3.38520476e-05 0.0
-0.000544444483 -3.94347589e-05 0.0
-0.000147423081 -1.96427209e-05 0.0
-0.000478497212 -7.27951738e-06 0.0
-0.000296923681 -1.51441054e-05 0.0
-0.000379815523 -2.65739454e-05 0.0
-0.00045840189 -2.83948048e-05 0.0
-0.000432243978 -3.33310527e-05 0.0
-0.000197913541 -2.62944268e-05 0.0
-0.000224915973 -2.54969655e-05 0.0
-0.000129591761 -1.07376645e-05 0.0
-0.000244208582 -3.06520051e-05 0.0
-0.000189752944 -1.64213652e-05 0.0
-0.000498810201 -4.7138943e-05 0.0
-0.000170875472 -1.15259909e-05 0.0
-0.000399008801 -4.75907336e-06 0.0
-0.000428580184 -3.83894949e-05 0.0
-0.000309065683 -1.40902421e-05 0.0
-0.000548794109 -5.44513387e-05 0.0
-0.000559926324 -4.23734964e-05 0.0
-0.000152275199 -2.12702835e-05 0.0
-0.000419954682 -1.48841727e-05 0.0
-0.000243054805 -1.05671761e-05 0.0
-0.000420261815 -2.22928575e-05 0.0
-0.000201873656 -1.86176385e-05 0.0
-0.00025253417 -7.43159035e-06 0.0
-0.000324696681 -1.97389181e-05 0.0
-0.000429720734 -3.03512988e-05 0.0
-0.00040817252 -4.02955375e-05 0.0
-0.000377639168 -1.30949502e-05 0.0
-0.000134008675 -6.84443023e-07 0.0
-0.000577635306 -6.39056889e-05 0.0
-0.000430174288 -2.73405021e-05 0.0
-0.000442168355 -3.73077746e-05 0.0
-0.000164886398 2.1027452e-05 0.0
-0.000583079527 -4.54833753e-05 0.0
-0.000586368085 -6.43001913e-05 0.0
-0.000613568234 -4.08856322e-05 0.0
-0.000238259556 -1.98681209e-05 0.0
-0.000419060845 -5.10237915e-05 0.0
-0.000125530947 -1.01113828e-05 0.0
-0.000343386608 -2.66767747e-05 0.0
-0.000169811625 3.94163399e-05 0.0
-0.000455833564 -3.6809528e-05 0.0
-0.000447987113 -3.14296958e-05 0.0
-0.000205539516 -6.23628239e-06 0.0
-0.000229620666 -1.58069652e-05 0.0
-0.000502518145 -3.69271802e-05 0.0
-0.000340237777 -1.07622182e-05 0.0
-0.000231457496 3.32874561e-06 0.0
-0.00038041643 -4.81724892e-05 0.0
-0.000259660737 -1.90917381e-05 0.0
-0.00037886569 -3.35409713e-05 0.0
-0.000244891038 -3.78733489e-06 0.0
-0.00019941332 2.91035431e-05 0.0
-0.000211306629 -3.33663193e-05 0.0
-0.000457253249 -3.02779645e-05 0.0
-0.000169252991 -4.63229799e-06 0.0
-0.000183799639 1.15610628e-05 0.0
-0.000207400313 -2.42934766e-05 0.0
-0.000649369322 -7.5358912e-05 0.0
-0.000616570818 -6.72165697e-05 0.0
-0.000126195373 -3.12833508e-05 0.0
-0.000393292692 -3.37064193e-05 0.0
-0.000178342918 9.53758263e-06 0.0
-0.00058862305 -2.43740415e-05 0.0
-0.000610728923 -7.49381506e-05 0.0
-0.000152072666 -6.35827817e-08 0.0
-0.000343863707 -1.98402158e-05 0.0
-0.000259930443 -4.45713449e-05 0.0
-0.000549659424 -2.43040995e-05 0.0
-3.67472057e-05 -1.30243052e-05 0.0
-0.000527044991 -3.77569304e-05 0.0
-0.000200697657 2.18634159e-05 0.0
-0.000385926105 -3.02575081e-05 0.0
-0.000618433522 -5.00850001e-05 0.0
-0.000288351439 -6.42158329e-06 0.0
-0.000395340612 -3.54882941e-05 0.0
-0.000516821223 -3.7790538e-05 0.0
-0.000312791264 -1.48214158e-05 0.0
-5.14092208e-05 -2.06919485e-05 0.0
-0.000361781684 -2.98648629e-05 0.0
-0.000524144736 -4.6949237e-05 0.0
-0.000345012872 -2.06684872e-05 0.0
-0.000410735782 -4.27291307e-05 0.0
-0.000309172086 -2.56815601e-05 0.0
-0.000351538823 -3.82504077e-05 0.0
-0.000259303983 1.71459376e-07 0.0
-0.000425643258 -3.64989464e-05 0.0
-0.000331446179 -2.24847081e-05 0.0
-0.000356626115 -3.66745408e-05 0.0
-0.000556663959 -5.49044526e-05 0.0
-0.000517231179 -4.38095303e-05 0.0
-0.000412343827 -2.97633214e-05 0.0
-0.000268914067 -9.0701642e-06 0.0
-2.75348521e-05 -1.78347291e-05 0.0
-0.000276413222 -5.47940135e-06 0.0
-0.000314401928 -1.7633909e-05 0.0
-0.000114224975 2.49421973e-05 0.0
-0.000190390914 -2.79283613e-05 0.0
-0.000223958996 -1.48962918e-05 0.0
-0.000496745226 -4.12720583e-05 0.0
-0.00052902865 -5.61747547e-05 0.0
-0.000230169011 -4.82183059e-05 0.0
-0.000189044469 -1.12959424e-05 0.0
-0.000268557866 6.80664584e-07 0.0
-0.000244592986 -4.30370022e-07 0.0
-0.000334581302 -3.26762784e-05 0.0
-0.000235771207 -1.8259072e-05 0.0
-0.000574239821 -1.71306438e-05 0.0
-0.000428709725 -4.57103852e-05 0.0
-0.00031616402 -2.08892452e-05 0.0
-0.000433463283 -4.41878183e-05 0.0
-0.000235024723 -3.99178934e-05 0.0
-0.000284442562 -2.26780758e-05 0.0
-8.58659478e-05 1.69681589e-05 0.0
-0.000300328946 -2.14502652e-05 0.0
-0.000415110728 -4.26805855e-05 0.0
-0.000467450183 -4.52154891e-05 0.0
-0.000169760518 -4.03554586e-05 0.0
-0.000577531697 -5.25005271e-05 0.0
-0.000224938616 -2.60715333e-05 0.0
-0.000266191899 1.50420101e-06 0.0
-0.000435571885 -3.34175165e-05 0.0
-0.000497657747 -4.75241104e-05 0.0
-0.000212949191 -6.98600388e-06 0.0
-0.000450855354 -4.03954255e-05 0.0
-0.000493384665 -3.93749797e-05 0.0
-0.000267592928 -2.32245966e-05 0.0
-0.00034742913 -3.06336588e-05 0.0
-0.000274687423 -3.91333231e-07 0.0
-0.000210264407 -2.95857972e-05 0.0
-0.000453922694 -9.29742328e-06 0.0
-0.000173221531 -3.85842432e-05 0.0
-0.000560107874 -4.34922367e-05 0.0
-0.000333905133 -3.62489009e-05 0.0
-0.000312156044 -4.59625626e-05 0.0
-0.000439279131 -4.30847285e-05 0.0
-0.000458214374 -5.62808091e-05 0.0
-0.000309062394 -2.00054983e-05 0.0
-0.000255670602 -3.96786272e-05 0.0
-0.000235516447 1.07981214e-05 0.0
-0.000243909875 -2.87402763e-05 0.0
-0.000214833402 -4.17422598e-05 0.0
-0.000175944675 -2.61689147e-05 0.0
-0.00047022471 -2.51851161e-05 0.0
-0.000583836867 -5.19669702e-05 0.0
-0.000142231904 -2.46434283e-05 0.0
-0.000301633991 -8.36754771e-06 0.0
-0.000132187939 6.47812703e-06 0.0
-0.000720321201 -5.33401799e-05 0.0
-0.000420350785 -3.51728486e-05 0.0
-0.000345790904 -1.41607497e-05 0.0
-0.000384044164 -3.42828498e-05 0.0
-0.000502635667 -3.2744003e-05 0.0
-0.000165547608 -4.05669925e-05 0.0
-0.000435967639 -4.30458203e-05 0.0
-0.000537262589 -5.78827712e-05 0.0
-0.000386305444 -3.31923948e-05 0.0
-0.000466391008 -3.8774826e-05 0.0
-0.000360950362 -4.44144025e-05 0.0
-0.00015358605 -3.71700553e-05 0.0
-0.0005377786 -4.14657952e-05 0.0
-0.000503300165 -3.84517516e-05 0.0
-0.000267225783 -3.45827357e-05 0.0
-0.000563034904 -5.41156005e-05 0.0
-0.000290786294 -1.3721231e-05 0.0
-0.000285415706 -4.19392745e-05 0.0
-0.000381515711 -3.4741639e-05 0.0
-0.000157401184 1.22497977e-05 0.0
-0.000398957025 -9.80287223e-06 0.0
-0.00033255911 -1.49845127e-05 0.0
-0.000349524373 -2.58925356e-05 0.0
-0.000230536782 -2.19270496e-05 0.0
-0.000246630545 -1.83391203e-05 0.0
-0.000473483 -4.38683055e-05 0.0
-0.000600964529 -6.52717499e-05 0.0
-0.000599648512 -4.52693421e-05 0.0
-0.000584474707 -5.57777166e-05 0.0
-0.000495782413 -2.98526284e-05 0.0
-0.000281707413 -5.87666582e-05 0.0
-0.000212761835 -3.31953561e-05 0.0
-0.000606762886 -6.41339066e-05 0.0
-0.000623544911 -4.29408283e-05 0.0
-0.000471372536 -2.86653667e-05 0.0
-0.000248970056 -3.41709347e-05 0.0
-0.000649208843 -7.45810248e-05 0.0
-0.000743416836 -4.76924943e-05 0.0
-0.000313983706 -2.72388297e-05 0.0
-0.000377863995 -2.13541989e-05 0.0
-0.000309317518 -1.25441302e-05 0.0
-0.000563599111 -4.90329439e-05 0.0
-6.00820495e-05 -1.4116461e-05 0.0
-0.000212891246 -2.40969348e-05 0.0
-0.000605280627 -6.28611597e-05 0.0
-0.000363013038 -1.74970246e-05 0.0
-0.00048700106 -4.12219997e-05 0.0
-0.0001432258 2.12701016e-05 0.0
-0.000344335509 -3.40407569e-05 0.0
-0.000544074865 -3.41930208e-05 0.0
-0.000119715791 -3.96320647e-05 0.0
-0.000313577882 -1.4326165e-05 0.0
-0.000419852382 -4.10316534e-05 0.0
-0.000291080592 -3.38474711e-05 0.0
-0.000329088361 -3.828833e-05 0.0
-0.000410731125 -2.62120084e-05 0.0
-0.00038832493 -3.71604474e-05 0.0
-0.000513210427 -3.61761013e-05 0.0
-0.000272976788 -7.66480207e-06 0.0
-1.23965865e-05 -5.54894177e-06 0.0
-0.000486492179 -3.64442312e-05 0.0
-0.000617840386 -7.18043084e-05 0.0
-0.000501264876 -3.49272414e-05 0.0
-0.000355344964 -7.16233808e-06 0.0
-0.000149339219 -4.10499197e-05 0.0
-0.000306552916 -1.5521462e-05 0.0
-0.000223046431 3.54353142e-06 0.0
-0.000463953766 -3.45980407e-05 0.0
-0.000261460315 1.65895676e-06 0.0
-0.000519482186 -5.32886734e-05 0.0
-0.000255411229 4.55979125e-06 0.0
-0.000333245989 -3.42967578e-05 0.0
-0.000395122304 -3.53361465e-05 0.0
-0.00037339612 -1.77118163e-05 0.0
-0.000310882955 -1.66505943e-05 0.0
-0.000172122993 2.80351614e-05 0.0
-0.00030909435 -2.32315742e-05 0.0
-0.000304944173 -3.76117787e-05 0.0
-0.000286725641 -5.84249437e-06 0.0
-0.000242495167 -1.53747624e-05 0.0
-0.000356472767 -1.98587513e-05 0.0
-0.000273784826 -3.87800083e-06 0.0
-3.0514333e-05 -1.0672582e-05 0.0
-0.000137065479 1.82040076e-05 0.0
