-0.000385594234 3.73996736e-05 0.0
-0.000375667034 3.53733412e-05 0.0
-0.000380555721 3.75914897e-05 0.0
-0.000382029364 3.77295619e-05 0.0
-0.000123978942 4.75415363e-05 0.0
-0.000111110086 4.74081608e-05 0.0
-9.61362093e-05 4.7516347e-05 0.0
-0.000121793171 5.77631363e-05 0.0
-0.000435862603 4.7516347e-05 0.0
-0.000450836495 4.74081608e-05 0.0
-0.000463705335 4.75415363e-05 0.0
-0.000237904096 8.45526229e-05 0.0
-0.000232229984 7.26425424e-05 0.0
-0.000226916716 5.89613373e-05 0.0
-0.000208888567 6.97205032e-05 0.0
-2.70951223e-05 -9.28186091e-06 0.0
-3.24083812e-05 4.39934274e-06 0.0
-3.80824968e-05 1.6309421e-05 0.0
-0.000308510906 9.37423683e-05 0.0
-0.000304737419 8.72721357e-05 0.0
-0.000300477783 7.85224111e-05 0.0
-0.00027999797 8.59339998e-05 0.0
-0.000100656172 1.02792128e-05 0.0
-0.000104915809 1.90289393e-05 0.0
-0.000108689303 2.54991664e-05 0.0
-0.000349359441 -6.93442917e-06 0.0
-0.000332742959 -1.671065e-05 0.0
-0.000338744867 -1.35830751e-05 0.0
-0.000340246974 -1.17661421e-05 0.0
-0.000453450135 5.63051071e-05 0.0
-0.000466790312 5.7401543e-05 0.0
-0.000480064249 5.87367576e-05 0.0
-0.000450168154 3.04038913e-05 0.0
-0.000140337856 5.87367576e-05 0.0
-0.000127063919 5.7401543e-05 0.0
-0.000113723727 5.63051071e-05 0.0
-0.000219032561 7.83420182e-05 0.0
-0.000204452255 4.7821155e-05 0.0
-0.000214550804 5.63765716e-05 0.0
-0.000210706348 6.75049378e-05 0.0
-0.000404168473 4.28855565e-05 0.0
-0.000384820625 4.99842063e-05 0.0
-0.000393519003 4.61390082e-05 0.0
-0.000395418145 4.34407521e-05 0.0
-0.000220632428 2.99826334e-05 0.0
-0.000196969253 1.84731762e-05 0.0
-0.000218182206 2.74522808e-05 0.0
-0.000200283204 2.23759216e-05 0.0
-6.75247575e-05 -5.24691586e-06 0.0
-5.25157775e-05 -4.98799e-06 0.0
-4.20849574e-05 -5.54485496e-06 0.0
-7.75573208e-05 1.96563524e-05 0.0
-6.76074487e-05 5.82304574e-06 0.0
-5.6931749e-05 6.53326651e-06 0.0
-0.000381811347 -5.54485496e-06 0.0
-0.000392242189 -4.98799e-06 0.0
-0.000407251151 -5.24691586e-06 0.0
-0.000135797702 3.57626341e-05 0.0
-0.00011759482 1.88301237e-05 0.0
-0.00012923067 2.66159259e-05 0.0
-0.000121901256 2.62855137e-05 0.0
-0.000136924602 3.10136493e-05 0.0
-0.000108422908 9.1846905e-06 0.0
-0.000133594222 2.34071304e-05 0.0
-0.000114047711 1.73533062e-05 0.0
-0.000244289084 2.97688439e-05 0.0
-0.000227422337 2.82402507e-05 0.0
-0.000237522705 2.69812881e-05 0.0
-0.00023776351 2.73682272e-05 0.0
-0.00040103012 5.13074338e-05 0.0
-0.000387377106 1.60509226e-05 0.0
-0.000399322016 4.08620799e-05 0.0
-0.000389472581 2.4582996e-05 0.0
-0.000205363569 4.38021307e-05 0.0
-0.000183435157 4.46910053e-05 0.0
-0.000193228087 4.93139305e-05 0.0
-0.000195226807 4.57254209e-05 0.0
-0.000308710121 1.52195544e-05 0.0
-0.000290479744 3.21976472e-06 0.0
-0.000303620705 4.89057675e-06 0.0
-0.000299199135 7.42525981e-06 0.0
-0.000199821603 6.82432001e-05 0.0
0.0 0.0 0.0
-0.000339726394 0.0 0.0
-0.000539547997 6.82432001e-05 0.0
-0.000386300759 3.77768993e-05 0.0
-0.000387186999 3.77022516e-05 0.0
-0.000387786102 3.75559612e-05 0.0
-0.000387774431 3.75549171e-05 0.0
-0.000387199019 3.78900368e-05 0.0
-0.000386223168 3.83888655e-05 0.0
-0.000385239284 3.83200968e-05 0.0
-0.000383787585 3.75800919e-05 0.0
-0.000381700927 3.66219647e-05 0.0
-0.000379628473 3.58811267e-05 0.0
-0.000377590186 3.54876429e-05 0.0
-0.00037393329 3.56182391e-05 0.0
-0.000372501177 3.61964958e-05 0.0
-0.000371747941 3.68865221e-05 0.0
-0.000371970149 3.7409045e-05 0.0
-0.000373562361 3.76645876e-05 0.0
-0.000376276788 3.74751871e-05 0.0
-0.000379151345 3.67972389e-05 0.0
-0.00038225035 3.57594508e-05 0.0
-0.000385057065 3.56023011e-05 0.0
-0.000386013737 3.59162113e-05 0.0
-0.000385397638 3.6773672e-05 0.0
-0.000380846031 3.80603669e-05 0.0
-0.000121725396 4.72065512e-05 0.0
-0.000117776326 4.71263229e-05 0.0
-0.000103432016 4.78135044e-05 0.0
-9.81247576e-05 4.77110043e-05 0.0
-9.87305175e-05 4.81739989e-05 0.0
-0.000101225705 4.85090422e-05 0.0
-0.000103378785 4.96426146e-05 0.0
-0.000106050495 5.1596282e-05 0.0
-0.000109063083 5.40400833e-05 0.0
-0.000112884365 5.60739572e-05 0.0
-0.000117114665 5.7400568e-05 0.0
-0.000125993945 5.75336562e-05 0.0
-0.000128494183 5.69608674e-05 0.0
-0.000129403605 5.61191118e-05 0.0
-0.000129272143 5.4777378e-05 0.0
-0.000128825821 5.29583303e-05 0.0
-0.000127727981 5.09177153e-05 0.0
-0.000126076106 4.9231192e-05 0.0
-0.000437851151 4.77110043e-05 0.0
-0.000443158409 4.78135044e-05 0.0
-0.000457502727 4.71263229e-05 0.0
-0.000461451797 4.72065512e-05 0.0
-0.00046150852 4.52985114e-05 0.0
-0.000458887691 4.29458632e-05 0.0
-0.000455267815 4.07033549e-05 0.0
-0.000450825348 3.94565577e-05 0.0
-0.000445588666 3.92716902e-05 0.0
-0.000439746946 4.07153275e-05 0.0
-0.000433099136 4.4197488e-05 0.0
-0.000433495414 4.66922756e-05 0.0
-0.000236568303 8.1366059e-05 0.0
-0.000234763764 7.73890133e-05 0.0
-0.000229711572 6.76530253e-05 0.0
-0.000227985045 6.30314389e-05 0.0
-0.000221091235 5.8216021e-05 0.0
-0.000215319582 5.8559126e-05 0.0
-0.000210516184 5.94914636e-05 0.0
-0.000207691541 6.0851351e-05 0.0
-0.000206692828 6.27954287e-05 0.0
-0.000206726792 6.51487935e-05 0.0
-0.000207550023 6.76231575e-05 0.0
-0.000210857586 7.15767019e-05 0.0
-0.000213302585 7.40202813e-05 0.0
-0.000216790228 7.72087369e-05 0.0
-0.000221307695 8.04602532e-05 0.0
-0.000226697448 8.31323632e-05 0.0
-0.000231373226 8.47132033e-05 0.0
-0.000235046202 8.51450095e-05 0.0
-2.81634475e-05 -5.21176162e-06 0.0
-2.98899649e-05 -5.90172988e-07 0.0
-3.4942168e-05 9.14581324e-06 0.0
-3.67467073e-05 1.3122858e-05 0.0
-4.06780891e-05 1.48317395e-05 0.0
-4.29451611e-05 1.26186878e-05 0.0
-4.44146062e-05 1.00520956e-05 0.0
-4.4756569e-05 7.44990166e-06 0.0
-4.40420372e-05 5.16649288e-06 0.0
-4.26291081e-05 2.77878394e-06 0.0
-4.02577571e-05 -6.91514742e-07 0.0
-3.68276051e-05 -4.264773e-06 0.0
-3.22448323e-05 -7.31385944e-06 0.0
-0.000307016628 9.13221302e-05 0.0
-0.000302365865 8.24559756e-05 0.0
-0.000296049897 7.62289419e-05 0.0
-0.000291541364 7.45906291e-05 0.0
-0.000287604867 7.37367009e-05 0.0
-0.000284321723 7.36892907e-05 0.0
-0.000280344451 7.53527274e-05 0.0
-0.000276973704 7.80729461e-05 0.0
-0.000275957456 8.08992554e-05 0.0
-0.000277262909 8.34625898e-05 0.0
-0.000283456873 8.83555913e-05 0.0
-0.00028757556 9.04804328e-05 0.0
-0.000292411656 9.21884639e-05 0.0
-0.000297541235 9.34938507e-05 0.0
-0.000301910914 9.4429648e-05 0.0
-0.000304759422 9.49537716e-05 0.0
-0.000306197209 9.52958726e-05 0.0
-0.000307349168 9.4727453e-05 0.0
-0.000102544262 1.42127774e-05 0.0
-0.000107195017 2.30789265e-05 0.0
-0.000109530221 2.38085941e-05 0.0
-0.000109776003 2.15930013e-05 0.0
-0.000109171233 1.89509628e-05 0.0
-0.000107474269 1.60785348e-05 0.0
-0.000104698156 1.31381476e-05 0.0
-0.00035396943 -8.24870858e-06 0.0
-0.000354191667 -9.46403179e-06 0.0
-0.00035162823 -9.69991106e-06 0.0
-0.000348657981 -1.01559981e-05 0.0
-0.000345846056 -1.05539957e-05 0.0
-0.000343370804 -1.07861915e-05 0.0
-0.000340392784 -1.05242307e-05 0.0
-0.000338611659 -1.11915197e-05 0.0
-0.0003377916 -1.22805795e-05 0.0
-0.000336532627 -1.3970679e-05 0.0
-0.000334790064 -1.56052902e-05 0.0
-0.000330838229 -1.72867349e-05 0.0
-0.000329066766 -1.74167399e-05 0.0
-0.000327622372 -1.71850115e-05 0.0
-0.000326761481 -1.66558802e-05 0.0
-0.000326745998 -1.60417057e-05 0.0
-0.000327313901 -1.50411106e-05 0.0
-0.000328669295 -1.3179404e-05 0.0
-0.000331320218 -1.07698779e-05 0.0
-0.000334546523 -8.5523352e-06 0.0
-0.000338561891 -6.94545361e-06 0.0
-0.000343374093 -6.31794683e-06 0.0
-0.000340150058 -1.32482965e-05 0.0
-0.000458754686 5.68247015e-05 0.0
-0.000474855915 5.81215536e-05 0.0
-0.000481565337 5.67280804e-05 0.0
-0.000482224859 5.41609479e-05 0.0
-0.000482239993 5.09752717e-05 0.0
-0.000480910589 4.72619686e-05 0.0
-0.000477816997 4.27679988e-05 0.0
-0.00047319397 3.83783445e-05 0.0
-0.000467222737 3.47470523e-05 0.0
-0.000460564857 3.20814615e-05 0.0
-0.000454221328 3.06153488e-05 0.0
-0.00044773164 3.11243421e-05 0.0
-0.000445315934 3.27930211e-05 0.0
-0.000443043798 3.49404072e-05 0.0
-0.000441671262 3.74873962e-05 0.0
-0.000441416109 4.03867052e-05 0.0
-0.00044240398 4.36115661e-05 0.0
-0.000444110541 4.69926563e-05 0.0
-0.000446666148 5.0033068e-05 0.0
-0.000449663523 5.32438935e-05 0.0
-0.000135129507 5.81215536e-05 0.0
-0.000119028293 5.68247015e-05 0.0
-0.000118094344 5.87745926e-05 0.0
-0.000123238657 6.0417824e-05 0.0
-0.000128709216 6.0977196e-05 0.0
-0.0001338414 6.07217589e-05 0.0
-0.000137856565 5.98764491e-05 0.0
-0.000224382093 7.82247007e-05 0.0
-0.000229769212 7.66719604e-05 0.0
-0.00023483079 7.37540176e-05 0.0
-0.00023749235 7.01916069e-05 0.0
-0.000237545799 6.70736918e-05 0.0
-0.000235501138 6.4045169e-05 0.0
-0.000232876948 6.18994818e-05 0.0
-0.000230303704 5.96139689e-05 0.0
-0.000226894335 5.66728559e-05 0.0
-0.000222599265 5.31919177e-05 0.0
-0.000217092602 5.03049996e-05 0.0
-0.000210876678 4.83764416e-05 0.0
-0.000198687849 4.82541473e-05 0.0
-0.000194950451 4.92678628e-05 0.0
-0.000193198779 5.04952332e-05 0.0
-0.000192557622 5.25105024e-05 0.0
-0.000192529347 5.49774231e-05 0.0
-0.000193173721 5.75649065e-05 0.0
-0.000194214663 6.05089954e-05 0.0
-0.00019615081 6.40396902e-05 0.0
-0.000199316884 6.80696539e-05 0.0
-0.000203370073 7.1970404e-05 0.0
-0.000208276455 7.50697582e-05 0.0
-0.00021357603 7.72495987e-05 0.0
-0.000212870669 6.13918164e-05 0.0
-0.000402445643 4.31142216e-05 0.0
-0.000400450925 4.34550966e-05 0.0
-0.000398795673 4.41091179e-05 0.0
-0.000397235679 4.49635336e-05 0.0
-0.000395239185 4.60030242e-05 0.0
-0.000393112772 4.70710402e-05 0.0
-0.000390738831 4.80808158e-05 0.0
-0.000388285727 4.90290149e-05 0.0
-0.000385854422 4.97457477e-05 0.0
-0.000384347513 5.01791183e-05 0.0
-0.000386961852 4.90113307e-05 0.0
-0.000389253342 4.79776754e-05 0.0
-0.000391313515 4.66017991e-05 0.0
-0.00039298748 4.49493891e-05 0.0
-0.000394503615 4.33063615e-05 0.0
-0.000395559357 4.22866724e-05 0.0
-0.000397011609 4.2191059e-05 0.0
-0.000399357232 4.2444477e-05 0.0
-0.000401629397 4.2632204e-05 0.0
-0.000403820013 4.26318875e-05 0.0
-0.000394495495 4.48882638e-05 0.0
-0.000224796648 2.90652806e-05 0.0
-0.000226008633 2.92606528e-05 0.0
-0.000225202049 2.91681154e-05 0.0
-0.000223976531 2.90027383e-05 0.0
-0.000223395196 2.81470329e-05 0.0
-0.000222942763 2.67081068e-05 0.0
-0.000221085997 2.48703109e-05 0.0
-0.000218339628 2.26286738e-05 0.0
-0.000214552216 2.0633699e-05 0.0
-0.000209879159 1.92024709e-05 0.0
-0.000203815129 1.81991691e-05 0.0
-0.000191898391 1.93279247e-05 0.0
-0.000191093393 1.96642359e-05 0.0
-0.000192820502 1.99026199e-05 0.0
-0.000194387962 2.03993877e-05 0.0
-0.000195868444 2.15201562e-05 0.0
-0.000197442161 2.30510686e-05 0.0
-0.000199740127 2.47161588e-05 0.0
-0.000202562442 2.65082417e-05 0.0
-0.000206198587 2.81071843e-05 0.0
-0.00021044843 2.93907633e-05 0.0
-0.000215251464 2.9932884e-05 0.0
-0.000209172023 2.50585636e-05 0.0
-6.13336961e-05 -5.1245288e-06 0.0
-4.48973333e-05 -5.31018941e-06 0.0
-4.25803555e-05 -4.15485511e-06 0.0
-4.28921303e-05 -2.11033785e-06 0.0
-4.34836475e-05 3.67508932e-07 0.0
-4.44516409e-05 3.21809421e-06 0.0
-4.65450867e-05 6.58541467e-06 0.0
-5.01109716e-05 1.07423948e-05 0.0
-5.54859616e-05 1.47097153e-05 0.0
-6.24227469e-05 1.79600338e-05 0.0
-7.06329374e-05 1.96383389e-05 0.0
-7.98296242e-05 1.93829874e-05 0.0
-7.95011438e-05 1.90862447e-05 0.0
-7.96867243e-05 1.8314915e-05 0.0
-8.03491785e-05 1.683152e-05 0.0
-8.08380209e-05 1.43848147e-05 0.0
-8.06330718e-05 1.08689537e-05 0.0
-7.91057682e-05 6.66789538e-06 0.0
-7.63647986e-05 2.10342773e-06 0.0
-7.24234997e-05 -1.91279241e-06 0.0
-0.000384623738 -5.31018941e-06 0.0
-0.000401060097 -5.1245288e-06 0.0
-0.00040123862 -7.81383824e-06 0.0
-0.000393915718 -8.66830942e-06 0.0
-0.000386592175 -8.35367609e-06 0.0
-0.000382091355 -6.70873033e-06 0.0
-0.000140618809 3.53196156e-05 0.0
-0.00014159827 3.4452456e-05 0.0
-0.000140043936 3.32131931e-05 0.0
-0.000138190298 3.20280378e-05 0.0
-0.000136441551 3.09162315e-05 0.0
-0.000134454982 2.97588231e-05 0.0
-0.000132296351 2.83889112e-05 0.0
-0.000129631124 2.61597033e-05 0.0
-0.000126107523 2.35912739e-05 0.0
-0.000122481128 2.15072232e-05 0.0
-0.000119534503 1.97911795e-05 0.0
-0.000116169897 1.84696146e-05 0.0
-0.000114870425 1.84345699e-05 0.0
-0.000113949092 1.88351605e-05 0.0
-0.000113395035 1.97531463e-05 0.0
-0.000113212649 2.13311705e-05 0.0
-0.000113771894 2.37417025e-05 0.0
-0.000115164527 2.67523956e-05 0.0
-0.000117401374 2.96364196e-05 0.0
-0.000120639903 3.21065963e-05 0.0
-0.000124812461 3.41074046e-05 0.0
-0.000129836437 3.54386102e-05 0.0
-0.000126374769 2.59706412e-05 0.0
-0.00014308239 3.01574673e-05 0.0
-0.000144302365 2.95023419e-05 0.0
-0.000143179452 2.90502885e-05 0.0
-0.000142297984 2.79453925e-05 0.0
-0.000141427314 2.61229943e-05 0.0
-0.000140024422 2.34663257e-05 0.0
-0.000137932919 2.00864179e-05 0.0
-0.000134520975 1.67676535e-05 0.0
-0.000129868044 1.35192204e-05 0.0
-0.000123435762 1.09183029e-05 0.0
-0.000115308714 9.4050165e-06 0.0
-0.000106429703 9.68872519e-06 0.0
-0.000106811596 1.00786292e-05 0.0
-0.000106309228 1.12940552e-05 0.0
-0.000105698782 1.32648502e-05 0.0
-0.00010569286 1.56587575e-05 0.0
-0.000106484993 1.8448538e-05 0.0
-0.000108610009 2.13934636e-05 0.0
-0.000111724177 2.45112496e-05 0.0
-0.0001162642 2.73353635e-05 0.0
-0.000122038815 2.97188944e-05 0.0
-0.000129146021 3.09707575e-05 0.0
-0.000123591279 2.01700132e-05 0.0
-0.000245619507 2.97593197e-05 0.0
-0.000246907526 2.93689754e-05 0.0
-0.000247581571 2.89606251e-05 0.0
-0.000247195479 2.84846101e-05 0.0
-0.000245529925 2.79649448e-05 0.0
-0.000242991038 2.75301627e-05 0.0
-0.000239563611 2.71602275e-05 0.0
-0.000235489919 2.70365163e-05 0.0
-0.000231140526 2.70116598e-05 0.0
-0.000226650634 2.7764152e-05 0.0
-0.000230346719 2.74093363e-05 0.0
-0.000232093531 2.62672984e-05 0.0
-0.000232772421 2.52818973e-05 0.0
-0.000232725026 2.51146466e-05 0.0
-0.000232797887 2.59266217e-05 0.0
-0.000233748913 2.71688386e-05 0.0
-0.000236142776 2.85898859e-05 0.0
-0.000239357469 2.95741011e-05 0.0
-0.000241587302 2.95891168e-05 0.0
-0.000243041359 2.9705001e-05 0.0
-0.000237487635 2.66904335e-05 0.0
-0.000407638057 4.99528687e-05 0.0
-0.000415020739 4.66344209e-05 0.0
-0.000419467891 4.22252742e-05 0.0
-0.00041768598 3.98748343e-05 0.0
-0.000415611634 3.67484063e-05 0.0
-0.000412946916 3.34236247e-05 0.0
-0.000409388042 2.95927239e-05 0.0
-0.000404790451 2.65274775e-05 0.0
-0.000400192599 2.39376859e-05 0.0
-0.000397321593 2.1375201e-05 0.0
-0.000393281225 1.8477569e-05 0.0
-0.000380814367 1.49727794e-05 0.0
-0.000373835705 1.61192547e-05 0.0
-0.000367606728 1.91401014e-05 0.0
-0.000364150794 2.33145001e-05 0.0
-0.000363849365 2.75456459e-05 0.0
-0.000366523978 3.24222092e-05 0.0
-0.000370870985 3.75076961e-05 0.0
-0.000376449199 4.18339296e-05 0.0
-0.000382873492 4.56057714e-05 0.0
-0.000389400317 4.87153302e-05 0.0
-0.000395518582 5.06928191e-05 0.0
-0.000394275063 3.26895424e-05 0.0
-0.000202019102 4.47478524e-05 0.0
-0.000199989561 4.59329458e-05 0.0
-0.000198597787 4.73014261e-05 0.0
-0.000197551184 4.87547331e-05 0.0
-0.000196747846 5.00847673e-05 0.0
-0.000195874149 5.08530247e-05 0.0
-0.000194996886 5.06027318e-05 0.0
-0.000193845801 4.9185408e-05 0.0
-0.000192015083 4.74913213e-05 0.0
-0.000189802362 4.60315641e-05 0.0
-0.000187135302 4.51017768e-05 0.0
-0.000180446092 4.499036e-05 0.0
-0.000180898583 4.51194246e-05 0.0
-0.000183842378 4.45616897e-05 0.0
-0.000186401332 4.40580989e-05 0.0
-0.000188602615 4.39267715e-05 0.0
-0.000190871797 4.40092008e-05 0.0
-0.000192951979 4.43586141e-05 0.0
-0.00019558458 4.47397069e-05 0.0
-0.000199072369 4.48227511e-05 0.0
-0.000202790587 4.48383944e-05 0.0
-0.000206693949 4.40770491e-05 0.0
-0.000193808592 4.78915535e-05 0.0
-0.000311770244 1.64176745e-05 0.0
-0.00031532452 1.65755246e-05 0.0
-0.000319161685 1.50885253e-05 0.0
-0.000321991887 1.27821895e-05 0.0
-0.000322354987 1.02297026e-05 0.0
-0.000319715211 8.00688031e-06 0.0
-0.000315968093 6.04147044e-06 0.0
-0.000311503274 4.35770289e-06 0.0
-0.000307074457 3.07519554e-06 0.0
-0.000302558648 2.23156985e-06 0.0
-0.000298694213 1.91824984e-06 0.0
-0.000294880389 2.3262096e-06 0.0
-0.000286792842 4.38368443e-06 0.0
-0.000286567345 4.52774066e-06 0.0
-0.000288067182 4.5750453e-06 0.0
-0.000290293654 4.79848359e-06 0.0
-0.000292769022 5.11232474e-06 0.0
-0.000294929283 5.39644725e-06 0.0
-0.000297353137 5.51114636e-06 0.0
-0.000299679465 5.87081286e-06 0.0
-0.000300931744 7.00872897e-06 0.0
-0.000301954278 8.9016512e-06 0.0
-0.000303517096 1.13509732e-05 0.0
-0.000305904192 1.35020982e-05 0.0
-0.00030070616 6.7626238e-06 0.0
-0.00018787483 6.87642896e-05 0.0
-0.000168648854 6.60406295e-05 0.0
-7.35486828e-05 5.01006907e-05 0.0
-7.24753263e-05 4.86967801e-05 0.0
-8.53818419e-05 3.71439746e-05 0.0
-9.96278759e-05 2.53189482e-05 0.0
-0.000104003382 1.91082636e-05 0.0
-9.78762473e-05 1.52227522e-05 0.0
-8.34662496e-05 1.05779964e-05 0.0
-6.80056692e-05 6.14555847e-06 0.0
-5.89650881e-05 3.12699603e-06 0.0
-5.9102149e-05 8.28615953e-07 0.0
-2.22838953e-05 -1.06274883e-05 0.0
-1.47366372e-05 -1.01583355e-05 0.0
-1.06381267e-05 -7.09210644e-06 0.0
-6.71595035e-06 -3.47156401e-06 0.0
-1.09652647e-05 -4.04066412e-07 0.0
-5.89042247e-05 2.25548938e-05 0.0
-7.90979902e-05 1.93428114e-05 0.0
-0.000128614251 2.6826161e-05 0.0
-0.000146885679 1.79160725e-05 0.0
-0.00016654424 4.68083556e-07 0.0
-0.000184457458 -1.36679682e-05 0.0
-0.000198994065 -2.1583508e-05 0.0
-0.000209304548 -2.26101292e-05 0.0
-0.000223270195 -2.16738426e-05 0.0
-0.000240726033 -2.05058532e-05 0.0
-0.000258754328 -2.04630796e-05 0.0
-0.000275669096 -2.09953214e-05 0.0
-0.000291063945 -2.14390038e-05 0.0
-0.000304263696 -1.88279719e-05 0.0
-0.000311166776 -1.7498156e-05 0.0
-0.000315894402 -1.359828e-05 0.0
-0.000321088359 -1.01252699e-05 0.0
-0.000329213741 -4.8971724e-06 0.0
-0.000346442364 -3.47156401e-06 0.0
-0.000350364513 -7.09210644e-06 0.0
-0.000354463031 -1.01583355e-05 0.0
-0.000362010294 -1.06274883e-05 0.0
-0.000398828561 8.28615953e-07 0.0
-0.000398691482 3.12699603e-06 0.0
-0.000407732063 6.14555847e-06 0.0
-0.000423192658 1.05779964e-05 0.0
-0.000437602634 1.52227522e-05 0.0
-0.000443729776 1.91082636e-05 0.0
-0.000439354277 2.53189482e-05 0.0
-0.000425108243 3.71439746e-05 0.0
-0.000412201713 4.86967801e-05 0.0
-0.000413275091 5.01006907e-05 0.0
-0.000508375233 6.60406295e-05 0.0
-0.000527601223 6.87642896e-05 0.0
-0.000529035344 6.33460295e-05 0.0
-0.000520909962 5.81179302e-05 0.0
-0.000515715976 5.46449191e-05 0.0
-0.00051098835 5.07450422e-05 0.0
-0.000504085328 4.941523e-05 0.0
-0.000490885519 4.68041944e-05 0.0
-0.000475490699 4.72478787e-05 0.0
-0.000458575931 4.77801223e-05 0.0
-0.000440547621 4.77373469e-05 0.0
-0.000423091784 4.65693556e-05 0.0
-0.000409126136 4.56330708e-05 0.0
-0.000398815668 4.66596939e-05 0.0
-0.000384279061 5.457523e-05 0.0
-0.000366365828 6.87112843e-05 0.0
-0.000346707297 8.61592707e-05 0.0
-0.000328435854 9.50693648e-05 0.0
-0.000278919586 8.75860133e-05 0.0
-0.000258725835 9.07980939e-05 0.0
-0.000210786864 6.7839137e-05 0.0
-0.000384412706 3.78994155e-05 0.0
-0.000376862648 3.78240511e-05 0.0
-0.000378513185 3.79000958e-05 0.0
-0.000383911567 3.81147111e-05 0.0
-0.000384130282 3.76962234e-05 0.0
-0.000377132383 3.71357346e-05 0.0
-0.000385824998 3.76653297e-05 0.0
-0.000374703988 3.71783572e-05 0.0
-0.0003752966 3.77874057e-05 0.0
-0.000385897729 3.78902732e-05 0.0
-0.000383564766 3.797725e-05 0.0
-0.000380335929 3.72130198e-05 0.0
-0.000377497257 3.6395857e-05 0.0
-0.000384448154 3.73486109e-05 0.0
-0.000385698891 3.81286445e-05 0.0
-0.000373820891 3.74344818e-05 0.0
-0.00038634974 3.76919197e-05 0.0
-0.00037484421 3.6536454e-05 0.0
-0.000376353506 3.7779595e-05 0.0
-0.000385684572 3.76416247e-05 0.0
-0.000383865612 3.67540597e-05 0.0
-0.000380589889 3.68216643e-05 0.0
-0.000381998543 3.73578077e-05 0.0
-0.000382611004 3.67487773e-05 0.0
-0.000378119963 3.74692791e-05 0.0
-0.000384961953 3.8253238e-05 0.0
-0.000384205836 3.69746085e-05 0.0
-0.000379157835 3.64971856e-05 0.0
-0.000375838863 3.62479659e-05 0.0
-0.00038517252 3.75368327e-05 0.0
-0.000382597849 3.80522652e-05 0.0
-0.000379295496 3.79804769e-05 0.0
-0.000382773898 3.79216581e-05 0.0
-0.000378783327 3.7781665e-05 0.0
-0.000111665024 5.12788902e-05 0.0
-0.000120614794 5.15565771e-05 0.0
-0.000120206176 5.39912689e-05 0.0
-0.000103280516 4.92689287e-05 0.0
-0.000123085483 4.99494017e-05 0.0
-0.000106524072 5.08037483e-05 0.0
-0.000111455585 5.27820957e-05 0.0
-0.000124621787 5.44761824e-05 0.0
-0.000114700531 5.00490169e-05 0.0
-0.000125327453 5.29661811e-05 0.0
-0.00010742314 4.95758541e-05 0.0
-0.00011927772 4.96049943e-05 0.0
-0.000117261436 5.48867101e-05 0.0
-0.000117282849 5.20309331e-05 0.0
-0.000121809782 5.5771834e-05 0.0
-9.97172028e-05 4.83846379e-05 0.0
-0.000102284415 4.86730023e-05 0.0
-0.000125687671 5.13651321e-05 0.0
-0.000115512659 5.29613026e-05 0.0
-0.000108305721 5.2197036e-05 0.0
-0.000103388949 4.94763917e-05 0.0
-0.000123714854 4.87398029e-05 0.0
-0.000127102539 5.44800678e-05 0.0
-0.000120879879 4.85175515e-05 0.0
-0.000124420665 5.57233907e-05 0.0
-0.000106966079 5.02530711e-05 0.0
-0.000121565434 5.29785575e-05 0.0
-0.000101084348 4.87418838e-05 0.0
-0.000125319886 5.00295209e-05 0.0
-0.000123271093 5.13386913e-05 0.0
-0.000113845337 5.48124844e-05 0.0
-0.00011568737 4.86177269e-05 0.0
-0.000445057871 4.45452752e-05 0.0
-0.000453216635 4.39367468e-05 0.0
-0.000459278148 4.53402936e-05 0.0
-0.00043726631 4.66265556e-05 0.0
-0.000439862662 4.52229506e-05 0.0
-0.000456778565 4.40561744e-05 0.0
-0.000449202635 4.32953275e-05 0.0
-0.000218561385 6.80809317e-05 0.0
-0.000223620547 7.45067518e-05 0.0
-0.000214720028 7.10287932e-05 0.0
-0.000229968849 7.95183587e-05 0.0
-0.00022047435 6.36252298e-05 0.0
-0.000213965905 6.40537546e-05 0.0
-0.000211640465 6.78694705e-05 0.0
-0.000224109303 7.91290295e-05 0.0
-0.000217309745 7.426917e-05 0.0
-0.000228582721 7.54515931e-05 0.0
-0.00022240066 7.18003357e-05 0.0
-0.000223502386 6.7391411e-05 0.0
-0.000210578582 6.49653302e-05 0.0
-0.000234122286 8.21335634e-05 0.0
-0.000216667657 6.97040596e-05 0.0
-0.000213729349 7.23487829e-05 0.0
-0.000228481571 8.11578939e-05 0.0
-0.000211068138 6.93997354e-05 0.0
-0.000215650303 6.18354898e-05 0.0
-0.000220208603 7.7302022e-05 0.0
-0.000232907711 7.91278871e-05 0.0
-0.000223242838 6.17006008e-05 0.0
-0.000225363838 6.5249922e-05 0.0
-0.000219320238 7.28537052e-05 0.0
-0.000218752612 6.56164557e-05 0.0
-0.000226075252 7.07078289e-05 0.0
-0.000225792071 7.72534549e-05 0.0
-0.000219096619 6.0871047e-05 0.0
-0.000211740786 7.08200605e-05 0.0
-0.000214216241 6.69919245e-05 0.0
-0.000231875674 8.27082695e-05 0.0
-0.00022168069 7.58757669e-05 0.0
-3.67066641e-05 2.22050608e-06 0.0
-3.93707742e-05 5.68027144e-06 0.0
-3.96611176e-05 9.693641e-06 0.0
-3.26927584e-05 -3.46745833e-06 0.0
-4.04725797e-05 3.969918e-06 0.0
-3.90050736e-05 1.18981734e-05 0.0
-4.13247144e-05 8.06280059e-06 0.0
-3.73129806e-05 7.42270913e-06 0.0
-3.6589292e-05 -5.29105193e-07 0.0
-0.000296822574 8.87598289e-05 0.0
-0.000294861966 8.35996616e-05 0.0
-0.000286856695 8.48752388e-05 0.0
-0.000289918622 8.86729686e-05 0.0
-0.000303045439 9.25568893e-05 0.0
-0.00028701534 7.95315573e-05 0.0
-0.000297736813 9.18647274e-05 0.0
-0.000295836478 8.08117184e-05 0.0
-0.000291297387 7.76969464e-05 0.0
-0.000298878149 8.68014831e-05 0.0
-0.000293197343 8.59871798e-05 0.0
-0.000282979308 8.13917504e-05 0.0
-0.000283287402 8.54134705e-05 0.0
-0.000302281813 9.04292683e-05 0.0
-0.000293435762 9.12191535e-05 0.0
-0.000302325992 9.37115183e-05 0.0
-0.000299763487 8.42067166e-05 0.0
-0.000289514428 8.2946819e-05 0.0
-0.000305732712 9.3069415e-05 0.0
-0.000291092438 8.73485624e-05 0.0
-0.000294511032 8.98685685e-05 0.0
-0.000285255723 8.75294063e-05 0.0
-0.000287620118 7.69273975e-05 0.0
-0.00028255806 7.84975928e-05 0.0
-0.000280978595 8.32797523e-05 0.0
-0.000294365804 7.76726447e-05 0.0
-0.000305158086 9.39766396e-05 0.0
-0.000287922216 8.92544413e-05 0.0
-0.000299604377 9.14132761e-05 0.0
-0.000284463516 7.68677201e-05 0.0
-0.000298803323 9.30686801e-05 0.0
-0.000297790946 7.90763079e-05 0.0
-0.00028736997 8.67364288e-05 0.0
-0.000291079399 8.03026778e-05 0.0
-0.000105893952 1.6711263e-05 0.0
-0.00010788974 2.10720627e-05 0.0
-0.000105103296 1.49906991e-05 0.0
-0.000108576438 2.24442865e-05 0.0
-0.000344266475 -1.18358166e-05 0.0
-0.000334151962 -1.52702778e-05 0.0
-0.000332266733 -1.48126319e-05 0.0
-0.000348105823 -1.08563227e-05 0.0
-0.000347260182 -1.02235381e-05 0.0
-0.000333897828 -1.28892516e-05 0.0
-0.000341411651 -1.19571851e-05 0.0
-0.000334174372 -1.55316793e-05 0.0
-0.000346727204 -1.09010925e-05 0.0
-0.000330373412 -1.60537274e-05 0.0
-0.000344072294 -1.18313419e-05 0.0
-0.000336779864 -1.42339795e-05 0.0
-0.00034159093 -9.48507022e-06 0.0
-0.000331710035 -1.64289013e-05 0.0
-0.000339424907 -1.21954263e-05 0.0
-0.000342600921 -1.13527312e-05 0.0
-0.000351154769 -9.7486818e-06 0.0
-0.000330475596 -1.42080517e-05 0.0
-0.000334813405 -1.0961011e-05 0.0
-0.000349442707 -1.02698114e-05 0.0
-0.000329066039 -1.58018938e-05 0.0
-0.00033681179 -1.34283391e-05 0.0
-0.00035107584 -9.95841947e-06 0.0
-0.000330221752 -1.66111531e-05 0.0
-0.000344723958 -1.09667153e-05 0.0
-0.000329229661 -1.52234106e-05 0.0
-0.000337950216 -1.32191708e-05 0.0
-0.000338012993 -9.72976068e-06 0.0
-0.000334619486 -1.55362068e-05 0.0
-0.000345480134 -8.4124722e-06 0.0
-0.000458392373 4.34042813e-05 0.0
-0.000470414525 5.0368435e-05 0.0
-0.000454030669 4.84688826e-05 0.0
-0.00046734637 4.3299653e-05 0.0
-0.000449084037 4.15985851e-05 0.0
-0.000455579022 3.67097964e-05 0.0
-0.00046265783 5.02935764e-05 0.0
-0.000450531137 3.73560142e-05 0.0
-0.000474541506 4.79790615e-05 0.0
-0.000447486673 4.48169121e-05 0.0
-0.000461977499 3.74229094e-05 0.0
-0.000475550216 5.50216828e-05 0.0
-0.000454026129 5.25426804e-05 0.0
-0.000469083549 5.38438617e-05 0.0
-0.000459954812 5.28320124e-05 0.0
-0.000446015096 3.78818113e-05 0.0
-0.00046477688 4.60465017e-05 0.0
-0.000476458605 5.20491812e-05 0.0
-0.000460675219 4.12022637e-05 0.0
-0.000451182539 3.38269165e-05 0.0
-0.000449948653 4.88191581e-05 0.0
-0.000454896392 4.49632607e-05 0.0
-0.000453823654 4.14950591e-05 0.0
-0.000472167594 4.17363954e-05 0.0
-0.000444887846 4.19823191e-05 0.0
-0.000456896581 3.42398271e-05 0.0
-0.000475116482 4.51817468e-05 0.0
-0.00046771497 3.85763342e-05 0.0
-0.000446635997 3.53268842e-05 0.0
-0.000448328734 3.39161379e-05 0.0
-0.000465419784 4.92185864e-05 0.0
-0.000458101305 4.83820259e-05 0.0
-0.000469943712 4.7621299e-05 0.0
-0.000464608136 5.35817635e-05 0.0
-0.000456268433 4.01757534e-05 0.0
-0.000451462547 4.57019196e-05 0.0
-0.000453078042 3.28270326e-05 0.0
-0.00047824459 5.06244432e-05 0.0
-0.000446942315 4.71229214e-05 0.0
-0.000460647832 4.70371269e-05 0.0
-0.000444346311 3.95037787e-05 0.0
-0.000132051224 5.93026198e-05 0.0
-0.000123737133 5.88641196e-05 0.0
-0.000134729897 5.94997291e-05 0.0
-0.000121012192 5.87211362e-05 0.0
-0.000201380797 6.04533925e-05 0.0
-0.000202284224 5.4735101e-05 0.0
-0.000222711373 6.83821781e-05 0.0
-0.000225633397 6.20484861e-05 0.0
-0.000229735946 6.62496241e-05 0.0
-0.000224343254 5.85969356e-05 0.0
-0.00020512109 5.21090224e-05 0.0
-0.000197608373 5.58296852e-05 0.0
-0.000202175346 6.49358408e-05 0.0
-0.000219121604 7.25899736e-05 0.0
-0.000196262379 5.94683552e-05 0.0
-0.000228666424 7.24592464e-05 0.0
-0.000231451719 6.26373367e-05 0.0
-0.00019701726 5.165107e-05 0.0
-0.000207555233 7.01279714e-05 0.0
-0.000213169536 7.2896597e-05 0.0
-0.000217988534 5.4544249e-05 0.0
-0.000211543942 5.19991409e-05 0.0
-0.000232951017 6.48029163e-05 0.0
-0.000229286728 6.07043803e-05 0.0
-0.000197735237 6.21463187e-05 0.0
-0.0001953959 5.69825061e-05 0.0
-0.000224728559 7.4205891e-05 0.0
-0.000231867147 6.99579032e-05 0.0
-0.00019949222 5.08567828e-05 0.0
-0.000195580389 5.3044645e-05 0.0
-0.000203083851 6.87154243e-05 0.0
-0.000223021285 5.58636348e-05 0.0
-0.000219825626 6.34464595e-05 0.0
-0.000206030571 5.8878828e-05 0.0
-0.000399082666 4.38815005e-05 0.0
-0.000389991328 4.66677193e-05 0.0
-0.000399334152 4.29036954e-05 0.0
-0.000389154215 4.77105787e-05 0.0
-0.00039831255 4.44380748e-05 0.0
-0.000391117326 4.5973542e-05 0.0
-0.000387316046 4.82790492e-05 0.0
-0.000401463942 4.31962435e-05 0.0
-0.00039558133 4.55622539e-05 0.0
-0.000393753609 4.40387848e-05 0.0
-0.000390300964 4.77985704e-05 0.0
-0.000398004428 4.25478138e-05 0.0
-0.000392729649 4.50671214e-05 0.0
-0.000396375079 4.48263927e-05 0.0
-0.000400417834 4.3768232e-05 0.0
-0.000388987974 4.74359258e-05 0.0
-0.000401778176 4.3410495e-05 0.0
-0.000387417764 4.82718751e-05 0.0
-0.000401687459 4.28280073e-05 0.0
-0.00038656604 4.89683189e-05 0.0
-0.000396295713 4.25580183e-05 0.0
-0.000395039213 4.30084074e-05 0.0
-0.000392284855 4.71202038e-05 0.0
-0.000394023344 4.63747529e-05 0.0
-0.000397413241 4.47894272e-05 0.0
-0.000392324117 4.5359131e-05 0.0
-0.000397160358 4.38430434e-05 0.0
-0.000391746726 4.61840173e-05 0.0
-0.000211781007 2.42581355e-05 0.0
-0.000214095431 2.71288754e-05 0.0
-0.000206936471 2.59305889e-05 0.0
-0.000203890188 2.18901714e-05 0.0
-0.000201133284 2.36295946e-05 0.0
-0.000197335801 2.10685757e-05 0.0
-0.000218162982 2.62420399e-05 0.0
-0.000220164817 2.83163881e-05 0.0
-0.000212552928 2.7904227e-05 0.0
-0.000210632395 2.2073209e-05 0.0
-0.000205656383 2.46075579e-05 0.0
-0.000221281138 2.80472577e-05 0.0
-0.000197497007 2.17112774e-05 0.0
-0.000217473338 2.43989107e-05 0.0
-0.000220186237 2.85817823e-05 0.0
-0.000222971925 2.87532384e-05 0.0
-0.000202947122 2.5333009e-05 0.0
-0.000198001537 2.03981126e-05 0.0
-0.000194732595 2.05192282e-05 0.0
-0.000205901015 2.05127581e-05 0.0
-0.000208267811 2.7500826e-05 0.0
-0.00020538595 2.66204952e-05 0.0
-0.00021476789 2.27454257e-05 0.0
-0.000201620831 2.00818922e-05 0.0
-0.000216748114 2.86944032e-05 0.0
-0.000203539865 2.29592333e-05 0.0
-0.000222523318 2.86214381e-05 0.0
-0.000195785367 2.08341389e-05 0.0
-0.000221422713 2.74532649e-05 0.0
-0.00019800954 2.23798361e-05 0.0
-0.000214607106 2.57967968e-05 0.0
-7.01737663e-05 1.28837373e-05 0.0
-4.74061526e-05 -2.04434514e-06 0.0
-7.44417048e-05 1.25562992e-05 0.0
-6.55887416e-05 1.29696737e-05 0.0
-4.79884402e-05 7.73715669e-07 0.0
-7.46600563e-05 8.66272785e-06 0.0
-5.7641173e-05 2.44374155e-06 0.0
-7.64211436e-05 1.63819113e-05 0.0
-7.39051684e-05 1.65893944e-05 0.0
-6.66630294e-05 -3.75811311e-07 0.0
-5.6851939e-05 1.0507315e-05 0.0
-4.9717979e-05 4.61747186e-06 0.0
-5.92942561e-05 -6.42530722e-07 0.0
-5.21996044e-05 1.0900909e-06 0.0
-5.2019037e-05 -1.4432419e-06 0.0
-7.77926689e-05 1.59881693e-05 0.0
-7.62658674e-05 1.72501077e-05 0.0
-7.13313275e-05 1.6906919e-05 0.0
-4.54850669e-05 -1.78686275e-06 0.0
-7.22089608e-05 3.88969647e-06 0.0
-7.82685747e-05 1.44543646e-05 0.0
-7.77920068e-05 1.1989574e-05 0.0
-6.62372258e-05 1.60739619e-05 0.0
-6.11937794e-05 1.41383125e-05 0.0
-6.76677882e-05 9.60055968e-06 0.0
-4.65429257e-05 2.12718078e-06 0.0
-5.19687528e-05 7.61540332e-06 0.0
-0.000396414893 -6.4027422e-06 0.0
-0.000387070468 -6.22131984e-06 0.0
-0.000398461358 -6.85141686e-06 0.0
-0.000384966959 -6.44289867e-06 0.0
-0.000403183338 -6.06170306e-06 0.0
-0.000382842147 -5.85459293e-06 0.0
-0.000122416663 2.24974829e-05 0.0
-0.00013221422 3.03570505e-05 0.0
-0.000119288561 2.22003564e-05 0.0
-0.00013537315 3.05685098e-05 0.0
-0.000127631953 3.11264739e-05 0.0
-0.000125094346 2.37604581e-05 0.0
-0.000118264135 2.04071766e-05 0.0
-0.000117629061 2.34374402e-05 0.0
-0.000133622205 2.92569948e-05 0.0
-0.000136920062 3.23755376e-05 0.0
-0.000119950135 2.04478965e-05 0.0
-0.000122462166 2.92473651e-05 0.0
-0.000115624563 2.02952251e-05 0.0
-0.000131865323 3.30147559e-05 0.0
-0.000127574895 2.51668953e-05 0.0
-0.000138531992 3.24408429e-05 0.0
-0.000137791503 3.18557541e-05 0.0
-0.000136296047 3.08725794e-05 0.0
-0.000135942682 3.34189244e-05 0.0
-0.000118275908 1.97049394e-05 0.0
-0.000122026489 2.15872406e-05 0.0
-0.000127150983 2.82837264e-05 0.0
-0.000115420116 2.13585445e-05 0.0
-0.000116147508 1.96798355e-05 0.0
-0.000116945033 2.51405727e-05 0.0
-0.000132552217 2.85651331e-05 0.0
-0.000130284854 2.70514047e-05 0.0
-0.000118817799 2.73277983e-05 0.0
-0.000131069377 2.83435675e-05 0.0
-0.000123885067 3.15521538e-05 0.0
-0.000125830091 2.45211759e-05 0.0
-0.000115913288 1.45720478e-05 0.0
-0.000123633145 1.60678883e-05 0.0
-0.000135336144 2.63463098e-05 0.0
-0.000131821289 1.96840247e-05 0.0
-0.00011763256 2.33017072e-05 0.0
-0.000110290974 1.30597127e-05 0.0
-0.000131194887 2.74723807e-05 0.0
-0.000115023999 1.2470985e-05 0.0
-0.000138532181 2.65328272e-05 0.0
-0.00011198446 1.94469085e-05 0.0
-0.000120779878 2.6287229e-05 0.0
-0.000120317942 2.11297393e-05 0.0
-0.000109406137 1.52323328e-05 0.0
-0.000109253218 1.11885784e-05 0.0
-0.000136103365 2.18898658e-05 0.0
-0.000129496402 1.63943987e-05 0.0
-0.000137538431 2.84865546e-05 0.0
-0.000140479271 2.8569073e-05 0.0
-0.000140876029 2.81822468e-05 0.0
-0.000120393794 1.2791842e-05 0.0
-0.00012705267 1.9562649e-05 0.0
-0.00012590304 2.79206142e-05 0.0
-0.000110265908 1.09713383e-05 0.0
-0.000125328486 1.41644969e-05 0.0
-0.000138191434 2.42993392e-05 0.0
-0.000139513504 2.62143403e-05 0.0
-0.000112542373 2.20680085e-05 0.0
-0.000128573694 2.32904149e-05 0.0
-0.000107993161 1.32207779e-05 0.0
-0.00010890478 1.72122855e-05 0.0
-0.000234117339 2.55263749e-05 0.0
-0.000241585716 2.84110538e-05 0.0
-0.000242445298 2.79018022e-05 0.0
-0.000232243983 2.59944336e-05 0.0
-0.000240802736 2.88832653e-05 0.0
-0.000234781808 2.57243755e-05 0.0
-0.000241500893 2.75530037e-05 0.0
-0.000232089471 2.5731908e-05 0.0
-0.000244038965 2.88560532e-05 0.0
-0.0002339684 2.68553431e-05 0.0
-0.000234875333 2.65353792e-05 0.0
-0.000233621686 2.52877344e-05 0.0
-0.000239870889 2.90278185e-05 0.0
-0.000242559763 2.92803452e-05 0.0
-0.000243719434 2.92835848e-05 0.0
-0.000232914492 2.54283714e-05 0.0
-0.00023020542 2.64448081e-05 0.0
-0.000229215409 2.67835258e-05 0.0
-0.000230373276 2.68821695e-05 0.0
-0.000245186966 2.87019266e-05 0.0
-0.000245291565 2.83837107e-05 0.0
-0.000244293682 2.80323165e-05 0.0
-0.000236316308 2.76096034e-05 0.0
-0.000238019857 2.84596772e-05 0.0
-0.000239976711 2.72911311e-05 0.0
-0.000237034634 2.70904002e-05 0.0
-0.000236155058 2.63243091e-05 0.0
-0.00023929443 2.77234085e-05 0.0
-0.000380402169 2.96888775e-05 0.0
-0.000406197476 3.35333352e-05 0.0
-0.000386316213 3.85562707e-05 0.0
-0.000401941797 2.7730277e-05 0.0
-0.000379286532 2.34916315e-05 0.0
-0.000411183311 3.86057873e-05 0.0
-0.00037673855 3.4731398e-05 0.0
-0.000392490125 4.41021693e-05 0.0
-0.000395457639 2.31336508e-05 0.0
-0.000407891726 3.14471436e-05 0.0
-0.000370221067 2.71006647e-05 0.0
-0.000407339394 4.24777245e-05 0.0
-0.000381968828 4.19309035e-05 0.0
-0.000412984518 3.70625385e-05 0.0
-0.000380862766 1.95569792e-05 0.0
-0.000405273808 2.81306948e-05 0.0
-0.000402266829 2.58122018e-05 0.0
-0.000399296347 2.39253895e-05 0.0
-0.000411639136 3.45195149e-05 0.0
-0.000370629219 3.08620729e-05 0.0
-0.000371566071 2.36956803e-05 0.0
-0.000403082697 3.62718856e-05 0.0
-0.000387194275 4.46909435e-05 0.0
-0.000377134944 3.86317915e-05 0.0
-0.000391138514 2.00941322e-05 0.0
-0.000397441618 4.72079664e-05 0.0
-0.000402421894 4.62725075e-05 0.0
-0.000386097818 1.9125946e-05 0.0
-0.00039853566 2.96000726e-05 0.0
-0.000413041096 4.22275298e-05 0.0
-0.000197001311 4.90161183e-05 0.0
-0.000187993137 4.71623789e-05 0.0
-0.000199730406 4.68458784e-05 0.0
-0.000187478596 4.5507506e-05 0.0
-0.000190802777 4.48281935e-05 0.0
-0.000195823464 4.99146154e-05 0.0
-0.000189264669 4.74820663e-05 0.0
-0.000199744347 4.73728833e-05 0.0
-0.000199491085 4.54509209e-05 0.0
-0.000184331846 4.59576222e-05 0.0
-0.000197840811 4.85000855e-05 0.0
-0.000203582778 4.54631336e-05 0.0
-0.000191968749 4.86782956e-05 0.0
-0.000186459569 4.63891811e-05 0.0
-0.000195102533 5.03172414e-05 0.0
-0.000192399282 4.45150145e-05 0.0
-0.000188013801 4.45545775e-05 0.0
-0.000184349337 4.51288433e-05 0.0
-0.000184047778 4.59382572e-05 0.0
-0.000185955039 4.46822924e-05 0.0
-0.000196913505 4.94717933e-05 0.0
-0.00019895572 4.74623812e-05 0.0
-0.000202275667 4.59441362e-05 0.0
-0.000202960597 4.51916458e-05 0.0
-0.000193821936 4.97639157e-05 0.0
-0.000194775523 4.47731509e-05 0.0
-0.000197313537 4.49597865e-05 0.0
-0.000191545099 4.62422722e-05 0.0
-0.000191117128 4.8280428e-05 0.0
-0.000190811537 4.74846165e-05 0.0
-0.00019756316 4.79732153e-05 0.0
-0.000305781112 1.05112667e-05 0.0
-0.000310663629 8.4122712e-06 0.0
-0.00029421784 5.46411047e-06 0.0
-0.000294587429 4.52803715e-06 0.0
-0.00031182752 6.46761055e-06 0.0
-0.000311454147 1.17521022e-05 0.0
-0.000291029457 4.71837211e-06 0.0
-0.000297833787 3.57545218e-06 0.0
-0.000303454493 1.04473238e-05 0.0
-0.000296077982 6.00194289e-06 0.0
-0.000308661576 1.38057067e-05 0.0
-0.000292247365 5.0806475e-06 0.0
-0.000317475526 1.02210361e-05 0.0
-0.000290836208 4.12940608e-06 0.0
-0.000299022591 6.96609732e-06 0.0
-0.000300951506 8.53451456e-06 0.0
-0.000307268463 4.40255053e-06 0.0
-0.000302626868 3.37923871e-06 0.0
-0.000316843478 8.3814648e-06 0.0
-0.000316376099 1.21097119e-05 0.0
-0.000289199583 4.41779093e-06 0.0
-0.000293847464 3.55198131e-06 0.0
-0.000311300042 1.41546725e-05 0.0
-0.000306296599 1.28141037e-05 0.0
-0.000294023834 5.40188603e-06 0.0
-0.000290507247 4.82800533e-06 0.0
-0.000311585725 5.24361121e-06 0.0
-0.000297992083 6.14311466e-06 0.0
-0.000304920366 8.18805711e-06 0.0
-0.00029651646 5.54916642e-06 0.0
-0.000296776008 5.05542448e-05 0.0
-0.000250378478 -2.37657991e-06 0.0
-0.000330564944 5.44746617e-05 0.0
-0.000195785484 1.44172973e-05 0.0
-0.000246576936 4.92590079e-05 0.0
-0.000310368108 3.63100116e-05 0.0
-0.000277807412 7.03696132e-05 0.0
-0.000159127754 2.26827215e-05 0.0
-0.000424508558 4.50286352e-05 0.0
-0.000260810804 1.32866728e-06 0.0
-0.000314494275 2.3911909e-05 0.0
-0.000156748967 4.08939486e-05 0.0
-0.000363204832 8.83601672e-07 0.0
-0.000191265019 3.94267372e-05 0.0
-0.000366677647 1.71268857e-05 0.0
-0.000270138378 -1.65733545e-05 0.0
-0.000337431236 4.84109551e-05 0.0
-0.000140395234 1.48138406e-05 0.0
-0.000145514947 2.49066688e-05 0.0
-0.000153388377 5.04816562e-05 0.0
-0.000229834812 2.70424007e-05 0.0
-0.000260698434 3.53111536e-05 0.0
-0.000263901806 5.74111509e-05 0.0
-0.000288537209 -3.96802943e-06 0.0
-0.000414672308 3.64578227e-05 0.0
-0.000228145975 1.10607034e-05 0.0
-0.000215011547 -6.76222044e-06 0.0
-0.000354855118 4.53333632e-05 0.0
-0.000175469919 6.63524261e-05 0.0
-0.000158874333 2.32601615e-05 0.0
-0.000160043593 3.02378903e-05 0.0
-0.000113193899 2.93616504e-05 0.0
-0.000342949235 5.5622404e-05 0.0
-0.000185155324 2.43545674e-05 0.0
-0.000323550077 3.29751019e-05 0.0
-0.000210934537 2.99000658e-05 0.0
-0.000129353706 2.37928089e-05 0.0
-0.000305114983 7.37405717e-05 0.0
-0.000342394371 4.31274275e-05 0.0
-0.000224924632 5.48975986e-05 0.0
-0.000301561842 3.20700965e-05 0.0
-0.00023177515 4.55111767e-05 0.0
-0.000306149159 5.81868553e-05 0.0
-8.64476242e-05 2.32539242e-05 0.0
-0.000276516221 4.39255055e-05 0.0
-0.000292517536 2.77002459e-06 0.0
-0.000120843484 1.75037094e-05 0.0
-0.000397184369 2.47681601e-05 0.0
-0.000161388263 1.78439132e-05 0.0
-0.000142737743 3.64219159e-05 0.0
-0.000256498868 8.22128422e-05 0.0
-0.000151489192 4.10904286e-05 0.0
-0.000237261222 -1.71129941e-05 0.0
-0.000283158472 1.5165836e-05 0.0
-0.000251387071 1.48804554e-06 0.0
-2.17308552e-05 -3.22720939e-06 0.0
-0.00022623346 2.51550864e-05 0.0
-0.000165318459 4.36044502e-05 0.0
-0.000285014015 -2.00268059e-05 0.0
-0.000374007621 6.31818557e-06 0.0
-0.000205422271 2.0557678e-05 0.0
-0.000183363503 5.63042431e-06 0.0
-0.000184186254 4.10625216e-05 0.0
-0.000182307165 3.8832728e-05 0.0
-0.00034137076 9.2346254e-06 0.0
-0.000222757895 4.2653719e-06 0.0
-0.000155739326 1.27974126e-05 0.0
-7.20824974e-05 2.14996053e-05 0.0
-0.000439835014 4.86461286e-05 0.0
-0.000357284036 3.01116997e-05 0.0
-0.000105151077 1.99346268e-05 0.0
-0.000235953208 5.79569569e-05 0.0
-0.000374261261 -1.93638289e-06 0.0
-0.000301479129 -1.23397122e-05 0.0
-0.000173242152 5.01617433e-05 0.0
-0.000338567334 -4.87780289e-06 0.0
-0.000235694941 9.87790372e-06 0.0
-0.000357332785 4.59315452e-05 0.0
-0.000176668982 6.52911476e-05 0.0
-0.000247039716 7.06602441e-05 0.0
-0.000355833094 3.21967455e-05 0.0
-0.000312912336 4.41743214e-05 0.0
-7.99429617e-05 5.99715213e-06 0.0
-0.000342986954 1.1422585e-05 0.0
-0.000137748561 1.94100285e-05 0.0
-0.000419131975 3.285005e-05 0.0
-0.000277607003 2.87674993e-05 0.0
-0.000159432442 5.07321383e-05 0.0
-0.000437092502 4.32675261e-05 0.0
-0.000410573441 3.68847504e-05 0.0
-0.000144373727 2.54321749e-05 0.0
-0.000317196973 3.34709293e-05 0.0
-7.47725571e-05 4.36510891e-06 0.0
-0.000340847182 3.77477845e-05 0.0
-0.000151613785 2.8466864e-05 0.0
-0.000294368016 3.27963317e-05 0.0
-0.000230713689 3.39625803e-05 0.0
-0.000280038395 5.87620816e-05 0.0
-0.000251248392 1.13815872e-06 0.0
-0.000357451238 4.45559126e-05 0.0
-0.000172230837 3.57249301e-05 0.0
-0.000179255047 2.35920306e-05 0.0
-0.000425633654 4.09384484e-05 0.0
-0.000201881587 3.86459615e-05 0.0
-0.000137670751 4.92938671e-05 0.0
-0.000428188127 3.76456301e-05 0.0
-0.000201978532 3.14377139e-05 0.0
-0.000270289223 2.31804484e-06 0.0
-0.000369517133 4.26713596e-05 0.0
-0.000372629234 -7.30787633e-06 0.0
-0.000272835314 -9.69311986e-06 0.0
-0.000254579063 6.39344653e-05 0.0
-0.000195019762 6.92773319e-05 0.0
-0.000179600567 6.2709114e-05 0.0
-0.000156146052 5.74701044e-05 0.0
-0.000340942963 8.54313912e-05 0.0
-0.00014630756 2.37445802e-05 0.0
-0.000339049904 4.96388711e-05 0.0
-0.000421639445 4.79383016e-05 0.0
-0.000403089216 3.25759793e-05 0.0
-0.000140702818 3.92388247e-05 0.0
-0.000106580555 2.74513877e-05 0.0
-0.000214912623 3.10631294e-05 0.0
-0.000276273204 4.98026384e-05 0.0
-0.000378259836 1.13147087e-06 0.0
-0.000278390624 2.4913872e-05 0.0
-0.000262954913 2.7190421e-05 0.0
-0.000317653699 7.39858806e-05 0.0
-0.000346145593 5.72526296e-05 0.0
-0.000424342754 4.61184463e-05 0.0
-0.000228348115 2.68274744e-05 0.0
-0.000315434387 5.16494038e-05 0.0
-0.000221459049 5.09304082e-05 0.0
-0.0003959428 1.1253228e-05 0.0
-0.000163243938 3.2907592e-05 0.0
-0.000282059424 3.81148238e-05 0.0
-0.000354327902 4.47937855e-05 0.0
-0.000134638525 2.46600739e-05 0.0
-0.000335288118 1.80544303e-05 0.0
-0.000283929694 8.23715673e-05 0.0
-0.000258189481 -2.00742616e-05 0.0
-0.00030764137 -4.01096349e-06 0.0
-0.000341105799 3.6870013e-05 0.0
-0.000136066752 1.99824408e-05 0.0
-0.000239528454 -9.30264741e-06 0.0
-0.000133982641 1.69497653e-05 0.0
-0.000102560458 2.80196946e-05 0.0
-0.000306477421 1.89904574e-06 0.0
-0.000305040157 -1.72671389e-05 0.0
-0.000178319067 2.23171464e-05 0.0
-0.000364053267 -9.19423564e-06 0.0
-0.000163918885 1.38495725e-05 0.0
-0.000268700154 -6.11848236e-07 0.0
-0.00041799547 2.30685437e-05 0.0
-0.000128101878 1.70978074e-05 0.0
-0.000270798046 1.60072395e-05 0.0
-0.0001217557 2.92255627e-05 0.0
-0.000166077371 4.39075047e-05 0.0
-7.6505763e-05 1.65825295e-05 0.0
-0.000121981393 2.41782582e-05 0.0
-0.000267038093 8.68768911e-05 0.0
-0.000211754537 5.69127369e-05 0.0
-0.000172422122 4.78983748e-05 0.0
-0.000250881305 4.3254513e-05 0.0
-0.000343078544 -7.03306296e-06 0.0
-0.00025372018 2.76915835e-05 0.0
-0.000462236232 4.62198368e-05 0.0
-0.00013051393 3.75601339e-05 0.0
-0.000399326847 4.59198309e-05 0.0
-0.000421741162 3.45369772e-05 0.0
-0.000158019539 2.89159107e-05 0.0
-6.75999036e-05 2.02558522e-06 0.0
-0.000410549139 3.57291392e-05 0.0
-0.000159396746 5.27033735e-05 0.0
-0.000231477097 6.66058259e-05 0.0
-0.000219715788 1.92582957e-05 0.0
-0.000327779446 4.68131184e-05 0.0
-0.000357392855 -7.6839915e-06 0.0
-0.000300179934 6.62790699e-05 0.0
-7.04905033e-05 2.41017533e-05 0.0
-0.000152948938 4.28756357e-05 0.0
-0.000178417293 6.41317311e-05 0.0
-0.000287069473 2.91201814e-05 0.0
-1.46535003e-05 -2.20337574e-06 0.0
-0.000256561965 8.54287428e-05 0.0
-7.58677343e-05 8.70343774e-06 0.0
-0.000198482128 6.90784946e-05 0.0
-0.000424830156 4.16358016e-05 0.0
-0.000426975166 4.84332522e-05 0.0
-0.000170439991 6.28122289e-05 0.0
-0.0002133128 -1.56393908e-05 0.0
-0.000260005385 7.63985518e-05 0.0
-0.000332489755 3.63989398e-06 0.0
-9.88482134e-05 4.37225062e-05 0.0
-0.000379503181 3.53343057e-05 0.0
-0.000371313741 4.35884031e-05 0.0
-0.00039922609 3.5834375e-05 0.0
-0.000310722593 1.01442856e-05 0.0
-0.000141694167 4.95559943e-05 0.0
-0.000151279412 3.52887764e-05 0.0
-0.000252029247 5.28531527e-05 0.0
-0.000211127233 1.38653304e-05 0.0
-0.000288979238 -2.13026633e-05 0.0
-0.000231785831 2.9515144e-05 0.0
-0.000205229197 4.03606236e-06 0.0
-0.000327298709 6.15888857e-05 0.0
-0.000159415271 6.31437724e-05 0.0
-0.000217838431 2.45974352e-05 0.0
-0.000181175579 5.3769927e-05 0.0
-0.000140641743 2.57069114e-05 0.0
-0.000341588166 8.07114484e-05 0.0
-0.000195981585 -8.89170951e-06 0.0
-0.000216745233 4.11938454e-05 0.0
-0.000249830482 2.78386506e-06 0.0
-0.000176080837 5.59139189e-05 0.0
-0.000362941704 1.93122632e-05 0.0
-0.00032339475 5.36656626e-05 0.0
-0.000159875737 2.41735979e-05 0.0
-0.00017793203 1.59915326e-05 0.0
-0.000236811175 3.91720414e-06 0.0
-0.000151382599 1.84618402e-05 0.0
-9.13017648e-05 1.16089341e-05 0.0
-0.000222714079 6.14131422e-05 0.0
-0.000144341524 5.14105559e-05 0.0
-0.000436740462 4.67838254e-05 0.0
-0.000234842111 9.76362298e-06 0.0
-0.000275276892 8.04484557e-07 0.0
-2.11583483e-05 -6.77607704e-06 0.0
-0.000101672558 2.28276913e-05 0.0
-0.000507111661 6.31369912e-05 0.0
-0.000192290507 6.56460179e-05 0.0
-0.000367598521 4.17690135e-05 0.0
-0.000351103023 3.57641147e-05 0.0
-0.000382326078 -1.86052353e-06 0.0
-0.000268582749 1.95608263e-05 0.0
-0.000237485845 7.72411295e-05 0.0
-0.000194901761 2.05847591e-05 0.0
-0.00034613593 6.38480269e-05 0.0
-0.000178022543 4.05275568e-05 0.0
-2.86165414e-05 -1.89525849e-06 0.0
-0.000222012328 4.33757887e-05 0.0
-0.000227300887 2.55266787e-05 0.0
-0.00031203762 -9.37730965e-06 0.0
-0.000171219523 5.82421526e-05 0.0
-9.38173689e-05 1.70952717e-05 0.0
-0.000223963711 2.30597525e-05 0.0
-0.000258770189 7.04627528e-05 0.0
-0.000260408968 -1.36349936e-05 0.0
-0.000345823035 4.80735434e-05 0.0
-5.55414445e-05 2.07569919e-05 0.0
-0.000402209931 3.88822118e-05 0.0
-0.00019260071 2.55410487e-05 0.0
-0.000269073644 -4.67868449e-06 0.0
-0.000324300578 -2.30104865e-06 0.0
-0.000261737296 6.68151479e-05 0.0
-0.000196715293 4.31111366e-05 0.0
-0.000361980463 4.6158264e-05 0.0
-0.000335080462 3.5414836e-05 0.0
-6.83194448e-05 1.17335876e-05 0.0
-0.00016744039 4.53480352e-05 0.0
-0.000406022242 4.57998758e-05 0.0
-9.00846644e-05 1.30318549e-05 0.0
-0.000234788255 -2.09163372e-05 0.0
-0.000445988262 4.45822479e-05 0.0
-0.000377386867 3.20455147e-05 0.0
-0.000350121176 6.85151463e-06 0.0
-0.000323709392 7.13666523e-05 0.0
-0.000149884523 1.2991497e-05 0.0
-9.76969895e-05 2.61075038e-05 0.0
-0.00017469046 3.48899848e-05 0.0
-0.000188987004 6.74421171e-05 0.0
-0.000343246385 7.32128537e-05 0.0
-0.000385321211 3.28010628e-06 0.0
-0.000295267411 4.47712009e-05 0.0
-8.61358931e-05 8.44783972e-06 0.0
-0.000392466056 4.73414439e-05 0.0
-0.000265094568 7.6622171e-05 0.0
-0.000284901704 2.96219205e-05 0.0
-0.000265778537 6.57648852e-05 0.0
-0.000265729759 1.95820066e-05 0.0
-0.000169590334 1.64075846e-05 0.0
-9.60169855e-05 1.56122005e-05 0.0
-0.000206991812 6.6349814e-05 0.0
-0.000389732973 -1.11393501e-06 0.0
-0.000357714307 3.92928378e-05 0.0
-0.000234075138 5.16521031e-05 0.0
-0.000126073006 5.0176106e-05 0.0
-0.00017073394 3.72540562e-05 0.0
-0.000228992998 2.74527665e-05 0.0
-0.000168257073 2.69519296e-05 0.0
-0.000431998982 4.00256649e-05 0.0
-0.000435815775 4.03010054e-05 0.0
-0.00015477922 1.24519556e-05 0.0
-0.000334885379 -7.46669457e-06 0.0
-2.5932608e-05 -8.10963593e-06 0.0
-0.000308655726 3.31371157e-05 0.0
-5.94270132e-05 7.09639471e-06 0.0
-0.000344859232 3.19737555e-05 0.0
-0.000329419068 3.45567241e-05 0.0
-0.000296841696 8.37490079e-05 0.0
-0.000374737836 2.56902622e-05 0.0
-0.000375916425 -6.77722437e-06 0.0
-0.000360471924 6.86351777e-05 0.0
-0.000413173984 1.57035156e-05 0.0
-0.000258652726 7.13675836e-05 0.0
-0.000345887034 2.83289846e-05 0.0
-0.000114306044 2.01807925e-05 0.0
-0.000208976955 2.62329759e-05 0.0
-0.000171377163 2.40054742e-05 0.0
-0.000379549543 4.13144808e-05 0.0
-0.000423195044 3.25805631e-05 0.0
-0.000478499831 4.29147985e-05 0.0
-0.000201416915 3.53958967e-05 0.0
-0.000269061886 3.00710435e-05 0.0
-0.000129074164 2.30827663e-05 0.0
-8.91874952e-05 2.33541323e-05 0.0
-0.000258851011 2.47501757e-05 0.0
-0.000259235094 7.53681816e-05 0.0
-0.000111966256 1.71416359e-05 0.0
-0.000221360053 2.64045411e-05 0.0
-0.000154173962 3.87926448e-05 0.0
-0.000354866526 4.34942012e-06 0.0
-9.7660617e-05 2.23064744e-05 0.0
-0.000417349016 3.08495619e-05 0.0
-0.000241393296 3.77684373e-05 0.0
-0.000153816145 4.6819041e-05 0.0
-0.000324155873 4.1075622e-05 0.0
-0.000389957218 6.76228137e-06 0.0
-9.66318767e-05 1.78608261e-05 0.0
-0.000326131703 9.35708231e-05 0.0
-0.000202917232 5.74329424e-05 0.0
-0.000262312969 4.70488776e-05 0.0
-0.000316332182 6.28862763e-05 0.0
-0.000321157218 -1.49552698e-05 0.0
-0.000127707317 4.3743501e-05 0.0
-0.00015116304 3.13450619e-05 0.0
-8.60279979e-05 8.30594854e-06 0.0
-0.00015957946 5.38490385e-05 0.0
-0.000127060077 2.78035459e-05 0.0
-0.000344753644 5.06853139e-05 0.0
-0.000115650306 2.95450136e-05 0.0
-0.000271726574 8.72812379e-05 0.0
-0.000316987251 -1.69266259e-05 0.0
-0.000213019914 5.2722462e-05 0.0
-0.000377046905 5.59444379e-05 0.0
-0.000396085612 3.30486982e-05 0.0
-9.35010466e-05 4.19148164e-05 0.0
-0.000287976 7.43795608e-05 0.0
-0.000168678525 2.2191165e-05 0.0
-0.000289039308 6.30553477e-05 0.0
-0.000136366551 2.2559987e-05 0.0
-0.000176999733 2.14675383e-05 0.0
-0.000237127097 -2.78384209e-06 0.0
-0.000319768937 -1.45205395e-05 0.0
-0.000290596072 5.80979304e-06 0.0
-0.000255512452 8.081946e-05 0.0
-9.01251478e-05 1.74377547e-05 0.0
-0.000398677686 4.58180912e-05 0.0
-0.000297349499 5.52934362e-05 0.0
-0.000312087097 3.00490519e-05 0.0
-0.000118675016 1.58167641e-05 0.0
-0.000415300601 3.16540609e-05 0.0
-0.00040523088 4.56654889e-05 0.0
-0.000438358169 4.10759058e-05 0.0
-0.00016220026 3.41990162e-05 0.0
-0.000294514 7.60965668e-06 0.0
-8.32072546e-05 5.71703458e-06 0.0
-0.000252898404 -1.80166062e-05 0.0
-0.000126072613 2.63798156e-05 0.0
-0.000322567706 1.1301172e-05 0.0
-0.000311769429 4.7911155e-05 0.0
-0.000140638265 1.5736432e-05 0.0
-0.000158050636 1.6464006e-05 0.0
-0.000358400313 1.05922381e-05 0.0
-0.000229043624 7.24856727e-05 0.0
-0.000164112425 2.12061022e-05 0.0
-0.000268171891 1.97217241e-06 0.0
-0.000177535709 4.70333543e-05 0.0
-0.000264617527 2.29051038e-05 0.0
-0.000172490923 3.62923201e-05 0.0
-0.000147196857 2.2379314e-05 0.0
-0.000134850561 4.39942123e-05 0.0
-0.000315992365 5.88761504e-05 0.0
-0.000116297851 2.27649853e-05 0.0
-0.000129485212 1.58862495e-05 0.0
-0.000137928306 2.72685775e-05 0.0
-0.000450836815 4.84150551e-05 0.0
-0.000429731735 4.25227699e-05 0.0
-7.77618989e-05 4.61755008e-06 0.0
-0.000288692274 -8.38907272e-06 0.0
-0.00012330692 2.04541666e-05 0.0
-0.000421172095 4.70455088e-05 0.0
-0.000426864135 3.22673477e-05 0.0
-0.000103191262 2.08887177e-05 0.0
-0.000236546868 5.39638386e-05 0.0
-0.000170600528 4.50232619e-05 0.0
-0.000393610797 3.51695744e-05 0.0
-2.27463188e-05 -3.00887382e-06 0.0
-0.000376955315 1.01655151e-05 0.0
-0.000145859449 2.27788387e-05 0.0
-0.000267086434 4.07127955e-05 0.0
-0.000438207557 4.54036926e-05 0.0
-0.000205096017 2.43898212e-05 0.0
-0.000286372087 -4.11388811e-07 0.0
-0.000371463015 3.11147187e-06 0.0
-0.000214906948 4.78454494e-05 0.0
-3.05846334e-05 -2.00378827e-06 0.0
-0.000266714371 -2.04392054e-05 0.0
-0.000367242144 4.07618463e-05 0.0
-0.000238252163 4.801049e-05 0.0
-0.000302784058 -2.02282336e-05 0.0
-0.000217346911 3.08615963e-05 0.0
-0.000249690871 2.47202252e-06 0.0
-0.00018444196 3.98691445e-05 0.0
-0.000314902718 -1.70651074e-05 0.0
-0.000238245455 7.39957932e-06 0.0
-0.000239024434 6.38515558e-05 0.0
-0.000386788684 4.05360697e-05 0.0
-0.000363865343 4.00253921e-05 0.0
-0.00028839102 3.17637314e-05 0.0
-0.000189088314 4.38232491e-05 0.0
-1.54278496e-05 -4.72463898e-06 0.0
-0.000196338966 3.21607331e-05 0.0
-0.000222197938 1.92366861e-05 0.0
-8.1325823e-05 2.18465229e-05 0.0
-0.000124535349 3.64619009e-05 0.0
-0.000153477129 2.792548e-05 0.0
-0.000345813663 4.7704907e-05 0.0
-0.000365971064 4.81936295e-05 0.0
-0.000140430522 5.29548561e-05 0.0
-0.000129831518 1.96312703e-05 0.0
-0.000191294544 3.76537137e-05 0.0
-0.000179273819 -1.107147e-06 0.0
-0.00023551115 1.11895306e-05 0.0
-0.00015389554 6.22612497e-05 0.0
-0.000410943408 4.55109184e-05 0.0
-0.000301524124 1.72061591e-05 0.0
-0.000217874651 3.66902423e-05 0.0
-0.000319284911 -1.4349499e-05 0.0
-0.000152874578 4.00539211e-05 0.0
-0.000190216597 5.54473154e-05 0.0
-5.88954172e-05 1.78136215e-05 0.0
-0.000220978662 -2.05268479e-05 0.0
-0.00030611371 -1.9637786e-05 0.0
-0.000331226212 2.06959103e-05 0.0
-0.000110242712 1.84196415e-05 0.0
-0.000404818857 3.57873505e-05 0.0
-0.000144494828 5.58276333e-05 0.0
-0.000188874576 3.45993321e-05 0.0
-0.000303489796 3.93735281e-05 0.0
-0.000353373383 1.44831602e-05 0.0
-0.000147899293 2.40135669e-05 0.0
-0.000320860418 3.1479251e-06 0.0
-0.000347378169 3.54251824e-05 0.0
-0.000180025047 4.96228422e-05 0.0
-0.000249123957 3.39744383e-06 0.0
-0.000196903929 2.382198e-05 0.0
-0.000140119315 3.28030364e-05 0.0
-0.000339626713 -4.31804574e-06 0.0
-0.000112252594 2.1313359e-05 0.0
-0.000398605247 2.99265139e-05 0.0
-0.00022177858 6.576749e-05 0.0
-0.000202374431 6.99944721e-05 0.0
-0.000316440186 -7.6940978e-07 0.0
-0.000323616085 4.76513469e-06 0.0
-0.000226827717 -1.22823485e-05 0.0
-0.000163286371 5.72663484e-05 0.0
-0.000166738915 3.70055059e-05 0.0
-0.000162914701 4.30402361e-05 0.0
-0.000130568747 5.25897267e-05 0.0
-0.000111381756 4.04466336e-05 0.0
-0.000346824701 -8.30543649e-06 0.0
-0.000411708257 3.79991288e-05 0.0
-9.07561625e-05 1.22658275e-05 0.0
-0.000216895685 1.73530862e-05 0.0
-8.96839992e-05 1.9713756e-05 0.0
-0.000509706326 5.93798686e-05 0.0
-0.000292477373 3.37296005e-05 0.0
-0.000244989438 3.04423393e-05 0.0
-0.00028314552 -1.8340852e-05 0.0
-0.000367468456 -7.89481692e-06 0.0
-0.000107170395 1.77017555e-05 0.0
-0.000317519822 -5.3743729e-06 0.0
-0.000371995731 4.46935701e-05 0.0
-0.000284479873 -1.40335578e-05 0.0
-0.00033056215 2.96439757e-05 0.0
-0.00025419236 6.03759645e-06 0.0
-9.64889623e-05 1.21278599e-05 0.0
-0.000382849568 3.27332018e-05 0.0
-0.000364243868 -2.41002931e-06 0.0
-0.000176163827 5.03206611e-05 0.0
-0.000392866379 4.00595163e-05 0.0
-0.000205182441 3.92349757e-05 0.0
-0.000182153395 6.7249297e-05 0.0
-0.00026411307 2.6203892e-05 0.0
-0.00010774457 2.3279099e-05 0.0
-0.000272224628 7.89771511e-05 0.0
-0.000225186683 6.48526329e-05 0.0
-0.000255997584 -7.62710397e-06 0.0
-0.000156003647 3.89134693e-05 0.0
-0.000170576823 1.50717724e-05 0.0
-0.00034243628 -9.74826889e-06 0.0
-0.000416208059 4.64454788e-05 0.0
-0.000426511688 3.91902286e-05 0.0
-0.000410034263 3.58141806e-05 0.0
-0.000352907926 2.33898827e-05 0.0
-0.000179201234 5.45034818e-05 0.0
-0.000135724491 4.61670061e-05 0.0
-0.000421110162 4.82416326e-05 0.0
-0.000445755024 4.21830919e-05 0.0
-0.000334402517 2.52531609e-05 0.0
-0.000164054203 4.4463708e-05 0.0
-0.000452228938 4.37847048e-05 0.0
-0.000527028285 6.64025283e-05 0.0
-0.000219491951 3.12835546e-05 0.0
-0.000250147248 8.43685048e-05 0.0
-0.000224164804 8.96043639e-06 0.0
-0.000395898242 3.65485685e-05 0.0
-3.72682989e-05 2.18142276e-07 0.0
-0.000142795223 2.43913437e-05 0.0
-0.000426291372 3.80147212e-05 0.0
-0.000246732438 6.45572509e-05 0.0
-0.000350183982 -1.58148782e-06 0.0
-0.000103099788 1.6001457e-05 0.0
-0.000229585494 6.65897751e-05 0.0
-0.000390039379 1.88420418e-05 0.0
-7.06389255e-05 4.82824726e-06 0.0
-0.000214016021 6.20855353e-05 0.0
-0.000309568743 -1.90403243e-05 0.0
-0.000194364999 5.88476978e-05 0.0
-0.000217661684 6.65328043e-05 0.0
-0.0002834099 5.3845728e-05 0.0
-0.000273515907 1.49954203e-05 0.0
-0.000365449552 3.75893069e-05 0.0
-0.00019979605 -1.49278583e-06 0.0
-7.83815176e-06 -1.08919028e-06 0.0
-0.000340409926 4.57979622e-05 0.0
-0.00043384629 3.15091347e-05 0.0
-0.000365093409 -5.86301621e-06 0.0
-0.000239522735 8.07303149e-05 0.0
-9.39436577e-05 1.13506221e-05 0.0
-0.000224125644 -2.503931e-06 0.0
-0.000157565868 3.09682218e-05 0.0
-0.000328565395 2.21061218e-05 0.0
-0.000191117259 9.79707784e-06 0.0
-0.000359400146 4.52667118e-05 0.0
-0.000182030402 3.93195587e-05 0.0
-0.000220715679 6.87872089e-05 0.0
-0.000273819634 3.20877516e-05 0.0
-0.000252119324 7.5556236e-05 0.0
-0.000214457134 3.99541095e-05 0.0
-0.000125558043 1.96447509e-05 0.0
-0.000216334127 3.43873689e-05 0.0
-0.0001998933 7.0260925e-05 0.0
-0.000208798505 8.93561628e-06 0.0
-0.000165572026 4.35866314e-05 0.0
-0.000243105678 5.94206394e-05 0.0
-0.000194581502 4.07004809e-05 0.0
-2.00659069e-05 -3.6949566e-06 0.0
-9.65788131e-05 1.94237273e-05 0.0
