0.00086604018 0.000367796572 0.0
0.000880812819 0.000633660122 0.0
0.00163611781 0.000301427994 0.0
0.00140315713 0.000304105488 0.0
0.00150801742 0.000157675488 0.0
0.000624771928 0.000304105488 0.0
0.00085773255 0.000301427994 0.0
0.00189796125 0.0003529565 0.0
0.00191822567 0.000618692953 0.0
0.00168736023 0.000485455588 0.0
-0.000161845339 0.000258247455 0.0
-0.000182109769 -7.48900766e-06 0.0
0.00166089891 0.000357448152 0.0
0.0016774293 0.000450157764 0.0
0.00153004704 0.000394947245 0.0
-0.000402641715 8.97122518e-05 0.0
-0.000419172109 -2.99733392e-06 0.0
-0.000287745002 -5.38215318e-05 0.0
-0.000276842504 0.000338069338 0.0
0.00102538394 0.000298181432 0.0
0.00122766534 0.000298039115 0.0
0.00115378201 0.000560623361 0.0
0.00200605066 0.000298039115 0.0
0.00180376926 0.000298181432 0.0
0.00145332667 0.000258427172 0.0
0.00146552711 0.000483831391 0.0
0.0013206806 0.000467328995 0.0
0.00135050947 0.000669534085 0.0
0.000371679431 0.000240011766 0.0
0.000381833408 0.000320578285 0.0
0.000557013554 0.000305855356 0.0
0.000390343193 0.000306208007 0.0
0.000462590833 9.23161715e-05 0.0
-0.000388042041 0.000306208007 0.0
-0.000221371723 0.000305855356 0.0
0.00107160781 8.97094724e-05 0.0
0.00109956332 0.000283632486 0.0
0.00042477512 8.49593707e-05 0.0
0.000438324438 0.000174454501 0.0
0.000804753741 0.000312272779 0.0
0.00084080419 0.000330037146 0.0
0.000592336233 0.000200124268 0.0
0.000617016281 0.00044398391 0.0
0.000910103379 0.000268755772 0.0
0.000948595814 0.000328045775 0.0
0.000352771836 0.000219467736 0.0
0.000371294911 0.000497707049 0.0
0.00208007102 0.000360445498 0.0
0.0 0.0 0.0
-0.000778385263 0.0 0.0
0.0013016857 0.000360445498 0.0
0.000908067101 0.000373617077 0.0
0.000946802436 0.000388359651 0.0
0.000979612465 0.00040987134 0.0
0.00100468064 0.000437007082 0.0
0.00102068332 0.000469546474 0.0
0.00102733867 0.000504297903 0.0
0.00102361315 0.000539081811 0.0
0.00100969092 0.00057137158 0.0
0.00098602206 0.000598792161 0.0
0.00095525512 0.000618331076 0.0
0.000919612357 0.000630524533 0.0
0.000841302681 0.000627478526 0.0
0.000804134703 0.000613142794 0.0
0.000772519154 0.000591148215 0.0
0.000748405291 0.000564098475 0.0
0.000732497021 0.000533998827 0.0
0.000724766986 0.000502279319 0.0
0.00072479638 0.000470404106 0.0
0.000731972395 0.000440640521 0.0
0.000748858671 0.000414108858 0.0
0.000779653143 0.000389396213 0.0
0.000821883674 0.000373051473 0.0
0.0013923787 0.000282027439 0.0
0.00138828368 0.00025608149 0.0
0.00139275321 0.000229494573 0.0
0.00140509196 0.00020491927 0.0
0.00142492505 0.000184268618 0.0
0.00144975097 0.000168930666 0.0
0.00147766341 0.000160657844 0.0
0.00153823534 0.000161792574 0.0
0.00156676734 0.000171904336 0.0
0.00159269699 0.000187353944 0.0
0.00161319668 0.000206926808 0.0
0.00162838527 0.000229079858 0.0
0.00163810595 0.000252942555 0.0
0.00164045673 0.000277646875 0.0
0.000842799956 0.000326091307 0.0
0.000817630789 0.000347531226 0.0
0.000787248893 0.00036253233 0.0
0.000754624256 0.000369204936 0.0
0.000722027326 0.000367341418 0.0
0.000690660672 0.000358771911 0.0
0.000663135783 0.000344230502 0.0
0.000640791142 0.00032459831 0.0
0.0018803447 0.000625967223 0.0
0.00184115721 0.000624681241 0.0
0.00180231873 0.000615510624 0.0
0.00176684908 0.00059873081 0.0
0.00173657481 0.000575346989 0.0
0.0017126142 0.000547732925 0.0
0.00169550267 0.000517271867 0.0
0.00168709282 0.000453992863 0.0
0.00169738347 0.000423235848 0.0
0.0017174707 0.000394058443 0.0
0.00174582819 0.000368969049 0.0
0.00177828479 0.00035164482 0.0
0.00181537494 0.000343721942 0.0
0.00185606803 0.000343947875 0.0
-0.000143200494 9.56564963e-06 0.0
-0.00011026179 3.30445873e-05 0.0
-8.48738855e-05 6.21685904e-05 0.0
-6.81877063e-05 9.31175236e-05 0.0
-6.18165723e-05 0.000126384941 0.0
-6.3958345e-05 0.000157614995 0.0
-7.69620819e-05 0.000190259176 0.0
-9.81757476e-05 0.00021973101 0.0
-0.000127765947 0.000242698021 0.0
0.0016623853 0.000459677598 0.0
0.00164401531 0.000464227836 0.0
0.00162377593 0.000463463599 0.0
0.00160034175 0.000458284194 0.0
0.00157650397 0.000449662009 0.0
0.00155659241 0.000436831702 0.0
0.00154277252 0.000422180136 0.0
0.00153411878 0.000408429216 0.0
0.00153019011 0.000381193648 0.0
0.00153510983 0.000368031382 0.0
0.00154460606 0.000356649427 0.0
0.00155814202 0.000347623922 0.0
0.00157474948 0.000342818879 0.0
0.00159472704 0.0003410957 0.0
0.00161702035 0.000343092775 0.0
0.00164033554 0.000348141533 0.0
-0.000402166712 1.02007389e-05 0.0
-0.000390146684 2.59850858e-05 0.0
-0.000384336687 4.26311854e-05 0.0
-0.000385002961 5.97636208e-05 0.0
-0.00039099023 7.57192029e-05 0.0
-0.000231847152 -4.71100975e-05 0.0
-0.000180956602 -2.68876756e-05 0.0
-0.000137485753 4.48719311e-06 0.0
-0.000102614926 4.37693452e-05 0.0
-7.79464754e-05 9.00559753e-05 0.0
-6.71066664e-05 0.00014093658 0.0
-6.90628658e-05 0.000191701256 0.0
-8.81177839e-05 0.000239324363 0.0
-0.000122906233 0.000281252025 0.0
-0.000167844162 0.000313610537 0.0
-0.000220803151 0.00033282279 0.0
-0.000333719625 0.000330721552 0.0
-0.000386931119 0.000310468982 0.0
-0.000432966714 0.000278753083 0.0
-0.000468575192 0.000237386877 0.0
-0.000491333369 0.000189097962 0.0
-0.000499596761 0.000138075586 0.0
-0.000494077103 8.7707238e-05 0.0
-0.000473998516 4.08221058e-05 0.0
-0.000440443255 9.42284032e-07 0.0
-0.00039558165 -2.92327459e-05 0.0
-0.000343359105 -4.81668285e-05 0.0
0.0012577005 0.000322727516 0.0
0.00128129742 0.000353748299 0.0
0.00129678706 0.000390327419 0.0
0.00130150293 0.000429708947 0.0
0.00129508972 0.000467854145 0.0
0.00127891311 0.000501537987 0.0
0.00125515112 0.000528285105 0.0
0.00122641481 0.000547137868 0.0
0.00119343807 0.000557725783 0.0
0.00110970857 0.000555167382 0.0
0.00106651126 0.000540978159 0.0
0.00102920341 0.000518230139 0.0
0.00100011739 0.000489566708 0.0
0.000980915385 0.000456912356 0.0
0.000969909597 0.000422949408 0.0
0.000968242937 0.000388827408 0.0
0.000975364994 0.000356350647 0.0
0.000994352857 0.000325512287 0.0
0.00183630304 0.000280097156 0.0
0.00187127735 0.000269829878 0.0
0.00190684141 0.000267025142 0.0
0.00194204529 0.000271521189 0.0
0.00197525253 0.000282112014 0.0
0.00148679339 0.000263136491 0.0
0.0015185785 0.000275041733 0.0
0.00154742599 0.000291645236 0.0
0.00156868726 0.0003125683 0.0
0.00158400112 0.000334361015 0.0
0.00159320119 0.000355839671 0.0
0.00159613125 0.000379951642 0.0
0.00159202132 0.000405596453 0.0
0.00157839851 0.000430897169 0.0
0.00155553978 0.000454322842 0.0
0.00152737286 0.000471660227 0.0
0.00149701384 0.000480864081 0.0
0.00143481267 0.000479877606 0.0
0.00140602782 0.000469760678 0.0
0.00137946813 0.000454910332 0.0
0.0013573285 0.000435394526 0.0
0.00133988482 0.000411208224 0.0
0.00132866588 0.000384193467 0.0
0.00132696016 0.000356378325 0.0
0.00133270223 0.000329641014 0.0
0.00134575705 0.000305441994 0.0
0.00136557152 0.000284959417 0.0
0.00139123469 0.000269799988 0.0
0.00142101827 0.000260866305 0.0
0.00135718787 0.000472196378 0.0
0.00139300246 0.000484699936 0.0
0.00142265693 0.000504528987 0.0
0.0014435153 0.000529765966 0.0
0.00145483052 0.000558048661 0.0
0.00145617581 0.000586928451 0.0
0.00144851871 0.000614469347 0.0
0.0014323073 0.000638472557 0.0
0.00140926137 0.00065656763 0.0
0.00138208212 0.000666220265 0.0
0.00131666369 0.000665566244 0.0
0.00128332071 0.000654717092 0.0
0.00125469081 0.000636543031 0.0
0.00123232382 0.000613155717 0.0
0.00121828623 0.000583814515 0.0
0.00121571589 0.00055262621 0.0
0.00122304563 0.000523059978 0.0
0.00123913435 0.000497721892 0.0
0.00126140169 0.000479580136 0.0
0.00128784438 0.000469666178 0.0
0.000387978595 0.000241067581 0.0
0.000402563164 0.000244284427 0.0
0.000415328599 0.000250081997 0.0
0.000427515741 0.000259963446 0.0
0.00043439609 0.000272478617 0.0
0.000436628412 0.000284501351 0.0
0.000435742084 0.000294895086 0.0
0.000430324493 0.000304716668 0.0
0.000420770637 0.000311991753 0.0
0.000409041386 0.000316693942 0.0
0.000395775365 0.000319719315 0.0
0.000367519649 0.000318784936 0.0
0.000353793759 0.000314042903 0.0
0.000341601466 0.000307767943 0.0
0.000331274263 0.00029993488 0.0
0.000323117391 0.000291011995 0.0
0.000317890226 0.00028116029 0.0
0.000317487167 0.00027056894 0.0
0.000321599218 0.000259875495 0.0
0.000330602517 0.000250883139 0.0
0.000342781481 0.00024402875 0.0
0.000356722885 0.000240502224 0.0
0.000365324231 0.000287065137 0.0
0.000345232082 0.000263789931 0.0
0.000332538708 0.000235691419 0.0
0.000328630646 0.00020526335 0.0
0.000333835051 0.000175956462 0.0
0.000351351337 0.000145990372 0.0
0.000375515665 0.000121351892 0.0
0.000403592567 0.000105006082 0.0
0.000432544708 9.54238421e-05 0.0
0.000493746251 9.5807547e-05 0.0
0.000525306794 0.000105321924 0.0
0.000555085076 0.000121556361 0.0
0.000580209598 0.000143791505 0.0
0.000598932151 0.000171528722 0.0
0.000607799797 0.000201233081 0.0
0.000607984606 0.000231153725 0.0
0.000599508116 0.000259624852 0.0
0.000582319568 0.00028500054 0.0
-0.000251790247 0.000320416788 0.0
-0.000286187947 0.000328133203 0.0
-0.000322517473 0.000328772468 0.0
-0.000357512414 0.000320923456 0.0
0.00109791732 9.34328709e-05 0.0
0.00112422043 0.000102628313 0.0
0.0011500098 0.000116975018 0.0
0.00117226609 0.000135769704 0.0
0.00118915283 0.000157980059 0.0
0.00119822053 0.000183379903 0.0
0.0011986763 0.00020952565 0.0
0.00119088893 0.000233961444 0.0
0.00117631373 0.000255090097 0.0
0.00115594792 0.000270701305 0.0
0.00113037392 0.000279386673 0.0
0.00106695888 0.000281054643 0.0
0.00103572092 0.000271961733 0.0
0.00100766716 0.000256260333 0.0
0.000985708204 0.000233815997 0.0
0.000971949426 0.000208045079 0.0
0.0009662917 0.000181243158 0.0
0.00096926844 0.000155656977 0.0
0.000979573117 0.000133300549 0.0
0.000997149618 0.000114410868 0.0
0.00102055748 0.000100553807 0.0
0.00104542205 9.225338e-05 0.0
0.000440759875 8.74254984e-05 0.0
0.000455905072 9.33499541e-05 0.0
0.000469123712 0.000100875521 0.0
0.000480195711 0.000110091307 0.0
0.00048841699 0.00012082998 0.0
0.000493644737 0.000131775407 0.0
0.000494645617 0.000142145567 0.0
0.00049020286 0.000152051623 0.0
0.000481263036 0.000161016083 0.0
0.000469491672 0.00016816429 0.0
0.000455738278 0.000172806496 0.0
0.000418854092 0.000172574641 0.0
0.000400870777 0.000167454476 0.0
0.000385624327 0.000159964562 0.0
0.000372770912 0.000150542692 0.0
0.000364772422 0.000140024946 0.0
0.000361735903 0.000128226442 0.0
0.000363605795 0.000116253323 0.0
0.000369419082 0.000104652987 0.0
0.00037988933 9.49782116e-05 0.0
0.000394070521 8.83915709e-05 0.0
0.000409150438 8.54542959e-05 0.0
0.00081534707 0.000313482073 0.0
0.000825473107 0.000315321551 0.0
0.000834780454 0.000317567115 0.0
0.000841705711 0.000319821149 0.0
0.000846363546 0.000322301756 0.0
0.000849128177 0.00032477401 0.0
0.000849864271 0.000326666603 0.0
0.000850177952 0.000327488931 0.0
0.000850756129 0.000327324233 0.0
0.000850088079 0.000327267218 0.0
0.000825291732 0.0003315176 0.0
0.000810628175 0.000330048992 0.0
0.00079813553 0.000326525274 0.0
0.000790483784 0.000320727035 0.0
0.000786449935 0.000315852347 0.0
0.000784777047 0.00031309115 0.0
0.000783253869 0.000311671 0.0
0.000783663359 0.00031103607 0.0
0.000787905068 0.00031232831 0.0
0.000794786203 0.000312460354 0.0
0.000632929616 0.000205326403 0.0
0.00067149743 0.000218902424 0.0
0.000701197947 0.000240473863 0.0
0.000724327168 0.000266460731 0.0
0.000738676055 0.000294422731 0.0
0.000746289559 0.000323451764 0.0
0.000747261569 0.000351033843 0.0
0.000741226249 0.000376432756 0.0
0.000726420782 0.000400599005 0.0
0.000696424744 0.000424391474 0.0
0.000657053897 0.000439557829 0.0
0.000578115869 0.000437121897 0.0
0.000541138696 0.00042048184 0.0
0.000509537582 0.00039673975 0.0
0.000486759876 0.000368509296 0.0
0.00047286824 0.000339035934 0.0
0.000466529571 0.000311199925 0.0
0.000467883132 0.000283524103 0.0
0.00047765093 0.000257345644 0.0
0.00049471599 0.000233959159 0.0
0.000519999536 0.000215550986 0.0
0.000552799145 0.000204662021 0.0
0.000928424241 0.000267104391 0.0
0.000945843349 0.000268837088 0.0
0.000961727637 0.000273348327 0.0
0.000974461436 0.000280527136 0.0
0.000982320169 0.00029023696 0.0
0.000986204599 0.000300445477 0.0
0.000986440107 0.000309831346 0.0
0.000983072445 0.000318446255 0.0
0.000976420823 0.000324845576 0.0
0.000967675587 0.000328752707 0.0
0.000958187215 0.000329719827 0.0
0.000937828154 0.000324232475 0.0
0.000925923756 0.000319141458 0.0
0.000913561555 0.000313243043 0.0
0.000903708395 0.000306036265 0.0
0.000895919395 0.000298655825 0.0
0.000890563417 0.00029034738 0.0
0.000888993149 0.000283575064 0.0
0.000890106719 0.000278133055 0.0
0.000892515876 0.000274609309 0.0
0.000894770841 0.000272910256 0.0
0.000898328435 0.000271636032 0.0
0.000392088026 0.000226345073 0.0
0.00043072112 0.000241802918 0.0
0.000465003948 0.000264537957 0.0
0.000491317594 0.000293050136 0.0
0.000508618075 0.000324313471 0.0
0.000518282992 0.000354821561 0.0
0.000520707283 0.000384957122 0.0
0.000516236876 0.000414365961 0.0
0.000503078627 0.00044086104 0.0
0.000480974093 0.000463252334 0.0
0.00045038489 0.000480757211 0.0
0.000410871115 0.000492462248 0.0
0.000331462652 0.000493976986 0.0
0.000295617298 0.000482534786 0.0
0.000263846712 0.000464069599 0.0
0.000237484535 0.000439867144 0.0
0.000215578693 0.000411898829 0.0
0.000202588737 0.000379286415 0.0
0.000198744106 0.000345493434 0.0
0.000203387157 0.000312923308 0.0
0.000219493711 0.00028071081 0.0
0.000245688512 0.000252950413 0.0
0.000277622166 0.000233124156 0.0
0.000314148463 0.000221596216 0.0
0.00203547115 0.000346689485 0.0
0.00201197551 0.000325301953 0.0
0.00135460054 0.00029514081 0.0
0.00130809518 0.000267366733 0.0
0.00123298052 0.000252213882 0.0
0.00116411631 0.000247883465 0.0
0.00112058665 0.000243788294 0.0
0.00108289393 0.000251578836 0.0
0.00104060478 0.000259907945 0.0
0.00098036672 0.000276792533 0.0
0.000865117065 0.000294572877 0.0
0.000675194606 0.000301733875 0.0
0.000398483331 0.000222681381 0.0
0.00034057835 0.000178295857 0.0
0.00023192419 0.00011742366 0.0
9.39103629e-05 5.76476596e-05 0.0
-0.000115705276 0.000184736637 0.0
-0.000290155032 0.000126151805 0.0
-0.000343342486 0.000123365608 0.0
-0.000478782167 0.000143366953 0.0
-0.000513831503 0.000275375292 0.0
-0.000523426337 0.000280670793 0.0
-0.000532024598 0.000259960972 0.0
-0.000536776555 0.00022970837 0.0
-0.000540458248 0.000198126625 0.0
-0.000544118346 0.00017302834 0.0
-0.000553033315 0.000177504946 0.0
-0.000565973227 0.000223806957 0.0
-0.000573453028 0.000246425654 0.0
-0.00058002962 0.000222143222 0.0
-0.00059448753 0.000167927967 0.0
-0.000620652747 0.00011178734 0.0
-0.000645724707 5.11338258e-05 0.0
-0.000675594609 4.76227069e-06 0.0
-0.000716436305 -2.9981642e-05 0.0
-0.000684474886 5.76476596e-05 0.0
-0.000546461088 0.00011742366 0.0
-0.000437806884 0.000178295857 0.0
-0.000379901903 0.000222681381 0.0
-0.000103190629 0.000301733875 0.0
8.67317867e-05 0.000294572877 0.0
0.000201981442 0.000276792533 0.0
0.000262219488 0.000259907945 0.0
0.000304508721 0.000251578836 0.0
0.000342201383 0.000243788294 0.0
0.000385731109 0.000247883465 0.0
0.000454595283 0.000252213882 0.0
0.000529709971 0.000267366733 0.0
0.000576215272 0.00029514081 0.0
0.00123359018 0.000325301953 0.0
0.00125708594 0.000346689485 0.0
0.00136363471 0.000330463867 0.0
0.00140447635 0.000365207758 0.0
0.00143434631 0.000411579327 0.0
0.00145941821 0.000472232845 0.0
0.00148558349 0.000528373464 0.0
0.00150004134 0.00058258872 0.0
0.00150661799 0.000606871152 0.0
0.00151409779 0.00058425247 0.0
0.0015270377 0.000537950429 0.0
0.00153595267 0.000533473853 0.0
0.00153961277 0.000558572123 0.0
0.00154329441 0.000590153853 0.0
0.00154804636 0.00062040647 0.0
0.00155664468 0.00064111629 0.0
0.00156623952 0.00063582079 0.0
0.00160128879 0.000503812451 0.0
0.00173672847 0.000483811105 0.0
0.00178991596 0.000486597302 0.0
0.00196436583 0.000545182149 0.0
0.00117338693 0.000342787826 0.0
-0.000142680685 0.000209843114 0.0
0.00129453233 0.000385435909 0.0
-0.000195860761 0.000239351779 0.0
0.00113427488 0.000290338445 0.0
0.00100054673 0.000332919735 0.0
0.00134145445 0.000363652187 0.0
-6.73663017e-05 0.000179974828 0.0
0.000668794906 0.000281821354 0.0
9.51161637e-05 0.000300208601 0.0
0.000685072504 0.000483449723 0.0
0.0012643626 0.000338876853 0.0
7.73694337e-05 0.00022938069 0.0
0.000589472416 0.000233639817 0.0
0.000274241553 0.000265457347 0.0
-0.000336365571 0.0002039502 0.0
0.00112655503 0.000398553762 0.0
0.000148720719 9.73514107e-05 0.0
0.000890668656 0.000191332685 0.0
0.00180269429 0.000307138718 0.0
0.000667486747 0.000297705177 0.0
0.00099995092 0.000317085854 0.0
0.00127019989 0.000331125368 0.0
-0.000163554025 0.000273557147 0.0
0.000849514967 0.000390921807 0.0
2.63048951e-05 0.00021987551 0.0
-0.000323288405 0.000220308968 0.0
0.00115587935 0.000593730598 0.0
0.00158024987 0.000444595731 0.0
-0.000342284009 0.000218546658 0.0
0.000783107651 0.000212472849 0.0
0.000611759489 0.000137040086 0.0
0.00141879905 0.000377038843 0.0
-2.09940172e-05 0.000250257988 0.0
0.000916921301 0.00035289771 0.0
0.000756849127 0.000286192691 0.0
0.000819348847 0.000137968062 0.0
0.00138398155 0.000363263156 0.0
0.00102137297 0.000380493555 0.0
0.0011711173 0.000253368053 0.0
0.0007294963 0.000495737477 0.0
0.000994128757 0.000299148494 0.0
0.00125913578 0.000363642583 0.0
-0.000193546482 0.000136262577 0.0
0.00110496522 0.000319640734 0.0
-6.97530559e-05 0.000348616013 0.0
5.1303683e-05 6.99876473e-05 0.0
0.000338062935 0.000244975759 0.0
0.000200295734 0.000235108382 0.0
0.001311498 0.000161505988 0.0
0.00141734013 0.0003753856 0.0
0.00139006681 0.00037170967 0.0
-0.000369330257 0.000197397982 0.0
0.000693897076 0.000474102475 0.0
0.000287098374 0.000335386954 0.0
5.50719233e-05 0.000269541168 0.0
0.000567606709 0.000315653742 0.0
0.00108226505 0.000273546088 0.0
-0.000408832013 0.000228791672 0.0
0.000166100537 0.000275192055 0.0
1.83539396e-05 0.000236271328 0.0
-0.000371356145 0.000255275692 0.0
0.000744493154 0.000245443807 0.0
0.000448745297 0.000210114027 0.0
0.000252636499 0.000243559727 0.0
-0.000166927872 0.000215767519 0.0
0.000349209586 0.000197795234 0.0
-0.000149538319 0.000141821656 0.0
0.00136263319 0.000585097063 0.0
0.000354702614 0.000274647668 0.0
-9.2417853e-05 9.18336809e-05 0.0
0.00128999108 0.00027949654 0.0
-0.000155666406 0.000192804175 0.0
-0.000268071075 0.000258426851 0.0
0.00119732856 0.000400850346 0.0
0.000149993226 0.00014361793 0.0
0.000213196181 0.000244440424 0.0
0.00129352801 0.000511198363 0.0
0.00150971115 0.000421118108 0.0
0.00137194851 0.000338481477 0.0
0.00066093466 0.000477238907 0.0
0.00108331407 0.000342012383 0.0
0.000891199161 0.000273416197 0.0
0.000620482373 0.000429423933 0.0
-0.000123301579 5.79907137e-05 0.0
0.00112781685 0.000438702264 0.0
0.000951295311 0.000322056469 0.0
0.00185073714 0.000345884386 0.0
0.000818380329 0.000378348661 0.0
0.000921857252 0.000435392227 0.0
-0.000326532579 0.000115735376 0.0
0.000849157863 0.00039029817 0.0
0.000352999428 0.00010849462 0.0
0.000968304579 0.000360984588 0.0
0.00097547716 0.000187019192 0.0
0.000768671453 0.000455156784 0.0
0.000914549455 0.000326655601 0.0
0.00126425107 0.000348619506 0.0
-4.1311192e-05 0.000222215807 0.0
0.00104184018 0.00058293913 0.0
0.000560213753 0.000167546401 0.0
0.000108128428 0.000247677963 0.0
0.000705395476 0.000288569601 0.0
0.000759200775 0.000266363262 0.0
0.00179146219 0.000276905921 0.0
0.000775978493 0.000339938066 0.0
0.000485360739 0.000294195837 0.0
0.000188226768 0.000408241787 0.0
0.00112835015 0.000621762068 0.0
-0.000298814615 0.000183898679 0.0
-0.000231246435 0.000217117762 0.0
0.00169816008 0.000343175721 0.0
0.00157643389 0.000478940434 0.0
0.00168271759 0.000495797722 0.0
0.0016544282 0.000297669496 0.0
0.00149518833 0.000638234837 0.0
0.000747002079 0.000182617339 0.0
0.00120586634 0.000423091784 0.0
0.000637503515 0.000264678412 0.0
0.000833215658 0.000374609866 0.0
0.00138793502 0.000203636519 0.0
0.000668205379 0.000141491037 0.0
0.00082391582 0.000274813297 0.0
0.00117922353 0.000327319984 0.0
-6.59347497e-05 0.000262146117 0.0
0.000725988764 0.000479308743 0.0
0.000431595457 0.000270445686 0.0
0.00144499016 0.000356370962 0.0
0.0014614017 0.000391882611 0.0
0.000660359219 0.000275114056 0.0
0.000629905378 0.000294229918 0.0
0.00117709779 0.000359897473 0.0
0.00102427194 0.000261394714 0.0
0.000250863755 0.000264101574 0.0
0.000886766531 0.000245319534 0.0
0.00104078895 0.000320492749 0.0
0.00100624782 0.000514267944 0.0
0.000942666142 0.000138012532 0.0
0.000314608827 0.000258448737 0.0
0.00141953595 0.000372422946 0.0
-0.000425995415 0.00018959897 0.0
-0.000174568471 0.000319217273 0.0
0.000699536817 0.000513153966 0.0
0.000710215128 0.000165218051 0.0
-0.00027171697 0.000203194169 0.0
0.000327954098 9.05768102e-05 0.0
0.000519180088 0.000142848003 0.0
-6.63571554e-05 0.000344921922 0.0
-0.000336110039 0.000254475803 0.0
-0.000178406102 0.000239750501 0.0
-0.000285410613 0.000106453692 0.0
-0.000428841828 0.000268391828 0.0
-4.8388938e-05 0.000267380819 0.0
0.000363455649 0.000226840129 0.0
-9.91522829e-05 4.81938368e-05 0.0
0.000699553289 0.00046707518 0.0
0.000858161307 0.00011480377 0.0
0.00132767786 0.000417296222 0.0
-2.35420684e-05 0.000137677984 0.0
0.000608948583 0.000146064558 0.0
0.00172197225 0.000473808934 0.0
0.00117436715 0.000272214937 0.0
0.00107715104 0.000362773601 0.0
0.00104759738 0.000304520538 0.0
-0.000497431087 -2.24136365e-05 0.0
0.000932548486 0.00032503152 0.0
0.00139877968 0.000581895409 0.0
0.00132575817 0.000172651169 0.0
0.00150440773 0.000575847866 0.0
0.00107262901 0.000441412296 0.0
0.000593407836 0.000147978455 0.0
0.000753341126 0.000288219337 0.0
0.000976265816 0.000447002705 0.0
0.00188905082 0.000337878766 0.0
0.0013657813 0.00029255898 0.0
0.000204093318 0.000234602514 0.0
0.00109303009 0.000366684224 0.0
-3.84928426e-05 7.29367603e-05 0.0
0.00132248539 0.000365180371 0.0
-0.000240816662 0.000144399528 0.0
0.00141050818 0.000373603485 0.0
0.00192919595 0.000376741285 0.0
0.000915201788 0.000325418194 0.0
-3.05765461e-05 0.000215736218 0.0
0.00146719115 0.000390816829 0.0
0.000243083836 0.000106781517 0.0
0.0019487387 0.000443623634 0.0
0.00088864757 0.000426433078 0.0
0.00141661195 0.000544147508 0.0
0.00148185575 0.000403797749 0.0
-0.000415126473 0.000218008296 0.0
0.00155474187 0.000382063154 0.0
0.00024362604 0.000201030067 0.0
0.00129809184 0.000277685671 0.0
0.000385051244 0.000258969172 0.0
0.00122110045 0.000624424254 0.0
0.000884687528 0.000401201949 0.0
0.000644819753 0.000455370813 0.0
0.0018444194 0.000294580124 0.0
0.00119240058 0.000148642037 0.0
0.00122327788 0.000302567845 0.0
-9.48505767e-05 0.000229893572 0.0
-0.00047446895 0.000250909856 0.0
0.0004961628 0.00026239804 0.0
-0.000263538357 0.000230900507 0.0
0.00136859156 0.000368473266 0.0
0.0015887575 0.000315113808 0.0
0.000679664488 0.000320102932 0.0
0.00118526432 0.000391817826 0.0
-0.000413945294 0.000150669861 0.0
0.00146789569 0.000598248676 0.0
-0.000420919067 0.000243841947 0.0
0.000907269132 0.000318543869 0.0
0.000308634684 0.000340246741 0.0
0.00175733701 0.000474933739 0.0
0.000621895364 0.000449952553 0.0
0.00122725137 0.000377386605 0.0
-0.000204119162 0.000180466202 0.0
-0.000307570881 0.000250429614 0.0
-8.53337478e-05 0.000211258142 0.0
5.32752347e-05 0.00014657373 0.0
0.00087742816 0.000247723656 0.0
0.00131125562 0.000265242124 0.0
0.00170924794 0.000246724579 0.0
0.0012973285 0.00057668169 0.0
0.000299486797 0.000268574717 0.0
-3.91203639e-06 0.000327060028 0.0
0.000232254824 0.000277720217 0.0
0.000707806321 0.000149212443 0.0
0.00127714209 0.000328751397 0.0
0.00152692967 0.000463296426 0.0
0.00103587261 0.000616851845 0.0
0.000897067599 0.00045681966 0.0
-0.00022593046 0.000236416672 0.0
0.000546010328 0.00031600424 0.0
0.00142105226 0.000335050048 0.0
-8.53655729e-05 0.000238881315 0.0
0.00148995582 0.000425851467 0.0
0.0008343464 0.000271203287 0.0
-4.4262656e-06 0.000248480617 0.0
0.000946117565 0.00031082888 0.0
0.000593452249 0.000317646831 0.0
-0.000239034824 0.000299450388 0.0
0.00190779322 0.000370445137 0.0
-0.000295395905 0.000108736647 0.0
0.000663023558 0.000343164138 0.0
0.00170929672 0.000368551118 0.0
-0.00029255249 0.000199942486 0.0
0.00127025147 0.000449214916 0.0
-0.000214853397 0.000117300071 0.0
0.00112822535 0.000480152026 0.0
0.000145921658 0.00026616067 0.0
-0.000155941249 0.000226965494 0.0
0.000170970816 0.00018318434 0.0
0.00163726346 0.000360923761 0.0
0.000814039086 0.000265411712 0.0
0.00134037388 0.000501246541 0.0
0.000729648222 0.00052729185 0.0
1.80073821e-05 6.71576054e-05 0.0
0.00104413682 0.000262795074 0.0
0.00149957056 0.000545852119 0.0
0.000443695142 0.000126841012 0.0
-0.000446702237 0.000188055608 0.0
0.000835096231 0.000374253636 0.0
0.000667959102 0.000462876837 0.0
0.000567496871 0.000389549445 0.0
0.00148290617 0.000357491896 0.0
0.000293959078 0.000163499746 0.0
0.000575893209 0.000133258218 0.0
0.000409539818 0.000212753264 0.0
0.0016377985 0.000486347853 0.0
0.00147776166 0.000509145611 0.0
6.4726155e-05 0.000284596055 0.0
0.00110764173 0.00033044783 0.0
0.000972497859 0.000272289384 0.0
0.00149204093 0.00060479797 0.0
0.00170068257 0.000407748856 0.0
0.000875186175 0.000326332432 0.0
0.00132297759 0.000352179923 0.0
0.000711877947 0.000387956941 0.0
0.000300583517 0.000281301967 0.0
0.000462887052 0.000135510796 0.0
0.00159016496 0.000474811095 0.0
-0.000196384441 0.000283143454 0.0
0.000937815872 0.000489047263 0.0
0.00112195185 0.000267981726 0.0
0.00177758455 0.000278339081 0.0
0.00048037598 0.000159722957 0.0
0.000628887094 0.000294425059 0.0
0.000404313963 0.000196966357 0.0
0.00072349672 0.000306577946 0.0
0.000745731464 0.000332048832 0.0
0.000377314078 0.000186260862 0.0
-0.000570728385 -1.50867681e-05 0.0
0.000344238797 0.000273627695 0.0
0.000957727141 0.000332649855 0.0
0.000279475062 0.000111689886 0.0
0.000405581144 0.000298334635 0.0
0.000793607964 0.000490303442 0.0
0.00145328767 0.000365774671 0.0
0.000321503263 0.000261618145 0.0
-0.000281962479 0.00018349498 0.0
0.00149239285 0.000649891794 0.0
0.000302373199 0.000246305601 0.0
0.00157385727 0.000368509791 0.0
0.000444174424 0.000312125689 0.0
0.000121906756 8.32677106e-05 0.0
0.00052784587 0.000319722516 0.0
-4.0966599e-05 0.000214835352 0.0
0.00111542409 0.000606566144 0.0
0.00119312806 0.000450478634 0.0
0.00138609332 0.00053278415 0.0
0.000614409219 0.000273099082 0.0
0.000761173142 0.00042509599 0.0
-0.000311084586 2.31229333e-05 0.0
-9.35534699e-05 0.000139109718 0.0
0.000401766447 0.00029833999 0.0
0.00137744355 0.000363553496 0.0
-0.000146127932 7.80211267e-05 0.0
0.000792075356 0.000312076183 0.0
0.001245438 0.000227250392 0.0
0.000177678885 0.000240534369 0.0
-7.40030009e-05 0.000121622666 0.0
0.000421172037 0.000221923212 0.0
0.000971183006 0.000317404076 0.0
0.00145341526 0.000372066686 0.0
0.00102995744 0.000346998102 0.0
0.000185575132 0.000278623775 0.0
0.000735870504 0.000186891528 0.0
0.0015607801 0.000519576541 0.0
0.00117350242 0.000284032227 0.0
0.00113539875 0.000308194634 0.0
0.00133149279 0.000369122805 0.0
-0.000557217165 0.000105052721 0.0
0.00139367953 0.000170592146 0.0
0.0010112063 0.000175133566 0.0
0.000418657961 0.000121342193 0.0
0.00147006661 0.000381235586 0.0
0.000924781896 0.000117960102 0.0
0.0013395556 0.000406400359 0.0
0.000820926332 0.000127450025 0.0
0.00145464821 0.000383551233 0.0
-0.000546586118 0.000162293974 0.0
0.00106607378 0.000263853581 0.0
0.00149241823 0.00063654792 0.0
0.000821016321 0.00037020311 0.0
0.00126089039 0.000288723764 0.0
0.00136795174 0.000367622124 0.0
0.000400838995 0.000219359208 0.0
0.00129390217 0.000359982922 0.0
0.000858461775 0.000159932912 0.0
0.000225932512 0.000275379658 0.0
-0.000196075503 0.000206362514 0.0
-0.000578565698 8.87273418e-05 0.0
0.000111983252 0.000393190014 0.0
0.00153642031 0.000370630034 0.0
0.000463729899 0.00012078826 0.0
0.00148874032 0.000569837051 0.0
0.00122541504 0.000353519776 0.0
0.000706679595 0.000495664892 0.0
-0.000154134483 5.59996515e-05 0.0
0.000793698651 0.000340353523 0.0
0.00148605672 0.000539652479 0.0
0.000779204303 0.000354373711 0.0
0.000938932993 0.000251676625 0.0
0.000626437366 0.000458917319 0.0
0.000400146324 0.00011651258 0.0
-0.000371785543 0.000193424596 0.0
-0.000401865487 4.61929922e-05 0.0
0.000303685345 0.000222455463 0.0
0.00112951209 0.000347747264 0.0
0.000372256211 0.000122244513 0.0
0.000402325211 0.000188721446 0.0
0.000236379041 0.000259193796 0.0
0.0014070617 0.000296986633 0.0
6.93402108e-05 0.000217190536 0.0
0.0002654485 0.000416646828 0.0
0.00100406318 0.000330807699 0.0
0.000742105185 0.000439666357 0.0
0.000712814101 0.000213209918 0.0
-0.000451034139 0.00022948689 0.0
0.00144407025 0.000209940205 0.0
0.00128641794 0.00037162425 0.0
0.00052826904 0.000155744667 0.0
0.000109044435 6.14151577e-05 0.0
0.0010037265 0.00013332635 0.0
0.00143636216 0.000591777149 0.0
0.00127176044 0.000544654031 0.0
0.000754489389 0.000265389448 0.0
-0.000217726963 0.000246422656 0.0
0.000269613491 8.13238075e-05 0.0
0.000647620589 0.000275027793 0.0
0.00121195172 0.000478197384 0.0
0.000483690557 0.000150542968 0.0
0.00120897207 0.00026989411 0.0
0.00137529208 0.000427448744 0.0
0.000408266729 0.000241761387 0.0
-5.88169351e-05 0.000250502519 0.0
0.000222443734 0.000271039346 0.0
-0.000187656551 0.000101507205 0.0
0.00105940772 0.000313355296 0.0
0.000884303474 0.000400772318 0.0
0.000169194755 0.000246414274 0.0
-9.89073669e-05 0.000308191578 0.0
9.21720857e-05 0.000265516457 0.0
0.000972211943 0.000277311628 0.0
0.000214470667 0.000276474631 0.0
-0.000485126511 0.00021281153 0.0
0.000970252557 0.000606271671 0.0
0.00106116349 0.000285957038 0.0
-0.000494341017 0.000258778193 0.0
0.000851645251 0.000281449262 0.0
0.000233369545 0.000301819411 0.0
0.000638746889 0.000220740272 0.0
-0.000568461255 0.000146167862 0.0
7.35389985e-05 0.000226514938 0.0
0.00167755678 0.000361701794 0.0
0.00111604726 0.000570446427 0.0
0.000934869226 0.000552407466 0.0
0.000818378059 0.000374308525 0.0
0.000839244341 0.000274473598 0.0
0.000102038153 0.000220457165 0.0
0.000429897016 0.000283621543 0.0
0.000293569901 0.000244416995 0.0
-0.000285479735 0.000131592402 0.0
0.00129249343 0.000196130175 0.0
0.000835664105 0.000209848993 0.0
0.00112304231 0.000485920813 0.0
0.00138909172 0.000511567981 0.0
0.00187481008 0.000294866884 0.0
0.00060228887 0.000158135474 0.0
0.000487831014 0.000242515482 0.0
-0.000453177403 0.000264978647 0.0
0.00032864674 0.000281401648 0.0
0.00155208877 0.000291502074 0.0
0.000512366183 0.000241415037 0.0
0.000681583595 0.000475095294 0.0
0.000884655747 0.000320699794 0.0
-0.00028919708 0.000300793588 0.0
0.0013416924 0.000354304066 0.0
0.00117915391 0.000357220706 0.0
-0.000154173133 0.000102801197 0.0
-0.000450884865 0.000203584787 0.0
-0.00040289649 0.000266820716 0.0
0.000659269688 0.000466603116 0.0
0.00109793153 0.000264294882 0.0
0.00106657913 0.000438938878 0.0
0.00163194386 0.000237857268 0.0
0.000413114176 0.000260556699 0.0
0.00104192365 0.000329908944 0.0
0.000534371531 0.000386198662 0.0
0.000628453796 0.000160860436 0.0
0.000245420961 0.000194158056 0.0
0.000859006774 0.000465172692 0.0
0.00106519903 0.000366274995 0.0
0.000101276113 0.000253145699 0.0
3.87640175e-05 0.000247278804 0.0
0.00124065019 0.000157903109 0.0
-0.000640780781 -2.67093801e-05 0.0
0.00113135076 0.000270301185 0.0
0.000785500277 0.000368434761 0.0
0.00164273649 0.000415752991 0.0
0.00199548295 0.000444529054 0.0
-7.71094637e-05 0.000337864883 0.0
0.00058574893 0.000412728317 0.0
-0.000341959356 0.000209720063 0.0
0.001716909 0.000371187925 0.0
0.000447244733 0.00015841586 0.0
0.00116321864 0.000329038536 0.0
0.00183537439 0.000278883235 0.0
0.00130170409 0.000239193178 0.0
-0.000426672428 1.62477518e-05 0.0
0.000886243535 0.000413939153 0.0
0.000759476796 0.000211416365 0.0
4.7795882e-05 0.000230933947 0.0
2.56515141e-05 0.000150135049 0.0
0.00132762338 0.000341523933 0.0
0.00099442713 0.000324959459 0.0
0.000463388511 0.000249607954 0.0
-0.000360202393 0.000219116147 0.0
-0.000266517571 0.000118425749 0.0
0.00109254604 0.000260498928 0.0
-0.000162315162 0.000331342599 0.0
0.00127795141 0.000606399495 0.0
-0.000288687123 0.000222251037 0.0
0.000682258455 0.000490109727 0.0
0.000342379324 0.000358462712 0.0
0.000958666904 0.000261760841 0.0
0.000694106449 0.000454630615 0.0
-3.15407488e-05 0.000182053554 0.0
0.00128601061 0.000423588412 0.0
0.00112878729 0.00052854314 0.0
0.000835507235 0.000268642354 0.0
0.00196446618 0.000376998039 0.0
0.000902624859 0.000321741769 0.0
0.000165375648 8.44187598e-05 0.0
0.00138884061 0.000370943802 0.0
0.00135288713 0.000273565791 0.0
-0.000217319568 0.000205702221 0.0
0.00113231747 0.000176239584 0.0
0.000339966005 0.000269890705 0.0
1.38372752e-05 0.000114158582 0.0
0.001461084 0.000519371941 0.0
0.000813116552 0.000369939429 0.0
0.0010124587 0.000430802262 0.0
0.000320192281 0.000268011732 0.0
0.00180793775 0.000468955725 0.0
0.00146064546 0.000231168495 0.0
0.00135814887 0.000545086164 0.0
0.000788658974 0.000367308734 0.0
0.000362377235 0.00027324562 0.0
0.00124746957 0.000395498646 0.0
0.00132312952 0.000566446397 0.0
0.00130561122 0.000334807613 0.0
0.000858162704 0.000300699205 0.0
0.00178455689 0.000396218529 0.0
-7.64046126e-05 0.000217712019 0.0
0.00092372502 0.00040894319 0.0
5.67502866e-05 0.000234898427 0.0
0.000955700118 0.000161997858 0.0
0.000961974147 0.000464584155 0.0
0.00134136272 0.000323117623 0.0
0.000124433107 0.000179136274 0.0
-0.000258139713 8.88110735e-05 0.0
0.00167616212 0.000380616082 0.0
0.00029514468 0.000256346451 0.0
0.000919762009 0.000282597204 0.0
0.0012829249 0.000271500321 0.0
-0.000540973095 0.000206262004 0.0
0.00148784858 0.000459372386 0.0
0.00163530873 0.00044274173 0.0
0.00121857692 0.000341113016 0.0
0.000549898774 0.000406372244 0.0
0.000689373876 0.000486869365 0.0
-0.000343406457 0.000237724205 0.0
-1.99631831e-05 0.000113562091 0.0
0.00106881582 0.000394170434 0.0
0.00112082739 0.000469800521 0.0
-0.000117396638 8.01539572e-05 0.0
0.00145790935 0.000341754174 0.0
0.00101723673 0.000269494194 0.0
-0.000244879338 0.000213594569 0.0
0.00050637644 0.000127455729 0.0
0.000437940442 0.000280532258 0.0
-0.0002885797 0.000245336472 0.0
0.00124625198 0.000579896732 0.0
0.000523177267 0.000198628331 0.0
0.00166242628 0.000408711698 0.0
0.000984946964 0.000321483094 0.0
0.00155317737 0.000354747026 0.0
0.000890328316 0.000299274107 0.0
-0.000235907573 3.29079885e-05 0.0
0.000865688955 0.000280815235 0.0
0.0016398048 0.000498063629 0.0
-0.000182149888 0.000229439975 0.0
0.00101539912 0.000241242524 0.0
0.00130678492 0.000303528679 0.0
0.000706848863 0.000250245677 0.0
-0.000113512891 0.000239263623 0.0
-0.000187454381 0.000111760513 0.0
