-0.000163438934 -0.000868757023 0.0
-0.000164746991 -0.000940311758 0.0
-0.000333481468 -0.000856936036 0.0
-0.000300990039 -0.00081676885 0.0
-0.000315025187 -0.000825033931 0.0
-4.70342311e-05 -0.00081676885 0.0
-7.95256783e-05 -0.000856936036 0.0
-0.000456608774 -0.00127694104 0.0
-0.000460906827 -0.00134252477 0.0
-0.000403715996 -0.00127786037 0.0
-9.39562688e-06 -4.18925301e-05 0.0
-5.09758638e-06 2.36911401e-05 0.0
-0.000351003429 -0.00120750768 0.0
-0.000355014345 -0.00124170003 0.0
-0.000301237684 -0.00119140022 0.0
9.64968567e-05 5.89321899e-05 0.0
0.000100507757 9.31245013e-05 0.0
0.000143617057 -0.00013649305 0.0
0.00013991422 -0.000195813191 0.0
-0.000206276047 -0.00107264763 0.0
-0.000235856118 -0.00110671588 0.0
-0.000232210688 -0.00112680683 0.0
-0.000489811937 -0.00110671588 0.0
-0.000460231851 -0.00107264763 0.0
-0.000303992827 -0.00100928487 0.0
-0.000304773101 -0.00104518968 0.0
-0.000275608269 -0.00111398392 0.0
-0.000289233052 -0.00116439082 0.0
-5.56462837e-05 -0.000465133315 0.0
-5.99767263e-05 -0.000449051498 0.0
-0.000121295518 -0.000236905471 0.0
-0.000107161773 -0.000215259322 0.0
-0.000103595165 -0.000214681408 0.0
0.000146794031 -0.000215259322 0.0
0.00013266028 -0.000236905471 0.0
-0.000205463672 -0.000554288446 0.0
-0.000218189569 -0.000586382172 0.0
-8.50672659e-05 -0.000288024283 0.0
-9.32418407e-05 -0.000243335482 0.0
-0.00012815083 -0.000558338652 0.0
-0.00013361829 -0.000628973939 0.0
-5.1007657e-05 -0.000703971717 0.0
-5.23927702e-05 -0.000716866169 0.0
-0.000157241797 -0.000664624968 0.0
-0.000168118117 -0.000749416242 0.0
-6.78507422e-05 -0.000474867411 0.0
-7.38683157e-05 -0.000519964728 0.0
-0.000451511209 -0.00130063226 0.0
0.0 0.0 0.0
0.000253955805 0.0 0.0
-0.000197555404 -0.00130063226 0.0
-0.000175547015 -0.000877717161 0.0
-0.00018646894 -0.000887043425 0.0
-0.000195037501 -0.000897288264 0.0
-0.000200654467 -0.000907530193 0.0
-0.000203452306 -0.000919512415 0.0
-0.000203879317 -0.000931327697 0.0
-0.00020244428 -0.000940577127 0.0
-0.000199018177 -0.000945925363 0.0
-0.000193098487 -0.000948017405 0.0
-0.000184567849 -0.000947105815 0.0
-0.000175054272 -0.00094470632 0.0
-0.000154097026 -0.00093365123 0.0
-0.000143671059 -0.000926277018 0.0
-0.000134537928 -0.000917479629 0.0
-0.00012744905 -0.000908294984 0.0
-0.000122990314 -0.000898810802 0.0
-0.000120968347 -0.000889652059 0.0
-0.000122116151 -0.00088000251 0.0
-0.000125254708 -0.000872127363 0.0
-0.000131493944 -0.000866341055 0.0
-0.00013958296 -0.000862695626 0.0
-0.000150136504 -0.000863847672 0.0
-0.000301860593 -0.000813725346 0.0
-0.000302611152 -0.000810074387 0.0
-0.00030321427 -0.000807108881 0.0
-0.000304550718 -0.000806588621 0.0
-0.000306527887 -0.000809920661 0.0
-0.000309360359 -0.000814026338 0.0
-0.000312252931 -0.000820038957 0.0
-0.00031798266 -0.000829389435 0.0
-0.00032151991 -0.000832959951 0.0
-0.000325494766 -0.000837078725 0.0
-0.000329359347 -0.000840954308 0.0
-0.000332286174 -0.000845312199 0.0
-0.000333931006 -0.00084938627 0.0
-0.000333989708 -0.000853809703 0.0
-7.6844648e-05 -0.000858563522 0.0
-7.32178378e-05 -0.000857591745 0.0
-6.83213948e-05 -0.000852328434 0.0
-6.25428074e-05 -0.000846341136 0.0
-5.78285762e-05 -0.000838023203 0.0
-5.28800047e-05 -0.000830236997 0.0
-4.85503733e-05 -0.000824357849 0.0
-4.65557569e-05 -0.000819258916 0.0
-0.000451920379 -0.00133791694 0.0
-0.000443837111 -0.00133275404 0.0
-0.000435345632 -0.00132691581 0.0
-0.000426595216 -0.00131956115 0.0
-0.000417956471 -0.00131062837 0.0
-0.000410654175 -0.00130059931 0.0
-0.000405357481 -0.00128932227 0.0
-0.000405677012 -0.00126768439 0.0
-0.000409004162 -0.001260499 0.0
-0.000412633992 -0.00125687639 0.0
-0.00041756322 -0.00125557836 0.0
-0.000423550722 -0.00125826441 0.0
-0.000432127883 -0.00126293721 0.0
-0.000443553057 -0.00126843422 0.0
-1.76119829e-05 1.36431154e-05 0.0
-2.75985876e-05 2.3639484e-06 0.0
-3.4214223e-05 -9.20422463e-06 0.0
-3.71802962e-05 -1.96521323e-05 0.0
-3.68064393e-05 -3.07228693e-05 0.0
-3.46455708e-05 -4.01656507e-05 0.0
-3.08258786e-05 -4.53036846e-05 0.0
-2.50997346e-05 -4.6261317e-05 0.0
-1.76197937e-05 -4.47376769e-05 0.0
-0.000349981565 -0.00124007137 0.0
-0.000343488529 -0.00123633048 0.0
-0.000335030752 -0.00123067654 0.0
-0.000324007531 -0.00122209953 0.0
-0.000314414763 -0.00121310446 0.0
-0.000306118163 -0.00120438042 0.0
-0.000301832741 -0.00119726942 0.0
-0.000300811196 -0.00119383307 0.0
-0.000302123721 -0.00118885399 0.0
-0.000303853332 -0.00118648459 0.0
-0.000306761329 -0.00118506374 0.0
-0.000310635893 -0.00118465058 0.0
-0.000316195481 -0.0011855301 0.0
-0.00032416574 -0.001187952 0.0
-0.000333712378 -0.0011929702 0.0
-0.000343015912 -0.00119937351 0.0
9.43596824e-05 8.4761421e-05 0.0
9.04498811e-05 7.656464e-05 0.0
8.8953333e-05 6.93204056e-05 0.0
8.99588485e-05 6.35813412e-05 0.0
9.27112123e-05 6.00237072e-05 0.0
0.000136158342 -0.000140497272 0.0
0.000128447064 -0.000145224491 0.0
0.000120931451 -0.000152118184 0.0
0.000113571798 -0.000160737516 0.0
0.000108065135 -0.000171171705 0.0
0.00010637768 -0.000181632728 0.0
0.00010476679 -0.000194600027 0.0
0.000108101456 -0.000202739189 0.0
0.000113473157 -0.000207016841 0.0
0.000120932287 -0.000206167009 0.0
0.000130357759 -0.000202754934 0.0
0.00014965095 -0.000187883867 0.0
0.000157953138 -0.00017790834 0.0
0.000164443511 -0.000167546954 0.0
0.000168953789 -0.000156995608 0.0
0.000171680353 -0.000146489154 0.0
0.000172529282 -0.000136430259 0.0
0.000171762033 -0.000129341017 0.0
0.000169756589 -0.000126448911 0.0
0.000164791345 -0.000126536572 0.0
0.000158270224 -0.00012873605 0.0
0.00015073987 -0.000132021756 0.0
-0.000240146328 -0.00111466576 0.0
-0.000243219416 -0.00112333521 0.0
-0.000244686322 -0.00113152841 0.0
-0.0002459916 -0.00113817211 0.0
-0.000246962707 -0.00114147668 0.0
-0.00024576229 -0.00114179251 0.0
-0.00024377722 -0.00113867549 0.0
-0.000241875852 -0.00113478082 0.0
-0.000238947352 -0.00113078381 0.0
-0.000222437477 -0.00112122728 0.0
-0.000212367115 -0.00111478253 0.0
-0.000204866359 -0.00110745337 0.0
-0.000199870279 -0.0011006908 0.0
-0.000197062778 -0.00109450833 0.0
-0.000195730288 -0.00108836091 0.0
-0.000196387322 -0.00108235388 0.0
-0.000197437839 -0.00107563287 0.0
-0.000201165778 -0.0010726453 0.0
-0.000465999008 -0.00107585569 0.0
-0.000471890031 -0.00108054571 0.0
-0.000477085996 -0.00108683924 0.0
-0.00048108169 -0.00109394011 0.0
-0.000485287252 -0.00110002572 0.0
-0.000310356641 -0.00101694942 0.0
-0.00031668492 -0.00102601899 0.0
-0.000323505345 -0.00103346154 0.0
-0.000327836635 -0.00103994308 0.0
-0.000329442235 -0.0010437395 0.0
-0.000329087605 -0.00104673253 0.0
-0.000328528433 -0.00105233362 0.0
-0.000325908826 -0.00105769862 0.0
-0.000323020067 -0.00106075977 0.0
-0.000319834449 -0.00106112135 0.0
-0.000314566656 -0.00105783122 0.0
-0.000309416675 -0.00105120381 0.0
-0.000300846994 -0.00103847368 0.0
-0.000296904705 -0.00103255187 0.0
-0.000292464334 -0.00102656672 0.0
-0.000288487121 -0.00101947552 0.0
-0.000285529124 -0.00101179653 0.0
-0.000284260634 -0.00100372941 0.0
-0.000284168433 -0.000997094088 0.0
-0.000284040289 -0.000993169029 0.0
-0.000285622344 -0.000993368565 0.0
-0.000288610143 -0.000995782902 0.0
-0.000292615063 -0.000999063253 0.0
-0.000298029685 -0.00100340194 0.0
-0.000286069699 -0.00111981609 0.0
-0.000296739716 -0.00112744095 0.0
-0.000304590387 -0.00113627082 0.0
-0.000308962131 -0.00114469812 0.0
-0.000311154436 -0.00115269783 0.0
-0.000311097188 -0.00115972152 0.0
-0.000309459079 -0.00116492424 0.0
-0.000306564907 -0.0011678423 0.0
-0.000302350323 -0.00116860378 0.0
-0.000296908838 -0.00116702868 0.0
-0.000279827829 -0.00115940312 0.0
-0.000270597986 -0.00115235592 0.0
-0.000262939837 -0.00114307262 0.0
-0.000257808453 -0.0011319461 0.0
-0.000254769315 -0.00111988059 0.0
-0.000254923332 -0.00111013534 0.0
-0.000256350439 -0.0011045197 0.0
-0.000259288034 -0.00110354135 0.0
-0.000263186288 -0.00110628025 0.0
-0.000267781521 -0.00110974303 0.0
-5.62181631e-05 -0.000468778744 0.0
-5.63474641e-05 -0.000471872219 0.0
-5.73490797e-05 -0.000475262175 0.0
-5.91642929e-05 -0.000481419149 0.0
-6.01184183e-05 -0.000488879276 0.0
-5.85511989e-05 -0.000491234998 0.0
-5.71324563e-05 -0.000486144825 0.0
-5.5361048e-05 -0.000477961148 0.0
-5.41365225e-05 -0.000469403632 0.0
-5.45584371e-05 -0.000461393676 0.0
-5.66612434e-05 -0.000454237044 0.0
-6.18894992e-05 -0.000446458085 0.0
-6.21099971e-05 -0.00044383615 0.0
-6.18880222e-05 -0.000442438526 0.0
-6.07875081e-05 -0.000441215991 0.0
-5.96111422e-05 -0.000441379525 0.0
-5.81861132e-05 -0.000442461751 0.0
-5.72489043e-05 -0.000443915924 0.0
-5.67816096e-05 -0.000446683582 0.0
-5.65953742e-05 -0.000451022439 0.0
-5.65858063e-05 -0.000455329864 0.0
-5.65724913e-05 -0.000460283016 0.0
-0.000104550571 -0.000211655555 0.0
-0.000101788894 -0.000206975441 0.0
-0.000100302103 -0.000201599818 0.0
-0.00010033499 -0.000196142035 0.0
-0.000100927471 -0.000192426174 0.0
-0.000102452759 -0.000192484047 0.0
-0.000104420062 -0.000196683832 0.0
-0.000105029292 -0.000204314463 0.0
-0.000103941391 -0.000210443977 0.0
-0.000106244253 -0.000218608475 0.0
-0.000111205722 -0.000223743089 0.0
-0.000116356081 -0.000230899634 0.0
-0.000119873992 -0.000237905551 0.0
-0.000123321151 -0.000243829985 0.0
-0.000125086633 -0.000246203417 0.0
-0.000125438572 -0.000245849427 0.0
-0.000124822924 -0.000243723523 0.0
-0.000123577352 -0.000240518755 0.0
0.000135114431 -0.000231970887 0.0
0.00013705522 -0.000226653254 0.0
0.000139420255 -0.000222250877 0.0
0.000143018013 -0.000219130379 0.0
-0.000209159465 -0.000559137843 0.0
-0.000214397151 -0.0005641678 0.0
-0.0002203966 -0.000569985947 0.0
-0.000225890399 -0.000577092986 0.0
-0.000229070676 -0.000584602589 0.0
-0.0002303035 -0.000591267715 0.0
-0.00023016904 -0.000595854479 0.0
-0.000229896483 -0.000597877195 0.0
-0.000229658282 -0.000596248719 0.0
-0.000228019941 -0.000594124896 0.0
-0.000224230302 -0.00059056055 0.0
-0.000211296574 -0.000580552965 0.0
-0.000204786076 -0.000572496851 0.0
-0.000198877518 -0.000563510752 0.0
-0.000193698404 -0.000554491417 0.0
-0.000190339619 -0.000546104333 0.0
-0.00018805603 -0.000539779314 0.0
-0.000188319202 -0.000537725864 0.0
-0.000191513042 -0.00053770066 0.0
-0.000195527202 -0.000539634086 0.0
-0.000200177237 -0.000543276255 0.0
-0.00020327793 -0.000548458484 0.0
-8.02450159e-05 -0.000291426346 0.0
-7.72281201e-05 -0.00029339004 0.0
-7.44942663e-05 -0.000293356396 0.0
-7.26884464e-05 -0.000291829958 0.0
-7.18954034e-05 -0.00028868916 0.0
-7.23507983e-05 -0.000283873815 0.0
-7.32770204e-05 -0.000278178137 0.0
-7.46726655e-05 -0.000271387078 0.0
-7.68916434e-05 -0.000264052564 0.0
-8.16023748e-05 -0.000255935243 0.0
-8.82203385e-05 -0.000248332421 0.0
-9.47457811e-05 -0.00024064527 0.0
-9.40943282e-05 -0.000237511907 0.0
-9.30507158e-05 -0.000234658772 0.0
-9.3198134e-05 -0.000236573294 0.0
-9.41730032e-05 -0.000239573506 0.0
-9.56715739e-05 -0.000244045514 0.0
-9.69512039e-05 -0.000248846161 0.0
-9.72064372e-05 -0.000254938932 0.0
-9.64826249e-05 -0.000262551388 0.0
-9.48676607e-05 -0.000271707424 0.0
-9.09734154e-05 -0.00028122295 0.0
-0.000139384007 -0.000564652088 0.0
-0.000150027685 -0.000572295743 0.0
-0.000159130592 -0.000581244414 0.0
-0.000165324207 -0.000590557815 0.0
-0.000168320374 -0.00059944659 0.0
-0.000168695056 -0.000607981638 0.0
-0.000166586688 -0.000615442754 0.0
-0.000162390032 -0.000621553394 0.0
-0.000155623784 -0.000626110588 0.0
-0.0001460809 -0.000629593269 0.0
-0.000119408207 -0.000622211781 0.0
-0.00010586885 -0.00061045232 0.0
-9.54052521e-05 -0.000595782185 0.0
-8.85610643e-05 -0.000578486186 0.0
-8.5763415e-05 -0.000563176523 0.0
-8.78268766e-05 -0.000556162326 0.0
-9.18078076e-05 -0.000555395382 0.0
-9.76539231e-05 -0.000554667786 0.0
-0.000105909065 -0.000553867721 0.0
-0.000116379786 -0.000554649101 0.0
-5.63283138e-05 -0.000710626831 0.0
-6.19224957e-05 -0.000716486247 0.0
-6.48966234e-05 -0.000721175922 0.0
-6.59340658e-05 -0.000723282807 0.0
-6.56823831e-05 -0.000723311095 0.0
-6.72862225e-05 -0.000724926183 0.0
-6.78610959e-05 -0.000725726655 0.0
-6.74173643e-05 -0.00072747824 0.0
-6.5012624e-05 -0.000727834005 0.0
-6.23219603e-05 -0.000727250706 0.0
-5.80049054e-05 -0.000723610108 0.0
-4.80325689e-05 -0.000707429193 0.0
-4.44574143e-05 -0.000697411888 0.0
-3.97859767e-05 -0.000686327228 0.0
-3.77569631e-05 -0.000679093588 0.0
-3.90081805e-05 -0.000680584577 0.0
-3.95392017e-05 -0.00068416557 0.0
-3.91926042e-05 -0.000686926127 0.0
-3.85183157e-05 -0.000689573935 0.0
-3.81042519e-05 -0.000691938214 0.0
-3.97496733e-05 -0.00069473515 0.0
-4.41664197e-05 -0.000698863645 0.0
-0.000170655971 -0.000671141897 0.0
-0.000183195531 -0.000681478065 0.0
-0.00019337608 -0.000694283459 0.0
-0.000200474256 -0.000709456508 0.0
-0.000204113836 -0.000725155929 0.0
-0.000205215634 -0.000739819603 0.0
-0.000204242227 -0.000751884596 0.0
-0.000199719609 -0.000757689064 0.0
-0.000193319327 -0.00075858488 0.0
-0.000185158686 -0.000757156988 0.0
-0.000176484245 -0.000753874367 0.0
-0.000158124516 -0.000744007877 0.0
-0.000147634331 -0.000736710266 0.0
-0.000136881194 -0.000727257866 0.0
-0.000128459913 -0.000715509639 0.0
-0.000122026147 -0.000704661943 0.0
-0.000118721618 -0.000692774483 0.0
-0.000119122276 -0.000683130114 0.0
-0.00012232516 -0.000675421092 0.0
-0.000127630134 -0.000669838104 0.0
-0.000135284776 -0.000666071894 0.0
-0.000145079306 -0.000663456158 0.0
-7.56741792e-05 -0.000484083401 0.0
-8.38502892e-05 -0.000494668842 0.0
-9.13868425e-05 -0.000505772186 0.0
-9.67877786e-05 -0.000518994872 0.0
-9.64944484e-05 -0.000524898991 0.0
-9.60194811e-05 -0.000523936062 0.0
-9.52702176e-05 -0.00052424561 0.0
-9.49799942e-05 -0.000524119532 0.0
-9.39847814e-05 -0.00052384421 0.0
-9.10539748e-05 -0.000523255731 0.0
-8.66096889e-05 -0.000522825052 0.0
-8.01567876e-05 -0.00052189565 0.0
-6.74828116e-05 -0.000516663888 0.0
-6.11525611e-05 -0.000512780214 0.0
-5.46532065e-05 -0.000506609504 0.0
-4.81249845e-05 -0.000498677313 0.0
-4.30376713e-05 -0.000490100705 0.0
-4.075998e-05 -0.000481578201 0.0
-4.00545214e-05 -0.000472811604 0.0
-4.10809807e-05 -0.00046476908 0.0
-4.42589626e-05 -0.000460666633 0.0
-4.82172509e-05 -0.000460222858 0.0
-5.37584965e-05 -0.000463982084 0.0
-6.02730688e-05 -0.000468647719 0.0
-0.000445015059 -0.00125299126 0.0
-0.000459801988 -0.00119541388 0.0
-0.000314429257 -0.000749303726 0.0
-0.000305387715 -0.00070881506 0.0
-0.000265471812 -0.000656453078 0.0
-0.000234241961 -0.000611947151 0.0
-0.000219649926 -0.000582806708 0.0
-0.000216140426 -0.000546166208 0.0
-0.000234970139 -0.000494965061 0.0
-0.000245843403 -0.000437173265 0.0
-0.000226770237 -0.000378429802 0.0
-0.000179225404 -0.000314922247 0.0
-0.00011301558 -0.000169062958 0.0
-9.91887791e-05 -0.000135014969 0.0
-7.1276263e-05 -9.28084701e-05 0.0
-3.04633777e-05 -4.70575978e-05 0.0
1.88164688e-06 -3.34347897e-05 0.0
2.13314088e-05 -6.10229654e-05 0.0
4.48284773e-05 -4.17132396e-05 0.0
0.000108715198 2.8270113e-05 0.0
0.000108366767 6.58191038e-06 0.0
0.000111097819 2.63397415e-05 0.0
0.00011881948 6.55299809e-05 0.0
0.000129605251 9.97525567e-05 0.0
0.00013813634 0.000111842157 0.0
0.000144551756 9.89718174e-05 0.0
0.00014844352 6.00856401e-05 0.0
0.000144249643 9.27760084e-06 0.0
0.000137910931 -3.48025278e-05 0.0
0.000135263312 -6.34868775e-05 0.0
0.000149208718 -7.70470142e-05 0.0
0.000178888789 -4.46740596e-05 0.0
0.000219291818 1.82945968e-07 0.0
0.000245736272 2.58458058e-05 0.0
0.000251198973 2.42612259e-05 0.0
0.000223492418 -4.70575978e-05 0.0
0.000182679534 -9.28084701e-05 0.0
0.000154767025 -0.000135014969 0.0
0.000140940218 -0.000169062958 0.0
7.4730393e-05 -0.000314922247 0.0
2.71855642e-05 -0.000378429802 0.0
8.11239624e-06 -0.000437173265 0.0
1.89856619e-05 -0.000494965061 0.0
3.78153709e-05 -0.000546166208 0.0
3.43058819e-05 -0.000582806708 0.0
1.97138452e-05 -0.000611947151 0.0
-1.15160074e-05 -0.000656453078 0.0
-5.14319108e-05 -0.00070881506 0.0
-6.04734523e-05 -0.000749303726 0.0
-0.000205846183 -0.00119541388 0.0
-0.000191059269 -0.00125299126 0.0
-0.000200312235 -0.00127637095 0.0
-0.000205774908 -0.00127478642 0.0
-0.000232219376 -0.00130044925 0.0
-0.000272622419 -0.00134530629 0.0
-0.000302302476 -0.00137767917 0.0
-0.000316247868 -0.00136411912 0.0
-0.000313600263 -0.00133543473 0.0
-0.000307261565 -0.00129135465 0.0
-0.000303067674 -0.00124054658 0.0
-0.000306959439 -0.00120166037 0.0
-0.000313374854 -0.00118879008 0.0
-0.000321905944 -0.00120087969 0.0
-0.000332691707 -0.00123510219 0.0
-0.000340413389 -0.00127429247 0.0
-0.000343144435 -0.00129405025 0.0
-0.000342796004 -0.00127236207 0.0
-0.000406682724 -0.00134234549 0.0
-0.000430179789 -0.00136165519 0.0
-0.000449629559 -0.00133406697 0.0
-0.000221509006 -0.000899781764 0.0
8.60044092e-05 -0.000188895399 0.0
-0.000250177633 -0.00103991874 0.0
7.86800229e-05 -0.000168825922 0.0
-0.000209699268 -0.000818126893 0.0
-0.0001884987 -0.000773770036 0.0
-0.000268023898 -0.00103397097 0.0
3.71262613e-05 -0.00016974227 0.0
-5.25843498e-05 -0.000784458767 0.0
5.57808517e-06 -0.00034442512 0.0
-0.000105163985 -0.000697469281 0.0
-0.000269834884 -0.000812742335 0.0
4.72008142e-05 -0.000333890464 0.0
-4.55637201e-05 -0.000506908109 0.0
-1.69422037e-05 -0.00049696787 0.0
0.000140141186 -5.40225083e-05 0.0
-0.00020621634 -0.000957000651 0.0
-3.0633244e-05 -0.000136983319 0.0
-0.000166025886 -0.000456062146 0.0
-0.000444630801 -0.0010396851 0.0
-7.30721804e-05 -0.000533392769 0.0
-0.000200215276 -0.000740365067 0.0
-0.000250962359 -0.000921981351 0.0
0.000100952202 -0.0002382034 0.0
-0.000149467349 -0.000915600103 0.0
3.91251415e-05 -0.000275742757 0.0
0.000106302177 -5.98090628e-05 0.0
-0.000245344214 -0.00103773549 0.0
-0.000342860614 -0.00110639329 0.0
9.0975831e-05 -8.93564793e-05 0.0
-0.000121394602 -0.000449118495 0.0
-9.37965669e-05 -0.000378987839 0.0
-0.000275395461 -0.00110751064 0.0
3.92377369e-05 -0.000263013935 0.0
-0.000172444255 -0.000735457696 0.0
-7.65014847e-05 -0.000555799867 0.0
-0.000138327901 -0.000407016516 0.0
-0.000265673938 -0.00109008898 0.0
-0.000174257118 -0.000878538878 0.0
-0.000198331429 -0.000820238492 0.0
-0.000124096347 -0.000750952866 0.0
-0.000193545522 -0.000750307983 0.0
-0.000241105256 -0.000988068525 0.0
-1.4049182e-05 -0.000132338129 0.0
-0.000211316306 -0.000821705326 0.0
3.04577716e-05 -0.000364479696 0.0
-2.26341672e-05 -0.000106083375 0.0
6.51959363e-06 -0.000564186601 0.0
-4.50716507e-05 -0.000270381075 0.0
-0.000247380376 -0.000705631101 0.0
-0.000290373544 -0.00109647249 0.0
-0.000317496975 -0.000882007182 0.0
0.000128304266 -8.05431864e-06 0.0
-0.0001280586 -0.000606442278 0.0
-4.77259237e-05 -0.000419664488 0.0
-6.95805356e-05 -0.000122562065 0.0
-7.6195829e-05 -0.000524764531 0.0
-0.000200913695 -0.000738284551 0.0
0.00014724124 -4.89750346e-05 0.0
1.09356324e-05 -0.000405014725 0.0
3.83691113e-05 -0.000284257607 0.0
9.85997758e-05 -6.26589826e-05 0.0
-6.79189907e-05 -0.000558120431 0.0
-3.42992898e-05 -0.000436168222 0.0
-2.95412356e-05 -0.000433539099 0.0
8.223021e-05 -0.000170763626 0.0
-8.98191283e-05 -0.000289879041 0.0
-2.338185e-05 -0.000148951483 0.0
-0.00029710753 -0.00124162144 0.0
-2.0552432e-05 -0.0005956979 0.0
-2.32178536e-05 -0.000120096258 0.0
-0.000244343682 -0.000886806869 0.0
0.000115357281 -0.000256156694 0.0
0.000142458215 -0.000153490299 0.0
-0.000276479812 -0.000890562544 0.0
4.15026188e-05 -0.000290177413 0.0
-5.9996637e-06 -0.000348397269 0.0
-0.000266032701 -0.00108173117 0.0
-0.000295673846 -0.00102095015 0.0
-0.000290401018 -0.00100446306 0.0
-7.55601868e-05 -0.000776340428 0.0
-0.000198482085 -0.000853416219 0.0
-0.000234141276 -0.000403147365 0.0
-8.65371985e-05 -0.000631895789 0.0
4.50411717e-05 -4.84957891e-05 0.0
-0.000205254575 -0.00100004615 0.0
-0.000191417595 -0.000696607865 0.0
-0.000472315442 -0.00112197618 0.0
-0.000102890132 -0.000939457852 0.0
-0.00018514377 -0.000990869012 0.0
8.69020514e-05 -5.341203e-05 0.0
-0.000159111718 -0.000726215541 0.0
-7.92717183e-05 -0.000104837396 0.0
-0.000171924665 -0.000808562094 0.0
-0.000194670909 -0.000545262708 0.0
-0.000137658179 -0.000732602319 0.0
-0.000188703561 -0.000682622718 0.0
-0.000248182332 -0.000951677735 0.0
5.30444377e-05 -0.000254229875 0.0
-0.000205430828 -0.000988545944 0.0
-4.70052146e-05 -0.000435418799 0.0
-6.2200229e-06 -0.000316369376 0.0
-6.12368603e-05 -0.000758232374 0.0
-6.98394433e-05 -0.000569011376 0.0
-0.000428975618 -0.000976084499 0.0
-7.35681533e-05 -0.000813328312 0.0
-5.19780988e-05 -0.00049756706 0.0
-3.2968077e-05 -0.00041865051 0.0
-0.0002565904 -0.00105137227 0.0
0.000138822958 -0.000186924328 0.0
0.000121921563 -0.000137657393 0.0
-0.00035646421 -0.00110454275 0.0
-0.000359371683 -0.0011694812 0.0
-0.000407372601 -0.00119322701 0.0
-0.000356697274 -0.000970751164 0.0
-0.00033174688 -0.00123779732 0.0
-0.0001276119 -0.000386487227 0.0
-0.000234669307 -0.0010121708 0.0
-5.27805787e-05 -0.00077493483 0.0
-0.000142624398 -0.000842603331 0.0
-0.000286899507 -0.00078160665 0.0
-9.34305353e-05 -0.000398216274 0.0
-9.38358644e-05 -0.000593152596 0.0
-0.00022557698 -0.000870964665 0.0
7.60834446e-05 -0.000313816912 0.0
-0.000126065759 -0.000662709179 0.0
-6.33582749e-05 -0.000513856357 0.0
-0.000277018436 -0.00112299284 0.0
-0.000285844493 -0.00113711332 0.0
-5.36865628e-05 -0.00077340781 0.0
-6.87607462e-05 -0.000525517156 0.0
-0.000218955232 -0.000939666934 0.0
-0.000188448292 -0.000764401571 0.0
3.72905401e-06 -0.00047413932 0.0
-0.000152947978 -0.00054195436 0.0
-0.000201834162 -0.000779569265 0.0
-0.000181571624 -0.000943617313 0.0
-0.000176141722 -0.000471967942 0.0
-5.50289078e-05 -0.000504493655 0.0
-0.000277035084 -0.00112017593 0.0
0.000144947539 8.89801231e-06 0.0
0.000104103055 -0.000266258168 0.0
-0.000104225124 -0.000824174436 0.0
-0.000121971279 -0.000364204112 0.0
0.000112130525 -8.63728128e-05 0.0
-7.5884418e-05 -0.000190907886 0.0
-8.833639e-05 -0.000307069102 0.0
2.76339069e-05 -0.000376955897 0.0
0.000151380736 -0.000111214555 0.0
7.0396025e-05 -0.000179500334 0.0
0.000138785224 -0.00017814945 0.0
0.000100541612 -4.21601326e-05 0.0
4.84084194e-05 -0.000287720497 0.0
2.11929964e-05 -0.000581273809 0.0
3.06751099e-05 -2.80596123e-05 0.0
-0.000125435079 -0.000571690849 0.0
-0.000137820723 -0.000437153649 0.0
-0.000303750916 -0.000920792227 0.0
-4.74237131e-05 -0.000170313739 0.0
-0.000103654762 -0.000356555684 0.0
-0.000397908501 -0.00131485355 0.0
-0.000195674074 -0.000815034902 0.0
-0.000230698017 -0.000815738225 0.0
-0.0002015879 -0.000777505513 0.0
0.000192612832 -6.82805985e-05 0.0
-0.000192341438 -0.000679794699 0.0
-0.000314815261 -0.00128742098 0.0
-0.000245363422 -0.000680960657 0.0
-0.000314482779 -0.0011782475 0.0
-0.000206340061 -0.00100085279 0.0
-7.94384323e-05 -0.000361427199 0.0
-0.000206522804 -0.000343975611 0.0
-0.00019534264 -0.00100090995 0.0
-0.000477173948 -0.00115102087 0.0
-0.000279936125 -0.000957594253 0.0
1.86484453e-06 -0.00034771816 0.0
-0.000194978784 -0.000900658022 0.0
0.000101700381 -0.00023148625 0.0
-0.000255969149 -0.00103697763 0.0
-3.0574617e-07 -0.000114079638 0.0
-0.000314064178 -0.000908279675 0.0
-0.000455507572 -0.00121857855 0.0
-0.000181200579 -0.0006734911 0.0
-3.13046112e-05 -7.24411293e-05 0.0
-0.000290601049 -0.00114050577 0.0
-7.59835457e-05 -0.000115412273 0.0
-0.000440631266 -0.00128116214 0.0
-0.000171975465 -0.00102184992 0.0
-0.000299176172 -0.00121771812 0.0
-0.000295362232 -0.000975777453 0.0
0.000119066353 1.74408906e-05 0.0
-0.000311684038 -0.00114149542 0.0
-1.51951117e-05 -0.000387419219 0.0
-0.000304533314 -0.000752509513 0.0
-1.31096303e-05 -0.000620014034 0.0
-0.000265119656 -0.00108698581 0.0
-0.000179825773 -0.000920544204 0.0
-0.000112213784 -0.000603154826 0.0
-0.000464732613 -0.00105031929 0.0
-0.000217901936 -0.000657800876 0.0
-0.00023186086 -0.00086607947 0.0
6.32390947e-05 -0.000222363728 0.0
0.000144439255 -5.89339616e-05 0.0
-6.11471114e-05 -0.000514779007 0.0
9.29883245e-05 -0.000116648655 0.0
-0.000263666443 -0.00107977376 0.0
-0.000325366156 -0.000966404914 0.0
-8.82944878e-05 -0.000539109576 0.0
-0.000286082912 -0.000918454258 0.0
0.000100583056 -2.4030709e-05 0.0
-0.000319390645 -0.00120256387 0.0
0.00010850445 -3.99560349e-06 0.0
-0.000184362376 -0.00068206538 0.0
-5.96677273e-05 -0.00045342691 0.0
-0.00044092859 -0.00118889369 0.0
-5.23920207e-05 -0.000701005745 0.0
-0.000232857361 -0.000992082758 0.0
7.00475939e-05 -0.000133933005 0.0
9.03409091e-05 -0.000114060735 0.0
6.54533505e-05 -0.000221645678 0.0
-3.12489215e-06 -0.000158588984 0.0
-0.000227672106 -0.000424213591 0.0
-0.00024294859 -0.000892452081 0.0
-0.000374797877 -0.000918509846 0.0
-0.000271753059 -0.0011954353 0.0
-3.74935917e-05 -0.000400372461 0.0
2.29033994e-05 -0.000340099825 0.0
-9.05959387e-05 -0.000141555225 0.0
-0.000113933005 -0.000395616167 0.0
-0.000203845557 -0.00119942718 0.0
-0.000311029173 -0.00109360204 0.0
-0.00021407599 -0.00100348273 0.0
-0.000159842952 -0.000828608056 0.0
0.000136581715 -0.000229126657 0.0
-8.20895584e-05 -0.000527148077 0.0
-0.000305281952 -0.0010397681 0.0
5.70455923e-05 -0.00023297772 0.0
-0.000296206563 -0.00115942175 0.0
-0.000104858016 -0.000610314833 0.0
-6.74535186e-05 -0.000127364881 0.0
-0.000189277678 -0.000714678084 0.0
-7.96584354e-05 -0.000527434226 0.0
0.000138855117 -0.00020652455 0.0
-0.000462379394 -0.00119422097 0.0
2.65415547e-05 -5.33719394e-05 0.0
-8.74196921e-05 -0.000537929009 0.0
-0.000363760133 -0.00118052412 0.0
0.000128843341 -7.47262602e-05 0.0
-0.000254447747 -0.00104951509 0.0
-1.72477223e-06 -8.71247175e-05 0.0
-0.000206881334 -0.000991341192 0.0
-6.9151688e-06 -0.000362168503 0.0
9.66936568e-05 -0.0001987305 0.0
1.87522855e-05 -0.000310143019 0.0
-0.000339079386 -0.00110643869 0.0
-8.25591414e-05 -0.000613695884 0.0
-0.000273342244 -0.00110690424 0.0
-0.000121855046 -0.000835074054 0.0
-4.93168191e-05 -9.45448191e-05 0.0
-0.000184736491 -0.000703668746 0.0
-0.000310100149 -0.00117348693 0.0
-0.000100304118 -0.000225768861 0.0
0.000137968411 4.64527002e-05 0.0
-0.000108923952 -0.000959637808 0.0
-7.10097447e-05 -0.000802401337 0.0
-7.77481473e-05 -0.000587603427 0.0
-0.000288052572 -0.00114027981 0.0
-7.42394186e-05 -0.000222767718 0.0
-9.09061491e-05 -0.000325854664 0.0
-4.9737173e-05 -0.000387332751 0.0
-0.000388110231 -0.00119984802 0.0
-0.000307488634 -0.0011791673 0.0
3.78479162e-05 -0.00036138104 0.0
-0.000208514757 -0.000844084832 0.0
-0.000239576344 -0.000455923408 0.0
-0.000317328522 -0.00118617958 0.0
-0.000366551132 -0.00122787023 0.0
-0.000170999891 -0.000654230942 0.0
-0.000269586453 -0.000988615444 0.0
-0.000111336019 -0.000549199875 0.0
-7.39953393e-05 -0.000354167336 0.0
-9.69912726e-05 -0.000232011051 0.0
-0.000364547741 -0.00119493227 0.0
0.000117436728 -0.000268212898 0.0
-0.000159809599 -0.000888023758 0.0
-0.000199945222 -0.000805734657 0.0
-0.000420082943 -0.000960879785 0.0
-4.00124409e-05 -0.000405369181 0.0
-7.36726506e-05 -0.000526144868 0.0
-6.54755277e-05 -0.000360155245 0.0
-5.72971112e-05 -0.000767431222 0.0
-5.64081347e-05 -0.000802953437 0.0
-9.11328098e-05 -0.000316047284 0.0
0.000221813752 -3.37232414e-05 0.0
-0.000105925435 -0.000169413936 0.0
-0.000182431279 -0.000734182424 0.0
-6.66746637e-05 -9.82517522e-05 0.0
-3.09485658e-05 -0.000633159536 0.0
-0.000143932586 -0.000801217568 0.0
-0.000281328743 -0.00113894325 0.0
-9.33250703e-06 -0.000558576605 0.0
0.000138196308 -0.000188341204 0.0
-0.000330069452 -0.00123486668 0.0
1.76110734e-05 -0.00052418455 0.0
-0.000321547966 -0.00109503279 0.0
-3.6283036e-05 -0.000655137585 0.0
-4.40120421e-05 -0.00015153295 0.0
-6.58583958e-05 -0.000516394095 0.0
3.74468327e-05 -0.000221002381 0.0
-0.000252435741 -0.00105136214 0.0
-0.000237677275 -0.00105284562 0.0
-0.000298769213 -0.0012676717 0.0
-5.57006824e-05 -0.00052866136 0.0
-0.000135470575 -0.000659885409 0.0
8.24326198e-05 1.30732624e-05 0.0
-4.42920464e-05 -0.0001852352 0.0
-6.23673841e-05 -0.000499979593 0.0
-0.000284953188 -0.00104940485 0.0
4.95227232e-06 -6.36968107e-05 0.0
-9.07427966e-05 -0.00057161838 0.0
-0.000241326663 -0.000744544843 0.0
7.38872905e-06 -0.000382368511 0.0
-4.11834117e-05 -0.000169694773 0.0
5.62242576e-06 -0.000624982291 0.0
-0.000195627174 -0.000727755832 0.0
-0.00031434212 -0.00092183071 0.0
-0.000184927689 -0.000828996475 0.0
7.85968041e-06 -0.000423489895 0.0
-0.000143334648 -0.000382163358 0.0
-0.000339703693 -0.00124462659 0.0
-0.000212157262 -0.000827449141 0.0
-0.000215570792 -0.000828332093 0.0
-0.000255199993 -0.00105363177 0.0
0.000181466501 -9.46804139e-05 0.0
-0.000280836306 -0.00075035746 0.0
-0.000201878473 -0.000580633467 0.0
-0.000102744212 -0.000200113907 0.0
-0.000308701943 -0.000942987332 0.0
-0.000165712059 -0.000463334611 0.0
-0.000264813745 -0.00107555499 0.0
-0.00012729397 -0.000446251623 0.0
-0.000286638038 -0.00114520767 0.0
0.00016220336 -0.000112472233 0.0
-0.000191248822 -0.000771951221 0.0
-0.000325691857 -0.00121434382 0.0
-0.000143872574 -0.00081980211 0.0
-0.000296084181 -0.000705176848 0.0
-0.00026740614 -0.00107278524 0.0
-7.49509418e-05 -0.00038484612 0.0
-0.000253318722 -0.00099690177 0.0
-0.000154438938 -0.00042533403 0.0
-4.61992058e-05 -0.000360087608 0.0
9.47519511e-05 -0.000146194012 0.0
0.000190526815 -7.15812785e-05 0.0
-1.84852106e-05 -0.000438614661 0.0
-0.000308980059 -0.00114751351 0.0
-9.96315139e-05 -0.000226200966 0.0
-0.000312671531 -0.00116972881 0.0
-0.000234126026 -0.000945867389 0.0
-0.000114127928 -0.000741115829 0.0
3.03455909e-05 -1.7156699e-05 0.0
-9.2533548e-05 -0.000783074065 0.0
-0.000309275812 -0.00116811844 0.0
-7.25663849e-05 -0.000858571439 0.0
-0.000176274887 -0.000588847848 0.0
-0.000115007322 -0.000567070034 0.0
-0.000100323057 -0.000163467295 0.0
0.000137261726 -1.37544575e-05 0.0
9.89884793e-05 2.61551668e-05 0.0
-5.66229028e-05 -0.000453124405 0.0
-0.000208021549 -0.000892110227 0.0
-9.43126579e-05 -0.000249210163 0.0
-9.25468557e-05 -0.00034193226 0.0
-1.71986103e-05 -0.000444233214 0.0
-0.000300531654 -0.000995502109 0.0
-3.23956192e-06 -0.000242992872 0.0
-5.41857844e-05 -0.000463965698 0.0
-0.000183478929 -0.000763790682 0.0
-0.00013467879 -0.000604242494 0.0
-7.33509078e-05 -0.000494101259 0.0
0.000104198654 -2.52894151e-05 0.0
-0.000318512117 -0.000823197479 0.0
-0.00024622574 -0.00102137646 0.0
-8.64399553e-05 -0.00031907676 0.0
-2.46904347e-05 -0.000104944789 0.0
-0.000203422955 -0.000520822243 0.0
-0.000307709735 -0.00127815874 0.0
-0.000264933391 -0.00114818558 0.0
-0.00020186312 -0.000341301726 0.0
0.00012539122 -0.000176791538 0.0
-6.0699349e-05 -0.00017871536 0.0
-5.41650916e-05 -0.00078667159 0.0
-0.000242281283 -0.00109096314 0.0
-8.99852384e-05 -0.000263185852 0.0
-0.000218304747 -0.000844280119 0.0
-0.000305607158 -0.000957993965 0.0
-7.25393647e-06 -0.000629416667 0.0
-4.17304364e-05 -8.84845067e-05 0.0
-2.55589566e-06 -0.000448766863 0.0
6.38121273e-05 -7.4989468e-05 0.0
-0.00020528234 -0.00078602985 0.0
-0.000158471245 -0.0010283856 0.0
1.93267329e-06 -0.000355695287 0.0
5.86729802e-05 -0.000304310524 0.0
3.60869381e-05 -0.000358079531 0.0
-0.000190162231 -0.000728926098 0.0
-8.91600939e-05 -0.000163153949 0.0
0.000146998369 -2.82179053e-06 0.0
-0.000184896169 -0.000964986626 0.0
-0.000197153655 -0.000784289383 0.0
0.000148731517 -9.74232316e-05 0.0
-0.000108933491 -0.000617867569 0.0
-2.29875932e-05 -0.000375278643 0.0
-4.93271036e-05 -0.000507087214 0.0
0.000164487385 -9.49708701e-05 0.0
2.68578297e-05 -0.000295542268 0.0
-0.000339781313 -0.00110709772 0.0
-0.000243159826 -0.0010450097 0.0
-0.000164972589 -0.000924386259 0.0
-0.000153376968 -0.000674119452 0.0
-9.77788441e-05 -0.000637693331 0.0
-6.26109613e-05 -0.000101276142 0.0
-4.19866919e-05 -0.000469997118 0.0
-3.27930429e-05 -0.000396122312 0.0
1.49340785e-05 -8.81270389e-05 0.0
-0.000247057731 -0.000664278225 0.0
-0.000143444646 -0.000458855211 0.0
-0.000216437125 -0.000992118614 0.0
-0.000276639243 -0.00112953107 0.0
-0.000480471645 -0.00108922832 0.0
-0.000103372986 -0.00033776401 0.0
-3.97232288e-05 -0.000478228496 0.0
0.00010526026 -6.49260846e-06 0.0
-5.59350665e-05 -0.000433567096 0.0
-0.000307381619 -0.000924007385 0.0
-3.57040844e-05 -0.000688043016 0.0
-0.000117179341 -0.000644494314 0.0
-0.000169283725 -0.000655136944 0.0
0.000149912099 -0.000174790082 0.0
-0.000299086358 -0.000845631526 0.0
-0.000270651799 -0.000912869407 0.0
-1.72162745e-05 -0.00010186177 0.0
0.000130027081 5.12869665e-05 0.0
0.000151584274 -0.000103703031 0.0
-9.04903063e-05 -0.000683360326 0.0
-0.000215083011 -0.000578348234 0.0
-0.000201608142 -0.000951059978 0.0
-0.00033707387 -0.000891956675 0.0
-3.9544575e-05 -0.000438693212 0.0
-0.000196292662 -0.000801455579 0.0
-6.07652801e-05 -0.00062134146 0.0
-9.80893165e-05 -0.000344507775 0.0
-1.87103105e-05 -0.000378139463 0.0
-0.000156873066 -0.000814069354 0.0
-0.000235321902 -0.000837140891 0.0
1.47837409e-05 -0.00031868252 0.0
3.03729175e-05 -0.000296569022 0.0
-0.000230198071 -0.000639674894 0.0
0.000231633661 -2.08942747e-05 0.0
-0.000225553827 -0.000596296391 0.0
-0.000101806698 -0.000776230765 0.0
-0.000362493913 -0.00114572351 0.0
-0.000445021433 -0.00129740592 0.0
4.23182391e-05 -0.000362078223 0.0
-9.86954255e-05 -0.000568794669 0.0
0.000117202442 -3.47476234e-05 0.0
-0.00040564037 -0.00106621534 0.0
-4.36817099e-05 -0.00037803626 0.0
-0.000241044618 -0.000791796949 0.0
-0.000460125593 -0.00102971634 0.0
-0.000285285991 -0.000727947627 0.0
0.000163443692 -0.000106935026 0.0
-0.000176571761 -0.000965051411 0.0
-0.000171916545 -0.000343618769 0.0
3.36028352e-05 -0.000289126969 0.0
-6.06381873e-05 -0.000202568539 0.0
-0.00020486975 -0.00121864513 0.0
-0.000192783948 -0.000746919657 0.0
-6.0790826e-05 -0.000513022067 0.0
0.000146959894 -6.144707e-05 0.0
0.000136074901 -0.000173776556 0.0
-0.000214703861 -0.000570816803 0.0
0.000100487938 -0.000277328625 0.0
-0.000269042095 -0.00110777258 0.0
0.000139814641 -0.00010504957 0.0
-9.69050598e-05 -0.000747880549 0.0
-6.38443962e-05 -0.000480618444 0.0
-0.000226956487 -0.000470697298 0.0
-0.000101392216 -0.000828181684 0.0
8.28465272e-05 -0.000286908995 0.0
-0.000294742407 -0.000943306484 0.0
-0.000222901857 -0.00101536931 0.0
-9.37819859e-05 -0.000615000143 0.0
-0.000454122812 -0.00123237853 0.0
-0.000181999989 -0.000649728172 0.0
-6.28926937e-05 -0.000188946695 0.0
-0.000278065592 -0.00108422292 0.0
-0.000272323552 -0.000932630268 0.0
0.000109944704 -0.000134066795 0.0
-0.000204248499 -0.000657048018 0.0
-7.85190714e-05 -0.000368314708 0.0
8.46204057e-05 -0.000221966155 0.0
-0.000303381967 -0.00118126755 0.0
-0.000107303647 -0.000886824389 0.0
-0.000200942144 -0.000974119233 0.0
-3.23118002e-05 -0.000545921095 0.0
-0.000452347944 -0.00121386815 0.0
-0.000322012318 -0.000848344585 0.0
-0.000290038413 -0.00119282445 0.0
-7.15597271e-05 -0.000891699514 0.0
-4.92029067e-05 -0.000557999883 0.0
-0.000280061911 -0.000864339818 0.0
-0.000282121764 -0.00121904362 0.0
-0.000194826876 -0.00125999027 0.0
-0.00012536619 -0.000636457349 0.0
-0.000424023514 -0.0012723126 0.0
6.10588977e-05 -0.000227035707 0.0
-0.000185217883 -0.000933317991 0.0
-7.67410165e-05 -0.000141439625 0.0
-0.000187561483 -0.000485579396 0.0
-0.000192306223 -0.00105508417 0.0
-0.000276187639 -0.000960417674 0.0
4.23253623e-05 -0.000321561587 0.0
2.46662657e-05 -3.81201826e-05 0.0
-0.000351918658 -0.00111163489 0.0
1.94690597e-06 -0.000522597868 0.0
-0.000238101245 -0.000408808148 0.0
-0.000229831479 -0.000881358981 0.0
0.000150367065 -0.000100809499 0.0
-0.000293865131 -0.00104206067 0.0
-0.000375733624 -0.00120059459 0.0
-0.000234892461 -0.000913944968 0.0
-9.30406313e-05 -0.000535944011 0.0
-9.34222335e-05 -0.000838065112 0.0
0.000101513018 -6.22274383e-05 0.0
-1.3469451e-05 -3.82984981e-05 0.0
-0.000188996622 -0.000919381564 0.0
-0.000213991603 -0.00104962057 0.0
0.000121494755 -0.00020921517 0.0
-0.000305156253 -0.00107106543 0.0
-0.000226932985 -0.000498227426 0.0
9.84662402e-05 -0.00011516935 0.0
-6.06304966e-05 -0.00034509995 0.0
-6.71007583e-05 -0.000578522799 0.0
9.14984048e-05 -0.000115902796 0.0
-0.000262201618 -0.00107256835 0.0
-3.89726338e-05 -0.000462820666 0.0
-0.000374923664 -0.00117200462 0.0
-0.000196518406 -0.000727689767 0.0
-0.000315353478 -0.00110932428 0.0
-0.000165582911 -0.000655558018 0.0
6.48279456e-05 1.38161113e-05 0.0
-0.000122188969 -0.000638064346 0.0
-0.000388355664 -0.00123979396 0.0
7.993287e-05 -0.000169328472 0.0
-0.000178851988 -0.000675496703 0.0
-0.000258459448 -0.000915011624 0.0
-5.92589713e-05 -0.000550287019 0.0
-1.478588e-05 -6.02833352e-05 0.0
-6.53517282e-06 -0.000105702238 0.0
