-0.000188026417 0.00125128508 0.0
-0.000183899814 0.00139522518 0.0
0.000449525774 0.00116135681 0.0
0.000404164661 0.00113985525 0.0
0.000420819473 0.00112274045 0.0
-0.000387309323 0.00113985525 0.0
-0.000341948238 0.00116135681 0.0
0.000451735657 0.00182535546 0.0
0.000463302073 0.00177431956 0.0
0.000492154388 0.00177977944 0.0
-4.29959327e-05 8.75162004e-06 0.0
-5.45623443e-05 5.97874714e-05 0.0
0.000199050162 0.00169018807 0.0
0.00020973658 0.00179189804 0.0
8.15208186e-05 0.00171904394 0.0
-0.000296561426 2.63300371e-05 0.0
-0.000307247828 -7.53799031e-05 0.0
-0.000657560187 0.000153875822 0.0
-0.000647503766 7.93152722e-05 0.0
-0.000126855404 0.00141659903 0.0
-9.20004095e-05 0.00143525435 0.0
-9.2056609e-05 0.00147895433 0.0
0.000699473603 0.00143525435 0.0
0.000664618565 0.00141659903 0.0
0.000287668314 0.00137984334 0.0
0.00029596794 0.00132251473 0.0
-8.51943059e-06 0.00149700081 0.0
1.55453163e-05 0.00160004909 0.0
-0.000104684164 0.000609822513 0.0
-9.02622851e-05 0.000544056064 0.0
2.33907394e-05 0.000242402093 0.0
0.000100382233 0.000228271223 0.0
4.10283028e-05 0.000354201067 0.0
-0.000691091758 0.000228271223 0.0
-0.000768083264 0.000242402093 0.0
0.000177242386 0.000771563617 0.0
0.000193058804 0.000826985226 0.0
-1.28431775e-05 0.000456165755 0.0
9.12496125e-06 0.00037677426 0.0
2.42577335e-05 0.000762546319 0.0
4.06638137e-05 0.00085093535 0.0
-0.00038086882 0.00101829018 0.0
-0.000375685428 0.00116479804 0.0
7.60594849e-05 0.000864981674 0.0
9.74207433e-05 0.00090168434 0.0
-0.000161556876 0.000585154688 0.0
-0.000148874926 0.000664897787 0.0
0.000506297976 0.00176556804 0.0
0.0 0.0 0.0
-0.000791474013 0.0 0.0
-0.000285176007 0.00176556804 0.0
-0.000167092454 0.00125869771 0.0
-0.000147604762 0.00126937288 0.0
-0.000131617446 0.00128370139 0.0
-0.000120252706 0.00130058045 0.0
-0.000113674345 0.0013194778 0.0
-0.000111699774 0.00133884186 0.0
-0.000114313814 0.0013570782 0.0
-0.000121183992 0.00137279637 0.0
-0.00013232397 0.0013850769 0.0
-0.000147784231 0.00139275042 0.0
-0.000165337377 0.00139616465 0.0
-0.000202680778 0.00139031082 0.0
-0.000220987058 0.00138143846 0.0
-0.000237260305 0.0013688195 0.0
-0.000250305573 0.00135337538 0.0
-0.000259233173 0.00133567827 0.0
-0.000263943482 0.00131712633 0.0
-0.000263124792 0.00129805238 0.0
-0.00025796346 0.00128054339 0.0
-0.000246080279 0.00126602862 0.0
-0.000230702237 0.00125509908 0.0
-0.000210446495 0.00125004072 0.0
0.000402396487 0.00113407196 0.0
0.000402139209 0.00112838403 0.0
0.000403197308 0.00112358411 0.0
0.000405079103 0.0011200197 0.0
0.000408184016 0.00111842481 0.0
0.000412357331 0.00111828966 0.0
0.000416962488 0.00112017954 0.0
0.000423939229 0.00112602627 0.0
0.000428373081 0.00112903398 0.0
0.000434281712 0.00113336439 0.0
0.00044062594 0.0011385344 0.0
0.000445480517 0.00114459242 0.0
0.000448822102 0.00115074834 0.0
0.000449841202 0.00115675654 0.0
-0.000344603206 0.00116544007 0.0
-0.000348929927 0.0011679756 0.0
-0.000354404212 0.00116824941 0.0
-0.000360939652 0.00116655685 0.0
-0.000366567081 0.00116219663 0.0
-0.00037211724 0.00115751359 0.0
-0.000378101977 0.00115265662 0.0
-0.000383961567 0.00114630151 0.0
0.000468934042 0.00176867761 0.0
0.000475848938 0.00176497223 0.0
0.00048298249 0.00176336127 0.0
0.000487788988 0.00176392647 0.0
0.000490474282 0.001766345 0.0
0.000491987972 0.00176999194 0.0
0.000492261373 0.00177448743 0.0
0.000491004204 0.00178609509 0.0
0.000488149381 0.00179342297 0.0
0.000482678675 0.00180074654 0.0
0.000474872912 0.00180719071 0.0
0.000464775891 0.00181364676 0.0
0.000457765913 0.00182059582 0.0
0.000453100947 0.00182355044 0.0
-5.4893706e-05 5.94802259e-05 0.0
-5.62839086e-05 5.80341293e-05 0.0
-5.795162e-05 5.49373908e-05 0.0
-5.95787496e-05 5.04508134e-05 0.0
-6.04425077e-05 4.46666272e-05 0.0
-5.99365776e-05 3.77585129e-05 0.0
-5.74672231e-05 3.00752636e-05 0.0
-5.33154416e-05 2.24350697e-05 0.0
-4.84950069e-05 1.49991511e-05 0.0
0.000197319023 0.00179918483 0.0
0.00018115282 0.00180101767 0.0
0.000162749027 0.00179858413 0.0
0.000140121236 0.00179129129 0.0
0.00012052634 0.00178215152 0.0
0.000103782004 0.00176909589 0.0
9.17683647e-05 0.00175320194 0.0
8.46875482e-05 0.00173608831 0.0
8.23745286e-05 0.00170289341 0.0
8.68543721e-05 0.00168803346 0.0
9.47419976e-05 0.00167570473 0.0
0.000105560415 0.00166673388 0.0
0.000120235869 0.00166202721 0.0
0.000139216805 0.00166203105 0.0
0.000160882642 0.00166757638 0.0
0.000181317519 0.00167672837 0.0
-0.000292802404 -5.81757158e-05 0.0
-0.000283517147 -3.90694986e-05 0.0
-0.000279583532 -1.98162306e-05 0.0
-0.000281011482 -1.5974781e-06 0.0
-0.000287265488 1.40946813e-05 0.0
-0.000669111847 0.000154352383 0.0
-0.00067792245 0.000151216707 0.0
-0.00068311143 0.000146170816 0.0
-0.000684634782 0.000139237425 0.0
-0.000684394152 0.000131670648 0.0
-0.000683745777 0.000123443664 0.0
-0.00068042014 0.00011441391 0.0
-0.000676442694 0.000105747051 0.0
-0.000670944341 9.76660376e-05 0.0
-0.000663648243 9.05503039e-05 0.0
-0.000655898417 8.46067414e-05 0.0
-0.000639431644 7.66252851e-05 0.0
-0.00063102704 7.59144459e-05 0.0
-0.000623799802 7.86970704e-05 0.0
-0.000618616294 8.41136207e-05 0.0
-0.000615672849 9.14801203e-05 0.0
-0.000614914112 0.000100456229 0.0
-0.000616902835 0.000110695764 0.0
-0.000622215972 0.000121996018 0.0
-0.000628614449 0.000132204441 0.0
-0.00063617219 0.000141596174 0.0
-0.000645404682 0.000149008338 0.0
-8.51936493e-05 0.00144216989 0.0
-7.98424735e-05 0.00145034061 0.0
-7.66831217e-05 0.00145860226 0.0
-7.48503589e-05 0.00146626122 0.0
-7.44083154e-05 0.00147250725 0.0
-7.53033892e-05 0.00147738645 0.0
-7.70799379e-05 0.00148001825 0.0
-7.90300255e-05 0.00148086692 0.0
-8.26412215e-05 0.00148048834 0.0
-0.000105225648 0.00147516408 0.0
-0.000118008669 0.00146969513 0.0
-0.000127472158 0.00146247016 0.0
-0.000134272996 0.00145477022 0.0
-0.000138324744 0.00144664454 0.0
-0.0001402403 0.00143857067 0.0
-0.000139791649 0.00143115863 0.0
-0.000137941519 0.00142457639 0.0
-0.000133519701 0.00141963514 0.0
0.000671287766 0.00141601381 0.0
0.000678072916 0.00141778658 0.0
0.000683877617 0.00142110535 0.0
0.000688595639 0.00142554112 0.0
0.000693560112 0.00143000169 0.0
0.000280735869 0.00138317992 0.0
0.000274673308 0.00138400157 0.0
0.00027047933 0.00138223369 0.0
0.000266944524 0.00137901783 0.0
0.000264146918 0.00137413281 0.0
0.000262621121 0.00136805966 0.0
0.000262854854 0.00136165309 0.0
0.000264164119 0.00135438307 0.0
0.000267684343 0.00134699943 0.0
0.000273157959 0.00133997691 0.0
0.000279999163 0.00133321807 0.0
0.000287689618 0.00132675527 0.0
0.000304334593 0.00131958234 0.0
0.000311069191 0.0013192218 0.0
0.000315243116 0.0013209912 0.0
0.000317711412 0.00132438133 0.0
0.000319014624 0.00132893259 0.0
0.00031918459 0.00133438269 0.0
0.000318794628 0.00134107086 0.0
0.000316425372 0.00134828384 0.0
0.000312442455 0.00135576213 0.0
0.00030691651 0.00136295008 0.0
0.000300547545 0.00136947876 0.0
0.000294211233 0.00137523527 0.0
1.00380857e-05 0.00150225929 0.0
2.77978743e-05 0.00151128054 0.0
4.11534675e-05 0.00152332708 0.0
4.97175133e-05 0.00153702113 0.0
5.4721022e-05 0.00155150355 0.0
5.59091895e-05 0.0015658692 0.0
5.38890454e-05 0.00157896278 0.0
4.90775092e-05 0.0015897858 0.0
4.15101676e-05 0.00159723731 0.0
3.08058734e-05 0.00160058588 0.0
-2.67016208e-06 0.00159457151 0.0
-1.95746106e-05 0.00158558134 0.0
-3.35265322e-05 0.00157294818 0.0
-4.31922672e-05 0.00155761628 0.0
-4.87173384e-05 0.00154120149 0.0
-4.91267674e-05 0.00152592058 0.0
-4.61213895e-05 0.00151309441 0.0
-4.06745639e-05 0.00150334102 0.0
-3.27259149e-05 0.00149777241 0.0
-2.31588729e-05 0.00149542687 0.0
-0.000112755835 0.000611684867 0.0
-0.000118898206 0.00061159156 0.0
-0.00012248999 0.000609078736 0.0
-0.000124354774 0.000605567417 0.0
-0.000126119485 0.000599996361 0.0
-0.000127222607 0.000592655153 0.0
-0.000126086947 0.000583933608 0.0
-0.000122731799 0.000574636215 0.0
-0.000118130039 0.000565381488 0.0
-0.000111451678 0.000556886778 0.0
-0.00010222142 0.000549353717 0.0
-7.89374681e-05 0.000542471651 0.0
-7.18521769e-05 0.00054363237 0.0
-6.80684971e-05 0.000547430129 0.0
-6.61902159e-05 0.000552405545 0.0
-6.53793468e-05 0.000559059263 0.0
-6.60393707e-05 0.000566980045 0.0
-6.85463965e-05 0.000575386686 0.0
-7.27430597e-05 0.000584000198 0.0
-7.8712088e-05 0.000592388795 0.0
-8.60108412e-05 0.000599341118 0.0
-9.42379338e-05 0.000605113164 0.0
0.000109205866 0.000237783752 0.0
0.000115101931 0.000249605044 0.0
0.000118276395 0.000263413065 0.0
0.000118533862 0.000278837979 0.0
0.000114823932 0.000295038044 0.0
0.000107390515 0.000311155658 0.0
9.58425589e-05 0.000326150883 0.0
7.99685658e-05 0.00033971743 0.0
6.00968706e-05 0.000349688722 0.0
2.83675327e-05 0.000354052812 0.0
1.94335898e-05 0.000350850489 0.0
1.12023599e-05 0.000344877772 0.0
3.63635581e-06 0.000335256686 0.0
-1.71018723e-06 0.000322575914 0.0
-4.49437039e-06 0.000307237089 0.0
-3.18559069e-06 0.000290389784 0.0
2.24959035e-06 0.000273029291 0.0
1.18202652e-05 0.000256562838 0.0
-0.000752907945 0.000230439022 0.0
-0.000735599897 0.000222594666 0.0
-0.00071742828 0.000219424008 0.0
-0.000702654477 0.000222114919 0.0
0.000179975192 0.000776191009 0.0
0.000186535079 0.000780576374 0.0
0.000195761793 0.00078582461 0.0
0.000204573109 0.000793287763 0.0
0.000210438753 0.000801670947 0.0
0.000213616135 0.000809703197 0.0
0.000214349609 0.000816918502 0.0
0.000213478677 0.000822408998 0.0
0.000212330226 0.000826378469 0.0
0.000209206351 0.000828786811 0.0
0.000202551237 0.00082882744 0.0
0.000183314158 0.000822501141 0.0
0.000175045323 0.00081599236 0.0
0.000167826147 0.000808147423 0.0
0.000161389093 0.000799361034 0.0
0.000157254617 0.000790525344 0.0
0.000155494956 0.000782054965 0.0
0.000156318085 0.000775031571 0.0
0.000159337666 0.000769757316 0.0
0.000163785575 0.000766645127 0.0
0.000169734631 0.000765954494 0.0
0.000174429006 0.000767701364 0.0
-2.52147947e-05 0.00045810084 0.0
-3.28725291e-05 0.000456350652 0.0
-3.70304078e-05 0.000452268752 0.0
-3.99849341e-05 0.000446628197 0.0
-4.16656585e-05 0.000439217896 0.0
-4.1802843e-05 0.000430290005 0.0
-4.0539413e-05 0.000420402212 0.0
-3.68347792e-05 0.000409964647 0.0
-3.07426781e-05 0.000399439741 0.0
-2.02618794e-05 0.000389211724 0.0
-5.37702408e-06 0.000380972488 0.0
1.68646711e-05 0.00037696588 0.0
1.93039687e-05 0.000378324243 0.0
2.14753509e-05 0.000381410151 0.0
2.32392085e-05 0.00038765237 0.0
2.51380934e-05 0.000394636678 0.0
2.64827086e-05 0.000403050799 0.0
2.60883426e-05 0.000412197754 0.0
2.32928032e-05 0.000422305719 0.0
1.78427945e-05 0.000432316505 0.0
1.05163044e-05 0.000441881479 0.0
3.52568776e-07 0.000450395368 0.0
3.80069905e-05 0.000767965976 0.0
5.06586402e-05 0.00077593216 0.0
6.09847812e-05 0.000786559714 0.0
6.86531566e-05 0.000798672205 0.0
7.26418875e-05 0.000811205653 0.0
7.34070854e-05 0.000823176117 0.0
7.13861664e-05 0.000833433471 0.0
6.73816103e-05 0.000841120258 0.0
6.16848702e-05 0.000846445793 0.0
5.45568e-05 0.000850114215 0.0
2.15384407e-05 0.000845997653 0.0
4.32192383e-06 0.00083632837 0.0
-8.64505455e-06 0.000824452087 0.0
-1.72349064e-05 0.000811412756 0.0
-2.1671558e-05 0.000798135879 0.0
-2.17945562e-05 0.000785906683 0.0
-1.95796765e-05 0.000775889668 0.0
-1.47898827e-05 0.000768071564 0.0
-4.45717978e-06 0.000762580079 0.0
9.14386328e-06 0.000760294264 0.0
-0.000360655482 0.00102456054 0.0
-0.000342139771 0.00103422836 0.0
-0.000327509682 0.00104709552 0.0
-0.000315280718 0.00106304372 0.0
-0.000307375245 0.00108031346 0.0
-0.00030228481 0.00109969184 0.0
-0.000302328932 0.00111838733 0.0
-0.000307430775 0.00113653904 0.0
-0.000319257524 0.00115101377 0.0
-0.000334290526 0.00116161746 0.0
-0.000354294782 0.00116660225 0.0
-0.000394976407 0.00115761277 0.0
-0.000412752386 0.0011465929 0.0
-0.000429257489 0.00113236462 0.0
-0.000441765093 0.00111549674 0.0
-0.000449138694 0.0010969328 0.0
-0.000452000706 0.0010780103 0.0
-0.000451519707 0.00106015441 0.0
-0.000446703372 0.0010436764 0.0
-0.000437876675 0.00103005441 0.0
-0.000423631805 0.00102056703 0.0
-0.000403888931 0.00101679773 0.0
8.69195792e-05 0.000868970761 0.0
9.53396229e-05 0.000874998339 0.0
0.000101191879 0.000881999498 0.0
0.000104966661 0.000889246236 0.0
0.000107056025 0.000895599078 0.0
0.000107920292 0.000901205174 0.0
0.000107590306 0.000905608176 0.0
0.000106283689 0.000908028043 0.0
0.000104239014 0.000908604183 0.0
0.000101699363 0.000907509937 0.0
9.85334918e-05 0.000905470981 0.0
9.53739873e-05 0.000897943391 0.0
8.97976715e-05 0.000894479279 0.0
8.11833233e-05 0.000890018884 0.0
7.45727812e-05 0.000884064473 0.0
6.95870913e-05 0.000878603896 0.0
6.66486958e-05 0.000873036392 0.0
6.60909864e-05 0.000868738105 0.0
6.6282606e-05 0.000866028538 0.0
6.58768768e-05 0.00086488761 0.0
6.57758283e-05 0.000865169568 0.0
6.73414906e-05 0.000864617061 0.0
-0.000150785811 0.000590725802 0.0
-0.000139870535 0.000597148901 0.0
-0.000130075481 0.000604976318 0.0
-0.000121940393 0.000614487566 0.0
-0.000116718089 0.000624596898 0.0
-0.000113959977 0.000634278229 0.0
-0.000112462367 0.000642823288 0.0
-0.000112507565 0.000650590577 0.0
-0.000114779519 0.000657231605 0.0
-0.000120116572 0.000662114297 0.0
-0.000128605752 0.000665468804 0.0
-0.000139998956 0.000666481094 0.0
-0.000156341208 0.000661313185 0.0
-0.000165767793 0.000656537071 0.0
-0.000176222195 0.000648862217 0.0
-0.000186587014 0.000639495032 0.0
-0.000194639026 0.000629286224 0.0
-0.000199026181 0.00061857421 0.0
-0.000200595663 0.000608450035 0.0
-0.000199563059 0.000599653402 0.0
-0.000195964138 0.000592187338 0.0
-0.000189720406 0.000586478214 0.0
-0.000182083968 0.000583425164 0.0
-0.00017227896 0.000582806882 0.0
0.000502237934 0.00171257125 0.0
0.000542626134 0.0016453471 0.0
0.00042136613 0.0010644237 0.0
0.000398819946 0.00101948297 0.0
0.000302463974 0.000934772426 0.0
0.000224160089 0.000862598012 0.0
0.000197146976 0.00083058764 0.0
0.000191795159 0.000797778193 0.0
0.000233876708 0.000743802928 0.0
0.000298343308 0.000655482523 0.0
0.000304515241 0.000555116683 0.0
0.000167897102 0.000394184433 0.0
0.000138625925 0.00018143325 0.0
0.000141979035 0.000153152811 0.0
0.000116562966 0.000113178918 0.0
5.04840791e-05 5.64449874e-05 0.0
-2.83654535e-05 1.79633826e-05 0.0
-0.000134703208 0.000226480988 0.0
-0.000182196032 0.000194804263 0.0
-0.000345472916 -1.53143174e-05 0.0
-0.000365389249 -1.10659248e-05 0.0
-0.000388346467 -5.16260407e-05 0.0
-0.000416345341 -0.000113399052 0.0
-0.000445348967 -0.000167478414 0.0
-0.00046346357 -0.000183713841 0.0
-0.000481987227 -0.000175836059 0.0
-0.000498974056 -0.00014578538 0.0
-0.000507044257 -0.000108706103 0.0
-0.000511336257 -7.25775899e-05 0.0
-0.000517199747 -3.98983575e-05 0.0
-0.000550738128 -5.38416953e-06 0.0
-0.000596807804 -2.46623094e-05 0.0
-0.000670358364 -3.04692476e-05 0.0
-0.000730554224 -3.05053454e-05 0.0
-0.000761545845 -2.32912571e-05 0.0
-0.000740989926 5.64449874e-05 0.0
-0.000674911018 0.000113178918 0.0
-0.000649494934 0.000153152811 0.0
-0.000652848103 0.00018143325 0.0
-0.000623576925 0.000394184433 0.0
-0.000486958772 0.000555116683 0.0
-0.000493130705 0.000655482523 0.0
-0.000557597319 0.000743802928 0.0
-0.000599678839 0.000797778193 0.0
-0.000594327052 0.00083058764 0.0
-0.000567313924 0.000862598012 0.0
-0.00048901001 0.000934772426 0.0
-0.000392654067 0.00101948297 0.0
-0.000370107853 0.0010644237 0.0
-0.000248847849 0.0016453471 0.0
-0.000289236079 0.00171257125 0.0
-0.000255247811 0.00174227671 0.0
-0.000224256219 0.00173506269 0.0
-0.000164060359 0.00173509878 0.0
-9.05097768e-05 0.00174090569 0.0
-4.44401376e-05 0.00176018383 0.0
-1.09017747e-05 0.0017256696 0.0
-5.03822957e-06 0.00169299042 0.0
-7.46261719e-07 0.00165686186 0.0
7.32394528e-06 0.00161978265 0.0
2.43107661e-05 0.0015897319 0.0
4.28344392e-05 0.00158185419 0.0
6.09490235e-05 0.00159808958 0.0
8.99526567e-05 0.00165216892 0.0
0.000117951524 0.00171394192 0.0
0.000140908756 0.00175450207 0.0
0.000160825075 0.00175025372 0.0
0.000324101973 0.00196037232 0.0
0.000371594797 0.00199204893 0.0
0.000477932539 0.00178353139 0.0
6.48227251e-06 0.00123094337 0.0
-0.000448239589 0.000158043142 0.0
-2.49477362e-05 0.00149736286 0.0
-0.000354379707 0.000164100129 0.0
7.66481899e-05 0.00104157557 0.0
-1.95076755e-05 0.0010723474 0.0
8.45778777e-05 0.00147528609 0.0
-0.00022947148 0.000216721426 0.0
-0.000355396594 0.0010911969 0.0
-0.000277959654 0.000408199441 0.0
-0.0001436733 0.000965542276 0.0
0.000318870996 0.00105661072 0.0
-0.000424347847 0.000420743541 0.0
-5.6697525e-05 0.000674173527 0.0
-0.000364977401 0.000702044053 0.0
-0.000543929462 -4.13463313e-05 0.0
-9.96700328e-05 0.00140424375 0.0
-9.98518153e-05 0.000267137715 0.0
8.98099679e-05 0.00061656785 0.0
0.000629195303 0.00139213295 0.0
-6.86813073e-05 0.000712738081 0.0
6.4646214e-05 0.000969899353 0.0
0.000130148925 0.00120266457 0.0
-0.000542147784 0.000175944893 0.0
-0.000222917268 0.00127542543 0.0
-0.000307783106 0.00031469969 0.0
-0.000432377594 9.40398058e-06 0.0
-5.28474557e-05 0.00148145179 0.0
0.000412297377 0.00144371844 0.0
-0.00033923809 9.16944336e-05 0.0
3.38471182e-05 0.000604421715 0.0
-1.42306053e-05 0.000521557115 0.0
1.17432137e-05 0.00155887229 0.0
-0.000251530058 0.000306655129 0.0
-6.26036708e-05 0.00104868494 0.0
-7.14537828e-06 0.000726525031 0.0
4.81521456e-05 0.000567606476 0.0
1.92558e-05 0.00157117553 0.0
-0.000141494573 0.00131350348 0.0
8.46278053e-05 0.0010297026 0.0
-0.000100307625 0.00104273285 0.0
7.72561252e-05 0.000961588579 0.0
-1.26153445e-05 0.00143232639 0.0
-9.15781202e-05 0.000289455464 0.0
4.71553976e-05 0.00106886646 0.0
-0.000403164508 0.000387479755 0.0
-9.05685156e-05 0.000245380303 0.0
-0.000541087356 0.000843059854 0.0
-7.75672888e-05 0.000373778399 0.0
0.000271471858 0.0009703369 0.0
0.000153491987 0.00156212552 0.0
0.000406748382 0.0011373742 0.0
-0.000489427242 -7.48453531e-05 0.0
-5.60881472e-06 0.000780975795 0.0
-0.000140207761 0.000535138766 0.0
8.31666257e-05 0.000139901575 0.0
-7.06794017e-05 0.000685456151 0.0
0.000147777959 0.000947890163 0.0
-0.0005542445 -5.23118033e-05 0.0
-0.00038538588 0.000554856262 0.0
-0.000274640333 0.000329167815 0.0
-0.000382092025 3.70267808e-05 0.0
-1.56473143e-05 0.000731763314 0.0
-9.54914212e-05 0.000592986704 0.0
-0.000250792364 0.000558223983 0.0
-0.00039728987 0.000159812014 0.0
-1.32345185e-05 0.00042251026 0.0
-7.67627134e-05 0.000307872688 0.0
5.65833216e-06 0.00160605449 0.0
-0.000448946841 0.000918244012 0.0
-8.28629636e-05 0.000266614545 0.0
0.000158039998 0.00115203788 0.0
-0.000705441169 0.000248740427 0.0
-0.000607463473 5.45535841e-05 0.0
0.000311680837 0.0011364416 0.0
-0.000387780223 0.000358719815 0.0
-0.00020411727 0.000445626763 0.0
-1.56321566e-05 0.00152417424 0.0
0.000317685073 0.00132253091 0.0
0.000238450797 0.0013605667 0.0
-0.000334944227 0.0011946687 0.0
-4.5417517e-05 0.00120202487 0.0
0.000252868515 0.000601753185 0.0
-0.000214063373 0.000938225887 0.0
-0.000238461784 0.000116709256 0.0
-0.000115906318 0.0013860194 0.0
4.75549641e-05 0.000937376579 0.0
0.000659956131 0.00147214578 0.0
-0.000292978773 0.00127549446 0.0
-0.000161541728 0.00135508156 0.0
-0.000320216903 7.70178012e-05 0.0
-6.69059227e-05 0.00103963027 0.0
2.70677683e-05 0.000200776063 0.0
-0.00011421505 0.00120230089 0.0
0.000152939727 0.000725987833 0.0
-6.53883544e-05 0.00100844342 0.0
8.87321512e-05 0.000899664301 0.0
8.22949078e-05 0.00129125162 0.0
-0.000377561926 0.000266042101 0.0
-0.000112033842 0.0014353462 0.0
-6.32756128e-05 0.000602441607 0.0
-0.000151983739 0.000402454432 0.0
-0.000338302605 0.00108921819 0.0
-1.14956074e-05 0.000741942204 0.0
0.000612976088 0.00132114463 0.0
-0.00032645528 0.00116667885 0.0
-7.38131421e-05 0.000642903789 0.0
-0.000180026109 0.000536995416 0.0
-4.73215187e-05 0.00148403388 0.0
-0.000696787611 0.000195313813 0.0
-0.000541012152 5.72583594e-05 0.0
0.000280423672 0.00146581104 0.0
0.00040628665 0.00153435464 0.0
0.000559261767 0.00158789835 0.0
0.000452535547 0.00130047533 0.0
0.000127733962 0.00170239503 0.0
3.25662113e-05 0.00053887692 0.0
-5.67166971e-05 0.00146518066 0.0
-0.000369102199 0.00109000178 0.0
-0.000221349255 0.00121292763 0.0
0.000369473593 0.00106570497 0.0
-1.60651525e-05 0.000534647785 0.0
1.44169226e-05 0.000772399013 0.0
6.30261347e-05 0.00112784305 0.0
-0.000571178272 0.000363089814 0.0
-1.03402017e-05 0.000853249803 0.0
-0.000146827297 0.000672910071 0.0
2.83445097e-05 0.00159698131 0.0
3.01343898e-05 0.00158315292 0.0
-0.000360501959 0.00109058269 0.0
-8.16620013e-05 0.000690450426 0.0
-5.69578442e-05 0.00136754115 0.0
7.51928092e-05 0.00096609036 0.0
-0.000482615607 0.000702600402 0.0
8.95620615e-05 0.000704452279 0.0
3.58155085e-05 0.00103109842 0.0
-0.000145172584 0.00139506743 0.0
0.000112222617 0.00065502408 0.0
-0.000207087098 0.000643743551 0.0
5.58155807e-05 0.00162400817 0.0
-0.000521768117 -0.000101145131 0.0
-0.00058106106 0.000185853656 0.0
-0.000255809282 0.00125201663 0.0
2.1497468e-05 0.00051658554 0.0
-0.000475065579 2.34310792e-05 0.0
-2.38595985e-05 0.000349596754 0.0
-1.73775315e-05 0.000438535615 0.0
-0.000428448577 0.000378007739 0.0
-0.000604275032 1.20028308e-05 0.0
-0.000317654834 0.000183422017 0.0
-0.000673533126 0.000183177719 0.0
-0.000366991531 2.86530903e-05 0.0
-0.00039665401 0.000298255181 0.0
-0.000573259196 0.000845027331 0.0
-0.000195442568 0.000112781927 0.0
-6.57157261e-06 0.000750467007 0.0
5.38974455e-05 0.000602195913 0.0
0.000380019279 0.00117029808 0.0
-4.15881768e-05 0.000326842826 0.0
-2.16193644e-06 0.000501726056 0.0
0.000320022111 0.00193915982 0.0
0.000103739832 0.00101978215 0.0
0.000196915818 0.000996395247 0.0
6.626307e-05 0.000999786775 0.0
-0.00067287276 9.03534601e-05 0.0
7.72858475e-05 0.000904008397 0.0
1.22241099e-05 0.00164515874 0.0
0.000286906667 0.00095069292 0.0
5.38822278e-05 0.00157631189 0.0
-0.000119826211 0.00138099771 0.0
-2.80542317e-05 0.000512559724 0.0
0.000216618268 0.000483329379 0.0
-0.000138384305 0.00136922172 0.0
0.000659073645 0.00149408879 0.0
0.000237638014 0.00129355141 0.0
-0.000202725307 0.000437266164 0.0
-0.000101039688 0.00132543815 0.0
-0.000664903549 0.000196719688 0.0
1.31436673e-05 0.00150272122 0.0
-0.000106717285 0.000278680905 0.0
0.000402098667 0.00116339978 0.0
0.000544833019 0.00165100105 0.0
2.08759284e-05 0.000920136517 0.0
2.46742038e-05 7.12067922e-05 0.0
0.000125154547 0.00163897674 0.0
1.02171475e-06 0.000213651438 0.0
0.000482982461 0.00173334708 0.0
-0.000187104321 0.00138149003 0.0
1.63636196e-05 0.00159529271 0.0
0.000326038076 0.00127756107 0.0
-0.000448317733 -8.40693683e-05 0.0
0.000163356584 0.00161533488 0.0
-0.00025573629 0.000501750386 0.0
0.000386734668 0.00107115705 0.0
-0.000495340559 0.000955870491 0.0
-2.83225818e-05 0.00152056932 0.0
-0.00017347715 0.00128790946 0.0
-5.1399933e-05 0.00077276479 0.0
0.000663446088 0.0013968884 0.0
0.000180059142 0.000890335767 0.0
0.000101759448 0.00110821845 0.0
-0.000341713428 0.000236022359 0.0
-0.000542211113 -4.75945162e-05 0.0
-0.00012304516 0.000646786415 0.0
-0.000395067967 9.25235872e-05 0.0
9.97586881e-07 0.00154328777 0.0
0.000389136811 0.00129465607 0.0
-8.1690996e-06 0.000710330205 0.0
0.000309285853 0.0011873825 0.0
-0.000340061117 3.8704482e-05 0.0
0.000104225503 0.00166241045 0.0
-0.000413772243 -4.44888828e-05 0.0
9.11103125e-05 0.000892548589 0.0
-0.000123452905 0.000577693398 0.0
0.000607167254 0.001563553 0.0
-0.000360629841 0.00112497795 0.0
-4.63548749e-05 0.00144410203 0.0
-0.000299057516 0.000150418418 0.0
-0.000356963195 0.000103279548 0.0
-0.000383002625 0.000225935641 0.0
-0.000153922854 0.000249184493 0.0
0.000219723035 0.00063604553 0.0
0.00018569309 0.00117120624 0.0
0.000502785027 0.00123204291 0.0
-2.37356544e-05 0.00155868428 0.0
-0.000139314478 0.000518076995 0.0
-0.000348457659 0.00037484779 0.0
0.000127136358 0.000165399018 0.0
1.11638055e-05 0.000531019643 0.0
-0.000248449942 0.00165017613 0.0
0.00032098309 0.00140019681 0.0
-0.000104237501 0.00144202705 0.0
-0.000154845067 0.00123341149 0.0
-0.00073460117 0.000226376185 0.0
-0.000102752849 0.000688167172 0.0
0.000266572693 0.00141176453 0.0
-0.000306560512 0.000251210673 0.0
5.25078649e-05 0.00160741934 0.0
3.61548337e-05 0.000782621617 0.0
5.26118856e-05 0.000150552383 0.0
8.63544847e-05 0.000923689047 0.0
-6.13109733e-05 0.000699333788 0.0
-0.000627446163 0.000104695719 0.0
0.000598518236 0.00158098724 0.0
-0.000153322573 0.000197414643 0.0
-2.14118299e-05 0.000728752755 0.0
0.000276060018 0.00165891449 0.0
-0.000524653413 -1.24742655e-05 0.0
-2.93127432e-05 0.00149854051 0.0
-9.86986634e-05 0.000245449337 0.0
-0.000108274951 0.00139001408 0.0
-0.000160716343 0.000454086781 0.0
-0.000500957482 0.000148143212 0.0
-0.000338879181 0.000397055352 0.0
0.000232468898 0.00148481934 0.0
1.02867643e-05 0.000789314799 0.0
-3.44222076e-06 0.00154663739 0.0
-0.000199505579 0.00122506439 0.0
-3.89489323e-05 0.000197957648 0.0
0.000120652701 0.000906344096 0.0
4.351186e-05 0.00156725489 0.0
3.30637668e-05 0.000362993334 0.0
-0.000491884712 -0.0001298399 0.0
-0.000289980642 0.00128254504 0.0
-0.000342490501 0.00122095784 0.0
-0.000270198798 0.000854379905 0.0
4.42323726e-05 0.00160461722 0.0
-3.50790833e-05 0.000359430676 0.0
-2.0716865e-05 0.000451251777 0.0
-8.80588414e-05 0.000529709039 0.0
0.000502362323 0.00161365001 0.0
7.81417766e-05 0.00163294713 0.0
-0.000459193339 0.00049947825 0.0
1.23785858e-05 0.00113194936 0.0
0.000256445142 0.000686692889 0.0
6.18829872e-05 0.00159097346 0.0
0.000238276029 0.00177286495 0.0
1.13936776e-05 0.000904943736 0.0
0.000156214664 0.00134628429 0.0
-2.98708328e-05 0.000731950975 0.0
-3.38883328e-05 0.000463259261 0.0
1.53278706e-05 0.000368396839 0.0
0.000387074164 0.0015918914 0.0
-0.000722951198 0.000268057978 0.0
-0.000173562308 0.00133577816 0.0
7.72281855e-05 0.00102024304 0.0
0.00060904061 0.00131030683 0.0
-8.48357449e-05 0.000570715347 0.0
-7.21980468e-05 0.000699547527 0.0
-5.90515592e-05 0.000498755835 0.0
-0.000351309398 0.00111926824 0.0
-0.000355080905 0.00115366443 0.0
-1.14036056e-05 0.000449164159 0.0
-0.000702324731 4.43352656e-05 0.0
0.000136011135 0.000189992599 0.0
-1.50500591e-05 0.00102222676 0.0
1.75957266e-05 0.000174936547 0.0
-0.000416673138 0.000996458577 0.0
-0.000124878046 0.00114487647 0.0
4.81730749e-05 0.00163702725 0.0
-0.000479682203 0.000848755008 0.0
-0.000714710972 0.000191558749 0.0
0.000108331973 0.00168082467 0.0
-0.000561909575 0.00077904592 0.0
0.000189629587 0.00152877939 0.0
-0.000420010183 0.00104560296 0.0
-5.52423844e-05 0.000300049345 0.0
-5.14547537e-05 0.000665570959 0.0
-0.000236424996 0.000263670459 0.0
-5.53914906e-05 0.00147949846 0.0
-7.70838888e-05 0.00143453153 0.0
-1.60776945e-05 0.00161304057 0.0
-4.26253246e-05 0.000693853071 0.0
3.20126969e-06 0.000867685128 0.0
-0.00029854785 2.65711606e-05 0.0
-5.2661424e-05 0.000338287937 0.0
-0.0001420193 0.000651078124 0.0
0.000167251448 0.00147311972 0.0
-0.00012636726 0.000195401197 0.0
2.53170469e-06 0.000761024014 0.0
0.000245757838 0.000991767389 0.0
-0.000325844332 0.000495560816 0.0
-5.82186949e-05 0.000321691274 0.0
-0.00053782342 0.000898453349 0.0
7.84365766e-05 0.000946585031 0.0
0.000395747367 0.00118077709 0.0
-7.69913531e-05 0.00119373563 0.0
-0.000439014722 0.00061595405 0.0
5.37588749e-05 0.000519105699 0.0
0.00015440151 0.00171745999 0.0
0.000141305631 0.00103799789 0.0
6.69418514e-05 0.00106367597 0.0
-5.42443422e-06 0.00152033439 0.0
-0.00062124891 7.18791416e-05 0.0
0.000361933809 0.00105185003 0.0
0.000164719313 0.000766481098 0.0
5.03698866e-05 0.000332095748 0.0
0.00036957112 0.00121910905 0.0
0.000100498859 0.000647074135 0.0
-9.32268631e-06 0.00152592408 0.0
4.03434351e-05 0.000611824391 0.0
8.1760023e-05 0.00166423409 0.0
-0.000588517112 5.51057892e-05 0.0
8.46845141e-05 0.000963586906 0.0
8.72703895e-05 0.00164041913 0.0
-0.000218228335 0.0012060632 0.0
0.000370627356 0.00101409713 0.0
4.38817297e-05 0.00155376678 0.0
-4.76138157e-05 0.000505399134 0.0
4.37958115e-05 0.00141848705 0.0
7.1167633e-05 0.000590283307 0.0
-7.77445093e-05 0.00046893218 0.0
-0.000444323203 0.000108668442 0.0
-0.000634239521 4.68675462e-05 0.0
-0.000248720375 0.000553421036 0.0
0.000171205495 0.00161586853 0.0
2.32447455e-05 0.000364206353 0.0
5.28886012e-05 0.0015680606 0.0
1.0686842e-05 0.00133068173 0.0
-0.000136421746 0.00104722776 0.0
-0.000178733084 0.000113918155 0.0
-0.000284523907 0.00114189018 0.0
4.33236564e-05 0.00156110653 0.0
-0.000337612408 0.00119815837 0.0
0.000125922379 0.00075327605 0.0
-4.47973762e-05 0.000723728619 0.0
5.6097866e-05 0.000285239774 0.0
-0.000516336644 -7.61366464e-05 0.0
-0.000322708307 2.67723703e-06 0.0
-0.000189621656 0.000572787423 0.0
-4.43270983e-05 0.00126617239 0.0
-3.43531246e-06 0.000402065139 0.0
-1.81312189e-05 0.00047410556 0.0
-0.000307562266 0.000592884026 0.0
0.000279546541 0.00135655468 0.0
-0.000150703301 0.000319850195 0.0
-0.000151283253 0.000590867945 0.0
0.000116090196 0.000936019118 0.0
1.73643184e-05 0.000789032667 0.0
-1.91040672e-05 0.000660854857 0.0
-0.000354694348 2.7505148e-05 0.0
0.000412528985 0.00110554614 0.0
-1.89899292e-05 0.00148025062 0.0
-2.07310259e-05 0.000456538692 0.0
-9.63729908e-05 0.000241287285 0.0
0.000163015138 0.000717054238 0.0
9.4530169e-06 0.00164194568 0.0
-3.1998723e-05 0.00151417661 0.0
0.00017872086 0.00048656523 0.0
-0.000574234407 9.38752273e-05 0.0
-3.58762081e-05 0.000334496493 0.0
-0.000363131257 0.00109764177 0.0
-7.0697155e-05 0.00146379054 0.0
-6.43104158e-06 0.000395296491 0.0
0.000100849509 0.0010702298 0.0
0.000374224241 0.00122033164 0.0
-0.000509819889 0.000947027467 0.0
2.08259826e-05 8.28427656e-05 0.0
-0.000395622745 0.000631559 0.0
-0.000278936408 0.00011765588 0.0
5.39022913e-05 0.00102112349 0.0
-0.000208809986 0.00137097377 0.0
-0.000191891901 0.000444387813 0.0
-0.000449195912 0.00029241803 0.0
-0.000413848495 0.000474920205 0.0
8.66878108e-05 0.0009294622 0.0
0.000111234731 0.000205927965 0.0
-0.000524597475 -9.41902326e-05 0.0
-0.000144709702 0.00141223823 0.0
7.10579334e-05 0.000999037758 0.0
-0.00055802078 -6.67537734e-06 0.0
2.56456115e-05 0.000815010746 0.0
-0.000178146845 0.000481225725 0.0
-4.81169518e-05 0.000679269433 0.0
-0.000587449467 3.70220441e-05 0.0
-0.000294094265 0.000347956084 0.0
0.000282569177 0.00144470797 0.0
-6.64406543e-05 0.00146440836 0.0
-0.000171324806 0.00137880316 0.0
-2.4999681e-05 0.000946121465 0.0
3.16491205e-05 0.000816289685 0.0
8.84565452e-05 0.000116552575 0.0
-9.9249919e-05 0.00060233532 0.0
-0.000136895207 0.000517148932 0.0
-0.000132531859 0.000249550969 0.0
0.000278319232 0.000920659804 0.0
6.24425011e-05 0.000615947938 0.0
-9.02330939e-05 0.00144238817 0.0
3.81146469e-06 0.00156824058 0.0
0.00068066502 0.00142918865 0.0
-2.86918203e-06 0.0004840334 0.0
-7.97317771e-05 0.00063508068 0.0
-0.000391770125 -2.59653498e-05 0.0
-0.000112683956 0.000561311957 0.0
0.000363470841 0.00124100829 0.0
-0.000428519474 0.000990349334 0.0
-4.40690565e-05 0.000831920712 0.0
7.86080127e-05 0.000869022915 0.0
-0.000636242388 6.92272151e-05 0.0
0.000382333616 0.00110093819 0.0
0.000270018529 0.0011998323 0.0
-8.01885908e-05 0.000245571893 0.0
-0.000469980674 -0.000130083004 0.0
-0.000588553958 2.49972891e-06 0.0
-0.000208771366 0.000983721227 0.0
0.000190214079 0.000823281414 0.0
-0.000119086704 0.0013435263 0.0
0.000431633351 0.00119583996 0.0
-0.000104356695 0.000571818091 0.0
-6.24487166e-06 0.00109160808 0.0
-0.000333954406 0.000963509374 0.0
-6.86489102e-06 0.000493857195 0.0
-0.000243723785 0.000491705025 0.0
-0.000146154067 0.00120355748 0.0
0.000191453437 0.00102128764 0.0
-0.000281817542 0.000380005571 0.0
-0.000244228664 0.000352227042 0.0
0.000219068475 0.000867620925 0.0
-0.000737834023 3.05794783e-05 0.0
0.000206589786 0.000839469896 0.0
-0.000262636895 0.00117231812 0.0
0.000368723006 0.00155199517 0.0
0.000484338496 0.00175154011 0.0
-0.000487192068 0.000353466166 0.0
-0.000109062094 0.000712254143 0.0
-0.00046193233 -3.10243558e-05 0.0
0.0005581273 0.00143147784 0.0
-8.85448171e-05 0.000539263419 0.0
0.000233638086 0.0010099482 0.0
0.000661096827 0.00137911132 0.0
0.000349394773 0.00102465029 0.0
-0.000648527348 0.000127908585 0.0
-0.000179821131 0.00132893142 0.0
0.000100352496 0.000481567899 0.0
-0.000279541418 0.000340428465 0.0
-2.57746906e-05 0.000358039048 0.0
-0.000229437093 0.00166733796 0.0
1.8106517e-05 0.0010122275 0.0
-0.000134565082 0.000664356223 0.0
-0.000562433794 -3.86387874e-05 0.0
-0.00069201336 0.000181942451 0.0
0.000189716666 0.000817533524 0.0
-0.000597280043 0.000193726693 0.0
-1.72900964e-05 0.00154312956 0.0
-0.000573571422 8.42712871e-06 0.0
-0.000222316143 0.00109789975 0.0
-0.000125063278 0.000613506883 0.0
0.00022289234 0.000697169511 0.0
-0.000300772226 0.00124304299 0.0
-0.000577203813 0.000307113718 0.0
0.000350893213 0.00121605536 0.0
-8.74657198e-05 0.00142482191 0.0
2.14609754e-05 0.000793426647 0.0
0.000519732421 0.00168132584 0.0
5.90828131e-05 0.000872982491 0.0
-2.70775145e-05 0.000341301289 0.0
9.31426475e-05 0.00156566594 0.0
0.000236625332 0.00125129696 0.0
-0.000497125031 6.9781956e-05 0.0
0.000154885507 0.000881784537 0.0
-3.0291174e-05 0.000481188414 0.0
-0.00060066639 0.000199637958 0.0
2.78646457e-05 0.00156866806 0.0
-0.000286120921 0.00123950432 0.0
-0.000127096791 0.00135397422 0.0
-0.000319262646 0.000765414385 0.0
0.000599406194 0.00159069314 0.0
0.000417460076 0.00112536782 0.0
7.83336964e-06 0.00156724697 0.0
-0.000339718186 0.00121499435 0.0
-0.000235481522 0.000731716573 0.0
0.000337213423 0.00109475432 0.0
-1.93338128e-05 0.00157392456 0.0
-0.000273649173 0.00172370183 0.0
4.00776516e-05 0.0008470639 0.0
0.000422842102 0.00185156416 0.0
-0.000355848082 0.00023935645 0.0
-0.000156535243 0.00130463182 0.0
5.73279322e-05 0.00018099189 0.0
0.000128358442 0.000661736995 0.0
-0.000146140301 0.00141551788 0.0
0.000212790183 0.0012787903 0.0
-0.00039281536 0.000406635925 0.0
-0.000153260873 0.000170901985 0.0
0.000318700273 0.00147390645 0.0
-0.000507023477 0.000780983537 0.0
0.000287689851 0.000616385892 0.0
0.000175462133 0.00115347165 0.0
-0.000562502712 2.09886675e-05 0.0
0.000293173682 0.00133236917 0.0
0.000400849269 0.00162846851 0.0
5.93483383e-05 0.00122486334 0.0
-8.42133013e-05 0.000700746488 0.0
-0.000298372324 0.00126741151 0.0
-0.000406493928 2.56354288e-05 0.0
1.05311083e-05 3.62838218e-05 0.0
-0.000122605328 0.00136006367 0.0
-0.000110450062 0.00142232922 0.0
-0.000702885503 0.000189477098 0.0
0.000237742148 0.00146754086 0.0
0.000217569541 0.000741548953 0.0
-0.000431821099 7.70144106e-05 0.0
-5.61987727e-05 0.00050013588 0.0
-0.000235745174 0.000800256385 0.0
-0.000375182251 9.87639723e-05 0.0
-2.53662929e-05 0.0015135901 0.0
-7.47927479e-05 0.000629928312 0.0
0.000397074211 0.00161373965 0.0
5.05039388e-05 0.000968020526 0.0
0.000195546905 0.00154211489 0.0
7.71282212e-05 0.000864167989 0.0
-0.00026124125 3.45765366e-05 0.0
4.25334983e-05 0.000838891952 0.0
0.000477664929 0.00170975749 0.0
-0.000374466297 0.000161113872 0.0
0.000121828685 0.000875801896 0.0
0.000174290224 0.00120323757 0.0
-2.79447286e-05 0.000722839497 0.0
-2.25442418e-05 3.895193e-05 0.0
-0.000104692794 0.000254273589 0.0
