-0.000395126262 0.000117647643 0.0
-0.000404864491 2.09332447e-05 0.0
-0.000420149096 5.08980083e-05 0.0
-0.000378679135 8.61628432e-05 0.0
-0.000772015424 0.000126871746 0.0
-0.000724819722 0.000122841302 0.0
-0.00068121223 0.000119506083 0.0
-0.000720607874 0.000173276901 0.0
-0.000253385748 0.000119506083 0.0
-0.000296993268 0.000122841302 0.0
-0.000344188942 0.000126871746 0.0
-0.000977093936 0.000240158523 0.0
-0.000983524951 0.000180934352 0.0
-0.000987826381 0.000123784994 0.0
-0.000880945707 0.000175291454 0.0
6.23260348e-05 -6.76393975e-05 0.0
6.66274063e-05 -1.04900519e-05 0.0
7.30584652e-05 4.87341204e-05 0.0
-0.000844141236 0.000242834663 0.0
-0.000850287674 0.000214897053 0.0
-0.000855685037 0.000185778059 0.0
-0.000765287783 0.000213122257 0.0
0.000194467357 -5.6463341e-06 0.0
0.000199864749 2.34726467e-05 0.0
0.000206011187 5.14102649e-05 0.0
0.000234076608 4.95528584e-05 0.0
0.00022393142 -6.26158289e-05 0.0
0.000208430458 -2.70707969e-05 0.0
0.000248571072 1.83148168e-05 0.0
-0.000476761139 0.000181199342 0.0
-0.000522249262 0.000184524368 0.0
-0.000564478221 0.000187333615 0.0
-0.000534238003 7.73175198e-05 0.0
-0.000992304645 0.000187333615 0.0
-0.000950075686 0.000184524368 0.0
-0.000904587563 0.000181199342 0.0
-0.000716379378 0.000219920272 0.0
-0.000723981473 0.000111585432 0.0
-0.000737846305 0.000142455377 0.0
-0.000704105943 0.000187347454 0.0
-0.000636836281 0.00014239423 0.0
-0.000652132032 5.70618322e-05 0.0
-0.000671526475 9.74051218e-05 0.0
-0.00061809062 9.90243352e-05 0.0
-0.000123093414 7.02019897e-05 0.0
-0.000132189714 2.16000935e-05 0.0
-0.000141567158 5.39823523e-05 0.0
-0.000114001174 3.77483484e-05 0.0
-0.000223031398 -1.54726331e-05 0.0
-0.000188779624 -1.60863856e-05 0.0
-0.000156530761 -1.69521154e-05 0.0
-0.000177813461 6.82837344e-05 0.0
-0.000206673882 1.4346665e-05 0.0
-0.000162010532 2.63272123e-05 0.0
0.000271295692 -1.69521154e-05 0.0
0.000239046829 -1.60863856e-05 0.0
0.000204795055 -1.54726331e-05 0.0
-0.000467419595 0.000155537287 0.0
-0.000480660179 4.15228642e-05 0.0
-0.000506443554 9.26383073e-05 0.0
-0.000440932432 0.000109337489 0.0
-0.000139514173 9.34238487e-05 0.0
-0.000150499589 2.64541013e-05 0.0
-0.000164553872 6.75813571e-05 0.0
-0.000120967852 5.70059274e-05 0.0
-0.000306325383 9.757917e-05 0.0
-0.000321565894 2.53397793e-05 0.0
-0.000337032863 5.56024461e-05 0.0
-0.000288958836 7.00140299e-05 0.0
-0.000219341135 0.000131592678 0.0
-0.000232392602 1.75010209e-05 0.0
-0.000227184137 0.000102642836 0.0
-0.000225947617 4.80203344e-05 0.0
-0.000436075468 0.000168931962 0.0
-0.000451524393 9.83157952e-05 0.0
-0.000466459693 0.000127619947 0.0
-0.000422504643 0.000140241202 0.0
-9.06886416e-05 6.88330401e-05 0.0
-0.000102905287 -4.41124466e-05 0.0
-0.000127859385 -6.51233631e-06 0.0
-6.59928482e-05 2.24742653e-05 0.0
-0.00105015235 0.000191424406 0.0
0.0 0.0 0.0
0.000427826453 0.0 0.0
-0.000622325926 0.000191424406 0.0
-0.000412428286 0.000117121737 0.0
-0.00042848452 0.000112515721 0.0
-0.000442316988 0.000105702624 0.0
-0.00045285534 9.69487446e-05 0.0
-0.000459562871 8.61794033e-05 0.0
-0.000462688389 7.39729585e-05 0.0
-0.000461531105 6.09198869e-05 0.0
-0.000456222624 4.79767841e-05 0.0
-0.000447001628 3.64751868e-05 0.0
-0.000434858288 2.80009208e-05 0.0
-0.000420487107 2.27069959e-05 0.0
-0.000388958171 2.28925492e-05 0.0
-0.000373918563 2.78624429e-05 0.0
-0.000360860809 3.51261333e-05 0.0
-0.000350447925 4.3751239e-05 0.0
-0.000343526335 5.39741777e-05 0.0
-0.000339934602 6.5154396e-05 0.0
-0.000339769205 7.67384845e-05 0.0
-0.000343567546 8.81853921e-05 0.0
-0.000351539085 9.90907865e-05 0.0
-0.000362975028 0.00010842448 0.0
-0.000378111086 0.000114805269 0.0
-0.000399639714 6.88181535e-05 0.0
-0.00076033501 0.000125692284 0.0
-0.000744928955 0.000124387123 0.0
-0.00070518197 0.000121367892 0.0
-0.000690878602 0.000120318167 0.0
-0.000676866912 0.00012522022 0.0
-0.000674954674 0.000133408117 0.0
-0.000676256022 0.000142599209 0.0
-0.000680630445 0.000151970002 0.0
-0.000687860942 0.000160698124 0.0
-0.000697423471 0.000167453967 0.0
-0.000708623964 0.000171658205 0.0
-0.000732330664 0.000172496919 0.0
-0.000743210432 0.000169825711 0.0
-0.000753293105 0.000165545964 0.0
-0.000761908828 0.000159337127 0.0
-0.000768616272 0.000151717657 0.0
-0.000773135165 0.000143532336 0.0
-0.000774122367 0.00013503214 0.0
-0.000263052178 0.000120318167 0.0
-0.000277355517 0.000121367892 0.0
-0.000317102502 0.000124387123 0.0
-0.000332508585 0.000125692284 0.0
-0.000338902988 0.000118130549 0.0
-0.0003303501 0.000110149078 0.0
-0.000319049897 0.00010320633 0.0
-0.000306104164 9.93835565e-05 0.0
-0.000292376062 9.88051397e-05 0.0
-0.000279350876 0.000101672042 0.0
-0.000268173957 0.000107795764 0.0
-0.00025931868 0.000114443668 0.0
-0.000979004428 0.000224669522 0.0
-0.000981176272 0.000205225151 0.0
-0.000985347433 0.000157111863 0.0
-0.000986667466 0.000138477058 0.0
-0.000969999761 0.000119734017 0.0
-0.000951963477 0.000119492688 0.0
-0.000934724754 0.000122650614 0.0
-0.000918986509 0.000128660467 0.0
-0.000905208988 0.000137550451 0.0
-0.000893606804 0.000148809297 0.0
-0.000885000511 0.000161693082 0.0
-0.000881030923 0.000188996768 0.0
-0.000885829912 0.000202836105 0.0
-0.000894524099 0.000216149288 0.0
-0.000906750443 0.000227931901 0.0
-0.000921634783 0.000237153712 0.0
-0.000938793353 0.000242249851 0.0
-0.000957607001 0.000243121336 0.0
6.34849712e-05 -5.29473473e-05 0.0
6.48049754e-05 -3.4312543e-05 0.0
6.89760709e-05 1.38007472e-05 0.0
7.11479588e-05 3.324512e-05 0.0
5.44362556e-05 4.17830342e-05 0.0
3.81466671e-05 3.17460908e-05 0.0
2.58026903e-05 1.94882214e-05 0.0
1.82848944e-05 6.6202565e-06 0.0
1.59328902e-05 -6.96979487e-06 0.0
1.78085756e-05 -2.08595047e-05 0.0
2.36060187e-05 -3.49486509e-05 0.0
3.31284464e-05 -4.84019802e-05 0.0
4.64346776e-05 -5.97035541e-05 0.0
-0.000846796378 0.000231247017 0.0
-0.000853562145 0.000198249269 0.0
-0.000846527168 0.000178864851 0.0
-0.000835248909 0.000174479545 0.0
-0.000822239206 0.000173134918 0.0
-0.000807961216 0.000174879839 0.0
-0.000793469837 0.00017972308 0.0
-0.000781093491 0.000187723184 0.0
-0.000772649888 0.000196526744 0.0
-0.000767587509 0.000204700627 0.0
-0.000765577832 0.000221897732 0.0
-0.000768634723 0.000230482328 0.0
-0.000774385815 0.000238244014 0.0
-0.000782491232 0.000244675612 0.0
-0.000792943523 0.000249140721 0.0
-0.000805271906 0.000251145335 0.0
-0.000818622997 0.000250412268 0.0
-0.000831789919 0.00024754586 0.0
0.000196590263 6.82487462e-06 0.0
0.000203356001 3.98226111e-05 0.0
0.000194853012 4.38101088e-05 0.0
0.000186630641 3.4324592e-05 0.0
0.000182629636 2.39791079e-05 0.0
0.00018299486 1.3509668e-05 0.0
0.000187189537 3.4618904e-06 0.0
0.000217371024 4.81629431e-05 0.0
0.000201615432 4.30701948e-05 0.0
0.000187637255 3.63033287e-05 0.0
0.000174932211 2.68000313e-05 0.0
0.00016525363 1.45005533e-05 0.0
0.000160657728 3.48860652e-07 0.0
0.000161015778 -1.41036899e-05 0.0
0.000166301572 -2.8260627e-05 0.0
0.000175949594 -4.12226655e-05 0.0
0.000189332073 -5.19695059e-05 0.0
0.000205801029 -5.93265977e-05 0.0
0.000242295762 -6.16869729e-05 0.0
0.000259844062 -5.70734446e-05 0.0
0.000275305443 -4.90343227e-05 0.0
0.000287368079 -3.79773992e-05 0.0
0.000295184058 -2.45052179e-05 0.0
0.000298260333 -9.71180543e-06 0.0
0.000296746264 5.64123229e-06 0.0
0.0002904461 2.03244763e-05 0.0
0.000280144159 3.2822456e-05 0.0
0.000266429211 4.20453289e-05 0.0
0.000250464247 4.76967289e-05 0.0
0.000228809935 -4.21671348e-06 0.0
-0.000496345747 0.000182779593 0.0
-0.000546928844 0.000186073565 0.0
-0.000577826053 0.000178567221 0.0
-0.00058849965 0.000167038321 0.0
-0.00059571903 0.000153323213 0.0
-0.000598231796 0.000137929412 0.0
-0.000595724327 0.000122136131 0.0
-0.000589147559 0.00010730949 0.0
-0.000579175947 9.47098961e-05 0.0
-0.00056665804 8.53385282e-05 0.0
-0.000551730103 7.94472289e-05 0.0
-0.000515331514 7.90910635e-05 0.0
-0.000496677472 8.45968243e-05 0.0
-0.000480091985 9.2940485e-05 0.0
-0.000466953148 0.00010354269 0.0
-0.000458491937 0.000115895782 0.0
-0.000453482673 0.000129314605 0.0
-0.000452593551 0.000143415469 0.0
-0.000456250011 0.000156707771 0.0
-0.000464349199 0.000169697305 0.0
-0.000974755327 0.000186073565 0.0
-0.000924172171 0.000182779593 0.0
-0.000918192323 0.000189496321 0.0
-0.000933457923 0.000194792607 0.0
-0.000949146226 0.000196910987 0.0
-0.000964559498 0.000195916 0.0
-0.000979003729 0.000192429085 0.0
-0.000733076129 0.000218343135 0.0
-0.000749201863 0.000213026884 0.0
-0.000763714546 0.000204876182 0.0
-0.000774026092 0.000195193148 0.0
-0.000781278941 0.000185758152 0.0
-0.00078583986 0.000175940353 0.0
-0.000787096156 0.000164751167 0.0
-0.000784790318 0.00015261161 0.0
-0.000778397429 0.000140541481 0.0
-0.000768075639 0.000129396998 0.0
-0.000754781067 0.000120259239 0.0
-0.00073972455 0.000114193987 0.0
-0.00070866663 0.000112200731 0.0
-0.000694372342 0.000115783208 0.0
-0.000681250938 0.000121080666 0.0
-0.000669477158 0.000129344087 0.0
-0.000660045946 0.000139996409 0.0
-0.000653802766 0.000152408029 0.0
-0.000652541872 0.000165823483 0.0
-0.000655412499 0.000179323339 0.0
-0.000662044215 0.000192340551 0.0
-0.000672152848 0.000203731834 0.0
-0.000685077393 0.000212369108 0.0
-0.000700082514 0.000217865832 0.0
-0.000721481687 0.000164131125 0.0
-0.000652510964 0.000140847595 0.0
-0.000667904038 0.000136403862 0.0
-0.00068136747 0.000128864311 0.0
-0.000691183785 0.000118888107 0.0
-0.000696767238 0.00010730145 0.0
-0.000697884127 9.51862603e-05 0.0
-0.000695040857 8.3490253e-05 0.0
-0.000688528817 7.30635147e-05 0.0
-0.000678768964 6.47365086e-05 0.0
-0.000666470209 5.93176301e-05 0.0
-0.000637097051 5.83343499e-05 0.0
-0.000622736989 6.20462088e-05 0.0
-0.000609726529 6.84097031e-05 0.0
-0.000598963874 7.69518156e-05 0.0
-0.000592023134 8.84462934e-05 0.0
-0.000590432261 0.000101019854 0.0
-0.000593338569 0.000113800335 0.0
-0.000600222207 0.000125676554 0.0
-0.00061004929 0.000134723276 0.0
-0.000622230291 0.00014040056 0.0
-0.000644860149 9.83011414e-05 0.0
-0.000132505476 6.98194708e-05 0.0
-0.000141362907 6.9262438e-05 0.0
-0.00015008825 6.74599432e-05 0.0
-0.000159303381 6.23779197e-05 0.0
-0.000165488324 5.46131159e-05 0.0
-0.000167861057 4.6549605e-05 0.0
-0.000167464037 3.90595014e-05 0.0
-0.000163697798 3.21745101e-05 0.0
-0.000157415619 2.77997697e-05 0.0
-0.000149779749 2.43623945e-05 0.0
-0.000141092227 2.20763159e-05 0.0
-0.000123180798 2.25272743e-05 0.0
-0.00011457759 2.46721738e-05 0.0
-0.000106897613 2.73296409e-05 0.0
-9.98656469e-05 3.1689844e-05 0.0
-9.43024934e-05 3.732818e-05 0.0
-9.10563977e-05 4.38243987e-05 0.0
-9.09313894e-05 5.04892669e-05 0.0
-9.36096621e-05 5.68101314e-05 0.0
-9.87550302e-05 6.21787767e-05 0.0
-0.000105764761 6.65175903e-05 0.0
-0.000114143244 6.92644899e-05 0.0
-0.000127516716 4.55479676e-05 0.0
-0.000207811143 -1.5685202e-05 0.0
-0.000170196989 -1.65523052e-05 0.0
-0.000145407947 -1.08339445e-05 0.0
-0.000135903902 -3.0467877e-06 0.0
-0.000129542386 7.06885885e-06 0.0
-0.000127258623 1.82284475e-05 0.0
-0.000128801228 2.986459e-05 0.0
-0.000134301139 4.14269234e-05 0.0
-0.00014295835 5.20678477e-05 0.0
-0.000153724643 6.04301422e-05 0.0
-0.000165106627 6.57439596e-05 0.0
-0.000191750893 6.80483281e-05 0.0
-0.000206040044 6.54678443e-05 0.0
-0.000219476657 6.01911051e-05 0.0
-0.000231067228 5.19955429e-05 0.0
-0.000239955611 4.08028827e-05 0.0
-0.000243968199 2.83054123e-05 0.0
-0.000244066148 1.54999343e-05 0.0
-0.000240359543 3.36449034e-06 0.0
-0.000233140672 -7.17129842e-06 0.0
0.000257629465 -1.65523052e-05 0.0
0.000220015296 -1.5685202e-05 0.0
0.000217368986 -2.12993054e-05 0.0
0.000230819656 -2.39223318e-05 0.0
0.00024473932 -2.42775259e-05 0.0
0.000258556131 -2.15710279e-05 0.0
-0.000483216601 0.000154246416 0.0
-0.000498885289 0.000149618412 0.0
-0.000513565843 0.00014203717 0.0
-0.00052644196 0.000131741617 0.0
-0.000536046573 0.00011933114 0.0
-0.000540874491 0.00010528147 0.0
-0.000540490437 9.06384594e-05 0.0
-0.000535564963 7.62005875e-05 0.0
-0.000526593241 6.27576301e-05 0.0
-0.000514062413 5.2038431e-05 0.0
-0.000498424924 4.49343388e-05 0.0
-0.000462187687 4.21292279e-05 0.0
-0.000444461184 4.62808057e-05 0.0
-0.000428283995 5.42520211e-05 0.0
-0.000415239483 6.60644073e-05 0.0
-0.000406498031 8.05196178e-05 0.0
-0.000402936101 9.63206912e-05 0.0
-0.000404699094 0.000112158057 0.0
-0.00041123238 0.000126444938 0.0
-0.000421833509 0.000138604664 0.0
-0.000435855589 0.000147812534 0.0
-0.000451405242 0.000153653949 0.0
-0.000473887369 0.000100888363 0.0
-0.000150335909 9.24312553e-05 0.0
-0.000160445008 9.00718587e-05 0.0
-0.000169797378 8.69134528e-05 0.0
-0.000178159578 8.14615341e-05 0.0
-0.000184548408 7.40561154e-05 0.0
-0.00018818595 6.52385424e-05 0.0
-0.0001884425 5.59754117e-05 0.0
-0.000185252284 4.72093052e-05 0.0
-0.000178950912 3.93975315e-05 0.0
-0.000170640429 3.30475632e-05 0.0
-0.000161544056 2.85560582e-05 0.0
-0.000137898765 2.68975364e-05 0.0
-0.000124882543 2.97508504e-05 0.0
-0.00011279482 3.51079361e-05 0.0
-0.000102218175 4.23695019e-05 0.0
-9.59804893e-05 5.06497527e-05 0.0
-9.43284322e-05 5.90731142e-05 0.0
-9.5764568e-05 6.75123301e-05 0.0
-0.000100290417 7.59455143e-05 0.0
-0.000107691812 8.33865488e-05 0.0
-0.000117564159 8.91146556e-05 0.0
-0.000128590313 9.23529587e-05 0.0
-0.000143718557 6.21587606e-05 0.0
-0.000320402061 9.60218968e-05 0.0
-0.000333594711 9.16208301e-05 0.0
-0.00034516395 8.52321973e-05 0.0
-0.000353751151 7.75838125e-05 0.0
-0.000358812045 6.86862913e-05 0.0
-0.000360357371 5.91338576e-05 0.0
-0.000358579535 4.97191249e-05 0.0
-0.000353879761 4.10213179e-05 0.0
-0.000345826586 3.35676741e-05 0.0
-0.000334922137 2.7988297e-05 0.0
-0.000306812144 2.65250328e-05 0.0
-0.000292232144 3.02450608e-05 0.0
-0.000278656953 3.60021768e-05 0.0
-0.000267718104 4.59442999e-05 0.0
-0.000262071932 5.67728639e-05 0.0
-0.000261193898 6.71960588e-05 0.0
-0.000263921771 7.72307176e-05 0.0
-0.000270353572 8.57938358e-05 0.0
-0.000280239183 9.20121165e-05 0.0
-0.000292468321 9.60460529e-05 0.0
-0.000313585741 6.25621906e-05 0.0
-0.000239435089 0.000129110267 0.0
-0.000258207117 0.000122524405 0.0
-0.000271375728 0.000113280286 0.0
-0.000281794695 0.000103486418 0.0
-0.000289191608 9.20345992e-05 0.0
-0.000293609715 7.85685843e-05 0.0
-0.000294201396 6.52368835e-05 0.0
-0.000289960415 5.22596238e-05 0.0
-0.000281187822 3.98302582e-05 0.0
-0.000268324045 2.90674652e-05 0.0
-0.000251283491 2.15500986e-05 0.0
-0.000213068226 1.77303591e-05 0.0
-0.000193988468 2.29307552e-05 0.0
-0.000177470254 3.24009088e-05 0.0
-0.000165196616 4.4950164e-05 0.0
-0.000158773852 5.95676065e-05 0.0
-0.000156411916 7.3896801e-05 0.0
-0.00015761955 8.81017768e-05 0.0
-0.000162827797 0.0001016272 0.0
-0.000171694817 0.000113722053 0.0
-0.000184391683 0.000123284306 0.0
-0.000200508759 0.000129280888 0.0
-0.000226647244 7.60718685e-05 0.0
-0.000448613719 0.000168173632 0.0
-0.000460933341 0.000165931648 0.0
-0.000472503772 0.000161875214 0.0
-0.00048249535 0.000155939764 0.0
-0.000489354017 0.00014768439 0.0
-0.000492669176 0.000138222647 0.0
-0.000492347812 0.000128375148 0.0
-0.000488650927 0.00011856998 0.0
-0.000481804484 0.000109808912 0.0
-0.000472641113 0.000103333718 0.0
-0.000462258613 9.94946822e-05 0.0
-0.000440475444 0.000100074605 0.0
-0.000429440086 0.000103714541 0.0
-0.00041942019 0.000107546322 0.0
-0.000410352426 0.000113189897 0.0
-0.000403534999 0.000121375953 0.0
-0.000399696 0.000130928092 0.0
-0.000399480079 0.000140333505 0.0
-0.000402141479 0.000148901774 0.0
-0.000407221058 0.000156342852 0.0
-0.000414811162 0.000162354656 0.0
-0.000424514728 0.000166849801 0.0
-0.000444135687 0.000133873153 0.0
-0.000108655651 6.83811668e-05 0.0
-0.000126430183 6.37710109e-05 0.0
-0.000142486111 5.54725848e-05 0.0
-0.000155497881 4.43551398e-05 0.0
-0.000163195946 3.08116832e-05 0.0
-0.000166617916 1.73367353e-05 0.0
-0.00016710897 4.28780595e-06 0.0
-0.000164391502 -8.44369424e-06 0.0
-0.000158080511 -2.004206e-05 0.0
-0.000148188687 -2.99324329e-05 0.0
-0.000135066366 -3.74920528e-05 0.0
-0.000119152945 -4.21981094e-05 0.0
-8.65344191e-05 -4.26018996e-05 0.0
-7.18470837e-05 -3.95033712e-05 0.0
-5.79311054e-05 -3.35592304e-05 0.0
-4.56908492e-05 -2.52865266e-05 0.0
-3.48675967e-05 -1.49389825e-05 0.0
-2.83792906e-05 -2.24212977e-06 0.0
-2.63338734e-05 1.07164933e-05 0.0
-2.85062069e-05 2.37772201e-05 0.0
-3.44815235e-05 3.68233814e-05 0.0
-4.4403936e-05 4.88418809e-05 0.0
-5.7465204e-05 5.86346105e-05 0.0
-7.33375637e-05 6.54914984e-05 0.0
-9.72425405e-05 7.9165784e-06 0.0
-0.00101707724 0.000187769605 0.0
-0.000997710158 0.000184260716 0.0
-0.000639887701 0.000102187936 0.0
-0.000609530078 9.63478014e-05 0.0
-0.000568386691 8.87393253e-05 0.0
-0.000525324896 7.98687324e-05 0.0
-0.000496783818 7.23734556e-05 0.0
-0.000478233764 6.04261477e-05 0.0
-0.000453448796 4.86532881e-05 0.0
-0.00041529577 2.93616395e-05 0.0
-0.000355720927 1.170224e-05 0.0
-0.000283794943 -3.10684436e-06 0.0
-0.000160951968 -6.25745258e-07 0.0
-0.000137897296 -2.14378633e-06 0.0
-9.49709865e-05 -1.62103379e-06 0.0
-4.5052373e-05 -7.22002767e-07 0.0
3.41192863e-05 -2.63499751e-05 0.0
0.000118146956 1.18343823e-05 0.0
0.000155003698 -2.97856445e-06 0.0
0.000236669235 1.70740495e-05 0.0
0.000263008522 -4.19516837e-05 0.0
0.000279981818 -7.80671253e-05 0.0
0.000295463658 -9.03995387e-05 0.0
0.000308283721 -8.66361588e-05 0.0
0.000316226447 -7.44539138e-05 0.0
0.000319763785 -6.08856899e-05 0.0
0.00032627827 -5.64894071e-05 0.0
0.000335732097 -6.34982789e-05 0.0
0.000342529791 -6.98002987e-05 0.0
0.000346391927 -6.06318863e-05 0.0
0.000347678229 -4.03168633e-05 0.0
0.000352915726 -2.37033764e-05 0.0
0.000358996302 -7.71633586e-06 0.0
0.000373052404 3.68122437e-06 0.0
0.000396364514 9.38931134e-06 0.0
0.000382774073 -7.22002767e-07 0.0
0.000332855474 -1.62103379e-06 0.0
0.000289929158 -2.14378633e-06 0.0
0.0002668745 -6.25745258e-07 0.0
0.000144031495 -3.10684436e-06 0.0
7.21055185e-05 1.170224e-05 0.0
1.25306697e-05 2.93616395e-05 0.0
-2.56223557e-05 4.86532881e-05 0.0
-5.04073068e-05 6.04261477e-05 0.0
-6.89573499e-05 7.23734556e-05 0.0
-9.74984432e-05 7.98687324e-05 0.0
-0.000140560267 8.87393253e-05 0.0
-0.000181703625 9.63478014e-05 0.0
-0.000212061233 0.000102187936 0.0
-0.000569883734 0.000184260716 0.0
-0.00058925082 0.000187769605 0.0
-0.000653787865 0.000200813709 0.0
-0.000677100033 0.000195105618 0.0
-0.000691156078 0.000183708064 0.0
-0.000697236683 0.000167721024 0.0
-0.00070247415 0.000151107539 0.0
-0.000703760481 0.000130792512 0.0
-0.000707622617 0.0001216241 0.0
-0.000714420283 0.00012792612 0.0
-0.000723874138 0.000134934991 0.0
-0.000730388623 0.000130538712 0.0
-0.000733925961 0.000116970485 0.0
-0.000741868687 0.00010478824 0.0
-0.00075468875 0.00010102486 0.0
-0.000770170591 0.000113357273 0.0
-0.000787143887 0.000149472718 0.0
-0.000813483144 0.000208498444 0.0
-0.000895148725 0.000188445832 0.0
-0.000932005467 0.00020325878 0.0
-0.00101603311 0.000165074423 0.0
-0.000423902908 8.52790108e-05 0.0
-0.000376511307 5.32508457e-05 0.0
-0.000363798667 6.85120758e-05 0.0
-0.000436295639 6.94615737e-05 0.0
-0.000404150924 9.65332802e-05 0.0
-0.000395672803 4.15968934e-05 0.0
-0.000426216575 9.88860338e-05 0.0
-0.000375141477 4.05016399e-05 0.0
-0.000359649217 5.36340085e-05 0.0
-0.000441952463 8.56756888e-05 0.0
-0.000445699028 5.77721075e-05 0.0
-0.000354075513 7.94851003e-05 0.0
-0.000409642904 3.24879948e-05 0.0
-0.000389652938 0.000105171981 0.0
-0.000450398307 7.66368175e-05 0.0
-0.000362952618 4.42053279e-05 0.0
-0.000437495182 9.45240827e-05 0.0
-0.000386081578 3.25782203e-05 0.0
-0.000351175229 6.23270389e-05 0.0
-0.000414940267 0.000106629363 0.0
-0.000365009415 9.72403068e-05 0.0
-0.000433423149 3.91652138e-05 0.0
-0.000440447329 4.64998011e-05 0.0
-0.000358487043 9.00059094e-05 0.0
-0.000349520909 7.05485945e-05 0.0
-0.000451439351 6.76196942e-05 0.0
-0.00037490137 0.000102176389 0.0
-0.000423678808 3.47170753e-05 0.0
-0.000397167605 3.00395914e-05 0.0
-0.00040303584 0.000108601365 0.0
-0.000418465002 7.13137561e-05 0.0
-0.000381120946 6.65053813e-05 0.0
-0.000404729421 8.27249896e-05 0.0
-0.000394808332 5.50817313e-05 0.0
-0.000711989356 0.000143620404 0.0
-0.000740773976 0.000144763413 0.0
-0.000728109968 0.000157415416 0.0
-0.000692502421 0.000132292349 0.0
-0.000756444351 0.000137797557 0.0
-0.000691532274 0.000144621939 0.0
-0.000702419609 0.000153734247 0.0
-0.000741810072 0.000158902418 0.0
-0.000727189763 0.000136302027 0.0
-0.000752606022 0.000151527856 0.0
-0.000708014821 0.000132281537 0.0
-0.000743467535 0.000135213282 0.0
-0.00071506825 0.000162315002 0.0
-0.000726924278 0.000147443498 0.0
-0.000726204074 0.000165612582 0.0
-0.000686611165 0.000125549923 0.0
-0.000696684583 0.000126224404 0.0
-0.000761586125 0.000144761652 0.0
-0.000716916693 0.000152894543 0.0
-0.000691346126 0.000152496577 0.0
-0.000684847997 0.000137627474 0.0
-0.000763975957 0.00013264321 0.0
-0.000752209395 0.00015848974 0.0
-0.000752729888 0.000131079854 0.0
-0.000734912755 0.00016492873 0.0
-0.000699806958 0.000138827003 0.0
-0.000737622438 0.000151954257 0.0
-0.000683123828 0.000130681248 0.0
-0.00076587894 0.000138736446 0.0
-0.000751476851 0.000144186299 0.0
-0.000704354432 0.000162269978 0.0
-0.000735093083 0.000129761684 0.0
-0.000287336414 0.000111297602 0.0
-0.000308926072 0.000112361238 0.0
-0.000327756425 0.000118334086 0.0
-0.000268737582 0.000115056915 0.0
-0.000276367879 0.000111362955 0.0
-0.000320407387 0.000113506518 0.0
-0.000298333762 0.000109329914 0.0
-0.000939153077 0.000161267031 0.0
-0.000937805744 0.000195061162 0.0
-0.000908380782 0.000180734074 0.0
-0.000950396236 0.000217771943 0.0
-0.000959069352 0.000140107368 0.0
-0.000933575386 0.000142189063 0.0
-0.000907648762 0.000162499317 0.0
-0.000922440377 0.0002200936 0.0
-0.000907004636 0.000199642149 0.0
-0.000958223944 0.000197041736 0.0
-0.000942740357 0.000180155737 0.0
-0.000961407786 0.000156845737 0.0
-0.000915544224 0.000147197847 0.0
-0.000963169034 0.000228813005 0.0
-0.000924340973 0.000171186039 0.0
-0.000896031561 0.000190863386 0.0
-0.000936728786 0.0002270064 0.0
-0.000896205136 0.000172394255 0.0
-0.000946142361 0.000132348126 0.0
-0.000910512812 0.00021374943 0.0
-0.000967022032 0.000214311745 0.0
-0.000972251757 0.000132723304 0.0
-0.000973526039 0.000147107596 0.0
-0.000923656567 0.000188628619 0.0
-0.000947592722 0.000149087951 0.0
-0.000962584745 0.00017267518 0.0
-0.000937786885 0.000208770231 0.0
-0.000959800731 0.000128886968 0.0
-0.000892439683 0.000181633819 0.0
-0.000924018037 0.000156818074 0.0
-0.000948888308 0.000232559352 0.0
-0.000922647654 0.000204752549 0.0
4.29880311e-05 -2.20969596e-05 0.0
3.94755043e-05 -4.50708785e-06 0.0
4.75903871e-05 1.6563894e-05 0.0
4.93073276e-05 -4.58692812e-05 0.0
3.0228879e-05 -1.38046871e-05 0.0
5.61369561e-05 2.73277747e-05 0.0
3.59038677e-05 8.65352195e-06 0.0
5.28360688e-05 4.55806003e-06 0.0
3.8549173e-05 -3.43214197e-05 0.0
-0.000811902923 0.000220949762 0.0
-0.000822531816 0.000202965704 0.0
-0.000791047525 0.00020812577 0.0
-0.000785683107 0.00022209865 0.0
-0.000821355148 0.000236240929 0.0
-0.000805782387 0.000191351137 0.0
-0.000798254798 0.000234547275 0.0
-0.000834065315 0.00019370165 0.0
-0.000825538649 0.00018486366 0.0
-0.000827723939 0.000213486288 0.0
-0.000808633864 0.000211315666 0.0
-0.000789482147 0.000197205154 0.0
-0.000778194517 0.000210482496 0.0
-0.000828654447 0.000226938442 0.0
-0.0007840771 0.000232910868 0.0
-0.000807683333 0.000242398208 0.0
-0.000839416636 0.000204262979 0.0
-0.000805426622 0.000201561212 0.0
-0.000832949125 0.000238715584 0.0
-0.000796053791 0.000216514905 0.0
-0.000796999899 0.000226057251 0.0
-0.000775262248 0.000218337533 0.0
-0.000813512772 0.0001835695 0.0
-0.000794454478 0.000188574326 0.0
-0.00077901996 0.000203364441 0.0
-0.000837116095 0.000183877084 0.0
-0.000823439681 0.000243263799 0.0
-0.000775773951 0.000225165291 0.0
-0.000810651109 0.00023157832 0.0
-0.000803135918 0.000183733646 0.0
-0.000792417675 0.000241261383 0.0
-0.000845610921 0.000187706144 0.0
-0.000785808021 0.000214789558 0.0
-0.000817861583 0.000193111147 0.0
0.000190321007 1.54424342e-05 0.0
0.000193456595 3.18211933e-05 0.0
0.000189417129 9.6267604e-06 0.0
0.000194781678 3.76227545e-05 0.0
0.000195484186 1.96286487e-06 0.0
0.000247562188 -2.8212924e-05 0.0
0.000269633019 -1.32210416e-05 0.0
0.000205777076 2.3174196e-05 0.0
0.000228473626 3.32214986e-05 0.0
0.000272845878 7.3550118e-06 0.0
0.000184956138 -1.57933282e-05 0.0
0.000230183286 -4.4174627e-05 0.0
0.000184966542 1.46510702e-05 0.0
0.000267636176 -3.33803546e-05 0.0
0.000224972551 1.51294371e-05 0.0
0.000205308286 -4.28800558e-05 0.0
0.000251306745 3.30986695e-05 0.0
0.000246733282 -4.86837489e-05 0.0
0.000182394841 -2.88534829e-05 0.0
0.000174101617 -6.33335276e-06 0.0
0.000211110819 3.64263033e-05 0.0
0.00028435429 -3.75247328e-06 0.0
0.000274400634 2.04783046e-05 0.0
0.000190655279 2.69622506e-05 0.0
0.000280940818 -2.47586831e-05 0.0
0.000253177015 -2.16412403e-07 0.0
0.000199424074 3.32826166e-05 0.0
0.000260819535 -4.46854901e-05 0.0
0.000174341782 5.51845505e-06 0.0
0.00028533439 -1.50166452e-05 0.0
0.000192270629 -3.83281549e-05 0.0
0.000264081318 2.93436733e-05 0.0
0.000216325629 -5.22270057e-05 0.0
0.000241002359 4.09699132e-05 0.0
-0.000526299409 0.000129333886 0.0
-0.000553171791 0.000154525551 0.0
-0.000494403357 0.000150482243 0.0
-0.000561466266 0.000125900158 0.0
-0.000490523991 0.000122519734 0.0
-0.000535399362 0.00010317233 0.0
-0.000523871509 0.000156899565 0.0
-0.000509433914 0.000105882529 0.0
-0.000575237442 0.000142506309 0.0
-0.000474746659 0.000135083508 0.0
-0.000558090571 0.000104519866 0.0
-0.000558751635 0.00017287668 0.0
-0.000485639699 0.000166774524 0.0
-0.000538090419 0.000170109008 0.0
-0.000507718534 0.000167714534 0.0
-0.000486267207 0.000106776461 0.0
-0.000544113398 0.000138176634 0.0
-0.000571518671 0.000159291638 0.0
-0.000542155292 0.000119730568 0.0
-0.000524368603 9.20293605e-05 0.0
-0.000475895038 0.000151685599 0.0
-0.000507050368 0.000136270537 0.0
-0.00051225326 0.000122231242 0.0
-0.000580585969 0.000119009368 0.0
-0.000470162282 0.000123051344 0.0
-0.000549088174 9.31648829e-05 0.0
-0.000583189889 0.000131308392 0.0
-0.000573201105 0.000108152657 0.0
-0.000496347493 9.63527564e-05 0.0
-0.000509218604 9.12173491e-05 0.0
-0.00053743436 0.000151453205 0.0
-0.000511122693 0.000149726315 0.0
-0.000559350592 0.000142792953 0.0
-0.000523025054 0.000169815699 0.0
-0.000527126249 0.000116815427 0.0
-0.000490290578 0.000139101627 0.0
-0.000537949963 8.79180079e-05 0.0
-0.000582194305 0.000152469322 0.0
-0.000465989258 0.000144377191 0.0
-0.000525009586 0.000143670579 0.0
-0.000474156783 0.000112984198 0.0
-0.000961997197 0.000191020852 0.0
-0.000936852302 0.000189789775 0.0
-0.000970112393 0.000191365849 0.0
-0.000928186928 0.000189199753 0.0
-0.000684577564 0.000162555283 0.0
-0.000703094353 0.000137397772 0.0
-0.000739507785 0.000189553582 0.0
-0.000759048911 0.000166489903 0.0
-0.000761840376 0.00018329607 0.0
-0.000763635559 0.000150558131 0.0
-0.000718435273 0.00012612548 0.0
-0.000681853329 0.000143255049 0.0
-0.000678025826 0.00018027953 0.0
-0.000723472273 0.000202536175 0.0
-0.000664904132 0.000160218202 0.0
-0.000750374689 0.000201607691 0.0
-0.000776522327 0.000169127787 0.0
-0.000693088165 0.000125300066 0.0
-0.000689187495 0.000196817346 0.0
-0.000704374281 0.000204428798 0.0
-0.000751736632 0.000134653674 0.0
-0.000736915041 0.00012576599 0.0
-0.000774273125 0.000178523114 0.0
-0.000775747525 0.00015953742 0.0
-0.000665367639 0.000171152831 0.0
-0.0006677786 0.000149051353 0.0
-0.000738037168 0.000206770928 0.0
-0.000761393923 0.000194465829 0.0
-0.000704424747 0.000121775134 0.0
-0.000682491518 0.00013136206 0.0
-0.000675373827 0.000193237545 0.0
-0.000765449775 0.000138840231 0.0
-0.000739050622 0.000172086991 0.0
-0.000705069979 0.000154872672 0.0
-0.00064493122 0.000120385084 0.0
-0.000644609157 7.69716135e-05 0.0
-0.0006211687 0.000119692406 0.0
-0.000668094552 7.80828414e-05 0.0
-0.000665412925 0.000121399629 0.0
-0.000624577166 7.54182911e-05 0.0
-0.000655516109 6.81765378e-05 0.0
-0.000633687014 0.000130278626 0.0
-0.000679865363 0.000108773704 0.0
-0.000609970768 8.72451565e-05 0.0
-0.000681720383 8.25530151e-05 0.0
-0.000607361144 0.000114944305 0.0
-0.000632794457 8.72585151e-05 0.0
-0.000656969263 0.000109306122 0.0
-0.000656536489 0.000130560773 0.0
-0.000633238931 6.73741306e-05 0.0
-0.000644830172 0.000133799607 0.0
-0.000644522952 6.47174529e-05 0.0
-0.000621728832 0.000131309978 0.0
-0.000667246408 6.75465781e-05 0.0
-0.000602162268 0.000104876723 0.0
-0.000601453881 9.55842333e-05 0.0
-0.000686809188 9.17973084e-05 0.0
-0.000687696913 0.00010058398 0.0
-0.00067946763 0.000119484634 0.0
-0.000610855699 7.6870987e-05 0.0
-0.000635401753 0.000109987799 0.0
-0.000654198288 8.69732467e-05 0.0
-0.000143107478 3.77770593e-05 0.0
-0.000122982543 5.86107235e-05 0.0
-0.000109105713 5.46366064e-05 0.0
-0.000134280548 3.02743974e-05 0.0
-0.000103003214 4.56821581e-05 0.0
-0.000121347315 2.95998161e-05 0.0
-0.00015351185 4.4734581e-05 0.0
-0.000134000482 6.28207126e-05 0.0
-0.000114474737 6.24637032e-05 0.0
-0.000146940612 3.06606998e-05 0.0
-0.000115185649 4.72960419e-05 0.0
-0.000152582652 5.49215692e-05 0.0
-0.000104476043 3.69900954e-05 0.0
-0.000157537143 3.77104006e-05 0.0
-0.000127901294 6.59978614e-05 0.0
-0.000142232006 6.42340965e-05 0.0
-9.95938681e-05 5.27400116e-05 0.0
-0.000128702042 2.58715263e-05 0.0
-0.000113674432 2.9157276e-05 0.0
-0.000141431068 2.65548151e-05 0.0
-0.000105962026 6.06106223e-05 0.0
-0.000101506339 5.73415709e-05 0.0
-0.000154660054 3.25754518e-05 0.0
-0.000135492664 2.52128284e-05 0.0
-0.00012019759 6.60106598e-05 0.0
-0.000125887047 3.61830062e-05 0.0
-0.000148853447 6.06715657e-05 0.0
-0.00010777072 3.24984685e-05 0.0
-0.000159806354 5.01177783e-05 0.0
-9.82123165e-05 4.09025233e-05 0.0
-0.000141659897 4.56175658e-05 0.0
-0.000188524602 4.16391413e-05 0.0
-0.00016100987 -4.01176658e-06 0.0
-0.000214013751 3.58278485e-05 0.0
-0.00016888314 4.6526191e-05 0.0
-0.00014882673 8.17821456e-06 0.0
-0.000225546333 2.18249279e-05 0.0
-0.000182121017 7.45298439e-06 0.0
-0.000205594901 5.13387058e-05 0.0
-0.000184192817 5.57388594e-05 0.0
-0.000215183798 -3.59981664e-06 0.0
-0.000151155182 4.09035601e-05 0.0
-0.000142929421 2.24715877e-05 0.0
-0.000196399109 -4.07700963e-06 0.0
-0.000166377926 5.9374438e-06 0.0
-0.000177359732 -4.71128214e-06 0.0
-0.000218683708 4.86637546e-05 0.0
-0.000195178887 5.65746341e-05 0.0
-0.000172440588 5.87539835e-05 0.0
-0.000148704567 -2.23955317e-06 0.0
-0.000225332653 7.99895224e-06 0.0
-0.00022687664 4.18696836e-05 0.0
-0.000231101891 3.24964785e-05 0.0
-0.000162859898 5.64681759e-05 0.0
-0.000155421963 5.10365171e-05 0.0
-0.000192655876 2.94719866e-05 0.0
-0.000137550873 1.40177253e-05 0.0
-0.000143166821 3.24518442e-05 0.0
0.000228418183 -1.88653285e-05 0.0
0.000248603494 -1.92304087e-05 0.0
0.000223712312 -1.96419223e-05 0.0
0.000252949947 -2.00602608e-05 0.0
0.000214059706 -1.74855886e-05 0.0
0.00026249385 -1.83584852e-05 0.0
-0.000481733266 7.16978175e-05 0.0
-0.000474874949 0.000130436092 0.0
-0.000447790168 8.03329312e-05 0.0
-0.000500474707 0.000125586477 0.0
-0.000451734988 0.000135912109 0.0
-0.000505244301 7.15297138e-05 0.0
-0.000459723233 6.1463259e-05 0.0
-0.000427550403 9.24563064e-05 0.0
-0.000517895503 0.000108793 0.0
-0.000487257756 0.000139932556 0.0
-0.000486662146 5.35551007e-05 0.0
-0.000434724701 0.000125876002 0.0
-0.0004314447 6.76362615e-05 0.0
-0.000462087744 0.000144868813 0.0
-0.00052010623 7.54871289e-05 0.0
-0.000502524956 0.000137800511 0.0
-0.000512865954 0.000131827052 0.0
-0.000520005124 0.000122601166 0.0
-0.000475248933 0.000146463353 0.0
-0.000471820065 5.19926798e-05 0.0
-0.000500543334 5.75514168e-05 0.0
-0.000460381358 0.000119692195 0.0
-0.000422311161 7.81912968e-05 0.0
-0.000443088269 5.91061616e-05 0.0
-0.000417719741 0.000103589227 0.0
-0.000527854078 9.83675272e-05 0.0
-0.000526116521 8.66759583e-05 0.0
-0.000421950361 0.000115530507 0.0
-0.000488996448 0.00011313612 0.0
-0.000436323258 0.000136714865 0.0
-0.00013260069 7.74400032e-05 0.0
-0.00014352164 4.48580722e-05 0.0
-0.000162286145 4.56904963e-05 0.0
-0.000151020096 8.0646867e-05 0.0
-0.000172982778 5.49137258e-05 0.0
-0.000116126721 7.40594041e-05 0.0
-0.00012578677 4.23018719e-05 0.0
-0.000136352086 8.55734615e-05 0.0
-0.000152634617 3.63614527e-05 0.0
-0.000165534133 7.80103946e-05 0.0
-0.000108918473 6.3230058e-05 0.0
-0.000118596166 8.15838212e-05 0.0
-0.00012806688 6.77605785e-05 0.0
-0.000110985122 5.03967894e-05 0.0
-0.000133743481 3.50163173e-05 0.0
-0.000179613387 6.0938095e-05 0.0
-0.000174250628 4.61465752e-05 0.0
-0.000146263948 8.79094368e-05 0.0
-0.000154068839 8.72478995e-05 0.0
-0.000161232776 8.46634575e-05 0.0
-0.000163440098 3.67639841e-05 0.0
-0.000158923736 5.6988436e-05 0.0
-0.000126486106 8.60043001e-05 0.0
-0.000143930665 3.28046153e-05 0.0
-0.000169795327 4.03301274e-05 0.0
-0.000178308866 6.86458588e-05 0.0
-0.000174991743 7.51545449e-05 0.0
-0.000105631552 7.01553363e-05 0.0
-0.000144710313 7.21884935e-05 0.0
-0.000113104819 4.25587095e-05 0.0
-0.000104135623 5.62964924e-05 0.0
-0.000299775711 4.8134385e-05 0.0
-0.000313358731 8.01185524e-05 0.0
-0.000334301876 7.34850109e-05 0.0
-0.000321875879 4.23828969e-05 0.0
-0.000295334059 8.36794716e-05 0.0
-0.000282230845 5.54058315e-05 0.0
-0.000346732588 6.32475567e-05 0.0
-0.00030317108 3.71997339e-05 0.0
-0.000323579705 8.59595675e-05 0.0
-0.000339769467 4.43425779e-05 0.0
-0.000272643636 6.27582485e-05 0.0
-0.000282090623 4.5739409e-05 0.0
-0.000282740453 8.32348524e-05 0.0
-0.00030211886 8.99777951e-05 0.0
-0.000313342898 9.05977795e-05 0.0
-0.000290900993 3.8671471e-05 0.0
-0.000315772835 3.30218027e-05 0.0
-0.000326025474 3.31091178e-05 0.0
-0.000334313227 3.63690924e-05 0.0
-0.000335969176 8.28712218e-05 0.0
-0.000343637104 7.80729824e-05 0.0
-0.000347897789 7.18934825e-05 0.0
-0.000272452686 7.10681779e-05 0.0
-0.000275680097 7.74871005e-05 0.0
-0.000351310038 5.57585226e-05 0.0
-0.00034897335 4.82580035e-05 0.0
-0.000296499406 5.9587408e-05 0.0
-0.000302675471 7.36946022e-05 0.0
-0.000193884494 6.44322135e-05 0.0
-0.000262497575 8.10017955e-05 0.0
-0.000195184271 9.22875552e-05 0.0
-0.000264809118 5.96843784e-05 0.0
-0.000199676215 4.45631376e-05 0.0
-0.000262336805 9.9723693e-05 0.0
-0.000176965783 7.96318855e-05 0.0
-0.000203419811 0.00010980646 0.0
-0.000249299861 4.18687523e-05 0.0
-0.000277837593 7.30216125e-05 0.0
-0.000173570152 5.68575961e-05 0.0
-0.00024562559 0.000110260175 0.0
-0.000177250942 0.000102060803 0.0
-0.000275343569 9.38313897e-05 0.0
-0.000208351819 3.20189902e-05 0.0
-0.00028064131 6.02862601e-05 0.0
-0.000276716863 5.08222656e-05 0.0
-0.000267370982 4.3082684e-05 0.0
-0.000281390356 8.38248088e-05 0.0
-0.000168821367 6.84921179e-05 0.0
-0.00018136033 4.577238e-05 0.0
-0.000245341973 8.99762526e-05 0.0
-0.000186208912 0.000110928726 0.0
-0.000170843719 9.16740028e-05 0.0
-0.000239047338 3.08260423e-05 0.0
-0.000213299762 0.000119417018 0.0
-0.000228979319 0.000118366501 0.0
-0.000223853815 2.93387493e-05 0.0
-0.000245941221 6.64559848e-05 0.0
-0.000259256572 0.000111127491 0.0
-0.000461819902 0.000146022881 0.0
-0.000444341829 0.000116229057 0.0
-0.000435865979 0.000151821354 0.0
-0.000426610961 0.000118146723 0.0
-0.000415345887 0.000128549786 0.0
-0.000475088455 0.000139809665 0.0
-0.000460953597 0.000111585177 0.0
-0.000451452681 0.000156936178 0.0
-0.000421070989 0.000151863846 0.0
-0.000436802598 0.000109111177 0.0
-0.000471481035 0.00015434144 0.0
-0.000432599249 0.000161927223 0.0
-0.00047203849 0.000118120624 0.0
-0.000454388675 0.00010562114 0.0
-0.000482726493 0.000133296067 0.0
-0.000408196793 0.000135286013 0.0
-0.000414898561 0.000119410906 0.0
-0.0004263671 0.00011030399 0.0
-0.000445401907 0.000104760489 0.0
-0.000419560587 0.00011359487 0.0
-0.000478226837 0.000148593244 0.0
-0.000462759839 0.000159013143 0.0
-0.000442855293 0.00016276825 0.0
-0.00042388041 0.000159455725 0.0
-0.000480369024 0.000125231018 0.0
-0.000408539316 0.000142883509 0.0
-0.000411323854 0.000149520216 0.0
-0.000429091073 0.000129067761 0.0
-0.000454637746 0.000122308396 0.0
-0.000471676671 0.000110961439 0.0
-0.000448338978 0.000147216575 0.0
-9.68505628e-05 3.97214426e-05 0.0
-0.00013221438 2.28163353e-05 0.0
-6.458805e-05 -6.7968831e-06 0.0
-9.73840361e-05 -2.20901766e-05 0.0
-0.000147692568 8.87815986e-06 0.0
-0.000122612983 4.25912258e-05 0.0
-7.40748364e-05 -2.41037214e-05 0.0
-0.000119718665 -2.67272353e-05 0.0
-7.40134055e-05 4.54721121e-05 0.0
-4.76365894e-05 6.48168725e-06 0.0
-9.88579559e-05 5.77979117e-05 0.0
-4.93494153e-05 -1.55118832e-05 0.0
-0.000148949242 3.20845757e-05 0.0
-9.53592171e-05 -3.56173914e-05 0.0
-4.71741041e-05 2.50365629e-05 0.0
-5.59953878e-05 3.84966843e-05 0.0
-0.000146329854 -9.01810563e-06 0.0
-0.000138031042 -2.11076349e-05 0.0
-0.00015414886 2.12982941e-05 0.0
-0.000139845157 4.23953097e-05 0.0
-8.18442859e-05 -3.38843056e-05 0.0
-0.000108830311 -3.51543349e-05 0.0
-0.000113914793 5.56758241e-05 0.0
-8.45003669e-05 5.68376927e-05 0.0
-4.2553922e-05 -5.91486514e-06 0.0
-5.87022696e-05 -2.37689819e-05 0.0
-0.000156400813 -1.03647096e-06 0.0
-3.73851144e-05 1.65344027e-05 0.0
-0.000108406603 2.15479649e-05 0.0
-8.79028667e-05 -6.31879993e-06 0.0
-0.000553435937 0.000138580566 0.0
0.000122938334 -1.01724427e-05 0.0
-0.000619762286 0.000140553762 0.0
0.000132875197 2.93438939e-06 0.0
-0.000541255285 0.000161355536 0.0
-0.000458262861 9.81565172e-05 0.0
-0.000653309864 0.000180711038 0.0
6.93161855e-05 3.75834752e-05 0.0
-0.000263809052 0.000115086499 0.0
2.6366788e-05 -1.24301214e-05 0.0
-0.000264191942 2.32155053e-05 0.0
-0.00060598558 0.000124619793 0.0
6.06538415e-05 3.10482101e-05 0.0
-0.000249260862 0.00010319439 0.0
-4.28859785e-05 5.09683487e-05 0.0
0.000226647855 -3.63067811e-05 0.0
-0.000521444716 9.95578303e-05 0.0
-5.37566393e-06 4.13823254e-05 0.0
-0.000347392372 8.90641386e-05 0.0
-0.000881828484 0.000150403881 0.0
-0.000226077304 5.94491976e-05 0.0
-0.000465462508 0.000103598431 0.0
-0.000608203933 0.000168067898 0.0
0.000143637531 -1.93849719e-05 0.0
-0.000370806461 9.13563345e-05 0.0
4.01112011e-05 2.29001962e-05 0.0
0.000200323586 -3.98940574e-05 0.0
-0.000549680728 6.82898026e-05 0.0
-0.000796960434 0.000157436982 0.0
0.000180441915 1.37994111e-05 0.0
-0.000303954235 9.16891659e-05 0.0
-0.000261615554 8.79626605e-05 0.0
-0.000688001572 0.00017243062 0.0
5.11255566e-05 3.35525256e-05 0.0
-0.000407015119 7.73588472e-05 0.0
-0.000294130441 8.62659144e-05 0.0
-0.000316980848 8.81932647e-05 0.0
-0.000677524251 0.000194959022 0.0
-0.000463557546 8.84938054e-05 0.0
-0.000569486059 0.000186974154 0.0
-0.000299867563 4.00791178e-05 0.0
-0.000470797037 0.000134690694 0.0
-0.000601132284 0.000151256405 0.0
7.74915607e-05 1.96326928e-05 0.0
-0.000520886621 0.000133040652 0.0
9.66523148e-05 -2.34887775e-05 0.0
1.60981963e-05 4.5048535e-05 0.0
-7.90444974e-05 7.96636959e-05 0.0
-2.7325359e-05 3.07176415e-05 0.0
-0.000617252372 0.00014177183 0.0
-0.000702818797 0.000196523339 0.0
-0.000674204901 0.000127539359 0.0
0.000233195606 -4.5762823e-05 0.0
-0.000251552701 5.91925573e-06 0.0
-5.99441337e-05 -5.33884668e-06 0.0
-4.22655539e-05 -2.78846819e-05 0.0
-0.000206808996 4.19015487e-05 0.0
-0.000525977288 0.000128455562 0.0
0.000265248324 -4.88154692e-05 0.0
2.13062067e-05 2.93307439e-05 0.0
3.80401179e-05 3.48550129e-05 0.0
0.000211397404 -3.78404147e-05 0.0
-0.000306041533 0.000116249772 0.0
-0.000185391094 8.48898417e-05 0.0
-3.01131386e-05 4.07956722e-05 0.0
0.000126317158 -5.70686689e-06 0.0
-9.13577242e-05 3.67532048e-05 0.0
4.38212955e-05 2.84266698e-05 0.0
-0.000642528757 0.000105557461 0.0
-9.41744656e-05 6.89483204e-05 0.0
4.13413582e-05 3.77625947e-05 0.0
-0.000619005354 0.000186593243 0.0
0.000155395581 2.65734616e-05 0.0
0.000200761657 -3.03470661e-05 0.0
-0.000574459147 0.000113107431 0.0
3.40812912e-05 3.71486058e-05 0.0
-2.64006267e-05 2.63252987e-05 0.0
-0.000626997964 0.000101272723 0.0
-0.000751245709 0.000153042216 0.0
-0.000669690256 0.000188142338 0.0
-0.000262632791 4.44571851e-05 0.0
-0.000502673676 0.000114314353 0.0
-0.000359639322 2.06021778e-05 0.0
-0.000227226759 1.90780938e-05 0.0
8.82317472e-05 4.50703883e-05 0.0
-0.000531080063 0.000122353842 0.0
-0.000432904053 8.59123975e-05 0.0
-0.000917065656 0.000149919564 0.0
-0.000353131065 0.000115500152 0.0
-0.000414258393 9.5857773e-05 0.0
0.000165182006 3.7865484e-05 0.0
-0.000373855262 6.72693568e-05 0.0
-0.00010880956 3.25462242e-05 0.0
-0.00043325845 8.24580784e-05 0.0
-0.000410305511 0.000109990404 0.0
-0.000326023757 5.707542e-05 0.0
-0.000412550871 7.36262227e-05 0.0
-0.000605662121 0.000161986609 0.0
7.67393212e-05 -2.12897999e-06 0.0
-0.000491724524 6.11844371e-05 0.0
-0.000234633568 0.000100606463 0.0
-5.10818211e-07 3.61824932e-05 0.0
-0.000277507235 0.000106146093 0.0
-0.000305598776 0.000117842064 0.0
-0.000875788508 0.000153267465 0.0
-0.000324836205 0.000101900776 0.0
-0.000202883894 5.89203519e-05 0.0
-9.55938413e-06 -3.0088926e-05 0.0
-0.000528866251 5.28643504e-05 0.0
0.000237555781 3.94179415e-06 0.0
0.00017501702 -2.23712286e-05 0.0
-0.000860439846 0.000204860567 0.0
-0.00079248962 0.000155163987 0.0
-0.00085614057 0.000146898121 0.0
-0.000808110693 0.000158701558 0.0
-0.000754117442 0.000127893829 0.0
-0.000285752612 7.75518783e-05 0.0
-0.000567330339 0.000105763982 0.0
-0.000249793753 0.000122432815 0.0
-0.000364219159 7.90933846e-05 0.0
-0.000654495379 0.000138915813 0.0
-0.000291246484 9.07364956e-05 0.0
-0.000332825672 0.000111655092 0.0
-0.00055907655 0.000148349063 0.0
0.000114168113 1.86009729e-05 0.0
-0.000282420195 2.95950267e-05 0.0
-0.000153677465 6.84005281e-05 0.0
-0.000709537941 0.000210460959 0.0
-0.000709026761 0.0001796875 0.0
-0.000260444998 0.000117351017 0.0
-0.000215170512 5.59186556e-05 0.0
-0.000552893209 0.000129208478 0.0
-0.00049854361 0.000172265703 0.0
-2.38201101e-05 4.76710557e-05 0.0
-0.000361234212 9.90081753e-05 0.0
-0.000485953351 0.000113041984 0.0
-0.00046728173 7.01890167e-05 0.0
-0.000381135556 0.000106665124 0.0
-6.60769001e-05 5.15960892e-05 0.0
-0.000701768091 0.000204384734 0.0
0.000269240991 -4.6957357e-05 0.0
0.000158872048 -2.54918796e-05 0.0
-0.000296141196 4.15803042e-05 0.0
-0.000272756704 6.78399665e-05 0.0
0.000184236545 -2.99101357e-05 0.0
-7.11709727e-05 5.73574762e-05 0.0
-0.000202643438 6.32049559e-05 0.0
0.000108526729 -2.06293807e-05 0.0
0.000232798542 -4.21980694e-05 0.0
0.000118097705 2.16310073e-05 0.0
0.0002392061 1.84116507e-05 0.0
0.000229989688 -3.37553174e-05 0.0
8.43005764e-05 -1.44007317e-05 0.0
-8.98222424e-05 9.28214868e-05 0.0
7.34282876e-05 4.05305873e-05 0.0
-0.000245487783 3.61605157e-06 0.0
-0.000341517298 0.00011125669 0.0
-0.000644709507 0.000119491007 0.0
-8.65212587e-06 3.21984589e-05 0.0
-0.000250591867 7.34344067e-05 0.0
-0.000893913268 0.000192003092 0.0
-0.000579923973 0.000181293392 0.0
-0.000530442572 0.000113751841 0.0
-0.000494901265 0.000132714908 0.0
0.000317647762 1.91756535e-05 0.0
-0.000423196005 7.52076448e-05 0.0
-0.000652877672 0.000109362445 0.0
-0.000631633447 0.000138316551 0.0
-0.000720763288 0.000106098545 0.0
-0.000496683642 0.000108110849 0.0
-0.000237835615 9.03564724e-05 0.0
-0.000306023576 2.94092115e-06 0.0
-0.000443723897 0.0001000829 0.0
-0.000936403056 0.000159355695 0.0
-0.00066494901 0.000195014334 0.0
-3.04793721e-05 4.74145781e-05 0.0
-0.000504598604 0.000106953514 0.0
0.000121339501 4.03572521e-05 0.0
-0.000640600047 0.000173228356 0.0
9.70523179e-05 1.3046666e-05 0.0
-0.000695042778 0.000134048867 0.0
-0.000963881204 0.000162806537 0.0
-0.000408313586 8.1744889e-05 0.0
-7.23980475e-06 -2.28964836e-05 0.0
-0.000734732195 0.000202533774 0.0
-6.76492273e-05 3.42990425e-05 0.0
-0.000987499836 0.000164079698 0.0
-0.000398556789 0.000101902762 0.0
-0.000675192801 0.00012589735 0.0
-0.000735118927 0.000147737272 0.0
0.000247298362 -6.03519766e-05 0.0
-0.000774379412 0.000194663808 0.0
-2.10701855e-05 4.01507823e-05 0.0
-0.000601018255 9.30166862e-05 0.0
-0.000109393237 8.40632856e-05 0.0
-0.000587667222 6.27123081e-05 0.0
-0.000391564856 9.33969059e-05 0.0
-0.000229926693 3.41387545e-06 0.0
-0.000910371833 0.000158549592 0.0
-0.000555904757 0.000139707379 0.0
-0.000583794434 0.000169021252 0.0
8.8651148e-05 1.5471187e-05 0.0
0.000296995655 -5.81195709e-05 0.0
-0.00019310537 6.95389681e-05 0.0
0.000167001024 -2.01652383e-05 0.0
-0.000665736035 0.000174848145 0.0
-0.000774226093 0.000161104472 0.0
-0.000253164471 3.780107e-05 0.0
-0.000568353978 0.000118172611 0.0
0.000205871242 2.32366801e-05 0.0
-0.000733929512 0.000132808578 0.0
0.000241515809 -6.34257667e-05 0.0
-0.000411153189 9.16410645e-05 0.0
-8.12305516e-05 1.91335107e-06 0.0
-0.000893066695 0.000142021119 0.0
-0.000239818852 2.57245083e-05 0.0
-0.000580065942 0.000130785716 0.0
0.000120451521 3.36963094e-05 0.0
0.000175006731 -6.90143634e-06 0.0
9.04220651e-05 2.9659966e-06 0.0
2.78920197e-05 3.79258272e-05 0.0
-0.000352390314 3.70737253e-05 0.0
-0.000634971599 0.000196326146 0.0
-0.000822826463 0.000158799478 0.0
-0.000611969968 9.25207059e-05 0.0
-6.86803251e-05 2.67362211e-05 0.0
6.60697333e-05 -2.17734887e-05 0.0
-9.77392992e-05 -1.91489635e-05 0.0
-0.000307365903 8.07428223e-05 0.0
-0.00059497566 0.000187950718 0.0
-0.00076277944 0.00014754766 0.0
-0.000483122916 4.5867575e-05 0.0
-0.000402141362 5.65474693e-05 0.0
0.000197557893 8.66409573e-06 0.0
-0.00018316129 5.22071896e-05 0.0
-0.00069945259 0.000198349167 0.0
8.14334417e-05 2.54430943e-05 0.0
-0.000727207109 0.000175902547 0.0
-0.000345956476 0.000110335 0.0
-1.41919863e-05 -3.00840475e-05 0.0
-0.000441104465 0.000112348796 0.0
-0.000214958694 4.5176992e-05 0.0
0.000189147962 -3.08003982e-05 0.0
-0.000949452689 0.000158219351 0.0
0.000133050766 8.87839542e-06 0.0
-0.000237536078 2.95597329e-05 0.0
-0.000871902565 0.00020838152 0.0
0.000202184179 -3.09592906e-05 0.0
-0.000604891742 0.000107748951 0.0
7.91480416e-05 2.60287779e-05 0.0
-0.000534181076 0.000107681517 0.0
-1.87574406e-05 4.09224376e-05 0.0
0.000135392431 -1.55224898e-05 0.0
1.28162146e-05 3.15724719e-05 0.0
-0.000817126653 0.000191793297 0.0
-0.000342129904 0.00013366279 0.0
-0.000651996292 0.000113228132 0.0
-0.000321297237 4.1681833e-05 0.0
-1.74529541e-05 3.65601663e-05 0.0
-0.000495928398 0.000124869213 0.0
-0.000715452363 0.000118489363 0.0
-0.000160759941 5.00572241e-05 0.0
0.000273426762 -5.43083552e-05 0.0
-0.000359196187 0.000127229505 0.0
-0.000270962104 5.45223957e-05 0.0
-0.00020015653 1.82264521e-05 0.0
-0.000728589424 0.000212500687 0.0
-5.46226911e-05 3.60752747e-05 0.0
-0.000237418237 7.49063693e-05 0.0
-0.000149588988 6.63847604e-05 0.0
-0.000832325022 0.000156561771 0.0
-0.000731170061 0.000156250753 0.0
7.64451106e-05 1.5596941e-05 0.0
-0.000519303954 0.000126508312 0.0
-0.000406906795 3.17407212e-05 0.0
-0.000719695934 9.46025029e-05 0.0
-0.000875071972 0.000201588962 0.0
-0.000383470207 7.9916972e-05 0.0
-0.000641269085 0.000176068221 0.0
-0.000239773159 3.40819315e-05 0.0
-7.51392145e-05 2.69002921e-05 0.0
-0.000170218264 4.63437573e-05 0.0
-0.000798396708 0.000155315298 0.0
0.000177749418 2.50177482e-06 0.0
-0.000429478852 6.04345551e-05 0.0
-0.000539397006 0.000173734021 0.0
-0.000873690296 0.000158101888 0.0
-0.000196771289 9.27165966e-05 0.0
-0.000217586698 6.0419552e-05 0.0
-0.000139922064 5.98354054e-05 0.0
-0.000290480006 0.00010358022 0.0
-0.000307305309 0.000105772262 0.0
-0.000113613904 4.66982929e-05 0.0
0.000336945523 1.88343402e-05 0.0
-0.000139700773 -1.30395974e-05 0.0
-0.000433805748 8.91442178e-05 0.0
-8.68758871e-05 2.70863165e-05 0.0
-0.000125484876 6.60442092e-05 0.0
-0.000354213495 5.13683626e-05 0.0
-0.000718853378 0.000213729611 0.0
-7.21151446e-05 6.7638648e-05 0.0
0.000225299867 3.74285719e-06 0.0
-0.000738276402 9.71180198e-05 0.0
-5.42619127e-05 6.71742018e-05 0.0
-0.000782115734 0.000187920465 0.0
-0.000144934427 6.40197322e-05 0.0
-1.20770346e-05 5.29112112e-05 0.0
-0.000219450594 4.48086139e-05 0.0
6.07035181e-05 3.5616813e-05 0.0
-0.00051981461 5.50435543e-05 0.0
-0.000562480302 0.000129244014 0.0
-0.000644638028 0.000122993064 0.0
-0.00025748217 9.21497558e-05 0.0
-0.000306998234 6.18836129e-05 0.0
0.000155778718 4.89093763e-05 0.0
2.13322182e-05 3.61711936e-05 0.0
-0.000131459572 4.62367534e-05 0.0
-0.000676281459 0.000188717284 0.0
7.13882837e-05 3.07790615e-05 0.0
-0.000296474231 5.28739874e-05 0.0
-0.000588428986 0.00013389012 0.0
1.25439747e-05 3.45894041e-05 0.0
2.34004128e-05 4.03187514e-05 0.0
-0.000121474011 0.000102447455 0.0
-0.000452166394 0.000101502555 0.0
-0.000710779452 0.000139924683 0.0
-0.000471682375 0.000100369718 0.0
1.62027391e-05 2.9422943e-05 0.0
-0.000310698233 6.11424985e-05 0.0
-0.000792632811 0.000192843843 0.0
-0.000580154941 0.000173048305 0.0
-0.000538385764 0.000148090723 0.0
-0.000644618005 0.00016865661 0.0
0.000323528657 -1.01200967e-05 0.0
-0.000662765349 0.000150230539 0.0
-0.000434863847 0.000121216079 0.0
-0.000147632003 4.68644466e-05 0.0
-0.000723415404 0.000144165882 0.0
-0.000374393363 0.00011610931 0.0
-0.000646056491 0.000137903611 0.0
-0.000337654521 0.000108698507 0.0
-0.000724624377 0.000205200457 0.0
0.000322114036 -2.7320606e-05 0.0
-0.00052679301 0.000175584617 0.0
-0.000728664047 8.90815645e-05 0.0
-0.000359450612 8.13318838e-05 0.0
-0.000579512678 7.64230208e-05 0.0
-0.000669502188 0.000189359911 0.0
-0.000132747984 5.22908667e-05 0.0
-0.000623260508 0.000166479978 0.0
-0.000333533331 8.6977001e-05 0.0
-4.37014605e-05 3.08013368e-05 0.0
0.00014542976 -1.54565587e-05 0.0
0.00033227558 -8.64661797e-06 0.0
2.45690608e-05 -2.28133904e-05 0.0
-0.000764364551 0.000203688673 0.0
-0.000172285028 5.29761091e-05 0.0
-0.000712790876 0.000106667336 0.0
-0.000582247856 0.00014790376 0.0
-0.000281932094 3.25835972e-05 0.0
8.4196683e-05 3.35768927e-05 0.0
-0.000332477532 9.21104656e-05 0.0
-0.00070946943 0.000119887227 0.0
-0.000326058798 0.000111223162 0.0
-0.000394938223 0.00010142164 0.0
-0.0002127841 -8.104279e-06 0.0
-0.000136349932 4.10689499e-05 0.0
0.000239990128 -4.23764541e-05 0.0
0.000196776076 4.36039263e-05 0.0
-5.6976769e-05 5.19282148e-05 0.0
-0.000527396449 0.000123591482 0.0
-0.000100569276 5.68988435e-05 0.0
-0.000125671111 5.28913079e-05 0.0
-2.01699168e-05 4.06838371e-05 0.0
-0.000687345921 0.000200926341 0.0
1.70849871e-05 3.44293694e-05 0.0
-5.94187004e-05 -2.34481377e-05 0.0
-0.000492794439 0.000112106456 0.0
-0.000279812812 3.78435834e-05 0.0
-0.000285014132 0.000104455896 0.0
0.000228458637 -6.55173744e-06 0.0
-0.000684505329 0.000145083017 0.0
-0.000617011683 0.000152800712 0.0
-0.000208944373 5.93652185e-05 0.0
4.43065892e-06 4.61180789e-05 0.0
-0.000420577126 0.000121721831 0.0
-0.000678450684 0.0001163173 0.0
-0.000602537417 0.000100615958 0.0
-0.000301262975 1.35876098e-05 0.0
0.000172035579 -2.2004544e-05 0.0
-5.29337412e-05 6.17982514e-05 0.0
-0.000253543811 0.000120376673 0.0
-0.000572108431 0.000122223122 0.0
-0.000181573851 4.65249213e-05 0.0
-0.000581587316 0.000181748022 0.0
-0.000675293966 0.000121578603 0.0
-0.000120357356 9.61174665e-05 0.0
7.69631879e-06 -3.68997244e-05 0.0
-9.97685038e-06 3.89962952e-05 0.0
0.000111873705 4.34609938e-05 0.0
-0.000498017063 0.000124883401 0.0
-0.000396362535 0.000121866797 0.0
-2.37898676e-05 4.84472694e-05 0.0
0.000111546178 -2.11045499e-05 0.0
5.77979008e-05 2.54444731e-05 0.0
-0.000466160447 0.000154689813 0.0
-8.598774e-05 -2.14002139e-05 0.0
0.000298472907 -5.44291761e-05 0.0
-0.000452708948 4.37905801e-05 0.0
-0.000507512246 0.000154122303 0.0
0.000304942456 -5.81785025e-05 0.0
-0.000355714554 0.000107021617 0.0
-2.78616517e-05 -2.62700746e-06 0.0
-0.00026503051 0.000109868772 0.0
0.000331528165 -2.59335993e-05 0.0
2.51829879e-05 1.6421187e-05 0.0
-0.000855180668 0.000198240363 0.0
-0.0005202787 6.98152289e-05 0.0
-0.000434356334 5.11612197e-05 0.0
-0.000350648421 7.14490961e-05 0.0
-0.000357951125 0.00012673148 0.0
-5.86004571e-05 -1.70350395e-05 0.0
-0.000171832333 5.72358804e-05 0.0
-7.15052302e-05 4.86747631e-05 0.0
0.000124549231 5.88840658e-06 0.0
-0.000608881121 0.000122814541 0.0
-0.000326116133 8.88660143e-05 0.0
-0.000527344237 8.55942781e-05 0.0
-0.000670092937 0.000116596377 0.0
-0.000929318368 0.000170193263 0.0
-0.000239883855 6.10933785e-05 0.0
-0.000208179234 8.51387958e-05 0.0
0.000250081648 -6.39986465e-05 0.0
-8.93797696e-05 2.88279098e-05 0.0
-0.000755078043 0.000161222575 0.0
-0.000174256362 0.000104788582 0.0
-0.000253445643 1.29236041e-05 0.0
-0.000387089094 6.8493151e-05 0.0
0.000216308661 -4.45280712e-05 0.0
-0.000645495369 0.000125219725 0.0
-0.000573917001 0.000137533265 0.0
4.64278564e-05 3.1831707e-05 0.0
0.000270334946 -6.23166343e-05 0.0
0.000263780094 -5.29715035e-05 0.0
-0.000251150574 2.35824245e-05 0.0
-0.000482343166 5.46481206e-05 0.0
-0.000492615509 0.000109745153 0.0
-0.000780060305 0.000161118456 0.0
-0.000157678704 6.10915667e-05 0.0
-0.000482841977 0.000109160355 0.0
-0.000185477023 2.30070036e-05 0.0
-0.000243162503 7.57689631e-05 0.0
-2.53119288e-05 4.33382374e-05 0.0
-0.000385632913 5.377243e-05 0.0
-0.000522442628 0.000109268331 0.0
1.95855882e-05 2.28282806e-06 0.0
2.77470899e-05 3.7609876e-05 0.0
-0.000579827582 0.000133120411 0.0
0.000371430971 1.12446978e-05 0.0
-0.000501469651 5.54416183e-05 0.0
-0.000334318669 7.22081459e-05 0.0
-0.000833684928 0.000174885703 0.0
-0.00100747368 0.000173489781 0.0
0.000121900041 -2.70859582e-05 0.0
-0.000202822441 7.65437653e-06 0.0
0.000214593994 -4.42778328e-05 0.0
-0.000846981129 0.000152037246 0.0
-0.00017212634 8.63522073e-05 0.0
-0.000564254238 0.000123654652 0.0
-0.000909450056 0.000169576757 0.0
-0.000607855211 0.000108651562 0.0
0.000289733231 1.80322604e-05 0.0
-0.000393087917 9.46358268e-05 0.0
-0.000309397816 4.43352874e-05 0.0
2.78772986e-05 3.39023245e-05 0.0
-2.14181437e-05 3.93616574e-05 0.0
-0.00062794151 0.000189714818 0.0
-0.000458051742 9.7225522e-05 0.0
-0.000175278838 7.92105056e-05 0.0
0.000240816589 -4.04630046e-05 0.0
0.000227094148 1.62022479e-05 0.0
-0.000480403105 5.65950213e-05 0.0
0.000162551427 -3.26155314e-05 0.0
-0.000623136468 7.67468737e-05 0.0
0.000206650875 -2.97496954e-05 0.0
-0.000269893673 3.3345088e-05 0.0
-9.47073495e-05 3.62863125e-06 0.0
-0.00039807547 3.94386807e-05 0.0
-0.000298188621 6.34329335e-05 0.0
0.000100367339 3.4262197e-05 0.0
-0.000622493098 0.000117626078 0.0
-0.000532335253 8.87511342e-05 0.0
-0.000351334951 0.000136772782 0.0
-0.000978756114 0.000168723971 0.0
-0.000399723329 7.50307081e-05 0.0
-3.04791429e-05 5.82561297e-05 0.0
-0.000683606835 0.000193768108 0.0
-0.000657251454 0.000198216163 0.0
0.000162726021 -2.08011807e-05 0.0
-0.000522580987 0.000136028917 0.0
-9.9897763e-05 3.02950448e-05 0.0
9.65979998e-05 2.96296894e-05 0.0
-0.000698242628 0.000130400411 0.0
-0.000348988513 0.000104283106 0.0
-0.000461902644 0.000106374151 0.0
-7.16410286e-05 5.90153977e-05 0.0
-0.000918108271 0.000141584052 0.0
-0.000697986747 0.000148672465 0.0
-0.00064573955 0.000117326919 0.0
-0.000330333714 0.000114785471 0.0
-9.64518258e-05 6.17778642e-05 0.0
-0.000598743442 0.000116321389 0.0
-0.000617477228 9.87787644e-05 0.0
-0.000618730963 0.000194853666 0.0
-0.000356829871 8.50624056e-05 0.0
-0.000913735304 0.000215843043 0.0
8.30730205e-05 1.15878793e-05 0.0
-0.000414906477 0.000103241189 0.0
-3.39372746e-05 -2.12217619e-05 0.0
-0.000386248401 0.000102098689 0.0
-0.000441460288 0.00010040246 0.0
-0.000649961585 0.00018368756 0.0
4.08490196e-05 3.66757849e-05 0.0
0.000117340984 1.69879495e-05 0.0
-0.000858551881 0.000192409221 0.0
-5.38682398e-05 6.30145223e-05 0.0
-0.000377721677 1.92604948e-05 0.0
-0.000625935441 0.000193182073 0.0
0.0003240027 -4.42074306e-05 0.0
-0.000739183452 0.0001328496 0.0
-0.000833946804 0.000171512787 0.0
-0.000579202373 0.000151824395 0.0
-0.000190072155 1.98266025e-05 0.0
-0.00029386612 5.68412579e-05 0.0
0.000204473632 -4.02425212e-05 0.0
-3.56187138e-06 -1.17127902e-05 0.0
-0.00048822083 9.28564186e-05 0.0
-0.000523822964 0.000107111868 0.0
0.000169053412 3.36519952e-05 0.0
-0.000722849276 0.000204366894 0.0
-0.000436046015 4.01372308e-05 0.0
0.000164809549 -2.28277622e-05 0.0
-0.000201671181 9.04923363e-05 0.0
-0.000134509479 6.2716601e-05 0.0
0.000172487955 -1.65229121e-05 0.0
-0.000601789798 8.06213357e-05 0.0
-0.00022430603 9.95286391e-05 0.0
-0.000849501812 0.00018592483 0.0
-0.00045482826 9.47027074e-05 0.0
-0.000771190214 0.000197798945 0.0
-0.000399587851 0.000108360517 0.0
0.000127018124 4.32608867e-05 0.0
-0.000374141004 0.000123995371 0.0
-0.000839890155 0.000159427189 0.0
0.000129523571 -1.75888306e-06 0.0
-0.000481700437 0.000125326042 0.0
-0.000629014627 0.000182025266 0.0
-0.000288924348 0.000117678472 0.0
3.17994491e-05 -4.19597854e-05 0.0
7.90390623e-05 2.4347888e-05 0.0
