-4.61937525e-05 1.36004255e-05 0.0
-4.7777703e-05 -2.17966516e-07 0.0
-5.00278293e-05 3.97354597e-06 0.0
-4.31091466e-05 8.29294731e-06 0.0
-0.000101368467 1.81370051e-05 0.0
-9.30981987e-05 1.69747364e-05 0.0
-8.6243439e-05 1.62570886e-05 0.0
-9.2303846e-05 2.44543971e-05 0.0
-3.04399891e-05 1.62570886e-05 0.0
-3.72947507e-05 1.69747364e-05 0.0
-4.55650188e-05 1.81370051e-05 0.0
-0.000125992869 3.18438288e-05 0.0
-0.000127310166 2.33962655e-05 0.0
-0.000128117652 1.46789425e-05 0.0
-0.000110983739 2.1876167e-05 0.0
8.85875306e-06 -1.02894574e-05 0.0
9.66623429e-06 -1.57213537e-06 0.0
1.09835364e-05 6.87542706e-06 0.0
-0.000105770749 2.88257743e-05 0.0
-0.000107019136 2.66199932e-05 0.0
-0.000108139007 2.40210684e-05 0.0
-9.78737662e-05 2.6508802e-05 0.0
2.88373903e-05 -9.47331159e-07 0.0
2.99572621e-05 1.65159383e-06 0.0
3.12056545e-05 3.85737394e-06 0.0
2.98931227e-05 7.78289814e-06 0.0
2.79303076e-05 -6.66206643e-06 0.0
2.55115046e-05 -1.10388396e-06 0.0
3.16047226e-05 4.38723555e-06 0.0
-5.84088375e-05 2.3447019e-05 0.0
-6.58285935e-05 2.42127917e-05 0.0
-7.2208466e-05 2.47012085e-05 0.0
-6.81560632e-05 9.15589862e-06 0.0
-0.000128011918 2.47012085e-05 0.0
-0.000121632045 2.42127917e-05 0.0
-0.000114212286 2.3447019e-05 0.0
-9.04844201e-05 2.98178675e-05 0.0
-9.15817945e-05 1.33515259e-05 0.0
-9.39240927e-05 1.83642223e-05 0.0
-8.84668043e-05 2.47752287e-05 0.0
-8.02056966e-05 1.65296351e-05 0.0
-8.37389089e-05 8.05512173e-06 0.0
-8.52364683e-05 1.17343043e-05 0.0
-7.85343364e-05 1.16940746e-05 0.0
-1.46407929e-05 1.02931108e-05 0.0
-1.63668792e-05 1.93841447e-06 0.0
-1.81316391e-05 7.80515984e-06 0.0
-1.32196737e-05 4.81799589e-06 0.0
-2.78614589e-05 -1.62921162e-06 0.0
-2.39460151e-05 -1.67483938e-06 0.0
-2.03464333e-05 -1.77817856e-06 0.0
-2.16728968e-05 7.0664646e-06 0.0
-2.57155643e-05 1.30218098e-06 0.0
-2.01268722e-05 2.1162241e-06 0.0
3.54570147e-05 -1.77817856e-06 0.0
3.18574348e-05 -1.67483938e-06 0.0
2.7941991e-05 -1.62921162e-06 0.0
-5.79320877e-05 2.05126798e-05 0.0
-6.07326074e-05 7.70697898e-06 0.0
-6.35059478e-05 1.38835421e-05 0.0
-5.50439945e-05 1.54088448e-05 0.0
-1.67085382e-05 1.07407932e-05 0.0
-1.87857695e-05 2.48911351e-06 0.0
-2.03989075e-05 7.50746085e-06 0.0
-1.41698183e-05 6.03288936e-06 0.0
-3.78009463e-05 1.13455189e-05 0.0
-4.23911879e-05 7.06623769e-06 0.0
-4.22373596e-05 8.26171163e-06 0.0
-3.63794097e-05 9.44400381e-06 0.0
-2.6559248e-05 1.81599662e-05 0.0
-2.91694396e-05 3.87125465e-06 0.0
-2.80032655e-05 1.46911398e-05 0.0
-2.83643913e-05 8.27409986e-06 0.0
-4.90507337e-05 1.56946862e-05 0.0
-5.37415253e-05 1.3146333e-05 0.0
-5.41973677e-05 1.49171365e-05 0.0
-4.9829745e-05 1.52712091e-05 0.0
-8.20097284e-06 1.03471293e-05 0.0
-1.07952928e-05 -5.50951063e-06 0.0
-1.42522676e-05 -6.97871542e-07 0.0
-4.1137373e-06 2.80570066e-06 0.0
-0.000136976407 2.49683999e-05 0.0
0.0 0.0 0.0
5.58034517e-05 0.0 0.0
-8.11729478e-05 2.49683999e-05 0.0
-4.90238162e-05 1.35621376e-05 0.0
-5.15348693e-05 1.29023629e-05 0.0
-5.3653097e-05 1.1922607e-05 0.0
-5.52773381e-05 1.06899752e-05 0.0
-5.63694193e-05 9.2250566e-06 0.0
-5.69795229e-05 7.60767853e-06 0.0
-5.68300529e-05 5.71778355e-06 0.0
-5.5888293e-05 3.71394094e-06 0.0
-5.43356109e-05 1.97160807e-06 0.0
-5.24032366e-05 7.56134853e-07 0.0
-5.01670402e-05 1.74518586e-08 0.0
-4.53785833e-05 7.28564871e-08 0.0
-4.31315675e-05 7.88651278e-07 0.0
-4.1216208e-05 1.83800967e-06 0.0
-3.97351359e-05 3.07266168e-06 0.0
-3.87304281e-05 4.45203841e-06 0.0
-3.81820682e-05 5.87988916e-06 0.0
-3.79797784e-05 7.21192691e-06 0.0
-3.79416233e-05 8.27989425e-06 0.0
-3.81727405e-05 9.23250809e-06 0.0
-4.01878206e-05 1.12611251e-05 0.0
-4.31975204e-05 1.28739184e-05 0.0
-4.67110076e-05 6.31290914e-06 0.0
-9.92722198e-05 1.78365499e-05 0.0
-9.65118234e-05 1.74431625e-05 0.0
-8.994378e-05 1.65879865e-05 0.0
-8.7729466e-05 1.63702061e-05 0.0
-8.53781094e-05 1.69945415e-05 0.0
-8.48655327e-05 1.81456089e-05 0.0
-8.49645148e-05 1.95684461e-05 0.0
-8.56999395e-05 2.11151382e-05 0.0
-8.69431897e-05 2.25500535e-05 0.0
-8.85175323e-05 2.36028973e-05 0.0
-9.03532127e-05 2.42237711e-05 0.0
-9.41930048e-05 2.43091272e-05 0.0
-9.59431418e-05 2.38844223e-05 0.0
-9.75906514e-05 2.32333132e-05 0.0
-9.89643086e-05 2.23317147e-05 0.0
-0.000100073135 2.12823452e-05 0.0
-0.000100899764 2.0228721e-05 0.0
-0.000101325393 1.916162e-05 0.0
-3.1926018e-05 1.63702061e-05 0.0
-3.41403284e-05 1.65879865e-05 0.0
-4.07083717e-05 1.74431625e-05 0.0
-4.34687645e-05 1.78365499e-05 0.0
-4.47867242e-05 1.67264461e-05 0.0
-4.30617838e-05 1.51699705e-05 0.0
-4.08927881e-05 1.38726818e-05 0.0
-3.86652027e-05 1.32406685e-05 0.0
-3.64578991e-05 1.32004407e-05 0.0
-3.44760665e-05 1.36844119e-05 0.0
-3.28874848e-05 1.46154935e-05 0.0
-3.14895624e-05 1.55356083e-05 0.0
-0.000126392435 2.95733553e-05 0.0
-0.000126854167 2.68067779e-05 0.0
-0.000127632578 1.9896097e-05 0.0
-0.000127886611 1.69816049e-05 0.0
-0.000125161445 1.40695347e-05 0.0
-0.000122209545 1.40482844e-05 0.0
-0.000119444783 1.4555394e-05 0.0
-0.000116960196 1.54759127e-05 0.0
-0.0001148253 1.67940907e-05 0.0
-0.00011304568 1.84028631e-05 0.0
-0.000111709604 2.01375133e-05 0.0
-0.000110689893 2.35327279e-05 0.0
-0.000111191155 2.53980252e-05 0.0
-0.000112622867 2.75862476e-05 0.0
-0.000114756323 2.97182851e-05 0.0
-0.000117151561 3.1254589e-05 0.0
-0.000119811091 3.20553336e-05 0.0
-0.000122804006 3.22271408e-05 0.0
9.08978564e-06 -7.98679412e-06 0.0
9.34381842e-06 -5.07230243e-06 0.0
1.01222286e-05 1.83837835e-06 0.0
1.05839681e-05 4.60495585e-06 0.0
7.93349227e-06 5.88411331e-06 0.0
5.31564592e-06 4.44665284e-06 0.0
3.30310127e-06 2.75421121e-06 0.0
1.9265658e-06 1.07124959e-06 0.0
1.22901486e-06 -7.18493595e-07 0.0
1.13101692e-06 -2.5552265e-06 0.0
2.07154881e-06 -4.831968e-06 0.0
3.85750991e-06 -7.177935e-06 0.0
6.18623471e-06 -9.05453453e-06 0.0
-0.000106281237 2.79033902e-05 0.0
-0.000107707863 2.51762722e-05 0.0
-0.000107242973 2.33862484e-05 0.0
-0.000106109663 2.30256082e-05 0.0
-0.000104672872 2.29296584e-05 0.0
-0.000102974926 2.30853639e-05 0.0
-0.000101217505 2.35702246e-05 0.0
-9.97523821e-05 2.44500425e-05 0.0
-9.87647363e-05 2.53346643e-05 0.0
-9.81819685e-05 2.59687295e-05 0.0
-9.77893505e-05 2.70619566e-05 0.0
-9.79544639e-05 2.75968177e-05 0.0
-9.83430291e-05 2.80614859e-05 0.0
-9.88861284e-05 2.84459202e-05 0.0
-9.9646888e-05 2.8655697e-05 0.0
-0.000100815196 2.88423089e-05 0.0
-0.00010234832 2.89947784e-05 0.0
-0.000104108702 2.90526841e-05 0.0
2.92685363e-05 2.07872361e-07 0.0
3.06951624e-05 2.93499011e-06 0.0
2.97113929e-05 3.31547585e-06 0.0
2.85597671e-05 2.57959005e-06 0.0
2.78524421e-05 1.76997378e-06 0.0
2.76934788e-05 8.51674486e-07 0.0
2.80840941e-05 -8.12062453e-08 0.0
2.78791576e-05 7.54272105e-06 0.0
2.57138545e-05 7.08540847e-06 0.0
2.34740583e-05 6.52850304e-06 0.0
2.13728417e-05 5.58267175e-06 0.0
1.96375349e-05 4.31204171e-06 0.0
1.84368746e-05 2.83557961e-06 0.0
1.77718066e-05 1.21042171e-06 0.0
1.82225322e-05 -6.6352743e-07 0.0
1.99241131e-05 -2.90554681e-06 0.0
2.23602528e-05 -4.90090451e-06 0.0
2.50899193e-05 -6.15187582e-06 0.0
3.07327646e-05 -6.57067631e-06 0.0
3.33538992e-05 -5.93265258e-06 0.0
3.55902412e-05 -4.83479016e-06 0.0
3.73078146e-05 -3.37146935e-06 0.0
3.84259001e-05 -1.63319771e-06 0.0
3.88861918e-05 2.88305188e-07 0.0
3.86265019e-05 2.38417238e-06 0.0
3.76418502e-05 4.40279973e-06 0.0
3.61497332e-05 6.03034732e-06 0.0
3.42071835e-05 7.13847112e-06 0.0
3.19854444e-05 7.74293312e-06 0.0
2.86851191e-05 1.72395221e-06 0.0
-6.17100086e-05 2.38411139e-05 0.0
-6.95883209e-05 2.44961084e-05 0.0
-7.4222211e-05 2.35106618e-05 0.0
-7.58431634e-05 2.19639169e-05 0.0
-7.69850667e-05 2.01296953e-05 0.0
-7.73884894e-05 1.79612289e-05 0.0
-7.6942335e-05 1.56015612e-05 0.0
-7.58965543e-05 1.33916401e-05 0.0
-7.44037243e-05 1.15598177e-05 0.0
-7.2648967e-05 1.02534013e-05 0.0
-7.06741484e-05 9.48889192e-06 0.0
-6.51787996e-05 9.28627196e-06 0.0
-6.22066655e-05 9.97487678e-06 0.0
-5.96027276e-05 1.1164444e-05 0.0
-5.75756749e-05 1.27060075e-05 0.0
-5.62573441e-05 1.44742435e-05 0.0
-5.54159342e-05 1.62728866e-05 0.0
-5.50639306e-05 1.80373336e-05 0.0
-5.51969824e-05 1.9643343e-05 0.0
-5.62484202e-05 2.14648844e-05 0.0
-0.000125391773 2.44961084e-05 0.0
-0.000117513453 2.38411139e-05 0.0
-0.000116537805 2.49273144e-05 0.0
-0.0001190189 2.57833362e-05 0.0
-0.000121486715 2.60883771e-05 0.0
-0.000123838545 2.59159115e-05 0.0
-0.000126011466 2.54006154e-05 0.0
-9.31839459e-05 2.95617392e-05 0.0
-9.57481607e-05 2.87225612e-05 0.0
-9.80024197e-05 2.74971553e-05 0.0
-9.95503069e-05 2.61239129e-05 0.0
-0.000100693906 2.4831681e-05 0.0
-0.000101487647 2.35680382e-05 0.0
-0.000101898499 2.2159431e-05 0.0
-0.000101865815 2.05659398e-05 0.0
-0.000100904712 1.86725374e-05 0.0
-9.9027442e-05 1.65868823e-05 0.0
-9.66838343e-05 1.48670078e-05 0.0
-9.41668623e-05 1.38115583e-05 0.0
-8.91253658e-05 1.34252723e-05 0.0
-8.68373172e-05 1.39591466e-05 0.0
-8.46938783e-05 1.47054106e-05 0.0
-8.27323165e-05 1.58540224e-05 0.0
-8.10986749e-05 1.73261869e-05 0.0
-7.98701731e-05 1.90088285e-05 0.0
-7.94518273e-05 2.09633381e-05 0.0
-7.99816771e-05 2.31280992e-05 0.0
-8.12474173e-05 2.53321232e-05 0.0
-8.30844801e-05 2.72418947e-05 0.0
-8.53058882e-05 2.86377399e-05 0.0
-8.78078354e-05 2.95031787e-05 0.0
-9.12801697e-05 2.1405589e-05 0.0
-8.23391601e-05 1.64837966e-05 0.0
-8.445196e-05 1.60672062e-05 0.0
-8.62388551e-05 1.52584425e-05 0.0
-8.75047772e-05 1.41584114e-05 0.0
-8.82316453e-05 1.29210384e-05 0.0
-8.84023175e-05 1.16507517e-05 0.0
-8.81058077e-05 1.04610299e-05 0.0
-8.74316829e-05 9.4463303e-06 0.0
-8.64805843e-05 8.69254472e-06 0.0
-8.53324891e-05 8.31472607e-06 0.0
-8.17901455e-05 7.93351228e-06 0.0
-7.97153916e-05 8.04187584e-06 0.0
-7.78104368e-05 8.49962089e-06 0.0
-7.61992123e-05 9.19639842e-06 0.0
-7.5076452e-05 1.0280849e-05 0.0
-7.46669321e-05 1.16335732e-05 0.0
-7.50488689e-05 1.32321611e-05 0.0
-7.5969052e-05 1.47133223e-05 0.0
-7.70996121e-05 1.57343602e-05 0.0
-7.83990108e-05 1.62844335e-05 0.0
-8.19655761e-05 1.17496747e-05 0.0
-1.62063607e-05 1.02520735e-05 0.0
-1.7845161e-05 1.02007434e-05 0.0
-1.96276942e-05 1.00005691e-05 0.0
-2.15437485e-05 9.27688689e-06 0.0
-2.30619753e-05 8.0660293e-06 0.0
-2.3677283e-05 6.69144447e-06 0.0
-2.32951825e-05 5.17494345e-06 0.0
-2.23190727e-05 3.8370822e-06 0.0
-2.10506605e-05 2.97216297e-06 0.0
-1.95704397e-05 2.33245032e-06 0.0
-1.79486924e-05 1.95177722e-06 0.0
-1.48631989e-05 2.16402782e-06 0.0
-1.33898975e-05 2.52943255e-06 0.0
-1.20135537e-05 2.99962562e-06 0.0
-1.0790025e-05 3.77561378e-06 0.0
-9.84156122e-06 4.7412027e-06 0.0
-9.27888777e-06 5.83765177e-06 0.0
-9.24749293e-06 6.99634029e-06 0.0
-9.70384099e-06 8.10384518e-06 0.0
-1.05864065e-05 9.03916862e-06 0.0
-1.17886675e-05 9.77097716e-06 0.0
-1.32147015e-05 1.02144841e-05 0.0
-1.55843827e-05 6.23553569e-06 0.0
-2.60471661e-05 -1.65168797e-06 0.0
-2.19999401e-05 -1.6835769e-06 0.0
-1.8667437e-05 -1.47784215e-06 0.0
-1.71526572e-05 -1.02310162e-06 0.0
-1.59750361e-05 -2.70705669e-07 0.0
-1.52082257e-05 7.02355749e-07 0.0
-1.51137529e-05 1.96994483e-06 0.0
-1.59866286e-05 3.65373376e-06 0.0
-1.73586941e-05 5.23396147e-06 0.0
-1.88867434e-05 6.30377099e-06 0.0
-2.02657811e-05 6.83789403e-06 0.0
-2.34288618e-05 7.14411817e-06 0.0
-2.53380422e-05 7.03943215e-06 0.0
-2.71117297e-05 6.59657508e-06 0.0
-2.8639246e-05 5.80433698e-06 0.0
-2.98089963e-05 4.61485342e-06 0.0
-3.03332381e-05 3.19651963e-06 0.0
-3.03406468e-05 1.7037537e-06 0.0
-2.98908362e-05 3.32456153e-07 0.0
-2.90292755e-05 -8.02595537e-07 0.0
3.38035097e-05 -1.6835769e-06 0.0
2.97562838e-05 -1.65168797e-06 0.0
2.94004967e-05 -2.16987291e-06 0.0
3.08307717e-05 -2.2708341e-06 0.0
3.21946427e-05 -2.13683097e-06 0.0
3.36678131e-05 -1.86608952e-06 0.0
-5.95506135e-05 2.03450527e-05 0.0
-6.14278033e-05 1.99535625e-05 0.0
-6.34902754e-05 1.92671196e-05 0.0
-6.53821626e-05 1.82271106e-05 0.0
-6.68804132e-05 1.69738432e-05 0.0
-6.77968928e-05 1.55168982e-05 0.0
-6.80259182e-05 1.387665e-05 0.0
-6.75187985e-05 1.20956065e-05 0.0
-6.64623731e-05 1.03936591e-05 0.0
-6.50274233e-05 9.10118251e-06 0.0
-6.31061775e-05 8.25682673e-06 0.0
-5.81755521e-05 7.61667343e-06 0.0
-5.57491257e-05 7.98096062e-06 0.0
-5.35636391e-05 8.82616769e-06 0.0
-5.18333181e-05 1.01304413e-05 0.0
-5.06503311e-05 1.17440532e-05 0.0
-5.01637878e-05 1.36112649e-05 0.0
-5.03817027e-05 1.5513684e-05 0.0
-5.11903236e-05 1.71810498e-05 0.0
-5.25149517e-05 1.8590641e-05 0.0
-5.42783637e-05 1.96599285e-05 0.0
-5.61441666e-05 2.03308809e-05 0.0
-5.92752622e-05 1.46575921e-05 0.0
-1.82003205e-05 1.05133986e-05 0.0
-1.96447036e-05 1.02300473e-05 0.0
-2.10109993e-05 9.86875693e-06 0.0
-2.22045783e-05 9.20995899e-06 0.0
-2.31055856e-05 8.32486694e-06 0.0
-2.36599426e-05 7.29555177e-06 0.0
-2.37813911e-05 6.20248056e-06 0.0
-2.33956198e-05 5.14167641e-06 0.0
-2.25189178e-05 4.14397937e-06 0.0
-2.13377007e-05 3.30879061e-06 0.0
-2.01694238e-05 2.74946365e-06 0.0
-1.69487212e-05 2.4200308e-06 0.0
-1.49449606e-05 2.69306906e-06 0.0
-1.31220868e-05 3.34323067e-06 0.0
-1.15636076e-05 4.20915512e-06 0.0
-1.05556983e-05 5.16675073e-06 0.0
-1.01191254e-05 6.1823639e-06 0.0
-1.01969599e-05 7.27218685e-06 0.0
-1.08389395e-05 8.42260306e-06 0.0
-1.19638571e-05 9.46282762e-06 0.0
-1.34735801e-05 1.0260901e-05 0.0
-1.51282411e-05 1.06701418e-05 0.0
-1.74717134e-05 6.7644296e-06 0.0
-3.95084571e-05 1.12494417e-05 0.0
-4.10013527e-05 1.08608983e-05 0.0
-4.22643752e-05 1.02830372e-05 0.0
-4.3156906e-05 9.69233315e-06 0.0
-4.36923328e-05 9.10728886e-06 0.0
-4.3925982e-05 8.55544567e-06 0.0
-4.38739517e-05 8.08972163e-06 0.0
-4.37441922e-05 7.81303061e-06 0.0
-4.37174058e-05 7.72522344e-06 0.0
-4.37461749e-05 7.75133594e-06 0.0
-4.00279241e-05 6.41718361e-06 0.0
-3.77346987e-05 6.24471295e-06 0.0
-3.56349337e-05 6.47021216e-06 0.0
-3.38529935e-05 7.15842816e-06 0.0
-3.26539594e-05 8.11724021e-06 0.0
-3.25120964e-05 9.29128782e-06 0.0
-3.29863396e-05 1.01607638e-05 0.0
-3.35483455e-05 1.0574433e-05 0.0
-3.45579974e-05 1.08138711e-05 0.0
-3.60499726e-05 1.11058871e-05 0.0
-3.96619362e-05 8.75672777e-06 0.0
-2.94188922e-05 1.78976516e-05 0.0
-3.20136278e-05 1.70532421e-05 0.0
-3.38021964e-05 1.58202893e-05 0.0
-3.53155447e-05 1.46059501e-05 0.0
-3.6349833e-05 1.32335836e-05 0.0
-3.69639856e-05 1.17639838e-05 0.0
-3.72534923e-05 1.04250621e-05 0.0
-3.72848262e-05 9.43114628e-06 0.0
-3.72303184e-05 8.48927903e-06 0.0
-3.51039016e-05 6.36818277e-06 0.0
-3.21128427e-05 4.71737894e-06 0.0
-2.63699894e-05 3.83384349e-06 0.0
-2.3712053e-05 4.48281844e-06 0.0
-2.14640422e-05 5.63571166e-06 0.0
-1.97476165e-05 7.2301782e-06 0.0
-1.88680951e-05 9.30565875e-06 0.0
-1.85689751e-05 1.12036669e-05 0.0
-1.87006972e-05 1.29855034e-05 0.0
-1.93381347e-05 1.46245193e-05 0.0
-2.03814452e-05 1.60482195e-05 0.0
-2.18688183e-05 1.71303636e-05 0.0
-2.39255387e-05 1.78063437e-05 0.0
-2.83099434e-05 1.16648598e-05 0.0
-5.09587007e-05 1.64020857e-05 0.0
-5.26653275e-05 1.6782913e-05 0.0
-5.42260386e-05 1.68844545e-05 0.0
-5.55430706e-05 1.68309052e-05 0.0
-5.65611299e-05 1.65549845e-05 0.0
-5.71834462e-05 1.60824911e-05 0.0
-5.73250727e-05 1.53701603e-05 0.0
-5.69214244e-05 1.44147198e-05 0.0
-5.6208286e-05 1.36399112e-05 0.0
-5.53308746e-05 1.32202085e-05 0.0
-5.44666509e-05 1.3071558e-05 0.0
-5.30273974e-05 1.34174898e-05 0.0
-5.20184803e-05 1.36447425e-05 0.0
-5.092012e-05 1.37104043e-05 0.0
-4.99569505e-05 1.39139629e-05 0.0
-4.92273321e-05 1.43175221e-05 0.0
-4.8731592e-05 1.47878018e-05 0.0
-4.85425662e-05 1.51597706e-05 0.0
-4.85104392e-05 1.53751971e-05 0.0
-4.8463975e-05 1.5389729e-05 0.0
-4.82253017e-05 1.52331122e-05 0.0
-4.79765695e-05 1.51094409e-05 0.0
-5.17562439e-05 1.50545238e-05 0.0
-1.10717538e-05 1.02745571e-05 0.0
-1.38476189e-05 9.58929468e-06 0.0
-1.62995966e-05 8.39433051e-06 0.0
-1.82433032e-05 6.87941065e-06 0.0
-1.93653668e-05 4.84636939e-06 0.0
-1.9840998e-05 2.7647452e-06 0.0
-1.99273709e-05 8.52999221e-07 0.0
-1.95971043e-05 -9.14933878e-07 0.0
-1.8830613e-05 -2.37355493e-06 0.0
-1.76290141e-05 -3.50371533e-06 0.0
-1.57836312e-05 -4.4378794e-06 0.0
-1.3341918e-05 -5.12483575e-06 0.0
-8.31551461e-06 -5.32395688e-06 0.0
-6.01968759e-06 -5.00430724e-06 0.0
-3.72743898e-06 -4.31578565e-06 0.0
-1.66035704e-06 -3.30783337e-06 0.0
1.93882443e-07 -2.06693403e-06 0.0
1.53868484e-06 -5.93084735e-07 0.0
2.37166887e-06 9.4571169e-07 0.0
2.68399572e-06 2.5096374e-06 0.0
1.84974169e-06 4.57625629e-06 0.0
-1.37909552e-07 6.86773592e-06 0.0
-2.61952709e-06 8.67024573e-06 0.0
-5.33771254e-06 9.83560767e-06 0.0
-9.32205239e-06 1.09787982e-06 0.0
-0.000132088127 2.44417934e-05 0.0
-0.00012895737 2.40585632e-05 0.0
-8.13167135e-05 1.4453426e-05 0.0
-7.75766457e-05 1.41186047e-05 0.0
-7.210474e-05 1.32245304e-05 0.0
-6.6325636e-05 1.20302566e-05 0.0
-6.26908295e-05 1.11578111e-05 0.0
-6.01594256e-05 9.72742782e-06 0.0
-5.64534639e-05 7.88109355e-06 0.0
-5.08463381e-05 4.97920473e-06 0.0
-4.31347398e-05 2.34394315e-06 0.0
-3.48350004e-05 1.38261257e-07 0.0
-2.1435606e-05 9.03024329e-07 0.0
-1.80850311e-05 6.08126868e-07 0.0
-1.24152566e-05 4.2386867e-07 0.0
-6.06573667e-06 1.52885377e-07 0.0
4.79588425e-06 -4.31795888e-06 0.0
1.77684597e-05 1.4091537e-06 0.0
2.32476214e-05 -6.70939926e-07 0.0
3.49108232e-05 -4.7426218e-07 0.0
3.78527911e-05 -6.6359371e-06 0.0
3.97811964e-05 -1.0480243e-05 0.0
4.15984505e-05 -1.20436953e-05 0.0
4.30342079e-05 -1.18953449e-05 0.0
4.37180061e-05 -1.05244089e-05 0.0
4.3727232e-05 -8.74360558e-06 0.0
4.4263259e-05 -8.02355862e-06 0.0
4.5233679e-05 -8.52549965e-06 0.0
4.58953436e-05 -8.79798517e-06 0.0
4.60759475e-05 -7.20895878e-06 0.0
4.56354537e-05 -4.18244781e-06 0.0
4.58862451e-05 -1.91806294e-06 0.0
4.64648801e-05 1.39636015e-07 0.0
4.82063588e-05 1.62491961e-06 0.0
5.14027197e-05 1.98415705e-06 0.0
4.9737715e-05 1.52885377e-07 0.0
4.33881942e-05 4.2386867e-07 0.0
3.77184188e-05 6.08126868e-07 0.0
3.43678439e-05 9.03024329e-07 0.0
2.09684495e-05 1.38261257e-07 0.0
1.26687091e-05 2.34394315e-06 0.0
4.95711356e-06 4.97920473e-06 0.0
-6.50012907e-07 7.88109355e-06 0.0
-4.35597576e-06 9.72742782e-06 0.0
-6.88738055e-06 1.11578111e-05 0.0
-1.0522187e-05 1.20302566e-05 0.0
-1.63012901e-05 1.32245304e-05 0.0
-2.1773194e-05 1.41186047e-05 0.0
-2.55132618e-05 1.4453426e-05 0.0
-7.31539185e-05 2.40585632e-05 0.0
-7.6284683e-05 2.44417934e-05 0.0
-8.55736798e-05 2.69525572e-05 0.0
-8.87700444e-05 2.65933195e-05 0.0
-9.05115157e-05 2.51080364e-05 0.0
-9.10901581e-05 2.30503374e-05 0.0
-9.13409458e-05 2.07859521e-05 0.0
-9.09004521e-05 1.77594411e-05 0.0
-9.10810559e-05 1.61704156e-05 0.0
-9.17427242e-05 1.64429002e-05 0.0
-9.27131405e-05 1.69448413e-05 0.0
-9.32491675e-05 1.62247943e-05 0.0
-9.32583935e-05 1.44439909e-05 0.0
-9.39421952e-05 1.3073055e-05 0.0
-9.53779454e-05 1.29247046e-05 0.0
-9.71952031e-05 1.44881578e-05 0.0
-9.91236084e-05 1.83324628e-05 0.0
-0.000102065576 2.44941384e-05 0.0
-0.000113728776 2.42974602e-05 0.0
-0.000119207943 2.63775546e-05 0.0
-0.000132180518 2.0650441e-05 0.0
-5.06816214e-05 8.79538766e-06 0.0
-4.32751222e-05 4.24167092e-06 0.0
-4.11710316e-05 6.17886553e-06 0.0
-5.26440308e-05 6.71192311e-06 0.0
-4.75141278e-05 1.01974047e-05 0.0
-4.62647695e-05 2.64842697e-06 0.0
-5.11197795e-05 1.07958549e-05 0.0
-4.32148845e-05 2.54298766e-06 0.0
-4.0864561e-05 4.35078618e-06 0.0
-5.35869294e-05 9.03465752e-06 0.0
-5.41555237e-05 5.11763074e-06 0.0
-3.94682938e-05 7.44270028e-06 0.0
-4.8464437e-05 1.38593759e-06 0.0
-4.51077576e-05 1.12833959e-05 0.0
-5.49515462e-05 7.86281089e-06 0.0
-4.14376154e-05 3.08232484e-06 0.0
-5.28872151e-05 1.02528575e-05 0.0
-4.48982464e-05 1.42234114e-06 0.0
-3.95997558e-05 5.47859099e-06 0.0
-4.93518492e-05 1.1885284e-05 0.0
-4.06614054e-05 9.48359229e-06 0.0
-5.21641268e-05 2.34645495e-06 0.0
-5.32919439e-05 3.43151783e-06 0.0
-3.97349868e-05 8.53970687e-06 0.0
-3.9213206e-05 6.49323556e-06 0.0
-5.51260637e-05 6.59750276e-06 0.0
-4.24717255e-05 1.04894007e-05 0.0
-5.06354518e-05 1.70590158e-06 0.0
-4.65709854e-05 1.05576817e-06 0.0
-4.74370136e-05 1.20707391e-05 0.0
-4.97599831e-05 6.80528728e-06 0.0
-4.38014067e-05 5.9478366e-06 0.0
-4.75402012e-05 8.20382138e-06 0.0
-4.6041212e-05 4.47448565e-06 0.0
-9.10383387e-05 1.99602364e-05 0.0
-9.57894445e-05 2.03280597e-05 0.0
-9.3627772e-05 2.20897909e-05 0.0
-8.78494611e-05 1.80982515e-05 0.0
-9.84465005e-05 1.94700042e-05 0.0
-8.7624212e-05 1.99809656e-05 0.0
-8.94204786e-05 2.14597985e-05 0.0
-9.5838921e-05 2.23129555e-05 0.0
-9.35449207e-05 1.9015386e-05 0.0
-9.76516312e-05 2.12908617e-05 0.0
-9.0392452e-05 1.82288841e-05 0.0
-9.62793638e-05 1.90148057e-05 0.0
-9.14673001e-05 2.28043937e-05 0.0
-9.34808777e-05 2.0626112e-05 0.0
-9.32612165e-05 2.32995808e-05 0.0
-8.69594369e-05 1.70816402e-05 0.0
-8.85754707e-05 1.72390501e-05 0.0
-9.91511697e-05 2.03969139e-05 0.0
-9.18166479e-05 2.13854182e-05 0.0
-8.75562837e-05 2.12350187e-05 0.0
-8.65185502e-05 1.88452741e-05 0.0
-9.97997195e-05 1.88412505e-05 0.0
-9.74943396e-05 2.22388189e-05 0.0
-9.7885124e-05 1.8524659e-05 0.0
-9.46725631e-05 2.31934191e-05 0.0
-8.90307711e-05 1.91407962e-05 0.0
-9.52194896e-05 2.13219355e-05 0.0
-8.63055539e-05 1.77960173e-05 0.0
-9.99454351e-05 1.96235651e-05 0.0
-9.75512376e-05 2.03002273e-05 0.0
-8.96986894e-05 2.27932105e-05 0.0
-9.48627494e-05 1.81263968e-05 0.0
-3.56966666e-05 1.51268614e-05 0.0
-3.92196416e-05 1.54168756e-05 0.0
-4.26082952e-05 1.66095106e-05 0.0
-3.28649876e-05 1.56228543e-05 0.0
-3.40211955e-05 1.5106998e-05 0.0
-4.12308545e-05 1.57037739e-05 0.0
-3.74447191e-05 1.48662875e-05 0.0
-0.00012002825 2.02092815e-05 0.0
-0.000119780336 2.50019548e-05 0.0
-0.000115036783 2.2694956e-05 0.0
-0.000121799938 2.84401594e-05 0.0
-0.000123313483 1.71750944e-05 0.0
-0.000119195123 1.74461802e-05 0.0
-0.000115037852 2.02607025e-05 0.0
-0.000117300529 2.85841252e-05 0.0
-0.000114751754 2.52748432e-05 0.0
-0.000123113117 2.54749357e-05 0.0
-0.000120588476 2.29194029e-05 0.0
-0.00012366804 1.96930596e-05 0.0
-0.000116346004 1.8161958e-05 0.0
-0.000123802834 3.0126781e-05 0.0
-0.000117616219 2.15128366e-05 0.0
-0.000112996873 2.39281835e-05 0.0
-0.000119574986 2.97490878e-05 0.0
-0.000113226983 2.15341734e-05 0.0
-0.00012123699 1.59949686e-05 0.0
-0.000115335788 2.74504018e-05 0.0
-0.000124501617 2.80359563e-05 0.0
-0.000125499195 1.60694726e-05 0.0
-0.000125676466 1.82838066e-05 0.0
-0.000117474563 2.39335823e-05 0.0
-0.000121423109 1.8482946e-05 0.0
-0.000123841834 2.20134134e-05 0.0
-0.000119777695 2.70073469e-05 0.0
-0.000123464619 1.54757763e-05 0.0
-0.000112543959 2.26963239e-05 0.0
-0.000117625976 1.95223183e-05 0.0
-0.000121483514 3.06320981e-05 0.0
-0.000117316667 2.62391968e-05 0.0
5.64886386e-06 -3.03441698e-06 0.0
5.14881322e-06 -4.89963668e-07 0.0
6.67415316e-06 2.31811669e-06 0.0
6.68900793e-06 -6.81588972e-06 0.0
3.46099273e-06 -1.70260091e-06 0.0
8.12121198e-06 3.80121833e-06 0.0
4.74379294e-06 1.28525176e-06 0.0
7.429986e-06 6.5445488e-07 0.0
4.82574478e-06 -4.87234774e-06 0.0
-0.000102446327 2.70560013e-05 0.0
-0.000104064638 2.56180356e-05 0.0
-0.000100523495 2.61551031e-05 0.0
-9.97030656e-05 2.7139673e-05 0.0
-0.000103085797 2.81374905e-05 0.0
-0.000102459395 2.4681287e-05 0.0
-0.000100639088 2.79526266e-05 0.0
-0.000105559622 2.47712687e-05 0.0
-0.000104804902 2.40030404e-05 0.0
-0.000104400628 2.64744613e-05 0.0
-0.000102333492 2.6341515e-05 0.0
-0.00010055313 2.52885548e-05 0.0
-9.91560228e-05 2.63489219e-05 0.0
-0.000104183186 2.75011062e-05 0.0
-9.93149079e-05 2.78208681e-05 0.0
-0.00010135075 2.84437519e-05 0.0
-0.00010595403 2.56927324e-05 0.0
-0.000102210732 2.55731575e-05 0.0
-0.000104426057 2.83845875e-05 0.0
-0.000100872574 2.67582964e-05 0.0
-0.000100740013 2.74169361e-05 0.0
-9.8752862e-05 2.6869895e-05 0.0
-0.000103481041 2.39265464e-05 0.0
-0.000101232254 2.44677922e-05 0.0
-9.93467766e-05 2.58345226e-05 0.0
-0.000106110092 2.3870658e-05 0.0
-0.000103132668 2.86240574e-05 0.0
-9.86941523e-05 2.73108253e-05 0.0
-0.000102015576 2.77972649e-05 0.0
-0.00010229084 2.39671845e-05 0.0
-9.98707692e-05 2.83120662e-05 0.0
-0.00010698117 2.4201172e-05 0.0
-9.98567411e-05 2.66431052e-05 0.0
-0.000103771155 2.47835433e-05 0.0
2.86503418e-05 9.87321869e-07 0.0
2.93344583e-05 2.34799836e-06 0.0
2.84458565e-05 4.74998359e-07 0.0
2.96019025e-05 2.80579343e-06 0.0
2.37064432e-05 2.87001899e-06 0.0
3.14930985e-05 -1.70970816e-06 0.0
3.46905981e-05 9.53096162e-08 0.0
2.56537751e-05 5.17329181e-06 0.0
2.89262607e-05 6.21157778e-06 0.0
3.51005729e-05 2.79956453e-06 0.0
2.17733432e-05 7.22862978e-07 0.0
2.8888895e-05 -3.87844966e-06 0.0
2.2435368e-05 4.31726539e-06 0.0
3.44523578e-05 -2.60997513e-06 0.0
2.82469009e-05 4.16826151e-06 0.0
2.50067751e-05 -3.48830986e-06 0.0
3.20453619e-05 6.10225698e-06 0.0
3.13890851e-05 -4.645236e-06 0.0
2.11835923e-05 -1.04132494e-06 0.0
2.0196072e-05 2.04488015e-06 0.0
2.67326086e-05 6.49925778e-06 0.0
3.68169567e-05 1.2178416e-06 0.0
3.53179421e-05 4.48717219e-06 0.0
2.36111264e-05 5.57956855e-06 0.0
3.63655963e-05 -1.55751661e-06 0.0
3.22642118e-05 1.99069245e-06 0.0
2.50557659e-05 6.20887704e-06 0.0
3.34760407e-05 -4.15083878e-06 0.0
2.06069726e-05 3.35626464e-06 0.0
3.69886038e-05 -2.96778467e-07 0.0
2.28319204e-05 -2.62809931e-06 0.0
3.38399295e-05 5.62894411e-06 0.0
2.6749929e-05 -5.04207856e-06 0.0
3.06774091e-05 6.98865597e-06 0.0
-6.64777981e-05 1.63078403e-05 0.0
-7.05359053e-05 2.00136201e-05 0.0
-6.13839366e-05 1.90671562e-05 0.0
-7.17892035e-05 1.59558895e-05 0.0
-6.09894887e-05 1.53200108e-05 0.0
-6.80469821e-05 1.26759205e-05 0.0
-6.60422957e-05 2.0172376e-05 0.0
-6.4063257e-05 1.3042335e-05 0.0
-7.38612725e-05 1.84434375e-05 0.0
-5.84241607e-05 1.69689592e-05 0.0
-7.13545815e-05 1.28881456e-05 0.0
-7.13807603e-05 2.26469383e-05 0.0
-5.99169398e-05 2.12763516e-05 0.0
-6.82461832e-05 2.21523005e-05 0.0
-6.35071847e-05 2.16098524e-05 0.0
-6.04777233e-05 1.31652705e-05 0.0
-6.91664609e-05 1.76276917e-05 0.0
-7.33118213e-05 2.08041747e-05 0.0
-6.89285735e-05 1.50046726e-05 0.0
-6.64863765e-05 1.11324744e-05 0.0
-5.84008594e-05 1.91011786e-05 0.0
-6.34548487e-05 1.719793e-05 0.0
-6.43610547e-05 1.52997181e-05 0.0
-7.46420992e-05 1.50581964e-05 0.0
-5.78987674e-05 1.54141126e-05 0.0
-7.01395911e-05 1.13028354e-05 0.0
-7.50532636e-05 1.68703536e-05 0.0
-7.35385256e-05 1.34553384e-05 0.0
-6.21052895e-05 1.16866431e-05 0.0
-6.41449296e-05 1.09815946e-05 0.0
-6.81342135e-05 1.94807708e-05 0.0
-6.40515209e-05 1.90729534e-05 0.0
-7.14691705e-05 1.83796656e-05 0.0
-6.5918437e-05 2.20244747e-05 0.0
-6.66811975e-05 1.45736776e-05 0.0
-6.08052942e-05 1.75240693e-05 0.0
-6.85763589e-05 1.05873733e-05 0.0
-7.49272949e-05 1.99171191e-05 0.0
-5.69703516e-05 1.81404357e-05 0.0
-6.62310267e-05 1.83074717e-05 0.0
-5.85957714e-05 1.40359862e-05 0.0
-0.000123453065 2.51979272e-05 0.0
-0.000119550125 2.49943969e-05 0.0
-0.000124681188 2.52536265e-05 0.0
-0.00011816161 2.4883173e-05 0.0
-8.51064979e-05 2.07892863e-05 0.0
-8.81711021e-05 1.72189066e-05 0.0
-9.42586048e-05 2.52835707e-05 0.0
-9.74799696e-05 2.21659502e-05 0.0
-9.78256139e-05 2.44773055e-05 0.0
-9.82663478e-05 1.99400656e-05 0.0
-9.0674177e-05 1.56198712e-05 0.0
-8.46546027e-05 1.78951013e-05 0.0
-8.40306311e-05 2.3482371e-05 0.0
-9.16512217e-05 2.71646495e-05 0.0
-8.17192631e-05 2.02418869e-05 0.0
-9.59509998e-05 2.70485561e-05 0.0
-0.000100224534 2.26485827e-05 0.0
-8.65730326e-05 1.53558358e-05 0.0
-8.59715947e-05 2.61874538e-05 0.0
-8.85163608e-05 2.7419399e-05 0.0
-9.62240883e-05 1.7300692e-05 0.0
-9.37117438e-05 1.56949136e-05 0.0
-9.97568131e-05 2.3882094e-05 0.0
-0.000100246973 2.13925177e-05 0.0
-8.17759355e-05 2.19248159e-05 0.0
-8.22740767e-05 1.86228062e-05 0.0
-9.39920137e-05 2.78070002e-05 0.0
-9.76908123e-05 2.60260113e-05 0.0
-8.84144829e-05 1.48837098e-05 0.0
-8.4820269e-05 1.61982116e-05 0.0
-8.35985556e-05 2.55502673e-05 0.0
-9.8584329e-05 1.81568012e-05 0.0
-9.41989638e-05 2.27606233e-05 0.0
-8.85276895e-05 1.98409853e-05 0.0
-8.16128231e-05 1.4154336e-05 0.0
-8.23310984e-05 9.6150934e-06 0.0
-7.86527889e-05 1.40564698e-05 0.0
-8.51019577e-05 9.80857203e-06 0.0
-8.42224763e-05 1.43180041e-05 0.0
-7.97435932e-05 9.32425701e-06 0.0
-8.38421111e-05 8.89737476e-06 0.0
-8.0028527e-05 1.52336734e-05 0.0
-8.61521039e-05 1.29865348e-05 0.0
-7.7583165e-05 1.03550883e-05 0.0
-8.65861075e-05 1.0302454e-05 0.0
-7.69628969e-05 1.34588181e-05 0.0
-8.06234821e-05 1.05487861e-05 0.0
-8.32949663e-05 1.29612072e-05 0.0
-8.29732526e-05 1.53215806e-05 0.0
-8.10665806e-05 8.66653954e-06 0.0
-8.13921579e-05 1.56386359e-05 0.0
-8.25997122e-05 8.54390055e-06 0.0
-7.85312077e-05 1.53475212e-05 0.0
-8.52012672e-05 8.89857074e-06 0.0
-7.63322605e-05 1.22305782e-05 0.0
-7.63138814e-05 1.11576173e-05 0.0
-8.7102715e-05 1.12439657e-05 0.0
-8.71547745e-05 1.21557741e-05 0.0
-8.60355794e-05 1.41736427e-05 0.0
-7.7840712e-05 9.32250259e-06 0.0
-8.05923701e-05 1.29970085e-05 0.0
-8.329907e-05 1.06192829e-05 0.0
-1.84088767e-05 4.83790564e-06 0.0
-1.47559413e-05 8.5117972e-06 0.0
-1.23733762e-05 7.77105106e-06 0.0
-1.67716207e-05 3.45946182e-06 0.0
-1.13200404e-05 6.1932551e-06 0.0
-1.45120703e-05 3.36000562e-06 0.0
-2.04615117e-05 6.17425212e-06 0.0
-1.66695208e-05 9.2311675e-06 0.0
-1.32903924e-05 9.11629922e-06 0.0
-1.90915107e-05 3.51840481e-06 0.0
-1.34267184e-05 6.51089977e-06 0.0
-2.0303256e-05 8.05280524e-06 0.0
-1.15800958e-05 4.68445478e-06 0.0
-2.12030573e-05 4.85418423e-06 0.0
-1.55327216e-05 9.70712335e-06 0.0
-1.81554606e-05 9.48495745e-06 0.0
-1.0735208e-05 7.41132044e-06 0.0
-1.57810719e-05 2.69000316e-06 0.0
-1.31988982e-05 3.30451371e-06 0.0
-1.80466996e-05 2.76880519e-06 0.0
-1.18291173e-05 8.78209357e-06 0.0
-1.1064496e-05 8.21272261e-06 0.0
-2.05864635e-05 3.88367198e-06 0.0
-1.69662253e-05 2.54740507e-06 0.0
-1.42347208e-05 9.69838402e-06 0.0
-1.52954162e-05 4.53608573e-06 0.0
-1.95055109e-05 8.95331959e-06 0.0
-1.215681e-05 3.90472542e-06 0.0
-2.18768746e-05 7.24469692e-06 0.0
-1.05019917e-05 5.35449453e-06 0.0
-1.81654759e-05 6.29178066e-06 0.0
-2.33187329e-05 4.21646791e-06 0.0
-2.04706048e-05 -8.64045205e-07 0.0
-2.6515263e-05 3.77707761e-06 0.0
-2.08717029e-05 4.62634989e-06 0.0
-1.85595018e-05 3.55592782e-08 0.0
-2.79999913e-05 2.29091779e-06 0.0
-2.28025438e-05 3.56698024e-07 0.0
-2.53700455e-05 5.46364345e-06 0.0
-2.26500761e-05 5.79710149e-06 0.0
-2.68388976e-05 -4.94195604e-07 0.0
-1.85818153e-05 3.75868603e-06 0.0
-1.75049317e-05 1.39362953e-06 0.0
-2.46169911e-05 -6.49948106e-07 0.0
-2.09175305e-05 4.65287755e-08 0.0
-2.24395753e-05 -8.17534499e-07 0.0
-2.70582041e-05 5.29321778e-06 0.0
-2.4005014e-05 5.96190603e-06 0.0
-2.11999341e-05 6.08959454e-06 0.0
-1.88240356e-05 -8.28475606e-07 0.0
-2.80130007e-05 7.5920633e-07 0.0
-2.81255307e-05 4.60100637e-06 0.0
-2.86829727e-05 3.56299279e-06 0.0
-2.00572194e-05 5.80640835e-06 0.0
-1.91229028e-05 5.11025428e-06 0.0
-2.39015571e-05 2.84330963e-06 0.0
-1.6868551e-05 4.39394228e-07 0.0
-1.74369652e-05 2.56396902e-06 0.0
3.0647454e-05 -1.90717208e-06 0.0
3.27628841e-05 -1.8340927e-06 0.0
3.01197433e-05 -1.98897033e-06 0.0
3.31799747e-05 -1.85484805e-06 0.0
2.90329172e-05 -1.81691269e-06 0.0
3.43094543e-05 -1.77594882e-06 0.0
-6.05672176e-05 1.12890393e-05 0.0
-5.90777527e-05 1.79775216e-05 0.0
-5.60638473e-05 1.20838577e-05 0.0
-6.22333246e-05 1.75365367e-05 0.0
-5.62685236e-05 1.84483524e-05 0.0
-6.3617641e-05 1.13745737e-05 0.0
-5.77483661e-05 9.93692174e-06 0.0
-5.33881102e-05 1.33464546e-05 0.0
-6.47391716e-05 1.57778941e-05 0.0
-6.03687513e-05 1.90177052e-05 0.0
-6.14222081e-05 9.17439047e-06 0.0
-5.41971531e-05 1.72422133e-05 0.0
-5.39537614e-05 1.04461224e-05 0.0
-5.74359437e-05 1.9446119e-05 0.0
-6.54807081e-05 1.19197321e-05 0.0
-6.22058142e-05 1.88150407e-05 0.0
-6.36447294e-05 1.82103031e-05 0.0
-6.47487323e-05 1.72672135e-05 0.0
-5.89021329e-05 1.96437595e-05 0.0
-5.94380836e-05 8.8947354e-06 0.0
-6.31942748e-05 9.7059783e-06 0.0
-5.74278274e-05 1.6713564e-05 0.0
-5.27304364e-05 1.16095525e-05 0.0
-5.55240549e-05 9.52212031e-06 0.0
-5.20864014e-05 1.45834993e-05 0.0
-6.62024977e-05 1.46656093e-05 0.0
-6.61350568e-05 1.32972982e-05 0.0
-5.25969444e-05 1.59952469e-05 0.0
-6.10228744e-05 1.61309872e-05 0.0
-5.43604729e-05 1.84497203e-05 0.0
-1.57834129e-05 8.67834206e-06 0.0
-1.75604819e-05 4.62274284e-06 0.0
-2.01744679e-05 4.80590279e-06 0.0
-1.84158598e-05 9.10359358e-06 0.0
-2.16323533e-05 6.00110116e-06 0.0
-1.33276826e-05 8.19694287e-06 0.0
-1.49967673e-05 4.26709448e-06 0.0
-1.6292277e-05 9.74041086e-06 0.0
-1.89119874e-05 3.61564298e-06 0.0
-2.04663629e-05 8.78545052e-06 0.0
-1.23128366e-05 6.7603828e-06 0.0
-1.36626077e-05 9.21699666e-06 0.0
-1.51557897e-05 7.41375652e-06 0.0
-1.27410294e-05 5.1891102e-06 0.0
-1.62423203e-05 3.39929488e-06 0.0
-2.25250678e-05 6.76063428e-06 0.0
-2.18375044e-05 4.94040023e-06 0.0
-1.76928625e-05 1.00150501e-05 0.0
-1.87820551e-05 9.91336219e-06 0.0
-1.98123871e-05 9.59447425e-06 0.0
-2.0368876e-05 3.719284e-06 0.0
-1.96515994e-05 6.18427202e-06 0.0
-1.48353492e-05 9.81428275e-06 0.0
-1.77598358e-05 3.17253193e-06 0.0
-2.12243267e-05 4.19657545e-06 0.0
-2.2296872e-05 7.67383972e-06 0.0
-2.18019577e-05 8.44615079e-06 0.0
-1.17294167e-05 7.65843652e-06 0.0
-1.756036e-05 8.03007697e-06 0.0
-1.31209827e-05 4.25745884e-06 0.0
-1.16664369e-05 5.87248951e-06 0.0
-3.84867271e-05 7.82291772e-06 0.0
-3.90030691e-05 9.963097e-06 0.0
-4.14125316e-05 9.4035513e-06 0.0
-4.15256909e-05 7.64123979e-06 0.0
-3.67164539e-05 1.02969916e-05 0.0
-3.58652906e-05 8.22285256e-06 0.0
-4.27862869e-05 8.72388409e-06 0.0
-3.93040755e-05 7.13370218e-06 0.0
-3.99948913e-05 1.03823622e-05 0.0
-4.29436623e-05 7.77002879e-06 0.0
-3.43147403e-05 8.8723591e-06 0.0
-3.60033773e-05 7.37273695e-06 0.0
-3.51476228e-05 1.03555012e-05 0.0
-3.73855801e-05 1.07094447e-05 0.0
-3.875119e-05 1.0763154e-05 0.0
-3.74131159e-05 6.97015184e-06 0.0
-4.12222362e-05 7.19993841e-06 0.0
-4.25012295e-05 7.44438239e-06 0.0
-4.30094187e-05 7.56981763e-06 0.0
-4.13771304e-05 1.0110879e-05 0.0
-4.22146732e-05 9.73396072e-06 0.0
-4.27174018e-05 9.29608905e-06 0.0
-3.41453306e-05 9.61730257e-06 0.0
-3.4419405e-05 1.00614689e-05 0.0
-4.32920679e-05 8.3241348e-06 0.0
-4.33125933e-05 7.95726919e-06 0.0
-3.76742355e-05 8.59550073e-06 0.0
-3.79366029e-05 9.60009584e-06 0.0
-2.37524182e-05 1.01024252e-05 0.0
-3.32399104e-05 1.21561807e-05 0.0
-2.37276126e-05 1.35412074e-05 0.0
-3.41026098e-05 1.00239331e-05 0.0
-2.45535157e-05 7.50249137e-06 0.0
-3.28459355e-05 1.42507843e-05 0.0
-2.13384301e-05 1.19633733e-05 0.0
-2.46197123e-05 1.55676844e-05 0.0
-3.19312312e-05 7.85728753e-06 0.0
-3.53597497e-05 1.12663793e-05 0.0
-2.09376612e-05 8.97792233e-06 0.0
-3.04369914e-05 1.55361777e-05 0.0
-2.12162449e-05 1.46888342e-05 0.0
-3.46208035e-05 1.35077462e-05 0.0
-2.5748921e-05 5.84727195e-06 0.0
-3.60796366e-05 1.00495245e-05 0.0
-3.60366248e-05 9.26462417e-06 0.0
-3.48215763e-05 8.36556592e-06 0.0
-3.5540812e-05 1.2364083e-05 0.0
-2.02616357e-05 1.05304753e-05 0.0
-2.20222573e-05 7.5039402e-06 0.0
-3.07220216e-05 1.32030636e-05 0.0
-2.22899089e-05 1.57137038e-05 0.0
-2.04422577e-05 1.34365919e-05 0.0
-3.02595327e-05 6.01697502e-06 0.0
-2.58409873e-05 1.66665795e-05 0.0
-2.80427139e-05 1.65388683e-05 0.0
-2.79753149e-05 5.61603292e-06 0.0
-3.12220873e-05 1.06405205e-05 0.0
-3.22737906e-05 1.56169335e-05 0.0
-5.31730657e-05 1.58273979e-05 0.0
-5.24955867e-05 1.41104274e-05 0.0
-5.01122959e-05 1.56368569e-05 0.0
-5.10755053e-05 1.42293056e-05 0.0
-4.98721274e-05 1.47494484e-05 0.0
-5.49335673e-05 1.57618379e-05 0.0
-5.40398942e-05 1.38028963e-05 0.0
-5.15638276e-05 1.59929677e-05 0.0
-4.91084429e-05 1.55528924e-05 0.0
-5.22509545e-05 1.37647385e-05 0.0
-5.42069829e-05 1.64567809e-05 0.0
-4.91212741e-05 1.55797061e-05 0.0
-5.49818651e-05 1.4280241e-05 0.0
-5.36798289e-05 1.34746124e-05 0.0
-5.59875625e-05 1.55288672e-05 0.0
-4.91994178e-05 1.50221658e-05 0.0
-5.01365867e-05 1.4267207e-05 0.0
-5.14040221e-05 1.38441465e-05 0.0
-5.30591969e-05 1.35017681e-05 0.0
-5.07061122e-05 1.39894892e-05 0.0
-5.51558005e-05 1.63380791e-05 0.0
-5.30175093e-05 1.64407775e-05 0.0
-5.02357725e-05 1.58805669e-05 0.0
-4.86924255e-05 1.54827976e-05 0.0
-5.58332686e-05 1.49133311e-05 0.0
-4.89777121e-05 1.52841294e-05 0.0
-4.88648948e-05 1.54521349e-05 0.0
-5.07973382e-05 1.47776027e-05 0.0
-5.3150583e-05 1.44676414e-05 0.0
-5.50976765e-05 1.37525685e-05 0.0
-5.16610962e-05 1.56467358e-05 0.0
-9.20923594e-06 5.77512264e-06 0.0
-1.47282808e-05 3.43582428e-06 0.0
-4.20302604e-06 -1.06778634e-06 0.0
-9.67314372e-06 -2.78098219e-06 0.0
-1.70933217e-05 1.49402331e-06 0.0
-1.32518571e-05 6.3673474e-06 0.0
-6.03046556e-06 -3.14139379e-06 0.0
-1.32413788e-05 -3.24099096e-06 0.0
-5.44978229e-06 6.49415915e-06 0.0
-1.1598313e-06 4.91266178e-07 0.0
-9.51735728e-06 8.60617092e-06 0.0
-1.98655562e-06 -2.14221336e-06 0.0
-1.72336258e-05 4.94440656e-06 0.0
-9.53733979e-06 -4.46032027e-06 0.0
-7.66563403e-07 2.93304788e-06 0.0
-2.33306719e-06 5.17715762e-06 0.0
-1.7028744e-05 -9.90156082e-07 0.0
-1.59866504e-05 -2.49410186e-06 0.0
-1.80090319e-05 3.32400168e-06 0.0
-1.58764651e-05 6.4476053e-06 0.0
-7.42373777e-06 -4.30769069e-06 0.0
-1.16397014e-05 -4.33054402e-06 0.0
-1.19002261e-05 8.32293517e-06 0.0
-7.20293565e-06 8.41161818e-06 0.0
-7.02853526e-07 -1.0026298e-06 0.0
-3.62934634e-06 -3.12566476e-06 0.0
-1.84128603e-05 1.11826012e-07 0.0
8.267981e-07 1.67681696e-06 0.0
-1.10755727e-05 3.11902113e-06 0.0
-7.97382199e-06 -8.55265398e-07 0.0
-6.83006001e-05 1.73348581e-05 0.0
1.58744715e-05 -3.14695967e-07 0.0
-7.70299157e-05 1.64884077e-05 0.0
1.86764282e-05 1.76964491e-07 0.0
-6.72024762e-05 2.0644904e-05 0.0
-5.5547589e-05 1.24925746e-05 0.0
-8.17901891e-05 2.2275075e-05 0.0
1.14552331e-05 3.64589073e-06 0.0
-3.24945795e-05 1.58252551e-05 0.0
4.20836705e-06 -2.73798655e-08 0.0
-3.22293308e-05 1.7589507e-06 0.0
-7.45730431e-05 1.65667734e-05 0.0
1.09235807e-05 5.07827644e-06 0.0
-3.11605509e-05 1.09158991e-05 0.0
-2.24604901e-06 7.96195309e-06 0.0
2.99075764e-05 -4.55140298e-06 0.0
-6.34470925e-05 1.13247779e-05 0.0
2.14320403e-06 4.93202515e-06 0.0
-4.35218972e-05 1.12063226e-05 0.0
-0.000112384289 2.05023807e-05 0.0
-2.95126829e-05 8.44038732e-06 0.0
-5.67493262e-05 1.42790641e-05 0.0
-7.59013346e-05 2.14213251e-05 0.0
1.7888111e-05 -2.01184685e-06 0.0
-4.49076688e-05 1.25315437e-05 0.0
5.77897208e-06 3.95382585e-06 0.0
2.76371866e-05 -4.95398308e-06 0.0
-6.76775235e-05 7.55620886e-06 0.0
-0.000101769394 1.99866881e-05 0.0
2.59259268e-05 1.23789818e-07 0.0
-3.82251455e-05 1.07095475e-05 0.0
-3.34208089e-05 1.11158361e-05 0.0
-8.74054676e-05 2.02777901e-05 0.0
8.37664084e-06 3.72930708e-06 0.0
-4.87019825e-05 8.9241048e-06 0.0
-3.60657286e-05 9.44277235e-06 0.0
-3.97999574e-05 1.12491452e-05 0.0
-8.54016253e-05 2.33341743e-05 0.0
-5.57740132e-05 9.83325481e-06 0.0
-7.02482503e-05 2.33336486e-05 0.0
-3.60037411e-05 3.685313e-06 0.0
-5.71089222e-05 1.6962902e-05 0.0
-7.44375429e-05 1.82709755e-05 0.0
1.24505623e-05 1.76228832e-06 0.0
-6.43665699e-05 1.73664357e-05 0.0
1.27733902e-05 -2.82620204e-06 0.0
5.19692549e-06 4.90574166e-06 0.0
-7.87812405e-06 1.1809886e-05 0.0
-7.33143906e-07 3.4642369e-06 0.0
-7.69474645e-05 1.99297156e-05 0.0
-8.87241476e-05 2.47542976e-05 0.0
-8.44600363e-05 1.70449639e-05 0.0
3.16642763e-05 -5.93608911e-06 0.0
-3.08926537e-05 2.89944182e-07 0.0
-5.58267993e-06 1.24748851e-06 0.0
-5.4699708e-06 -4.4349631e-06 0.0
-2.70598684e-05 6.08617074e-06 0.0
-6.3978252e-05 1.68604147e-05 0.0
3.51305134e-05 -6.10610596e-06 0.0
6.42006717e-06 4.87782017e-06 0.0
6.01882311e-06 4.67798054e-06 0.0
2.98525883e-05 -5.23741255e-06 0.0
-3.81362988e-05 1.27158919e-05 0.0
-2.35188745e-05 9.07652793e-06 0.0
-1.30458787e-07 6.92139702e-06 0.0
1.7090797e-05 -9.24403167e-08 0.0
-9.48532397e-06 4.43110457e-06 0.0
7.05274533e-06 2.57635133e-06 0.0
-8.18265398e-05 1.32999012e-05 0.0
-9.56037184e-06 1.03460206e-05 0.0
7.95286269e-06 4.01567968e-06 0.0
-7.71779087e-05 2.41127746e-05 0.0
2.09998307e-05 4.07740799e-06 0.0
2.54589086e-05 -3.42544126e-06 0.0
-6.92504836e-05 1.39666963e-05 0.0
7.12847941e-06 6.87445799e-06 0.0
-2.04463663e-06 4.94073674e-06 0.0
-7.89598707e-05 1.21544599e-05 0.0
-9.60027392e-05 1.9399964e-05 0.0
-8.4092906e-05 2.4223591e-05 0.0
-3.21206608e-05 3.97404301e-06 0.0
-6.13914672e-05 1.42231802e-05 0.0
-4.37283743e-05 3.3231272e-06 0.0
-2.76061837e-05 2.30542332e-06 0.0
1.42864847e-05 4.71093017e-06 0.0
-6.68962821e-05 1.43488069e-05 0.0
-5.24638453e-05 1.17618374e-05 0.0
-0.000116973511 1.99944134e-05 0.0
-4.37971794e-05 1.49809366e-05 0.0
-5.03935262e-05 1.21961693e-05 0.0
2.42152582e-05 2.86588283e-06 0.0
-4.44601174e-05 7.2727762e-06 0.0
-1.25489578e-05 3.88768694e-06 0.0
-5.17994413e-05 9.21457286e-06 0.0
-5.08388948e-05 1.4373084e-05 0.0
-3.89541237e-05 5.92080414e-06 0.0
-4.93802836e-05 1.09613738e-05 0.0
-7.53594722e-05 2.02335032e-05 0.0
9.87728527e-06 1.06416098e-06 0.0
-5.97740291e-05 6.06194726e-06 0.0
-2.96843446e-05 1.12053785e-05 0.0
2.2384188e-06 4.05068522e-06 0.0
-3.45312874e-05 1.47035289e-05 0.0
-3.76578573e-05 1.21276153e-05 0.0
-0.00011181843 2.14242209e-05 0.0
-4.0055842e-05 1.38000823e-05 0.0
-2.57195807e-05 6.47709294e-06 0.0
1.43585032e-06 -2.66377583e-06 0.0
-6.51469309e-05 5.14196154e-06 0.0
3.08342242e-05 1.69995997e-06 0.0
2.24548476e-05 -2.3492064e-06 0.0
-0.000109675988 2.73365386e-05 0.0
-0.000101031648 1.90492301e-05 0.0
-0.000108640437 1.87500336e-05 0.0
-0.00010383816 2.122769e-05 0.0
-9.49022215e-05 1.59037245e-05 0.0
-3.60012382e-05 9.21061655e-06 0.0
-6.9755748e-05 1.21265612e-05 0.0
-3.04536461e-05 1.68090755e-05 0.0
-4.342381e-05 1.15383227e-05 0.0
-8.1757833e-05 1.93629767e-05 0.0
-3.7252812e-05 1.19567776e-05 0.0
-4.11853543e-05 1.18484841e-05 0.0
-6.94054979e-05 1.9012492e-05 0.0
1.70470885e-05 2.99867929e-06 0.0
-3.46392808e-05 2.89383479e-06 0.0
-1.91037961e-05 7.96512177e-06 0.0
-9.01306848e-05 2.48808192e-05 0.0
-9.0157504e-05 2.10139824e-05 0.0
-3.19992214e-05 1.61379394e-05 0.0
-2.84310172e-05 7.95342385e-06 0.0
-6.78773868e-05 1.55793059e-05 0.0
-6.03706867e-05 2.04640255e-05 0.0
6.64836293e-08 7.47219065e-06 0.0
-4.48688043e-05 1.19700526e-05 0.0
-5.95676902e-05 1.50798251e-05 0.0
-5.62884779e-05 7.03121987e-06 0.0
-4.75818561e-05 1.3988164e-05 0.0
-5.17804574e-06 8.21527647e-06 0.0
-8.87612769e-05 2.49209679e-05 0.0
3.62350111e-05 -6.31628473e-06 0.0
1.96244873e-05 -3.09576694e-06 0.0
-3.49827678e-05 3.41442637e-06 0.0
-3.43790452e-05 8.20333935e-06 0.0
2.46708441e-05 -3.41013583e-06 0.0
-6.55545955e-06 6.76408717e-06 0.0
-2.53278395e-05 7.36845232e-06 0.0
1.40577158e-05 -2.51304459e-06 0.0
3.00050633e-05 -4.82568475e-06 0.0
1.71450556e-05 1.77860181e-06 0.0
3.07619812e-05 3.5152591e-06 0.0
3.28324932e-05 -5.24322331e-06 0.0
1.06899679e-05 -7.1098782e-07 0.0
-9.65946401e-06 1.36430808e-05 0.0
1.27279181e-05 4.49424942e-06 0.0
-3.02979715e-05 4.06254571e-07 0.0
-4.28779749e-05 1.43296857e-05 0.0
-7.95188607e-05 1.51696722e-05 0.0
-1.3805095e-07 3.15746638e-06 0.0
-3.18781349e-05 9.15060446e-06 0.0
-0.00011394047 2.52758164e-05 0.0
-7.08217704e-05 2.26429565e-05 0.0
-6.38659185e-05 1.44900159e-05 0.0
-6.09249946e-05 1.74592697e-05 0.0
4.12887821e-05 3.55332918e-06 0.0
-5.10569662e-05 1.09832536e-05 0.0
-8.35919345e-05 1.43126108e-05 0.0
-7.91030252e-05 1.9876501e-05 0.0
-9.13496551e-05 1.30488725e-05 0.0
-6.19852435e-05 1.29014115e-05 0.0
-3.01743221e-05 1.03042876e-05 0.0
-3.7215741e-05 8.80400819e-07 0.0
-5.43630595e-05 1.21189278e-05 0.0
-0.000119879645 2.09254868e-05 0.0
-8.33429513e-05 2.57180272e-05 0.0
-2.56397652e-06 6.9649418e-06 0.0
-6.13739685e-05 1.26756431e-05 0.0
1.59619794e-05 6.68682242e-06 0.0
-7.99753616e-05 2.08907913e-05 0.0
1.50658225e-05 9.30046838e-07 0.0
-8.77730708e-05 1.79621002e-05 0.0
-0.000123734368 2.06385103e-05 0.0
-4.93675288e-05 1.05989193e-05 0.0
-1.06060304e-06 -3.63763638e-06 0.0
-9.33327174e-05 2.56525054e-05 0.0
-7.71133728e-06 3.990805e-06 0.0
-0.000127559179 2.05878823e-05 0.0
-4.86476456e-05 1.33568437e-05 0.0
-8.59058564e-05 1.54211702e-05 0.0
-9.36222277e-05 1.90307383e-05 0.0
3.43215615e-05 -8.00584166e-06 0.0
-9.92234272e-05 2.56026797e-05 0.0
1.16870297e-06 7.15843589e-06 0.0
-7.58693932e-05 1.34294969e-05 0.0
-1.20050372e-05 1.23645441e-05 0.0
-7.36510847e-05 7.12519886e-06 0.0
-4.7098405e-05 1.21231888e-05 0.0
-2.79947471e-05 3.95590973e-08 0.0
-0.000116078678 2.17362413e-05 0.0
-6.88508662e-05 1.9238536e-05 0.0
-7.28261657e-05 2.17521774e-05 0.0
1.23470145e-05 2.3350176e-06 0.0
3.94964554e-05 -7.14512498e-06 0.0
-2.63191741e-05 9.96470226e-06 0.0
2.31413778e-05 -2.46662034e-06 0.0
-8.38380001e-05 2.06273398e-05 0.0
-9.94957009e-05 2.13209369e-05 0.0
-3.12172015e-05 5.38783115e-06 0.0
-6.77524586e-05 1.42836225e-05 0.0
3.004885e-05 7.63774437e-07 0.0
-9.33498522e-05 1.6614491e-05 0.0
3.3980712e-05 -8.33218928e-06 0.0
-4.86652716e-05 1.18929247e-05 0.0
-8.31081161e-06 2.07697622e-06 0.0
-0.000113463044 1.84030941e-05 0.0
-2.93749545e-05 3.24303255e-06 0.0
-7.14310663e-05 1.54151203e-05 0.0
1.795153e-05 2.76795504e-06 0.0
2.47983116e-05 -1.65214294e-06 0.0
1.18957032e-05 1.46394473e-06 0.0
6.33536956e-06 4.09738823e-06 0.0
-4.29833781e-05 5.29583167e-06 0.0
-7.88859325e-05 2.54835395e-05 0.0
-0.000106057465 2.17548422e-05 0.0
-7.78771573e-05 1.14608474e-05 0.0
-6.90992556e-06 5.1915149e-06 0.0
8.89488456e-06 -1.8366361e-06 0.0
-1.23983164e-05 -2.58292494e-06 0.0
-3.90962123e-05 1.09137909e-05 0.0
-7.70651095e-05 2.49317909e-05 0.0
-9.72798007e-05 1.80612951e-05 0.0
-5.88602634e-05 3.82700864e-06 0.0
-4.75017587e-05 5.29397767e-06 0.0
2.63276925e-05 1.75059063e-06 0.0
-2.21194023e-05 5.44871773e-06 0.0
-8.82730601e-05 2.58976725e-05 0.0
1.18837588e-05 2.95670998e-06 0.0
-9.16908757e-05 2.0353873e-05 0.0
-4.28630701e-05 1.25558036e-05 0.0
-2.03420154e-06 -5.21175343e-06 0.0
-5.25264877e-05 1.41995752e-05 0.0
-2.76676674e-05 6.53003326e-06 0.0
2.36328651e-05 -3.56341843e-06 0.0
-0.000121671044 2.02814881e-05 0.0
2.05560027e-05 5.78026857e-07 0.0
-2.97351162e-05 4.59733019e-06 0.0
-0.000111022571 2.77842119e-05 0.0
2.66473107e-05 -3.68892256e-06 0.0
-7.51758998e-05 1.25600582e-05 0.0
1.21065141e-05 2.89569516e-06 0.0
-6.70106092e-05 1.22397933e-05 0.0
-5.57145256e-07 5.22954679e-06 0.0
1.70899366e-05 -1.16006754e-06 0.0
5.02688135e-06 6.10816187e-06 0.0
-0.000104747225 2.54874703e-05 0.0
-4.22066587e-05 1.4045967e-05 0.0
-8.29788623e-05 1.38943615e-05 0.0
-3.74159172e-05 3.44930504e-06 0.0
-1.67337032e-06 4.25662438e-06 0.0
-5.98419429e-05 1.63597833e-05 0.0
-9.08629154e-05 1.4481534e-05 0.0
-1.97471618e-05 5.0602107e-06 0.0
3.73100083e-05 -7.42431757e-06 0.0
-4.52139029e-05 1.62565739e-05 0.0
-3.32220625e-05 5.58576539e-06 0.0
-2.41476901e-05 2.99759063e-06 0.0
-9.26091088e-05 2.49348032e-05 0.0
-4.27859959e-06 4.38449251e-06 0.0
-2.99755629e-05 9.20668299e-06 0.0
-1.84858291e-05 6.98759459e-06 0.0
-0.000105614919 1.96054152e-05 0.0
-9.25736967e-05 1.86301913e-05 0.0
1.31786983e-05 2.7505439e-06 0.0
-6.38953643e-05 1.61992575e-05 0.0
-4.99863927e-05 5.27767997e-06 0.0
-9.11112729e-05 1.18098897e-05 0.0
-0.000111536763 2.68720196e-05 0.0
-4.63039469e-05 9.88626834e-06 0.0
-8.01832357e-05 2.2148779e-05 0.0
-2.91361157e-05 3.74115893e-06 0.0
-7.09116694e-06 3.11585859e-06 0.0
-2.10131711e-05 4.68169219e-06 0.0
-0.000101993493 1.92831067e-05 0.0
2.43037812e-05 7.74881869e-07 0.0
-5.10946811e-05 5.60291528e-06 0.0
-6.66039632e-05 2.16161243e-05 0.0
-0.000111261957 2.16414956e-05 0.0
-2.48974229e-05 1.02323138e-05 0.0
-2.83622612e-05 8.59924603e-06 0.0
-1.6991542e-05 6.50120501e-06 0.0
-3.617318e-05 1.42004383e-05 0.0
-3.81695281e-05 1.41545734e-05 0.0
-1.28914426e-05 5.63450612e-06 0.0
4.35968614e-05 3.71525539e-06 0.0
-1.8189583e-05 -1.36450103e-06 0.0
-5.23988128e-05 1.1246997e-05 0.0
-9.87205385e-06 2.79983169e-06 0.0
-1.39528465e-05 1.00067273e-05 0.0
-4.14977221e-05 4.78094944e-06 0.0
-9.12924734e-05 2.57332176e-05 0.0
-6.55897838e-06 1.01754149e-05 0.0
2.9549914e-05 1.62847061e-06 0.0
-9.30610549e-05 1.24452808e-05 0.0
-4.5435122e-06 1.02960039e-05 0.0
-0.000100321493 2.49384393e-05 0.0
-1.68099705e-05 9.78069238e-06 0.0
1.14420607e-06 5.80635287e-06 0.0
-2.76498322e-05 5.44248542e-06 0.0
1.00549805e-05 3.51706581e-06 0.0
-6.42219093e-05 5.1851739e-06 0.0
-7.10456225e-05 1.50483402e-05 0.0
-8.3013103e-05 1.6140657e-05 0.0
-3.20042345e-05 9.69095709e-06 0.0
-3.74666379e-05 6.80584799e-06 0.0
2.32978964e-05 4.59378862e-06 0.0
3.95025609e-06 3.62217634e-06 0.0
-1.55543057e-05 5.63619869e-06 0.0
-8.49969292e-05 2.3736864e-05 0.0
1.26817395e-05 3.06370293e-06 0.0
-3.6941994e-05 7.36391667e-06 0.0
-7.26106446e-05 1.81784744e-05 0.0
5.3412482e-06 5.85957787e-06 0.0
4.75736897e-06 4.34893673e-06 0.0
-1.37267725e-05 1.47602423e-05 0.0
-5.47217242e-05 1.40125139e-05 0.0
-9.03376203e-05 1.87820533e-05 0.0
-5.71423698e-05 1.22055653e-05 0.0
5.65593109e-06 4.85866394e-06 0.0
-3.89826382e-05 8.28508291e-06 0.0
-9.93559515e-05 2.26452175e-05 0.0
-7.00370001e-05 2.15207692e-05 0.0
-6.68524299e-05 1.92185234e-05 0.0
-8.06085154e-05 2.0023288e-05 0.0
4.2095653e-05 7.96754307e-08 0.0
-8.32662918e-05 2.13370531e-05 0.0
-5.37951601e-05 1.61237222e-05 0.0
-1.80454681e-05 4.96467555e-06 0.0
-9.21369065e-05 1.9098019e-05 0.0
-4.67734426e-05 1.50934075e-05 0.0
-8.12590515e-05 1.62525921e-05 0.0
-4.25882245e-05 1.43347397e-05 0.0
-9.19315935e-05 2.54034931e-05 0.0
4.20482393e-05 -2.19215394e-06 0.0
-6.36153636e-05 2.10120706e-05 0.0
-9.20358361e-05 1.14453014e-05 0.0
-4.25089747e-05 1.14298173e-05 0.0
-7.33638299e-05 1.15286948e-05 0.0
-8.41243527e-05 2.30218484e-05 0.0
-1.59374904e-05 5.82732218e-06 0.0
-7.75965091e-05 2.04128391e-05 0.0
-4.17985284e-05 1.10638875e-05 0.0
-2.91850597e-06 3.58388365e-06 0.0
1.92912994e-05 -1.24776966e-06 0.0
4.31718108e-05 2.18248616e-07 0.0
6.16250099e-06 -2.85217425e-06 0.0
-9.78623793e-05 2.65421895e-05 0.0
-2.11529568e-05 5.36452762e-06 0.0
-9.03384353e-05 1.30346834e-05 0.0
-7.20262688e-05 1.8218936e-05 0.0
-3.40856168e-05 2.75095431e-06 0.0
1.45825388e-05 3.35946174e-06 0.0
-4.06873587e-05 1.27875128e-05 0.0
-9.00868181e-05 1.45841486e-05 0.0
-4.0578223e-05 1.4606183e-05 0.0
-4.88283877e-05 1.26883424e-05 0.0
-2.5893014e-05 -1.17891534e-06 0.0
-1.64664161e-05 4.59725516e-06 0.0
3.22182059e-05 -5.52509391e-06 0.0
2.92905061e-05 3.25713199e-06 0.0
-3.62737455e-06 8.42751342e-06 0.0
-6.46340341e-05 1.52065695e-05 0.0
-1.07945862e-05 6.78087645e-06 0.0
-1.47917317e-05 6.25666553e-06 0.0
1.05844447e-06 6.66096594e-06 0.0
-8.64483227e-05 2.66782226e-05 0.0
4.79726805e-06 3.62126639e-06 0.0
-4.6909272e-06 -1.91351592e-06 0.0
-5.88442599e-05 1.45218655e-05 0.0
-3.45444641e-05 4.25610733e-06 0.0
-3.58251418e-05 1.17477657e-05 0.0
3.30080366e-05 -2.62463368e-06 0.0
-8.63698951e-05 2.02255833e-05 0.0
-7.66001031e-05 1.817271e-05 0.0
-2.63866077e-05 7.10067479e-06 0.0
3.5475623e-06 5.32451349e-06 0.0
-5.22957962e-05 1.61709904e-05 0.0
-8.67858107e-05 1.49318703e-05 0.0
-7.66159865e-05 1.20808782e-05 0.0
-3.6714071e-05 1.96005249e-06 0.0
2.16964199e-05 -2.36730079e-06 0.0
-4.12913914e-06 7.00275223e-06 0.0
-3.10483665e-05 1.65181173e-05 0.0
-7.23126504e-05 1.41007094e-05 0.0
-2.25041858e-05 4.96139182e-06 0.0
-7.23527119e-05 2.31065169e-05 0.0
-8.42154259e-05 1.53924138e-05 0.0
-1.36602666e-05 1.39168633e-05 0.0
9.37746506e-07 -5.97916915e-06 0.0
2.25067492e-06 6.26347401e-06 0.0
1.71605261e-05 4.11411429e-06 0.0
-6.13339726e-05 1.65904112e-05 0.0
-4.88513506e-05 1.56443748e-05 0.0
-1.6431859e-06 6.63777291e-06 0.0
1.40805769e-05 -2.16850276e-06 0.0
1.08078539e-05 4.22563244e-06 0.0
-5.51902449e-05 1.77292422e-05 0.0
-1.0569519e-05 -3.71447823e-06 0.0
4.00627832e-05 -7.22822642e-06 0.0
-5.46079718e-05 3.28413739e-06 0.0
-6.23897358e-05 1.94679542e-05 0.0
4.03144295e-05 -6.70811141e-06 0.0
-4.35898364e-05 1.18137441e-05 0.0
-1.84258477e-06 1.68358952e-06 0.0
-3.3214008e-05 1.18894741e-05 0.0
4.32252091e-05 -2.06261393e-06 0.0
3.82888948e-06 3.53100563e-06 0.0
-0.000109123568 2.62281555e-05 0.0
-6.47546403e-05 7.14364569e-06 0.0
-5.18456218e-05 4.1539729e-06 0.0
-4.20205251e-05 8.04456886e-06 0.0
-4.40754629e-05 1.39187287e-05 0.0
-7.68206883e-06 -2.38774646e-06 0.0
-2.2139262e-05 6.00671865e-06 0.0
-7.31221598e-06 7.51084326e-06 0.0
1.91085164e-05 1.99927499e-07 0.0
-7.63003118e-05 1.76728536e-05 0.0
-4.08943924e-05 1.07155238e-05 0.0
-6.43444509e-05 9.45113879e-06 0.0
-8.55549151e-05 1.43910966e-05 0.0
-0.000118723568 2.28912577e-05 0.0
-3.03923589e-05 7.35235699e-06 0.0
-2.63080656e-05 8.97703012e-06 0.0
3.54666008e-05 -8.59148804e-06 0.0
-9.57771226e-06 5.49417928e-06 0.0
-9.70963447e-05 2.15569798e-05 0.0
-2.06665227e-05 1.50497408e-05 0.0
-3.10138275e-05 8.53611311e-07 0.0
-4.69986262e-05 1.02736194e-05 0.0
2.73151672e-05 -4.90482944e-06 0.0
-8.01446222e-05 1.67796697e-05 0.0
-6.84218758e-05 1.69078321e-05 0.0
7.13081636e-06 3.53875248e-06 0.0
3.72820468e-05 -8.49176558e-06 0.0
3.44619766e-05 -6.06290632e-06 0.0
-3.06620204e-05 1.98083671e-06 0.0
-6.08275259e-05 9.16721729e-06 0.0
-6.12406802e-05 1.25926454e-05 0.0
-0.00010088431 2.20265283e-05 0.0
-2.0055908e-05 6.31643252e-06 0.0
-5.89212286e-05 1.40456041e-05 0.0
-2.24083651e-05 4.00605541e-06 0.0
-3.07314549e-05 8.70426993e-06 0.0
7.00920168e-07 7.57922044e-06 0.0
-4.53294087e-05 4.92312211e-06 0.0
-6.21866129e-05 1.35996506e-05 0.0
3.17586978e-06 2.01580588e-06 0.0
5.01125169e-06 4.743933e-06 0.0
-7.24923884e-05 1.89575221e-05 0.0
4.81905918e-05 2.12002033e-06 0.0
-6.33880991e-05 9.33131378e-06 0.0
-4.04505954e-05 1.08838303e-05 0.0
-0.000106439038 2.26419179e-05 0.0
-0.000130730026 2.19563917e-05 0.0
1.48741738e-05 -2.22242329e-06 0.0
-2.4479652e-05 1.00778902e-06 0.0
2.93349676e-05 -5.59298906e-06 0.0
-0.000108038686 2.01004168e-05 0.0
-2.15679902e-05 9.49179775e-06 0.0
-6.88752189e-05 1.61984299e-05 0.0
-0.00011581021 2.30832757e-05 0.0
-7.65750883e-05 1.57078975e-05 0.0
3.76027492e-05 3.44354362e-06 0.0
-4.76915702e-05 1.2469327e-05 0.0
-3.81911268e-05 5.77038509e-06 0.0
4.46711829e-06 4.97691508e-06 0.0
-1.64732239e-06 3.83059569e-06 0.0
-8.19670677e-05 2.54947645e-05 0.0
-5.5677403e-05 1.29372966e-05 0.0
-2.29445559e-05 1.05953577e-05 0.0
3.16532387e-05 -4.98837426e-06 0.0
2.93806315e-05 3.36317953e-06 0.0
-6.05251116e-05 9.35278695e-06 0.0
1.99132246e-05 -3.74454862e-06 0.0
-7.91062266e-05 9.51934726e-06 0.0
2.66754378e-05 -3.50273353e-06 0.0
-3.2776461e-05 2.66569668e-06 0.0
-1.03166358e-05 1.93039477e-06 0.0
-4.90144885e-05 6.1507717e-06 0.0
-3.50573864e-05 6.42014811e-06 0.0
1.4758034e-05 5.34772107e-06 0.0
-7.5767246e-05 1.43140578e-05 0.0
-6.65564439e-05 9.65712206e-06 0.0
-4.32029046e-05 1.38971473e-05 0.0
-0.000126056751 2.1437374e-05 0.0
-4.84466364e-05 1.03039292e-05 0.0
-1.62135495e-06 6.31324474e-06 0.0
-8.60647488e-05 2.39266174e-05 0.0
-8.20465139e-05 2.61071509e-05 0.0
2.11708575e-05 -2.01035687e-06 0.0
-6.40306025e-05 1.82877211e-05 0.0
-1.07886472e-05 3.52620077e-06 0.0
1.26559298e-05 6.0757161e-06 0.0
-8.88397844e-05 1.58908751e-05 0.0
-4.28116655e-05 1.38611413e-05 0.0
-5.69493968e-05 1.25868728e-05 0.0
-6.20535138e-06 9.0717831e-06 0.0
-0.000117025418 1.8179815e-05 0.0
-8.85062545e-05 2.06244549e-05 0.0
-8.18831686e-05 1.42035979e-05 0.0
-4.15438044e-05 1.49124853e-05 0.0
-9.60879788e-06 9.40855716e-06 0.0
-7.31105538e-05 1.49006928e-05 0.0
-7.88838443e-05 1.24994922e-05 0.0
-8.06409953e-05 2.57847114e-05 0.0
-4.41905322e-05 1.06009375e-05 0.0
-0.00011670142 2.86981776e-05 0.0
1.12767229e-05 2.26707175e-06 0.0
-5.00566312e-05 1.2494449e-05 0.0
-4.77697722e-06 -3.61865682e-06 0.0
-4.81634961e-05 1.33383319e-05 0.0
-5.40884721e-05 1.25762936e-05 0.0
-8.147279e-05 2.3753837e-05 0.0
8.37793868e-06 6.33602167e-06 0.0
1.86637481e-05 1.4945557e-06 0.0
-0.000109206434 2.51456295e-05 0.0
-4.12277632e-06 9.56654912e-06 0.0
-4.59651601e-05 3.42143221e-06 0.0
-7.72696367e-05 2.49533441e-05 0.0
4.25837861e-05 -4.59728199e-06 0.0
-9.39965321e-05 1.62635024e-05 0.0
-0.000105866231 2.16760327e-05 0.0
-7.18615702e-05 1.91115396e-05 0.0
-2.35795796e-05 2.25660688e-06 0.0
-3.48126741e-05 5.18784555e-06 0.0
2.8546443e-05 -5.22201435e-06 0.0
-4.96424946e-07 -1.87461637e-06 0.0
-5.91109165e-05 1.03815573e-05 0.0
-6.59823636e-05 1.26341747e-05 0.0
2.18196092e-05 5.52966594e-06 0.0
-9.1645903e-05 2.66729858e-05 0.0
-5.42259004e-05 6.71997714e-06 0.0
2.23509887e-05 -2.45891761e-06 0.0
-2.55009763e-05 1.02343474e-05 0.0
-1.51637005e-05 9.51349011e-06 0.0
2.41989819e-05 -2.38900611e-06 0.0
-7.52745473e-05 9.56643908e-06 0.0
-2.8300703e-05 1.07617416e-05 0.0
-0.000108072069 2.39964356e-05 0.0
-5.5313496e-05 1.30477001e-05 0.0
-9.88955289e-05 2.61670666e-05 0.0
-4.71548847e-05 1.22256124e-05 0.0
1.9655361e-05 4.32134993e-06 0.0
-4.48385945e-05 1.27597423e-05 0.0
-0.000106361003 1.97907175e-05 0.0
1.78803057e-05 8.18684498e-09 0.0
-5.81406421e-05 1.65067049e-05 0.0
-7.86358942e-05 2.36205997e-05 0.0
-3.58929901e-05 1.23403606e-05 0.0
4.32765819e-06 -6.67477161e-06 0.0
1.29801447e-05 2.42343867e-06 0.0
