0.000344087923 -8.31427606e-05 0.0
0.00032943004 -0.000117575008 0.0
0.000328322785 -0.000108846376 0.0
0.000346862216 -9.50260001e-05 0.0
-0.000185897705 -8.9425841e-05 0.0
-0.00017151286 -8.96764832e-05 0.0
-0.000163002187 -9.0305839e-05 0.0
-0.000159661882 -7.22830155e-05 0.0
0.000490397448 -9.0305839e-05 0.0
0.000481886731 -8.96764832e-05 0.0
0.000467501901 -8.9425841e-05 0.0
-0.000132791232 -0.000121115896 0.0
-0.000141222466 -0.000139703261 0.0
-0.000148887237 -0.000157276911 0.0
-0.000109937966 -0.000138416173 0.0
6.70445661e-05 -2.90488133e-05 0.0
7.47093363e-05 -1.14751656e-05 0.0
8.31405705e-05 7.11220309e-06 0.0
2.6742784e-05 -0.00013337002 0.0
1.9792993e-05 -0.000131482404 0.0
1.29285763e-05 -0.000130060987 0.0
1.8343706e-05 -0.000129542925 0.0
0.000228860372 -1.83288853e-06 0.0
0.000235724787 -3.25430869e-06 0.0
0.000242674578 -5.14192561e-06 0.0
0.000553901831 2.42407932e-05 0.0
0.000535022526 -3.03209617e-05 0.0
0.000531555968 -1.39269205e-05 0.0
0.000555051432 1.05378122e-05 0.0
0.000407949963 -9.93524372e-05 0.0
0.00039936183 -0.000100086851 0.0
0.000392810965 -0.000101106925 0.0
0.000379919191 -0.000119871453 0.0
-0.000260588655 -0.000101106925 0.0
-0.000254037761 -0.000100086851 0.0
-0.000245449657 -9.93524372e-05 0.0
-2.74026133e-05 -9.15181226e-05 0.0
-4.45316473e-05 -0.000121502409 0.0
-4.29287393e-05 -0.000112439127 0.0
-2.8510518e-05 -9.78635362e-05 0.0
0.000254521059 -9.87777676e-05 0.0
0.00023285042 -0.00014053515 0.0
0.000231300146 -0.000120838871 0.0
0.000256089319 -0.000116970645 0.0
0.000249598146 -3.90002169e-05 0.0
0.000227516255 -5.55018887e-05 0.0
0.000238442401 -4.63814104e-05 0.0
0.000238627588 -4.95051427e-05 0.0
-1.76821031e-05 -4.12349691e-05 0.0
-1.1095477e-05 -4.11644687e-05 0.0
-2.71309159e-06 -4.05104984e-05 0.0
1.0542376e-05 -1.77954316e-05 0.0
-9.10281415e-06 -3.48684443e-05 0.0
5.23285371e-06 -2.84587077e-05 0.0
0.000650686503 -4.05104984e-05 0.0
0.000642304134 -4.11644687e-05 0.0
0.000635717472 -4.12349691e-05 0.0
-4.13708149e-05 -2.7931359e-05 0.0
-6.29713395e-05 -6.3103209e-05 0.0
-6.38155761e-05 -4.91002065e-05 0.0
-4.10755783e-05 -4.01740108e-05 0.0
0.00012081863 -2.11200186e-05 0.0
9.68322638e-05 -2.70478522e-05 0.0
0.000108852211 -2.50155772e-05 0.0
0.000110013316 -2.37579789e-05 0.0
0.000221238253 -5.04891032e-05 0.0
0.00020092362 -5.68118048e-05 0.0
0.000206630604 -5.30765319e-05 0.0
0.000218181987 -5.07509394e-05 0.0
0.00043945713 -7.65310906e-05 0.0
0.000420696422 -6.36757395e-05 0.0
0.00043495369 -7.20791722e-05 0.0
0.000424646569 -6.47765337e-05 0.0
8.36023682e-05 -5.84152294e-05 0.0
5.9409198e-05 -9.63202183e-05 0.0
5.91241624e-05 -8.40355133e-05 0.0
8.35721003e-05 -7.27724255e-05 0.0
0.000389116089 -3.8741513e-05 0.0
0.000367680826 -6.46960543e-05 0.0
0.000370360212 -5.49135402e-05 0.0
0.000389045832 -4.75952729e-05 0.0
-0.000215931796 -0.000128228101 0.0
0.0 0.0 0.0
0.00065339962 0.0 0.0
0.000437467796 -0.000128228101 0.0
0.000337891281 -8.38826672e-05 0.0
0.000332370342 -8.56781407e-05 0.0
0.000327373127 -8.81563974e-05 0.0
0.000322785636 -9.13444019e-05 0.0
0.000318927778 -9.59466706e-05 0.0
0.000315845886 -0.00010153644 0.0
0.000314896955 -0.00010704936 0.0
0.000315730984 -0.000111455978 0.0
0.000317655329 -0.000114577721 0.0
0.000320774794 -0.00011642227 0.0
0.000324773428 -0.000117507567 0.0
0.000334423792 -0.000116502772 0.0
0.000339344318 -0.000114736198 0.0
0.000343973748 -0.000112264133 0.0
0.000348288217 -0.000109361063 0.0
0.000352376315 -0.000105821193 0.0
0.000356263045 -0.000101669699 0.0
0.000359069556 -9.68871391e-05 0.0
0.00036043697 -9.24995766e-05 0.0
0.000359210244 -8.93040997e-05 0.0
0.000356181583 -8.60540313e-05 0.0
0.000350612681 -8.39335626e-05 0.0
0.000337287143 -0.000101883088 0.0
-0.000181272146 -8.92053213e-05 0.0
-0.000176321235 -8.92862008e-05 0.0
-0.0001678189 -9.01062085e-05 0.0
-0.000165122197 -9.02856918e-05 0.0
-0.000158426163 -8.77532439e-05 0.0
-0.000154742156 -8.32740552e-05 0.0
-0.000153174013 -7.88570105e-05 0.0
-0.000153033689 -7.55286164e-05 0.0
-0.000154092661 -7.36520233e-05 0.0
-0.000155520407 -7.26099024e-05 0.0
-0.000157453891 -7.23127159e-05 0.0
-0.000162393349 -7.29703897e-05 0.0
-0.000165976613 -7.44631179e-05 0.0
-0.000170174273 -7.65604636e-05 0.0
-0.000174409448 -7.89436745e-05 0.0
-0.000178198112 -8.12095168e-05 0.0
-0.000181770869 -8.33609956e-05 0.0
-0.000184434641 -8.63783789e-05 0.0
0.000488277408 -9.02856918e-05 0.0
0.000485580706 -9.01062085e-05 0.0
0.000477078371 -8.92862008e-05 0.0
0.00047212746 -8.92053213e-05 0.0
0.000468294194 -9.20995881e-05 0.0
0.000470917905 -9.43224804e-05 0.0
0.00047411272 -9.54051502e-05 0.0
0.000477081427 -9.56200238e-05 0.0
0.000479516311 -9.50014655e-05 0.0
0.000481296651 -9.43828563e-05 0.0
0.000483227399 -9.39986858e-05 0.0
0.000486603618 -9.24751948e-05 0.0
-0.000135037379 -0.00012572603 0.0
-0.000137803916 -0.000131629335 0.0
-0.000144562 -0.000147865925 0.0
-0.000147098923 -0.000153531902 0.0
-0.000144833699 -0.000158086928 0.0
-0.000140429387 -0.000158116221 0.0
-0.000135489521 -0.000156854381 0.0
-0.000129890803 -0.000154377849 0.0
-0.000124060534 -0.00015105067 0.0
-0.000118429205 -0.000147278071 0.0
-0.000113407623 -0.000143224432 0.0
-0.000107647516 -0.000133225985 0.0
-0.000107551707 -0.000128439759 0.0
-0.000109139561 -0.00012434856 0.0
-0.000112025118 -0.000121035591 0.0
-0.000115336123 -0.000119222386 0.0
-0.000120076947 -0.000118811993 0.0
-0.000126019528 -0.000119446508 0.0
6.88328728e-05 -2.53038052e-05 0.0
7.13697955e-05 -1.96378314e-05 0.0
7.81278795e-05 -3.40124166e-06 0.0
8.08944242e-05 2.50207677e-06 0.0
7.6573313e-05 4.46816557e-06 0.0
7.09095038e-05 1.281614e-06 0.0
6.61444792e-05 -2.37253289e-06 0.0
6.20666979e-05 -6.10923189e-06 0.0
5.91807257e-05 -1.1413329e-05 0.0
5.76784732e-05 -1.6972881e-05 0.0
5.84118352e-05 -2.15512537e-05 0.0
6.06771973e-05 -2.51697984e-05 0.0
6.35101314e-05 -2.75333277e-05 0.0
2.38108823e-05 -0.000132595422 0.0
1.58436942e-05 -0.00013061479 0.0
1.13479082e-05 -0.000129156935 0.0
1.02397125e-05 -0.00012808312 0.0
9.87303156e-06 -0.000127092295 0.0
1.04893325e-05 -0.000126145023 0.0
1.08958166e-05 -0.000126100989 0.0
1.16417114e-05 -0.000126036888 0.0
1.30370718e-05 -0.000126274608 0.0
1.52212942e-05 -0.000127782914 0.0
2.17901761e-05 -0.000130770262 0.0
2.50369194e-05 -0.000131438879 0.0
2.79304131e-05 -0.000131936889 0.0
3.01304917e-05 -0.000132424262 0.0
3.13964047e-05 -0.000133229725 0.0
3.17024387e-05 -0.000133680005 0.0
3.07885493e-05 -0.000134089016 0.0
2.90028838e-05 -0.000133751018 0.0
0.000231775499 -2.38668508e-06 0.0
0.000239742687 -4.36731716e-06 0.0
0.000240104491 -4.65965923e-06 0.0
0.000237354237 -4.04702632e-06 0.0
0.000234780236 -3.31556475e-06 0.0
0.000232543738 -2.91832657e-06 0.0
0.000230740116 -2.49944264e-06 0.0
0.000546545314 2.38876291e-05 0.0
0.000538362539 2.14325173e-05 0.0
0.000530304562 1.67552153e-05 0.0
0.000522094953 1.16669326e-05 0.0
0.000514943968 5.26927352e-06 0.0
0.000510213198 -2.14879196e-06 0.0
0.000507364399 -1.1015266e-05 0.0
0.000508705736 -1.77519032e-05 0.0
0.000512989063 -2.3666249e-05 0.0
0.000519421941 -2.79859523e-05 0.0
0.000527015654 -3.01840846e-05 0.0
0.000543313567 -2.87998755e-05 0.0
0.000551218051 -2.55809991e-05 0.0
0.000558262458 -2.09366444e-05 0.0
0.000564110407 -1.49198067e-05 0.0
0.000568630872 -7.60129296e-06 0.0
0.000571286073 1.39510874e-07 0.0
0.00057195453 7.07055551e-06 0.0
0.000571050565 1.27244211e-05 0.0
0.000568340241 1.70602543e-05 0.0
0.000564400398 2.03579239e-05 0.0
0.000559550535 2.283717e-05 0.0
0.000543689122 -1.14604461e-06 0.0
0.000403674057 -9.96480667e-05 0.0
0.000395707088 -0.000100669735 0.0
0.000388628308 -0.000103335035 0.0
0.000384683692 -0.000106129824 0.0
0.000381380261 -0.0001094041 0.0
0.000378865807 -0.000113041489 0.0
0.000377093413 -0.000115875875 0.0
0.000376085605 -0.00011788703 0.0
0.000375552743 -0.000119098368 0.0
0.000375613599 -0.000119755903 0.0
0.00037688177 -0.000119948498 0.0
0.000384405721 -0.000119285476 0.0
0.000389393972 -0.000118442113 0.0
0.000394029834 -0.000116974479 0.0
0.000398328906 -0.000114930903 0.0
0.000402066071 -0.000112479305 0.0
0.000405893777 -0.000109936154 0.0
0.000408661464 -0.000107242879 0.0
0.000410457666 -0.000104302439 0.0
0.000410109613 -0.000101740807 0.0
-0.000257692504 -0.000100669735 0.0
-0.000249725563 -9.96480667e-05 0.0
-0.000247774558 -9.80633195e-05 0.0
-0.000249983626 -9.76046285e-05 0.0
-0.000252094847 -9.76919328e-05 0.0
-0.000254395331 -9.83926293e-05 0.0
-0.000257179898 -9.95537775e-05 0.0
-3.14161734e-05 -9.2897586e-05 0.0
-3.49940674e-05 -9.4920164e-05 0.0
-3.82113867e-05 -9.67633823e-05 0.0
-4.13020898e-05 -9.86201703e-05 0.0
-4.48086903e-05 -0.000100527985 0.0
-4.89584891e-05 -0.000102514139 0.0
-5.25598953e-05 -0.000106439002 0.0
-5.43551396e-05 -0.000110836001 0.0
-5.42309863e-05 -0.000114733586 0.0
-5.23628878e-05 -0.000117920848 0.0
-4.99048983e-05 -0.000120199598 0.0
-4.73755172e-05 -0.000121126126 0.0
-4.12057198e-05 -0.000120947923 0.0
-3.69416557e-05 -0.000119391108 0.0
-3.1883581e-05 -0.000117028751 0.0
-2.65592189e-05 -0.000114217866 0.0
-2.16736607e-05 -0.000110670175 0.0
-1.74495799e-05 -0.000106184336 0.0
-1.53137535e-05 -0.000101282851 0.0
-1.50234391e-05 -9.7048789e-05 0.0
-1.59274296e-05 -9.4090421e-05 0.0
-1.79147537e-05 -9.23039697e-05 0.0
-2.04566477e-05 -9.12672258e-05 0.0
-2.36817668e-05 -9.09959854e-05 0.0
-3.57578974e-05 -0.000105029554 0.0
0.000247006508 -0.000100159319 0.0
0.000239086832 -0.000102591926 0.0
0.000231988 -0.000106477666 0.0
0.000226355914 -0.000111326815 0.0
0.000221929076 -0.000117035837 0.0
0.000219189882 -0.000123131424 0.0
0.000218208064 -0.000129115258 0.0
0.000219152047 -0.000134311776 0.0
0.000221823386 -0.000138187112 0.0
0.000226477088 -0.000140062286 0.0
0.000240376496 -0.000139119249 0.0
0.000248182652 -0.00013669781 0.0
0.000255687104 -0.000132750167 0.0
0.000262219139 -0.000127646825 0.0
0.000267322321 -0.000120872355 0.0
0.000269609154 -0.000114051887 0.0
0.000269561395 -0.000108178137 0.0
0.000268188043 -0.000103595499 0.0
0.000265283976 -0.000100601617 0.0
0.000260856177 -9.89454566e-05 0.0
0.000243568764 -0.000119043209 0.0
0.000247487158 -3.88230474e-05 0.0
0.000244387949 -3.98825068e-05 0.0
0.000240124806 -4.13910093e-05 0.0
0.000234824038 -4.41850898e-05 0.0
0.000230738297 -4.78398215e-05 0.0
0.000228957055 -5.05683674e-05 0.0
0.000228093457 -5.22955052e-05 0.0
0.000227713637 -5.32469749e-05 0.0
0.000227417811 -5.38594941e-05 0.0
0.000227375291 -5.46714582e-05 0.0
0.000227141616 -5.52199563e-05 0.0
0.000229175173 -5.51483899e-05 0.0
0.000232058374 -5.39124994e-05 0.0
0.000235780666 -5.20688482e-05 0.0
0.000239712812 -5.00620772e-05 0.0
0.000243467395 -4.83683325e-05 0.0
0.000246688054 -4.6687921e-05 0.0
0.000248893717 -4.46692356e-05 0.0
0.00025013971 -4.28359708e-05 0.0
0.000250738405 -4.12787631e-05 0.0
0.000250735757 -4.00908393e-05 0.0
0.000250256038 -3.92172624e-05 0.0
0.000238632711 -4.81822935e-05 0.0
-1.4900118e-05 -4.12638983e-05 0.0
-6.54656924e-06 -4.09002205e-05 0.0
2.39957558e-06 -3.81959726e-05 0.0
7.33465004e-06 -3.59051519e-05 0.0
1.15073481e-05 -3.27431262e-05 0.0
1.45806916e-05 -2.88949595e-05 0.0
1.60988457e-05 -2.50752528e-05 0.0
1.58502371e-05 -2.18574496e-05 0.0
1.51088716e-05 -1.95586945e-05 0.0
1.44138785e-05 -1.85334811e-05 0.0
1.32088953e-05 -1.80132938e-05 0.0
6.41678662e-06 -1.84192868e-05 0.0
1.05264814e-06 -2.01599705e-05 0.0
-4.74699164e-06 -2.28336557e-05 0.0
-9.69276971e-06 -2.62017111e-05 0.0
-1.39029589e-05 -3.01855707e-05 0.0
-1.64275207e-05 -3.36739831e-05 0.0
-1.8035058e-05 -3.6363017e-05 0.0
-1.864556e-05 -3.82617654e-05 0.0
-1.85125682e-05 -3.99379715e-05 0.0
0.000646853005 -4.09002205e-05 0.0
0.000638499507 -4.12638983e-05 0.0
0.000637112709 -4.21571385e-05 0.0
0.000638804457 -4.29460997e-05 0.0
0.000641714898 -4.30480468e-05 0.0
0.000645880646 -4.25413054e-05 0.0
-4.60439842e-05 -2.84668986e-05 0.0
-5.18246961e-05 -3.04068526e-05 0.0
-5.81177119e-05 -3.34457509e-05 0.0
-6.45735054e-05 -3.71112656e-05 0.0
-7.02277466e-05 -4.15218819e-05 0.0
-7.42302727e-05 -4.68718827e-05 0.0
-7.6300661e-05 -5.24460665e-05 0.0
-7.6340235e-05 -5.68821706e-05 0.0
-7.52168489e-05 -5.9892358e-05 0.0
-7.27116785e-05 -6.19856219e-05 0.0
-6.85438208e-05 -6.28042035e-05 0.0
-5.64660331e-05 -6.22932203e-05 0.0
-4.99196067e-05 -6.00810163e-05 0.0
-4.36469927e-05 -5.66048038e-05 0.0
-3.83006372e-05 -5.19298628e-05 0.0
-3.4267563e-05 -4.67619793e-05 0.0
-3.17096201e-05 -4.20463803e-05 0.0
-3.06987931e-05 -3.83625156e-05 0.0
-3.12581869e-05 -3.52256284e-05 0.0
-3.28416463e-05 -3.23275053e-05 0.0
-3.52959978e-05 -2.9954479e-05 0.0
-3.81145728e-05 -2.85088245e-05 0.0
-5.20969479e-05 -4.43493918e-05 0.0
0.000120228477 -2.14256088e-05 0.0
0.000118209282 -2.23469942e-05 0.0
0.000115190058 -2.35396819e-05 0.0
0.000111839909 -2.4799534e-05 0.0
0.000108664994 -2.58705513e-05 0.0
0.000105439605 -2.65275066e-05 0.0
0.00010282483 -2.67101186e-05 0.0
0.000100831239 -2.68921631e-05 0.0
9.93565191e-05 -2.70894216e-05 0.0
9.77607924e-05 -2.73633395e-05 0.0
9.66226362e-05 -2.71399767e-05 0.0
9.86620726e-05 -2.68312087e-05 0.0
0.000101906298 -2.58139189e-05 0.0
0.000105426392 -2.47584976e-05 0.0
0.000108689681 -2.437482e-05 0.0
0.000111524583 -2.39974579e-05 0.0
0.000113748931 -2.35939551e-05 0.0
0.000115770774 -2.2806651e-05 0.0
0.000117123032 -2.19113008e-05 0.0
0.000118173863 -2.12567156e-05 0.0
0.000119073433 -2.10757917e-05 0.0
0.000120161953 -2.10194885e-05 0.0
0.000109125765 -2.42262176e-05 0.0
0.00021887914 -5.07574987e-05 0.0
0.000216636807 -5.1160212e-05 0.0
0.00021423008 -5.17114931e-05 0.0
0.000211607694 -5.20115464e-05 0.0
0.000208555342 -5.23785675e-05 0.0
0.000205464414 -5.31456717e-05 0.0
0.00020230707 -5.41376394e-05 0.0
0.000199818707 -5.52973361e-05 0.0
0.000198843118 -5.55433617e-05 0.0
0.000199057977 -5.60013905e-05 0.0
0.000204478594 -5.68867326e-05 0.0
0.000209323334 -5.59750224e-05 0.0
0.000214048123 -5.48476892e-05 0.0
0.000217984751 -5.27027405e-05 0.0
0.000220679925 -5.06360921e-05 0.0
0.000221781374 -4.95656495e-05 0.0
0.00022303898 -5.01525537e-05 0.0
0.000224801915 -5.09264573e-05 0.0
0.000224783114 -5.09378879e-05 0.0
0.000223454655 -5.07272161e-05 0.0
0.00021201979 -5.19094792e-05 0.0
0.000440716918 -7.56353911e-05 0.0
0.000441567361 -7.43948985e-05 0.0
0.000441164913 -7.34167552e-05 0.0
0.000438935414 -7.2672985e-05 0.0
0.000436144503 -7.10325185e-05 0.0
0.000432257424 -6.98042568e-05 0.0
0.00042838903 -6.76289419e-05 0.0
0.000425042614 -6.59500147e-05 0.0
0.000422672165 -6.43573003e-05 0.0
0.000421017117 -6.42131563e-05 0.0
0.000420937344 -6.41350052e-05 0.0
0.00041991318 -6.27096524e-05 0.0
0.00041862842 -6.22436855e-05 0.0
0.000417384232 -6.23409942e-05 0.0
0.00041717905 -6.29759743e-05 0.0
0.000418217387 -6.44420725e-05 0.0
0.000421015313 -6.73877075e-05 0.0
0.000424869853 -7.02649559e-05 0.0
0.000428993866 -7.21939432e-05 0.0
0.000432854256 -7.37781957e-05 0.0
0.000435939117 -7.53753338e-05 0.0
0.00043822921 -7.64531724e-05 0.0
0.000429614767 -6.81969032e-05 0.0
7.66894591e-05 -5.89368756e-05 0.0
6.90991656e-05 -6.08964037e-05 0.0
6.16776742e-05 -6.40575599e-05 0.0
5.51780249e-05 -6.85842679e-05 0.0
5.01970972e-05 -7.4406722e-05 0.0
4.69165752e-05 -8.07279212e-05 0.0
4.57483402e-05 -8.64712565e-05 0.0
4.6881094e-05 -9.07024369e-05 0.0
4.90015009e-05 -9.35504286e-05 0.0
5.19873647e-05 -9.53189883e-05 0.0
5.5520537e-05 -9.62467602e-05 0.0
6.45657201e-05 -9.52639457e-05 0.0
7.05330458e-05 -9.26148932e-05 0.0
7.68003811e-05 -8.86214184e-05 0.0
8.26020041e-05 -8.43876915e-05 0.0
8.77840648e-05 -8.00022608e-05 0.0
9.18382648e-05 -7.50662948e-05 0.0
9.39765814e-05 -7.07721338e-05 0.0
9.48724628e-05 -6.68142238e-05 0.0
9.47671069e-05 -6.32334268e-05 0.0
9.26344146e-05 -6.10574498e-05 0.0
8.8984867e-05 -5.93956611e-05 0.0
7.15208444e-05 -7.83110445e-05 0.0
0.000385213731 -4.06793843e-05 0.0
0.00038174112 -4.32043307e-05 0.0
0.000379169505 -4.54360525e-05 0.0
0.000377268414 -4.77683825e-05 0.0
0.000375100528 -4.96871471e-05 0.0
0.000371846458 -5.11695325e-05 0.0
0.000368367066 -5.31096885e-05 0.0
0.000365087646 -5.5393084e-05 0.0
0.000363056897 -5.75365557e-05 0.0
0.000362179242 -5.93692021e-05 0.0
0.000363007886 -6.11703726e-05 0.0
0.000365067594 -6.30612194e-05 0.0
0.000371317263 -6.50872462e-05 0.0
0.000376219628 -6.40915168e-05 0.0
0.00038169921 -6.21646177e-05 0.0
0.000387399312 -5.97676844e-05 0.0
0.000393461727 -5.71566306e-05 0.0
0.000398157019 -5.35991094e-05 0.0
0.000401641155 -4.93013831e-05 0.0
0.000403174228 -4.52119602e-05 0.0
0.000402406207 -4.18116761e-05 0.0
0.000400057877 -3.89615998e-05 0.0
0.000396552437 -3.78648874e-05 0.0
0.000392940623 -3.77985743e-05 0.0
0.000378917 -5.19352907e-05 0.0
-0.000212815808 -0.000126251238 0.0
-0.00022606313 -0.000119053308 0.0
-0.000191876723 -9.14956618e-05 0.0
-0.000186205172 -8.84572728e-05 0.0
-0.000147585 -7.26966391e-05 0.0
-0.000105588217 -5.74333098e-05 0.0
-8.87843489e-05 -4.89178419e-05 0.0
-8.81061715e-05 -4.52280692e-05 0.0
-9.45189968e-05 -4.13524176e-05 0.0
-9.60166508e-05 -4.18341515e-05 0.0
-8.29635392e-05 -4.39675605e-05 0.0
-5.52517595e-05 -4.60799165e-05 0.0
-4.97478068e-05 -5.90932996e-06 0.0
-4.9849521e-05 -2.01217233e-07 0.0
-3.46707457e-05 1.14250895e-06 0.0
-1.50445221e-05 2.53700364e-07 0.0
3.17392478e-05 -1.98612561e-05 0.0
0.000133462061 -2.45759147e-05 0.0
0.000178804243 -2.33885457e-05 0.0
0.000286324299 -3.35177174e-05 0.0
0.000324101507 -4.75629458e-05 0.0
0.000360575941 -3.25336332e-05 0.0
0.0003943427 -1.1187346e-05 0.0
0.000420663186 5.13804434e-06 0.0
0.000436602306 1.24184508e-05 0.0
0.000454462628 1.45079684e-05 0.0
0.000479266571 7.46911701e-06 0.0
0.000506003737 -5.23324661e-06 0.0
0.000529555662 -1.41460341e-05 0.0
0.000549458724 -1.17994277e-05 0.0
0.000565939117 -3.85853627e-06 0.0
0.000578355859 5.69818394e-06 0.0
0.000589615491 1.34006077e-05 0.0
0.000604011933 1.93649121e-05 0.0
0.000625053304 1.5967973e-05 0.0
0.000638355094 2.53700364e-07 0.0
0.000618728867 1.14250895e-06 0.0
0.000603550056 -2.01217233e-07 0.0
0.000603651803 -5.90932996e-06 0.0
0.000598147861 -4.60799165e-05 0.0
0.000570436066 -4.39675605e-05 0.0
0.00055738294 -4.18341515e-05 0.0
0.000558880623 -4.13524176e-05 0.0
0.00056529342 -4.52280692e-05 0.0
0.000564615242 -4.89178419e-05 0.0
0.000547811389 -5.74333098e-05 0.0
0.00050581462 -7.26966391e-05 0.0
0.000467194419 -8.84572728e-05 0.0
0.000461522868 -9.14956618e-05 0.0
0.000427336461 -0.000119053308 0.0
0.000440583797 -0.000126251238 0.0
0.00040912148 -0.000112260124 0.0
0.000388080138 -0.000108863191 0.0
0.000373683724 -0.00011482749 0.0
0.000362424034 -0.00012252992 0.0
0.000350007322 -0.000132086643 0.0
0.000333526928 -0.000140027521 0.0
0.000313623896 -0.000142374134 0.0
0.000290071941 -0.000133461348 0.0
0.000263334776 -0.000120758981 0.0
0.000238530833 -0.000113720133 0.0
0.00022067051 -0.000115809649 0.0
0.000204731405 -0.000123090053 0.0
0.000178410904 -0.000139415453 0.0
0.000144644146 -0.000160761731 0.0
0.000108169719 -0.00017579105 0.0
7.03925034e-05 -0.000161745818 0.0
-3.71275564e-05 -0.000151616652 0.0
-8.24697345e-05 -0.000152804016 0.0
-0.000184192555 -0.000148089355 0.0
0.000331102114 -9.58708406e-05 0.0
0.00034256489 -0.000106931366 0.0
0.000349171809 -0.000101246362 0.0
0.000325159373 -0.000102453239 0.0
0.000338940154 -9.14286866e-05 0.0
0.000334931014 -0.000111147725 0.0
0.000331709511 -9.06126297e-05 0.0
0.000340975967 -0.000110988978 0.0
0.00034775713 -0.000106391584 0.0
0.000325087574 -9.59067402e-05 0.0
0.00032047971 -0.00010737565 0.0
0.000354582415 -9.66730295e-05 0.0
0.000329364761 -0.00011434828 0.0
0.000345078879 -8.7998611e-05 0.0
0.000321012514 -9.98579417e-05 0.0
0.000345066743 -0.000109535562 0.0
0.00032759746 -9.22981199e-05 0.0
0.000336571335 -0.000113662602 0.0
0.00035201924 -0.000103130769 0.0
0.000336191501 -8.76870472e-05 0.0
0.000353659183 -9.04320841e-05 0.0
0.000322490814 -0.000113136943 0.0
0.000320988474 -0.000111101246 0.0
0.000354889431 -9.27850342e-05 0.0
0.000354281918 -9.99249969e-05 0.0
0.000319532817 -0.000103747494 0.0
0.000350442366 -8.88214418e-05 0.0
0.000325137284 -0.000114118622 0.0
0.000332917902 -0.000114705617 0.0
0.00034044616 -8.68345014e-05 0.0
0.000331329327 -0.000101309204 0.0
0.000343135471 -0.000102344457 0.0
0.000337245379 -9.66861917e-05 0.0
0.000337058533 -0.000106697626 0.0
-0.000164440702 -8.16006796e-05 0.0
-0.00017165966 -8.22811562e-05 0.0
-0.000165286663 -7.74983564e-05 0.0
-0.000161817239 -8.53105958e-05 0.0
-0.000177716953 -8.49002899e-05 0.0
-0.00015848015 -7.97002212e-05 0.0
-0.000159612202 -7.7034405e-05 0.0
-0.000168625367 -7.78349422e-05 0.0
-0.000169698542 -8.4902058e-05 0.0
-0.000173594366 -8.05876698e-05 0.0
-0.000166004203 -8.60001019e-05 0.0
-0.00017425105 -8.55699109e-05 0.0
-0.000160899057 -7.51185289e-05 0.0
-0.000167302438 -8.08353361e-05 0.0
-0.000162763332 -7.47580561e-05 0.0
-0.000162008961 -8.80915613e-05 0.0
-0.000164636687 -8.81368687e-05 0.0
-0.000177881753 -8.27770054e-05 0.0
-0.000163564182 -7.83794458e-05 0.0
-0.000156677241 -7.65282093e-05 0.0
-0.000157850838 -8.21824142e-05 0.0
-0.000181296011 -8.68122806e-05 0.0
-0.000171699503 -7.85716402e-05 0.0
-0.000177784852 -8.71032462e-05 0.0
-0.000165148318 -7.54934954e-05 0.0
-0.000162322031 -8.28001357e-05 0.0
-0.000169150575 -7.98049659e-05 0.0
-0.000159114104 -8.54455793e-05 0.0
-0.000180592775 -8.47844931e-05 0.0
-0.000174892106 -8.27266267e-05 0.0
-0.000158346666 -7.44997451e-05 0.0
-0.00017295577 -8.73719036e-05 0.0
0.00048189651 -9.29808375e-05 0.0
0.000477707334 -9.27957226e-05 0.0
0.000472777931 -9.15024502e-05 0.0
0.000485397264 -9.21298197e-05 0.0
0.000483388692 -9.30412716e-05 0.0
0.00047466511 -9.2788483e-05 0.0
0.000479737151 -9.33946358e-05 0.0
-0.000130743501 -0.000144952312 0.0
-0.000125856954 -0.000133618756 0.0
-0.000118451899 -0.0001374188 0.0
-0.000126877436 -0.000126764382 0.0
-0.000139441137 -0.000152239882 0.0
-0.00013192372 -0.000150782318 0.0
-0.000120816396 -0.000143545549 0.0
-0.000117853604 -0.000124592028 0.0
-0.000115484603 -0.00013071837 0.0
-0.000131829263 -0.000133696332 0.0
-0.000129288965 -0.000138815143 0.0
-0.000137822339 -0.000147116574 0.0
-0.000125711784 -0.000148556312 0.0
-0.00012955055 -0.000123942315 0.0
-0.000124866245 -0.000141191747 0.0
-0.000112870192 -0.000133312045 0.0
-0.000121427598 -0.000123219696 0.0
-0.000115577182 -0.000139874915 0.0
-0.000137016847 -0.00015422421 0.0
-0.000114873677 -0.000126054816 0.0
-0.000132488567 -0.000128470681 0.0
-0.000143927042 -0.000154734007 0.0
-0.000142479752 -0.000150555847 0.0
-0.000122306912 -0.000135260751 0.0
-0.000134945643 -0.00014909188 0.0
-0.00013609037 -0.000141914861 0.0
-0.000124115119 -0.000129082749 0.0
-0.000141163473 -0.000155545407 0.0
-0.000112938709 -0.000136516799 0.0
-0.000126819155 -0.000145864164 0.0
-0.00012453305 -0.000122174592 0.0
-0.00011988257 -0.000129702894 0.0
6.63360988e-05 -1.6202901e-05 0.0
6.72495153e-05 -9.90916487e-06 0.0
7.19732925e-05 -2.92782261e-06 0.0
6.55984404e-05 -2.37732347e-05 0.0
6.30349896e-05 -1.35793571e-05 0.0
7.56516165e-05 3.80913178e-07 0.0
6.76664058e-05 -5.44569639e-06 0.0
7.2252551e-05 -6.67761105e-06 0.0
6.35647957e-05 -2.0669464e-05 0.0
2.24599899e-05 -0.000131351015 0.0
1.75152982e-05 -0.000129907683 0.0
1.83940174e-05 -0.000129364373 0.0
2.26123993e-05 -0.000131014633 0.0
2.64936352e-05 -0.00013278937 0.0
1.41834698e-05 -0.000127864114 0.0
2.66115476e-05 -0.000132263289 0.0
1.50902952e-05 -0.000129581342 0.0
1.28348602e-05 -0.000128339845 0.0
2.02235005e-05 -0.000131002511 0.0
1.9751853e-05 -0.000130298737 0.0
1.50044607e-05 -0.000127670603 0.0
1.84277233e-05 -0.000129348802 0.0
2.36789328e-05 -0.0001321327 0.0
2.61494642e-05 -0.00013189872 0.0
2.88549581e-05 -0.000133073336 0.0
1.76292233e-05 -0.000130604894 0.0
1.69463819e-05 -0.000129055494 0.0
2.6530719e-05 -0.00013308342 0.0
2.10771668e-05 -0.00013057761 0.0
2.39883047e-05 -0.00013156225 0.0
2.09743412e-05 -0.000130462897 0.0
1.24607686e-05 -0.000127444306 0.0
1.29843647e-05 -0.000126956133 0.0
1.60569398e-05 -0.000128080748 0.0
1.25880706e-05 -0.000128958025 0.0
2.84096368e-05 -0.000133390335 0.0
2.3337303e-05 -0.000131159526 0.0
2.55202322e-05 -0.000132247937 0.0
1.22274487e-05 -0.000126929051 0.0
2.88242118e-05 -0.000132583096 0.0
1.34912552e-05 -0.000129705964 0.0
2.02507872e-05 -0.00013015249 0.0
1.48991494e-05 -0.000128699627 0.0
0.000233445957 -2.94999722e-06 0.0
0.000237247208 -3.85882822e-06 0.0
0.00023213042 -2.6763089e-06 0.0
0.000238667577 -4.2424922e-06 0.0
0.000528832199 2.7328926e-07 0.0
0.00054897886 -1.20369859e-05 0.0
0.000559581444 -3.34586935e-06 0.0
0.000536921667 1.11952195e-05 0.0
0.000548978511 1.67273665e-05 0.0
0.00056315033 6.59642137e-06 0.0
0.000521038426 -9.68124823e-06 0.0
0.000539597881 -2.10945927e-05 0.0
0.000525234442 6.18660624e-06 0.0
0.000556660583 -1.35487235e-05 0.0
0.000544600654 8.08360619e-06 0.0
0.00052832003 -2.21722257e-05 0.0
0.000558058906 1.70037074e-05 0.0
0.000546446536 -2.22817907e-05 0.0
0.000517979322 -1.67478411e-05 0.0
0.000516373722 -5.19473269e-06 0.0
0.000541664893 1.79320232e-05 0.0
0.00056636933 2.0810769e-06 0.0
0.000565109134 1.22418487e-05 0.0
0.000530071149 1.24232101e-05 0.0
0.000562845904 -8.50455581e-06 0.0
0.000554494676 2.05502261e-06 0.0
0.000535481318 1.59084193e-05 0.0
0.000552772195 -1.95087359e-05 0.0
0.000518283865 1.09575956e-06 0.0
0.000565586844 -3.34121273e-06 0.0
0.000522152521 -2.08420079e-05 0.0
0.00056225399 1.56027727e-05 0.0
0.000532526523 -2.59330063e-05 0.0
0.000555200735 2.02912288e-05 0.0
0.000390207366 -0.000111534158 0.0
0.0003893463 -0.000107518172 0.0
0.000399929209 -0.000106600484 0.0
0.000383326027 -0.000113563707 0.0
0.000396443938 -0.000111953697 0.0
0.000384107057 -0.0001162267 0.0
0.000394985662 -0.000105964114 0.0
0.000389788736 -0.000115135263 0.0
0.000383569306 -0.000110970104 0.0
0.00040198653 -0.000109343215 0.0
0.000380308309 -0.000116908668 0.0
0.0003913494 -0.000103865983 0.0
0.000404079357 -0.000102917271 0.0
0.000394511211 -0.000103645929 0.0
0.000399589306 -0.000103204409 0.0
0.000394847244 -0.000114603725 0.0
0.000388359447 -0.000110506793 0.0
0.000386802392 -0.000107248416 0.0
0.000385683787 -0.000113810238 0.0
0.00038445933 -0.000117564494 0.0
0.000404357503 -0.000106017855 0.0
0.000395128853 -0.000109719076 0.0
0.000391852809 -0.000112443748 0.0
0.000379108067 -0.000115638919 0.0
0.0004009447 -0.000111493726 0.0
0.000379869423 -0.000118125172 0.0
0.000380513113 -0.000113559145 0.0
0.000378561963 -0.000117011317 0.0
0.000391111855 -0.000116497125 0.0
0.000387551525 -0.000117455704 0.0
0.000391667418 -0.000107566462 0.0
0.000396367308 -0.00010713598 0.0
0.000386380794 -0.00011020965 0.0
0.000397083204 -0.00010322946 0.0
0.000387988781 -0.000113767746 0.0
0.000399131619 -0.000108839748 0.0
0.000381013204 -0.000118493983 0.0
0.000383794744 -0.000109125125 0.0
0.000405647472 -0.000107353851 0.0
0.000392737158 -0.000108750188 0.0
0.000398373697 -0.000113326234 0.0
-0.000254849176 -9.9220335e-05 0.0
-0.000251105288 -9.86252853e-05 0.0
-0.000256032741 -9.94536313e-05 0.0
-0.000249671808 -9.84931758e-05 0.0
-2.64485971e-05 -0.000104110346 0.0
-3.52473726e-05 -0.00011287388 0.0
-3.65167216e-05 -9.86344385e-05 0.0
-4.43803037e-05 -0.000105072118 0.0
-4.20378419e-05 -0.000100468198 0.0
-4.8097867e-05 -0.000110556321 0.0
-4.08633059e-05 -0.00011705995 0.0
-2.83006739e-05 -0.000110256267 0.0
-2.2182594e-05 -9.83759746e-05 0.0
-3.11890071e-05 -9.53819763e-05 0.0
-2.04771823e-05 -0.000103934006 0.0
-3.67730718e-05 -9.66997031e-05 0.0
-4.82281393e-05 -0.000104569895 0.0
-3.45690787e-05 -0.000116290401 0.0
-2.33246792e-05 -9.48008092e-05 0.0
-2.6361271e-05 -9.40049576e-05 0.0
-4.73841465e-05 -0.000115534735 0.0
-4.51398992e-05 -0.000117810327 0.0
-4.55563058e-05 -0.000101781108 0.0
-5.0060873e-05 -0.000107829437 0.0
-1.92789194e-05 -0.000100330799 0.0
-2.29355464e-05 -0.000107873515 0.0
-3.38053287e-05 -9.5268937e-05 0.0
-3.97658878e-05 -9.8329343e-05 0.0
-3.83236365e-05 -0.000117870266 0.0
-3.04134701e-05 -0.00011401443 0.0
-1.9881596e-05 -9.48237503e-05 0.0
-5.04286545e-05 -0.000114718852 0.0
-3.89375346e-05 -0.000103055994 0.0
-3.30936782e-05 -0.000107288659 0.0
0.000247230637 -0.000108727523 0.0
0.000240037625 -0.000129786393 0.0
0.000257978914 -0.000107540058 0.0
0.000229345227 -0.000130470216 0.0
0.000238018125 -0.000109260225 0.0
0.000249369041 -0.000129587352 0.0
0.000233327839 -0.000134935297 0.0
0.000254016079 -0.000103787905 0.0
0.000229510668 -0.000115687937 0.0
0.000258201093 -0.000122560348 0.0
0.000224038115 -0.000128899352 0.0
0.000263485708 -0.000108716798 0.0
0.000247326359 -0.000123841834 0.0
0.000239889894 -0.000114435607 0.0
0.00024353867 -0.000104781284 0.0
0.000243828879 -0.0001342537 0.0
0.00024944375 -0.000102837439 0.0
0.000237928194 -0.000136165268 0.0
0.000259573193 -0.000102691985 0.0
0.000227737328 -0.000135958384 0.0
0.000264409144 -0.0001130198 0.0
0.000263501192 -0.000117649171 0.0
0.000223466646 -0.000124389058 0.0
0.000224666612 -0.00011998335 0.0
0.000231408456 -0.000110682369 0.0
0.000256355037 -0.000128198852 0.0
0.000249870704 -0.000112916539 0.0
0.00023734929 -0.000125182924 0.0
0.000232606049 -5.16167966e-05 0.0
0.000244620751 -4.32592169e-05 0.0
0.000246035401 -4.39491669e-05 0.0
0.000231252619 -5.31140249e-05 0.0
0.000244282215 -4.65188095e-05 0.0
0.00023327228 -5.25270589e-05 0.0
0.000232461301 -5.04405834e-05 0.0
0.000243604154 -4.23469646e-05 0.0
0.00024781347 -4.14973983e-05 0.0
0.000229649639 -5.33971506e-05 0.0
0.000242058639 -4.67063146e-05 0.0
0.000235546962 -4.68500584e-05 0.0
0.000240679408 -4.90976272e-05 0.0
0.000229902129 -5.22189512e-05 0.0
0.000246691023 -4.05664578e-05 0.0
0.00024177866 -4.22897683e-05 0.0
0.000247460091 -4.42066448e-05 0.0
0.000230096775 -5.41584595e-05 0.0
0.000234829466 -5.20820977e-05 0.0
0.000228810983 -5.42695052e-05 0.0
0.000248743105 -4.1903415e-05 0.0
0.00024858152 -4.28435014e-05 0.0
0.000229079291 -5.31255464e-05 0.0
0.000228909892 -5.4513308e-05 0.0
0.00024813303 -4.03531194e-05 0.0
0.000235307903 -5.08941957e-05 0.0
0.000238398468 -4.42464479e-05 0.0
0.000237920947 -5.05477219e-05 0.0
0.00023190667 -4.90841776e-05 0.0
0.000243820468 -4.76808855e-05 0.0
0.000235610409 -4.91928186e-05 0.0
1.4427934e-06 -2.62035355e-05 0.0
-8.34303194e-07 -3.70802263e-05 0.0
-7.07049003e-06 -2.98575269e-05 0.0
7.83009182e-06 -2.31441682e-05 0.0
5.45503326e-06 -3.309362e-05 0.0
-1.25963079e-05 -3.4157023e-05 0.0
-4.16045305e-06 -3.50898481e-05 0.0
-1.60114246e-06 -2.47481294e-05 0.0
5.84013469e-06 -2.17979941e-05 0.0
-1.42702256e-05 -3.9049206e-05 0.0
1.11489335e-05 -2.32469956e-05 0.0
1.00424522e-05 -2.84148664e-05 0.0
-1.02101803e-05 -3.8595128e-05 0.0
-1.71952848e-07 -3.46228553e-05 0.0
-5.61177558e-06 -3.79871854e-05 0.0
-6.29314491e-06 -2.64540176e-05 0.0
2.73090609e-06 -2.23459792e-05 0.0
9.71727968e-06 -2.01401799e-05 0.0
3.3681074e-06 -3.60976628e-05 0.0
-1.46821494e-05 -3.70544694e-05 0.0
-9.83444534e-06 -2.90163807e-05 0.0
-1.24496655e-05 -3.18590864e-05 0.0
1.15531457e-05 -2.0041196e-05 0.0
1.21316834e-05 -2.08229103e-05 0.0
-2.24020778e-06 -2.99118838e-05 0.0
1.02234953e-05 -3.08181989e-05 0.0
1.18192584e-05 -2.52001773e-05 0.0
0.00063951523 -4.18485906e-05 0.0
0.000643899664 -4.18039745e-05 0.0
0.000638467784 -4.19887692e-05 0.0
0.000644789659 -4.20155957e-05 0.0
0.000637109915 -4.15519826e-05 0.0
0.000647806737 -4.13173402e-05 0.0
-5.90327327e-05 -5.393233e-05 0.0
-4.77968752e-05 -3.54352524e-05 0.0
-4.69146325e-05 -4.90725688e-05 0.0
-5.65989685e-05 -3.80013989e-05 0.0
-4.05934225e-05 -3.31722658e-05 0.0
-6.67900968e-05 -5.57062558e-05 0.0
-5.32769518e-05 -5.57932872e-05 0.0
-3.92221773e-05 -4.43784556e-05 0.0
-6.51666924e-05 -4.43974859e-05 0.0
-4.99545895e-05 -3.30538933e-05 0.0
-6.33527525e-05 -5.97798207e-05 0.0
-3.73711118e-05 -3.55519769e-05 0.0
-4.32797206e-05 -5.2257903e-05 0.0
-4.19292082e-05 -3.08769559e-05 0.0
-7.11526372e-05 -5.56964515e-05 0.0
-5.52143138e-05 -3.42924977e-05 0.0
-5.97480393e-05 -3.65598207e-05 0.0
-6.38045385e-05 -3.98111551e-05 0.0
-4.51989872e-05 -3.07132505e-05 0.0
-5.8584108e-05 -5.94570847e-05 0.0
-6.73706381e-05 -5.94644844e-05 0.0
-4.52631866e-05 -3.80250094e-05 0.0
-3.92594411e-05 -4.83737167e-05 0.0
-4.80014096e-05 -5.5684839e-05 0.0
-3.51437884e-05 -4.08559426e-05 0.0
-7.03392798e-05 -4.86425597e-05 0.0
-7.14990529e-05 -5.26004587e-05 0.0
-3.50685186e-05 -3.79351586e-05 0.0
-5.49036522e-05 -4.13878661e-05 0.0
-3.66199529e-05 -3.28531714e-05 0.0
0.000115125244 -2.23233346e-05 0.0
0.000103702754 -2.54104016e-05 0.0
0.000102170598 -2.63011862e-05 0.0
0.000114950737 -2.29555026e-05 0.0
0.00010407863 -2.62557405e-05 0.0
0.000115242081 -2.2235532e-05 0.0
0.00010521886 -2.48529795e-05 0.0
0.000117789183 -2.16740318e-05 0.0
9.99822587e-05 -2.64691735e-05 0.0
0.000112420377 -2.42044862e-05 0.0
0.000113022586 -2.31640661e-05 0.0
0.000117132666 -2.1587688e-05 0.0
0.000112446447 -2.30837632e-05 0.0
0.000109494416 -2.40133777e-05 0.0
0.000101916681 -2.57021475e-05 0.0
0.000105138075 -2.62331814e-05 0.0
0.000101468293 -2.67005362e-05 0.0
0.000118290627 -2.18725509e-05 0.0
0.000117461233 -2.23772313e-05 0.0
0.000115533294 -2.31944432e-05 0.0
9.92906062e-05 -2.68838412e-05 0.0
0.000106019892 -2.53829203e-05 0.0
0.000118120566 -2.1383823e-05 0.0
9.97359894e-05 -2.63689799e-05 0.0
0.000100025012 -2.68797085e-05 0.0
0.000107666005 -2.57568317e-05 0.0
0.000110161687 -2.51353213e-05 0.0
0.000115192277 -2.25143285e-05 0.0
0.000112419795 -2.33794635e-05 0.0
0.000107202897 -2.45327155e-05 0.0
0.000111836096 -2.36682117e-05 0.0
0.000211036138 -5.29275858e-05 0.0
0.000216446657 -5.12516744e-05 0.0
0.000211964216 -5.18105189e-05 0.0
0.000205237418 -5.41607515e-05 0.0
0.000220266767 -5.10034806e-05 0.0
0.000216151224 -5.13808009e-05 0.0
0.000207803532 -5.26489748e-05 0.0
0.000207843696 -5.46564261e-05 0.0
0.000216379485 -5.11960825e-05 0.0
0.000202979863 -5.43743845e-05 0.0
0.000219375084 -5.0319537e-05 0.0
0.000214568048 -5.2965861e-05 0.0
0.000222305593 -5.08393277e-05 0.0
0.000220482485 -5.08984631e-05 0.0
0.000218763002 -5.09336642e-05 0.0
0.000211231978 -5.43176429e-05 0.0
0.000204042051 -5.55181214e-05 0.0
0.000202008872 -5.5503624e-05 0.0
0.000201499672 -5.51435805e-05 0.0
0.000214258951 -5.15541069e-05 0.0
0.000212337807 -5.18204033e-05 0.0
0.000210236409 -5.21298025e-05 0.0
0.000221064154 -5.01122886e-05 0.0
0.000222078801 -5.04982563e-05 0.0
0.000205037126 -5.33205275e-05 0.0
0.000202905372 -5.41052541e-05 0.0
0.000214388579 -5.16265354e-05 0.0
0.000216696324 -5.11513135e-05 0.0
0.000424941682 -6.64531544e-05 0.0
0.000432108936 -6.90480301e-05 0.0
0.00043039897 -7.07550353e-05 0.0
0.000427227496 -6.63509636e-05 0.0
0.000422213954 -6.41327788e-05 0.0
0.00043669407 -7.16053473e-05 0.0
0.000425856037 -6.88110449e-05 0.0
0.000434516725 -7.33376146e-05 0.0
0.000423981255 -6.44340544e-05 0.0
0.000430459535 -6.82754617e-05 0.0
0.000420660741 -6.48215791e-05 0.0
0.000437923736 -7.30217434e-05 0.0
0.000430659537 -7.22746117e-05 0.0
0.000435863971 -7.10120003e-05 0.0
0.000421257806 -6.33782984e-05 0.0
0.000427280262 -6.67170534e-05 0.0
0.000425138685 -6.5590546e-05 0.0
0.000423713354 -6.4736887e-05 0.0
0.000433477398 -6.98407748e-05 0.0
0.000422152923 -6.66033811e-05 0.0
0.000419937831 -6.37102639e-05 0.0
0.000433454959 -7.01681493e-05 0.0
0.00043344163 -7.35327485e-05 0.0
0.000427665538 -7.07876316e-05 0.0
0.000422415585 -6.39614736e-05 0.0
0.00043709742 -7.48013845e-05 0.0
0.000438056653 -7.43899145e-05 0.0
0.000421900506 -6.35834949e-05 0.0
0.000428499217 -6.6989378e-05 0.0
0.000439220399 -7.30898173e-05 0.0
6.51216105e-05 -7.33395063e-05 0.0
6.70105292e-05 -8.72799283e-05 0.0
7.98682595e-05 -6.78832293e-05 0.0
7.60956173e-05 -8.41257352e-05 0.0
8.40627108e-05 -7.77785317e-05 0.0
5.69369004e-05 -7.80890623e-05 0.0
5.83999135e-05 -9.11855386e-05 0.0
7.28421364e-05 -6.60822698e-05 0.0
8.70183503e-05 -6.66893684e-05 0.0
6.86435233e-05 -9.00103987e-05 0.0
6.11701907e-05 -6.8917645e-05 0.0
8.38496926e-05 -6.21657236e-05 0.0
5.46554656e-05 -8.92982207e-05 0.0
5.99117811e-05 -9.32880139e-05 0.0
5.17644476e-05 -8.26105097e-05 0.0
8.89603107e-05 -7.38194212e-05 0.0
8.20627029e-05 -8.21224821e-05 0.0
7.41048061e-05 -8.80867301e-05 0.0
6.35768665e-05 -9.29949892e-05 0.0
7.83591895e-05 -8.54690225e-05 0.0
5.65354312e-05 -7.29821913e-05 0.0
6.68469656e-05 -6.54371906e-05 0.0
7.87487006e-05 -6.21375802e-05 0.0
8.75656842e-05 -6.30237118e-05 0.0
5.17571898e-05 -8.67479903e-05 0.0
9.06332862e-05 -7.02211473e-05 0.0
9.10509989e-05 -6.71469097e-05 0.0
7.76399102e-05 -7.90431368e-05 0.0
6.36840923e-05 -8.54205355e-05 0.0
5.36505831e-05 -9.22502149e-05 0.0
7.23618577e-05 -7.14542184e-05 0.0
0.000383777427 -4.5114517e-05 0.0
0.000375219184 -4.95270651e-05 0.0
0.000384986779 -5.5172095e-05 0.0
0.000373412477 -5.88418188e-05 0.0
0.000370911468 -5.20549693e-05 0.0
0.00037948403 -4.60880037e-05 0.0
0.000378973491 -5.96146892e-05 0.0
0.000367903616 -5.95303027e-05 0.0
0.000390180678 -4.24390237e-05 0.0
0.000392659422 -5.14020139e-05 0.0
0.000385883322 -4.17894698e-05 0.0
0.000388301618 -5.73810394e-05 0.0
0.00037546712 -4.88363657e-05 0.0
0.000371035887 -6.25684843e-05 0.0
0.000395823095 -4.60183292e-05 0.0
0.000394533854 -4.28455278e-05 0.0
0.000367273053 -5.53827704e-05 0.0
0.000365790649 -5.78709805e-05 0.0
0.000373182906 -5.03535121e-05 0.0
0.000377654796 -4.70845189e-05 0.0
0.000374771567 -6.23076776e-05 0.0
0.000368321198 -6.19480852e-05 0.0
0.000382665836 -4.34047579e-05 0.0
0.000389015389 -4.07521584e-05 0.0
0.000392352958 -5.47834316e-05 0.0
0.000383628096 -5.95392885e-05 0.0
0.000367861445 -5.38808818e-05 0.0
0.000398290693 -4.80219969e-05 0.0
0.000378661527 -4.92226172e-05 0.0
0.000378580851 -5.51547819e-05 0.0
0.000153264322 -8.36094696e-05 0.0
0.000388490094 -1.35305645e-05 0.0
0.000167495862 -9.806241e-05 0.0
0.000327307149 -3.42922613e-05 0.0
9.44782369e-05 -7.28384839e-05 0.0
0.000218590096 -6.58065983e-05 0.0
8.07883334e-05 -0.00010677016 0.0
0.000256036612 -3.05551694e-05 0.0
0.000460179872 -8.27012773e-05 0.0
0.000364020962 -3.0233954e-05 0.0
0.000322536915 -8.54019527e-05 0.0
-5.38152308e-05 -7.7561308e-05 0.0
0.000523999915 -2.76606461e-05 0.0
0.000162936994 -5.60303815e-05 0.0
0.000483716198 -4.93335574e-05 0.0
0.000463873701 1.81383871e-06 0.0
0.000222614122 -0.000100191442 0.0
0.000198776441 -5.35616164e-06 0.0
3.80167985e-05 -3.82449725e-05 0.0
-0.00018744712 -9.82228667e-05 0.0
0.000224091884 -4.96187095e-05 0.0
0.000152071705 -6.61050435e-05 0.0
8.5225176e-05 -8.53632664e-05 0.0
0.000444534089 -2.61452169e-05 0.0
0.000397099153 -9.27593937e-05 0.0
0.000328977185 -2.40539102e-05 0.0
0.000382332626 -1.07645883e-05 0.0
0.000231552811 -0.000118108786 0.0
-0.000120189128 -0.000126862171 0.0
0.000300846063 -3.94729832e-05 0.0
8.32992446e-05 -4.55211884e-05 0.0
3.00561278e-05 -4.14280876e-05 0.0
0.00014897951 -9.24214473e-05 0.0
0.000282386376 -4.30105101e-05 0.0
0.00026343725 -6.72097158e-05 0.0
0.000176395202 -4.4179993e-05 0.0
2.87995226e-05 -3.20375475e-05 0.0
0.000101947124 -0.000109404915 0.0
0.000257238076 -8.97978898e-05 0.0
5.59405016e-05 -6.93194161e-05 0.0
0.000293015502 -9.30888564e-05 0.0
0.000109608147 -7.69932958e-05 0.0
0.000144149701 -9.55780997e-05 0.0
0.000153825225 -2.98384766e-05 0.0
0.000141821321 -7.26790604e-05 0.0
0.00043061559 -4.86691861e-05 0.0
0.000181425276 -5.68363566e-06 0.0
0.000499511778 -5.02280345e-05 0.0
0.000220490168 -2.95889549e-05 0.0
-8.06901007e-05 -4.88845617e-05 0.0
2.5679019e-05 -0.00012313154 0.0
-9.07734211e-05 -8.06778844e-05 0.0
0.000427207269 5.83765677e-06 0.0
0.00029123624 -7.41928015e-05 0.0
0.000323138054 -2.89044383e-05 0.0
6.55439953e-06 -2.94963465e-05 0.0
0.000225040523 -5.19444475e-05 0.0
-1.22490783e-05 -7.65353761e-05 0.0
0.000501776929 -2.8602326e-06 0.0
0.000522296992 -4.06194013e-05 0.0
0.000301399676 -3.63321633e-05 0.0
0.000347334513 -3.10503019e-05 0.0
0.000125280523 -6.0592447e-05 0.0
0.000174580447 -5.63322901e-05 0.0
0.000458857394 -3.81869322e-05 0.0
0.000357064244 -2.01455387e-05 0.0
0.000182487172 -1.78188493e-05 0.0
0.000117544681 -2.832276e-05 0.0
0.000304202811 -0.00014281203 0.0
0.00044512123 -6.46981352e-05 0.0
0.000167147155 -1.53149267e-05 0.0
4.61891541e-05 -7.59796603e-05 0.0
0.000569332915 -2.3677112e-05 0.0
0.000488137215 -1.40705488e-05 0.0
-1.67516846e-05 -0.000107266649 0.0
0.000476683956 -5.52136498e-06 0.0
0.000314326375 -2.29838552e-05 0.0
0.000199457092 -0.000106766573 0.0
-9.76231095e-05 -0.000120991732 0.0
3.22290653e-05 -0.000101098332 0.0
0.000369083282 -9.13710173e-05 0.0
0.000198319496 -7.87355821e-05 0.0
-6.00508611e-05 -4.44396865e-05 0.0
0.000372524635 -6.03044464e-05 0.0
0.000233522282 -8.22525362e-06 0.0
0.000332831405 -8.1663602e-05 0.0
0.000196063556 -5.41331246e-05 0.0
-0.000196175024 -0.000108088447 0.0
0.000437944662 -9.97823736e-05 0.0
0.000372578244 -0.000102542668 0.0
0.000274792488 -2.69014236e-05 0.0
0.000274123566 -7.49558094e-05 0.0
5.98685947e-05 2.66910797e-06 0.0
0.00026998925 -7.72882195e-05 0.0
1.91041254e-05 -4.1090294e-05 0.0
0.000274468475 -8.27549666e-05 0.0
0.000146105987 -7.19931631e-05 0.0
0.000107478656 -9.11689494e-05 0.0
0.000370031368 -1.87533096e-05 0.0
0.000262853137 -0.000116198833 0.0
0.000137311348 -4.40191325e-05 0.0
0.000255972467 -4.3127824e-05 0.0
0.000453799119 -8.01576098e-05 0.0
0.000155533678 -5.44301984e-05 0.0
-0.00020583297 -8.71064694e-05 0.0
0.000439961092 -8.16544343e-05 0.0
0.000195790431 -5.7835714e-05 0.0
0.000368559471 -4.8159658e-05 0.0
0.000260337925 -0.000126398489 0.0
0.000608694798 -1.94499353e-05 0.0
0.000440236501 -8.08610002e-06 0.0
-5.06142169e-05 -9.40061436e-05 0.0
-9.38727098e-05 -0.000140232427 0.0
-0.000138274627 -0.000132711095 0.0
-0.000154199806 -0.000100028032 0.0
0.000114823575 -0.000177850947 0.0
6.85257473e-05 -3.49321126e-05 0.0
0.000203213393 -0.000103981976 0.0
0.000463231991 -8.34218663e-05 0.0
0.000384429295 -8.21103386e-05 0.0
-9.65072832e-05 -6.01397587e-05 0.0
6.25659777e-06 -3.71778624e-05 0.0
0.000164202385 -3.77087454e-05 0.0
0.000123668549 -7.87371027e-05 0.0
0.00056295906 -3.73902221e-05 0.0
0.000273107522 -8.23118899e-05 0.0
0.000299948122 -5.31552687e-05 0.0
0.000101101199 -0.000106762694 0.0
0.000144377787 -9.51373295e-05 0.0
0.000462786469 -8.31916041e-05 0.0
0.000224803895 -4.99843627e-05 0.0
0.000178599701 -9.08599322e-05 0.0
8.13956794e-05 -6.94243863e-05 0.0
0.000527257216 -4.15818504e-05 0.0
6.23623564e-05 -5.66585513e-05 0.0
0.000166922124 -6.6928973e-05 0.0
0.000271101133 -0.00010774345 0.0
6.26879228e-06 -2.87241819e-05 0.0
0.000433705805 -5.12632178e-05 0.0
5.970239e-05 -0.000122225552 0.0
0.000471750187 7.47125478e-06 0.0
0.000474532717 -3.5785084e-05 0.0
0.000338057784 -0.000104283245 0.0
5.86315327e-05 -3.07710397e-05 0.0
0.000404338323 -4.62276103e-06 0.0
0.000161475706 -5.25596033e-06 0.0
4.35651273e-05 -4.63905853e-05 0.0
0.000450929772 -4.96237772e-05 0.0
0.000508678437 -9.65057734e-06 0.0
0.000299924635 -4.06385225e-05 0.0
0.000586262788 -7.50618199e-07 0.0
0.000330578012 -4.15404611e-05 0.0
0.000394431379 -2.68232579e-05 0.0
0.00051994028 -4.31913286e-05 0.0
0.000215159729 -1.41834948e-06 0.0
0.00027729373 -7.18162919e-05 0.0
7.61550882e-06 -3.44841064e-05 0.0
-5.44601826e-05 -9.61593978e-05 0.0
0.000101812264 -2.24301966e-05 0.0
4.81618881e-05 -3.68686487e-05 0.0
-5.20766152e-05 -0.000146420294 0.0
3.57068129e-05 -7.39564348e-05 0.0
-1.13569001e-06 -9.89361433e-05 0.0
0.000121857098 -7.27868173e-05 0.0
0.000601769018 1.58767634e-05 0.0
0.000173529203 -5.69447111e-05 0.0
0.000325021218 -0.00014244327 0.0
-0.000102216938 -5.00940623e-05 0.0
0.000215641514 -0.000119478951 0.0
0.000352129427 -9.38985031e-05 0.0
0.000111066001 -3.30708826e-05 0.0
-5.46300907e-05 -4.38461102e-05 0.0
0.000360673788 -0.000100692014 0.0
-0.000207740406 -0.000110365494 0.0
1.65041238e-05 -8.68211719e-05 0.0
0.000293593272 -3.04730693e-05 0.0
0.000217357359 -8.95035118e-05 0.0
0.000526885269 2.39514065e-06 0.0
0.00011659092 -0.000102718128 0.0
0.000139693773 -3.27214402e-05 0.0
-0.000100305515 -8.25732423e-05 0.0
-0.000194245134 -0.000131733454 0.0
0.000222758477 -5.33692328e-05 0.0
1.31526849e-05 -2.02821866e-05 0.0
8.44745227e-06 -0.000127954379 0.0
7.58745737e-05 -6.25004122e-06 0.0
-0.000182088217 -0.000143458456 0.0
0.000400637538 -0.000108766319 0.0
0.00027172218 -0.000126212879 0.0
-9.54766583e-05 -0.000114667833 0.0
0.000405108964 2.48752826e-07 0.0
-9.4547886e-06 -0.000114972274 0.0
0.000450653024 -2.47449025e-05 0.0
-0.000141540033 -8.77795392e-05 0.0
0.000460906187 -6.59160651e-05 0.0
0.000237240776 -0.000124814775 0.0
0.000363742874 -9.33774354e-05 0.0
0.000334494136 -6.63399478e-05 0.0
-0.000215846856 -9.34081108e-05 0.0
-5.03667034e-05 -4.63410361e-05 0.0
8.18011176e-05 -7.60296025e-05 0.0
0.000327456772 -2.9998002e-05 0.0
0.000522678834 -9.25366021e-06 0.0
0.000234541454 -4.73279033e-05 0.0
0.000353908399 -2.35743337e-05 0.0
0.000139085372 -9.77826567e-05 0.0
-0.000134591668 -0.000106409032 0.0
0.000200878028 -5.20131762e-05 0.0
-3.45783519e-06 -0.000110052082 0.0
0.000288163748 -3.28961396e-05 0.0
0.000121090707 -0.000162600671 0.0
0.000379894511 -1.36003155e-05 0.0
0.000123004545 -8.36326508e-05 0.0
0.000311875367 -2.84488342e-05 0.0
-0.000160162861 -0.000125255508 0.0
0.000390570291 -7.01320751e-05 0.0
0.000176800939 -9.72549751e-05 0.0
0.000277466606 -3.41840714e-05 0.0
0.000323202985 -3.84680752e-05 0.0
0.000358392193 -1.8365532e-05 0.0
0.000228036748 -1.91998679e-05 0.0
-4.32256202e-05 -4.4702243e-05 0.0
2.39073634e-05 -7.60483745e-05 0.0
-0.000177933514 -8.56797051e-05 0.0
0.000317357626 -0.000143080979 0.0
0.000298149767 -2.45403644e-05 0.0
0.000397048367 -3.81151513e-05 0.0
-1.74163633e-05 -2.02944302e-05 0.0
-9.8341734e-06 -3.52804454e-05 0.0
0.000411960587 -0.000112262431 0.0
-8.22186485e-05 -0.000133206166 0.0
0.000280065578 -0.000122463243 0.0
0.000298842089 -8.99379884e-05 0.0
0.000598957005 -3.43665051e-05 0.0
0.000300642598 -5.35975014e-05 0.0
3.32403306e-06 -0.000107799737 0.0
0.000305491994 -3.84938976e-05 0.0
0.000138464995 -0.000111392284 0.0
9.55276337e-05 -6.80174198e-05 0.0
2.79062333e-05 -3.43917854e-05 0.0
0.000113683367 -8.19074776e-05 0.0
0.000224845804 -5.14576968e-05 0.0
0.000495454296 -2.54407787e-05 0.0
-0.000197480273 -0.00012372226 0.0
0.000190061066 -1.54916906e-05 0.0
0.000214654443 -5.4010332e-05 0.0
-4.9806149e-05 -0.000105186256 0.0
0.000439107273 1.72320114e-07 0.0
0.000194922322 -0.000104095976 0.0
0.000110490881 -1.98851285e-05 0.0
0.000307340582 -9.51416514e-05 0.0
0.000265664887 -4.62967073e-05 0.0
0.000416534516 -1.58076673e-05 0.0
0.000449349725 -1.40735901e-05 0.0
-2.62337253e-05 -0.000103187682 0.0
0.000128793894 -6.28283742e-05 0.0
0.000193192449 -0.000103437473 0.0
0.000321177708 -0.000102672777 0.0
8.45534523e-05 -7.85798693e-06 0.0
4.01769557e-06 -7.88430261e-05 0.0
0.000225659751 -0.000114345872 0.0
5.30437501e-05 -1.7758879e-05 0.0
0.000445224927 1.19765828e-05 0.0
0.000445477868 -0.000101210826 0.0
0.000389736873 -8.69199794e-05 0.0
0.000390341302 -5.11567196e-05 0.0
0.000100242141 -0.000103838327 0.0
0.000190836305 -1.21065368e-05 0.0
1.72195523e-05 -3.68289329e-05 0.0
0.000181154945 -5.60093686e-05 0.0
-0.00011660326 -0.000137404801 0.0
0.000128480853 -0.000137630661 0.0
0.000557231659 -4.23225792e-05 0.0
0.000166825892 -7.56874651e-05 0.0
-7.07354993e-05 -4.58777795e-05 0.0
0.000207867779 -0.000126455343 0.0
-4.30944892e-05 -0.000119721037 0.0
0.000234663763 -5.50582336e-05 0.0
7.17126532e-05 -9.87624662e-05 0.0
0.000272867183 -6.17187761e-05 0.0
0.000212902145 -3.59561818e-05 0.0
5.19246169e-05 -2.5718271e-05 0.0
-8.35306855e-05 -0.000135786817 0.0
0.000601446372 -4.20101678e-05 0.0
0.000295029138 -9.81834237e-05 0.0
8.01207789e-05 -7.10485547e-05 0.0
-0.000217974928 -8.73147292e-05 0.0
0.00015124926 -4.64156401e-05 0.0
0.000225537195 -4.90080492e-05 0.0
0.000173489301 -4.05872343e-05 0.0
0.000460541458 -8.05655145e-05 0.0
0.000459288887 -8.49980861e-05 0.0
0.000168052647 -1.42719073e-05 0.0
0.000602023676 1.87578626e-05 0.0
-2.8738621e-05 -2.00721624e-05 0.0
0.000231390426 -6.07234433e-05 0.0
4.73823056e-05 -7.12469546e-06 0.0
0.000416163442 -6.83539693e-05 0.0
0.000298794912 -9.17141733e-05 0.0
6.62213642e-05 -0.000122115758 0.0
0.000477165595 -5.67854186e-05 0.0
0.000604008441 -1.97487225e-05 0.0
0.000152365959 -0.000163455275 0.0
0.000532509119 -4.09612439e-05 0.0
-1.65269303e-05 -0.000109006774 0.0
0.000407903077 -6.36019904e-05 0.0
0.000159379182 -1.23916325e-05 0.0
0.000199188522 -5.35277031e-05 0.0
0.00026890717 -3.88462213e-05 0.0
0.000278430671 -0.000124442595 0.0
0.00032218924 -8.38630294e-05 0.0
0.000350120245 -0.000128523388 0.0
0.000175448775 -5.31586738e-05 0.0
0.00025308624 -7.33500274e-05 0.0
0.00024911837 -8.49582375e-06 0.0
0.000131508452 -3.1131156e-05 0.0
0.000303387118 -5.49757278e-05 0.0
4.44065772e-05 -0.000112472233 0.0
0.000192071529 -7.37237906e-06 0.0
0.000190462772 -4.80667222e-05 0.0
-5.25232063e-05 -6.27893678e-05 0.0
0.000495342887 -3.19631908e-05 0.0
0.000146003338 -2.41184753e-05 0.0
0.000504667812 -5.38051172e-05 0.0
0.0001342904 -7.28296e-05 0.0
-0.000109603425 -8.6703847e-05 0.0
0.0002286495 -7.67386227e-05 0.0
0.000538435124 -4.20965807e-05 0.0
-1.98846865e-05 -3.73423463e-05 0.0
7.57707676e-05 -0.000163918608 0.0
2.40947757e-05 -8.04347947e-05 0.0
0.00011530496 -7.36953298e-05 0.0
0.000135560622 -0.000100163634 0.0
0.000576482562 5.11734788e-06 0.0
-0.000118252785 -5.76475213e-05 0.0
4.52629729e-06 -4.25265207e-05 0.0
5.43247006e-05 -5.52624215e-06 0.0
-0.000106314001 -9.78313328e-05 0.0
-7.2071316e-07 -3.03741999e-05 0.0
0.000173120832 -9.68203094e-05 0.0
4.2348006e-07 -3.68322435e-05 0.0
3.13504024e-05 -0.000131057473 0.0
0.000569283264 -3.35483196e-06 0.0
5.75507729e-05 -6.87347565e-05 0.0
0.000181808937 -0.000144237973 0.0
0.00037571619 -7.99292247e-05 0.0
-0.000143831203 -8.82122331e-05 0.0
8.44315437e-05 -0.000111880545 0.0
0.000180410498 -3.76411299e-05 0.0
0.000110975328 -9.83285281e-05 0.0
3.0693318e-05 -3.13404234e-05 0.0
0.000237241999 -4.34837566e-05 0.0
0.000382669619 -1.19888809e-05 0.0
0.000579552143 7.54557323e-06 0.0
0.000407248619 -5.74656406e-05 0.0
-9.71131794e-06 -0.000117507159 0.0
3.92839174e-05 -2.44589774e-05 0.0
0.000218632194 -0.000118384967 0.0
0.000141183074 -9.01639214e-05 0.0
0.000311602023 -9.34456621e-05 0.0
0.000207801742 -1.1602416e-06 0.0
0.000418076001 -7.09542437e-05 0.0
0.000227396129 -0.000113363742 0.0
0.000452340464 -9.08218644e-05 0.0
4.52638888e-05 -6.12655422e-05 0.0
0.000323243963 -6.47164925e-05 0.0
5.703227e-05 -7.14603914e-07 0.0
0.000449965009 6.55495569e-06 0.0
0.000263820344 -1.71733245e-05 0.0
0.000421106874 -3.72649665e-05 0.0
0.000185185272 -8.40071225e-05 0.0
0.000155454996 -8.39843051e-06 0.0
0.000163677993 -2.06463919e-05 0.0
0.000484926713 -4.183688e-05 0.0
2.21331362e-07 -9.44030762e-05 0.0
0.00024222958 -3.35950645e-05 0.0
0.000349059788 -4.58632458e-05 0.0
2.36877022e-05 -9.45073407e-05 0.0
0.000256571715 -7.08051302e-05 0.0
0.000114731592 -5.10859863e-05 0.0
0.000307512819 -4.18990276e-05 0.0
-0.000120506767 -6.70460213e-05 0.0
0.000149389511 -9.81513003e-05 0.0
6.17098558e-05 -3.92722504e-05 0.0
0.000188359656 -1.77367485e-06 0.0
-8.50130164e-06 -2.91033502e-05 0.0
0.00029888624 -0.000140069867 0.0
0.000311240437 -0.000126942643 0.0
-4.09878703e-05 -4.11325345e-05 0.0
0.000458162103 -1.56679926e-05 0.0
0.000155396716 -1.02014828e-05 0.0
0.000459942996 -8.37681873e-05 0.0
0.00032398937 -9.23366679e-05 0.0
5.81543463e-05 -3.9948638e-05 0.0
6.43915191e-05 -7.16026552e-05 0.0
-6.212484e-05 -9.99432159e-05 0.0
0.000472317974 -6.17830956e-05 0.0
3.06017573e-05 -3.00529464e-05 0.0
0.000511766702 -4.31500121e-05 0.0
0.000254711311 -1.98751677e-05 0.0
0.000141130149 -6.97333744e-05 0.0
0.000421025266 -0.000108276887 0.0
0.00027817412 -4.0219762e-05 0.0
0.000428024156 -3.64455991e-05 0.0
0.000533890096 -3.65707565e-05 0.0
8.9055502e-05 -7.16414725e-05 0.0
5.71136979e-06 -3.58126272e-05 0.0
0.000496964552 -2.20009426e-07 0.0
0.000295216945 -0.000117177602 0.0
9.96782182e-05 -7.34766218e-05 0.0
0.000543498027 -1.56137194e-05 0.0
0.000159004921 -3.7974085e-05 0.0
0.000331939314 -2.59962562e-05 0.0
0.000144844511 -5.4763841e-05 0.0
0.000571415061 -6.25760208e-07 0.0
0.000335426361 -2.12521536e-05 0.0
-6.69214351e-05 -9.9935387e-05 0.0
0.000288579613 -0.000116405434 0.0
0.000300631888 -0.000107793181 0.0
0.000255841442 -6.84358965e-05 0.0
0.000108246233 -6.98830627e-05 0.0
-1.02831982e-05 -1.59061037e-05 0.0
0.000199792063 -6.05426758e-05 0.0
0.000281370914 -3.03951529e-05 0.0
0.000167532198 -2.80956865e-05 0.0
-0.000104326951 -5.63925605e-05 0.0
6.18218037e-05 -4.42507699e-05 0.0
0.000230749312 -0.000109033055 0.0
0.000191434767 -0.000107230757 0.0
-0.00022750099 -9.78776079e-05 0.0
6.52137169e-05 -3.1684569e-05 0.0
0.000179061884 -5.76119819e-05 0.0
0.000362057879 -2.69253051e-05 0.0
0.00028985567 -2.72729994e-05 0.0
-0.000132824556 -0.00010053203 0.0
0.000470414059 -7.92022547e-05 0.0
0.000312246673 -7.69465114e-05 0.0
0.000139489028 -7.50257968e-05 0.0
0.000517357606 -2.22396829e-05 0.0
-7.52623309e-05 -7.72565982e-05 0.0
7.55995234e-06 -0.000100845384 0.0
9.95917362e-05 -1.59142037e-05 0.0
0.000426964805 9.16120462e-06 0.0
0.000525969546 -1.25357119e-05 0.0
0.000347798079 -7.82649149e-05 0.0
-7.35831054e-05 -5.55613806e-05 0.0
0.000329586415 -8.65877009e-05 0.0
-0.000160553129 -8.77288476e-05 0.0
0.000196273919 -6.20235733e-05 0.0
0.000195956702 -6.95114577e-05 0.0
0.000399800163 -5.83244764e-05 0.0
9.16827121e-05 -3.07698756e-05 0.0
0.000431698281 -2.19503872e-05 0.0
0.000302180677 -9.08292714e-05 0.0
1.35792125e-05 -0.000104094252 0.0
0.00034658963 -2.27410146e-05 0.0
0.000287622417 -4.16233743e-05 0.0
-7.5445656e-05 -4.27743871e-05 0.0
0.000624901091 1.16064903e-05 0.0
-7.9034071e-05 -6.11136275e-05 0.0
0.000393391179 -7.116497e-05 0.0
-8.01934948e-05 -0.000119091383 0.0
-0.000189532948 -0.000141688113 0.0
0.000465534889 -4.45876904e-05 0.0
0.000361290586 -5.35149447e-05 0.0
0.000404735591 -2.15422961e-06 0.0
-0.000158668438 -0.000111008725 0.0
0.000156000693 -4.66063248e-05 0.0
-2.91373108e-05 -8.15253225e-05 0.0
-0.000229252939 -9.11227762e-05 0.0
-0.00012478717 -7.31775363e-05 0.0
0.000590791111 1.30524841e-05 0.0
0.000382459461 -0.000100335499 0.0
-2.78987645e-05 -3.79928679e-05 0.0
0.0003110627 -3.07230839e-05 0.0
0.000115728355 -2.82303572e-05 0.0
0.000398545089 -0.000107712884 0.0
0.000197136367 -6.10931456e-05 0.0
0.000261954177 -4.69269326e-05 0.0
0.000487005571 -7.11613552e-07 0.0
0.000588492083 -7.0840556e-06 0.0
-7.67542588e-05 -5.29572681e-05 0.0
0.000487544195 -3.89151319e-05 0.0
0.000221464375 -0.000119638185 0.0
0.000470510771 -4.67968403e-06 0.0
0.000337796693 -9.21310493e-05 0.0
0.000307355513 -3.54304575e-05 0.0
-5.39077482e-05 -4.89422855e-05 0.0
0.000382248225 -8.92548851e-05 0.0
0.00053684687 -1.86253765e-05 0.0
-3.01583696e-05 -0.00010949705 0.0
0.000294070604 -0.000106813219 0.0
0.000138107629 -5.29121717e-05 0.0
-0.000197836285 -0.000133674796 0.0
0.000203358111 -5.00018868e-05 0.0
0.000140829463 -2.08511519e-05 0.0
5.62389141e-05 -0.000118518859 0.0
1.39658523e-05 -8.12629878e-05 0.0
0.000413723465 -7.71701161e-06 0.0
-3.01304844e-05 -5.55127699e-05 0.0
0.000202209805 -3.36675839e-05 0.0
0.000496200519 3.80967458e-06 0.0
0.000246057607 -0.00011349182 0.0
0.000425186998 -9.10248564e-05 0.0
0.000350949995 -9.43445266e-05 0.0
0.00045223991 -5.75222366e-05 0.0
-0.000169637307 -0.000127074658 0.0
-0.000126879255 -7.14245471e-05 0.0
0.00027889185 -0.000129250417 0.0
0.000459487259 -9.65462677e-05 0.0
0.000418441894 -5.96685531e-05 0.0
-3.94473282e-05 -9.38118974e-05 0.0
0.000333433127 -0.000137686962 0.0
0.00042419121 -0.000118806325 0.0
0.000171363397 -4.688642e-05 0.0
-8.61780572e-05 -0.000129058477 0.0
0.000340591359 -2.33159826e-05 0.0
0.000350388 -9.28876907e-05 0.0
3.28980568e-05 -3.17266968e-05 0.0
1.56783553e-05 -3.20972722e-05 0.0
0.000385903491 -0.000110505032 0.0
4.26142906e-05 -9.0813337e-05 0.0
0.00049820228 -1.57835602e-05 0.0
0.000197800822 -8.95111953e-06 0.0
-7.92128267e-05 -0.000109446461 0.0
0.000505062519 -4.73383261e-05 0.0
-7.80805931e-05 -4.37614181e-05 0.0
1.83647571e-05 -7.85194061e-05 0.0
0.000560765737 -9.59125555e-06 0.0
-6.6716857e-05 -0.000125879174 0.0
-8.3723171e-05 -0.000126808125 0.0
0.000124004073 -8.5391388e-05 0.0
0.000303563138 -5.92274009e-05 0.0
0.000364909589 -9.95482478e-05 0.0
0.000365071028 -1.98592788e-05 0.0
7.4033178e-06 -1.02842914e-05 0.0
0.000242167182 -9.59927784e-05 0.0
0.00035821239 -9.58242599e-05 0.0
0.000552990474 -3.44848559e-06 0.0
-6.92884214e-06 -0.000112280009 0.0
-7.33818742e-05 -4.81026618e-05 0.0
0.000376095064 -1.36481431e-05 0.0
0.000126730301 -3.20491454e-05 0.0
0.000393537222 -5.39123794e-05 0.0
0.000338782149 -3.20108193e-05 0.0
0.000214423693 -0.000114926035 0.0
0.000158140101 -5.30785546e-05 0.0
-8.75340702e-05 -0.000120101118 0.0
0.00017638276 -5.98841361e-05 0.0
-1.87959104e-05 -0.000109457331 0.0
0.000116365176 -6.90191373e-05 0.0
0.000232632781 -2.98159307e-06 0.0
0.000150372216 -4.22678495e-05 0.0
-0.000105886735 -0.000143386031 0.0
0.000341602485 -2.6661668e-05 0.0
9.74217073e-06 -7.28861196e-05 0.0
4.94124106e-05 -8.14366358e-05 0.0
0.00015079783 -5.72886056e-05 0.0
4.08918277e-05 -2.74160157e-05 0.0
0.000170344414 -1.8487568e-05 0.0
